60.0000 0.0000 0.0000
120.1000 0.0001 0.0000
180.2000 0.0002 0.0000
240.3000 0.0003 0.0000
300.3000 0.0003 0.0000
360.3000 0.0004 0.0000
420.3000 0.0005 0.0000
480.3000 0.0007 0.0000
540.3000 0.0008 0.0000
600.3000 0.0011 0.0000
660.3000 0.0012 0.0000
720.3000 0.0014 0.0000
780.3000 0.0018 0.0000
840.3000 0.0021 0.0000
900.3000 0.0024 0.0000
960.3000 0.0028 0.0000
1020.3000 0.0031 0.0000
1080.4000 0.0034 0.0000
1140.5000 0.0037 0.0000
1200.6000 0.0040 0.0000
1260.7000 0.0046 0.0000
1320.8000 0.0051 0.0000
1380.9000 0.0056 0.0000
1441.0000 0.0061 0.0000
1501.1000 0.0065 0.0000
1561.2000 0.0070 0.0000
1621.3000 0.0074 0.0000
1681.4000 0.0081 0.0000
1741.5000 0.0088 0.0000
1801.6000 0.0096 0.0000
1861.7000 0.0104 0.0000
1921.8000 0.0113 0.0000
1981.9000 0.0117 0.0000
2042.0000 0.0124 0.0000
2102.1000 0.0129 0.0000
2162.2000 0.0135 0.0000
2222.3000 0.0141 0.0000
2282.4000 0.0148 0.0000
2342.5000 0.0154 0.0000
2402.6000 0.0158 0.0000
2462.7000 0.0164 0.0000
2522.8000 0.0169 0.0000
2582.9000 0.0173 0.0000
2643.0000 0.0177 0.0000
2703.1000 0.0181 0.0000
2763.2000 0.0184 0.0000
2823.3000 0.0188 0.0000
2883.4000 0.0191 0.0000
2943.5000 0.0194 0.0000
3003.6000 0.0197 0.0000
3063.7000 0.0200 0.0000
3123.8000 0.0204 0.0000
3183.9000 0.0205 0.0000
3244.0000 0.0209 0.0000
3304.1000 0.0214 0.0000
3364.2000 0.0217 0.0000
3424.3000 0.0221 0.0000
3484.4000 0.0222 0.0000
3544.5000 0.0226 0.0000
3604.6000 0.0228 0.0000
3664.7000 0.0232 0.0000
3724.8000 0.0235 0.0000
3784.9000 0.0240 0.0000
3845.0000 0.0245 0.0000
3905.1000 0.0248 0.0000
3965.2000 0.0253 0.0000
4025.3000 0.0256 0.0000
4085.4000 0.0260 0.0000
4145.4000 0.0263 0.0000
4205.4000 0.0266 0.0000
4265.4000 0.0268 0.0000
4325.4000 0.0270 0.0000
4385.4000 0.0272 0.0000
4445.4000 0.0274 0.0000
4505.4000 0.0275 0.0000
4565.4000 0.0278 0.0000
4625.4000 0.0280 0.0000
4685.4000 0.0282 0.0000
4745.4000 0.0283 0.0000
4805.4000 0.0284 0.0000
4865.4000 0.0285 0.0000
4925.4000 0.0285 0.0000
4985.4000 0.0286 0.0000
5045.4000 0.0286 0.0000
5105.4000 0.0287 0.0000
5165.4000 0.0287 0.0000
5225.4000 0.0287 0.0000
5285.4000 0.0288 0.0000
5345.4000 0.0288 0.0000
5405.4000 0.0289 0.0000
5465.4000 0.0289 0.0000
5525.4000 0.0289 0.0000
5585.4000 0.0290 0.0000
5645.4000 0.0290 0.0000
5705.4000 0.0290 0.0000
5765.4000 0.0291 0.0000
5825.4000 0.0291 0.0000
5885.4000 0.0292 0.0000
5945.4000 0.0292 0.0000
6005.4000 0.0292 0.0000
6065.4000 0.0293 0.0000
6125.4000 0.0293 0.0000
6185.4000 0.0294 0.0000
6245.4000 0.0294 0.0000
6305.4000 0.0294 0.0000
6365.4000 0.0295 0.0000
6425.4000 0.0295 0.0000
6485.4000 0.0295 0.0000
6545.4000 0.0296 0.0000
6605.4000 0.0296 0.0000
6665.4000 0.0296 0.0000
6725.4000 0.0297 0.0000
6785.4000 0.0297 0.0000
6845.4000 0.0298 0.0000
6905.4000 0.0298 0.0000
6965.4000 0.0298 0.0000
7025.4000 0.0299 0.0000
7085.4000 0.0299 0.0000
7145.4000 0.0300 0.0000
7205.4000 0.0300 0.0000
7265.4000 0.0300 0.0000
7325.4000 0.0301 0.0000
7385.4000 0.0301 0.0000
7445.4000 0.0301 0.0000
7505.4000 0.0302 0.0000
7565.4000 0.0302 0.0000
7625.4000 0.0303 0.0000
7685.4000 0.0303 0.0000
7745.4000 0.0303 0.0000
7805.4000 0.0304 0.0000
7865.4000 0.0304 0.0000
7925.4000 0.0305 0.0000
7985.4000 0.0305 0.0000
8045.4000 0.0305 0.0000
8105.4000 0.0306 0.0000
8165.4000 0.0306 0.0000
8225.4000 0.0306 0.0000
8285.4000 0.0307 0.0000
8345.4000 0.0307 0.0000
8405.4000 0.0308 0.0000
8465.4000 0.0308 0.0000
8525.4000 0.0308 0.0000
8585.4000 0.0309 0.0000
8645.4000 0.0309 0.0000
8705.4000 0.0310 0.0000
8765.4000 0.0310 0.0000
8825.4000 0.0310 0.0000
8885.4000 0.0311 0.0000
8945.4000 0.0311 0.0000
9005.4000 0.0312 0.0000
9065.4000 0.0312 0.0000
9125.4000 0.0312 0.0000
9185.4000 0.0313 0.0000
9245.4000 0.0313 0.0000
9305.4000 0.0314 0.0000
9365.4000 0.0314 0.0000
9425.4000 0.0314 0.0000
9485.4000 0.0315 0.0000
9545.4000 0.0315 0.0000
9605.4000 0.0316 0.0000
9665.4000 0.0316 0.0000
9725.4000 0.0316 0.0000
9785.4000 0.0317 0.0000
9845.4000 0.0317 0.0000
9905.4000 0.0317 0.0000
9965.4000 0.0318 0.0000
10025.4000 0.0318 0.0000
10085.4000 0.0318 0.0000
10145.4000 0.0319 0.0000
10205.4000 0.0319 0.0000
10265.4000 0.0319 0.0000
10325.4000 0.0320 0.0000
10385.4000 0.0320 0.0000
10445.4000 0.0321 0.0000
10505.4000 0.0321 0.0000
10565.4000 0.0321 0.0000
10625.4000 0.0322 0.0000
10685.4000 0.0322 0.0000
10745.4000 0.0322 0.0000
10805.4000 0.0323 0.0000
10865.4000 0.0323 0.0000
10925.4000 0.0324 0.0000
10985.4000 0.0324 0.0000
11045.4000 0.0324 0.0000
11105.4000 0.0325 0.0000
11165.4000 0.0325 0.0000
11225.4000 0.0326 0.0000
11285.4000 0.0326 0.0000
11345.4000 0.0326 0.0000
11405.4000 0.0327 0.0000
11465.4000 0.0327 0.0000
11525.4000 0.0327 0.0000
11585.4000 0.0328 0.0000
11645.4000 0.0328 0.0000
11705.4000 0.0329 0.0000
11765.4000 0.0329 0.0000
11825.4000 0.0329 0.0000
11885.4000 0.0330 0.0000
11945.4000 0.0330 0.0000
12005.4000 0.0331 0.0000
12065.4000 0.0331 0.0000
12125.4000 0.0331 0.0000
12185.4000 0.0332 0.0000
12245.4000 0.0332 0.0000
12305.4000 0.0332 0.0000
12365.4000 0.0333 0.0000
12425.4000 0.0333 0.0000
12485.4000 0.0334 0.0000
12545.4000 0.0334 0.0000
12605.4000 0.0334 0.0000
12665.4000 0.0335 0.0000
12725.4000 0.0335 0.0000
12785.4000 0.0336 0.0000
12845.4000 0.0336 0.0000
12905.4000 0.0336 0.0000
12965.4000 0.0337 0.0000
13025.4000 0.0337 0.0000
13085.4000 0.0338 0.0000
13145.4000 0.0338 0.0000
13205.4000 0.0338 0.0000
13265.4000 0.0339 0.0000
13325.4000 0.0339 0.0000
13385.4000 0.0339 0.0000
13445.4000 0.0340 0.0000
13505.4000 0.0340 0.0000
13565.4000 0.0341 0.0000
13625.4000 0.0341 0.0000
13685.4000 0.0341 0.0000
13745.4000 0.0342 0.0000
13805.4000 0.0342 0.0000
13865.4000 0.0343 0.0000
13925.4000 0.0343 0.0000
13985.4000 0.0343 0.0000
14045.4000 0.0344 0.0000
14105.4000 0.0344 0.0000
14165.4000 0.0344 0.0000
14225.4000 0.0345 0.0000
14285.4000 0.0345 0.0000
14345.4000 0.0346 0.0000
14405.4000 0.0346 0.0000
14465.4000 0.0346 0.0000
14525.4000 0.0347 0.0000
14585.4000 0.0347 0.0000
14645.4000 0.0347 0.0000
14705.4000 0.0348 0.0000
14765.4000 0.0348 0.0000
14825.4000 0.0349 0.0000
14885.4000 0.0349 0.0000
14945.4000 0.0349 0.0000
15005.4000 0.0350 0.0000
15065.4000 0.0350 0.0000
15125.4000 0.0351 0.0000
15185.4000 0.0351 0.0000
15245.4000 0.0351 0.0000
15305.4000 0.0352 0.0000
15365.4000 0.0352 0.0000
15425.4000 0.0352 0.0000
15485.4000 0.0353 0.0000
15545.4000 0.0353 0.0000
15605.4000 0.0354 0.0000
15665.4000 0.0354 0.0000
15725.4000 0.0354 0.0000
15785.4000 0.0355 0.0000
15845.4000 0.0355 0.0000
15905.4000 0.0356 0.0000
15965.4000 0.0356 0.0000
16025.4000 0.0356 0.0000
16085.4000 0.0357 0.0000
16145.4000 0.0357 0.0000
16205.4000 0.0357 0.0000
16265.4000 0.0358 0.0000
16325.4000 0.0358 0.0000
16385.4000 0.0359 0.0000
16445.5000 0.0359 0.0000
16505.6000 0.0359 0.0000
16565.7000 0.0360 0.0000
16625.8000 0.0360 0.0000
16685.9000 0.0361 0.0000
16746.0000 0.0361 0.0000
16806.1000 0.0362 0.0000
16866.2000 0.0363 0.0000
16926.3000 0.0364 0.0000
16986.4000 0.0366 0.0000
17046.5000 0.0367 0.0000
17106.6000 0.0368 0.0000
17166.7000 0.0370 0.0000
17226.8000 0.0373 0.0000
17286.9000 0.0375 0.0000
17347.0000 0.0376 0.0000
17407.1000 0.0379 0.0000
17467.2000 0.0381 0.0000
17527.3000 0.0384 0.0000
17587.4000 0.0388 0.0000
17647.5000 0.0394 0.0000
17707.6000 0.0398 0.0000
17767.7000 0.0403 0.0000
17827.8000 0.0410 0.0000
17887.9000 0.0417 0.0000
17948.0000 0.0425 0.0000
18008.1000 0.0433 0.0000
18068.2000 0.0443 0.0000
18128.3000 0.0449 0.0000
18188.4000 0.0457 0.0000
18248.5000 0.0464 0.0000
18308.6000 0.0471 0.0000
18368.7000 0.0477 0.0000
18428.8000 0.0484 0.0000
18488.9000 0.0490 0.0000
18549.0000 0.0497 0.0000
18609.1000 0.0504 0.0000
18669.2000 0.0511 0.0000
18729.3000 0.0516 0.0000
18789.4000 0.0526 0.0000
18849.5000 0.0536 0.0000
18909.6000 0.0544 0.0000
18969.7000 0.0551 0.0000
19029.8000 0.0562 0.0000
19089.9000 0.0571 0.0000
19150.0000 0.0581 0.0000
19210.1000 0.0592 0.0000
19270.2000 0.0601 0.0000
19330.3000 0.0611 0.0000
19390.4000 0.0620 0.0000
19450.5000 0.0631 0.0000
19510.6000 0.0642 0.0001
19570.7000 0.0652 0.0001
19630.8000 0.0663 0.0001
19690.9000 0.0674 0.0001
19751.0000 0.0685 0.0001
19811.1000 0.0695 0.0001
19871.2000 0.0706 0.0001
19931.3000 0.0716 0.0001
19991.4000 0.0725 0.0001
20051.5000 0.0737 0.0001
20111.6000 0.0748 0.0001
20171.7000 0.0757 0.0001
20231.8000 0.0768 0.0001
20291.9000 0.0781 0.0001
20352.0000 0.0794 0.0001
20412.1000 0.0806 0.0001
20472.2000 0.0818 0.0001
20532.3000 0.0831 0.0001
20592.4000 0.0844 0.0001
20652.5000 0.0857 0.0001
20712.6000 0.0870 0.0001
20772.7000 0.0882 0.0001
20832.8000 0.0896 0.0001
20892.9000 0.0907 0.0001
20953.0000 0.0921 0.0001
21013.1000 0.0934 0.0001
21073.2000 0.0944 0.0001
21133.3000 0.0954 0.0001
21193.4000 0.0967 0.0001
21253.5000 0.0980 0.0001
21313.6000 0.0993 0.0001
21373.7000 0.1005 0.0001
21433.8000 0.1017 0.0001
21493.9000 0.1030 0.0001
21554.0000 0.1046 0.0001
21614.1000 0.1059 0.0002
21674.2000 0.1072 0.0002
21734.3000 0.1088 0.0002
21794.4000 0.1101 0.0002
21854.5000 0.1117 0.0002
21914.6000 0.1133 0.0002
21974.7000 0.1148 0.0002
22034.8000 0.1164 0.0002
22094.9000 0.1181 0.0002
22155.0000 0.1196 0.0002
22215.1000 0.1211 0.0002
22275.2000 0.1227 0.0002
22335.3000 0.1245 0.0002
22395.4000 0.1263 0.0002
22455.5000 0.1281 0.0002
22515.6000 0.1300 0.0002
22575.7000 0.1319 0.0002
22635.8000 0.1338 0.0002
22695.9000 0.1356 0.0002
22756.0000 0.1375 0.0002
22816.1000 0.1395 0.0003
22876.2000 0.1413 0.0003
22936.3000 0.1431 0.0003
22996.4000 0.1449 0.0003
23056.5000 0.1467 0.0003
23116.6000 0.1484 0.0003
23176.7000 0.1504 0.0003
23236.8000 0.1524 0.0003
23296.9000 0.1545 0.0003
23357.0000 0.1568 0.0003
23417.1000 0.1592 0.0003
23477.2000 0.1617 0.0003
23537.3000 0.1644 0.0003
23597.4000 0.1666 0.0003
23657.5000 0.1690 0.0003
23717.6000 0.1712 0.0003
23777.7000 0.1737 0.0004
23837.8000 0.1759 0.0004
23897.9000 0.1779 0.0004
23958.0000 0.1800 0.0004
24018.1000 0.1821 0.0004
24078.2000 0.1842 0.0004
24138.3000 0.1869 0.0004
24198.4000 0.1891 0.0004
24258.5000 0.1917 0.0004
24318.6000 0.1940 0.0004
24378.7000 0.1965 0.0005
24438.8000 0.1989 0.0005
24498.9000 0.2011 0.0005
24559.0000 0.2034 0.0005
24619.1000 0.2058 0.0005
24679.2000 0.2085 0.0005
24739.3000 0.2112 0.0005
24799.4000 0.2134 0.0005
24859.5000 0.2160 0.0005
24919.6000 0.2183 0.0006
24979.7000 0.2211 0.0006
25039.8000 0.2236 0.0006
25099.9000 0.2261 0.0006
25160.0000 0.2292 0.0006
25220.1000 0.2317 0.0006
25280.2000 0.2340 0.0006
25340.3000 0.2370 0.0006
25400.4000 0.2396 0.0007
25460.5000 0.2425 0.0007
25520.6000 0.2452 0.0007
25580.7000 0.2484 0.0007
25640.8000 0.2512 0.0007
25700.9000 0.2545 0.0007
25761.0000 0.2576 0.0007
25821.1000 0.2606 0.0008
25881.2000 0.2640 0.0008
25941.3000 0.2668 0.0008
26001.4000 0.2694 0.0008
26061.5000 0.2729 0.0008
26121.6000 0.2757 0.0008
26181.7000 0.2782 0.0009
26241.8000 0.2813 0.0009
26301.9000 0.2842 0.0009
26362.0000 0.2870 0.0009
26422.1000 0.2900 0.0009
26482.2000 0.2926 0.0009
26542.3000 0.2954 0.0010
26602.4000 0.2981 0.0010
26662.5000 0.3009 0.0010
26722.6000 0.3036 0.0010
26782.7000 0.3068 0.0010
26842.8000 0.3096 0.0010
26902.9000 0.3124 0.0011
26963.0000 0.3150 0.0011
27023.1000 0.3177 0.0011
27083.2000 0.3203 0.0011
27143.3000 0.3234 0.0011
27203.4000 0.3259 0.0012
27263.5000 0.3287 0.0012
27323.6000 0.3316 0.0012
27383.7000 0.3343 0.0012
27443.8000 0.3369 0.0013
27503.9000 0.3398 0.0013
27564.0000 0.3423 0.0013
27624.1000 0.3450 0.0013
27684.2000 0.3481 0.0013
27744.3000 0.3510 0.0014
27804.4000 0.3533 0.0014
27864.5000 0.3562 0.0014
27924.6000 0.3589 0.0014
27984.7000 0.3611 0.0015
28044.8000 0.3640 0.0015
28104.9000 0.3666 0.0015
28165.0000 0.3688 0.0015
28225.1000 0.3715 0.0015
28285.2000 0.3736 0.0016
28345.3000 0.3761 0.0016
28405.4000 0.3785 0.0016
28465.5000 0.3810 0.0016
28525.6000 0.3830 0.0016
28585.7000 0.3854 0.0017
28645.8000 0.3878 0.0017
28705.9000 0.3903 0.0017
28766.0000 0.3931 0.0017
28826.1000 0.3954 0.0018
28886.2000 0.3975 0.0018
28946.3000 0.3997 0.0018
29006.4000 0.4019 0.0018
29066.5000 0.4040 0.0019
29126.6000 0.4062 0.0019
29186.7000 0.4084 0.0019
29246.8000 0.4106 0.0019
29306.9000 0.4125 0.0020
29367.0000 0.4144 0.0020
29427.1000 0.4163 0.0020
29487.2000 0.4183 0.0020
29547.3000 0.4199 0.0020
29607.4000 0.4218 0.0021
29667.5000 0.4238 0.0021
29727.6000 0.4256 0.0021
29787.7000 0.4276 0.0021
29847.8000 0.4295 0.0021
29907.9000 0.4313 0.0022
29968.0000 0.4330 0.0022
30028.1000 0.4347 0.0022
30088.2000 0.4364 0.0022
30148.3000 0.4378 0.0022
30208.4000 0.4395 0.0023
30268.5000 0.4414 0.0023
30328.6000 0.4428 0.0023
30388.7000 0.4443 0.0023
30448.8000 0.4463 0.0023
30508.9000 0.4477 0.0023
30569.0000 0.4494 0.0024
30629.1000 0.4512 0.0024
30689.2000 0.4526 0.0024
30749.3000 0.4541 0.0024
30809.4000 0.4557 0.0025
30869.5000 0.4574 0.0025
30929.6000 0.4589 0.0025
30989.7000 0.4606 0.0025
31049.8000 0.4621 0.0025
31109.9000 0.4637 0.0026
31170.0000 0.4653 0.0026
31230.1000 0.4666 0.0026
31290.2000 0.4682 0.0026
31350.3000 0.4699 0.0027
31410.4000 0.4713 0.0027
31470.5000 0.4731 0.0027
31530.6000 0.4746 0.0027
31590.7000 0.4760 0.0027
31650.8000 0.4773 0.0028
31710.9000 0.4793 0.0028
31771.0000 0.4807 0.0028
31831.1000 0.4819 0.0028
31891.2000 0.4836 0.0028
31951.3000 0.4849 0.0029
32011.4000 0.4863 0.0029
32071.5000 0.4878 0.0029
32131.6000 0.4897 0.0029
32191.7000 0.4911 0.0029
32251.8000 0.4926 0.0029
32311.9000 0.4941 0.0030
32372.0000 0.4955 0.0030
32432.1000 0.4970 0.0030
32492.2000 0.4985 0.0030
32552.3000 0.5004 0.0030
32612.4000 0.5020 0.0030
32672.5000 0.5035 0.0031
32732.6000 0.5054 0.0031
32792.7000 0.5069 0.0031
32852.8000 0.5085 0.0031
32912.9000 0.5100 0.0031
32973.0000 0.5121 0.0032
33033.1000 0.5140 0.0032
33093.2000 0.5157 0.0032
33153.3000 0.5180 0.0032
33213.4000 0.5192 0.0033
33273.5000 0.5210 0.0033
33333.6000 0.5226 0.0033
33393.7000 0.5246 0.0033
33453.8000 0.5265 0.0034
33513.9000 0.5282 0.0034
33574.0000 0.5301 0.0034
33634.1000 0.5314 0.0034
33694.2000 0.5332 0.0034
33754.3000 0.5346 0.0035
33814.4000 0.5365 0.0035
33874.5000 0.5386 0.0035
33934.6000 0.5402 0.0035
33994.7000 0.5420 0.0035
34054.8000 0.5435 0.0036
34114.9000 0.5452 0.0036
34175.0000 0.5467 0.0036
34235.1000 0.5487 0.0036
34295.2000 0.5506 0.0036
34355.3000 0.5522 0.0037
34415.4000 0.5540 0.0037
34475.5000 0.5555 0.0037
34535.6000 0.5571 0.0037
34595.7000 0.5587 0.0037
34655.8000 0.5605 0.0038
34715.9000 0.5624 0.0038
34776.0000 0.5643 0.0038
34836.1000 0.5658 0.0038
34896.2000 0.5672 0.0039
34956.3000 0.5690 0.0039
35016.4000 0.5703 0.0039
35076.5000 0.5723 0.0039
35136.6000 0.5742 0.0040
35196.7000 0.5758 0.0040
35256.8000 0.5776 0.0040
35316.9000 0.5793 0.0040
35377.0000 0.5811 0.0041
35437.1000 0.5826 0.0041
35497.2000 0.5847 0.0041
35557.3000 0.5863 0.0042
35617.4000 0.5880 0.0042
35677.5000 0.5900 0.0042
35737.6000 0.5913 0.0042
35797.7000 0.5930 0.0043
35857.8000 0.5945 0.0043
35917.9000 0.5965 0.0043
35978.0000 0.5978 0.0044
36038.1000 0.5972 0.0044
36098.2000 0.5969 0.0044
36158.3000 0.5962 0.0044
36218.4000 0.5958 0.0044
36278.5000 0.5951 0.0044
36338.6000 0.5950 0.0044
36398.7000 0.5947 0.0044
36458.8000 0.5945 0.0044
36518.9000 0.5944 0.0045
36579.0000 0.5945 0.0045
36639.1000 0.5942 0.0045
36699.2000 0.5936 0.0045
36759.3000 0.5938 0.0045
36819.4000 0.5934 0.0045
36879.5000 0.5931 0.0045
36939.6000 0.5932 0.0045
36999.7000 0.5929 0.0045
37059.8000 0.5924 0.0045
37119.9000 0.5925 0.0045
37180.0000 0.5927 0.0045
37240.1000 0.5927 0.0045
37300.2000 0.5928 0.0045
37360.3000 0.5933 0.0046
37420.4000 0.5932 0.0046
37480.5000 0.5936 0.0046
37540.6000 0.5935 0.0046
37600.7000 0.5940 0.0046
37660.8000 0.5945 0.0046
37720.9000 0.5946 0.0046
37781.0000 0.5954 0.0046
37841.1000 0.5956 0.0046
37901.2000 0.5957 0.0047
37961.3000 0.5955 0.0047
38021.4000 0.5963 0.0047
38081.5000 0.5969 0.0047
38141.6000 0.5972 0.0047
38201.7000 0.5979 0.0047
38261.8000 0.5980 0.0047
38321.9000 0.5982 0.0047
38382.0000 0.5983 0.0047
38442.1000 0.5990 0.0048
38502.2000 0.5996 0.0048
38562.3000 0.6000 0.0048
38622.4000 0.6007 0.0048
38682.5000 0.6010 0.0048
38742.6000 0.6016 0.0048
38802.7000 0.6017 0.0048
38862.8000 0.6023 0.0048
38922.9000 0.6031 0.0048
38983.0000 0.6036 0.0048
39043.1000 0.6041 0.0049
39103.2000 0.6043 0.0049
39163.3000 0.6044 0.0049
39223.4000 0.6043 0.0049
39283.5000 0.6050 0.0049
39343.6000 0.6056 0.0049
39403.7000 0.6059 0.0049
39463.8000 0.6064 0.0049
39523.9000 0.6063 0.0049
39584.0000 0.6067 0.0049
