60.0000 0.0000 0.0000
120.1000 0.0001 0.0000
180.2000 0.0002 0.0000
240.3000 0.0003 0.0000
300.3000 0.0003 0.0000
360.3000 0.0004 0.0000
420.3000 0.0005 0.0000
480.3000 0.0007 0.0000
540.3000 0.0009 0.0000
600.3000 0.0011 0.0000
660.3000 0.0012 0.0000
720.3000 0.0014 0.0000
780.3000 0.0018 0.0000
840.3000 0.0021 0.0000
900.3000 0.0024 0.0000
960.3000 0.0028 0.0000
1020.3000 0.0031 0.0000
1080.4000 0.0033 0.0000
1140.5000 0.0037 0.0000
1200.6000 0.0040 0.0000
1260.7000 0.0046 0.0000
1320.8000 0.0051 0.0000
1380.9000 0.0056 0.0000
1441.0000 0.0061 0.0000
1501.1000 0.0066 0.0000
1561.2000 0.0070 0.0000
1621.3000 0.0074 0.0000
1681.4000 0.0082 0.0000
1741.5000 0.0088 0.0000
1801.6000 0.0096 0.0000
1861.7000 0.0104 0.0000
1921.8000 0.0113 0.0000
1981.9000 0.0118 0.0000
2042.0000 0.0125 0.0000
2102.1000 0.0131 0.0000
2162.2000 0.0137 0.0000
2222.3000 0.0143 0.0000
2282.4000 0.0151 0.0000
2342.5000 0.0156 0.0000
2402.6000 0.0161 0.0000
2462.7000 0.0167 0.0000
2522.8000 0.0172 0.0000
2582.9000 0.0176 0.0000
2643.0000 0.0180 0.0000
2703.1000 0.0184 0.0000
2763.2000 0.0187 0.0000
2823.3000 0.0191 0.0000
2883.4000 0.0195 0.0000
2943.5000 0.0198 0.0000
3003.6000 0.0201 0.0000
3063.7000 0.0203 0.0000
3123.8000 0.0208 0.0000
3183.9000 0.0209 0.0000
3244.0000 0.0213 0.0000
3304.1000 0.0218 0.0000
3364.2000 0.0221 0.0000
3424.3000 0.0224 0.0000
3484.4000 0.0226 0.0000
3544.5000 0.0230 0.0000
3604.6000 0.0232 0.0000
3664.7000 0.0236 0.0000
3724.8000 0.0239 0.0000
3784.9000 0.0244 0.0000
3845.0000 0.0249 0.0000
3905.1000 0.0253 0.0000
3965.2000 0.0257 0.0000
4025.3000 0.0261 0.0000
4085.4000 0.0264 0.0000
4145.4000 0.0267 0.0000
4205.4000 0.0269 0.0000
4265.4000 0.0272 0.0000
4325.4000 0.0274 0.0000
4385.4000 0.0276 0.0000
4445.4000 0.0278 0.0000
4505.4000 0.0279 0.0000
4565.4000 0.0281 0.0000
4625.4000 0.0283 0.0000
4685.4000 0.0285 0.0000
4745.4000 0.0287 0.0000
4805.4000 0.0288 0.0000
4865.4000 0.0288 0.0000
4925.4000 0.0289 0.0000
4985.4000 0.0289 0.0000
5045.4000 0.0290 0.0000
5105.4000 0.0290 0.0000
5165.4000 0.0291 0.0000
5225.4000 0.0291 0.0000
5285.4000 0.0291 0.0000
5345.4000 0.0292 0.0000
5405.4000 0.0292 0.0000
5465.4000 0.0293 0.0000
5525.4000 0.0293 0.0000
5585.4000 0.0293 0.0000
5645.4000 0.0294 0.0000
5705.4000 0.0294 0.0000
5765.4000 0.0295 0.0000
5825.4000 0.0295 0.0000
5885.4000 0.0295 0.0000
5945.4000 0.0296 0.0000
6005.4000 0.0296 0.0000
6065.4000 0.0296 0.0000
6125.4000 0.0297 0.0000
6185.4000 0.0297 0.0000
6245.4000 0.0298 0.0000
6305.4000 0.0298 0.0000
6365.4000 0.0298 0.0000
6425.4000 0.0299 0.0000
6485.4000 0.0299 0.0000
6545.4000 0.0299 0.0000
6605.4000 0.0300 0.0000
6665.4000 0.0300 0.0000
6725.4000 0.0301 0.0000
6785.4000 0.0301 0.0000
6845.4000 0.0301 0.0000
6905.4000 0.0302 0.0000
6965.4000 0.0302 0.0000
7025.4000 0.0302 0.0000
7085.4000 0.0303 0.0000
7145.4000 0.0303 0.0000
7205.4000 0.0304 0.0000
7265.4000 0.0304 0.0000
7325.4000 0.0304 0.0000
7385.4000 0.0305 0.0000
7445.4000 0.0305 0.0000
7505.4000 0.0306 0.0000
7565.4000 0.0306 0.0000
7625.4000 0.0306 0.0000
7685.4000 0.0307 0.0000
7745.4000 0.0307 0.0000
7805.4000 0.0307 0.0000
7865.4000 0.0308 0.0000
7925.4000 0.0308 0.0000
7985.4000 0.0309 0.0000
8045.4000 0.0309 0.0000
8105.4000 0.0309 0.0000
8165.4000 0.0310 0.0000
8225.4000 0.0310 0.0000
8285.4000 0.0311 0.0000
8345.4000 0.0311 0.0000
8405.4000 0.0311 0.0000
8465.4000 0.0312 0.0000
8525.4000 0.0312 0.0000
8585.4000 0.0313 0.0000
8645.4000 0.0313 0.0000
8705.4000 0.0313 0.0000
8765.4000 0.0314 0.0000
8825.4000 0.0314 0.0000
8885.4000 0.0314 0.0000
8945.4000 0.0315 0.0000
9005.4000 0.0315 0.0000
9065.4000 0.0316 0.0000
9125.4000 0.0316 0.0000
9185.4000 0.0316 0.0000
9245.4000 0.0317 0.0000
9305.4000 0.0317 0.0000
9365.4000 0.0318 0.0000
9425.4000 0.0318 0.0000
9485.4000 0.0318 0.0000
9545.4000 0.0319 0.0000
9605.4000 0.0319 0.0000
9665.4000 0.0320 0.0000
9725.4000 0.0320 0.0000
9785.4000 0.0320 0.0000
9845.4000 0.0321 0.0000
9905.4000 0.0321 0.0000
9965.4000 0.0321 0.0000
10025.4000 0.0322 0.0000
10085.4000 0.0322 0.0000
10145.4000 0.0322 0.0000
10205.4000 0.0323 0.0000
10265.4000 0.0323 0.0000
10325.4000 0.0324 0.0000
10385.4000 0.0324 0.0000
10445.4000 0.0324 0.0000
10505.4000 0.0325 0.0000
10565.4000 0.0325 0.0000
10625.4000 0.0325 0.0000
10685.4000 0.0326 0.0000
10745.4000 0.0326 0.0000
10805.4000 0.0327 0.0000
10865.4000 0.0327 0.0000
10925.4000 0.0327 0.0000
10985.4000 0.0328 0.0000
11045.4000 0.0328 0.0000
11105.4000 0.0328 0.0000
11165.4000 0.0329 0.0000
11225.4000 0.0329 0.0000
11285.4000 0.0330 0.0000
11345.4000 0.0330 0.0000
11405.4000 0.0330 0.0000
11465.4000 0.0331 0.0000
11525.4000 0.0331 0.0000
11585.4000 0.0332 0.0000
11645.4000 0.0332 0.0000
11705.4000 0.0332 0.0000
11765.4000 0.0333 0.0000
11825.4000 0.0333 0.0000
11885.4000 0.0333 0.0000
11945.4000 0.0334 0.0000
12005.4000 0.0334 0.0000
12065.4000 0.0335 0.0000
12125.4000 0.0335 0.0000
12185.4000 0.0335 0.0000
12245.4000 0.0336 0.0000
12305.4000 0.0336 0.0000
12365.4000 0.0337 0.0000
12425.4000 0.0337 0.0000
12485.4000 0.0337 0.0000
12545.4000 0.0338 0.0000
12605.4000 0.0338 0.0000
12665.4000 0.0339 0.0000
12725.4000 0.0339 0.0000
12785.4000 0.0339 0.0000
12845.4000 0.0340 0.0000
12905.4000 0.0340 0.0000
12965.4000 0.0341 0.0000
13025.4000 0.0341 0.0000
13085.4000 0.0341 0.0000
13145.4000 0.0342 0.0000
13205.4000 0.0342 0.0000
13265.4000 0.0342 0.0000
13325.4000 0.0343 0.0000
13385.4000 0.0343 0.0000
13445.4000 0.0344 0.0000
13505.4000 0.0344 0.0000
13565.4000 0.0344 0.0000
13625.4000 0.0345 0.0000
13685.4000 0.0345 0.0000
13745.4000 0.0346 0.0000
13805.4000 0.0346 0.0000
13865.4000 0.0346 0.0000
13925.4000 0.0347 0.0000
13985.4000 0.0347 0.0000
14045.4000 0.0348 0.0000
14105.4000 0.0348 0.0000
14165.4000 0.0348 0.0000
14225.4000 0.0349 0.0000
14285.4000 0.0349 0.0000
14345.4000 0.0349 0.0000
14405.4000 0.0350 0.0000
14465.4000 0.0350 0.0000
14525.4000 0.0350 0.0000
14585.4000 0.0351 0.0000
14645.4000 0.0351 0.0000
14705.4000 0.0352 0.0000
14765.4000 0.0352 0.0000
14825.4000 0.0352 0.0000
14885.4000 0.0353 0.0000
14945.4000 0.0353 0.0000
15005.4000 0.0353 0.0000
15065.4000 0.0354 0.0000
15125.4000 0.0354 0.0000
15185.4000 0.0355 0.0000
15245.4000 0.0355 0.0000
15305.4000 0.0355 0.0000
15365.4000 0.0356 0.0000
15425.4000 0.0356 0.0000
15485.4000 0.0357 0.0000
15545.4000 0.0357 0.0000
15605.4000 0.0357 0.0000
15665.4000 0.0358 0.0000
15725.4000 0.0358 0.0000
15785.4000 0.0359 0.0000
15845.4000 0.0359 0.0000
15905.4000 0.0359 0.0000
15965.4000 0.0360 0.0000
16025.4000 0.0360 0.0000
16085.4000 0.0360 0.0000
16145.4000 0.0361 0.0000
16205.4000 0.0361 0.0000
16265.4000 0.0362 0.0000
16325.4000 0.0362 0.0000
16385.4000 0.0362 0.0000
16445.5000 0.0363 0.0000
16505.6000 0.0363 0.0000
16565.7000 0.0363 0.0000
16625.8000 0.0364 0.0000
16685.9000 0.0364 0.0000
16746.0000 0.0365 0.0000
16806.1000 0.0366 0.0000
16866.2000 0.0367 0.0000
16926.3000 0.0368 0.0000
16986.4000 0.0369 0.0000
17046.5000 0.0371 0.0000
17106.6000 0.0372 0.0000
17166.7000 0.0374 0.0000
17226.8000 0.0377 0.0000
17286.9000 0.0379 0.0000
17347.0000 0.0380 0.0000
17407.1000 0.0383 0.0000
17467.2000 0.0385 0.0000
17527.3000 0.0388 0.0000
17587.4000 0.0392 0.0000
17647.5000 0.0397 0.0000
17707.6000 0.0402 0.0000
17767.7000 0.0407 0.0000
17827.8000 0.0414 0.0000
17887.9000 0.0422 0.0000
17948.0000 0.0429 0.0000
18008.1000 0.0438 0.0000
18068.2000 0.0447 0.0000
18128.3000 0.0454 0.0000
18188.4000 0.0462 0.0000
18248.5000 0.0469 0.0000
18308.6000 0.0475 0.0000
18368.7000 0.0481 0.0000
18428.8000 0.0488 0.0000
18488.9000 0.0495 0.0000
18549.0000 0.0502 0.0000
18609.1000 0.0510 0.0000
18669.2000 0.0516 0.0000
18729.3000 0.0521 0.0000
18789.4000 0.0531 0.0000
18849.5000 0.0540 0.0000
18909.6000 0.0548 0.0000
18969.7000 0.0555 0.0000
19029.8000 0.0566 0.0000
19089.9000 0.0575 0.0000
19150.0000 0.0585 0.0000
19210.1000 0.0594 0.0000
19270.2000 0.0604 0.0000
19330.3000 0.0614 0.0000
19390.4000 0.0623 0.0000
19450.5000 0.0634 0.0000
19510.6000 0.0645 0.0001
19570.7000 0.0656 0.0001
19630.8000 0.0666 0.0001
19690.9000 0.0677 0.0001
19751.0000 0.0687 0.0001
19811.1000 0.0698 0.0001
19871.2000 0.0708 0.0001
19931.3000 0.0719 0.0001
19991.4000 0.0728 0.0001
20051.5000 0.0739 0.0001
20111.6000 0.0750 0.0001
20171.7000 0.0759 0.0001
20231.8000 0.0770 0.0001
20291.9000 0.0783 0.0001
20352.0000 0.0795 0.0001
20412.1000 0.0807 0.0001
20472.2000 0.0819 0.0001
20532.3000 0.0832 0.0001
20592.4000 0.0845 0.0001
20652.5000 0.0858 0.0001
20712.6000 0.0870 0.0001
20772.7000 0.0882 0.0001
20832.8000 0.0895 0.0001
20892.9000 0.0905 0.0001
20953.0000 0.0919 0.0001
21013.1000 0.0931 0.0001
21073.2000 0.0941 0.0001
21133.3000 0.0952 0.0001
21193.4000 0.0965 0.0001
21253.5000 0.0976 0.0001
21313.6000 0.0989 0.0001
21373.7000 0.1000 0.0001
21433.8000 0.1012 0.0001
21493.9000 0.1025 0.0001
21554.0000 0.1040 0.0001
21614.1000 0.1054 0.0001
21674.2000 0.1067 0.0002
21734.3000 0.1083 0.0002
21794.4000 0.1096 0.0002
21854.5000 0.1112 0.0002
21914.6000 0.1128 0.0002
21974.7000 0.1143 0.0002
22034.8000 0.1159 0.0002
22094.9000 0.1177 0.0002
22155.0000 0.1192 0.0002
22215.1000 0.1207 0.0002
22275.2000 0.1223 0.0002
22335.3000 0.1242 0.0002
22395.4000 0.1261 0.0002
22455.5000 0.1278 0.0002
22515.6000 0.1297 0.0002
22575.7000 0.1314 0.0002
22635.8000 0.1334 0.0002
22695.9000 0.1351 0.0002
22756.0000 0.1371 0.0002
22816.1000 0.1390 0.0002
22876.2000 0.1407 0.0003
22936.3000 0.1425 0.0003
22996.4000 0.1442 0.0003
23056.5000 0.1460 0.0003
23116.6000 0.1476 0.0003
23176.7000 0.1496 0.0003
23236.8000 0.1516 0.0003
23296.9000 0.1536 0.0003
23357.0000 0.1560 0.0003
23417.1000 0.1584 0.0003
23477.2000 0.1609 0.0003
23537.3000 0.1636 0.0003
23597.4000 0.1660 0.0003
23657.5000 0.1686 0.0003
23717.6000 0.1709 0.0003
23777.7000 0.1736 0.0004
23837.8000 0.1760 0.0004
23897.9000 0.1780 0.0004
23958.0000 0.1799 0.0004
24018.1000 0.1799 0.0004
24078.2000 0.1804 0.0004
24138.3000 0.1814 0.0004
24198.4000 0.1822 0.0004
24258.5000 0.1831 0.0004
24318.6000 0.1840 0.0004
24378.7000 0.1849 0.0004
24438.8000 0.1860 0.0004
24498.9000 0.1867 0.0004
24559.0000 0.1875 0.0004
24619.1000 0.1888 0.0004
24679.2000 0.1901 0.0004
24739.3000 0.1916 0.0004
24799.4000 0.1926 0.0005
24859.5000 0.1940 0.0005
24919.6000 0.1951 0.0005
24979.7000 0.1967 0.0005
25039.8000 0.1979 0.0005
25099.9000 0.1993 0.0005
25160.0000 0.2008 0.0005
25220.1000 0.2022 0.0005
25280.2000 0.2033 0.0005
25340.3000 0.2052 0.0005
25400.4000 0.2065 0.0005
25460.5000 0.2086 0.0005
25520.6000 0.2105 0.0005
25580.7000 0.2129 0.0005
25640.8000 0.2147 0.0006
25700.9000 0.2173 0.0006
25761.0000 0.2196 0.0006
25821.1000 0.2219 0.0006
25881.2000 0.2242 0.0006
25941.3000 0.2260 0.0006
26001.4000 0.2279 0.0006
26061.5000 0.2305 0.0006
26121.6000 0.2323 0.0006
26181.7000 0.2339 0.0006
26241.8000 0.2361 0.0007
26301.9000 0.2380 0.0007
26362.0000 0.2400 0.0007
26422.1000 0.2422 0.0007
26482.2000 0.2441 0.0007
26542.3000 0.2460 0.0007
26602.4000 0.2481 0.0007
26662.5000 0.2502 0.0007
26722.6000 0.2523 0.0007
26782.7000 0.2545 0.0008
26842.8000 0.2564 0.0008
26902.9000 0.2586 0.0008
26963.0000 0.2605 0.0008
27023.1000 0.2627 0.0008
27083.2000 0.2643 0.0008
27143.3000 0.2666 0.0008
27203.4000 0.2684 0.0008
27263.5000 0.2703 0.0009
27323.6000 0.2726 0.0009
27383.7000 0.2744 0.0009
27443.8000 0.2761 0.0009
27503.9000 0.2780 0.0009
27564.0000 0.2795 0.0009
27624.1000 0.2815 0.0009
27684.2000 0.2837 0.0010
27744.3000 0.2857 0.0010
27804.4000 0.2871 0.0010
27864.5000 0.2891 0.0010
27924.6000 0.2909 0.0010
27984.7000 0.2924 0.0010
28044.8000 0.2944 0.0010
28104.9000 0.2961 0.0010
28165.0000 0.2974 0.0011
28225.1000 0.2992 0.0011
28285.2000 0.3005 0.0011
28345.3000 0.3019 0.0011
28405.4000 0.3037 0.0011
28465.5000 0.3052 0.0011
28525.6000 0.3066 0.0011
28585.7000 0.3081 0.0011
28645.8000 0.3096 0.0011
28705.9000 0.3112 0.0011
28766.0000 0.3130 0.0012
28826.1000 0.3144 0.0012
28886.2000 0.3155 0.0012
28946.3000 0.3168 0.0012
29006.4000 0.3180 0.0012
29066.5000 0.3194 0.0012
29126.6000 0.3209 0.0012
29186.7000 0.3223 0.0012
29246.8000 0.3236 0.0013
29306.9000 0.3245 0.0013
29367.0000 0.3255 0.0013
29427.1000 0.3265 0.0013
29487.2000 0.3276 0.0013
29547.3000 0.3280 0.0013
29607.4000 0.3292 0.0013
29667.5000 0.3303 0.0013
29727.6000 0.3314 0.0013
29787.7000 0.3325 0.0013
29847.8000 0.3336 0.0013
29907.9000 0.3344 0.0014
29968.0000 0.3353 0.0014
30028.1000 0.3363 0.0014
30088.2000 0.3372 0.0014
30148.3000 0.3376 0.0014
30208.4000 0.3386 0.0014
30268.5000 0.3396 0.0014
30328.6000 0.3403 0.0014
30388.7000 0.3408 0.0014
30448.8000 0.3420 0.0014
30508.9000 0.3423 0.0014
30569.0000 0.3430 0.0014
30629.1000 0.3439 0.0014
30689.2000 0.3446 0.0015
30749.3000 0.3452 0.0015
30809.4000 0.3458 0.0015
30869.5000 0.3468 0.0015
30929.6000 0.3476 0.0015
30989.7000 0.3484 0.0015
31049.8000 0.3490 0.0015
31109.9000 0.3495 0.0015
31170.0000 0.3504 0.0015
31230.1000 0.3508 0.0015
31290.2000 0.3516 0.0015
31350.3000 0.3523 0.0015
31410.4000 0.3529 0.0016
31470.5000 0.3537 0.0016
31530.6000 0.3545 0.0016
31590.7000 0.3550 0.0016
31650.8000 0.3554 0.0016
31710.9000 0.3565 0.0016
31771.0000 0.3572 0.0016
31831.1000 0.3576 0.0016
31891.2000 0.3585 0.0016
31951.3000 0.3591 0.0016
32011.4000 0.3589 0.0016
32071.5000 0.3597 0.0016
32131.6000 0.3607 0.0016
32191.7000 0.3612 0.0016
32251.8000 0.3621 0.0016
32311.9000 0.3626 0.0016
32372.0000 0.3629 0.0016
32432.1000 0.3632 0.0016
32492.2000 0.3638 0.0016
32552.3000 0.3648 0.0016
32612.4000 0.3656 0.0016
32672.5000 0.3661 0.0017
32732.6000 0.3670 0.0017
32792.7000 0.3676 0.0017
32852.8000 0.3682 0.0017
32912.9000 0.3688 0.0017
32973.0000 0.3701 0.0017
33033.1000 0.3711 0.0017
33093.2000 0.3720 0.0017
33153.3000 0.3733 0.0017
33213.4000 0.3738 0.0017
33273.5000 0.3736 0.0017
33333.6000 0.3743 0.0017
33393.7000 0.3754 0.0017
33453.8000 0.3763 0.0017
33513.9000 0.3771 0.0017
33574.0000 0.3779 0.0017
33634.1000 0.3782 0.0017
33694.2000 0.3784 0.0017
33754.3000 0.3789 0.0017
33814.4000 0.3797 0.0018
33874.5000 0.3809 0.0018
33934.6000 0.3813 0.0018
33994.7000 0.3820 0.0018
34054.8000 0.3825 0.0018
34114.9000 0.3826 0.0018
34175.0000 0.3828 0.0018
34235.1000 0.3836 0.0018
34295.2000 0.3843 0.0018
34355.3000 0.3848 0.0018
34415.4000 0.3857 0.0018
34475.5000 0.3862 0.0018
34535.6000 0.3857 0.0018
34595.7000 0.3862 0.0018
34655.8000 0.3869 0.0018
34715.9000 0.3877 0.0018
34776.0000 0.3885 0.0018
34836.1000 0.3890 0.0018
34896.2000 0.3894 0.0018
34956.3000 0.3889 0.0018
35016.4000 0.3891 0.0018
35076.5000 0.3899 0.0018
35136.6000 0.3908 0.0018
35196.7000 0.3915 0.0018
35256.8000 0.3922 0.0018
35316.9000 0.3928 0.0018
35377.0000 0.3923 0.0018
35437.1000 0.3926 0.0018
35497.2000 0.3934 0.0019
35557.3000 0.3940 0.0019
35617.4000 0.3944 0.0019
35677.5000 0.3957 0.0019
35737.6000 0.3959 0.0019
35797.7000 0.3955 0.0019
35857.8000 0.3958 0.0019
35917.9000 0.3967 0.0019
35978.0000 0.3973 0.0019
36038.1000 0.3980 0.0019
36098.2000 0.3988 0.0019
36158.3000 0.3991 0.0019
36218.4000 0.3986 0.0019
36278.5000 0.3990 0.0019
36338.6000 0.3996 0.0019
36398.7000 0.4002 0.0019
36458.8000 0.4006 0.0020
36518.9000 0.4011 0.0020
36579.0000 0.4018 0.0020
36639.1000 0.4020 0.0020
36699.2000 0.4021 0.0020
36759.3000 0.4028 0.0020
36819.4000 0.4031 0.0020
36879.5000 0.4036 0.0020
36939.6000 0.4044 0.0020
36999.7000 0.4047 0.0020
37059.8000 0.4048 0.0020
37119.9000 0.4050 0.0020
37180.0000 0.4058 0.0020
37240.1000 0.4062 0.0020
37300.2000 0.4066 0.0020
37360.3000 0.4072 0.0020
37420.4000 0.4073 0.0020
37480.5000 0.4078 0.0021
37540.6000 0.4079 0.0021
37600.7000 0.4084 0.0021
37660.8000 0.4088 0.0021
37720.9000 0.4091 0.0021
37781.0000 0.4095 0.0021
37841.1000 0.4097 0.0021
37901.2000 0.4096 0.0021
37961.3000 0.4093 0.0021
38021.4000 0.4099 0.0021
38081.5000 0.4104 0.0021
38141.6000 0.4106 0.0021
38201.7000 0.4113 0.0021
38261.8000 0.4112 0.0021
38321.9000 0.4112 0.0021
38382.0000 0.4114 0.0021
38442.1000 0.4119 0.0021
38502.2000 0.4125 0.0021
38562.3000 0.4130 0.0021
38622.4000 0.4137 0.0021
38682.5000 0.4138 0.0021
38742.6000 0.4143 0.0022
38802.7000 0.4142 0.0022
38862.8000 0.4146 0.0022
38922.9000 0.4153 0.0022
38983.0000 0.4155 0.0022
39043.1000 0.4157 0.0022
39103.2000 0.4160 0.0022
39163.3000 0.4162 0.0022
39223.4000 0.4160 0.0022
39283.5000 0.4166 0.0022
39343.6000 0.4169 0.0022
39403.7000 0.4172 0.0022
39463.8000 0.4178 0.0022
39523.9000 0.4177 0.0022
39584.0000 0.4179 0.0022
