60.0000 0.0001 0.0000
120.1000 0.0001 0.0000
180.2000 0.0002 0.0000
240.3000 0.0002 0.0000
300.3000 0.0003 0.0000
360.3000 0.0004 0.0000
420.3000 0.0005 0.0000
480.3000 0.0006 0.0000
540.3000 0.0007 0.0000
600.3000 0.0009 0.0000
660.3000 0.0011 0.0000
720.3000 0.0012 0.0000
780.3000 0.0014 0.0000
840.3000 0.0016 0.0000
900.3000 0.0019 0.0000
960.3000 0.0022 0.0000
1020.3000 0.0026 0.0000
1080.4000 0.0031 0.0000
1140.5000 0.0036 0.0000
1200.6000 0.0041 0.0000
1260.7000 0.0047 0.0000
1320.8000 0.0055 0.0000
1380.9000 0.0063 0.0000
1441.0000 0.0072 0.0000
1501.1000 0.0080 0.0000
1561.2000 0.0090 0.0000
1621.3000 0.0101 0.0000
1681.4000 0.0111 0.0000
1741.5000 0.0123 0.0000
1801.6000 0.0132 0.0000
1861.7000 0.0142 0.0000
1921.8000 0.0151 0.0000
1981.9000 0.0161 0.0000
2042.0000 0.0172 0.0000
2102.1000 0.0187 0.0000
2162.2000 0.0201 0.0000
2222.3000 0.0215 0.0000
2282.4000 0.0230 0.0000
2342.5000 0.0244 0.0000
2402.6000 0.0257 0.0000
2462.7000 0.0269 0.0000
2522.8000 0.0282 0.0000
2582.9000 0.0295 0.0000
2643.0000 0.0307 0.0000
2703.1000 0.0321 0.0000
2763.2000 0.0336 0.0000
2823.3000 0.0352 0.0000
2883.4000 0.0363 0.0000
2943.5000 0.0376 0.0000
3003.6000 0.0388 0.0000
3063.7000 0.0401 0.0000
3123.8000 0.0412 0.0000
3183.9000 0.0424 0.0000
3244.0000 0.0436 0.0000
3304.1000 0.0451 0.0000
3364.2000 0.0467 0.0000
3424.3000 0.0483 0.0000
3484.4000 0.0500 0.0000
3544.5000 0.0515 0.0000
3604.6000 0.0530 0.0000
3664.7000 0.0544 0.0000
3724.8000 0.0559 0.0000
3784.9000 0.0572 0.0000
3845.0000 0.0584 0.0000
3905.1000 0.0598 0.0000
3965.2000 0.0612 0.0000
4025.3000 0.0625 0.0000
4085.4000 0.0637 0.0000
4145.4000 0.0649 0.0000
4205.4000 0.0662 0.0000
4265.4000 0.0673 0.0000
4325.4000 0.0686 0.0000
4385.4000 0.0697 0.0000
4445.4000 0.0709 0.0000
4505.4000 0.0724 0.0001
4565.4000 0.0738 0.0001
4625.4000 0.0753 0.0001
4685.4000 0.0768 0.0001
4745.4000 0.0782 0.0001
4805.4000 0.0795 0.0001
4865.4000 0.0809 0.0001
4925.4000 0.0822 0.0001
4985.4000 0.0835 0.0001
5045.4000 0.0849 0.0001
5105.4000 0.0865 0.0001
5165.4000 0.0880 0.0001
5225.4000 0.0892 0.0001
5285.4000 0.0902 0.0001
5345.4000 0.0913 0.0001
5405.4000 0.0922 0.0001
5465.4000 0.0933 0.0001
5525.4000 0.0945 0.0001
5585.4000 0.0954 0.0001
5645.4000 0.0965 0.0001
5705.4000 0.0979 0.0001
5765.4000 0.0991 0.0001
5825.4000 0.1003 0.0001
5885.4000 0.1017 0.0001
5945.4000 0.1030 0.0001
6005.4000 0.1042 0.0001
6065.4000 0.1055 0.0001
6125.4000 0.1068 0.0001
6185.4000 0.1083 0.0001
6245.4000 0.1097 0.0001
6305.4000 0.1108 0.0001
6365.4000 0.1117 0.0001
6425.4000 0.1129 0.0001
6485.4000 0.1138 0.0001
6545.4000 0.1147 0.0001
6605.4000 0.1157 0.0001
6665.4000 0.1166 0.0001
6725.4000 0.1177 0.0001
6785.4000 0.1187 0.0001
6845.4000 0.1197 0.0001
6905.4000 0.1210 0.0001
6965.4000 0.1220 0.0001
7025.4000 0.1229 0.0001
7085.4000 0.1239 0.0001
7145.4000 0.1249 0.0001
7205.4000 0.1258 0.0001
7265.4000 0.1267 0.0002
7325.4000 0.1276 0.0002
7385.4000 0.1285 0.0002
7445.4000 0.1296 0.0002
7505.4000 0.1305 0.0002
7565.4000 0.1313 0.0002
7625.4000 0.1322 0.0002
7685.4000 0.1327 0.0002
7745.4000 0.1332 0.0002
7805.4000 0.1340 0.0002
7865.4000 0.1346 0.0002
7925.4000 0.1354 0.0002
7985.4000 0.1360 0.0002
8045.4000 0.1364 0.0002
8105.4000 0.1369 0.0002
8165.4000 0.1373 0.0002
8225.4000 0.1377 0.0002
8285.4000 0.1382 0.0002
8345.4000 0.1387 0.0002
8405.4000 0.1392 0.0002
8465.4000 0.1398 0.0002
8525.4000 0.1403 0.0002
8585.4000 0.1408 0.0002
8645.4000 0.1413 0.0002
8705.4000 0.1419 0.0002
8765.4000 0.1424 0.0002
8825.4000 0.1430 0.0002
8885.4000 0.1433 0.0002
8945.4000 0.1436 0.0002
9005.4000 0.1440 0.0002
9065.4000 0.1443 0.0002
9125.4000 0.1445 0.0002
9185.4000 0.1448 0.0002
9245.4000 0.1450 0.0002
9305.4000 0.1451 0.0002
9365.4000 0.1452 0.0002
9425.4000 0.1454 0.0002
9485.4000 0.1455 0.0002
9545.4000 0.1456 0.0002
9605.4000 0.1457 0.0002
9665.4000 0.1458 0.0002
9725.4000 0.1459 0.0002
9785.4000 0.1459 0.0002
9845.4000 0.1460 0.0002
9905.4000 0.1461 0.0002
9965.4000 0.1461 0.0002
10025.4000 0.1462 0.0002
10085.4000 0.1462 0.0002
10145.4000 0.1463 0.0002
10205.4000 0.1464 0.0002
10265.4000 0.1464 0.0002
10325.4000 0.1465 0.0002
10385.4000 0.1465 0.0002
10445.4000 0.1466 0.0002
10505.4000 0.1466 0.0002
10565.4000 0.1467 0.0002
10625.4000 0.1467 0.0002
10685.4000 0.1468 0.0002
10745.4000 0.1468 0.0002
10805.4000 0.1469 0.0002
10865.4000 0.1470 0.0002
10925.4000 0.1470 0.0002
10985.4000 0.1471 0.0002
11045.4000 0.1471 0.0002
11105.4000 0.1472 0.0002
11165.4000 0.1473 0.0002
11225.4000 0.1473 0.0002
11285.4000 0.1474 0.0002
11345.4000 0.1474 0.0002
11405.4000 0.1475 0.0002
11465.4000 0.1475 0.0002
11525.4000 0.1476 0.0002
11585.4000 0.1477 0.0002
11645.4000 0.1477 0.0002
11705.4000 0.1478 0.0002
11765.4000 0.1478 0.0002
11825.4000 0.1479 0.0002
11885.4000 0.1479 0.0002
11945.4000 0.1480 0.0002
12005.4000 0.1481 0.0002
12065.4000 0.1481 0.0002
12125.4000 0.1482 0.0002
12185.4000 0.1482 0.0002
12245.4000 0.1483 0.0002
12305.4000 0.1483 0.0002
12365.4000 0.1484 0.0002
12425.4000 0.1485 0.0002
12485.4000 0.1485 0.0002
12545.4000 0.1486 0.0002
12605.4000 0.1486 0.0002
12665.4000 0.1487 0.0002
12725.4000 0.1487 0.0002
12785.4000 0.1488 0.0002
12845.4000 0.1488 0.0002
12905.4000 0.1489 0.0002
12965.4000 0.1490 0.0002
13025.4000 0.1490 0.0002
13085.4000 0.1491 0.0002
13145.4000 0.1491 0.0002
13205.4000 0.1492 0.0002
13265.4000 0.1492 0.0002
13325.4000 0.1493 0.0002
13385.4000 0.1494 0.0002
13445.4000 0.1494 0.0002
13505.4000 0.1495 0.0002
13565.4000 0.1495 0.0002
13625.4000 0.1496 0.0002
13685.4000 0.1496 0.0002
13745.4000 0.1497 0.0002
13805.4000 0.1498 0.0002
13865.4000 0.1498 0.0002
13925.4000 0.1499 0.0002
13985.4000 0.1499 0.0002
14045.4000 0.1500 0.0002
14105.4000 0.1500 0.0002
14165.4000 0.1501 0.0002
14225.4000 0.1501 0.0002
14285.4000 0.1502 0.0002
14345.4000 0.1503 0.0002
14405.4000 0.1503 0.0002
14465.4000 0.1504 0.0002
14525.4000 0.1504 0.0002
14585.4000 0.1505 0.0002
14645.4000 0.1505 0.0002
14705.4000 0.1506 0.0002
14765.4000 0.1506 0.0002
14825.4000 0.1507 0.0002
14885.4000 0.1507 0.0002
14945.4000 0.1508 0.0002
15005.4000 0.1509 0.0002
15065.4000 0.1509 0.0002
15125.4000 0.1510 0.0002
15185.4000 0.1510 0.0002
15245.4000 0.1511 0.0002
15305.4000 0.1511 0.0002
15365.4000 0.1512 0.0002
15425.4000 0.1513 0.0002
15485.4000 0.1513 0.0002
15545.4000 0.1514 0.0002
15605.4000 0.1514 0.0002
15665.4000 0.1515 0.0002
15725.4000 0.1515 0.0002
15785.4000 0.1516 0.0002
15845.4000 0.1517 0.0002
15905.4000 0.1517 0.0002
15965.4000 0.1518 0.0002
16025.4000 0.1518 0.0002
16085.4000 0.1519 0.0002
16145.4000 0.1519 0.0002
16205.4000 0.1520 0.0002
16265.4000 0.1520 0.0002
16325.4000 0.1521 0.0002
16385.4000 0.1522 0.0002
16445.5000 0.1522 0.0002
16505.6000 0.1523 0.0002
16565.7000 0.1523 0.0002
16625.8000 0.1524 0.0002
16685.9000 0.1524 0.0002
16746.0000 0.1525 0.0002
16806.1000 0.1526 0.0002
16866.2000 0.1526 0.0002
16926.3000 0.1527 0.0002
16986.4000 0.1527 0.0002
17046.5000 0.1528 0.0002
17106.6000 0.1528 0.0002
17166.7000 0.1529 0.0002
17226.8000 0.1530 0.0002
17286.9000 0.1530 0.0002
17347.0000 0.1531 0.0002
17407.1000 0.1531 0.0002
17467.2000 0.1532 0.0002
17527.3000 0.1533 0.0002
17587.4000 0.1533 0.0002
17647.5000 0.1534 0.0002
17707.6000 0.1534 0.0002
17767.7000 0.1535 0.0002
17827.8000 0.1536 0.0002
17887.9000 0.1536 0.0002
17948.0000 0.1537 0.0002
18008.1000 0.1537 0.0002
18068.2000 0.1538 0.0002
18128.3000 0.1539 0.0002
18188.4000 0.1540 0.0002
18248.5000 0.1542 0.0002
18308.6000 0.1543 0.0002
18368.7000 0.1545 0.0002
18428.8000 0.1547 0.0002
18488.9000 0.1548 0.0002
18549.0000 0.1550 0.0002
18609.1000 0.1553 0.0002
18669.2000 0.1556 0.0002
18729.3000 0.1559 0.0002
18789.4000 0.1563 0.0002
18849.5000 0.1567 0.0002
18909.6000 0.1573 0.0002
18969.7000 0.1578 0.0002
19029.8000 0.1584 0.0002
19089.9000 0.1590 0.0002
19150.0000 0.1596 0.0002
19210.1000 0.1603 0.0002
19270.2000 0.1610 0.0002
19330.3000 0.1617 0.0002
19390.4000 0.1626 0.0002
19450.5000 0.1635 0.0002
19510.6000 0.1645 0.0002
19570.7000 0.1653 0.0002
19630.8000 0.1663 0.0002
19690.9000 0.1673 0.0002
19751.0000 0.1685 0.0002
19811.1000 0.1698 0.0002
19871.2000 0.1710 0.0002
19931.3000 0.1725 0.0002
19991.4000 0.1741 0.0002
20051.5000 0.1755 0.0002
20111.6000 0.1771 0.0002
20171.7000 0.1788 0.0002
20231.8000 0.1809 0.0002
20291.9000 0.1828 0.0002
20352.0000 0.1848 0.0002
20412.1000 0.1865 0.0002
20472.2000 0.1886 0.0002
20532.3000 0.1908 0.0002
20592.4000 0.1928 0.0002
20652.5000 0.1952 0.0002
20712.6000 0.1976 0.0002
20772.7000 0.2000 0.0002
20832.8000 0.2023 0.0002
20892.9000 0.2048 0.0002
20953.0000 0.2078 0.0002
21013.1000 0.2106 0.0002
21073.2000 0.2136 0.0002
21133.3000 0.2163 0.0002
21193.4000 0.2193 0.0002
21253.5000 0.2224 0.0002
21313.6000 0.2256 0.0002
21373.7000 0.2286 0.0002
21433.8000 0.2320 0.0002
21493.9000 0.2352 0.0002
21554.0000 0.2386 0.0002
21614.1000 0.2421 0.0003
21674.2000 0.2459 0.0003
21734.3000 0.2501 0.0003
21794.4000 0.2539 0.0003
21854.5000 0.2575 0.0003
21914.6000 0.2616 0.0003
21974.7000 0.2656 0.0003
22034.8000 0.2694 0.0003
22094.9000 0.2733 0.0003
22155.0000 0.2773 0.0003
22215.1000 0.2812 0.0003
22275.2000 0.2850 0.0003
22335.3000 0.2888 0.0003
22395.4000 0.2931 0.0003
22455.5000 0.2972 0.0003
22515.6000 0.3014 0.0003
22575.7000 0.3056 0.0003
22635.8000 0.3102 0.0003
22695.9000 0.3144 0.0003
22756.0000 0.3187 0.0004
22816.1000 0.3231 0.0004
22876.2000 0.3270 0.0004
22936.3000 0.3307 0.0004
22996.4000 0.3348 0.0004
23056.5000 0.3390 0.0004
23116.6000 0.3433 0.0004
23176.7000 0.3475 0.0004
23236.8000 0.3518 0.0004
23296.9000 0.3563 0.0004
23357.0000 0.3613 0.0004
23417.1000 0.3658 0.0004
23477.2000 0.3701 0.0004
23537.3000 0.3747 0.0005
23597.4000 0.3790 0.0005
23657.5000 0.3829 0.0005
23717.6000 0.3869 0.0005
23777.7000 0.3910 0.0005
23837.8000 0.3951 0.0005
23897.9000 0.3995 0.0005
23958.0000 0.4034 0.0005
24018.1000 0.4025 0.0005
24078.2000 0.4012 0.0005
24138.3000 0.3996 0.0005
24198.4000 0.3976 0.0005
24258.5000 0.3965 0.0005
24318.6000 0.3943 0.0005
24378.7000 0.3926 0.0005
24438.8000 0.3907 0.0005
24498.9000 0.3894 0.0005
24559.0000 0.3879 0.0005
24619.1000 0.3870 0.0005
24679.2000 0.3859 0.0005
24739.3000 0.3847 0.0005
24799.4000 0.3827 0.0005
24859.5000 0.3813 0.0005
24919.6000 0.3804 0.0005
24979.7000 0.3800 0.0005
25039.8000 0.3789 0.0005
25099.9000 0.3779 0.0005
25160.0000 0.3762 0.0005
25220.1000 0.3749 0.0005
25280.2000 0.3731 0.0006
25340.3000 0.3714 0.0006
25400.4000 0.3712 0.0006
25460.5000 0.3718 0.0006
25520.6000 0.3714 0.0006
25580.7000 0.3713 0.0006
25640.8000 0.3711 0.0006
25700.9000 0.3710 0.0006
25761.0000 0.3705 0.0006
25821.1000 0.3705 0.0006
25881.2000 0.3712 0.0006
25941.3000 0.3709 0.0006
26001.4000 0.3702 0.0006
26061.5000 0.3701 0.0006
26121.6000 0.3699 0.0006
26181.7000 0.3695 0.0006
26241.8000 0.3696 0.0006
26301.9000 0.3698 0.0006
26362.0000 0.3699 0.0006
26422.1000 0.3705 0.0006
26482.2000 0.3708 0.0006
26542.3000 0.3712 0.0006
26602.4000 0.3714 0.0006
26662.5000 0.3712 0.0006
26722.6000 0.3712 0.0006
26782.7000 0.3718 0.0006
26842.8000 0.3730 0.0006
26902.9000 0.3740 0.0006
26963.0000 0.3751 0.0006
27023.1000 0.3761 0.0006
27083.2000 0.3770 0.0006
27143.3000 0.3778 0.0006
27203.4000 0.3792 0.0006
27263.5000 0.3804 0.0006
27323.6000 0.3818 0.0006
27383.7000 0.3831 0.0006
27443.8000 0.3850 0.0006
27503.9000 0.3859 0.0007
27564.0000 0.3874 0.0007
27624.1000 0.3889 0.0007
27684.2000 0.3905 0.0007
27744.3000 0.3920 0.0007
27804.4000 0.3931 0.0007
27864.5000 0.3940 0.0007
27924.6000 0.3958 0.0007
27984.7000 0.3980 0.0007
28044.8000 0.4001 0.0007
28104.9000 0.4027 0.0007
28165.0000 0.4051 0.0007
28225.1000 0.4067 0.0007
28285.2000 0.4083 0.0007
28345.3000 0.4104 0.0007
28405.4000 0.4122 0.0007
28465.5000 0.4139 0.0007
28525.6000 0.4154 0.0007
28585.7000 0.4171 0.0007
28645.8000 0.4191 0.0007
28705.9000 0.4214 0.0007
28766.0000 0.4230 0.0007
