# messageDelay  cumulativeProbability
1.0000 0.0002
1.0000 0.0003
1.0000 0.0005
1.0000 0.0007
1.0000 0.0009
1.0000 0.0010
1.0000 0.0012
1.0000 0.0014
1.0000 0.0016
1.0000 0.0017
1.0000 0.0019
1.0000 0.0021
1.0000 0.0023
1.0000 0.0024
1.0000 0.0026
1.0000 0.0028
1.0000 0.0030
1.0000 0.0031
1.0000 0.0033
1.0000 0.0035
1.0000 0.0036
1.0000 0.0038
1.0000 0.0040
1.0000 0.0042
1.0000 0.0043
1.0000 0.0045
1.0000 0.0047
1.0000 0.0049
2.0000 0.0050
2.1000 0.0052
4.0000 0.0054
4.6000 0.0056
5.5000 0.0057
20.0000 0.0059
26.9000 0.0061
52.4000 0.0063
57.8000 0.0064
68.1000 0.0066
69.1000 0.0068
83.4000 0.0069
84.4000 0.0071
86.9000 0.0073
94.2000 0.0075
97.9000 0.0076
101.3000 0.0078
101.9000 0.0080
108.8000 0.0082
113.0000 0.0083
115.8000 0.0085
118.7000 0.0087
120.5000 0.0089
121.6000 0.0090
122.5000 0.0092
124.8000 0.0094
127.1000 0.0095
131.0000 0.0097
133.2000 0.0099
134.2000 0.0101
138.0000 0.0102
139.0000 0.0104
140.7000 0.0106
145.0000 0.0108
156.0000 0.0109
157.4000 0.0111
161.8000 0.0113
165.1000 0.0115
167.6000 0.0116
180.5000 0.0118
181.2000 0.0120
182.4000 0.0122
190.1000 0.0123
194.2000 0.0125
201.8000 0.0127
202.3000 0.0128
204.0000 0.0130
204.6000 0.0132
207.6000 0.0134
209.4000 0.0135
211.8000 0.0137
212.8000 0.0139
213.3000 0.0141
228.0000 0.0142
228.5000 0.0144
232.4000 0.0146
233.2000 0.0148
235.0000 0.0149
235.2000 0.0151
235.3000 0.0153
238.9000 0.0155
240.6000 0.0156
241.3000 0.0158
242.0000 0.0160
250.3000 0.0161
251.1000 0.0163
252.2000 0.0165
252.5000 0.0167
255.3000 0.0168
255.5000 0.0170
257.9000 0.0172
258.5000 0.0174
263.2000 0.0175
265.9000 0.0177
266.3000 0.0179
267.9000 0.0181
272.0000 0.0182
273.0000 0.0184
278.9000 0.0186
280.1000 0.0187
284.2000 0.0189
286.2000 0.0191
288.3000 0.0193
288.6000 0.0194
289.7000 0.0196
292.6000 0.0198
295.3000 0.0200
299.8000 0.0201
303.1000 0.0203
305.3000 0.0205
306.9000 0.0207
316.1000 0.0208
317.6000 0.0210
318.2000 0.0212
319.5000 0.0214
328.1000 0.0215
333.3000 0.0217
333.5000 0.0219
335.6000 0.0220
335.6000 0.0222
336.2000 0.0224
336.8000 0.0226
336.8000 0.0227
337.5000 0.0229
337.7000 0.0231
338.6000 0.0233
338.8000 0.0234
339.5000 0.0236
345.0000 0.0238
345.6000 0.0240
345.6000 0.0241
345.6000 0.0243
347.7000 0.0245
349.5000 0.0247
351.1000 0.0248
351.8000 0.0250
352.8000 0.0252
354.4000 0.0253
357.2000 0.0255
357.8000 0.0257
360.6000 0.0259
366.9000 0.0260
367.6000 0.0262
369.6000 0.0264
370.1000 0.0266
370.8000 0.0267
370.9000 0.0269
372.0000 0.0271
372.8000 0.0273
375.9000 0.0274
377.1000 0.0276
381.0000 0.0278
381.3000 0.0280
382.7000 0.0281
385.3000 0.0283
386.5000 0.0285
387.4000 0.0286
388.0000 0.0288
388.4000 0.0290
392.4000 0.0292
394.9000 0.0293
397.0000 0.0295
398.4000 0.0297
403.7000 0.0299
404.5000 0.0300
405.5000 0.0302
405.5000 0.0304
405.7000 0.0306
408.7000 0.0307
409.7000 0.0309
410.9000 0.0311
411.8000 0.0312
413.0000 0.0314
413.4000 0.0316
419.3000 0.0318
420.2000 0.0319
422.3000 0.0321
425.1000 0.0323
428.4000 0.0325
431.0000 0.0326
431.6000 0.0328
434.5000 0.0330
434.9000 0.0332
435.9000 0.0333
436.1000 0.0335
438.9000 0.0337
439.2000 0.0339
439.8000 0.0340
440.6000 0.0342
442.1000 0.0344
444.3000 0.0345
447.1000 0.0347
449.9000 0.0349
451.2000 0.0351
451.5000 0.0352
452.2000 0.0354
453.0000 0.0356
455.0000 0.0358
455.7000 0.0359
460.8000 0.0361
464.6000 0.0363
466.2000 0.0365
468.0000 0.0366
469.6000 0.0368
471.5000 0.0370
472.4000 0.0372
475.2000 0.0373
475.9000 0.0375
476.7000 0.0377
477.5000 0.0378
478.1000 0.0380
478.7000 0.0382
478.9000 0.0384
479.0000 0.0385
479.8000 0.0387
480.9000 0.0389
481.5000 0.0391
483.6000 0.0392
485.9000 0.0394
486.3000 0.0396
486.5000 0.0398
487.7000 0.0399
488.1000 0.0401
490.6000 0.0403
490.7000 0.0405
492.4000 0.0406
493.4000 0.0408
493.7000 0.0410
497.8000 0.0411
501.9000 0.0413
502.5000 0.0415
507.0000 0.0417
507.1000 0.0418
507.6000 0.0420
508.0000 0.0422
509.1000 0.0424
513.1000 0.0425
514.4000 0.0427
514.9000 0.0429
515.3000 0.0431
515.6000 0.0432
516.3000 0.0434
516.7000 0.0436
516.8000 0.0437
517.2000 0.0439
518.6000 0.0441
518.7000 0.0443
519.6000 0.0444
520.6000 0.0446
523.8000 0.0448
524.6000 0.0450
524.7000 0.0451
525.7000 0.0453
526.0000 0.0455
527.6000 0.0457
528.4000 0.0458
529.1000 0.0460
530.7000 0.0462
532.2000 0.0464
532.5000 0.0465
532.5000 0.0467
533.0000 0.0469
533.9000 0.0470
535.7000 0.0472
543.3000 0.0474
546.1000 0.0476
549.9000 0.0477
553.2000 0.0479
554.9000 0.0481
555.0000 0.0483
558.6000 0.0484
560.2000 0.0486
560.6000 0.0488
562.7000 0.0490
564.3000 0.0491
566.5000 0.0493
566.8000 0.0495
567.7000 0.0497
570.7000 0.0498
571.0000 0.0500
575.9000 0.0502
577.2000 0.0503
579.0000 0.0505
583.6000 0.0507
584.2000 0.0509
587.2000 0.0510
591.1000 0.0512
591.6000 0.0514
592.3000 0.0516
592.8000 0.0517
598.2000 0.0519
598.6000 0.0521
598.7000 0.0523
598.8000 0.0524
599.7000 0.0526
599.8000 0.0528
600.5000 0.0530
604.4000 0.0531
606.9000 0.0533
608.2000 0.0535
609.5000 0.0536
610.4000 0.0538
610.9000 0.0540
613.4000 0.0542
617.1000 0.0543
621.6000 0.0545
623.3000 0.0547
623.5000 0.0549
623.6000 0.0550
624.3000 0.0552
625.2000 0.0554
628.3000 0.0556
630.0000 0.0557
630.1000 0.0559
634.1000 0.0561
636.4000 0.0562
637.9000 0.0564
638.0000 0.0566
639.4000 0.0568
640.4000 0.0569
643.2000 0.0571
646.5000 0.0573
647.5000 0.0575
650.3000 0.0576
657.9000 0.0578
660.6000 0.0580
663.7000 0.0582
665.2000 0.0583
668.3000 0.0585
668.5000 0.0587
670.1000 0.0589
670.3000 0.0590
672.9000 0.0592
674.1000 0.0594
674.3000 0.0595
675.3000 0.0597
675.6000 0.0599
675.7000 0.0601
677.2000 0.0602
678.8000 0.0604
679.7000 0.0606
683.7000 0.0608
685.0000 0.0609
685.0000 0.0611
685.9000 0.0613
689.0000 0.0615
690.1000 0.0616
690.3000 0.0618
691.0000 0.0620
691.1000 0.0622
691.8000 0.0623
692.8000 0.0625
693.2000 0.0627
696.3000 0.0628
698.2000 0.0630
699.9000 0.0632
700.0000 0.0634
700.8000 0.0635
701.3000 0.0637
701.5000 0.0639
701.6000 0.0641
702.3000 0.0642
703.3000 0.0644
711.4000 0.0646
713.9000 0.0648
715.8000 0.0649
717.1000 0.0651
717.3000 0.0653
717.7000 0.0655
718.2000 0.0656
722.5000 0.0658
723.5000 0.0660
726.4000 0.0661
727.9000 0.0663
730.4000 0.0665
731.2000 0.0667
732.4000 0.0668
736.2000 0.0670
736.6000 0.0672
737.0000 0.0674
738.7000 0.0675
739.7000 0.0677
741.6000 0.0679
745.5000 0.0681
746.9000 0.0682
747.3000 0.0684
747.7000 0.0686
749.1000 0.0687
750.8000 0.0689
752.1000 0.0691
752.2000 0.0693
756.3000 0.0694
757.3000 0.0696
757.8000 0.0698
759.0000 0.0700
759.5000 0.0701
761.8000 0.0703
762.0000 0.0705
762.8000 0.0707
763.4000 0.0708
763.8000 0.0710
767.2000 0.0712
768.2000 0.0714
768.5000 0.0715
768.6000 0.0717
769.6000 0.0719
770.6000 0.0720
772.6000 0.0722
772.9000 0.0724
773.3000 0.0726
774.4000 0.0727
775.5000 0.0729
775.5000 0.0731
776.1000 0.0733
776.9000 0.0734
777.3000 0.0736
779.0000 0.0738
779.0000 0.0740
779.5000 0.0741
781.0000 0.0743
783.5000 0.0745
784.0000 0.0747
784.3000 0.0748
785.5000 0.0750
786.3000 0.0752
787.3000 0.0753
788.2000 0.0755
789.2000 0.0757
789.4000 0.0759
789.7000 0.0760
790.1000 0.0762
790.9000 0.0764
792.3000 0.0766
792.8000 0.0767
793.7000 0.0769
797.8000 0.0771
801.4000 0.0773
801.6000 0.0774
806.7000 0.0776
807.5000 0.0778
808.1000 0.0780
808.6000 0.0781
808.6000 0.0783
810.4000 0.0785
813.3000 0.0786
813.4000 0.0788
819.2000 0.0790
820.0000 0.0792
821.2000 0.0793
821.7000 0.0795
822.4000 0.0797
822.9000 0.0799
825.5000 0.0800
826.6000 0.0802
827.1000 0.0804
828.9000 0.0806
829.6000 0.0807
831.8000 0.0809
832.2000 0.0811
833.6000 0.0812
834.2000 0.0814
837.7000 0.0816
837.9000 0.0818
838.4000 0.0819
839.1000 0.0821
842.3000 0.0823
842.5000 0.0825
844.1000 0.0826
848.7000 0.0828
848.7000 0.0830
849.3000 0.0832
850.1000 0.0833
851.2000 0.0835
852.0000 0.0837
852.9000 0.0839
855.4000 0.0840
855.6000 0.0842
856.2000 0.0844
859.5000 0.0845
860.0000 0.0847
861.7000 0.0849
862.5000 0.0851
864.8000 0.0852
866.3000 0.0854
869.7000 0.0856
870.9000 0.0858
872.2000 0.0859
872.7000 0.0861
873.1000 0.0863
873.4000 0.0865
874.2000 0.0866
874.9000 0.0868
880.8000 0.0870
885.2000 0.0872
885.6000 0.0873
891.2000 0.0875
891.6000 0.0877
891.7000 0.0878
892.5000 0.0880
892.8000 0.0882
893.8000 0.0884
893.8000 0.0885
894.1000 0.0887
895.0000 0.0889
896.0000 0.0891
896.4000 0.0892
896.8000 0.0894
898.3000 0.0896
898.8000 0.0898
903.4000 0.0899
903.8000 0.0901
907.2000 0.0903
908.2000 0.0905
909.4000 0.0906
910.7000 0.0908
911.9000 0.0910
911.9000 0.0911
914.8000 0.0913
916.3000 0.0915
917.6000 0.0917
918.2000 0.0918
918.3000 0.0920
922.1000 0.0922
923.5000 0.0924
929.6000 0.0925
930.6000 0.0927
932.3000 0.0929
933.0000 0.0931
934.5000 0.0932
935.2000 0.0934
936.7000 0.0936
937.5000 0.0937
941.1000 0.0939
942.1000 0.0941
944.3000 0.0943
945.5000 0.0944
948.4000 0.0946
948.5000 0.0948
949.0000 0.0950
949.5000 0.0951
951.2000 0.0953
953.5000 0.0955
955.3000 0.0957
956.1000 0.0958
957.1000 0.0960
957.3000 0.0962
957.4000 0.0964
957.9000 0.0965
959.4000 0.0967
961.7000 0.0969
962.0000 0.0970
963.9000 0.0972
970.4000 0.0974
973.6000 0.0976
976.2000 0.0977
976.8000 0.0979
977.9000 0.0981
978.3000 0.0983
978.4000 0.0984
978.7000 0.0986
979.1000 0.0988
982.3000 0.0990
982.7000 0.0991
982.9000 0.0993
987.3000 0.0995
990.4000 0.0997
991.6000 0.0998
992.8000 0.1000
994.9000 0.1002
995.7000 0.1003
997.2000 0.1005
998.5000 0.1007
998.9000 0.1009
1000.4000 0.1010
1000.9000 0.1012
1002.8000 0.1014
1003.3000 0.1016
1005.0000 0.1017
1005.5000 0.1019
1007.6000 0.1021
1007.7000 0.1023
1008.2000 0.1024
1013.1000 0.1026
1013.9000 0.1028
1015.5000 0.1030
1015.9000 0.1031
1016.0000 0.1033
1016.2000 0.1035
1017.8000 0.1036
1021.3000 0.1038
1022.5000 0.1040
1023.0000 0.1042
1023.3000 0.1043
1027.7000 0.1045
1028.2000 0.1047
1028.5000 0.1049
1028.6000 0.1050
1029.1000 0.1052
1029.9000 0.1054
1034.3000 0.1056
1035.5000 0.1057
1037.2000 0.1059
1037.9000 0.1061
1038.0000 0.1062
1038.1000 0.1064
1039.8000 0.1066
1041.3000 0.1068
1046.9000 0.1069
1050.1000 0.1071
1053.4000 0.1073
1053.6000 0.1075
1055.3000 0.1076
1057.9000 0.1078
1060.8000 0.1080
1062.3000 0.1082
1064.6000 0.1083
1067.0000 0.1085
1067.2000 0.1087
1070.5000 0.1089
1071.1000 0.1090
1072.2000 0.1092
1077.3000 0.1094
1078.8000 0.1095
1081.3000 0.1097
1082.5000 0.1099
1082.5000 0.1101
1084.9000 0.1102
1085.5000 0.1104
1085.9000 0.1106
1086.1000 0.1108
1087.3000 0.1109
1087.7000 0.1111
1087.7000 0.1113
1089.1000 0.1115
1090.0000 0.1116
1090.9000 0.1118
1091.1000 0.1120
1092.5000 0.1122
1092.8000 0.1123
1092.9000 0.1125
1093.5000 0.1127
1093.5000 0.1128
1093.8000 0.1130
1095.1000 0.1132
1095.8000 0.1134
1096.0000 0.1135
1096.5000 0.1137
1101.5000 0.1139
1109.3000 0.1141
1110.2000 0.1142
1110.9000 0.1144
1114.3000 0.1146
1116.0000 0.1148
1117.3000 0.1149
1119.7000 0.1151
1121.7000 0.1153
1122.5000 0.1155
1123.9000 0.1156
1124.7000 0.1158
1127.7000 0.1160
1128.2000 0.1161
1128.5000 0.1163
1134.0000 0.1165
1136.2000 0.1167
1138.8000 0.1168
1142.7000 0.1170
1143.6000 0.1172
1145.1000 0.1174
1145.2000 0.1175
1145.5000 0.1177
1145.8000 0.1179
1146.4000 0.1181
1146.6000 0.1182
1146.7000 0.1184
1149.0000 0.1186
1149.1000 0.1187
1149.9000 0.1189
1150.9000 0.1191
1152.3000 0.1193
1153.1000 0.1194
1160.9000 0.1196
1161.4000 0.1198
1161.7000 0.1200
1163.8000 0.1201
1164.8000 0.1203
1165.8000 0.1205
1172.9000 0.1207
1173.1000 0.1208
1178.1000 0.1210
1180.7000 0.1212
1181.2000 0.1214
1181.3000 0.1215
1181.5000 0.1217
1182.0000 0.1219
1182.4000 0.1220
1191.8000 0.1222
1193.2000 0.1224
1194.7000 0.1226
1196.3000 0.1227
1197.8000 0.1229
1198.0000 0.1231
1198.8000 0.1233
1199.1000 0.1234
1200.5000 0.1236
1201.5000 0.1238
1201.7000 0.1240
1205.2000 0.1241
1205.6000 0.1243
1210.0000 0.1245
1213.1000 0.1247
1213.4000 0.1248
1213.7000 0.1250
1213.9000 0.1252
1214.2000 0.1253
1215.0000 0.1255
1216.5000 0.1257
1218.8000 0.1259
1219.6000 0.1260
1220.3000 0.1262
1222.2000 0.1264
1222.8000 0.1266
1223.9000 0.1267
1227.3000 0.1269
1227.9000 0.1271
1232.4000 0.1273
1233.0000 0.1274
1236.7000 0.1276
1238.5000 0.1278
1240.4000 0.1280
1242.9000 0.1281
1249.7000 0.1283
1250.9000 0.1285
1253.6000 0.1286
1253.7000 0.1288
1255.3000 0.1290
1262.1000 0.1292
1262.8000 0.1293
1264.5000 0.1295
1266.4000 0.1297
1267.8000 0.1299
1270.5000 0.1300
1271.3000 0.1302
1273.6000 0.1304
1273.7000 0.1306
1275.2000 0.1307
1279.0000 0.1309
1279.5000 0.1311
1280.9000 0.1312
1283.4000 0.1314
1284.3000 0.1316
1285.0000 0.1318
1285.4000 0.1319
1287.8000 0.1321
1288.3000 0.1323
1288.5000 0.1325
1290.4000 0.1326
1290.9000 0.1328
1293.9000 0.1330
1294.8000 0.1332
1295.1000 0.1333
1295.5000 0.1335
1296.3000 0.1337
1298.8000 0.1339
1299.0000 0.1340
1303.5000 0.1342
1305.3000 0.1344
1307.1000 0.1345
1307.6000 0.1347
1308.0000 0.1349
1309.6000 0.1351
1317.4000 0.1352
1317.6000 0.1354
1317.8000 0.1356
1320.5000 0.1358
1321.0000 0.1359
1322.4000 0.1361
1327.6000 0.1363
1332.4000 0.1365
1332.5000 0.1366
1334.0000 0.1368
1335.3000 0.1370
1344.4000 0.1372
1345.5000 0.1373
1348.6000 0.1375
1349.4000 0.1377
1349.8000 0.1378
1352.9000 0.1380
1353.1000 0.1382
1360.6000 0.1384
1360.7000 0.1385
1362.8000 0.1387
1363.0000 0.1389
1363.0000 0.1391
1363.4000 0.1392
1364.6000 0.1394
1366.9000 0.1396
1368.8000 0.1398
1369.8000 0.1399
1375.0000 0.1401
1375.6000 0.1403
1379.5000 0.1405
1383.3000 0.1406
1383.4000 0.1408
1384.1000 0.1410
1390.9000 0.1411
1400.9000 0.1413
1401.9000 0.1415
1404.9000 0.1417
1406.5000 0.1418
1413.4000 0.1420
1413.9000 0.1422
1414.9000 0.1424
1424.2000 0.1425
1424.7000 0.1427
1425.7000 0.1429
1427.8000 0.1431
1427.9000 0.1432
1431.3000 0.1434
1432.9000 0.1436
1433.1000 0.1437
1433.8000 0.1439
1434.8000 0.1441
1435.1000 0.1443
1437.9000 0.1444
1438.2000 0.1446
1439.3000 0.1448
1440.5000 0.1450
1447.0000 0.1451
1448.7000 0.1453
1453.4000 0.1455
1456.9000 0.1457
1457.7000 0.1458
1460.7000 0.1460
1462.3000 0.1462
1467.3000 0.1464
1468.6000 0.1465
1474.7000 0.1467
1475.2000 0.1469
1476.3000 0.1470
1484.2000 0.1472
1487.6000 0.1474
1489.3000 0.1476
1492.6000 0.1477
1496.0000 0.1479
1501.5000 0.1481
1502.2000 0.1483
1504.0000 0.1484
1506.9000 0.1486
1507.5000 0.1488
1511.3000 0.1490
1516.8000 0.1491
1520.6000 0.1493
1521.3000 0.1495
1522.0000 0.1497
1522.6000 0.1498
1524.9000 0.1500
1531.0000 0.1502
1531.8000 0.1503
1532.5000 0.1505
1533.1000 0.1507
1540.6000 0.1509
1541.9000 0.1510
1544.5000 0.1512
1548.9000 0.1514
1550.1000 0.1516
1552.4000 0.1517
1556.1000 0.1519
1560.4000 0.1521
1570.3000 0.1523
1571.0000 0.1524
1575.3000 0.1526
1576.1000 0.1528
1577.2000 0.1530
1583.6000 0.1531
1583.8000 0.1533
1584.1000 0.1535
1584.8000 0.1536
1589.4000 0.1538
1591.7000 0.1540
1592.4000 0.1542
1594.1000 0.1543
1600.2000 0.1545
1603.0000 0.1547
1604.7000 0.1549
1604.8000 0.1550
1605.3000 0.1552
1606.9000 0.1554
1608.6000 0.1556
1611.7000 0.1557
1612.6000 0.1559
1615.3000 0.1561
1618.1000 0.1562
1618.6000 0.1564
1620.4000 0.1566
1624.4000 0.1568
1634.1000 0.1569
1635.5000 0.1571
1636.4000 0.1573
1637.0000 0.1575
1637.8000 0.1576
1638.3000 0.1578
1639.2000 0.1580
1641.7000 0.1582
1642.6000 0.1583
1648.7000 0.1585
1653.8000 0.1587
1661.8000 0.1589
1663.7000 0.1590
1677.9000 0.1592
1678.3000 0.1594
1678.4000 0.1595
1679.8000 0.1597
1683.3000 0.1599
1683.6000 0.1601
1683.8000 0.1602
1687.8000 0.1604
1689.8000 0.1606
1691.7000 0.1608
1693.6000 0.1609
1699.5000 0.1611
1706.3000 0.1613
1708.8000 0.1615
1709.2000 0.1616
1714.2000 0.1618
1717.5000 0.1620
1721.9000 0.1622
1723.4000 0.1623
1724.7000 0.1625
1725.9000 0.1627
1728.7000 0.1628
1731.1000 0.1630
1740.4000 0.1632
1744.5000 0.1634
1745.0000 0.1635
1748.9000 0.1637
1753.3000 0.1639
1754.7000 0.1641
1755.4000 0.1642
1757.8000 0.1644
1760.8000 0.1646
1761.5000 0.1648
1767.2000 0.1649
1772.6000 0.1651
1778.3000 0.1653
1783.5000 0.1655
1787.4000 0.1656
1791.5000 0.1658
1792.9000 0.1660
1796.0000 0.1661
1796.2000 0.1663
1798.3000 0.1665
1802.1000 0.1667
1809.0000 0.1668
1811.3000 0.1670
1818.1000 0.1672
1819.2000 0.1674
1822.2000 0.1675
1829.1000 0.1677
1830.7000 0.1679
1832.0000 0.1681
1834.9000 0.1682
1836.1000 0.1684
1837.7000 0.1686
1838.3000 0.1687
1838.8000 0.1689
1840.5000 0.1691
1841.9000 0.1693
1842.8000 0.1694
1852.3000 0.1696
1854.9000 0.1698
1859.5000 0.1700
1870.5000 0.1701
1870.6000 0.1703
1870.6000 0.1705
1879.4000 0.1707
1883.2000 0.1708
1888.1000 0.1710
1888.3000 0.1712
1889.4000 0.1714
1898.4000 0.1715
1903.0000 0.1717
1903.6000 0.1719
1904.7000 0.1720
1908.7000 0.1722
1910.2000 0.1724
1917.2000 0.1726
1922.7000 0.1727
1925.0000 0.1729
1932.8000 0.1731
1933.0000 0.1733
1940.5000 0.1734
1941.9000 0.1736
1944.5000 0.1738
1947.8000 0.1740
1952.0000 0.1741
1952.4000 0.1743
1958.0000 0.1745
1958.3000 0.1747
1965.5000 0.1748
1967.4000 0.1750
1972.2000 0.1752
1972.5000 0.1753
1982.5000 0.1755
1983.4000 0.1757
1988.0000 0.1759
1992.9000 0.1760
1994.6000 0.1762
1995.6000 0.1764
1998.6000 0.1766
2002.5000 0.1767
2006.2000 0.1769
2021.9000 0.1771
2022.6000 0.1773
2022.7000 0.1774
2023.4000 0.1776
2026.7000 0.1778
2028.2000 0.1780
2029.3000 0.1781
2040.9000 0.1783
2043.8000 0.1785
2048.3000 0.1786
2049.3000 0.1788
2050.4000 0.1790
2053.8000 0.1792
2057.0000 0.1793
2059.2000 0.1795
2063.2000 0.1797
2066.9000 0.1799
2073.0000 0.1800
2074.8000 0.1802
2081.4000 0.1804
2094.3000 0.1806
2099.6000 0.1807
2101.2000 0.1809
2103.8000 0.1811
2106.2000 0.1812
2108.3000 0.1814
2109.5000 0.1816
2109.8000 0.1818
2111.9000 0.1819
2117.3000 0.1821
2120.4000 0.1823
2120.8000 0.1825
2134.0000 0.1826
2135.0000 0.1828
2141.6000 0.1830
2143.2000 0.1832
2144.4000 0.1833
2154.6000 0.1835
2157.7000 0.1837
2159.8000 0.1839
2167.7000 0.1840
2168.0000 0.1842
2168.8000 0.1844
2169.6000 0.1845
2177.8000 0.1847
2178.0000 0.1849
2179.8000 0.1851
2188.2000 0.1852
2189.7000 0.1854
2191.1000 0.1856
2192.1000 0.1858
2194.0000 0.1859
2199.9000 0.1861
2203.2000 0.1863
2211.9000 0.1865
2212.0000 0.1866
2213.9000 0.1868
2213.9000 0.1870
2214.6000 0.1872
2220.0000 0.1873
2225.4000 0.1875
2231.1000 0.1877
2243.6000 0.1878
2246.1000 0.1880
2248.3000 0.1882
2252.9000 0.1884
2255.4000 0.1885
2257.2000 0.1887
2261.6000 0.1889
2263.5000 0.1891
2273.9000 0.1892
2286.9000 0.1894
2289.1000 0.1896
2295.1000 0.1898
2295.3000 0.1899
2297.7000 0.1901
2300.2000 0.1903
2304.0000 0.1905
2306.0000 0.1906
2319.0000 0.1908
2320.8000 0.1910
2322.4000 0.1911
2322.9000 0.1913
2323.1000 0.1915
2326.0000 0.1917
2334.4000 0.1918
2340.2000 0.1920
2340.4000 0.1922
2346.1000 0.1924
2357.5000 0.1925
2369.9000 0.1927
2371.3000 0.1929
2372.6000 0.1931
2372.6000 0.1932
2374.2000 0.1934
2378.4000 0.1936
2378.6000 0.1937
2385.3000 0.1939
2385.8000 0.1941
2391.8000 0.1943
2405.3000 0.1944
2419.3000 0.1946
2420.6000 0.1948
2432.1000 0.1950
2434.4000 0.1951
2443.1000 0.1953
2444.1000 0.1955
2448.3000 0.1957
2452.7000 0.1958
2454.2000 0.1960
2454.2000 0.1962
2458.1000 0.1964
2469.3000 0.1965
2475.1000 0.1967
2484.2000 0.1969
2484.6000 0.1970
2502.2000 0.1972
2508.5000 0.1974
2519.0000 0.1976
2527.5000 0.1977
2529.9000 0.1979
2533.9000 0.1981
2534.9000 0.1983
2535.1000 0.1984
2536.6000 0.1986
2543.4000 0.1988
2547.6000 0.1990
2555.7000 0.1991
2556.0000 0.1993
2571.6000 0.1995
2583.4000 0.1997
2583.9000 0.1998
2587.8000 0.2000
2595.4000 0.2002
2597.2000 0.2003
2598.7000 0.2005
2600.8000 0.2007
2601.6000 0.2009
2602.5000 0.2010
2611.2000 0.2012
2614.6000 0.2014
2616.8000 0.2016
2626.6000 0.2017
2627.7000 0.2019
2637.9000 0.2021
2639.5000 0.2023
2650.6000 0.2024
2666.2000 0.2026
2667.0000 0.2028
2671.8000 0.2030
2676.2000 0.2031
2677.2000 0.2033
2679.2000 0.2035
2682.2000 0.2036
2698.7000 0.2038
2702.4000 0.2040
2704.8000 0.2042
2708.6000 0.2043
2710.3000 0.2045
2716.4000 0.2047
2721.6000 0.2049
2727.9000 0.2050
2746.6000 0.2052
2746.9000 0.2054
2753.9000 0.2056
2755.1000 0.2057
2759.4000 0.2059
2772.1000 0.2061
2773.9000 0.2062
2785.7000 0.2064
2805.0000 0.2066
2816.6000 0.2068
2818.8000 0.2069
2834.0000 0.2071
2853.5000 0.2073
2861.1000 0.2075
2862.0000 0.2076
2863.6000 0.2078
2867.7000 0.2080
2875.5000 0.2082
2878.4000 0.2083
2885.0000 0.2085
2887.1000 0.2087
2897.0000 0.2089
2900.7000 0.2090
2902.7000 0.2092
2903.0000 0.2094
2906.5000 0.2095
2906.8000 0.2097
2917.5000 0.2099
2919.7000 0.2101
2920.7000 0.2102
2935.1000 0.2104
2949.1000 0.2106
2952.2000 0.2108
2953.8000 0.2109
2959.7000 0.2111
2978.1000 0.2113
2987.3000 0.2115
3009.4000 0.2116
3010.8000 0.2118
3014.3000 0.2120
3027.3000 0.2122
3029.6000 0.2123
3036.2000 0.2125
3046.6000 0.2127
3052.4000 0.2128
3063.1000 0.2130
3081.7000 0.2132
3083.1000 0.2134
3086.8000 0.2135
3090.5000 0.2137
3095.9000 0.2139
3101.2000 0.2141
3102.9000 0.2142
3111.8000 0.2144
3122.9000 0.2146
3140.8000 0.2148
3143.6000 0.2149
3144.3000 0.2151
3154.8000 0.2153
3189.1000 0.2155
3198.2000 0.2156
3202.9000 0.2158
3203.6000 0.2160
3209.2000 0.2161
3209.9000 0.2163
3212.8000 0.2165
3224.1000 0.2167
3225.5000 0.2168
3239.6000 0.2170
3247.3000 0.2172
3255.2000 0.2174
3273.3000 0.2175
3288.7000 0.2177
3294.0000 0.2179
3297.9000 0.2181
3299.1000 0.2182
3299.9000 0.2184
3300.6000 0.2186
3308.9000 0.2187
3309.5000 0.2189
3317.9000 0.2191
3318.2000 0.2193
3324.7000 0.2194
3337.4000 0.2196
3348.9000 0.2198
3368.9000 0.2200
3382.7000 0.2201
3386.4000 0.2203
3396.6000 0.2205
3403.4000 0.2207
3404.6000 0.2208
3418.5000 0.2210
3421.4000 0.2212
3421.4000 0.2214
3424.1000 0.2215
3431.4000 0.2217
3434.6000 0.2219
3437.1000 0.2220
3438.6000 0.2222
3447.4000 0.2224
3461.7000 0.2226
3468.2000 0.2227
3480.4000 0.2229
3485.0000 0.2231
3491.1000 0.2233
3499.1000 0.2234
3504.1000 0.2236
3513.0000 0.2238
3513.2000 0.2240
3515.7000 0.2241
3523.9000 0.2243
3524.7000 0.2245
3529.9000 0.2247
3538.8000 0.2248
3539.1000 0.2250
3546.6000 0.2252
3556.8000 0.2253
3563.6000 0.2255
3575.2000 0.2257
3579.3000 0.2259
3593.1000 0.2260
3594.8000 0.2262
3604.1000 0.2264
3607.5000 0.2266
3608.9000 0.2267
3618.9000 0.2269
3620.3000 0.2271
3623.3000 0.2273
3626.9000 0.2274
3635.4000 0.2276
3645.9000 0.2278
3646.1000 0.2280
3654.1000 0.2281
3654.7000 0.2283
3659.1000 0.2285
3664.8000 0.2286
3677.8000 0.2288
3678.1000 0.2290
3678.6000 0.2292
3683.5000 0.2293
3693.8000 0.2295
3694.4000 0.2297
3700.4000 0.2299
3704.7000 0.2300
3711.9000 0.2302
3714.7000 0.2304
3718.6000 0.2306
3738.6000 0.2307
3740.0000 0.2309
3746.2000 0.2311
3764.9000 0.2312
3765.7000 0.2314
3793.8000 0.2316
3798.5000 0.2318
3816.0000 0.2319
3832.6000 0.2321
3848.5000 0.2323
3858.7000 0.2325
3859.2000 0.2326
3869.7000 0.2328
3884.8000 0.2330
3894.2000 0.2332
3896.5000 0.2333
3906.8000 0.2335
3913.0000 0.2337
3916.3000 0.2339
3917.0000 0.2340
3928.2000 0.2342
3931.9000 0.2344
3934.7000 0.2345
3944.0000 0.2347
3948.0000 0.2349
3949.3000 0.2351
3955.7000 0.2352
3960.9000 0.2354
3968.0000 0.2356
3974.8000 0.2358
3984.0000 0.2359
3990.1000 0.2361
3991.6000 0.2363
3993.9000 0.2365
3997.4000 0.2366
4007.3000 0.2368
4028.4000 0.2370
4041.4000 0.2372
4053.2000 0.2373
4064.3000 0.2375
4073.1000 0.2377
4077.0000 0.2378
4090.5000 0.2380
4095.6000 0.2382
4097.9000 0.2384
4098.7000 0.2385
4112.4000 0.2387
4123.9000 0.2389
4128.7000 0.2391
4136.6000 0.2392
4140.8000 0.2394
4141.0000 0.2396
4153.6000 0.2398
4156.7000 0.2399
4182.1000 0.2401
4190.9000 0.2403
4207.6000 0.2405
4210.2000 0.2406
4216.9000 0.2408
4228.6000 0.2410
4283.9000 0.2411
4285.1000 0.2413
4285.2000 0.2415
4286.3000 0.2417
4291.9000 0.2418
4293.0000 0.2420
4300.3000 0.2422
4316.7000 0.2424
4319.0000 0.2425
4323.7000 0.2427
4348.4000 0.2429
4364.8000 0.2431
4365.0000 0.2432
4365.8000 0.2434
4379.2000 0.2436
4406.4000 0.2437
4426.2000 0.2439
4429.6000 0.2441
4435.1000 0.2443
4438.7000 0.2444
4439.2000 0.2446
4454.8000 0.2448
4473.9000 0.2450
4474.0000 0.2451
4501.9000 0.2453
4508.8000 0.2455
4516.4000 0.2457
4551.0000 0.2458
4556.2000 0.2460
4557.5000 0.2462
4569.0000 0.2464
4578.9000 0.2465
4603.5000 0.2467
4616.7000 0.2469
4617.1000 0.2470
4617.6000 0.2472
4629.9000 0.2474
4631.7000 0.2476
4632.8000 0.2477
4636.6000 0.2479
4658.3000 0.2481
4663.8000 0.2483
4664.1000 0.2484
4674.5000 0.2486
4676.2000 0.2488
4686.8000 0.2490
4690.7000 0.2491
4697.9000 0.2493
4699.1000 0.2495
4705.2000 0.2497
4716.3000 0.2498
4719.6000 0.2500
4728.6000 0.2502
4729.4000 0.2503
4729.8000 0.2505
4737.4000 0.2507
4742.1000 0.2509
4743.4000 0.2510
4751.5000 0.2512
4768.8000 0.2514
4790.8000 0.2516
4798.1000 0.2517
4802.9000 0.2519
4819.8000 0.2521
4840.9000 0.2523
4853.7000 0.2524
4857.6000 0.2526
4860.2000 0.2528
4880.3000 0.2530
4892.6000 0.2531
4895.7000 0.2533
4899.7000 0.2535
4903.6000 0.2536
4906.5000 0.2538
4907.8000 0.2540
4921.8000 0.2542
4925.6000 0.2543
4933.8000 0.2545
4941.1000 0.2547
4941.2000 0.2549
4958.1000 0.2550
4964.1000 0.2552
4969.8000 0.2554
4972.7000 0.2556
4982.4000 0.2557
5001.3000 0.2559
5003.5000 0.2561
5052.0000 0.2563
5060.3000 0.2564
5068.1000 0.2566
5077.4000 0.2568
5089.2000 0.2569
5092.0000 0.2571
5104.5000 0.2573
5113.4000 0.2575
5124.5000 0.2576
5131.0000 0.2578
5132.5000 0.2580
5143.3000 0.2582
5177.8000 0.2583
5187.0000 0.2585
5189.7000 0.2587
5201.5000 0.2589
5209.9000 0.2590
5219.6000 0.2592
5220.3000 0.2594
5224.1000 0.2595
5229.6000 0.2597
5235.0000 0.2599
5248.8000 0.2601
5249.0000 0.2602
5258.2000 0.2604
5271.8000 0.2606
5275.4000 0.2608
5302.0000 0.2609
5308.2000 0.2611
5312.9000 0.2613
5315.0000 0.2615
5318.5000 0.2616
5343.0000 0.2618
5366.6000 0.2620
5378.5000 0.2622
5384.4000 0.2623
5386.1000 0.2625
5389.2000 0.2627
5403.4000 0.2628
5422.9000 0.2630
5431.9000 0.2632
5441.3000 0.2634
5456.5000 0.2635
5467.0000 0.2637
5468.5000 0.2639
5474.2000 0.2641
5488.6000 0.2642
5490.4000 0.2644
5492.7000 0.2646
5495.1000 0.2648
5498.2000 0.2649
5504.1000 0.2651
5525.1000 0.2653
5527.0000 0.2655
5548.2000 0.2656
5556.9000 0.2658
5575.5000 0.2660
5582.1000 0.2661
5588.0000 0.2663
5595.9000 0.2665
5598.5000 0.2667
5627.1000 0.2668
5633.8000 0.2670
5666.7000 0.2672
5666.8000 0.2674
5667.2000 0.2675
5668.4000 0.2677
5676.2000 0.2679
5696.0000 0.2681
5698.4000 0.2682
5702.7000 0.2684
5705.6000 0.2686
5721.8000 0.2688
5722.3000 0.2689
5724.9000 0.2691
5725.4000 0.2693
5732.9000 0.2694
5734.9000 0.2696
5736.3000 0.2698
5752.7000 0.2700
5755.3000 0.2701
5756.9000 0.2703
5757.6000 0.2705
5776.9000 0.2707
5786.4000 0.2708
5799.5000 0.2710
5809.6000 0.2712
5811.0000 0.2714
5821.1000 0.2715
5826.3000 0.2717
5838.0000 0.2719
5854.3000 0.2720
5856.4000 0.2722
5884.1000 0.2724
5895.2000 0.2726
5898.0000 0.2727
5903.1000 0.2729
5903.2000 0.2731
5908.2000 0.2733
5956.9000 0.2734
5960.8000 0.2736
5975.0000 0.2738
5983.0000 0.2740
6022.4000 0.2741
6036.0000 0.2743
6040.1000 0.2745
6049.8000 0.2747
6056.9000 0.2748
6062.4000 0.2750
6069.2000 0.2752
6075.6000 0.2753
6080.6000 0.2755
6104.3000 0.2757
6112.6000 0.2759
6117.0000 0.2760
6119.5000 0.2762
6142.2000 0.2764
6143.2000 0.2766
6158.4000 0.2767
6165.1000 0.2769
6167.4000 0.2771
6197.6000 0.2773
6198.5000 0.2774
6200.2000 0.2776
6212.6000 0.2778
6218.1000 0.2780
6223.4000 0.2781
6227.8000 0.2783
6229.8000 0.2785
6235.7000 0.2786
6249.1000 0.2788
6252.1000 0.2790
6264.9000 0.2792
6269.6000 0.2793
6286.2000 0.2795
6292.1000 0.2797
6293.5000 0.2799
6296.4000 0.2800
6308.5000 0.2802
6319.6000 0.2804
6326.1000 0.2806
6327.3000 0.2807
6327.4000 0.2809
6331.0000 0.2811
6343.9000 0.2813
6355.0000 0.2814
6356.4000 0.2816
6362.1000 0.2818
6368.8000 0.2819
6372.0000 0.2821
6384.2000 0.2823
6393.4000 0.2825
6395.2000 0.2826
6397.9000 0.2828
6401.7000 0.2830
6421.7000 0.2832
6426.8000 0.2833
6428.6000 0.2835
6429.9000 0.2837
6430.3000 0.2839
6432.0000 0.2840
6443.0000 0.2842
6448.8000 0.2844
6456.4000 0.2845
6464.1000 0.2847
6475.6000 0.2849
6486.7000 0.2851
6489.5000 0.2852
6528.0000 0.2854
6531.8000 0.2856
6550.9000 0.2858
6557.9000 0.2859
6560.9000 0.2861
6561.1000 0.2863
6586.7000 0.2865
6597.9000 0.2866
6598.3000 0.2868
6607.1000 0.2870
6625.5000 0.2872
6664.3000 0.2873
6666.2000 0.2875
6678.2000 0.2877
6686.7000 0.2878
6690.5000 0.2880
6715.4000 0.2882
6724.6000 0.2884
6744.7000 0.2885
6751.1000 0.2887
6759.5000 0.2889
6763.8000 0.2891
6774.8000 0.2892
6781.8000 0.2894
6789.4000 0.2896
6797.0000 0.2898
6802.5000 0.2899
6808.9000 0.2901
6811.5000 0.2903
6827.9000 0.2905
6839.6000 0.2906
6841.6000 0.2908
6845.6000 0.2910
6856.9000 0.2911
6877.4000 0.2913
6911.6000 0.2915
6918.6000 0.2917
6922.8000 0.2918
6923.7000 0.2920
6938.5000 0.2922
6939.4000 0.2924
6945.9000 0.2925
6951.0000 0.2927
6953.1000 0.2929
6963.3000 0.2931
6977.4000 0.2932
6979.3000 0.2934
6981.2000 0.2936
6985.2000 0.2938
6986.6000 0.2939
6994.2000 0.2941
7000.2000 0.2943
7017.6000 0.2944
7017.6000 0.2946
7018.6000 0.2948
7019.1000 0.2950
7021.7000 0.2951
7022.6000 0.2953
7023.0000 0.2955
7026.0000 0.2957
7038.2000 0.2958
7088.6000 0.2960
7089.1000 0.2962
7092.9000 0.2964
7093.7000 0.2965
7105.7000 0.2967
7106.7000 0.2969
7107.3000 0.2970
7108.0000 0.2972
7156.3000 0.2974
7166.0000 0.2976
7166.7000 0.2977
7184.9000 0.2979
7191.4000 0.2981
7197.0000 0.2983
7202.1000 0.2984
7217.9000 0.2986
7231.2000 0.2988
7233.1000 0.2990
7237.6000 0.2991
7248.1000 0.2993
7253.5000 0.2995
7259.2000 0.2997
7262.4000 0.2998
7262.8000 0.3000
7263.2000 0.3002
7270.3000 0.3003
7277.4000 0.3005
7279.6000 0.3007
7295.6000 0.3009
7308.4000 0.3010
7337.4000 0.3012
7338.6000 0.3014
7338.8000 0.3016
7343.7000 0.3017
7347.4000 0.3019
7358.4000 0.3021
7365.9000 0.3023
7393.8000 0.3024
7401.9000 0.3026
7419.1000 0.3028
7424.6000 0.3030
7441.5000 0.3031
7443.2000 0.3033
7464.5000 0.3035
7465.4000 0.3036
7485.8000 0.3038
7494.2000 0.3040
7505.8000 0.3042
7512.0000 0.3043
7527.0000 0.3045
7566.9000 0.3047
7573.5000 0.3049
7582.4000 0.3050
7584.8000 0.3052
7593.2000 0.3054
7607.9000 0.3056
7608.2000 0.3057
7625.0000 0.3059
7639.5000 0.3061
7647.7000 0.3063
7659.3000 0.3064
7666.4000 0.3066
7672.7000 0.3068
7680.2000 0.3069
7682.7000 0.3071
7687.1000 0.3073
7690.8000 0.3075
7702.2000 0.3076
7718.4000 0.3078
7725.1000 0.3080
7736.8000 0.3082
7744.0000 0.3083
7744.3000 0.3085
7750.9000 0.3087
7751.8000 0.3089
7758.4000 0.3090
7763.0000 0.3092
7777.7000 0.3094
7785.6000 0.3095
7792.1000 0.3097
7809.0000 0.3099
7830.8000 0.3101
7839.4000 0.3102
7850.5000 0.3104
7859.4000 0.3106
7868.6000 0.3108
7874.7000 0.3109
7876.1000 0.3111
7876.8000 0.3113
7878.5000 0.3115
7891.8000 0.3116
7905.4000 0.3118
7919.9000 0.3120
7952.8000 0.3122
7960.1000 0.3123
7971.6000 0.3125
7985.5000 0.3127
7986.1000 0.3128
8002.7000 0.3130
8016.4000 0.3132
8028.1000 0.3134
8029.2000 0.3135
8034.7000 0.3137
8040.4000 0.3139
8043.4000 0.3141
8046.4000 0.3142
8053.5000 0.3144
8060.2000 0.3146
8065.5000 0.3148
8067.6000 0.3149
8069.1000 0.3151
8072.4000 0.3153
8073.4000 0.3155
8074.8000 0.3156
8077.1000 0.3158
8093.8000 0.3160
8111.2000 0.3161
8111.9000 0.3163
8115.7000 0.3165
8134.2000 0.3167
8143.6000 0.3168
8147.6000 0.3170
8154.0000 0.3172
8165.9000 0.3174
8173.5000 0.3175
8185.5000 0.3177
8208.0000 0.3179
8209.0000 0.3181
8226.0000 0.3182
8226.9000 0.3184
8227.4000 0.3186
8241.6000 0.3188
8258.1000 0.3189
8259.4000 0.3191
8263.0000 0.3193
8286.4000 0.3194
8290.2000 0.3196
8304.3000 0.3198
8324.4000 0.3200
8332.7000 0.3201
8335.6000 0.3203
8358.6000 0.3205
8377.8000 0.3207
8402.1000 0.3208
8414.5000 0.3210
8424.2000 0.3212
8461.1000 0.3214
8486.6000 0.3215
8499.8000 0.3217
8525.4000 0.3219
8525.4000 0.3220
8549.2000 0.3222
8557.0000 0.3224
8557.2000 0.3226
8564.3000 0.3227
8579.2000 0.3229
8580.7000 0.3231
8591.2000 0.3233
8600.6000 0.3234
8617.1000 0.3236
8624.0000 0.3238
8629.2000 0.3240
8636.2000 0.3241
8652.0000 0.3243
8654.6000 0.3245
8659.3000 0.3247
8673.1000 0.3248
8680.4000 0.3250
8692.0000 0.3252
8709.9000 0.3253
8721.6000 0.3255
8733.5000 0.3257
8743.0000 0.3259
8747.8000 0.3260
8749.3000 0.3262
8754.0000 0.3264
8757.0000 0.3266
8813.1000 0.3267
8822.6000 0.3269
8828.6000 0.3271
8836.3000 0.3273
8837.8000 0.3274
8840.0000 0.3276
8853.9000 0.3278
8862.2000 0.3280
8863.2000 0.3281
8882.2000 0.3283
8891.9000 0.3285
8953.3000 0.3286
8975.4000 0.3288
8979.2000 0.3290
8983.9000 0.3292
8990.9000 0.3293
9005.1000 0.3295
9005.8000 0.3297
9006.6000 0.3299
9018.1000 0.3300
9051.2000 0.3302
9052.6000 0.3304
9057.3000 0.3306
9071.2000 0.3307
9089.4000 0.3309
9091.1000 0.3311
9092.8000 0.3313
9097.8000 0.3314
9104.2000 0.3316
9117.9000 0.3318
9124.0000 0.3319
9128.0000 0.3321
9128.8000 0.3323
9131.3000 0.3325
9147.6000 0.3326
9154.4000 0.3328
9165.7000 0.3330
9167.5000 0.3332
9167.8000 0.3333
9175.9000 0.3335
9179.4000 0.3337
9188.2000 0.3339
9199.1000 0.3340
9200.8000 0.3342
9213.9000 0.3344
9221.3000 0.3345
9233.0000 0.3347
9263.1000 0.3349
9269.3000 0.3351
9277.6000 0.3352
9284.4000 0.3354
9303.8000 0.3356
9328.1000 0.3358
9330.9000 0.3359
9351.9000 0.3361
9354.0000 0.3363
9365.1000 0.3365
9366.8000 0.3366
9367.2000 0.3368
9385.4000 0.3370
9386.7000 0.3372
9397.0000 0.3373
9401.8000 0.3375
9419.4000 0.3377
9443.1000 0.3378
9449.9000 0.3380
9450.9000 0.3382
9461.1000 0.3384
9465.8000 0.3385
9471.6000 0.3387
9476.4000 0.3389
9485.7000 0.3391
9492.4000 0.3392
9499.7000 0.3394
9500.8000 0.3396
9537.7000 0.3398
9551.8000 0.3399
9565.1000 0.3401
9565.5000 0.3403
9567.6000 0.3405
9579.4000 0.3406
9582.2000 0.3408
9584.4000 0.3410
9585.4000 0.3411
9585.9000 0.3413
9587.9000 0.3415
9593.1000 0.3417
9607.6000 0.3418
9612.3000 0.3420
9622.1000 0.3422
9628.9000 0.3424
9632.6000 0.3425
9634.7000 0.3427
9640.7000 0.3429
9659.2000 0.3431
9661.5000 0.3432
9665.1000 0.3434
9673.4000 0.3436
9688.7000 0.3438
9691.6000 0.3439
9705.2000 0.3441
9708.1000 0.3443
9731.3000 0.3444
9732.9000 0.3446
9744.9000 0.3448
9752.2000 0.3450
9766.5000 0.3451
9769.8000 0.3453
9776.4000 0.3455
9779.8000 0.3457
9784.7000 0.3458
9788.8000 0.3460
9791.6000 0.3462
9796.0000 0.3464
9798.9000 0.3465
9806.4000 0.3467
9816.2000 0.3469
9822.6000 0.3470
9823.3000 0.3472
9828.1000 0.3474
9832.1000 0.3476
9837.4000 0.3477
9838.9000 0.3479
9847.6000 0.3481
9870.3000 0.3483
9873.4000 0.3484
9880.7000 0.3486
9883.0000 0.3488
9888.2000 0.3490
9895.2000 0.3491
9898.0000 0.3493
9914.3000 0.3495
9926.7000 0.3497
9931.9000 0.3498
9934.7000 0.3500
9939.9000 0.3502
9941.8000 0.3503
9945.8000 0.3505
9947.2000 0.3507
9948.9000 0.3509
9950.3000 0.3510
9958.6000 0.3512
9958.8000 0.3514
9961.9000 0.3516
9963.7000 0.3517
9969.4000 0.3519
9996.8000 0.3521
10030.3000 0.3523
10041.4000 0.3524
10078.0000 0.3526
10081.6000 0.3528
10081.9000 0.3530
10085.9000 0.3531
10089.3000 0.3533
10109.9000 0.3535
10114.9000 0.3536
10115.3000 0.3538
10120.2000 0.3540
10122.5000 0.3542
10138.4000 0.3543
10138.5000 0.3545
10146.6000 0.3547
10151.9000 0.3549
10152.5000 0.3550
10154.2000 0.3552
10162.1000 0.3554
10163.0000 0.3556
10177.6000 0.3557
10197.2000 0.3559
10215.2000 0.3561
10215.8000 0.3563
10232.3000 0.3564
10237.0000 0.3566
10244.1000 0.3568
10257.6000 0.3569
10259.7000 0.3571
10270.0000 0.3573
10288.6000 0.3575
10303.6000 0.3576
10310.7000 0.3578
10321.6000 0.3580
10322.8000 0.3582
10327.9000 0.3583
10329.3000 0.3585
10339.0000 0.3587
10340.3000 0.3589
10352.9000 0.3590
10357.5000 0.3592
10359.0000 0.3594
10380.3000 0.3595
10387.1000 0.3597
10393.5000 0.3599
10401.5000 0.3601
10407.2000 0.3602
10412.6000 0.3604
10416.5000 0.3606
10435.3000 0.3608
10448.0000 0.3609
10457.3000 0.3611
10472.7000 0.3613
10473.4000 0.3615
10477.9000 0.3616
10494.0000 0.3618
10509.8000 0.3620
10521.6000 0.3622
10530.7000 0.3623
10549.5000 0.3625
10581.2000 0.3627
10585.3000 0.3628
10609.5000 0.3630
10612.6000 0.3632
10624.9000 0.3634
10640.6000 0.3635
10664.9000 0.3637
10665.5000 0.3639
10668.9000 0.3641
10677.3000 0.3642
10685.2000 0.3644
10688.7000 0.3646
10700.7000 0.3648
10705.9000 0.3649
10709.9000 0.3651
10720.9000 0.3653
10724.2000 0.3655
10737.2000 0.3656
10766.4000 0.3658
10770.7000 0.3660
10771.4000 0.3661
10781.7000 0.3663
10791.4000 0.3665
10820.9000 0.3667
10837.4000 0.3668
10842.6000 0.3670
10849.9000 0.3672
10854.2000 0.3674
10857.7000 0.3675
10858.0000 0.3677
10862.9000 0.3679
10864.1000 0.3681
10873.1000 0.3682
10880.9000 0.3684
10886.1000 0.3686
10893.4000 0.3688
10902.2000 0.3689
10906.3000 0.3691
10934.5000 0.3693
10946.6000 0.3694
10960.8000 0.3696
10966.1000 0.3698
10988.3000 0.3700
10993.4000 0.3701
10996.8000 0.3703
11000.9000 0.3705
11002.3000 0.3707
11022.8000 0.3708
11032.0000 0.3710
11048.8000 0.3712
11052.4000 0.3714
11064.6000 0.3715
11067.4000 0.3717
11076.0000 0.3719
11086.4000 0.3720
11110.2000 0.3722
11118.5000 0.3724
11144.5000 0.3726
11147.0000 0.3727
11153.2000 0.3729
11155.4000 0.3731
11163.9000 0.3733
11188.6000 0.3734
11200.7000 0.3736
11204.0000 0.3738
11214.3000 0.3740
11215.8000 0.3741
11225.8000 0.3743
11243.2000 0.3745
11297.6000 0.3747
11301.9000 0.3748
11326.1000 0.3750
11335.4000 0.3752
11348.9000 0.3753
11353.9000 0.3755
11367.5000 0.3757
11375.4000 0.3759
11392.8000 0.3760
11394.7000 0.3762
11412.9000 0.3764
11437.3000 0.3766
11446.0000 0.3767
11446.6000 0.3769
11463.7000 0.3771
11471.7000 0.3773
11485.0000 0.3774
11485.6000 0.3776
11491.6000 0.3778
11498.5000 0.3780
11510.9000 0.3781
11515.1000 0.3783
11520.3000 0.3785
11553.7000 0.3786
11557.7000 0.3788
11561.7000 0.3790
11564.7000 0.3792
11605.6000 0.3793
11617.9000 0.3795
11621.0000 0.3797
11627.2000 0.3799
11628.4000 0.3800
11653.2000 0.3802
11658.9000 0.3804
11679.0000 0.3806
11679.4000 0.3807
11690.3000 0.3809
11691.6000 0.3811
11709.4000 0.3813
11720.0000 0.3814
11723.9000 0.3816
11737.9000 0.3818
11740.9000 0.3819
11747.3000 0.3821
11751.5000 0.3823
11762.5000 0.3825
11764.2000 0.3826
11789.6000 0.3828
11797.9000 0.3830
11798.4000 0.3832
11828.8000 0.3833
11859.6000 0.3835
11862.7000 0.3837
11864.4000 0.3839
11908.4000 0.3840
11911.3000 0.3842
11914.9000 0.3844
11920.0000 0.3845
11924.6000 0.3847
11940.2000 0.3849
11955.4000 0.3851
11956.1000 0.3852
11967.3000 0.3854
11968.5000 0.3856
11970.6000 0.3858
11972.1000 0.3859
11974.5000 0.3861
11974.6000 0.3863
11985.2000 0.3865
11988.7000 0.3866
12023.3000 0.3868
12034.4000 0.3870
12037.2000 0.3872
12040.7000 0.3873
12055.5000 0.3875
12058.7000 0.3877
12091.7000 0.3878
12094.2000 0.3880
12095.1000 0.3882
12098.9000 0.3884
12112.4000 0.3885
12126.5000 0.3887
12129.6000 0.3889
12175.0000 0.3891
12176.3000 0.3892
12182.0000 0.3894
12190.2000 0.3896
12190.9000 0.3898
12195.4000 0.3899
12217.4000 0.3901
12222.9000 0.3903
12227.7000 0.3905
12238.8000 0.3906
12245.3000 0.3908
12258.1000 0.3910
12263.6000 0.3911
12286.8000 0.3913
12303.1000 0.3915
12305.7000 0.3917
12306.9000 0.3918
12325.2000 0.3920
12326.6000 0.3922
12332.7000 0.3924
12332.8000 0.3925
12368.7000 0.3927
12372.2000 0.3929
12390.4000 0.3931
12400.7000 0.3932
12402.9000 0.3934
12403.7000 0.3936
12420.7000 0.3938
12423.6000 0.3939
12435.6000 0.3941
12437.9000 0.3943
12442.6000 0.3944
12474.3000 0.3946
12492.4000 0.3948
12497.8000 0.3950
12508.9000 0.3951
12509.2000 0.3953
12518.4000 0.3955
12522.7000 0.3957
12528.8000 0.3958
12579.1000 0.3960
12590.0000 0.3962
12615.0000 0.3964
12616.3000 0.3965
12616.6000 0.3967
12618.8000 0.3969
12623.7000 0.3970
12630.4000 0.3972
12641.4000 0.3974
12661.4000 0.3976
12672.4000 0.3977
12682.7000 0.3979
12693.9000 0.3981
12699.5000 0.3983
12716.9000 0.3984
12717.0000 0.3986
12725.2000 0.3988
12739.3000 0.3990
12742.3000 0.3991
12747.9000 0.3993
12755.8000 0.3995
12756.2000 0.3997
12757.7000 0.3998
12757.8000 0.4000
12767.3000 0.4002
12772.7000 0.4003
12780.4000 0.4005
12783.1000 0.4007
12807.2000 0.4009
12813.6000 0.4010
12815.8000 0.4012
12848.3000 0.4014
12848.3000 0.4016
12852.4000 0.4017
12869.1000 0.4019
12882.6000 0.4021
12884.0000 0.4023
12892.8000 0.4024
12898.6000 0.4026
12900.6000 0.4028
12928.7000 0.4030
12944.7000 0.4031
12944.9000 0.4033
12948.7000 0.4035
12954.9000 0.4036
12956.0000 0.4038
12968.2000 0.4040
12968.8000 0.4042
12978.0000 0.4043
13001.4000 0.4045
13002.7000 0.4047
13010.8000 0.4049
13017.9000 0.4050
13040.0000 0.4052
13058.5000 0.4054
13063.6000 0.4056
13097.8000 0.4057
13109.1000 0.4059
13111.7000 0.4061
13113.9000 0.4063
13120.0000 0.4064
13121.4000 0.4066
13134.6000 0.4068
13143.4000 0.4069
13146.2000 0.4071
13148.1000 0.4073
13154.9000 0.4075
13173.8000 0.4076
13194.6000 0.4078
13200.9000 0.4080
13226.1000 0.4082
13231.1000 0.4083
13235.6000 0.4085
13239.6000 0.4087
13242.6000 0.4089
13249.3000 0.4090
13253.7000 0.4092
13255.1000 0.4094
13272.0000 0.4095
13279.3000 0.4097
13279.9000 0.4099
13286.1000 0.4101
13286.7000 0.4102
13288.1000 0.4104
13311.2000 0.4106
13312.7000 0.4108
13312.9000 0.4109
13322.4000 0.4111
13328.0000 0.4113
13334.5000 0.4115
13341.0000 0.4116
13341.3000 0.4118
13354.5000 0.4120
13355.6000 0.4122
13382.3000 0.4123
13394.4000 0.4125
13401.8000 0.4127
13406.9000 0.4128
13415.3000 0.4130
13417.7000 0.4132
13422.6000 0.4134
13423.5000 0.4135
13430.7000 0.4137
13433.9000 0.4139
13442.4000 0.4141
13444.9000 0.4142
13460.9000 0.4144
13473.0000 0.4146
13477.5000 0.4148
13477.9000 0.4149
13481.2000 0.4151
13493.0000 0.4153
13497.3000 0.4155
13499.2000 0.4156
13521.0000 0.4158
13524.5000 0.4160
13529.5000 0.4161
13560.2000 0.4163
13577.3000 0.4165
13577.5000 0.4167
13579.7000 0.4168
13604.6000 0.4170
13612.2000 0.4172
13632.6000 0.4174
13635.9000 0.4175
13642.7000 0.4177
13648.4000 0.4179
13657.1000 0.4181
13657.2000 0.4182
13662.1000 0.4184
13662.7000 0.4186
13671.3000 0.4188
13677.8000 0.4189
13679.6000 0.4191
13686.9000 0.4193
13692.4000 0.4194
13699.4000 0.4196
13711.7000 0.4198
13742.1000 0.4200
13756.5000 0.4201
13760.8000 0.4203
13768.3000 0.4205
13791.6000 0.4207
13796.9000 0.4208
13803.7000 0.4210
13804.4000 0.4212
13810.7000 0.4214
13810.8000 0.4215
13815.6000 0.4217
13846.7000 0.4219
13871.4000 0.4220
13873.9000 0.4222
13883.8000 0.4224
13885.3000 0.4226
13892.7000 0.4227
13897.8000 0.4229
13907.8000 0.4231
13909.4000 0.4233
13915.6000 0.4234
13937.8000 0.4236
13968.5000 0.4238
13972.4000 0.4240
13990.3000 0.4241
13992.5000 0.4243
14002.1000 0.4245
14004.0000 0.4247
14016.4000 0.4248
14027.7000 0.4250
14039.1000 0.4252
14046.4000 0.4253
14054.0000 0.4255
14057.4000 0.4257
14058.2000 0.4259
14074.8000 0.4260
14087.0000 0.4262
14107.1000 0.4264
14119.4000 0.4266
14120.1000 0.4267
14122.0000 0.4269
14128.3000 0.4271
14130.3000 0.4273
14152.4000 0.4274
14160.6000 0.4276
14193.9000 0.4278
14211.4000 0.4280
14214.8000 0.4281
14240.6000 0.4283
14249.2000 0.4285
14250.6000 0.4286
14264.5000 0.4288
14285.5000 0.4290
14291.4000 0.4292
14312.7000 0.4293
14315.2000 0.4295
14335.0000 0.4297
14336.0000 0.4299
14339.6000 0.4300
14343.5000 0.4302
14354.8000 0.4304
14364.0000 0.4306
14368.8000 0.4307
14404.9000 0.4309
14422.4000 0.4311
14423.7000 0.4313
14443.2000 0.4314
14443.8000 0.4316
14457.7000 0.4318
14458.6000 0.4319
14458.7000 0.4321
14468.6000 0.4323
14473.4000 0.4325
14482.8000 0.4326
14493.7000 0.4328
14505.3000 0.4330
14510.5000 0.4332
14526.1000 0.4333
14563.2000 0.4335
14572.9000 0.4337
14581.3000 0.4339
14586.3000 0.4340
14595.3000 0.4342
14597.4000 0.4344
14598.4000 0.4345
14599.8000 0.4347
14613.3000 0.4349
14614.6000 0.4351
14626.4000 0.4352
14629.9000 0.4354
14635.9000 0.4356
14640.3000 0.4358
14645.0000 0.4359
14649.7000 0.4361
14653.8000 0.4363
14661.7000 0.4365
14665.7000 0.4366
14665.7000 0.4368
14715.4000 0.4370
14721.9000 0.4372
14729.4000 0.4373
14732.6000 0.4375
14740.2000 0.4377
14742.9000 0.4378
14761.3000 0.4380
14773.7000 0.4382
14777.5000 0.4384
14786.1000 0.4385
14792.5000 0.4387
14793.0000 0.4389
14804.5000 0.4391
14819.8000 0.4392
14827.6000 0.4394
14833.7000 0.4396
14835.4000 0.4398
14840.4000 0.4399
14867.6000 0.4401
14869.7000 0.4403
14877.5000 0.4405
14883.4000 0.4406
14944.3000 0.4408
14984.2000 0.4410
14992.5000 0.4411
14992.7000 0.4413
14998.4000 0.4415
15014.9000 0.4417
15031.4000 0.4418
15032.5000 0.4420
15034.0000 0.4422
15034.6000 0.4424
15041.6000 0.4425
15043.4000 0.4427
15060.6000 0.4429
15071.7000 0.4431
15075.2000 0.4432
15093.4000 0.4434
15112.5000 0.4436
15116.0000 0.4438
15123.0000 0.4439
15135.5000 0.4441
15141.1000 0.4443
15148.9000 0.4444
15157.8000 0.4446
15178.3000 0.4448
15179.1000 0.4450
15182.0000 0.4451
15220.4000 0.4453
15234.1000 0.4455
15234.6000 0.4457
15248.2000 0.4458
15250.8000 0.4460
15253.1000 0.4462
15259.5000 0.4464
15269.0000 0.4465
15270.7000 0.4467
15282.8000 0.4469
15285.8000 0.4470
15285.9000 0.4472
15286.2000 0.4474
15301.8000 0.4476
15306.9000 0.4477
15353.5000 0.4479
15371.7000 0.4481
15372.0000 0.4483
15380.5000 0.4484
15385.8000 0.4486
15386.5000 0.4488
15386.8000 0.4490
15413.8000 0.4491
15418.6000 0.4493
15433.6000 0.4495
15444.6000 0.4497
15467.7000 0.4498
15470.4000 0.4500
15497.0000 0.4502
15502.7000 0.4503
15503.0000 0.4505
15527.0000 0.4507
15555.7000 0.4509
15559.7000 0.4510
15565.5000 0.4512
15567.3000 0.4514
15591.3000 0.4516
15608.0000 0.4517
15622.4000 0.4519
15630.9000 0.4521
15647.5000 0.4523
15649.1000 0.4524
15674.7000 0.4526
15675.3000 0.4528
15679.0000 0.4530
15686.7000 0.4531
15690.2000 0.4533
15697.2000 0.4535
15699.7000 0.4536
15708.7000 0.4538
15720.0000 0.4540
15733.4000 0.4542
15737.5000 0.4543
15770.6000 0.4545
15779.5000 0.4547
15787.9000 0.4549
15797.4000 0.4550
15808.3000 0.4552
15817.2000 0.4554
15833.2000 0.4556
15835.9000 0.4557
15837.4000 0.4559
15837.8000 0.4561
15856.7000 0.4563
15874.0000 0.4564
15885.9000 0.4566
15890.0000 0.4568
15908.1000 0.4569
15913.0000 0.4571
15916.7000 0.4573
15921.0000 0.4575
15921.0000 0.4576
15923.2000 0.4578
15944.1000 0.4580
15964.2000 0.4582
15970.4000 0.4583
15977.2000 0.4585
15992.4000 0.4587
16006.7000 0.4589
16013.0000 0.4590
16029.7000 0.4592
16037.3000 0.4594
16046.2000 0.4595
16046.6000 0.4597
16066.4000 0.4599
16070.9000 0.4601
16084.7000 0.4602
16114.7000 0.4604
16134.5000 0.4606
16135.6000 0.4608
16136.5000 0.4609
16175.7000 0.4611
16183.1000 0.4613
16188.0000 0.4615
16190.9000 0.4616
16195.6000 0.4618
16201.5000 0.4620
16218.7000 0.4622
16231.9000 0.4623
16243.6000 0.4625
16248.8000 0.4627
16255.7000 0.4628
16257.2000 0.4630
16268.6000 0.4632
16281.2000 0.4634
16290.5000 0.4635
16297.8000 0.4637
16300.3000 0.4639
16301.4000 0.4641
16302.6000 0.4642
16319.1000 0.4644
16334.0000 0.4646
16334.1000 0.4648
16346.8000 0.4649
16349.1000 0.4651
16350.7000 0.4653
16354.8000 0.4655
16367.1000 0.4656
16371.9000 0.4658
16371.9000 0.4660
16375.7000 0.4661
16439.4000 0.4663
16443.3000 0.4665
16446.7000 0.4667
16467.7000 0.4668
16486.7000 0.4670
16499.1000 0.4672
16503.7000 0.4674
16534.3000 0.4675
16542.4000 0.4677
16557.3000 0.4679
16572.3000 0.4681
16607.0000 0.4682
16619.2000 0.4684
16620.4000 0.4686
16622.3000 0.4688
16632.5000 0.4689
16647.4000 0.4691
16650.3000 0.4693
16655.2000 0.4694
16664.9000 0.4696
16669.3000 0.4698
16672.3000 0.4700
16674.0000 0.4701
16680.0000 0.4703
16690.2000 0.4705
16690.4000 0.4707
16690.7000 0.4708
16692.4000 0.4710
16695.6000 0.4712
16701.4000 0.4714
16701.5000 0.4715
16707.6000 0.4717
16711.6000 0.4719
16731.8000 0.4720
16749.1000 0.4722
16758.8000 0.4724
16773.6000 0.4726
16801.7000 0.4727
16811.7000 0.4729
16823.1000 0.4731
16828.1000 0.4733
16830.4000 0.4734
16832.9000 0.4736
16849.9000 0.4738
16856.0000 0.4740
16856.8000 0.4741
16868.1000 0.4743
16886.5000 0.4745
16891.5000 0.4747
16899.1000 0.4748
16917.6000 0.4750
16933.1000 0.4752
16944.2000 0.4753
16956.4000 0.4755
16967.2000 0.4757
16975.7000 0.4759
16987.6000 0.4760
16999.4000 0.4762
17012.6000 0.4764
17013.0000 0.4766
17042.4000 0.4767
17046.8000 0.4769
17067.7000 0.4771
17076.7000 0.4773
17078.9000 0.4774
17079.5000 0.4776
17103.1000 0.4778
17135.9000 0.4780
17138.2000 0.4781
17163.5000 0.4783
17210.0000 0.4785
17223.4000 0.4786
17230.3000 0.4788
17259.7000 0.4790
17300.6000 0.4792
17311.7000 0.4793
17341.4000 0.4795
17361.9000 0.4797
17363.4000 0.4799
17389.2000 0.4800
17398.6000 0.4802
17400.6000 0.4804
17415.6000 0.4806
17426.8000 0.4807
17440.9000 0.4809
17479.9000 0.4811
17534.7000 0.4813
17541.9000 0.4814
17552.0000 0.4816
17555.6000 0.4818
17575.8000 0.4819
17592.4000 0.4821
17593.7000 0.4823
17628.6000 0.4825
17643.7000 0.4826
17661.4000 0.4828
17672.3000 0.4830
17681.6000 0.4832
17690.0000 0.4833
17705.1000 0.4835
17719.0000 0.4837
17719.0000 0.4839
17719.5000 0.4840
17761.5000 0.4842
17786.0000 0.4844
17789.0000 0.4845
17789.0000 0.4847
17793.1000 0.4849
17807.2000 0.4851
17839.2000 0.4852
17845.7000 0.4854
17853.6000 0.4856
17863.0000 0.4858
17873.3000 0.4859
17890.5000 0.4861
17901.0000 0.4863
17905.0000 0.4865
17919.5000 0.4866
17972.7000 0.4868
17976.8000 0.4870
17978.1000 0.4872
18007.8000 0.4873
18017.8000 0.4875
18029.4000 0.4877
18038.2000 0.4878
18053.8000 0.4880
18067.9000 0.4882
18097.0000 0.4884
18099.1000 0.4885
18140.2000 0.4887
18140.7000 0.4889
18141.8000 0.4891
18156.7000 0.4892
18165.4000 0.4894
18168.9000 0.4896
18177.0000 0.4898
18177.7000 0.4899
18177.9000 0.4901
18207.8000 0.4903
18208.2000 0.4905
18218.0000 0.4906
18225.3000 0.4908
18227.6000 0.4910
18233.2000 0.4911
18235.7000 0.4913
18254.5000 0.4915
18295.4000 0.4917
18295.4000 0.4918
18312.1000 0.4920
18312.8000 0.4922
18327.3000 0.4924
18333.0000 0.4925
18334.6000 0.4927
18346.8000 0.4929
18361.2000 0.4931
18384.8000 0.4932
18421.3000 0.4934
18462.2000 0.4936
18466.1000 0.4938
18495.1000 0.4939
18495.2000 0.4941
18502.8000 0.4943
18526.3000 0.4944
18526.8000 0.4946
18530.8000 0.4948
18555.7000 0.4950
18586.0000 0.4951
18588.6000 0.4953
18588.9000 0.4955
18599.0000 0.4957
18599.7000 0.4958
18607.9000 0.4960
18611.3000 0.4962
18615.2000 0.4964
18629.8000 0.4965
18654.7000 0.4967
18662.1000 0.4969
18674.5000 0.4970
18714.6000 0.4972
18727.7000 0.4974
18732.8000 0.4976
18743.0000 0.4977
18804.8000 0.4979
18864.6000 0.4981
18875.0000 0.4983
18880.3000 0.4984
18993.6000 0.4986
19017.4000 0.4988
19034.1000 0.4990
19049.9000 0.4991
19066.9000 0.4993
19073.6000 0.4995
19095.1000 0.4997
19130.4000 0.4998
19201.9000 0.5000
19232.1000 0.5002
19233.5000 0.5003
19245.1000 0.5005
19251.7000 0.5007
19273.1000 0.5009
19280.8000 0.5010
19284.7000 0.5012
19340.2000 0.5014
19354.6000 0.5016
19354.8000 0.5017
19360.2000 0.5019
19373.5000 0.5021
19414.7000 0.5023
19554.9000 0.5024
19566.7000 0.5026
19568.4000 0.5028
19586.5000 0.5030
19591.5000 0.5031
19602.6000 0.5033
19617.7000 0.5035
19622.4000 0.5036
19683.3000 0.5038
19695.1000 0.5040
19709.2000 0.5042
19771.2000 0.5043
19779.6000 0.5045
19832.9000 0.5047
19845.2000 0.5049
19855.1000 0.5050
19875.6000 0.5052
19903.6000 0.5054
19983.2000 0.5056
19983.9000 0.5057
20022.4000 0.5059
20084.8000 0.5061
20095.5000 0.5063
20113.2000 0.5064
20122.6000 0.5066
20146.6000 0.5068
20160.8000 0.5069
20170.0000 0.5071
20177.9000 0.5073
20182.4000 0.5075
20221.3000 0.5076
20280.2000 0.5078
20292.0000 0.5080
20305.2000 0.5082
20424.1000 0.5083
20436.4000 0.5085
20447.3000 0.5087
20467.4000 0.5089
20491.4000 0.5090
20515.1000 0.5092
20570.6000 0.5094
20593.4000 0.5095
20667.3000 0.5097
20701.4000 0.5099
20710.9000 0.5101
20716.6000 0.5102
20738.8000 0.5104
20807.2000 0.5106
20814.9000 0.5108
20936.2000 0.5109
20961.9000 0.5111
21037.6000 0.5113
21049.2000 0.5115
21057.5000 0.5116
21364.2000 0.5118
21396.0000 0.5120
21608.1000 0.5122
21764.3000 0.5123
21801.4000 0.5125
21810.1000 0.5127
21923.1000 0.5128
21942.2000 0.5130
21991.8000 0.5132
22045.1000 0.5134
22154.6000 0.5135
22177.9000 0.5137
22227.0000 0.5139
22312.8000 0.5141
22513.9000 0.5142
22545.0000 0.5144
22570.1000 0.5146
22618.7000 0.5148
22630.0000 0.5149
22791.9000 0.5151
22958.4000 0.5153
22968.6000 0.5155
23003.3000 0.5156
23047.1000 0.5158
23148.3000 0.5160
23242.9000 0.5161
23497.4000 0.5163
23607.9000 0.5165
24008.9000 0.5167
24039.1000 0.5168
24138.7000 0.5170
24508.7000 0.5172
26502.1000 0.5174
