60.0000 0.0002 0.0000
120.1000 0.0004 0.0000
180.2000 0.0007 0.0000
240.3000 0.0010 0.0000
300.3000 0.0012 0.0000
360.3000 0.0015 0.0000
420.3000 0.0018 0.0000
480.3000 0.0021 0.0000
540.3000 0.0025 0.0000
600.3000 0.0029 0.0000
660.3000 0.0032 0.0000
720.3000 0.0036 0.0000
780.3000 0.0040 0.0000
840.3000 0.0045 0.0000
900.3000 0.0050 0.0000
960.3000 0.0054 0.0000
1020.3000 0.0059 0.0000
1080.4000 0.0063 0.0000
1140.5000 0.0068 0.0000
1200.6000 0.0072 0.0000
1260.7000 0.0077 0.0000
1320.8000 0.0083 0.0000
1380.9000 0.0088 0.0000
1441.0000 0.0093 0.0000
1501.1000 0.0098 0.0000
1561.2000 0.0104 0.0000
1621.3000 0.0109 0.0000
1681.4000 0.0115 0.0000
1741.5000 0.0120 0.0000
1801.6000 0.0128 0.0000
1861.7000 0.0135 0.0000
1921.8000 0.0141 0.0000
1981.9000 0.0145 0.0000
2042.0000 0.0152 0.0000
2102.1000 0.0158 0.0000
2162.2000 0.0165 0.0000
2222.3000 0.0171 0.0000
2282.4000 0.0178 0.0000
2342.5000 0.0185 0.0000
2402.6000 0.0191 0.0000
2462.7000 0.0198 0.0000
2522.8000 0.0204 0.0000
2582.9000 0.0210 0.0000
2643.0000 0.0216 0.0000
2703.1000 0.0222 0.0000
2763.2000 0.0227 0.0000
2823.3000 0.0233 0.0000
2883.4000 0.0239 0.0000
2943.5000 0.0245 0.0000
3003.6000 0.0251 0.0000
3063.7000 0.0256 0.0000
3123.8000 0.0263 0.0000
3183.9000 0.0268 0.0000
3244.0000 0.0273 0.0000
3304.1000 0.0279 0.0000
3364.2000 0.0284 0.0000
3424.3000 0.0289 0.0000
3484.4000 0.0294 0.0000
3544.5000 0.0299 0.0000
3604.6000 0.0304 0.0000
3664.7000 0.0309 0.0000
3724.8000 0.0314 0.0000
3784.9000 0.0320 0.0000
3845.0000 0.0327 0.0000
3905.1000 0.0333 0.0000
3965.2000 0.0339 0.0000
4025.3000 0.0344 0.0000
4085.4000 0.0350 0.0001
4145.4000 0.0354 0.0001
4205.4000 0.0360 0.0001
4265.4000 0.0364 0.0001
4325.4000 0.0368 0.0001
4385.4000 0.0372 0.0001
4445.4000 0.0376 0.0001
4505.4000 0.0379 0.0001
4565.4000 0.0383 0.0001
4625.4000 0.0386 0.0001
4685.4000 0.0391 0.0001
4745.4000 0.0394 0.0001
4805.4000 0.0397 0.0001
4865.4000 0.0400 0.0001
4925.4000 0.0402 0.0001
4985.4000 0.0405 0.0001
5045.4000 0.0407 0.0001
5105.4000 0.0409 0.0001
5165.4000 0.0411 0.0001
5225.4000 0.0413 0.0001
5285.4000 0.0415 0.0001
5345.4000 0.0417 0.0001
5405.4000 0.0419 0.0001
5465.4000 0.0421 0.0001
5525.4000 0.0423 0.0001
5585.4000 0.0425 0.0001
5645.4000 0.0427 0.0001
5705.4000 0.0429 0.0001
5765.4000 0.0431 0.0001
5825.4000 0.0433 0.0001
5885.4000 0.0435 0.0001
5945.4000 0.0438 0.0001
6005.4000 0.0439 0.0001
6065.4000 0.0441 0.0001
6125.4000 0.0444 0.0001
6185.4000 0.0445 0.0001
6245.4000 0.0448 0.0001
6305.4000 0.0450 0.0001
6365.4000 0.0452 0.0001
6425.4000 0.0454 0.0001
6485.4000 0.0455 0.0001
6545.4000 0.0457 0.0001
6605.4000 0.0459 0.0001
6665.4000 0.0461 0.0001
6725.4000 0.0463 0.0001
6785.4000 0.0465 0.0001
6845.4000 0.0467 0.0001
6905.4000 0.0469 0.0001
6965.4000 0.0471 0.0001
7025.4000 0.0473 0.0001
7085.4000 0.0475 0.0001
7145.4000 0.0477 0.0001
7205.4000 0.0479 0.0001
7265.4000 0.0481 0.0001
7325.4000 0.0483 0.0001
7385.4000 0.0485 0.0001
7445.4000 0.0487 0.0001
7505.4000 0.0489 0.0001
7565.4000 0.0491 0.0001
7625.4000 0.0493 0.0001
7685.4000 0.0495 0.0001
7745.4000 0.0497 0.0001
7805.4000 0.0499 0.0001
7865.4000 0.0501 0.0001
7925.4000 0.0503 0.0001
7985.4000 0.0505 0.0001
8045.4000 0.0507 0.0001
8105.4000 0.0509 0.0001
8165.4000 0.0511 0.0001
8225.4000 0.0513 0.0001
8285.4000 0.0516 0.0001
8345.4000 0.0518 0.0001
8405.4000 0.0520 0.0001
8465.4000 0.0522 0.0001
8525.4000 0.0524 0.0001
8585.4000 0.0526 0.0001
8645.4000 0.0528 0.0001
8705.4000 0.0530 0.0001
8765.4000 0.0532 0.0001
8825.4000 0.0534 0.0001
8885.4000 0.0536 0.0001
8945.4000 0.0538 0.0001
9005.4000 0.0540 0.0001
9065.4000 0.0542 0.0001
9125.4000 0.0544 0.0001
9185.4000 0.0546 0.0001
9245.4000 0.0548 0.0001
9305.4000 0.0550 0.0001
9365.4000 0.0552 0.0001
9425.4000 0.0555 0.0001
9485.4000 0.0557 0.0001
9545.4000 0.0558 0.0001
9605.4000 0.0561 0.0001
9665.4000 0.0563 0.0001
9725.4000 0.0564 0.0001
9785.4000 0.0566 0.0001
9845.4000 0.0568 0.0001
9905.4000 0.0570 0.0001
9965.4000 0.0572 0.0001
10025.4000 0.0574 0.0001
10085.4000 0.0576 0.0001
10145.4000 0.0578 0.0001
10205.4000 0.0580 0.0001
10265.4000 0.0582 0.0001
10325.4000 0.0584 0.0001
10385.4000 0.0585 0.0001
10445.4000 0.0587 0.0001
10505.4000 0.0589 0.0001
10565.4000 0.0591 0.0001
10625.4000 0.0593 0.0001
10685.4000 0.0595 0.0001
10745.4000 0.0597 0.0001
10805.4000 0.0600 0.0001
10865.4000 0.0602 0.0001
10925.4000 0.0604 0.0001
10985.4000 0.0606 0.0001
11045.4000 0.0608 0.0001
11105.4000 0.0610 0.0001
11165.4000 0.0612 0.0001
11225.4000 0.0614 0.0001
11285.4000 0.0616 0.0001
11345.4000 0.0618 0.0001
11405.4000 0.0620 0.0001
11465.4000 0.0622 0.0001
11525.4000 0.0624 0.0001
11585.4000 0.0626 0.0001
11645.4000 0.0628 0.0001
11705.4000 0.0630 0.0001
11765.4000 0.0632 0.0001
11825.4000 0.0634 0.0001
11885.4000 0.0636 0.0001
11945.4000 0.0638 0.0001
12005.4000 0.0638 0.0001
12065.4000 0.0638 0.0001
12125.4000 0.0638 0.0001
12185.4000 0.0638 0.0001
12245.4000 0.0638 0.0001
12305.4000 0.0638 0.0001
12365.4000 0.0638 0.0001
12425.4000 0.0639 0.0001
12485.4000 0.0639 0.0001
12545.4000 0.0639 0.0001
12605.4000 0.0639 0.0001
12665.4000 0.0639 0.0001
12725.4000 0.0640 0.0001
12785.4000 0.0639 0.0001
12845.4000 0.0639 0.0001
12905.4000 0.0639 0.0001
12965.4000 0.0639 0.0001
13025.4000 0.0639 0.0001
13085.4000 0.0639 0.0001
13145.4000 0.0639 0.0001
13205.4000 0.0639 0.0001
13265.4000 0.0639 0.0001
13325.4000 0.0639 0.0001
13385.4000 0.0639 0.0001
13445.4000 0.0639 0.0001
13505.4000 0.0639 0.0001
13565.4000 0.0639 0.0001
13625.4000 0.0639 0.0001
13685.4000 0.0639 0.0001
13745.4000 0.0639 0.0001
13805.4000 0.0639 0.0001
13865.4000 0.0639 0.0001
13925.4000 0.0639 0.0001
13985.4000 0.0640 0.0001
14045.4000 0.0639 0.0001
14105.4000 0.0639 0.0001
14165.4000 0.0640 0.0001
14225.4000 0.0640 0.0001
14285.4000 0.0640 0.0001
14345.4000 0.0640 0.0001
14405.4000 0.0640 0.0001
14465.4000 0.0639 0.0001
14525.4000 0.0639 0.0001
14585.4000 0.0639 0.0001
14645.4000 0.0639 0.0001
14705.4000 0.0639 0.0001
14765.4000 0.0639 0.0001
14825.4000 0.0639 0.0001
14885.4000 0.0639 0.0001
14945.4000 0.0639 0.0001
15005.4000 0.0639 0.0001
15065.4000 0.0639 0.0001
15125.4000 0.0639 0.0001
15185.4000 0.0639 0.0001
15245.4000 0.0639 0.0001
15305.4000 0.0639 0.0001
15365.4000 0.0639 0.0001
15425.4000 0.0639 0.0001
15485.4000 0.0639 0.0001
15545.4000 0.0639 0.0001
15605.4000 0.0639 0.0001
15665.4000 0.0639 0.0001
15725.4000 0.0640 0.0001
15785.4000 0.0639 0.0001
15845.4000 0.0639 0.0001
15905.4000 0.0639 0.0001
15965.4000 0.0639 0.0001
16025.4000 0.0639 0.0001
16085.4000 0.0639 0.0001
16145.4000 0.0639 0.0001
16205.4000 0.0639 0.0001
16265.4000 0.0639 0.0001
16325.4000 0.0638 0.0001
16385.4000 0.0638 0.0001
16445.5000 0.0639 0.0001
16505.6000 0.0639 0.0001
16565.7000 0.0639 0.0001
16625.8000 0.0639 0.0001
16685.9000 0.0636 0.0001
16746.0000 0.0636 0.0001
16806.1000 0.0636 0.0001
16866.2000 0.0637 0.0001
16926.3000 0.0633 0.0001
16986.4000 0.0635 0.0001
17046.5000 0.0636 0.0001
17106.6000 0.0632 0.0001
17166.7000 0.0611 0.0001
17226.8000 0.0613 0.0001
17286.9000 0.0615 0.0001
17347.0000 0.0612 0.0001
17407.1000 0.0609 0.0001
17467.2000 0.0597 0.0001
17527.3000 0.0601 0.0001
17587.4000 0.0604 0.0001
17647.5000 0.0599 0.0001
17707.6000 0.0604 0.0001
17767.7000 0.0610 0.0001
17827.8000 0.0617 0.0001
17887.9000 0.0619 0.0001
17948.0000 0.0626 0.0001
18008.1000 0.0635 0.0001
18068.2000 0.0643 0.0001
18128.3000 0.0651 0.0001
18188.4000 0.0658 0.0001
18248.5000 0.0665 0.0001
18308.6000 0.0672 0.0001
18368.7000 0.0676 0.0001
18428.8000 0.0686 0.0001
18488.9000 0.0695 0.0001
18549.0000 0.0705 0.0001
18609.1000 0.0715 0.0001
18669.2000 0.0725 0.0001
18729.3000 0.0718 0.0001
18789.4000 0.0715 0.0001
18849.5000 0.0727 0.0001
18909.6000 0.0738 0.0001
18969.7000 0.0750 0.0001
19029.8000 0.0737 0.0001
19089.9000 0.0747 0.0001
19150.0000 0.0759 0.0001
19210.1000 0.0770 0.0001
19270.2000 0.0768 0.0001
19330.3000 0.0780 0.0001
19390.4000 0.0789 0.0001
19450.5000 0.0798 0.0001
19510.6000 0.0808 0.0001
19570.7000 0.0817 0.0001
19630.8000 0.0824 0.0001
19690.9000 0.0831 0.0001
19751.0000 0.0840 0.0001
19811.1000 0.0851 0.0001
19871.2000 0.0860 0.0001
19931.3000 0.0840 0.0001
19991.4000 0.0849 0.0001
20051.5000 0.0860 0.0001
20111.6000 0.0871 0.0001
20171.7000 0.0880 0.0001
20231.8000 0.0890 0.0001
20291.9000 0.0900 0.0001
20352.0000 0.0909 0.0001
20412.1000 0.0919 0.0001
20472.2000 0.0928 0.0001
20532.3000 0.0939 0.0001
20592.4000 0.0951 0.0001
20652.5000 0.0962 0.0001
20712.6000 0.0975 0.0001
20772.7000 0.0985 0.0001
20832.8000 0.0995 0.0001
20892.9000 0.1005 0.0001
20953.0000 0.1020 0.0002
21013.1000 0.1033 0.0002
21073.2000 0.1044 0.0002
21133.3000 0.1055 0.0002
21193.4000 0.1065 0.0002
21253.5000 0.1077 0.0002
21313.6000 0.1089 0.0002
21373.7000 0.1099 0.0002
21433.8000 0.1109 0.0002
21493.9000 0.1121 0.0002
21554.0000 0.1134 0.0002
21614.1000 0.1148 0.0002
21674.2000 0.1160 0.0002
21734.3000 0.1174 0.0002
21794.4000 0.1182 0.0002
21854.5000 0.1199 0.0002
21914.6000 0.1215 0.0002
21974.7000 0.1230 0.0002
22034.8000 0.1244 0.0002
22094.9000 0.1260 0.0002
22155.0000 0.1273 0.0003
22215.1000 0.1288 0.0003
22275.2000 0.1304 0.0003
22335.3000 0.1308 0.0003
22395.4000 0.1322 0.0003
22455.5000 0.1338 0.0003
22515.6000 0.1356 0.0003
22575.7000 0.1371 0.0003
22635.8000 0.1386 0.0003
22695.9000 0.1401 0.0003
22756.0000 0.1420 0.0003
22816.1000 0.1438 0.0003
22876.2000 0.1454 0.0003
22936.3000 0.1471 0.0003
22996.4000 0.1483 0.0003
23056.5000 0.1499 0.0003
23116.6000 0.1517 0.0003
23176.7000 0.1533 0.0004
23236.8000 0.1541 0.0004
23296.9000 0.1556 0.0004
23357.0000 0.1572 0.0004
23417.1000 0.1587 0.0004
23477.2000 0.1601 0.0004
23537.3000 0.1619 0.0004
23597.4000 0.1635 0.0004
23657.5000 0.1652 0.0004
23717.6000 0.1668 0.0004
23777.7000 0.1686 0.0004
23837.8000 0.1703 0.0004
23897.9000 0.1722 0.0004
23958.0000 0.1736 0.0004
24018.1000 0.1747 0.0004
24078.2000 0.1758 0.0004
24138.3000 0.1773 0.0005
24198.4000 0.1787 0.0005
24258.5000 0.1804 0.0005
24318.6000 0.1818 0.0005
24378.7000 0.1829 0.0005
24438.8000 0.1843 0.0005
24498.9000 0.1857 0.0005
24559.0000 0.1870 0.0005
24619.1000 0.1886 0.0005
24679.2000 0.1897 0.0005
24739.3000 0.1911 0.0005
24799.4000 0.1927 0.0005
24859.5000 0.1941 0.0005
24919.6000 0.1951 0.0005
24979.7000 0.1966 0.0005
25039.8000 0.1978 0.0006
25099.9000 0.1990 0.0006
25160.0000 0.2003 0.0006
25220.1000 0.2022 0.0006
25280.2000 0.2034 0.0006
25340.3000 0.2048 0.0006
25400.4000 0.2059 0.0006
25460.5000 0.2074 0.0006
25520.6000 0.2088 0.0006
25580.7000 0.2104 0.0006
25640.8000 0.2119 0.0006
25700.9000 0.2136 0.0006
25761.0000 0.2149 0.0006
25821.1000 0.2164 0.0006
25881.2000 0.2179 0.0006
25941.3000 0.2194 0.0006
26001.4000 0.2204 0.0006
26061.5000 0.2220 0.0007
26121.6000 0.2231 0.0007
26181.7000 0.2239 0.0007
26241.8000 0.2252 0.0007
26301.9000 0.2267 0.0007
26362.0000 0.2277 0.0007
26422.1000 0.2290 0.0007
26482.2000 0.2300 0.0007
26542.3000 0.2311 0.0007
26602.4000 0.2324 0.0007
26662.5000 0.2334 0.0007
26722.6000 0.2343 0.0007
26782.7000 0.2357 0.0007
26842.8000 0.2367 0.0007
26902.9000 0.2373 0.0007
26963.0000 0.2382 0.0007
27023.1000 0.2393 0.0007
27083.2000 0.2394 0.0007
27143.3000 0.2404 0.0007
27203.4000 0.2412 0.0007
27263.5000 0.2423 0.0008
27323.6000 0.2431 0.0008
27383.7000 0.2436 0.0008
27443.8000 0.2441 0.0008
27503.9000 0.2452 0.0008
27564.0000 0.2457 0.0008
27624.1000 0.2463 0.0008
27684.2000 0.2470 0.0008
27744.3000 0.2476 0.0008
27804.4000 0.2480 0.0008
27864.5000 0.2488 0.0008
27924.6000 0.2494 0.0008
27984.7000 0.2497 0.0008
28044.8000 0.2504 0.0008
28104.9000 0.2507 0.0008
28165.0000 0.2510 0.0008
28225.1000 0.2519 0.0008
28285.2000 0.2522 0.0008
28345.3000 0.2528 0.0008
28405.4000 0.2532 0.0008
28465.5000 0.2535 0.0008
28525.6000 0.2538 0.0008
28585.7000 0.2543 0.0008
28645.8000 0.2549 0.0008
28705.9000 0.2551 0.0008
28766.0000 0.2559 0.0008
