60.0000 0.0001 0.0000
120.1000 0.0002 0.0000
180.2000 0.0002 0.0000
240.3000 0.0003 0.0000
300.3000 0.0004 0.0000
360.3000 0.0005 0.0000
420.3000 0.0006 0.0000
480.3000 0.0007 0.0000
540.3000 0.0008 0.0000
600.3000 0.0010 0.0000
660.3000 0.0011 0.0000
720.3000 0.0012 0.0000
780.3000 0.0014 0.0000
840.3000 0.0015 0.0000
900.3000 0.0017 0.0000
960.3000 0.0018 0.0000
1020.3000 0.0019 0.0000
1080.4000 0.0021 0.0000
1140.5000 0.0022 0.0000
1200.6000 0.0024 0.0000
1260.7000 0.0026 0.0000
1320.8000 0.0027 0.0000
1380.9000 0.0029 0.0000
1441.0000 0.0030 0.0000
1501.1000 0.0032 0.0000
1561.2000 0.0034 0.0000
1621.3000 0.0035 0.0000
1681.4000 0.0038 0.0000
1741.5000 0.0039 0.0000
1801.6000 0.0042 0.0000
1861.7000 0.0045 0.0000
1921.8000 0.0046 0.0000
1981.9000 0.0048 0.0000
2042.0000 0.0050 0.0000
2102.1000 0.0052 0.0000
2162.2000 0.0054 0.0000
2222.3000 0.0056 0.0000
2282.4000 0.0058 0.0000
2342.5000 0.0061 0.0000
2402.6000 0.0064 0.0000
2462.7000 0.0066 0.0000
2522.8000 0.0069 0.0000
2582.9000 0.0071 0.0000
2643.0000 0.0073 0.0000
2703.1000 0.0075 0.0000
2763.2000 0.0077 0.0000
2823.3000 0.0080 0.0000
2883.4000 0.0082 0.0000
2943.5000 0.0084 0.0000
3003.6000 0.0087 0.0000
3063.7000 0.0089 0.0000
3123.8000 0.0092 0.0000
3183.9000 0.0093 0.0000
3244.0000 0.0096 0.0000
3304.1000 0.0098 0.0000
3364.2000 0.0099 0.0000
3424.3000 0.0102 0.0000
3484.4000 0.0103 0.0000
3544.5000 0.0105 0.0000
3604.6000 0.0107 0.0000
3664.7000 0.0110 0.0000
3724.8000 0.0112 0.0000
3784.9000 0.0114 0.0000
3845.0000 0.0117 0.0000
3905.1000 0.0119 0.0000
3965.2000 0.0122 0.0000
4025.3000 0.0124 0.0000
4085.4000 0.0127 0.0000
4145.4000 0.0129 0.0000
4205.4000 0.0130 0.0000
4265.4000 0.0132 0.0000
4325.4000 0.0134 0.0000
4385.4000 0.0135 0.0000
4445.4000 0.0136 0.0000
4505.4000 0.0138 0.0000
4565.4000 0.0139 0.0000
4625.4000 0.0141 0.0000
4685.4000 0.0143 0.0000
4745.4000 0.0144 0.0000
4805.4000 0.0145 0.0000
4865.4000 0.0146 0.0000
4925.4000 0.0147 0.0000
4985.4000 0.0148 0.0000
5045.4000 0.0148 0.0000
5105.4000 0.0149 0.0000
5165.4000 0.0150 0.0000
5225.4000 0.0150 0.0000
5285.4000 0.0151 0.0000
5345.4000 0.0151 0.0000
5405.4000 0.0152 0.0000
5465.4000 0.0153 0.0000
5525.4000 0.0154 0.0000
5585.4000 0.0154 0.0000
5645.4000 0.0155 0.0000
5705.4000 0.0155 0.0000
5765.4000 0.0156 0.0000
5825.4000 0.0157 0.0000
5885.4000 0.0158 0.0000
5945.4000 0.0158 0.0000
6005.4000 0.0159 0.0000
6065.4000 0.0160 0.0000
6125.4000 0.0160 0.0000
6185.4000 0.0161 0.0000
6245.4000 0.0162 0.0000
6305.4000 0.0162 0.0000
6365.4000 0.0163 0.0000
6425.4000 0.0164 0.0000
6485.4000 0.0164 0.0000
6545.4000 0.0165 0.0000
6605.4000 0.0166 0.0000
6665.4000 0.0166 0.0000
6725.4000 0.0167 0.0000
6785.4000 0.0168 0.0000
6845.4000 0.0168 0.0000
6905.4000 0.0169 0.0000
6965.4000 0.0170 0.0000
7025.4000 0.0170 0.0000
7085.4000 0.0171 0.0000
7145.4000 0.0172 0.0000
7205.4000 0.0172 0.0000
7265.4000 0.0173 0.0000
7325.4000 0.0173 0.0000
7385.4000 0.0174 0.0000
7445.4000 0.0175 0.0000
7505.4000 0.0175 0.0000
7565.4000 0.0176 0.0000
7625.4000 0.0177 0.0000
7685.4000 0.0178 0.0000
7745.4000 0.0178 0.0000
7805.4000 0.0179 0.0000
7865.4000 0.0180 0.0000
7925.4000 0.0180 0.0000
7985.4000 0.0181 0.0000
8045.4000 0.0182 0.0000
8105.4000 0.0183 0.0000
8165.4000 0.0183 0.0000
8225.4000 0.0184 0.0000
8285.4000 0.0185 0.0000
8345.4000 0.0185 0.0000
8405.4000 0.0186 0.0000
8465.4000 0.0187 0.0000
8525.4000 0.0187 0.0000
8585.4000 0.0188 0.0000
8645.4000 0.0189 0.0000
8705.4000 0.0189 0.0000
8765.4000 0.0190 0.0000
8825.4000 0.0191 0.0000
8885.4000 0.0191 0.0000
8945.4000 0.0192 0.0000
9005.4000 0.0193 0.0000
9065.4000 0.0193 0.0000
9125.4000 0.0194 0.0000
9185.4000 0.0195 0.0000
9245.4000 0.0195 0.0000
9305.4000 0.0196 0.0000
9365.4000 0.0196 0.0000
9425.4000 0.0197 0.0000
9485.4000 0.0198 0.0000
9545.4000 0.0198 0.0000
9605.4000 0.0199 0.0000
9665.4000 0.0200 0.0000
9725.4000 0.0200 0.0000
9785.4000 0.0201 0.0000
9845.4000 0.0202 0.0000
9905.4000 0.0202 0.0000
9965.4000 0.0203 0.0000
10025.4000 0.0203 0.0000
10085.4000 0.0204 0.0000
10145.4000 0.0205 0.0000
10205.4000 0.0206 0.0000
10265.4000 0.0206 0.0000
10325.4000 0.0207 0.0000
10385.4000 0.0208 0.0000
10445.4000 0.0208 0.0000
10505.4000 0.0209 0.0000
10565.4000 0.0210 0.0000
10625.4000 0.0210 0.0000
10685.4000 0.0211 0.0000
10745.4000 0.0211 0.0000
10805.4000 0.0212 0.0000
10865.4000 0.0213 0.0000
10925.4000 0.0214 0.0000
10985.4000 0.0214 0.0000
11045.4000 0.0215 0.0000
11105.4000 0.0216 0.0000
11165.4000 0.0216 0.0000
11225.4000 0.0217 0.0000
11285.4000 0.0217 0.0000
11345.4000 0.0218 0.0000
11405.4000 0.0219 0.0000
11465.4000 0.0219 0.0000
11525.4000 0.0220 0.0000
11585.4000 0.0221 0.0000
11645.4000 0.0221 0.0000
11705.4000 0.0222 0.0000
11765.4000 0.0223 0.0000
11825.4000 0.0224 0.0000
11885.4000 0.0224 0.0000
11945.4000 0.0225 0.0000
12005.4000 0.0226 0.0000
12065.4000 0.0226 0.0000
12125.4000 0.0227 0.0000
12185.4000 0.0228 0.0000
12245.4000 0.0228 0.0000
12305.4000 0.0229 0.0000
12365.4000 0.0230 0.0000
12425.4000 0.0231 0.0000
12485.4000 0.0231 0.0000
12545.4000 0.0232 0.0000
12605.4000 0.0233 0.0000
12665.4000 0.0234 0.0000
12725.4000 0.0234 0.0000
12785.4000 0.0235 0.0000
12845.4000 0.0236 0.0000
12905.4000 0.0236 0.0000
12965.4000 0.0237 0.0000
13025.4000 0.0238 0.0000
13085.4000 0.0238 0.0000
13145.4000 0.0239 0.0000
13205.4000 0.0240 0.0000
13265.4000 0.0240 0.0000
13325.4000 0.0241 0.0000
13385.4000 0.0242 0.0000
13445.4000 0.0242 0.0000
13505.4000 0.0243 0.0000
13565.4000 0.0244 0.0000
13625.4000 0.0244 0.0000
13685.4000 0.0245 0.0000
13745.4000 0.0245 0.0000
13805.4000 0.0246 0.0000
13865.4000 0.0247 0.0000
13925.4000 0.0248 0.0000
13985.4000 0.0248 0.0000
14045.4000 0.0249 0.0000
14105.4000 0.0250 0.0000
14165.4000 0.0250 0.0000
14225.4000 0.0251 0.0000
14285.4000 0.0251 0.0000
14345.4000 0.0252 0.0000
14405.4000 0.0253 0.0000
14465.4000 0.0253 0.0000
14525.4000 0.0254 0.0000
14585.4000 0.0255 0.0000
14645.4000 0.0256 0.0000
14705.4000 0.0256 0.0000
14765.4000 0.0257 0.0000
14825.4000 0.0258 0.0000
14885.4000 0.0258 0.0000
14945.4000 0.0259 0.0000
15005.4000 0.0260 0.0000
15065.4000 0.0260 0.0000
15125.4000 0.0261 0.0000
15185.4000 0.0261 0.0000
15245.4000 0.0262 0.0000
15305.4000 0.0263 0.0000
15365.4000 0.0264 0.0000
15425.4000 0.0264 0.0000
15485.4000 0.0265 0.0000
15545.4000 0.0266 0.0000
15605.4000 0.0266 0.0000
15665.4000 0.0267 0.0000
15725.4000 0.0268 0.0000
15785.4000 0.0269 0.0000
15845.4000 0.0269 0.0000
15905.4000 0.0270 0.0000
15965.4000 0.0271 0.0000
16025.4000 0.0271 0.0000
16085.4000 0.0272 0.0000
16145.4000 0.0273 0.0000
16205.4000 0.0273 0.0000
16265.4000 0.0274 0.0000
16325.4000 0.0275 0.0000
16385.4000 0.0275 0.0000
16445.5000 0.0276 0.0000
16505.6000 0.0277 0.0000
16565.7000 0.0277 0.0000
16625.8000 0.0278 0.0000
16685.9000 0.0279 0.0000
16746.0000 0.0280 0.0000
16806.1000 0.0281 0.0000
16866.2000 0.0282 0.0000
16926.3000 0.0283 0.0000
16986.4000 0.0285 0.0000
17046.5000 0.0288 0.0000
17106.6000 0.0289 0.0000
17166.7000 0.0291 0.0000
17226.8000 0.0294 0.0000
17286.9000 0.0297 0.0000
17347.0000 0.0299 0.0000
17407.1000 0.0302 0.0000
17467.2000 0.0305 0.0000
17527.3000 0.0309 0.0000
17587.4000 0.0314 0.0000
17647.5000 0.0319 0.0000
17707.6000 0.0325 0.0000
17767.7000 0.0331 0.0000
17827.8000 0.0339 0.0000
17887.9000 0.0347 0.0000
17948.0000 0.0355 0.0000
18008.1000 0.0365 0.0000
18068.2000 0.0374 0.0000
18128.3000 0.0382 0.0000
18188.4000 0.0391 0.0000
18248.5000 0.0399 0.0000
18308.6000 0.0407 0.0000
18368.7000 0.0417 0.0000
18428.8000 0.0427 0.0000
18488.9000 0.0437 0.0000
18549.0000 0.0447 0.0000
18609.1000 0.0459 0.0000
18669.2000 0.0469 0.0000
18729.3000 0.0478 0.0000
18789.4000 0.0490 0.0000
18849.5000 0.0502 0.0000
18909.6000 0.0513 0.0001
18969.7000 0.0526 0.0001
19029.8000 0.0539 0.0001
19089.9000 0.0550 0.0001
19150.0000 0.0562 0.0001
19210.1000 0.0573 0.0001
19270.2000 0.0584 0.0001
19330.3000 0.0597 0.0001
19390.4000 0.0607 0.0001
19450.5000 0.0618 0.0001
19510.6000 0.0629 0.0001
19570.7000 0.0640 0.0001
19630.8000 0.0651 0.0001
19690.9000 0.0662 0.0001
19751.0000 0.0673 0.0001
19811.1000 0.0683 0.0001
19871.2000 0.0693 0.0001
19931.3000 0.0704 0.0001
19991.4000 0.0713 0.0001
20051.5000 0.0725 0.0001
20111.6000 0.0737 0.0001
20171.7000 0.0747 0.0001
20231.8000 0.0760 0.0001
20291.9000 0.0771 0.0001
20352.0000 0.0782 0.0001
20412.1000 0.0794 0.0001
20472.2000 0.0804 0.0001
20532.3000 0.0815 0.0001
20592.4000 0.0826 0.0001
20652.5000 0.0837 0.0002
20712.6000 0.0848 0.0002
20772.7000 0.0857 0.0002
20832.8000 0.0867 0.0002
20892.9000 0.0876 0.0002
20953.0000 0.0889 0.0002
21013.1000 0.0901 0.0002
21073.2000 0.0911 0.0002
21133.3000 0.0923 0.0002
21193.4000 0.0934 0.0002
21253.5000 0.0945 0.0002
21313.6000 0.0955 0.0002
21373.7000 0.0964 0.0002
21433.8000 0.0972 0.0002
21493.9000 0.0979 0.0002
21554.0000 0.0990 0.0002
21614.1000 0.0999 0.0002
21674.2000 0.1005 0.0002
21734.3000 0.1014 0.0002
21794.4000 0.1022 0.0002
21854.5000 0.1034 0.0002
21914.6000 0.1046 0.0003
21974.7000 0.1057 0.0003
22034.8000 0.1069 0.0003
22094.9000 0.1082 0.0003
22155.0000 0.1094 0.0003
22215.1000 0.1106 0.0003
22275.2000 0.1117 0.0003
22335.3000 0.1127 0.0003
22395.4000 0.1139 0.0003
22455.5000 0.1150 0.0003
22515.6000 0.1160 0.0003
22575.7000 0.1169 0.0003
22635.8000 0.1181 0.0003
22695.9000 0.1191 0.0003
22756.0000 0.1206 0.0003
22816.1000 0.1218 0.0003
22876.2000 0.1230 0.0003
22936.3000 0.1244 0.0003
22996.4000 0.1253 0.0003
23056.5000 0.1266 0.0003
23116.6000 0.1278 0.0003
23176.7000 0.1286 0.0004
23236.8000 0.1296 0.0004
23296.9000 0.1306 0.0004
23357.0000 0.1318 0.0004
23417.1000 0.1330 0.0004
23477.2000 0.1339 0.0004
23537.3000 0.1354 0.0004
23597.4000 0.1365 0.0004
23657.5000 0.1378 0.0004
23717.6000 0.1389 0.0004
23777.7000 0.1402 0.0004
23837.8000 0.1414 0.0004
23897.9000 0.1425 0.0004
23958.0000 0.1435 0.0004
24018.1000 0.1442 0.0004
24078.2000 0.1447 0.0004
24138.3000 0.1456 0.0004
24198.4000 0.1464 0.0004
24258.5000 0.1474 0.0004
24318.6000 0.1482 0.0004
24378.7000 0.1488 0.0004
24438.8000 0.1497 0.0004
24498.9000 0.1503 0.0004
24559.0000 0.1514 0.0004
24619.1000 0.1524 0.0004
24679.2000 0.1534 0.0004
24739.3000 0.1543 0.0004
24799.4000 0.1547 0.0004
24859.5000 0.1551 0.0004
24919.6000 0.1556 0.0004
24979.7000 0.1567 0.0004
25039.8000 0.1575 0.0004
25099.9000 0.1580 0.0004
25160.0000 0.1585 0.0005
25220.1000 0.1590 0.0005
25280.2000 0.1596 0.0005
25340.3000 0.1605 0.0005
25400.4000 0.1611 0.0005
25460.5000 0.1615 0.0005
25520.6000 0.1618 0.0005
25580.7000 0.1623 0.0005
25640.8000 0.1630 0.0005
25700.9000 0.1639 0.0005
25761.0000 0.1646 0.0005
25821.1000 0.1649 0.0005
25881.2000 0.1654 0.0005
25941.3000 0.1656 0.0005
26001.4000 0.1661 0.0005
26061.5000 0.1668 0.0005
26121.6000 0.1672 0.0005
26181.7000 0.1674 0.0005
26241.8000 0.1676 0.0005
26301.9000 0.1680 0.0005
26362.0000 0.1685 0.0005
26422.1000 0.1688 0.0005
26482.2000 0.1692 0.0005
26542.3000 0.1694 0.0005
26602.4000 0.1697 0.0005
26662.5000 0.1701 0.0005
26722.6000 0.1702 0.0005
26782.7000 0.1704 0.0005
26842.8000 0.1707 0.0005
26902.9000 0.1709 0.0005
26963.0000 0.1714 0.0005
27023.1000 0.1715 0.0005
27083.2000 0.1716 0.0005
27143.3000 0.1717 0.0005
27203.4000 0.1720 0.0005
27263.5000 0.1723 0.0005
27323.6000 0.1725 0.0005
27383.7000 0.1727 0.0005
27443.8000 0.1729 0.0005
27503.9000 0.1730 0.0005
27564.0000 0.1732 0.0005
27624.1000 0.1733 0.0005
27684.2000 0.1735 0.0005
27744.3000 0.1736 0.0005
27804.4000 0.1737 0.0005
27864.5000 0.1739 0.0005
27924.6000 0.1740 0.0005
27984.7000 0.1741 0.0005
28044.8000 0.1742 0.0005
28104.9000 0.1743 0.0005
28165.0000 0.1743 0.0005
28225.1000 0.1744 0.0005
28285.2000 0.1746 0.0005
28345.3000 0.1746 0.0005
28405.4000 0.1748 0.0005
28465.5000 0.1749 0.0005
28525.6000 0.1750 0.0005
28585.7000 0.1752 0.0005
28645.8000 0.1752 0.0005
28705.9000 0.1752 0.0005
28766.0000 0.1754 0.0005
