# messageDelay  cumulativeProbability
5.0000 0.0001
5.0000 0.0002
5.0000 0.0003
5.0000 0.0004
5.0000 0.0005
5.0000 0.0006
5.0000 0.0007
5.0000 0.0008
5.0000 0.0009
5.0000 0.0010
5.0000 0.0011
5.0000 0.0013
5.0000 0.0014
5.0000 0.0015
5.0000 0.0016
5.0000 0.0017
5.0000 0.0018
5.0000 0.0019
5.0000 0.0020
5.0000 0.0021
5.0000 0.0022
5.0000 0.0023
5.0000 0.0024
5.0000 0.0025
5.0000 0.0026
5.0000 0.0027
5.0000 0.0028
5.0000 0.0029
5.0000 0.0030
5.0000 0.0031
5.0000 0.0032
5.0000 0.0033
5.0000 0.0034
6.0000 0.0035
7.0000 0.0036
7.0000 0.0037
8.4000 0.0039
9.0000 0.0040
9.1000 0.0041
9.4000 0.0042
10.0000 0.0043
10.0000 0.0044
10.1000 0.0045
13.3000 0.0046
23.2000 0.0047
49.2000 0.0048
50.0000 0.0049
61.0000 0.0050
66.5000 0.0051
71.8000 0.0052
144.2000 0.0053
205.2000 0.0054
208.4000 0.0055
258.7000 0.0056
269.5000 0.0057
294.1000 0.0058
294.7000 0.0059
366.1000 0.0060
382.1000 0.0061
382.7000 0.0062
400.4000 0.0064
450.7000 0.0065
450.9000 0.0066
456.7000 0.0067
471.2000 0.0068
491.2000 0.0069
553.5000 0.0070
588.2000 0.0071
599.1000 0.0072
627.0000 0.0073
629.7000 0.0074
643.7000 0.0075
646.6000 0.0076
647.1000 0.0077
676.5000 0.0078
688.0000 0.0079
690.4000 0.0080
695.8000 0.0081
706.3000 0.0082
739.4000 0.0083
746.9000 0.0084
747.1000 0.0085
747.5000 0.0086
758.3000 0.0087
779.4000 0.0089
787.3000 0.0090
787.9000 0.0091
788.3000 0.0092
797.5000 0.0093
799.2000 0.0094
808.8000 0.0095
811.3000 0.0096
812.1000 0.0097
835.9000 0.0098
842.6000 0.0099
866.5000 0.0100
895.7000 0.0101
921.0000 0.0102
931.0000 0.0103
931.2000 0.0104
948.2000 0.0105
968.4000 0.0106
975.6000 0.0107
997.3000 0.0108
998.8000 0.0109
1007.2000 0.0110
1007.4000 0.0111
1008.7000 0.0113
1025.4000 0.0114
1030.9000 0.0115
1040.3000 0.0116
1048.8000 0.0117
1081.2000 0.0118
1098.1000 0.0119
1106.7000 0.0120
1111.6000 0.0121
1128.7000 0.0122
1135.0000 0.0123
1138.9000 0.0124
1146.9000 0.0125
1165.5000 0.0126
1167.1000 0.0127
1185.7000 0.0128
1189.3000 0.0129
1196.5000 0.0130
1200.0000 0.0131
1200.9000 0.0132
1210.0000 0.0133
1210.6000 0.0134
1212.3000 0.0135
1236.8000 0.0136
1237.6000 0.0138
1251.0000 0.0139
1255.3000 0.0140
1257.4000 0.0141
1257.5000 0.0142
1281.5000 0.0143
1287.3000 0.0144
1309.5000 0.0145
1310.7000 0.0146
1311.6000 0.0147
1319.5000 0.0148
1338.3000 0.0149
1340.2000 0.0150
1344.6000 0.0151
1356.8000 0.0152
1358.2000 0.0153
1362.9000 0.0154
1374.7000 0.0155
1397.7000 0.0156
1412.9000 0.0157
1415.2000 0.0158
1416.5000 0.0159
1426.3000 0.0160
1434.5000 0.0161
1445.9000 0.0163
1461.1000 0.0164
1462.7000 0.0165
1472.5000 0.0166
1495.7000 0.0167
1495.9000 0.0168
1497.6000 0.0169
1502.2000 0.0170
1508.5000 0.0171
1513.5000 0.0172
1521.8000 0.0173
1524.5000 0.0174
1534.8000 0.0175
1539.8000 0.0176
1543.1000 0.0177
1549.2000 0.0178
1556.5000 0.0179
1564.1000 0.0180
1568.2000 0.0181
1575.5000 0.0182
1580.0000 0.0183
1596.6000 0.0184
1606.2000 0.0185
1626.1000 0.0186
1637.2000 0.0188
1642.3000 0.0189
1643.5000 0.0190
1643.9000 0.0191
1657.9000 0.0192
1662.8000 0.0193
1664.7000 0.0194
1670.3000 0.0195
1678.7000 0.0196
1678.9000 0.0197
1680.8000 0.0198
1681.0000 0.0199
1683.0000 0.0200
1685.9000 0.0201
1686.7000 0.0202
1711.5000 0.0203
1718.1000 0.0204
1738.0000 0.0205
1738.1000 0.0206
1742.0000 0.0207
1744.5000 0.0208
1752.9000 0.0209
1772.1000 0.0210
1772.1000 0.0211
1777.5000 0.0212
1782.0000 0.0214
1797.8000 0.0215
1802.7000 0.0216
1812.0000 0.0217
1842.8000 0.0218
1853.3000 0.0219
1920.6000 0.0220
1934.7000 0.0221
1936.1000 0.0222
1937.5000 0.0223
1941.9000 0.0224
1945.6000 0.0225
1977.6000 0.0226
1985.9000 0.0227
1986.1000 0.0228
2034.2000 0.0229
2043.9000 0.0230
2056.9000 0.0231
2059.5000 0.0232
2060.9000 0.0233
2062.3000 0.0234
2067.0000 0.0235
2072.9000 0.0236
2073.4000 0.0237
2081.3000 0.0239
2082.0000 0.0240
2099.2000 0.0241
2121.0000 0.0242
2136.7000 0.0243
2137.7000 0.0244
2155.4000 0.0245
2158.3000 0.0246
2166.5000 0.0247
2179.0000 0.0248
2188.0000 0.0249
2198.0000 0.0250
2202.2000 0.0251
2219.9000 0.0252
2230.5000 0.0253
2241.0000 0.0254
2245.8000 0.0255
2247.6000 0.0256
2250.4000 0.0257
2253.7000 0.0258
2256.2000 0.0259
2276.8000 0.0260
2345.8000 0.0261
2352.8000 0.0262
2360.4000 0.0264
2366.7000 0.0265
2366.9000 0.0266
2368.8000 0.0267
2381.0000 0.0268
2382.2000 0.0269
2382.7000 0.0270
2383.0000 0.0271
2391.6000 0.0272
2394.1000 0.0273
2401.6000 0.0274
2408.5000 0.0275
2415.5000 0.0276
2416.0000 0.0277
2439.0000 0.0278
2439.2000 0.0279
2445.0000 0.0280
2457.4000 0.0281
2461.1000 0.0282
2480.8000 0.0283
2489.1000 0.0284
2496.2000 0.0285
2496.8000 0.0286
2530.7000 0.0287
2540.1000 0.0289
2545.1000 0.0290
2545.9000 0.0291
2554.2000 0.0292
2575.6000 0.0293
2580.8000 0.0294
2589.3000 0.0295
2591.9000 0.0296
2595.1000 0.0297
2595.3000 0.0298
2620.8000 0.0299
2624.8000 0.0300
2630.2000 0.0301
2644.3000 0.0302
2685.7000 0.0303
2699.4000 0.0304
2702.5000 0.0305
2740.2000 0.0306
2750.2000 0.0307
2761.6000 0.0308
2761.9000 0.0309
2764.1000 0.0310
2787.2000 0.0311
2790.4000 0.0312
2796.7000 0.0314
2799.8000 0.0315
2820.1000 0.0316
2827.9000 0.0317
2832.0000 0.0318
2834.5000 0.0319
2836.0000 0.0320
2849.8000 0.0321
2859.4000 0.0322
2865.5000 0.0323
2870.4000 0.0324
2890.0000 0.0325
2909.6000 0.0326
2931.9000 0.0327
2938.4000 0.0328
2941.3000 0.0329
2945.2000 0.0330
2945.6000 0.0331
2952.5000 0.0332
2969.2000 0.0333
2978.0000 0.0334
2985.3000 0.0335
2986.6000 0.0336
2987.8000 0.0337
2995.9000 0.0339
2998.7000 0.0340
3015.2000 0.0341
3020.2000 0.0342
3030.1000 0.0343
3034.5000 0.0344
3040.6000 0.0345
3048.7000 0.0346
3081.1000 0.0347
3091.9000 0.0348
3097.9000 0.0349
3116.3000 0.0350
3131.2000 0.0351
3133.8000 0.0352
3152.9000 0.0353
3157.1000 0.0354
3166.1000 0.0355
3175.6000 0.0356
3177.5000 0.0357
3186.2000 0.0358
3190.7000 0.0359
3294.2000 0.0360
3307.1000 0.0361
3317.8000 0.0362
3321.3000 0.0364
3322.8000 0.0365
3328.2000 0.0366
3337.8000 0.0367
3343.0000 0.0368
3343.4000 0.0369
3349.9000 0.0370
3352.8000 0.0371
3370.8000 0.0372
3375.5000 0.0373
3390.9000 0.0374
3393.4000 0.0375
3409.7000 0.0376
3409.8000 0.0377
3409.9000 0.0378
3411.4000 0.0379
3417.6000 0.0380
3428.2000 0.0381
3433.1000 0.0382
3433.1000 0.0383
3447.9000 0.0384
3450.9000 0.0385
3457.2000 0.0386
3461.6000 0.0388
3472.4000 0.0389
3502.7000 0.0390
3525.1000 0.0391
3529.1000 0.0392
3550.1000 0.0393
3554.8000 0.0394
3556.3000 0.0395
3565.0000 0.0396
3569.8000 0.0397
3572.0000 0.0398
3576.1000 0.0399
3610.9000 0.0400
3617.9000 0.0401
3620.4000 0.0402
3627.1000 0.0403
3629.9000 0.0404
3631.7000 0.0405
3710.2000 0.0406
3718.3000 0.0407
3719.0000 0.0408
3725.9000 0.0409
3726.4000 0.0410
3728.9000 0.0411
3734.3000 0.0413
3738.8000 0.0414
3749.1000 0.0415
3749.8000 0.0416
3769.8000 0.0417
3783.0000 0.0418
3786.3000 0.0419
3790.5000 0.0420
3801.6000 0.0421
3821.3000 0.0422
3823.1000 0.0423
3835.1000 0.0424
3848.7000 0.0425
3873.1000 0.0426
3889.0000 0.0427
3901.2000 0.0428
3923.9000 0.0429
3928.3000 0.0430
3928.9000 0.0431
3930.8000 0.0432
3943.9000 0.0433
3953.5000 0.0434
3958.4000 0.0435
3964.8000 0.0436
3970.2000 0.0438
3972.5000 0.0439
3988.9000 0.0440
3996.5000 0.0441
4001.5000 0.0442
4006.3000 0.0443
4021.7000 0.0444
4026.3000 0.0445
4043.4000 0.0446
4048.3000 0.0447
4115.1000 0.0448
4133.1000 0.0449
4134.0000 0.0450
4146.2000 0.0451
4155.6000 0.0452
4178.9000 0.0453
4183.3000 0.0454
4208.6000 0.0455
4215.5000 0.0456
4246.9000 0.0457
4257.7000 0.0458
4278.4000 0.0459
4327.2000 0.0460
4328.3000 0.0461
4334.2000 0.0463
4389.8000 0.0464
4408.7000 0.0465
4441.6000 0.0466
4450.3000 0.0467
4459.4000 0.0468
4468.5000 0.0469
4473.1000 0.0470
4480.3000 0.0471
4491.4000 0.0472
4494.5000 0.0473
4503.9000 0.0474
4531.3000 0.0475
4542.6000 0.0476
4544.6000 0.0477
4561.6000 0.0478
4620.1000 0.0479
4629.3000 0.0480
4634.1000 0.0481
4635.3000 0.0482
4652.7000 0.0483
4655.4000 0.0484
4667.4000 0.0485
4668.2000 0.0486
4676.4000 0.0488
4682.5000 0.0489
4682.9000 0.0490
4697.5000 0.0491
4706.0000 0.0492
4720.9000 0.0493
4725.4000 0.0494
4749.0000 0.0495
4758.9000 0.0496
4761.9000 0.0497
4783.6000 0.0498
4795.6000 0.0499
4798.2000 0.0500
4826.3000 0.0501
4838.9000 0.0502
4866.2000 0.0503
4883.3000 0.0504
4890.6000 0.0505
4890.9000 0.0506
4893.8000 0.0507
4918.0000 0.0508
4920.7000 0.0509
4921.6000 0.0510
4935.6000 0.0511
4936.4000 0.0513
4959.6000 0.0514
4966.9000 0.0515
4973.0000 0.0516
5004.0000 0.0517
5011.2000 0.0518
5026.9000 0.0519
5028.7000 0.0520
5043.3000 0.0521
5054.8000 0.0522
5078.2000 0.0523
5089.0000 0.0524
5095.9000 0.0525
5097.3000 0.0526
5120.1000 0.0527
5124.5000 0.0528
5127.7000 0.0529
5128.7000 0.0530
5137.6000 0.0531
5145.8000 0.0532
5158.1000 0.0533
5178.9000 0.0534
5197.3000 0.0535
5202.8000 0.0536
5204.4000 0.0538
5208.9000 0.0539
5212.1000 0.0540
5214.6000 0.0541
5216.0000 0.0542
5218.0000 0.0543
5240.3000 0.0544
5284.0000 0.0545
5288.7000 0.0546
5289.8000 0.0547
5305.5000 0.0548
5325.5000 0.0549
5336.0000 0.0550
5355.1000 0.0551
5358.9000 0.0552
5371.2000 0.0553
5397.2000 0.0554
5399.8000 0.0555
5422.0000 0.0556
5425.2000 0.0557
5433.0000 0.0558
5448.0000 0.0559
5478.6000 0.0560
5481.5000 0.0561
5486.6000 0.0563
5507.9000 0.0564
5519.9000 0.0565
5541.3000 0.0566
5552.6000 0.0567
5572.2000 0.0568
5601.3000 0.0569
5609.7000 0.0570
5632.8000 0.0571
5633.2000 0.0572
5633.4000 0.0573
5637.0000 0.0574
5658.1000 0.0575
5673.6000 0.0576
5764.8000 0.0577
5767.1000 0.0578
5781.6000 0.0579
5790.1000 0.0580
5810.0000 0.0581
5819.6000 0.0582
5836.3000 0.0583
5842.4000 0.0584
5847.3000 0.0585
5858.1000 0.0586
5865.0000 0.0588
5866.0000 0.0589
5901.8000 0.0590
5912.6000 0.0591
5923.2000 0.0592
5928.8000 0.0593
5929.4000 0.0594
5944.8000 0.0595
5954.2000 0.0596
6011.1000 0.0597
6019.8000 0.0598
6028.7000 0.0599
6034.0000 0.0600
6059.0000 0.0601
6077.7000 0.0602
6080.2000 0.0603
6081.1000 0.0604
6092.2000 0.0605
6092.6000 0.0606
6111.6000 0.0607
6116.7000 0.0608
6133.9000 0.0609
6137.4000 0.0610
6146.4000 0.0611
6160.2000 0.0613
6162.9000 0.0614
6170.2000 0.0615
6182.1000 0.0616
6192.6000 0.0617
6202.0000 0.0618
6216.3000 0.0619
6246.0000 0.0620
6261.0000 0.0621
6261.7000 0.0622
6267.1000 0.0623
6276.0000 0.0624
6276.1000 0.0625
6279.6000 0.0626
6285.4000 0.0627
6297.5000 0.0628
6308.7000 0.0629
6316.7000 0.0630
6348.4000 0.0631
6348.5000 0.0632
6348.9000 0.0633
6363.9000 0.0634
6390.4000 0.0635
6395.7000 0.0636
6397.8000 0.0638
6400.5000 0.0639
6413.3000 0.0640
6415.0000 0.0641
6431.9000 0.0642
6434.5000 0.0643
6444.0000 0.0644
6451.0000 0.0645
6465.9000 0.0646
6478.8000 0.0647
6485.5000 0.0648
6495.0000 0.0649
6502.2000 0.0650
6502.6000 0.0651
6541.3000 0.0652
6552.6000 0.0653
6558.7000 0.0654
6578.0000 0.0655
6588.4000 0.0656
6642.8000 0.0657
6655.8000 0.0658
6674.4000 0.0659
6675.6000 0.0660
6684.8000 0.0661
6710.0000 0.0663
6720.9000 0.0664
6722.8000 0.0665
6740.7000 0.0666
6746.4000 0.0667
6747.0000 0.0668
6748.6000 0.0669
6756.9000 0.0670
6757.7000 0.0671
6758.9000 0.0672
6767.4000 0.0673
6778.8000 0.0674
6779.6000 0.0675
6788.3000 0.0676
6798.0000 0.0677
6811.5000 0.0678
6813.3000 0.0679
6814.3000 0.0680
6815.9000 0.0681
6852.4000 0.0682
6859.5000 0.0683
6862.9000 0.0684
6877.7000 0.0685
6880.4000 0.0686
6882.9000 0.0688
6883.9000 0.0689
6939.2000 0.0690
6942.9000 0.0691
6950.4000 0.0692
6951.1000 0.0693
6957.2000 0.0694
6960.6000 0.0695
6972.1000 0.0696
6976.5000 0.0697
6977.2000 0.0698
6985.0000 0.0699
6985.5000 0.0700
6991.6000 0.0701
7010.3000 0.0702
7014.9000 0.0703
7027.8000 0.0704
7034.2000 0.0705
7045.1000 0.0706
7063.0000 0.0707
7085.7000 0.0708
7092.1000 0.0709
7092.3000 0.0710
7094.4000 0.0711
7097.2000 0.0713
7101.0000 0.0714
7126.1000 0.0715
7155.7000 0.0716
7159.8000 0.0717
7161.4000 0.0718
7187.1000 0.0719
7194.5000 0.0720
7197.3000 0.0721
7224.1000 0.0722
7224.9000 0.0723
7252.8000 0.0724
7252.8000 0.0725
7258.7000 0.0726
7265.4000 0.0727
7267.5000 0.0728
7290.2000 0.0729
7291.2000 0.0730
7307.1000 0.0731
7319.2000 0.0732
7332.7000 0.0733
7344.1000 0.0734
7396.9000 0.0735
7404.0000 0.0736
7418.9000 0.0738
7427.5000 0.0739
7434.7000 0.0740
7443.1000 0.0741
7461.2000 0.0742
7472.7000 0.0743
7514.0000 0.0744
7515.7000 0.0745
7516.7000 0.0746
7534.7000 0.0747
7551.3000 0.0748
7583.0000 0.0749
7638.7000 0.0750
7639.2000 0.0751
7656.8000 0.0752
7664.0000 0.0753
7665.7000 0.0754
7670.6000 0.0755
7704.9000 0.0756
7707.5000 0.0757
7714.1000 0.0758
7751.4000 0.0759
7753.8000 0.0760
7755.9000 0.0761
7760.7000 0.0763
7763.3000 0.0764
7776.6000 0.0765
7780.3000 0.0766
7812.4000 0.0767
7821.3000 0.0768
7838.8000 0.0769
7846.8000 0.0770
7849.2000 0.0771
7855.8000 0.0772
7860.6000 0.0773
7875.9000 0.0774
7896.9000 0.0775
7900.7000 0.0776
7915.0000 0.0777
7923.1000 0.0778
7929.1000 0.0779
7943.9000 0.0780
7960.5000 0.0781
7967.8000 0.0782
7981.7000 0.0783
7986.8000 0.0784
7987.0000 0.0785
8015.9000 0.0786
8060.1000 0.0788
8063.5000 0.0789
8083.9000 0.0790
8124.9000 0.0791
8136.3000 0.0792
8151.2000 0.0793
8157.2000 0.0794
8164.1000 0.0795
8165.8000 0.0796
8212.5000 0.0797
8225.5000 0.0798
8234.1000 0.0799
8235.3000 0.0800
8244.1000 0.0801
8245.3000 0.0802
8266.8000 0.0803
8277.7000 0.0804
8278.2000 0.0805
8284.1000 0.0806
8298.4000 0.0807
8299.5000 0.0808
8302.3000 0.0809
8302.9000 0.0810
8324.3000 0.0811
8360.3000 0.0813
8375.6000 0.0814
8398.6000 0.0815
8406.9000 0.0816
8410.4000 0.0817
8415.0000 0.0818
8437.4000 0.0819
8564.7000 0.0820
8571.8000 0.0821
8581.4000 0.0822
8591.7000 0.0823
8619.6000 0.0824
8632.6000 0.0825
8640.1000 0.0826
8646.4000 0.0827
8650.6000 0.0828
8666.9000 0.0829
8683.2000 0.0830
8696.1000 0.0831
8711.0000 0.0832
8720.4000 0.0833
8721.9000 0.0834
8728.7000 0.0835
8737.3000 0.0836
8754.8000 0.0838
8759.5000 0.0839
8765.1000 0.0840
8782.2000 0.0841
8783.9000 0.0842
8784.0000 0.0843
8784.8000 0.0844
8803.3000 0.0845
8808.0000 0.0846
8811.4000 0.0847
8830.1000 0.0848
8835.1000 0.0849
8842.6000 0.0850
8845.7000 0.0851
8855.9000 0.0852
8863.9000 0.0853
8896.8000 0.0854
8900.7000 0.0855
8913.9000 0.0856
8971.2000 0.0857
8973.3000 0.0858
8992.2000 0.0859
8997.0000 0.0860
9011.4000 0.0861
9020.5000 0.0863
9028.0000 0.0864
9030.9000 0.0865
9038.9000 0.0866
9040.8000 0.0867
9041.2000 0.0868
9056.7000 0.0869
9063.0000 0.0870
9099.8000 0.0871
9101.1000 0.0872
9101.6000 0.0873
9118.7000 0.0874
9118.9000 0.0875
9156.8000 0.0876
9200.0000 0.0877
9205.5000 0.0878
9210.0000 0.0879
9220.1000 0.0880
9223.0000 0.0881
9223.6000 0.0882
9227.6000 0.0883
9229.1000 0.0884
9257.6000 0.0885
9283.5000 0.0886
9292.6000 0.0888
9324.6000 0.0889
9349.1000 0.0890
9384.1000 0.0891
9388.1000 0.0892
9391.1000 0.0893
9415.0000 0.0894
9422.3000 0.0895
9445.0000 0.0896
9452.2000 0.0897
9462.2000 0.0898
9478.2000 0.0899
9493.1000 0.0900
9496.6000 0.0901
9508.6000 0.0902
9514.4000 0.0903
9518.9000 0.0904
9549.1000 0.0905
9558.8000 0.0906
9600.5000 0.0907
9610.6000 0.0908
9639.2000 0.0909
9643.0000 0.0910
9648.6000 0.0911
9651.5000 0.0913
9652.7000 0.0914
9670.0000 0.0915
9673.2000 0.0916
9681.8000 0.0917
9707.1000 0.0918
9708.0000 0.0919
9719.3000 0.0920
9740.8000 0.0921
9741.5000 0.0922
9753.4000 0.0923
9758.6000 0.0924
9767.1000 0.0925
9769.8000 0.0926
9777.6000 0.0927
9781.7000 0.0928
9790.2000 0.0929
9796.2000 0.0930
9798.1000 0.0931
9824.4000 0.0932
9833.3000 0.0933
9834.6000 0.0934
9836.2000 0.0935
9848.0000 0.0936
9849.7000 0.0938
9859.9000 0.0939
9865.8000 0.0940
9901.8000 0.0941
9908.8000 0.0942
9921.8000 0.0943
9924.3000 0.0944
9943.3000 0.0945
9945.1000 0.0946
9957.7000 0.0947
9962.3000 0.0948
9983.4000 0.0949
9993.5000 0.0950
10003.5000 0.0951
10011.9000 0.0952
10025.5000 0.0953
10040.0000 0.0954
10055.2000 0.0955
10059.1000 0.0956
10062.1000 0.0957
10066.1000 0.0958
10073.0000 0.0959
10088.9000 0.0960
10091.2000 0.0961
10095.3000 0.0963
10101.6000 0.0964
10106.2000 0.0965
10119.8000 0.0966
10128.7000 0.0967
10129.8000 0.0968
10189.5000 0.0969
10193.0000 0.0970
10194.0000 0.0971
10207.5000 0.0972
10214.8000 0.0973
10221.8000 0.0974
10232.0000 0.0975
10235.5000 0.0976
10240.4000 0.0977
10250.9000 0.0978
10250.9000 0.0979
10266.0000 0.0980
10301.1000 0.0981
10327.7000 0.0982
10345.2000 0.0983
10354.4000 0.0984
10356.3000 0.0985
10363.7000 0.0986
10375.7000 0.0988
10377.7000 0.0989
10381.2000 0.0990
10453.8000 0.0991
10478.2000 0.0992
10504.0000 0.0993
10509.3000 0.0994
10531.9000 0.0995
10535.4000 0.0996
10537.9000 0.0997
10551.9000 0.0998
10575.5000 0.0999
10580.0000 0.1000
10600.3000 0.1001
10600.8000 0.1002
10606.2000 0.1003
10626.7000 0.1004
10647.6000 0.1005
10673.0000 0.1006
10678.6000 0.1007
10698.7000 0.1008
10706.8000 0.1009
10723.7000 0.1010
10728.6000 0.1011
10729.6000 0.1013
10735.0000 0.1014
10742.9000 0.1015
10755.1000 0.1016
10762.8000 0.1017
10772.8000 0.1018
10776.6000 0.1019
10779.9000 0.1020
10780.7000 0.1021
10782.8000 0.1022
10793.5000 0.1023
10802.7000 0.1024
10884.4000 0.1025
10898.5000 0.1026
10918.4000 0.1027
10928.2000 0.1028
10935.6000 0.1029
10941.8000 0.1030
10948.5000 0.1031
10953.7000 0.1032
11001.0000 0.1033
11024.9000 0.1034
11029.0000 0.1035
11046.8000 0.1036
11075.0000 0.1038
11078.3000 0.1039
11104.7000 0.1040
11112.9000 0.1041
11119.9000 0.1042
11133.2000 0.1043
11147.5000 0.1044
11155.7000 0.1045
11157.4000 0.1046
11158.7000 0.1047
11163.8000 0.1048
11191.8000 0.1049
11199.9000 0.1050
11203.1000 0.1051
11252.4000 0.1052
11263.1000 0.1053
11269.5000 0.1054
11292.5000 0.1055
11306.8000 0.1056
11314.7000 0.1057
11325.5000 0.1058
11353.9000 0.1059
11428.3000 0.1060
11428.7000 0.1061
11429.0000 0.1063
11430.9000 0.1064
11471.9000 0.1065
11484.1000 0.1066
11484.2000 0.1067
11498.7000 0.1068
11521.1000 0.1069
11534.2000 0.1070
11558.5000 0.1071
11576.3000 0.1072
11589.0000 0.1073
11631.6000 0.1074
11683.8000 0.1075
11698.7000 0.1076
11727.2000 0.1077
11731.6000 0.1078
11753.9000 0.1079
11755.5000 0.1080
11758.6000 0.1081
11776.9000 0.1082
11783.9000 0.1083
11789.8000 0.1084
11796.5000 0.1085
11797.2000 0.1086
11799.3000 0.1088
11806.9000 0.1089
11844.2000 0.1090
11860.7000 0.1091
11865.5000 0.1092
11876.9000 0.1093
11881.0000 0.1094
11890.0000 0.1095
11942.1000 0.1096
11971.6000 0.1097
11972.4000 0.1098
11979.6000 0.1099
11982.2000 0.1100
11988.0000 0.1101
11995.0000 0.1102
12000.2000 0.1103
12022.7000 0.1104
12023.3000 0.1105
12026.2000 0.1106
12051.6000 0.1107
12051.8000 0.1108
12061.4000 0.1109
12069.4000 0.1110
12078.4000 0.1111
12104.1000 0.1113
12106.7000 0.1114
12110.3000 0.1115
12119.8000 0.1116
12125.4000 0.1117
12127.2000 0.1118
12129.1000 0.1119
12130.6000 0.1120
12130.8000 0.1121
12131.1000 0.1122
12144.8000 0.1123
12171.9000 0.1124
12179.3000 0.1125
12196.0000 0.1126
12196.9000 0.1127
12202.2000 0.1128
12207.6000 0.1129
12216.3000 0.1130
12243.6000 0.1131
12251.9000 0.1132
12256.0000 0.1133
12272.1000 0.1134
12312.3000 0.1135
12312.9000 0.1136
12319.9000 0.1138
12345.5000 0.1139
12351.7000 0.1140
12357.1000 0.1141
12359.6000 0.1142
12371.9000 0.1143
12375.0000 0.1144
12398.8000 0.1145
12400.4000 0.1146
12414.8000 0.1147
12439.1000 0.1148
12440.1000 0.1149
12443.1000 0.1150
12443.6000 0.1151
12448.7000 0.1152
12449.7000 0.1153
12475.3000 0.1154
12482.2000 0.1155
12498.2000 0.1156
12506.6000 0.1157
12512.7000 0.1158
12521.6000 0.1159
12543.9000 0.1160
12563.0000 0.1161
12631.1000 0.1163
12648.0000 0.1164
12648.5000 0.1165
12649.0000 0.1166
12665.1000 0.1167
12671.0000 0.1168
12699.2000 0.1169
12725.5000 0.1170
12731.1000 0.1171
12737.0000 0.1172
12741.3000 0.1173
12752.5000 0.1174
12771.6000 0.1175
12775.3000 0.1176
12816.9000 0.1177
12829.5000 0.1178
12833.2000 0.1179
12833.7000 0.1180
12837.1000 0.1181
12844.7000 0.1182
12854.1000 0.1183
12873.3000 0.1184
12892.5000 0.1185
12901.0000 0.1186
12945.1000 0.1188
12963.1000 0.1189
13007.5000 0.1190
13010.9000 0.1191
13023.0000 0.1192
13023.1000 0.1193
13039.5000 0.1194
13060.8000 0.1195
13066.1000 0.1196
13067.8000 0.1197
13074.9000 0.1198
13076.1000 0.1199
13099.5000 0.1200
13101.5000 0.1201
13113.1000 0.1202
13121.0000 0.1203
13139.0000 0.1204
13151.7000 0.1205
13153.0000 0.1206
13161.5000 0.1207
13187.7000 0.1208
13189.8000 0.1209
13190.9000 0.1210
13199.5000 0.1211
13202.7000 0.1213
13203.8000 0.1214
13237.9000 0.1215
13253.6000 0.1216
13257.3000 0.1217
13281.4000 0.1218
13281.9000 0.1219
13299.9000 0.1220
13353.0000 0.1221
13360.0000 0.1222
13361.7000 0.1223
13381.4000 0.1224
13382.4000 0.1225
13385.4000 0.1226
13391.4000 0.1227
13394.1000 0.1228
13415.4000 0.1229
13441.2000 0.1230
13445.1000 0.1231
13497.7000 0.1232
13502.9000 0.1233
13504.5000 0.1234
13508.8000 0.1235
13547.1000 0.1236
13554.7000 0.1238
13562.5000 0.1239
13577.3000 0.1240
13616.7000 0.1241
13635.7000 0.1242
13642.6000 0.1243
13645.0000 0.1244
13653.1000 0.1245
13655.1000 0.1246
13666.0000 0.1247
13679.0000 0.1248
13719.6000 0.1249
13723.9000 0.1250
13726.0000 0.1251
13728.1000 0.1252
13759.1000 0.1253
13762.6000 0.1254
13764.8000 0.1255
13797.2000 0.1256
13859.0000 0.1257
13863.9000 0.1258
13872.1000 0.1259
13875.9000 0.1260
13885.0000 0.1261
13889.7000 0.1263
13911.9000 0.1264
13912.6000 0.1265
13924.3000 0.1266
13930.4000 0.1267
13942.6000 0.1268
13957.0000 0.1269
13963.1000 0.1270
13986.1000 0.1271
14016.8000 0.1272
14018.1000 0.1273
14032.2000 0.1274
14035.8000 0.1275
14058.7000 0.1276
14068.1000 0.1277
14071.7000 0.1278
14101.2000 0.1279
14105.4000 0.1280
14112.3000 0.1281
14116.0000 0.1282
14127.0000 0.1283
14133.4000 0.1284
14137.9000 0.1285
14138.5000 0.1286
14147.8000 0.1288
14172.3000 0.1289
14177.5000 0.1290
14185.7000 0.1291
14241.5000 0.1292
14249.4000 0.1293
14258.0000 0.1294
14270.0000 0.1295
14276.9000 0.1296
14285.8000 0.1297
14299.5000 0.1298
14321.1000 0.1299
14335.4000 0.1300
14336.9000 0.1301
14353.1000 0.1302
14375.1000 0.1303
14381.4000 0.1304
14407.5000 0.1305
14448.9000 0.1306
14449.9000 0.1307
14458.1000 0.1308
14475.6000 0.1309
14495.8000 0.1310
14549.2000 0.1311
14552.4000 0.1313
14575.2000 0.1314
14577.6000 0.1315
14600.1000 0.1316
14653.5000 0.1317
14664.3000 0.1318
14716.0000 0.1319
14731.4000 0.1320
14743.3000 0.1321
14751.1000 0.1322
14778.0000 0.1323
14783.1000 0.1324
14786.2000 0.1325
14794.9000 0.1326
14809.6000 0.1327
14823.2000 0.1328
14823.2000 0.1329
14833.7000 0.1330
14862.9000 0.1331
14882.2000 0.1332
14886.5000 0.1333
14890.0000 0.1334
14911.8000 0.1335
14940.5000 0.1336
14944.9000 0.1338
14976.6000 0.1339
14995.0000 0.1340
15006.1000 0.1341
15006.6000 0.1342
15008.2000 0.1343
15020.5000 0.1344
15022.1000 0.1345
15031.8000 0.1346
15046.6000 0.1347
15069.1000 0.1348
15081.4000 0.1349
15107.5000 0.1350
15113.2000 0.1351
15127.3000 0.1352
15128.3000 0.1353
15135.4000 0.1354
15139.6000 0.1355
15199.0000 0.1356
15208.6000 0.1357
15210.5000 0.1358
15214.2000 0.1359
15246.1000 0.1360
15247.9000 0.1361
15254.0000 0.1363
15263.9000 0.1364
15275.2000 0.1365
15294.0000 0.1366
15310.1000 0.1367
15318.2000 0.1368
15337.6000 0.1369
15352.3000 0.1370
15368.9000 0.1371
15397.3000 0.1372
15411.3000 0.1373
15416.6000 0.1374
15419.3000 0.1375
15426.0000 0.1376
15429.3000 0.1377
15480.3000 0.1378
15484.5000 0.1379
15514.8000 0.1380
15518.7000 0.1381
15546.5000 0.1382
15562.3000 0.1383
15562.9000 0.1384
15566.6000 0.1385
15571.5000 0.1386
15579.3000 0.1388
15589.0000 0.1389
15618.6000 0.1390
15635.7000 0.1391
15664.1000 0.1392
15686.7000 0.1393
15687.6000 0.1394
15708.8000 0.1395
15729.6000 0.1396
15732.8000 0.1397
15746.1000 0.1398
15752.0000 0.1399
15781.9000 0.1400
15823.1000 0.1401
15826.7000 0.1402
15827.5000 0.1403
15844.2000 0.1404
15882.4000 0.1405
15902.7000 0.1406
15903.4000 0.1407
15915.1000 0.1408
15923.0000 0.1409
15932.7000 0.1410
15934.6000 0.1411
15940.8000 0.1413
15958.0000 0.1414
15960.3000 0.1415
15961.0000 0.1416
15985.3000 0.1417
15992.7000 0.1418
16038.3000 0.1419
16039.8000 0.1420
16062.3000 0.1421
16073.0000 0.1422
16076.0000 0.1423
16102.8000 0.1424
16105.7000 0.1425
16106.0000 0.1426
16108.4000 0.1427
16112.2000 0.1428
16116.8000 0.1429
16132.0000 0.1430
16156.3000 0.1431
16158.1000 0.1432
16159.5000 0.1433
16168.2000 0.1434
16170.1000 0.1435
16173.1000 0.1436
16173.6000 0.1437
16173.9000 0.1439
16187.1000 0.1440
16201.2000 0.1441
16217.7000 0.1442
16225.0000 0.1443
16237.5000 0.1444
16246.1000 0.1445
16272.4000 0.1446
16276.4000 0.1447
16277.4000 0.1448
16285.7000 0.1449
16310.6000 0.1450
16315.7000 0.1451
16320.7000 0.1452
16330.6000 0.1453
16331.7000 0.1454
16332.4000 0.1455
16350.4000 0.1456
16355.6000 0.1457
16371.9000 0.1458
16378.0000 0.1459
16381.5000 0.1460
16385.7000 0.1461
16402.4000 0.1462
16406.7000 0.1464
16407.6000 0.1465
16419.5000 0.1466
16428.4000 0.1467
16441.0000 0.1468
16447.3000 0.1469
16490.6000 0.1470
16499.0000 0.1471
16504.4000 0.1472
16504.8000 0.1473
16505.3000 0.1474
16511.6000 0.1475
16538.0000 0.1476
16543.7000 0.1477
16563.4000 0.1478
16570.4000 0.1479
16582.0000 0.1480
16597.5000 0.1481
16608.1000 0.1482
16608.3000 0.1483
16626.3000 0.1484
16648.5000 0.1485
16662.2000 0.1486
16663.0000 0.1487
16663.8000 0.1489
16664.7000 0.1490
16666.5000 0.1491
16670.4000 0.1492
16677.9000 0.1493
16718.0000 0.1494
16718.7000 0.1495
16745.7000 0.1496
16756.3000 0.1497
16769.0000 0.1498
16775.2000 0.1499
16779.7000 0.1500
16796.5000 0.1501
16823.5000 0.1502
16825.7000 0.1503
16855.8000 0.1504
16875.4000 0.1505
16934.7000 0.1506
16940.8000 0.1507
16973.3000 0.1508
16973.9000 0.1509
16976.7000 0.1510
16977.0000 0.1511
16984.8000 0.1512
16985.9000 0.1514
17004.8000 0.1515
17023.3000 0.1516
17046.4000 0.1517
17051.3000 0.1518
17061.6000 0.1519
17067.6000 0.1520
17103.7000 0.1521
17111.0000 0.1522
17113.4000 0.1523
17130.4000 0.1524
17134.6000 0.1525
17138.4000 0.1526
17155.0000 0.1527
17162.0000 0.1528
17190.7000 0.1529
17210.1000 0.1530
17235.6000 0.1531
17253.0000 0.1532
17280.0000 0.1533
17285.6000 0.1534
17301.5000 0.1535
17310.9000 0.1536
17314.2000 0.1537
17317.5000 0.1539
17333.7000 0.1540
17341.1000 0.1541
17363.9000 0.1542
17369.7000 0.1543
17375.9000 0.1544
17380.8000 0.1545
17405.7000 0.1546
17409.4000 0.1547
17419.7000 0.1548
17422.6000 0.1549
17428.3000 0.1550
17440.9000 0.1551
17460.0000 0.1552
17499.5000 0.1553
17508.7000 0.1554
17574.2000 0.1555
17592.1000 0.1556
17599.6000 0.1557
17615.3000 0.1558
17626.5000 0.1559
17658.7000 0.1560
17675.0000 0.1561
17676.1000 0.1562
17715.1000 0.1564
17722.9000 0.1565
17747.7000 0.1566
17781.5000 0.1567
17790.7000 0.1568
17792.3000 0.1569
17802.7000 0.1570
17816.5000 0.1571
17852.1000 0.1572
17872.9000 0.1573
17894.6000 0.1574
17913.7000 0.1575
17921.6000 0.1576
17923.1000 0.1577
17923.3000 0.1578
17936.6000 0.1579
17979.3000 0.1580
18000.9000 0.1581
18005.6000 0.1582
18006.7000 0.1583
18044.0000 0.1584
18088.4000 0.1585
18104.3000 0.1586
18112.6000 0.1587
18118.8000 0.1589
18120.1000 0.1590
18126.9000 0.1591
18129.0000 0.1592
18154.3000 0.1593
18160.6000 0.1594
18180.5000 0.1595
18183.5000 0.1596
18204.4000 0.1597
18219.3000 0.1598
18225.0000 0.1599
18226.7000 0.1600
18242.9000 0.1601
18261.7000 0.1602
18265.7000 0.1603
18286.3000 0.1604
18297.5000 0.1605
18316.2000 0.1606
18318.7000 0.1607
18320.2000 0.1608
18326.1000 0.1609
18337.1000 0.1610
18342.4000 0.1611
18361.8000 0.1612
18367.7000 0.1614
18378.8000 0.1615
18410.5000 0.1616
18449.8000 0.1617
18468.5000 0.1618
18473.4000 0.1619
18505.5000 0.1620
18521.9000 0.1621
18527.0000 0.1622
18565.1000 0.1623
18567.9000 0.1624
18573.4000 0.1625
18577.1000 0.1626
18578.4000 0.1627
18584.0000 0.1628
18591.3000 0.1629
18593.1000 0.1630
18599.6000 0.1631
18600.4000 0.1632
18603.0000 0.1633
18606.9000 0.1634
18611.8000 0.1635
18621.2000 0.1636
18631.0000 0.1637
18631.3000 0.1639
18646.0000 0.1640
18653.9000 0.1641
18659.4000 0.1642
18669.9000 0.1643
18675.8000 0.1644
18687.4000 0.1645
18689.6000 0.1646
18696.5000 0.1647
18698.7000 0.1648
18702.5000 0.1649
18704.9000 0.1650
18714.7000 0.1651
18727.6000 0.1652
18754.9000 0.1653
18757.6000 0.1654
18773.6000 0.1655
18774.1000 0.1656
18779.7000 0.1657
18792.1000 0.1658
18812.3000 0.1659
18818.4000 0.1660
18836.0000 0.1661
18839.7000 0.1662
18872.9000 0.1664
18874.6000 0.1665
18877.1000 0.1666
18881.8000 0.1667
18884.1000 0.1668
18884.6000 0.1669
18886.9000 0.1670
18893.9000 0.1671
18901.4000 0.1672
18907.7000 0.1673
18922.9000 0.1674
18951.7000 0.1675
18962.8000 0.1676
18966.9000 0.1677
18989.0000 0.1678
18994.9000 0.1679
19006.4000 0.1680
19009.9000 0.1681
19010.7000 0.1682
19019.8000 0.1683
19024.0000 0.1684
19036.7000 0.1685
19043.8000 0.1686
19060.2000 0.1687
19061.1000 0.1689
19069.0000 0.1690
19117.4000 0.1691
19118.2000 0.1692
19118.5000 0.1693
19127.8000 0.1694
19128.8000 0.1695
19129.1000 0.1696
19151.2000 0.1697
19159.7000 0.1698
19183.6000 0.1699
19212.7000 0.1700
19214.9000 0.1701
19215.1000 0.1702
19228.2000 0.1703
19242.3000 0.1704
19253.3000 0.1705
19256.5000 0.1706
19265.7000 0.1707
19275.8000 0.1708
19276.1000 0.1709
19279.2000 0.1710
19290.1000 0.1711
19290.3000 0.1712
19302.6000 0.1714
19325.9000 0.1715
19335.4000 0.1716
19344.0000 0.1717
19368.8000 0.1718
19368.9000 0.1719
19374.9000 0.1720
19377.2000 0.1721
19385.6000 0.1722
19386.7000 0.1723
19390.7000 0.1724
19397.1000 0.1725
19405.4000 0.1726
19409.3000 0.1727
19418.8000 0.1728
19434.2000 0.1729
19461.8000 0.1730
19475.0000 0.1731
19475.7000 0.1732
19500.2000 0.1733
19502.2000 0.1734
19503.9000 0.1735
19505.4000 0.1736
19523.8000 0.1737
19536.9000 0.1739
19555.6000 0.1740
19558.0000 0.1741
19560.3000 0.1742
19580.5000 0.1743
19598.4000 0.1744
19630.8000 0.1745
19648.1000 0.1746
19656.6000 0.1747
19665.0000 0.1748
19665.5000 0.1749
19679.9000 0.1750
19706.2000 0.1751
19717.8000 0.1752
19739.5000 0.1753
19744.3000 0.1754
19754.7000 0.1755
19755.8000 0.1756
19768.5000 0.1757
19769.3000 0.1758
19775.1000 0.1759
19783.6000 0.1760
19790.1000 0.1761
19792.7000 0.1762
19802.0000 0.1764
19807.0000 0.1765
19808.3000 0.1766
19841.4000 0.1767
19844.0000 0.1768
19855.4000 0.1769
19859.8000 0.1770
19873.0000 0.1771
19879.8000 0.1772
19883.8000 0.1773
19903.7000 0.1774
19904.7000 0.1775
19916.7000 0.1776
19918.8000 0.1777
19951.9000 0.1778
19953.6000 0.1779
19973.4000 0.1780
19976.3000 0.1781
19986.9000 0.1782
20004.7000 0.1783
20009.6000 0.1784
20021.5000 0.1785
20064.7000 0.1786
20080.2000 0.1787
20082.1000 0.1789
20084.9000 0.1790
20085.4000 0.1791
20089.4000 0.1792
20104.5000 0.1793
20107.6000 0.1794
20121.8000 0.1795
20124.9000 0.1796
20143.1000 0.1797
20168.0000 0.1798
20169.8000 0.1799
20222.0000 0.1800
20226.4000 0.1801
20253.3000 0.1802
20271.5000 0.1803
20290.3000 0.1804
20297.6000 0.1805
20301.2000 0.1806
20301.6000 0.1807
20318.8000 0.1808
20325.2000 0.1809
20342.0000 0.1810
20356.1000 0.1811
20357.6000 0.1812
20362.2000 0.1814
20403.7000 0.1815
20411.3000 0.1816
20436.8000 0.1817
20445.9000 0.1818
20450.7000 0.1819
20482.3000 0.1820
20491.7000 0.1821
20493.4000 0.1822
20497.7000 0.1823
20511.8000 0.1824
20531.2000 0.1825
20532.7000 0.1826
20559.1000 0.1827
20566.8000 0.1828
20569.8000 0.1829
20604.9000 0.1830
20611.0000 0.1831
20617.0000 0.1832
20618.8000 0.1833
20641.2000 0.1834
20642.4000 0.1835
20657.4000 0.1836
20670.8000 0.1837
20688.7000 0.1839
20688.8000 0.1840
20690.8000 0.1841
20704.3000 0.1842
20721.1000 0.1843
20721.5000 0.1844
20727.7000 0.1845
20777.6000 0.1846
20781.8000 0.1847
20798.7000 0.1848
20819.1000 0.1849
20829.6000 0.1850
20836.5000 0.1851
20856.8000 0.1852
20887.4000 0.1853
20904.6000 0.1854
20906.4000 0.1855
20954.3000 0.1856
20964.0000 0.1857
20973.2000 0.1858
20976.6000 0.1859
20997.7000 0.1860
21011.0000 0.1861
21027.9000 0.1862
21029.7000 0.1864
21052.0000 0.1865
21052.5000 0.1866
21053.3000 0.1867
21073.6000 0.1868
21087.6000 0.1869
21096.0000 0.1870
21151.3000 0.1871
21162.8000 0.1872
21181.6000 0.1873
21188.3000 0.1874
21196.5000 0.1875
21196.9000 0.1876
21219.7000 0.1877
21221.4000 0.1878
21229.3000 0.1879
21271.2000 0.1880
21276.9000 0.1881
21289.5000 0.1882
21293.6000 0.1883
21302.9000 0.1884
21305.3000 0.1885
21310.4000 0.1886
21334.7000 0.1887
21338.0000 0.1889
21366.6000 0.1890
21382.9000 0.1891
21385.6000 0.1892
21401.8000 0.1893
21424.3000 0.1894
21450.1000 0.1895
21458.2000 0.1896
21462.7000 0.1897
21513.0000 0.1898
21519.8000 0.1899
21532.5000 0.1900
21545.0000 0.1901
21548.4000 0.1902
21549.3000 0.1903
21610.9000 0.1904
21655.8000 0.1905
21657.0000 0.1906
21684.9000 0.1907
21701.1000 0.1908
21763.0000 0.1909
21778.5000 0.1910
21815.5000 0.1911
21827.4000 0.1912
21879.8000 0.1914
21896.0000 0.1915
21910.8000 0.1916
21927.7000 0.1917
21933.0000 0.1918
21941.0000 0.1919
21980.3000 0.1920
22056.6000 0.1921
22073.8000 0.1922
22088.5000 0.1923
22119.0000 0.1924
22126.1000 0.1925
22126.7000 0.1926
22140.4000 0.1927
22148.2000 0.1928
22151.7000 0.1929
22158.0000 0.1930
22161.6000 0.1931
22171.3000 0.1932
22233.2000 0.1933
22244.7000 0.1934
22262.7000 0.1935
22266.4000 0.1936
22305.7000 0.1937
22323.3000 0.1939
22349.2000 0.1940
22363.7000 0.1941
22477.7000 0.1942
22501.0000 0.1943
22520.9000 0.1944
22540.0000 0.1945
22575.8000 0.1946
22585.5000 0.1947
22627.8000 0.1948
22649.8000 0.1949
22669.3000 0.1950
22702.4000 0.1951
22717.8000 0.1952
22725.5000 0.1953
22736.4000 0.1954
22748.1000 0.1955
22757.7000 0.1956
22758.0000 0.1957
22768.0000 0.1958
22782.9000 0.1959
22802.9000 0.1960
22814.0000 0.1961
22831.5000 0.1962
22863.2000 0.1964
22894.5000 0.1965
22927.2000 0.1966
22928.5000 0.1967
22999.0000 0.1968
23065.3000 0.1969
23065.8000 0.1970
23079.8000 0.1971
23094.2000 0.1972
23101.5000 0.1973
23114.5000 0.1974
23118.7000 0.1975
23130.0000 0.1976
23160.4000 0.1977
23173.9000 0.1978
23188.3000 0.1979
23236.8000 0.1980
23265.1000 0.1981
23267.1000 0.1982
23267.7000 0.1983
23334.5000 0.1984
23339.1000 0.1985
23344.5000 0.1986
23349.1000 0.1987
23375.1000 0.1989
23387.0000 0.1990
23403.9000 0.1991
23411.3000 0.1992
23458.8000 0.1993
23465.6000 0.1994
23487.1000 0.1995
23492.4000 0.1996
23532.4000 0.1997
23573.4000 0.1998
23575.4000 0.1999
23604.0000 0.2000
23660.5000 0.2001
23708.6000 0.2002
23772.9000 0.2003
23808.8000 0.2004
23826.2000 0.2005
23875.8000 0.2006
23880.8000 0.2007
23883.0000 0.2008
23883.3000 0.2009
23887.9000 0.2010
23902.0000 0.2011
23938.8000 0.2012
23940.6000 0.2014
23955.1000 0.2015
23977.8000 0.2016
