# messageDelay  cumulativeProbability
5.0000 0.0002
5.0000 0.0003
5.0000 0.0005
5.0000 0.0007
5.0000 0.0009
5.0000 0.0010
5.0000 0.0012
5.0000 0.0014
5.0000 0.0016
5.0000 0.0017
5.0000 0.0019
5.0000 0.0021
5.0000 0.0023
5.0000 0.0024
5.0000 0.0026
5.0000 0.0028
5.0000 0.0030
5.0000 0.0031
5.0000 0.0033
5.0000 0.0035
5.0000 0.0036
5.0000 0.0038
5.0000 0.0040
5.0000 0.0042
5.0000 0.0043
5.0000 0.0045
5.0000 0.0047
5.0000 0.0049
5.9000 0.0050
7.4000 0.0052
9.1000 0.0054
10.0000 0.0056
10.0000 0.0057
10.0000 0.0059
26.9000 0.0061
61.8000 0.0063
72.8000 0.0064
87.6000 0.0066
88.4000 0.0068
91.5000 0.0069
98.2000 0.0071
104.3000 0.0073
112.8000 0.0075
115.3000 0.0076
117.0000 0.0078
119.8000 0.0080
120.6000 0.0082
125.0000 0.0083
126.6000 0.0085
133.8000 0.0087
137.2000 0.0089
138.2000 0.0090
143.5000 0.0092
144.7000 0.0094
152.1000 0.0095
160.0000 0.0097
161.4000 0.0099
164.8000 0.0101
171.6000 0.0102
184.5000 0.0104
194.1000 0.0106
201.4000 0.0108
205.8000 0.0109
205.8000 0.0111
206.3000 0.0113
208.6000 0.0115
211.6000 0.0116
217.3000 0.0118
232.5000 0.0120
236.4000 0.0122
238.3000 0.0123
239.0000 0.0125
239.2000 0.0127
244.2000 0.0128
249.5000 0.0130
256.2000 0.0132
259.7000 0.0134
260.5000 0.0135
265.7000 0.0137
267.2000 0.0139
270.3000 0.0141
271.6000 0.0142
271.9000 0.0144
282.9000 0.0146
290.2000 0.0148
292.3000 0.0149
295.2000 0.0151
296.0000 0.0153
297.2000 0.0155
309.3000 0.0156
310.3000 0.0158
314.3000 0.0160
316.3000 0.0161
321.6000 0.0163
323.8000 0.0165
337.5000 0.0167
339.6000 0.0168
340.5000 0.0170
340.6000 0.0172
342.6000 0.0174
347.0000 0.0175
349.0000 0.0177
349.6000 0.0179
349.6000 0.0181
351.7000 0.0182
357.7000 0.0184
361.8000 0.0186
362.3000 0.0187
365.8000 0.0189
370.9000 0.0191
373.6000 0.0193
374.1000 0.0194
379.2000 0.0196
379.3000 0.0198
381.1000 0.0200
382.0000 0.0201
386.7000 0.0203
391.4000 0.0205
393.7000 0.0207
393.7000 0.0208
393.7000 0.0210
396.0000 0.0212
396.4000 0.0214
403.4000 0.0215
407.5000 0.0217
407.7000 0.0219
408.0000 0.0220
408.4000 0.0222
408.7000 0.0224
409.5000 0.0226
409.5000 0.0227
412.7000 0.0229
413.7000 0.0231
417.0000 0.0233
419.8000 0.0234
428.2000 0.0236
429.1000 0.0238
430.2000 0.0240
432.4000 0.0241
435.7000 0.0243
439.9000 0.0245
441.0000 0.0247
441.9000 0.0248
444.6000 0.0250
444.8000 0.0252
456.7000 0.0253
457.7000 0.0255
458.7000 0.0257
468.2000 0.0259
470.2000 0.0260
473.6000 0.0262
475.5000 0.0264
476.9000 0.0266
478.3000 0.0267
480.9000 0.0269
481.7000 0.0271
482.9000 0.0273
485.6000 0.0274
487.0000 0.0276
488.2000 0.0278
491.8000 0.0280
495.0000 0.0281
495.4000 0.0283
496.4000 0.0285
503.1000 0.0286
505.9000 0.0288
506.5000 0.0290
511.6000 0.0292
512.2000 0.0293
516.5000 0.0295
518.3000 0.0297
518.9000 0.0299
519.6000 0.0300
520.7000 0.0302
521.3000 0.0304
526.6000 0.0306
528.6000 0.0307
531.6000 0.0309
532.4000 0.0311
534.7000 0.0312
535.0000 0.0314
542.8000 0.0316
551.8000 0.0318
556.3000 0.0319
559.2000 0.0321
562.6000 0.0323
564.7000 0.0325
566.3000 0.0326
566.7000 0.0328
570.5000 0.0330
574.7000 0.0332
575.0000 0.0333
578.9000 0.0335
591.6000 0.0337
595.6000 0.0339
595.8000 0.0340
597.9000 0.0342
599.2000 0.0344
601.3000 0.0345
602.6000 0.0347
602.7000 0.0349
603.7000 0.0351
608.4000 0.0352
617.1000 0.0354
622.2000 0.0356
625.6000 0.0358
626.3000 0.0359
627.6000 0.0361
628.1000 0.0363
628.4000 0.0365
634.0000 0.0366
635.1000 0.0368
637.3000 0.0370
637.4000 0.0372
641.0000 0.0373
642.0000 0.0375
643.2000 0.0377
643.4000 0.0378
644.4000 0.0380
646.9000 0.0382
667.7000 0.0384
672.5000 0.0385
674.4000 0.0387
678.1000 0.0389
679.6000 0.0391
681.2000 0.0392
682.1000 0.0394
684.7000 0.0396
686.6000 0.0398
689.9000 0.0399
690.7000 0.0401
694.1000 0.0403
695.0000 0.0405
697.2000 0.0406
699.4000 0.0408
702.0000 0.0410
704.0000 0.0411
706.1000 0.0413
706.3000 0.0415
706.3000 0.0417
707.1000 0.0418
712.3000 0.0420
712.9000 0.0422
716.9000 0.0424
721.1000 0.0425
721.7000 0.0427
725.9000 0.0429
726.2000 0.0431
727.5000 0.0432
729.5000 0.0434
733.9000 0.0436
737.3000 0.0437
739.4000 0.0439
740.0000 0.0441
740.9000 0.0443
741.0000 0.0444
744.8000 0.0446
745.0000 0.0448
749.5000 0.0450
750.3000 0.0451
752.2000 0.0453
752.8000 0.0455
756.1000 0.0457
757.7000 0.0458
760.3000 0.0460
761.8000 0.0462
762.0000 0.0464
763.1000 0.0465
766.0000 0.0467
771.4000 0.0469
771.9000 0.0470
772.5000 0.0472
775.2000 0.0474
775.9000 0.0476
777.7000 0.0477
780.9000 0.0479
783.0000 0.0481
783.5000 0.0483
787.4000 0.0484
787.5000 0.0486
788.5000 0.0488
790.3000 0.0490
791.4000 0.0491
792.1000 0.0493
795.6000 0.0495
796.6000 0.0497
801.0000 0.0498
801.8000 0.0500
805.0000 0.0502
807.6000 0.0503
809.3000 0.0505
811.5000 0.0507
812.6000 0.0509
813.1000 0.0510
816.4000 0.0512
816.6000 0.0514
817.1000 0.0516
817.4000 0.0517
819.7000 0.0519
824.7000 0.0521
825.2000 0.0523
826.1000 0.0524
826.4000 0.0526
827.2000 0.0528
828.3000 0.0530
832.1000 0.0531
833.6000 0.0533
834.4000 0.0535
836.2000 0.0536
846.3000 0.0538
846.3000 0.0540
846.9000 0.0542
852.1000 0.0543
852.8000 0.0545
855.3000 0.0547
859.6000 0.0549
864.0000 0.0550
865.7000 0.0552
869.3000 0.0554
874.9000 0.0556
878.1000 0.0557
880.6000 0.0559
892.2000 0.0561
894.1000 0.0562
895.2000 0.0564
895.7000 0.0566
896.8000 0.0568
897.8000 0.0569
898.0000 0.0571
900.4000 0.0573
902.0000 0.0575
902.3000 0.0576
904.2000 0.0578
906.1000 0.0580
908.1000 0.0582
915.0000 0.0583
915.9000 0.0585
919.5000 0.0587
922.2000 0.0589
929.5000 0.0590
929.6000 0.0592
937.7000 0.0594
939.7000 0.0595
943.2000 0.0597
946.5000 0.0599
949.8000 0.0601
950.0000 0.0602
950.8000 0.0604
952.4000 0.0606
952.4000 0.0608
959.3000 0.0609
961.1000 0.0611
961.4000 0.0613
961.5000 0.0615
963.4000 0.0616
964.1000 0.0618
965.7000 0.0620
966.3000 0.0622
966.9000 0.0623
982.1000 0.0625
982.4000 0.0627
982.9000 0.0628
989.2000 0.0630
990.3000 0.0632
994.4000 0.0634
998.1000 0.0635
1001.2000 0.0637
1002.9000 0.0639
1004.7000 0.0641
1004.9000 0.0642
1011.6000 0.0644
1017.2000 0.0646
1018.6000 0.0648
1019.5000 0.0649
1019.6000 0.0651
1020.0000 0.0653
1020.9000 0.0655
1025.3000 0.0656
1026.5000 0.0658
1027.0000 0.0660
1031.7000 0.0661
1032.5000 0.0663
1032.7000 0.0665
1039.2000 0.0667
1041.2000 0.0668
1045.3000 0.0670
1046.9000 0.0672
1050.9000 0.0674
1054.1000 0.0675
1057.6000 0.0677
1060.6000 0.0679
1064.3000 0.0681
1066.8000 0.0682
1070.3000 0.0684
1076.2000 0.0686
1085.3000 0.0687
1086.1000 0.0689
1095.3000 0.0691
1096.1000 0.0693
1096.2000 0.0694
1096.5000 0.0696
1096.8000 0.0698
1099.8000 0.0700
1100.0000 0.0701
1111.1000 0.0703
1112.7000 0.0705
1113.1000 0.0707
1123.3000 0.0708
1126.5000 0.0710
1131.7000 0.0712
1132.5000 0.0714
1136.5000 0.0715
1139.8000 0.0717
1140.2000 0.0719
1142.8000 0.0720
1144.7000 0.0722
1146.7000 0.0724
1147.6000 0.0726
1151.1000 0.0727
1157.9000 0.0729
1177.9000 0.0731
1182.7000 0.0733
1185.3000 0.0734
1189.5000 0.0736
1196.8000 0.0738
1198.0000 0.0740
1203.1000 0.0741
1203.8000 0.0743
1204.6000 0.0745
1205.2000 0.0747
1211.7000 0.0748
1212.1000 0.0750
1217.1000 0.0752
1223.4000 0.0753
1224.9000 0.0755
1226.6000 0.0757
1231.3000 0.0759
1237.0000 0.0760
1238.5000 0.0762
1242.5000 0.0764
1247.4000 0.0766
1249.1000 0.0767
1250.3000 0.0769
1251.7000 0.0771
1257.7000 0.0773
1262.1000 0.0774
1264.5000 0.0776
1270.4000 0.0778
1270.9000 0.0780
1271.6000 0.0781
1272.0000 0.0783
1275.6000 0.0785
1277.7000 0.0786
1279.2000 0.0788
1283.0000 0.0790
1284.2000 0.0792
1288.1000 0.0793
1292.3000 0.0795
1292.5000 0.0797
1294.4000 0.0799
1301.8000 0.0800
1303.1000 0.0802
1303.5000 0.0804
1305.2000 0.0806
1305.3000 0.0807
1307.1000 0.0809
1311.6000 0.0811
1312.3000 0.0812
1313.6000 0.0814
1314.9000 0.0816
1318.7000 0.0818
1325.6000 0.0819
1330.8000 0.0821
1336.3000 0.0823
1337.3000 0.0825
1342.6000 0.0826
1342.7000 0.0828
1355.4000 0.0830
1365.7000 0.0832
1379.3000 0.0833
1384.6000 0.0835
1387.4000 0.0837
1391.9000 0.0839
1397.9000 0.0840
1414.5000 0.0842
1417.4000 0.0844
1418.9000 0.0845
1418.9000 0.0847
1420.9000 0.0849
1421.8000 0.0851
1430.9000 0.0852
1432.7000 0.0854
1441.8000 0.0856
1441.9000 0.0858
1442.2000 0.0859
1445.3000 0.0861
1449.7000 0.0863
1452.2000 0.0865
1456.1000 0.0866
1458.3000 0.0868
1460.1000 0.0870
1471.3000 0.0872
1478.4000 0.0873
1478.7000 0.0875
1482.7000 0.0877
1491.6000 0.0878
1505.1000 0.0880
1510.2000 0.0882
1511.5000 0.0884
1512.9000 0.0885
1515.2000 0.0887
1516.2000 0.0889
1521.6000 0.0891
1525.0000 0.0892
1525.3000 0.0894
1525.6000 0.0896
1526.6000 0.0898
1533.1000 0.0899
1535.0000 0.0901
1536.5000 0.0903
1537.1000 0.0905
1543.4000 0.0906
1554.9000 0.0908
1564.8000 0.0910
1568.3000 0.0911
1569.9000 0.0913
1577.3000 0.0915
1579.4000 0.0917
1584.0000 0.0918
1585.3000 0.0920
1587.8000 0.0922
1595.7000 0.0924
1598.1000 0.0925
1607.0000 0.0927
1616.6000 0.0929
1617.5000 0.0931
1619.3000 0.0932
1627.3000 0.0934
1628.9000 0.0936
1633.0000 0.0937
1634.4000 0.0939
1639.5000 0.0941
1640.4000 0.0943
1641.0000 0.0944
1641.3000 0.0946
1643.2000 0.0948
1644.8000 0.0950
1652.5000 0.0951
1652.7000 0.0953
1653.5000 0.0955
1657.8000 0.0957
1663.0000 0.0958
1674.9000 0.0960
1682.4000 0.0962
1682.6000 0.0964
1685.9000 0.0965
1687.8000 0.0967
1688.1000 0.0969
1690.0000 0.0970
1691.8000 0.0972
1694.2000 0.0974
1695.0000 0.0976
1695.3000 0.0977
1703.5000 0.0979
1704.6000 0.0981
1709.7000 0.0983
1712.8000 0.0984
1715.0000 0.0986
1720.0000 0.0988
1721.5000 0.0990
1725.6000 0.0991
1725.9000 0.0993
1727.4000 0.0995
1731.1000 0.0997
1732.5000 0.0998
1740.0000 0.1000
1742.1000 0.1002
1743.8000 0.1003
1744.4000 0.1005
1753.1000 0.1007
1757.3000 0.1009
1763.5000 0.1010
1763.7000 0.1012
1764.4000 0.1014
1770.9000 0.1016
1775.1000 0.1017
1777.7000 0.1019
1789.7000 0.1021
1791.4000 0.1023
1795.5000 0.1024
1798.2000 0.1026
1805.0000 0.1028
1805.9000 0.1030
1812.7000 0.1031
1813.1000 0.1033
1823.1000 0.1035
1828.5000 0.1036
1832.1000 0.1038
1833.1000 0.1040
1834.2000 0.1042
1836.0000 0.1043
1837.7000 0.1045
1839.1000 0.1047
1850.4000 0.1049
1851.4000 0.1050
1857.8000 0.1052
1865.5000 0.1054
1878.1000 0.1056
1885.6000 0.1057
1887.2000 0.1059
1892.3000 0.1061
1899.5000 0.1062
1902.7000 0.1064
1903.0000 0.1066
1908.7000 0.1068
1912.7000 0.1069
1929.0000 0.1071
1933.8000 0.1073
1937.0000 0.1075
1937.8000 0.1076
1944.5000 0.1078
1951.8000 0.1080
1956.0000 0.1082
1958.9000 0.1083
1961.3000 0.1085
1966.0000 0.1087
1972.8000 0.1089
1990.6000 0.1090
1992.0000 0.1092
1993.3000 0.1094
1997.6000 0.1095
1999.2000 0.1097
2026.7000 0.1099
2029.9000 0.1101
2030.2000 0.1102
2033.2000 0.1104
2055.4000 0.1106
2056.3000 0.1108
2056.8000 0.1109
2057.9000 0.1111
2060.0000 0.1113
2061.8000 0.1115
2064.4000 0.1116
2066.8000 0.1118
2066.9000 0.1120
2070.4000 0.1122
2079.5000 0.1123
2107.8000 0.1125
2124.4000 0.1127
2128.7000 0.1128
2129.4000 0.1130
2138.0000 0.1132
2141.2000 0.1134
2146.4000 0.1135
2154.7000 0.1137
2158.2000 0.1139
2161.0000 0.1141
2169.2000 0.1142
2175.2000 0.1144
2177.6000 0.1146
2181.7000 0.1148
2182.0000 0.1149
2188.1000 0.1151
2207.3000 0.1153
2214.4000 0.1155
2215.8000 0.1156
2215.9000 0.1158
2223.3000 0.1160
2224.8000 0.1161
2230.4000 0.1163
2232.5000 0.1165
2236.9000 0.1167
2238.8000 0.1168
2246.4000 0.1170
2247.6000 0.1172
2255.3000 0.1174
2256.9000 0.1175
2259.4000 0.1177
2264.2000 0.1179
2266.9000 0.1181
2267.3000 0.1182
2271.8000 0.1184
2275.6000 0.1186
2275.8000 0.1187
2296.6000 0.1189
2300.0000 0.1191
2302.8000 0.1193
2308.4000 0.1194
2312.1000 0.1196
2319.7000 0.1198
2326.9000 0.1200
2329.8000 0.1201
2337.7000 0.1203
2342.3000 0.1205
2343.1000 0.1207
2345.1000 0.1208
2346.8000 0.1210
2355.3000 0.1212
2361.5000 0.1214
2365.6000 0.1215
2370.9000 0.1217
2380.6000 0.1219
2382.4000 0.1220
2387.3000 0.1222
2389.8000 0.1224
2393.1000 0.1226
2393.2000 0.1227
2395.0000 0.1229
2397.6000 0.1231
2398.5000 0.1233
2400.8000 0.1234
2408.9000 0.1236
2411.0000 0.1238
2412.5000 0.1240
2414.9000 0.1241
2424.5000 0.1243
2424.6000 0.1245
2436.1000 0.1247
2452.1000 0.1248
2452.1000 0.1250
2457.1000 0.1252
2463.2000 0.1253
2466.2000 0.1255
2467.2000 0.1257
2469.7000 0.1259
2475.0000 0.1260
2475.1000 0.1262
2486.2000 0.1264
2490.2000 0.1266
2494.0000 0.1267
2497.1000 0.1269
2500.7000 0.1271
2501.5000 0.1273
2505.6000 0.1274
2525.0000 0.1276
2533.9000 0.1278
2540.9000 0.1280
2542.9000 0.1281
2550.3000 0.1283
2572.7000 0.1285
2582.8000 0.1286
2586.6000 0.1288
2594.5000 0.1290
2603.5000 0.1292
2610.6000 0.1293
2620.0000 0.1295
2628.6000 0.1297
2644.4000 0.1299
2650.0000 0.1300
2651.6000 0.1302
2659.2000 0.1304
2661.2000 0.1306
2662.3000 0.1307
2664.2000 0.1309
2667.1000 0.1311
2671.0000 0.1312
2672.3000 0.1314
2673.0000 0.1316
2677.6000 0.1318
2678.8000 0.1319
2680.2000 0.1321
2689.8000 0.1323
2694.7000 0.1325
2697.8000 0.1326
2702.7000 0.1328
2705.9000 0.1330
2710.6000 0.1332
2723.8000 0.1333
2725.4000 0.1335
2725.6000 0.1337
2725.7000 0.1339
2725.9000 0.1340
2734.5000 0.1342
2734.5000 0.1344
2735.0000 0.1345
2737.3000 0.1347
2740.0000 0.1349
2750.6000 0.1351
2751.4000 0.1352
2753.9000 0.1354
2757.9000 0.1356
2768.7000 0.1358
2771.8000 0.1359
2783.4000 0.1361
2787.6000 0.1363
2790.0000 0.1365
2806.8000 0.1366
2812.6000 0.1368
2824.1000 0.1370
2827.0000 0.1372
2831.1000 0.1373
2833.2000 0.1375
2847.7000 0.1377
2862.7000 0.1378
2864.3000 0.1380
2867.1000 0.1382
2867.8000 0.1384
2879.5000 0.1385
2895.4000 0.1387
2897.2000 0.1389
2906.7000 0.1391
2907.1000 0.1392
2913.9000 0.1394
2921.5000 0.1396
2937.7000 0.1398
2953.1000 0.1399
2960.0000 0.1401
2973.5000 0.1403
2975.1000 0.1405
2981.2000 0.1406
2987.3000 0.1408
2997.7000 0.1410
2998.1000 0.1411
2998.1000 0.1413
3009.9000 0.1415
3013.1000 0.1417
3015.4000 0.1418
3025.9000 0.1420
3038.6000 0.1422
3045.8000 0.1424
3046.2000 0.1425
3066.1000 0.1427
3072.7000 0.1429
3085.6000 0.1431
3087.8000 0.1432
3092.0000 0.1434
3093.5000 0.1436
3107.2000 0.1437
3111.1000 0.1439
3116.0000 0.1441
3120.0000 0.1443
3128.3000 0.1444
3136.8000 0.1446
3142.8000 0.1448
3157.1000 0.1450
3160.1000 0.1451
3184.8000 0.1453
3187.4000 0.1455
3190.1000 0.1457
3192.9000 0.1458
3211.6000 0.1460
3239.1000 0.1462
3240.3000 0.1464
3241.4000 0.1465
3244.1000 0.1467
3244.4000 0.1469
3249.7000 0.1470
3257.2000 0.1472
3262.5000 0.1474
3280.1000 0.1476
3282.3000 0.1477
3290.9000 0.1479
3300.9000 0.1481
3303.6000 0.1483
3315.7000 0.1484
3326.5000 0.1486
3341.4000 0.1488
3342.3000 0.1490
3356.3000 0.1491
3362.3000 0.1493
3372.9000 0.1495
3384.8000 0.1497
3386.3000 0.1498
3390.8000 0.1500
3395.3000 0.1502
3400.5000 0.1503
3404.3000 0.1505
3422.9000 0.1507
3425.4000 0.1509
3437.0000 0.1510
3443.3000 0.1512
3446.1000 0.1514
3451.4000 0.1516
3487.4000 0.1517
3494.6000 0.1519
3503.3000 0.1521
3507.0000 0.1523
3514.0000 0.1524
3516.3000 0.1526
3517.8000 0.1528
3539.6000 0.1530
3561.8000 0.1531
3562.5000 0.1533
3567.2000 0.1535
3569.4000 0.1536
3579.2000 0.1538
3597.7000 0.1540
3603.7000 0.1542
3609.0000 0.1543
3621.4000 0.1545
3622.0000 0.1547
3633.6000 0.1549
3653.8000 0.1550
3656.7000 0.1552
3677.2000 0.1554
3677.7000 0.1556
3684.7000 0.1557
3699.6000 0.1559
3717.3000 0.1561
3726.5000 0.1562
3733.1000 0.1564
3743.0000 0.1566
3743.6000 0.1568
3744.7000 0.1569
3745.0000 0.1571
3750.6000 0.1573
3760.8000 0.1575
3768.9000 0.1576
3776.6000 0.1578
3782.8000 0.1580
3790.3000 0.1582
3792.9000 0.1583
3816.6000 0.1585
3841.5000 0.1587
3842.4000 0.1589
3871.8000 0.1590
3884.9000 0.1592
3888.8000 0.1594
3891.2000 0.1595
3926.0000 0.1597
3927.7000 0.1599
3931.4000 0.1601
3948.9000 0.1602
3976.9000 0.1604
3995.6000 0.1606
3996.0000 0.1608
3998.2000 0.1609
4009.8000 0.1611
4011.9000 0.1613
4049.8000 0.1615
4071.4000 0.1616
4079.8000 0.1618
4083.6000 0.1620
4093.5000 0.1622
4103.7000 0.1623
4106.8000 0.1625
4115.4000 0.1627
4143.3000 0.1628
4147.7000 0.1630
4167.2000 0.1632
4189.1000 0.1634
4211.6000 0.1635
4244.6000 0.1637
4300.9000 0.1639
4302.1000 0.1641
4322.4000 0.1642
4322.5000 0.1644
4323.3000 0.1646
4328.1000 0.1648
4328.1000 0.1649
4334.9000 0.1651
4345.0000 0.1653
4346.7000 0.1655
4347.7000 0.1656
4362.2000 0.1658
4373.9000 0.1660
4375.2000 0.1661
4376.8000 0.1663
4388.9000 0.1665
4389.5000 0.1667
4393.1000 0.1668
4411.6000 0.1670
4421.7000 0.1672
4426.7000 0.1674
4429.5000 0.1675
4430.2000 0.1677
4431.3000 0.1679
4480.6000 0.1681
4484.3000 0.1682
4492.9000 0.1684
4493.1000 0.1686
4499.4000 0.1687
4500.9000 0.1689
4502.9000 0.1691
4521.3000 0.1693
4557.5000 0.1694
4563.1000 0.1696
4563.2000 0.1698
4571.2000 0.1700
4571.8000 0.1701
4573.5000 0.1703
4584.3000 0.1705
4602.2000 0.1707
4604.9000 0.1708
4620.6000 0.1710
4621.0000 0.1712
4630.6000 0.1714
4641.4000 0.1715
4672.5000 0.1717
4675.2000 0.1719
4679.2000 0.1720
4687.0000 0.1722
4727.2000 0.1724
4734.7000 0.1726
4736.4000 0.1727
4747.4000 0.1729
4751.5000 0.1731
4759.5000 0.1733
4761.6000 0.1734
4780.1000 0.1736
4782.1000 0.1738
4785.6000 0.1740
4806.5000 0.1741
4821.2000 0.1743
4829.5000 0.1745
4838.9000 0.1747
4844.9000 0.1748
4855.7000 0.1750
4862.3000 0.1752
4892.0000 0.1753
4898.7000 0.1755
4901.3000 0.1757
4902.7000 0.1759
4907.7000 0.1760
4916.2000 0.1762
4952.7000 0.1764
4962.4000 0.1766
4965.4000 0.1767
4978.8000 0.1769
5003.1000 0.1771
5032.0000 0.1773
5048.4000 0.1774
5072.3000 0.1776
5072.8000 0.1778
5086.0000 0.1780
5126.4000 0.1781
5132.1000 0.1783
5150.2000 0.1785
5152.0000 0.1786
5157.2000 0.1788
5196.7000 0.1790
5205.8000 0.1792
5257.0000 0.1793
5286.8000 0.1795
5311.5000 0.1797
5315.3000 0.1799
5320.2000 0.1800
5329.4000 0.1802
5329.5000 0.1804
5330.4000 0.1806
5340.2000 0.1807
5343.1000 0.1809
5344.5000 0.1811
5350.3000 0.1812
5364.4000 0.1814
5389.0000 0.1816
5403.7000 0.1818
5404.7000 0.1819
5412.2000 0.1821
5421.0000 0.1823
5437.4000 0.1825
5448.1000 0.1826
5459.7000 0.1828
5460.4000 0.1830
5472.8000 0.1832
5478.1000 0.1833
5486.9000 0.1835
5501.2000 0.1837
5501.3000 0.1839
5521.2000 0.1840
5522.8000 0.1842
5522.9000 0.1844
5536.0000 0.1845
5537.3000 0.1847
5550.9000 0.1849
5560.8000 0.1851
5561.6000 0.1852
5600.9000 0.1854
5603.2000 0.1856
5616.5000 0.1858
5618.6000 0.1859
5628.5000 0.1861
5630.6000 0.1863
5645.6000 0.1865
5662.9000 0.1866
5667.1000 0.1868
5671.8000 0.1870
5673.3000 0.1872
5701.6000 0.1873
5706.7000 0.1875
5716.6000 0.1877
5738.1000 0.1878
5748.9000 0.1880
5765.3000 0.1882
5812.4000 0.1884
5812.4000 0.1885
5825.1000 0.1887
5828.8000 0.1889
5837.7000 0.1891
5874.7000 0.1892
5885.7000 0.1894
5888.1000 0.1896
5893.8000 0.1898
5904.4000 0.1899
5906.0000 0.1901
5938.7000 0.1903
5950.2000 0.1905
5953.4000 0.1906
5981.4000 0.1908
6024.6000 0.1910
6028.8000 0.1911
6029.8000 0.1913
6036.4000 0.1915
6036.4000 0.1917
6044.1000 0.1918
6065.8000 0.1920
6071.6000 0.1922
6074.6000 0.1924
6079.6000 0.1925
6087.4000 0.1927
6090.6000 0.1929
6096.8000 0.1931
6103.0000 0.1932
6120.9000 0.1934
6128.2000 0.1936
6131.6000 0.1937
6136.2000 0.1939
6142.3000 0.1941
6159.0000 0.1943
6173.2000 0.1944
6180.1000 0.1946
6183.2000 0.1948
6186.0000 0.1950
6195.6000 0.1951
6196.0000 0.1953
6204.2000 0.1955
6246.1000 0.1957
6246.3000 0.1958
6251.4000 0.1960
6264.5000 0.1962
6281.0000 0.1964
6299.6000 0.1965
6302.9000 0.1967
6359.0000 0.1969
6395.7000 0.1970
6406.3000 0.1972
6430.8000 0.1974
6432.0000 0.1976
6438.2000 0.1977
6441.8000 0.1979
6444.2000 0.1981
6470.3000 0.1983
6479.9000 0.1984
6490.6000 0.1986
6492.1000 0.1988
6498.3000 0.1990
6500.4000 0.1991
6534.5000 0.1993
6543.3000 0.1995
6548.7000 0.1997
6573.2000 0.1998
6577.2000 0.2000
6590.6000 0.2002
6598.2000 0.2003
6607.1000 0.2005
6617.5000 0.2007
6618.9000 0.2009
6649.5000 0.2010
6691.8000 0.2012
6695.1000 0.2014
6752.3000 0.2016
6753.1000 0.2017
6753.2000 0.2019
6765.9000 0.2021
6799.0000 0.2023
6809.3000 0.2024
6845.6000 0.2026
6859.7000 0.2028
6869.8000 0.2030
6879.2000 0.2031
6915.6000 0.2033
6916.4000 0.2035
6952.7000 0.2036
6968.1000 0.2038
6987.3000 0.2040
7034.5000 0.2042
7035.0000 0.2043
7040.0000 0.2045
7051.7000 0.2047
7106.3000 0.2049
7110.4000 0.2050
7111.3000 0.2052
7126.6000 0.2054
7152.5000 0.2056
7159.6000 0.2057
7163.1000 0.2059
7169.7000 0.2061
7198.4000 0.2062
7201.8000 0.2064
7236.8000 0.2066
7247.1000 0.2068
7249.1000 0.2069
7260.1000 0.2071
7294.5000 0.2073
7309.2000 0.2075
7311.3000 0.2076
7349.2000 0.2078
7349.4000 0.2080
7360.0000 0.2082
7361.1000 0.2083
7370.1000 0.2085
7373.4000 0.2087
7392.4000 0.2089
7398.4000 0.2090
7434.2000 0.2092
7436.4000 0.2094
7437.6000 0.2095
7461.8000 0.2097
7482.3000 0.2099
7492.3000 0.2101
7494.4000 0.2102
7495.0000 0.2104
7515.7000 0.2106
7526.0000 0.2108
7531.3000 0.2109
7560.4000 0.2111
7576.2000 0.2113
7590.9000 0.2115
7599.8000 0.2116
7668.6000 0.2118
7676.3000 0.2120
7719.4000 0.2122
7746.2000 0.2123
7754.2000 0.2125
7762.4000 0.2127
7781.7000 0.2128
7843.8000 0.2130
7917.4000 0.2132
7919.6000 0.2134
7927.9000 0.2135
7937.4000 0.2137
7941.3000 0.2139
7948.8000 0.2141
7974.9000 0.2142
7975.1000 0.2144
7975.6000 0.2146
7996.0000 0.2148
8030.7000 0.2149
8038.1000 0.2151
8039.0000 0.2153
8073.6000 0.2155
8077.2000 0.2156
8093.1000 0.2158
8098.3000 0.2160
8105.7000 0.2161
8105.9000 0.2163
8109.5000 0.2165
8131.4000 0.2167
8135.6000 0.2168
8161.6000 0.2170
8162.5000 0.2172
8168.3000 0.2174
8172.7000 0.2175
8188.8000 0.2177
8189.2000 0.2179
8195.8000 0.2181
8201.0000 0.2182
8212.0000 0.2184
8281.5000 0.2186
8302.3000 0.2187
8302.6000 0.2189
8314.0000 0.2191
8320.4000 0.2193
8322.8000 0.2194
8330.0000 0.2196
8340.5000 0.2198
8346.3000 0.2200
8363.8000 0.2201
8374.7000 0.2203
8380.1000 0.2205
8401.1000 0.2207
8409.3000 0.2208
8422.6000 0.2210
8432.4000 0.2212
8440.7000 0.2214
8466.1000 0.2215
8468.3000 0.2217
8489.4000 0.2219
8501.8000 0.2220
8512.0000 0.2222
8520.4000 0.2224
8534.8000 0.2226
8542.3000 0.2227
8562.4000 0.2229
8566.4000 0.2231
8593.2000 0.2233
8594.7000 0.2234
8616.8000 0.2236
8627.0000 0.2238
8647.3000 0.2240
8660.3000 0.2241
8663.3000 0.2243
8693.1000 0.2245
8733.2000 0.2247
8736.2000 0.2248
8765.7000 0.2250
8775.9000 0.2252
8787.1000 0.2253
8822.9000 0.2255
8830.9000 0.2257
8831.6000 0.2259
8831.7000 0.2260
8866.2000 0.2262
8869.2000 0.2264
8884.4000 0.2266
8898.8000 0.2267
8918.7000 0.2269
8919.3000 0.2271
8921.3000 0.2273
8939.4000 0.2274
8957.3000 0.2276
8959.0000 0.2278
8960.7000 0.2280
8967.6000 0.2281
8968.8000 0.2283
8984.4000 0.2285
8988.1000 0.2286
8997.3000 0.2288
9038.1000 0.2290
9057.5000 0.2292
9059.0000 0.2293
9100.8000 0.2295
9108.2000 0.2297
9129.9000 0.2299
9168.7000 0.2300
9176.6000 0.2302
9177.1000 0.2304
9180.2000 0.2306
9192.9000 0.2307
9200.0000 0.2309
9230.2000 0.2311
9254.7000 0.2312
9270.6000 0.2314
9271.4000 0.2316
9295.4000 0.2318
9306.9000 0.2319
9324.7000 0.2321
9339.3000 0.2323
9362.2000 0.2325
9365.6000 0.2326
9372.2000 0.2328
9381.2000 0.2330
9421.3000 0.2332
9455.0000 0.2333
9458.1000 0.2335
9465.3000 0.2337
9476.0000 0.2339
9477.9000 0.2340
9488.5000 0.2342
9500.6000 0.2344
9503.8000 0.2345
9504.9000 0.2347
9553.3000 0.2349
9560.7000 0.2351
9568.1000 0.2352
9571.6000 0.2354
9577.5000 0.2356
9579.4000 0.2358
9594.2000 0.2359
9601.0000 0.2361
9602.1000 0.2363
9604.3000 0.2365
9611.6000 0.2366
9617.8000 0.2368
9620.2000 0.2370
9629.9000 0.2372
9641.4000 0.2373
9642.9000 0.2375
9644.4000 0.2377
9644.7000 0.2378
9651.6000 0.2380
9657.7000 0.2382
9659.2000 0.2384
9662.1000 0.2385
9696.7000 0.2387
9744.6000 0.2389
9756.6000 0.2391
9766.1000 0.2392
9786.7000 0.2394
9792.8000 0.2396
9803.5000 0.2398
9803.6000 0.2399
9832.1000 0.2401
9842.1000 0.2403
9857.5000 0.2405
9857.6000 0.2406
9858.1000 0.2408
9859.6000 0.2410
9874.9000 0.2411
9901.0000 0.2413
9909.5000 0.2415
9910.3000 0.2417
9922.9000 0.2418
9926.1000 0.2420
9951.2000 0.2422
9958.8000 0.2424
9972.7000 0.2425
9986.3000 0.2427
9986.4000 0.2429
9997.6000 0.2431
10041.2000 0.2432
10043.3000 0.2434
10043.4000 0.2436
10069.7000 0.2437
10077.4000 0.2439
10082.2000 0.2441
10113.2000 0.2443
10115.9000 0.2444
10118.3000 0.2446
10129.4000 0.2448
10140.5000 0.2450
10156.5000 0.2451
10162.5000 0.2453
10170.6000 0.2455
10209.3000 0.2457
10212.3000 0.2458
10231.3000 0.2460
10246.6000 0.2462
10290.6000 0.2464
10295.7000 0.2465
10297.2000 0.2467
10306.0000 0.2469
10310.6000 0.2470
10311.6000 0.2472
10316.7000 0.2474
10318.9000 0.2476
10342.0000 0.2477
10342.3000 0.2479
10345.8000 0.2481
10368.9000 0.2483
10370.9000 0.2484
10372.5000 0.2486
10379.4000 0.2488
10380.0000 0.2490
10382.9000 0.2491
10385.8000 0.2493
10415.5000 0.2495
10421.1000 0.2497
10438.9000 0.2498
10460.1000 0.2500
10476.4000 0.2502
10476.7000 0.2503
10528.3000 0.2505
10531.5000 0.2507
10536.9000 0.2509
10538.2000 0.2510
10539.7000 0.2512
10546.7000 0.2514
10570.7000 0.2516
10572.2000 0.2517
10579.7000 0.2519
10581.6000 0.2521
10589.3000 0.2523
10599.2000 0.2524
10613.8000 0.2526
10616.6000 0.2528
10619.0000 0.2530
10643.7000 0.2531
10667.9000 0.2533
10672.6000 0.2535
10674.7000 0.2536
10686.3000 0.2538
10690.0000 0.2540
10694.7000 0.2542
10726.3000 0.2543
10747.1000 0.2545
10804.4000 0.2547
10818.1000 0.2549
10826.2000 0.2550
10832.2000 0.2552
10847.6000 0.2554
10861.2000 0.2556
10875.0000 0.2557
10897.4000 0.2559
10932.1000 0.2561
10941.5000 0.2563
10969.9000 0.2564
11003.0000 0.2566
11018.5000 0.2568
11025.4000 0.2569
11042.4000 0.2571
11066.5000 0.2573
11075.4000 0.2575
11077.9000 0.2576
11080.0000 0.2578
11087.8000 0.2580
11138.6000 0.2582
11153.9000 0.2583
11167.9000 0.2585
11186.7000 0.2587
11229.8000 0.2589
11237.4000 0.2590
11269.2000 0.2592
11305.8000 0.2594
11311.8000 0.2595
11313.2000 0.2597
11327.6000 0.2599
11329.4000 0.2601
11351.6000 0.2602
11352.2000 0.2604
11369.1000 0.2606
11382.2000 0.2608
11383.5000 0.2609
11399.6000 0.2611
11399.8000 0.2613
11401.9000 0.2615
11404.8000 0.2616
11440.0000 0.2618
11469.6000 0.2620
11470.3000 0.2622
11477.2000 0.2623
11480.7000 0.2625
11498.2000 0.2627
11510.9000 0.2628
11538.0000 0.2630
11543.2000 0.2632
11547.8000 0.2634
11572.7000 0.2635
11579.2000 0.2637
11625.8000 0.2639
11646.6000 0.2641
11681.3000 0.2642
11691.6000 0.2644
11714.4000 0.2646
11716.5000 0.2648
11717.5000 0.2649
11717.8000 0.2651
11737.4000 0.2653
11767.0000 0.2655
11769.2000 0.2656
11805.1000 0.2658
11832.1000 0.2660
11871.3000 0.2661
11886.4000 0.2663
11889.1000 0.2665
11895.9000 0.2667
11909.2000 0.2668
11910.9000 0.2670
11938.3000 0.2672
11943.0000 0.2674
11948.7000 0.2675
11971.5000 0.2677
11981.7000 0.2679
11995.4000 0.2681
12015.8000 0.2682
12020.9000 0.2684
12028.0000 0.2686
12039.4000 0.2688
12055.0000 0.2689
12058.0000 0.2691
12061.0000 0.2693
12068.3000 0.2694
12110.0000 0.2696
12116.0000 0.2698
12148.2000 0.2700
12153.3000 0.2701
12169.2000 0.2703
12183.2000 0.2705
12184.0000 0.2707
12203.6000 0.2708
12214.3000 0.2710
12242.8000 0.2712
12243.6000 0.2714
12341.2000 0.2715
12352.9000 0.2717
12366.9000 0.2719
12376.2000 0.2720
12394.4000 0.2722
12398.2000 0.2724
12437.5000 0.2726
12449.7000 0.2727
12455.2000 0.2729
12467.7000 0.2731
12490.7000 0.2733
12515.0000 0.2734
12526.4000 0.2736
12530.0000 0.2738
12569.7000 0.2740
12579.0000 0.2741
12590.4000 0.2743
12595.4000 0.2745
12617.0000 0.2747
12643.3000 0.2748
12649.3000 0.2750
12736.4000 0.2752
12742.3000 0.2753
12748.7000 0.2755
12751.4000 0.2757
12752.0000 0.2759
12765.8000 0.2760
12767.7000 0.2762
12783.4000 0.2764
12787.3000 0.2766
12814.5000 0.2767
12821.1000 0.2769
12839.1000 0.2771
12841.6000 0.2773
12888.0000 0.2774
12911.6000 0.2776
12942.6000 0.2778
12951.7000 0.2780
12965.9000 0.2781
12974.3000 0.2783
12981.0000 0.2785
12990.7000 0.2786
13022.8000 0.2788
13033.3000 0.2790
13056.1000 0.2792
13106.8000 0.2793
13115.0000 0.2795
13121.8000 0.2797
13127.6000 0.2799
13129.0000 0.2800
13137.4000 0.2802
13150.2000 0.2804
13209.9000 0.2806
13257.1000 0.2807
13287.5000 0.2809
13294.1000 0.2811
13311.1000 0.2813
13340.7000 0.2814
13342.3000 0.2816
13357.1000 0.2818
13380.0000 0.2819
13401.3000 0.2821
13402.9000 0.2823
13416.8000 0.2825
13421.8000 0.2826
13422.7000 0.2828
13435.9000 0.2830
13478.2000 0.2832
13482.2000 0.2833
13501.0000 0.2835
13503.2000 0.2837
13516.5000 0.2839
13525.3000 0.2840
13564.2000 0.2842
13622.6000 0.2844
13632.5000 0.2845
13656.4000 0.2847
13660.2000 0.2849
13700.8000 0.2851
13724.2000 0.2852
13730.0000 0.2854
13745.6000 0.2856
13751.9000 0.2858
13806.4000 0.2859
13812.6000 0.2861
13814.7000 0.2863
13829.3000 0.2865
13857.2000 0.2866
13882.9000 0.2868
13886.8000 0.2870
13887.3000 0.2872
13891.4000 0.2873
13899.2000 0.2875
13905.7000 0.2877
13916.4000 0.2878
13917.9000 0.2880
13990.1000 0.2882
14010.7000 0.2884
14014.2000 0.2885
14019.4000 0.2887
14021.4000 0.2889
14030.2000 0.2891
14066.2000 0.2892
14066.2000 0.2894
14083.6000 0.2896
14107.4000 0.2898
14111.8000 0.2899
14124.0000 0.2901
14151.3000 0.2903
14166.2000 0.2905
14201.6000 0.2906
14201.6000 0.2908
14213.0000 0.2910
14218.4000 0.2911
14220.1000 0.2913
14221.7000 0.2915
14250.9000 0.2917
14278.9000 0.2918
14279.2000 0.2920
14282.7000 0.2922
14292.3000 0.2924
14294.8000 0.2925
14305.7000 0.2927
14306.3000 0.2929
14316.7000 0.2931
14340.0000 0.2932
14373.1000 0.2934
14389.3000 0.2936
14397.7000 0.2938
14407.7000 0.2939
14412.0000 0.2941
14419.8000 0.2943
14447.4000 0.2944
14448.8000 0.2946
14485.6000 0.2948
14499.2000 0.2950
14512.5000 0.2951
14514.9000 0.2953
14549.0000 0.2955
14570.9000 0.2957
14617.6000 0.2958
14618.6000 0.2960
14631.9000 0.2962
14640.0000 0.2964
14668.9000 0.2965
14669.4000 0.2967
14671.0000 0.2969
14686.0000 0.2970
14688.2000 0.2972
14733.1000 0.2974
14734.8000 0.2976
14783.4000 0.2977
14788.5000 0.2979
14836.0000 0.2981
14838.8000 0.2983
14849.0000 0.2984
14853.4000 0.2986
14858.7000 0.2988
14877.3000 0.2990
14913.5000 0.2991
14933.0000 0.2993
14950.2000 0.2995
14957.3000 0.2997
14976.3000 0.2998
14999.4000 0.3000
15003.8000 0.3002
15031.5000 0.3003
15032.8000 0.3005
15038.0000 0.3007
15038.6000 0.3009
15039.8000 0.3010
15047.6000 0.3012
15087.1000 0.3014
15101.8000 0.3016
15107.3000 0.3017
15144.6000 0.3019
15147.1000 0.3021
15157.3000 0.3023
15168.2000 0.3024
15169.2000 0.3026
15204.2000 0.3028
15223.4000 0.3030
15237.6000 0.3031
15271.8000 0.3033
15277.0000 0.3035
15296.8000 0.3036
15311.3000 0.3038
15326.0000 0.3040
15330.8000 0.3042
15383.9000 0.3043
15406.8000 0.3045
15427.4000 0.3047
15452.7000 0.3049
15463.1000 0.3050
15474.7000 0.3052
15500.7000 0.3054
15527.7000 0.3056
15531.5000 0.3057
15545.3000 0.3059
15556.4000 0.3061
15561.0000 0.3063
15568.5000 0.3064
15573.8000 0.3066
15601.3000 0.3068
15606.1000 0.3069
15680.0000 0.3071
15696.1000 0.3073
15696.9000 0.3075
15739.7000 0.3076
15744.9000 0.3078
15750.7000 0.3080
15759.8000 0.3082
15790.9000 0.3083
15816.3000 0.3085
15820.1000 0.3087
15820.6000 0.3089
15824.8000 0.3090
15827.6000 0.3092
15830.3000 0.3094
15886.9000 0.3095
15918.3000 0.3097
15947.1000 0.3099
15949.6000 0.3101
15981.2000 0.3102
15986.6000 0.3104
15995.0000 0.3106
15997.9000 0.3108
16015.4000 0.3109
16018.9000 0.3111
16059.9000 0.3113
16095.7000 0.3115
16102.2000 0.3116
16134.6000 0.3118
16161.7000 0.3120
16171.6000 0.3122
16235.7000 0.3123
16262.7000 0.3125
16266.2000 0.3127
16296.6000 0.3128
16305.4000 0.3130
16305.8000 0.3132
16315.7000 0.3134
16325.0000 0.3135
16333.1000 0.3137
16345.0000 0.3139
16359.5000 0.3141
16361.8000 0.3142
16381.4000 0.3144
16382.1000 0.3146
16382.4000 0.3148
16417.8000 0.3149
16429.7000 0.3151
16432.0000 0.3153
16449.4000 0.3155
16451.4000 0.3156
16452.7000 0.3158
16454.7000 0.3160
16470.8000 0.3161
16498.1000 0.3163
16529.8000 0.3165
16558.0000 0.3167
16561.3000 0.3168
16566.0000 0.3170
16582.8000 0.3172
16621.7000 0.3174
16635.7000 0.3175
16670.7000 0.3177
16679.6000 0.3179
16690.7000 0.3181
16691.8000 0.3182
16701.8000 0.3184
16707.5000 0.3186
16715.6000 0.3188
16734.2000 0.3189
16755.1000 0.3191
16790.7000 0.3193
16802.7000 0.3194
16811.3000 0.3196
16820.0000 0.3198
16822.5000 0.3200
16823.1000 0.3201
16854.0000 0.3203
16855.6000 0.3205
16855.9000 0.3207
16860.6000 0.3208
16901.8000 0.3210
16902.1000 0.3212
16902.1000 0.3214
16913.0000 0.3215
16915.8000 0.3217
16937.1000 0.3219
16979.7000 0.3220
16990.0000 0.3222
16992.9000 0.3224
17014.0000 0.3226
17062.3000 0.3227
17082.7000 0.3229
17082.9000 0.3231
17161.5000 0.3233
17165.5000 0.3234
17169.4000 0.3236
17185.7000 0.3238
17191.5000 0.3240
17201.7000 0.3241
17227.4000 0.3243
17233.8000 0.3245
17242.4000 0.3247
17247.4000 0.3248
17340.1000 0.3250
17351.1000 0.3252
17359.4000 0.3253
17366.0000 0.3255
17372.6000 0.3257
17374.0000 0.3259
17376.6000 0.3260
17389.4000 0.3262
17428.0000 0.3264
17430.6000 0.3266
17433.3000 0.3267
17437.5000 0.3269
17451.3000 0.3271
17458.1000 0.3273
17541.7000 0.3274
17553.9000 0.3276
17580.2000 0.3278
17595.4000 0.3280
17601.8000 0.3281
17609.7000 0.3283
17639.3000 0.3285
17668.1000 0.3286
17678.4000 0.3288
17694.7000 0.3290
17726.4000 0.3292
17741.3000 0.3293
17741.6000 0.3295
17764.5000 0.3297
17778.8000 0.3299
17780.1000 0.3300
17807.2000 0.3302
17811.5000 0.3304
17811.6000 0.3306
17812.2000 0.3307
17823.8000 0.3309
17844.8000 0.3311
17856.6000 0.3313
17874.2000 0.3314
17909.0000 0.3316
17919.4000 0.3318
17923.4000 0.3319
17924.2000 0.3321
17950.0000 0.3323
17979.4000 0.3325
17987.8000 0.3326
18002.7000 0.3328
18014.6000 0.3330
18019.2000 0.3332
18022.9000 0.3333
18035.0000 0.3335
18048.1000 0.3337
18058.3000 0.3339
18067.1000 0.3340
18086.8000 0.3342
18104.5000 0.3344
18108.1000 0.3345
18108.1000 0.3347
18122.4000 0.3349
18151.8000 0.3351
18163.1000 0.3352
18173.4000 0.3354
18175.9000 0.3356
18222.0000 0.3358
18245.6000 0.3359
18252.2000 0.3361
18256.8000 0.3363
18265.4000 0.3365
18272.2000 0.3366
18305.5000 0.3368
18308.8000 0.3370
18322.0000 0.3372
18328.4000 0.3373
18335.3000 0.3375
18347.1000 0.3377
18355.6000 0.3378
18383.8000 0.3380
18443.3000 0.3382
18466.2000 0.3384
18486.5000 0.3385
18501.3000 0.3387
18516.8000 0.3389
18531.8000 0.3391
18534.8000 0.3392
18568.1000 0.3394
18595.0000 0.3396
18600.0000 0.3398
18601.8000 0.3399
18627.7000 0.3401
18629.8000 0.3403
18632.6000 0.3405
18647.6000 0.3406
18659.1000 0.3408
18693.0000 0.3410
18696.0000 0.3411
18726.4000 0.3413
18732.3000 0.3415
18743.8000 0.3417
18772.7000 0.3418
18783.2000 0.3420
18803.0000 0.3422
18804.4000 0.3424
18855.9000 0.3425
18887.2000 0.3427
18919.3000 0.3429
18936.4000 0.3431
18966.0000 0.3432
18987.1000 0.3434
18988.9000 0.3436
18989.7000 0.3438
19038.1000 0.3439
19039.4000 0.3441
19069.2000 0.3443
19092.2000 0.3444
19201.4000 0.3446
19219.1000 0.3448
19219.5000 0.3450
19237.9000 0.3451
19238.2000 0.3453
19268.1000 0.3455
19282.0000 0.3457
19348.0000 0.3458
19425.0000 0.3460
19440.4000 0.3462
19443.5000 0.3464
19516.1000 0.3465
19518.1000 0.3467
19559.5000 0.3469
19570.5000 0.3470
19599.0000 0.3472
19602.1000 0.3474
19603.5000 0.3476
19625.4000 0.3477
19647.7000 0.3479
19744.7000 0.3481
19768.3000 0.3483
19768.7000 0.3484
19782.6000 0.3486
19785.7000 0.3488
19820.7000 0.3490
19848.2000 0.3491
19886.2000 0.3493
19932.5000 0.3495
19943.4000 0.3497
19944.7000 0.3498
20068.1000 0.3500
20127.2000 0.3502
20132.8000 0.3503
20190.3000 0.3505
20225.6000 0.3507
20243.1000 0.3509
20295.3000 0.3510
20311.8000 0.3512
20375.7000 0.3514
20426.3000 0.3516
20475.4000 0.3517
20477.5000 0.3519
20610.4000 0.3521
20617.8000 0.3523
20736.7000 0.3524
20753.0000 0.3526
20754.9000 0.3528
20828.5000 0.3530
20909.6000 0.3531
20973.1000 0.3533
21025.8000 0.3535
21039.6000 0.3536
21071.6000 0.3538
21100.0000 0.3540
21128.0000 0.3542
21131.2000 0.3543
21257.0000 0.3545
21322.9000 0.3547
21325.3000 0.3549
21558.3000 0.3550
21988.7000 0.3552
22072.2000 0.3554
22484.3000 0.3556
22699.2000 0.3557
22804.9000 0.3559
22897.8000 0.3561
