# messageDelay  cumulativeProbability
5.0000 0.0002
5.0000 0.0003
5.0000 0.0005
5.0000 0.0007
5.0000 0.0009
5.0000 0.0010
5.0000 0.0012
5.0000 0.0014
5.0000 0.0016
5.0000 0.0017
5.0000 0.0019
5.0000 0.0021
5.0000 0.0023
5.0000 0.0024
5.0000 0.0026
5.0000 0.0028
5.0000 0.0030
5.0000 0.0031
5.0000 0.0033
5.0000 0.0035
5.0000 0.0036
5.0000 0.0038
5.0000 0.0040
5.0000 0.0042
5.0000 0.0043
5.0000 0.0045
7.4000 0.0047
9.1000 0.0049
9.6000 0.0050
10.0000 0.0052
10.0000 0.0054
10.0000 0.0056
10.9000 0.0057
12.3000 0.0059
24.6000 0.0061
88.4000 0.0063
98.2000 0.0064
112.8000 0.0066
114.0000 0.0068
117.0000 0.0069
120.6000 0.0071
126.6000 0.0073
148.5000 0.0075
160.0000 0.0076
160.7000 0.0078
161.4000 0.0080
167.9000 0.0082
168.3000 0.0083
169.8000 0.0085
171.6000 0.0087
186.4000 0.0089
205.8000 0.0090
205.8000 0.0092
208.6000 0.0094
211.6000 0.0095
213.9000 0.0097
216.8000 0.0099
217.3000 0.0101
238.3000 0.0102
244.2000 0.0104
258.5000 0.0106
260.5000 0.0108
267.2000 0.0109
275.3000 0.0111
288.2000 0.0113
290.2000 0.0115
312.0000 0.0116
320.1000 0.0118
320.3000 0.0120
321.6000 0.0122
328.7000 0.0123
331.5000 0.0125
344.7000 0.0127
346.6000 0.0128
346.7000 0.0130
349.0000 0.0132
349.6000 0.0134
351.7000 0.0135
353.5000 0.0137
356.8000 0.0139
369.6000 0.0141
374.1000 0.0142
379.3000 0.0144
389.3000 0.0146
390.0000 0.0148
396.4000 0.0149
413.7000 0.0151
414.7000 0.0153
417.0000 0.0155
417.2000 0.0156
419.8000 0.0158
432.4000 0.0160
435.7000 0.0161
436.9000 0.0163
442.5000 0.0165
456.2000 0.0167
457.0000 0.0168
461.2000 0.0170
478.1000 0.0172
480.7000 0.0174
482.9000 0.0175
483.3000 0.0177
486.7000 0.0179
487.0000 0.0181
505.9000 0.0182
511.6000 0.0184
518.9000 0.0186
519.6000 0.0187
526.6000 0.0189
528.7000 0.0191
532.0000 0.0193
536.6000 0.0194
539.7000 0.0196
541.7000 0.0198
554.9000 0.0200
559.0000 0.0201
568.2000 0.0203
571.2000 0.0205
571.4000 0.0207
577.3000 0.0208
578.9000 0.0210
581.9000 0.0212
591.6000 0.0214
595.6000 0.0215
599.2000 0.0217
602.6000 0.0219
603.7000 0.0220
604.5000 0.0222
605.5000 0.0224
609.5000 0.0226
623.6000 0.0227
625.6000 0.0229
626.3000 0.0231
627.5000 0.0233
632.5000 0.0234
634.0000 0.0236
637.4000 0.0238
640.2000 0.0240
643.4000 0.0241
644.4000 0.0243
646.9000 0.0245
656.8000 0.0247
664.0000 0.0248
669.9000 0.0250
672.5000 0.0252
674.4000 0.0253
678.1000 0.0255
679.3000 0.0257
679.6000 0.0259
683.7000 0.0260
690.0000 0.0262
694.1000 0.0264
695.0000 0.0266
696.8000 0.0267
697.2000 0.0269
700.1000 0.0271
704.0000 0.0273
704.8000 0.0274
706.3000 0.0276
712.0000 0.0278
712.2000 0.0280
718.2000 0.0281
721.1000 0.0283
721.7000 0.0285
723.5000 0.0286
726.2000 0.0288
727.5000 0.0290
733.9000 0.0292
735.1000 0.0293
735.6000 0.0295
739.4000 0.0297
740.2000 0.0299
744.8000 0.0300
745.6000 0.0302
749.5000 0.0304
756.4000 0.0306
756.5000 0.0307
760.3000 0.0309
761.8000 0.0311
762.2000 0.0312
762.9000 0.0314
766.4000 0.0316
770.2000 0.0318
770.7000 0.0319
772.5000 0.0321
773.6000 0.0323
775.2000 0.0325
778.5000 0.0326
779.5000 0.0328
780.9000 0.0330
781.3000 0.0332
781.9000 0.0333
783.0000 0.0335
783.6000 0.0337
786.5000 0.0339
788.5000 0.0340
789.7000 0.0342
794.6000 0.0344
796.4000 0.0345
796.8000 0.0347
812.6000 0.0349
813.1000 0.0351
815.3000 0.0352
817.3000 0.0354
822.6000 0.0356
826.4000 0.0358
827.2000 0.0359
830.6000 0.0361
831.1000 0.0363
834.4000 0.0365
835.0000 0.0366
836.2000 0.0368
837.3000 0.0370
852.1000 0.0372
855.3000 0.0373
856.4000 0.0375
864.0000 0.0377
864.6000 0.0378
865.7000 0.0380
874.9000 0.0382
882.2000 0.0384
882.3000 0.0385
892.7000 0.0387
895.2000 0.0389
896.8000 0.0391
897.8000 0.0392
898.0000 0.0394
898.6000 0.0396
900.4000 0.0398
902.3000 0.0399
903.1000 0.0401
903.9000 0.0403
910.0000 0.0405
910.6000 0.0406
919.6000 0.0408
923.2000 0.0410
927.5000 0.0411
929.5000 0.0413
933.8000 0.0415
950.6000 0.0417
951.5000 0.0418
953.1000 0.0420
955.0000 0.0422
956.0000 0.0424
959.3000 0.0425
961.1000 0.0427
961.4000 0.0429
964.1000 0.0431
965.7000 0.0432
966.9000 0.0434
971.1000 0.0436
975.2000 0.0437
980.8000 0.0439
981.3000 0.0441
981.9000 0.0443
982.4000 0.0444
983.1000 0.0446
986.5000 0.0448
990.4000 0.0450
995.3000 0.0451
997.3000 0.0453
1000.4000 0.0455
1004.4000 0.0457
1004.5000 0.0458
1004.6000 0.0460
1004.9000 0.0462
1011.7000 0.0464
1012.5000 0.0465
1013.9000 0.0467
1016.0000 0.0469
1018.8000 0.0470
1019.2000 0.0472
1020.9000 0.0474
1022.2000 0.0476
1025.3000 0.0477
1026.5000 0.0479
1027.0000 0.0481
1027.2000 0.0483
1029.4000 0.0484
1029.8000 0.0486
1031.7000 0.0488
1032.5000 0.0490
1037.4000 0.0491
1045.3000 0.0493
1046.9000 0.0495
1048.7000 0.0497
1050.8000 0.0498
1050.9000 0.0500
1051.2000 0.0502
1054.1000 0.0503
1061.9000 0.0505
1062.6000 0.0507
1063.1000 0.0509
1069.3000 0.0510
1070.3000 0.0512
1073.1000 0.0514
1075.0000 0.0516
1076.2000 0.0517
1081.3000 0.0519
1084.2000 0.0521
1085.3000 0.0523
1087.8000 0.0524
1088.9000 0.0526
1095.3000 0.0528
1096.8000 0.0530
1099.5000 0.0531
1099.8000 0.0533
1100.0000 0.0535
1100.1000 0.0536
1111.1000 0.0538
1117.2000 0.0540
1119.7000 0.0542
1123.3000 0.0543
1124.9000 0.0545
1126.5000 0.0547
1127.9000 0.0549
1136.5000 0.0550
1140.2000 0.0552
1144.7000 0.0554
1147.9000 0.0556
1152.1000 0.0557
1152.1000 0.0559
1152.1000 0.0561
1160.8000 0.0562
1161.3000 0.0564
1168.8000 0.0566
1176.6000 0.0568
1182.2000 0.0569
1190.1000 0.0571
1205.2000 0.0573
1211.7000 0.0575
1212.6000 0.0576
1214.1000 0.0578
1217.1000 0.0580
1217.1000 0.0582
1223.4000 0.0583
1231.7000 0.0585
1234.9000 0.0587
1237.0000 0.0589
1240.7000 0.0590
1241.8000 0.0592
1242.0000 0.0594
1242.5000 0.0595
1252.4000 0.0597
1256.6000 0.0599
1269.0000 0.0601
1274.7000 0.0602
1277.6000 0.0604
1285.1000 0.0606
1286.5000 0.0608
1289.2000 0.0609
1289.6000 0.0611
1290.3000 0.0613
1292.3000 0.0615
1292.3000 0.0616
1293.0000 0.0618
1298.8000 0.0620
1299.4000 0.0622
1302.1000 0.0623
1303.1000 0.0625
1305.3000 0.0627
1311.6000 0.0628
1313.6000 0.0630
1314.9000 0.0632
1318.5000 0.0634
1320.8000 0.0635
1325.6000 0.0637
1330.5000 0.0639
1335.7000 0.0641
1337.3000 0.0642
1339.3000 0.0644
1351.6000 0.0646
1357.8000 0.0648
1365.4000 0.0649
1371.8000 0.0651
1379.3000 0.0653
1382.5000 0.0655
1384.4000 0.0656
1385.7000 0.0658
1386.9000 0.0660
1391.8000 0.0661
1391.9000 0.0663
1397.7000 0.0665
1416.6000 0.0667
1420.9000 0.0668
1421.8000 0.0670
1428.4000 0.0672
1430.9000 0.0674
1432.7000 0.0675
1442.2000 0.0677
1443.8000 0.0679
1445.3000 0.0681
1452.2000 0.0682
1458.3000 0.0684
1471.3000 0.0686
1478.4000 0.0687
1478.7000 0.0689
1485.8000 0.0691
1491.6000 0.0693
1491.8000 0.0694
1493.4000 0.0696
1496.0000 0.0698
1497.6000 0.0700
1506.0000 0.0701
1511.5000 0.0703
1515.2000 0.0705
1516.2000 0.0707
1520.8000 0.0708
1525.3000 0.0710
1526.6000 0.0712
1532.1000 0.0714
1537.7000 0.0715
1544.3000 0.0717
1547.1000 0.0719
1550.9000 0.0720
1558.0000 0.0722
1569.9000 0.0724
1571.1000 0.0726
1574.4000 0.0727
1578.4000 0.0729
1585.3000 0.0731
1587.8000 0.0733
1589.4000 0.0734
1594.0000 0.0736
1594.5000 0.0738
1598.1000 0.0740
1611.0000 0.0741
1615.2000 0.0743
1619.3000 0.0745
1623.7000 0.0747
1631.7000 0.0748
1639.5000 0.0750
1640.4000 0.0752
1641.0000 0.0753
1642.4000 0.0755
1652.7000 0.0757
1657.8000 0.0759
1665.0000 0.0760
1667.5000 0.0762
1680.3000 0.0764
1682.6000 0.0766
1685.9000 0.0767
1686.7000 0.0769
1692.0000 0.0771
1693.8000 0.0773
1694.6000 0.0774
1708.5000 0.0776
1712.8000 0.0778
1715.0000 0.0780
1718.3000 0.0781
1720.0000 0.0783
1720.6000 0.0785
1721.5000 0.0786
1727.4000 0.0788
1728.5000 0.0790
1735.9000 0.0792
1737.2000 0.0793
1742.1000 0.0795
1744.4000 0.0797
1750.9000 0.0799
1757.3000 0.0800
1763.5000 0.0802
1768.9000 0.0804
1778.5000 0.0806
1780.7000 0.0807
1789.7000 0.0809
1795.5000 0.0811
1798.0000 0.0812
1800.0000 0.0814
1803.1000 0.0816
1804.1000 0.0818
1812.3000 0.0819
1812.7000 0.0821
1821.4000 0.0823
1824.1000 0.0825
1824.2000 0.0826
1826.4000 0.0828
1827.1000 0.0830
1830.2000 0.0832
1832.7000 0.0833
1833.1000 0.0835
1836.0000 0.0837
1837.7000 0.0839
1851.1000 0.0840
1851.4000 0.0842
1852.7000 0.0844
1856.3000 0.0845
1864.7000 0.0847
1866.2000 0.0849
1887.2000 0.0851
1889.6000 0.0852
1890.9000 0.0854
1893.4000 0.0856
1894.7000 0.0858
1899.9000 0.0859
1904.9000 0.0861
1908.7000 0.0863
1916.3000 0.0865
1916.4000 0.0866
1917.3000 0.0868
1933.8000 0.0870
1939.1000 0.0872
1944.3000 0.0873
1946.5000 0.0875
1947.8000 0.0877
1951.7000 0.0878
1951.8000 0.0880
1961.1000 0.0882
1962.3000 0.0884
1964.9000 0.0885
1972.5000 0.0887
1972.8000 0.0889
1978.1000 0.0891
1984.6000 0.0892
1988.3000 0.0894
1992.0000 0.0896
1996.6000 0.0898
1996.8000 0.0899
2002.1000 0.0901
2005.5000 0.0903
2010.7000 0.0905
2016.4000 0.0906
2018.4000 0.0908
2026.7000 0.0910
2030.2000 0.0911
2031.7000 0.0913
2045.4000 0.0915
2051.3000 0.0917
2059.0000 0.0918
2060.0000 0.0920
2062.0000 0.0922
2072.1000 0.0924
2076.9000 0.0925
2083.9000 0.0927
2086.7000 0.0929
2087.9000 0.0931
2101.8000 0.0932
2106.3000 0.0934
2107.8000 0.0936
2115.3000 0.0937
2124.4000 0.0939
2124.8000 0.0941
2128.0000 0.0943
2131.9000 0.0944
2158.2000 0.0946
2166.3000 0.0948
2171.9000 0.0950
2182.0000 0.0951
2189.3000 0.0953
2191.6000 0.0955
2193.3000 0.0957
2193.3000 0.0958
2198.8000 0.0960
2209.5000 0.0962
2209.5000 0.0964
2215.6000 0.0965
2215.9000 0.0967
2219.9000 0.0969
2224.1000 0.0970
2224.8000 0.0972
2229.0000 0.0974
2229.3000 0.0976
2236.9000 0.0977
2239.6000 0.0979
2247.6000 0.0981
2252.8000 0.0983
2256.9000 0.0984
2259.4000 0.0986
2261.2000 0.0988
2262.3000 0.0990
2262.8000 0.0991
2264.2000 0.0993
2265.5000 0.0995
2266.8000 0.0997
2271.1000 0.0998
2287.8000 0.1000
2294.5000 0.1002
2298.3000 0.1003
2298.4000 0.1005
2316.2000 0.1007
2320.0000 0.1009
2326.9000 0.1010
2327.7000 0.1012
2329.8000 0.1014
2341.8000 0.1016
2356.7000 0.1017
2359.8000 0.1019
2360.6000 0.1021
2361.5000 0.1023
2361.8000 0.1024
2375.9000 0.1026
2379.7000 0.1028
2380.6000 0.1030
2382.4000 0.1031
2386.9000 0.1033
2389.8000 0.1035
2390.0000 0.1036
2392.6000 0.1038
2395.7000 0.1040
2400.0000 0.1042
2400.8000 0.1043
2401.4000 0.1045
2402.3000 0.1047
2402.6000 0.1049
2403.7000 0.1050
2411.6000 0.1052
2412.9000 0.1054
2415.8000 0.1056
2423.4000 0.1057
2424.6000 0.1059
2427.9000 0.1061
2432.3000 0.1062
2438.9000 0.1064
2452.1000 0.1066
2457.1000 0.1068
2458.2000 0.1069
2464.4000 0.1071
2470.8000 0.1073
2471.7000 0.1075
2472.2000 0.1076
2474.9000 0.1078
2475.0000 0.1080
2479.9000 0.1082
2486.2000 0.1083
2487.4000 0.1085
2492.2000 0.1087
2493.3000 0.1089
2504.3000 0.1090
2510.6000 0.1092
2533.9000 0.1094
2542.7000 0.1095
2544.7000 0.1097
2545.8000 0.1099
2562.7000 0.1101
2566.3000 0.1102
2572.7000 0.1104
2573.1000 0.1106
2578.5000 0.1108
2595.4000 0.1109
2598.0000 0.1111
2600.4000 0.1113
2603.2000 0.1115
2605.9000 0.1116
2615.3000 0.1118
2619.8000 0.1120
2628.6000 0.1122
2629.4000 0.1123
2637.0000 0.1125
2650.0000 0.1127
2652.3000 0.1128
2655.8000 0.1130
2668.4000 0.1132
2671.0000 0.1134
2676.1000 0.1135
2680.2000 0.1137
2685.0000 0.1139
2696.3000 0.1141
2700.9000 0.1142
2701.2000 0.1144
2706.4000 0.1146
2722.0000 0.1148
2725.4000 0.1149
2725.6000 0.1151
2727.7000 0.1153
2731.8000 0.1155
2734.5000 0.1156
2735.0000 0.1158
2739.5000 0.1160
2747.0000 0.1161
2750.6000 0.1163
2752.3000 0.1165
2772.8000 0.1167
2774.5000 0.1168
2785.9000 0.1170
2790.4000 0.1172
2797.7000 0.1174
2800.7000 0.1175
2806.8000 0.1177
2807.9000 0.1179
2811.0000 0.1181
2814.0000 0.1182
2826.3000 0.1184
2827.0000 0.1186
2843.3000 0.1187
2847.7000 0.1189
2848.5000 0.1191
2849.1000 0.1193
2865.9000 0.1194
2868.4000 0.1196
2881.6000 0.1198
2888.7000 0.1200
2900.6000 0.1201
2902.1000 0.1203
2906.7000 0.1205
2906.8000 0.1207
2913.7000 0.1208
2916.9000 0.1210
2916.9000 0.1212
2921.5000 0.1214
2923.9000 0.1215
2925.6000 0.1217
2931.9000 0.1219
2935.1000 0.1220
2937.7000 0.1222
2941.6000 0.1224
2956.2000 0.1226
2961.6000 0.1227
2977.0000 0.1229
2987.9000 0.1231
2990.6000 0.1233
2995.0000 0.1234
2997.3000 0.1236
2998.1000 0.1238
2998.3000 0.1240
2998.7000 0.1241
3002.9000 0.1243
3004.1000 0.1245
3016.1000 0.1247
3018.1000 0.1248
3022.3000 0.1250
3027.2000 0.1252
3046.8000 0.1253
3052.2000 0.1255
3080.3000 0.1257
3085.4000 0.1259
3089.9000 0.1260
3093.5000 0.1262
3104.6000 0.1264
3114.2000 0.1266
3119.6000 0.1267
3132.1000 0.1269
3138.3000 0.1271
3142.8000 0.1273
3143.6000 0.1274
3151.5000 0.1276
3184.8000 0.1278
3187.4000 0.1280
3190.7000 0.1281
3198.2000 0.1283
3200.7000 0.1285
3203.3000 0.1286
3208.4000 0.1288
3211.6000 0.1290
3216.8000 0.1292
3232.4000 0.1293
3244.4000 0.1295
3251.4000 0.1297
3257.2000 0.1299
3274.4000 0.1300
3277.1000 0.1302
3277.8000 0.1304
3280.1000 0.1306
3291.3000 0.1307
3318.1000 0.1309
3325.0000 0.1311
3330.6000 0.1312
3338.6000 0.1314
3342.3000 0.1316
3347.0000 0.1318
3361.3000 0.1319
3361.3000 0.1321
3372.0000 0.1323
3379.2000 0.1325
3390.0000 0.1326
3390.4000 0.1328
3402.5000 0.1330
3405.3000 0.1332
3412.1000 0.1333
3421.3000 0.1335
3422.9000 0.1337
3426.7000 0.1339
3430.4000 0.1340
3434.0000 0.1342
3441.1000 0.1344
3445.3000 0.1345
3447.9000 0.1347
3448.6000 0.1349
3479.2000 0.1351
3487.5000 0.1352
3499.3000 0.1354
3502.7000 0.1356
3516.6000 0.1358
3521.2000 0.1359
3523.5000 0.1361
3526.3000 0.1363
3537.6000 0.1365
3542.8000 0.1366
3562.3000 0.1368
3567.2000 0.1370
3568.1000 0.1372
3581.5000 0.1373
3590.8000 0.1375
3595.8000 0.1377
3596.1000 0.1378
3599.0000 0.1380
3604.3000 0.1382
3619.0000 0.1384
3619.5000 0.1385
3625.2000 0.1387
3629.6000 0.1389
3631.6000 0.1391
3639.1000 0.1392
3642.5000 0.1394
3645.7000 0.1396
3652.2000 0.1398
3653.8000 0.1399
3655.7000 0.1401
3656.7000 0.1403
3657.1000 0.1405
3659.7000 0.1406
3668.8000 0.1408
3672.9000 0.1410
3676.8000 0.1411
3682.0000 0.1413
3696.1000 0.1415
3700.8000 0.1417
3703.0000 0.1418
3715.6000 0.1420
3718.6000 0.1422
3729.0000 0.1424
3741.8000 0.1425
3759.9000 0.1427
3765.7000 0.1429
3766.7000 0.1431
3768.3000 0.1432
3768.9000 0.1434
3792.9000 0.1436
3822.6000 0.1437
3825.8000 0.1439
3826.2000 0.1441
3842.4000 0.1443
3845.4000 0.1444
3854.4000 0.1446
3871.8000 0.1448
3884.9000 0.1450
3886.6000 0.1451
3888.8000 0.1453
3890.4000 0.1455
3892.0000 0.1457
3906.2000 0.1458
3910.7000 0.1460
3912.1000 0.1462
3920.0000 0.1464
3926.0000 0.1465
3927.7000 0.1467
3931.4000 0.1469
3940.3000 0.1470
3971.9000 0.1472
3974.4000 0.1474
3975.8000 0.1476
3976.3000 0.1477
3981.0000 0.1479
3981.1000 0.1481
3981.4000 0.1483
3995.6000 0.1484
4002.1000 0.1486
4006.7000 0.1488
4020.0000 0.1490
4031.5000 0.1491
4042.6000 0.1493
4043.4000 0.1495
4049.1000 0.1497
4066.4000 0.1498
4079.8000 0.1500
4086.0000 0.1502
4086.6000 0.1503
4092.8000 0.1505
4096.7000 0.1507
4103.5000 0.1509
4103.7000 0.1510
4119.5000 0.1512
4179.3000 0.1514
4189.1000 0.1516
4198.3000 0.1517
4199.7000 0.1519
4205.8000 0.1521
4207.8000 0.1523
4230.1000 0.1524
4236.4000 0.1526
4239.2000 0.1528
4244.6000 0.1530
4272.7000 0.1531
4289.0000 0.1533
4297.1000 0.1535
4303.9000 0.1536
4307.9000 0.1538
4308.5000 0.1540
4317.7000 0.1542
4320.9000 0.1543
4342.7000 0.1545
4370.8000 0.1547
4385.0000 0.1549
4402.6000 0.1550
4404.3000 0.1552
4414.3000 0.1554
4419.2000 0.1556
4424.9000 0.1557
4430.2000 0.1559
4431.4000 0.1561
4438.2000 0.1562
4448.8000 0.1564
4469.2000 0.1566
4472.3000 0.1568
4476.1000 0.1569
4481.4000 0.1571
4484.5000 0.1573
4491.1000 0.1575
4492.9000 0.1576
4496.6000 0.1578
4498.1000 0.1580
4535.5000 0.1582
4536.0000 0.1583
4539.4000 0.1585
4541.2000 0.1587
4557.5000 0.1589
4558.8000 0.1590
4563.1000 0.1592
4571.5000 0.1594
4591.7000 0.1595
4603.6000 0.1597
4605.9000 0.1599
4610.6000 0.1601
4612.3000 0.1602
4627.9000 0.1604
4636.7000 0.1606
4642.7000 0.1608
4644.7000 0.1609
4654.2000 0.1611
4659.5000 0.1613
4663.4000 0.1615
4666.7000 0.1616
4681.4000 0.1618
4687.0000 0.1620
4706.9000 0.1622
4715.7000 0.1623
4727.6000 0.1625
4730.9000 0.1627
4734.7000 0.1628
4741.4000 0.1630
4747.4000 0.1632
4773.3000 0.1634
4777.3000 0.1635
4782.3000 0.1637
4784.4000 0.1639
4786.5000 0.1641
4806.8000 0.1642
4809.8000 0.1644
4821.2000 0.1646
4838.9000 0.1648
4844.6000 0.1649
4844.9000 0.1651
4855.7000 0.1653
4867.7000 0.1655
4875.0000 0.1656
4876.7000 0.1658
4887.8000 0.1660
4889.6000 0.1661
4895.7000 0.1663
4898.7000 0.1665
4906.8000 0.1667
4912.1000 0.1668
4916.1000 0.1670
4930.0000 0.1672
4953.9000 0.1674
4954.2000 0.1675
4957.0000 0.1677
4960.4000 0.1679
4962.6000 0.1681
4965.7000 0.1682
4970.8000 0.1684
4972.5000 0.1686
4988.1000 0.1687
4989.8000 0.1689
4993.1000 0.1691
5001.3000 0.1693
5008.8000 0.1694
5011.0000 0.1696
5012.9000 0.1698
5026.4000 0.1700
5031.6000 0.1701
5086.0000 0.1703
5096.7000 0.1705
5124.5000 0.1707
5124.7000 0.1708
5133.6000 0.1710
5141.9000 0.1712
5150.5000 0.1714
5170.9000 0.1715
5214.0000 0.1717
5227.1000 0.1719
5230.1000 0.1720
5234.5000 0.1722
5248.1000 0.1724
5267.4000 0.1726
5295.3000 0.1727
5300.8000 0.1729
5301.6000 0.1731
5306.4000 0.1733
5315.3000 0.1734
5321.7000 0.1736
5350.3000 0.1738
5361.2000 0.1740
5364.4000 0.1741
5371.9000 0.1743
5389.0000 0.1745
5392.2000 0.1747
5412.2000 0.1748
5412.6000 0.1750
5431.8000 0.1752
5443.6000 0.1753
5456.7000 0.1755
5459.7000 0.1757
5469.4000 0.1759
5478.1000 0.1760
5494.5000 0.1762
5501.1000 0.1764
5517.8000 0.1766
5547.8000 0.1767
5560.8000 0.1769
5575.3000 0.1771
5576.9000 0.1773
5580.4000 0.1774
5580.5000 0.1776
5584.7000 0.1778
5597.5000 0.1780
5609.6000 0.1781
5610.9000 0.1783
5611.5000 0.1785
5611.5000 0.1786
5620.9000 0.1788
5645.6000 0.1790
5647.8000 0.1792
5652.7000 0.1793
5652.9000 0.1795
5661.7000 0.1797
5675.5000 0.1799
5676.8000 0.1800
5713.1000 0.1802
5717.8000 0.1804
5722.4000 0.1806
5728.0000 0.1807
5744.8000 0.1809
5756.3000 0.1811
5766.6000 0.1812
5770.1000 0.1814
5779.7000 0.1816
5787.4000 0.1818
5792.6000 0.1819
5810.7000 0.1821
5812.4000 0.1823
5820.7000 0.1825
5835.1000 0.1826
5853.6000 0.1828
5854.9000 0.1830
5881.9000 0.1832
5893.8000 0.1833
5908.1000 0.1835
5912.6000 0.1837
5915.8000 0.1839
5938.7000 0.1840
5963.8000 0.1842
5967.2000 0.1844
5984.9000 0.1845
5986.0000 0.1847
6002.4000 0.1849
6023.8000 0.1851
6024.6000 0.1852
6036.4000 0.1854
6042.4000 0.1856
6044.0000 0.1858
6044.1000 0.1859
6074.2000 0.1861
6093.2000 0.1863
6120.0000 0.1865
6133.2000 0.1866
6136.2000 0.1868
6140.7000 0.1870
6155.0000 0.1872
6180.6000 0.1873
6183.2000 0.1875
6186.0000 0.1877
6198.6000 0.1878
6204.2000 0.1880
6217.5000 0.1882
6246.1000 0.1884
6246.4000 0.1885
6263.2000 0.1887
6313.9000 0.1889
6327.9000 0.1891
6328.1000 0.1892
6338.1000 0.1894
6342.1000 0.1896
6343.4000 0.1898
6359.0000 0.1899
6359.4000 0.1901
6377.1000 0.1903
6391.8000 0.1905
6394.5000 0.1906
6395.3000 0.1908
6430.8000 0.1910
6431.5000 0.1911
6438.2000 0.1913
6440.0000 0.1915
6441.0000 0.1917
6485.6000 0.1918
6497.1000 0.1920
6500.4000 0.1922
6525.8000 0.1924
6526.8000 0.1925
6528.0000 0.1927
6562.2000 0.1929
6567.5000 0.1931
6570.5000 0.1932
6579.0000 0.1934
6586.0000 0.1936
6607.1000 0.1937
6614.7000 0.1939
6616.8000 0.1941
6622.2000 0.1943
6629.0000 0.1944
6631.0000 0.1946
6631.1000 0.1948
6640.9000 0.1950
6652.3000 0.1951
6656.1000 0.1953
6676.2000 0.1955
6684.6000 0.1957
6696.8000 0.1958
6698.0000 0.1960
6736.0000 0.1962
6753.1000 0.1964
6758.2000 0.1965
6783.8000 0.1967
6799.0000 0.1969
6811.9000 0.1970
6814.3000 0.1972
6815.0000 0.1974
6828.2000 0.1976
6837.1000 0.1977
6847.4000 0.1979
6847.6000 0.1981
6857.3000 0.1983
6857.6000 0.1984
6869.8000 0.1986
6870.0000 0.1988
6921.8000 0.1990
6927.1000 0.1991
6935.0000 0.1993
6943.4000 0.1995
6951.1000 0.1997
6956.9000 0.1998
6981.8000 0.2000
7008.9000 0.2002
7029.5000 0.2003
7030.0000 0.2005
7040.0000 0.2007
7051.1000 0.2009
7057.1000 0.2010
7099.8000 0.2012
7103.1000 0.2014
7106.3000 0.2016
7107.7000 0.2017
7111.3000 0.2019
7116.4000 0.2021
7127.6000 0.2023
7130.3000 0.2024
7150.7000 0.2026
7154.6000 0.2028
7169.7000 0.2030
7179.7000 0.2031
7181.2000 0.2033
7191.3000 0.2035
7194.7000 0.2036
7230.8000 0.2038
7236.1000 0.2040
7242.1000 0.2042
7255.1000 0.2043
7269.4000 0.2045
7294.6000 0.2047
7307.1000 0.2049
7342.7000 0.2050
7344.3000 0.2052
7344.4000 0.2054
7351.1000 0.2056
7360.0000 0.2057
7377.4000 0.2059
7386.8000 0.2061
7386.9000 0.2062
7416.8000 0.2064
7427.6000 0.2066
7447.2000 0.2068
7450.9000 0.2069
7465.6000 0.2071
7466.9000 0.2073
7476.6000 0.2075
7490.6000 0.2076
7495.0000 0.2078
7506.5000 0.2080
7528.9000 0.2082
7548.6000 0.2083
7575.6000 0.2085
7585.0000 0.2087
7588.8000 0.2089
7589.8000 0.2090
7595.4000 0.2092
7596.4000 0.2094
7599.0000 0.2095
7605.8000 0.2097
7609.9000 0.2099
7627.0000 0.2101
7628.0000 0.2102
7650.0000 0.2104
7651.9000 0.2106
7701.2000 0.2108
7709.4000 0.2109
7714.8000 0.2111
7724.6000 0.2113
7736.8000 0.2115
7765.3000 0.2116
7770.5000 0.2118
7770.9000 0.2120
7775.9000 0.2122
7781.7000 0.2123
7782.9000 0.2125
7784.8000 0.2127
7799.0000 0.2128
7808.0000 0.2130
7855.5000 0.2132
7884.6000 0.2134
7885.0000 0.2135
7895.8000 0.2137
7922.9000 0.2139
7931.6000 0.2141
7944.2000 0.2142
7959.7000 0.2144
7967.7000 0.2146
7968.5000 0.2148
7975.1000 0.2149
7987.8000 0.2151
7991.0000 0.2153
7998.8000 0.2155
8013.5000 0.2156
8017.1000 0.2158
8019.0000 0.2160
8020.6000 0.2161
8028.1000 0.2163
8051.2000 0.2165
8059.0000 0.2167
8073.1000 0.2168
8073.6000 0.2170
8097.3000 0.2172
8098.3000 0.2174
8120.3000 0.2175
8131.5000 0.2177
8132.6000 0.2179
8132.8000 0.2181
8145.7000 0.2182
8172.7000 0.2184
8189.2000 0.2186
8199.7000 0.2187
8212.3000 0.2189
8217.0000 0.2191
8267.2000 0.2193
8271.8000 0.2194
8292.2000 0.2196
8295.6000 0.2198
8302.6000 0.2200
8314.0000 0.2201
8324.1000 0.2203
8330.4000 0.2205
8337.8000 0.2207
8345.5000 0.2208
8383.8000 0.2210
8414.3000 0.2212
8432.7000 0.2214
8432.9000 0.2215
8444.9000 0.2217
8467.7000 0.2219
8478.0000 0.2220
8489.4000 0.2222
8494.5000 0.2224
8517.0000 0.2226
8519.5000 0.2227
8542.8000 0.2229
8571.4000 0.2231
8582.3000 0.2233
8586.5000 0.2234
8589.7000 0.2236
8598.2000 0.2238
8600.6000 0.2240
8612.3000 0.2241
8626.8000 0.2243
8632.1000 0.2245
8637.0000 0.2247
8654.4000 0.2248
8660.3000 0.2250
8686.0000 0.2252
8698.1000 0.2253
8719.9000 0.2255
8722.2000 0.2257
8722.4000 0.2259
8736.2000 0.2260
8742.0000 0.2262
8752.3000 0.2264
8761.0000 0.2266
8767.5000 0.2267
8771.6000 0.2269
8780.4000 0.2271
8825.4000 0.2273
8826.6000 0.2274
8869.2000 0.2276
8897.5000 0.2278
8935.6000 0.2280
8944.3000 0.2281
8972.6000 0.2283
8973.1000 0.2285
8982.2000 0.2286
8988.2000 0.2288
9000.1000 0.2290
9000.6000 0.2292
9022.2000 0.2293
9057.5000 0.2295
9065.4000 0.2297
9066.5000 0.2299
9072.6000 0.2300
9081.7000 0.2302
9083.4000 0.2304
9100.8000 0.2306
9101.4000 0.2307
9148.0000 0.2309
9157.4000 0.2311
9163.6000 0.2312
9169.5000 0.2314
9181.1000 0.2316
9184.1000 0.2318
9185.7000 0.2319
9203.1000 0.2321
9208.5000 0.2323
9222.4000 0.2325
9230.2000 0.2326
9237.9000 0.2328
9249.7000 0.2330
9277.1000 0.2332
9292.0000 0.2333
9325.7000 0.2335
9334.0000 0.2337
9356.5000 0.2339
9385.9000 0.2340
9391.1000 0.2342
9402.0000 0.2344
9407.4000 0.2345
9414.0000 0.2347
9415.4000 0.2349
9421.3000 0.2351
9424.0000 0.2352
9426.5000 0.2354
9430.9000 0.2356
9441.9000 0.2358
9455.0000 0.2359
9465.3000 0.2361
9468.4000 0.2363
9483.3000 0.2365
9532.5000 0.2366
9551.7000 0.2368
9551.9000 0.2370
9552.2000 0.2372
9568.1000 0.2373
9571.6000 0.2375
9574.4000 0.2377
9589.2000 0.2378
9591.9000 0.2380
9594.2000 0.2382
9605.0000 0.2384
9617.1000 0.2385
9626.7000 0.2387
9632.1000 0.2389
9649.7000 0.2391
9659.2000 0.2392
9662.1000 0.2394
9684.2000 0.2396
9718.4000 0.2398
9722.2000 0.2399
9736.2000 0.2401
9744.6000 0.2403
9751.3000 0.2405
9753.6000 0.2406
9756.6000 0.2408
9771.9000 0.2410
9809.6000 0.2411
9831.6000 0.2413
9832.1000 0.2415
9857.5000 0.2417
9892.2000 0.2418
9892.7000 0.2420
9899.2000 0.2422
9922.9000 0.2424
9943.1000 0.2425
9949.8000 0.2427
9952.1000 0.2429
9961.9000 0.2431
9969.6000 0.2432
9986.3000 0.2434
9990.6000 0.2436
10000.2000 0.2437
10010.1000 0.2439
10010.9000 0.2441
10025.8000 0.2443
10049.8000 0.2444
10054.7000 0.2446
10057.8000 0.2448
10068.4000 0.2450
10072.4000 0.2451
10080.3000 0.2453
10082.2000 0.2455
10108.2000 0.2457
10129.4000 0.2458
10141.5000 0.2460
10180.9000 0.2462
10192.8000 0.2464
10195.6000 0.2465
10204.8000 0.2467
10206.3000 0.2469
10211.6000 0.2470
10216.3000 0.2472
10221.5000 0.2474
10223.5000 0.2476
10228.7000 0.2477
10237.8000 0.2479
10267.7000 0.2481
10286.2000 0.2483
10290.6000 0.2484
10305.6000 0.2486
10321.7000 0.2488
10336.5000 0.2490
10357.9000 0.2491
10358.9000 0.2493
10365.9000 0.2495
10366.0000 0.2497
10367.4000 0.2498
10382.9000 0.2500
10397.0000 0.2502
10404.4000 0.2503
10426.1000 0.2505
10455.7000 0.2507
10476.7000 0.2509
10495.8000 0.2510
10497.8000 0.2512
10507.0000 0.2514
10519.6000 0.2516
10523.3000 0.2517
10526.9000 0.2519
10532.1000 0.2521
10539.7000 0.2523
10539.7000 0.2524
10546.3000 0.2526
10564.7000 0.2528
10572.6000 0.2530
10578.4000 0.2531
10589.3000 0.2533
10591.0000 0.2535
10607.5000 0.2536
10610.8000 0.2538
10618.3000 0.2540
10630.9000 0.2542
10632.2000 0.2543
10652.6000 0.2545
10667.9000 0.2547
10686.3000 0.2549
10700.8000 0.2550
10701.3000 0.2552
10715.2000 0.2554
10730.8000 0.2556
10738.3000 0.2557
10745.8000 0.2559
10755.2000 0.2561
10765.1000 0.2563
10765.4000 0.2564
10788.0000 0.2566
10801.4000 0.2568
10819.9000 0.2569
10827.4000 0.2571
10835.4000 0.2573
10854.3000 0.2575
10857.1000 0.2576
10857.3000 0.2578
10861.2000 0.2580
10876.5000 0.2582
10891.4000 0.2583
10897.4000 0.2585
10897.5000 0.2587
10907.6000 0.2589
10927.3000 0.2590
10936.5000 0.2592
10945.2000 0.2594
10947.7000 0.2595
10951.1000 0.2597
10976.8000 0.2599
10984.5000 0.2601
11015.6000 0.2602
11023.5000 0.2604
11038.0000 0.2606
11039.4000 0.2608
11047.0000 0.2609
11053.0000 0.2611
11067.3000 0.2613
11077.9000 0.2615
11092.1000 0.2616
11092.1000 0.2618
11122.9000 0.2620
11126.8000 0.2622
11128.4000 0.2623
11133.9000 0.2625
11138.1000 0.2627
11138.6000 0.2628
11152.0000 0.2630
11157.9000 0.2632
11168.0000 0.2634
11186.7000 0.2635
11211.0000 0.2637
11215.7000 0.2639
11220.0000 0.2641
11230.1000 0.2642
11240.9000 0.2644
11247.2000 0.2646
11255.3000 0.2648
11262.0000 0.2649
11269.2000 0.2651
11270.6000 0.2653
11287.2000 0.2655
11305.8000 0.2656
11305.9000 0.2658
11311.4000 0.2660
11321.1000 0.2661
11369.1000 0.2663
11382.2000 0.2665
11385.6000 0.2667
11393.5000 0.2668
11401.5000 0.2670
11402.9000 0.2672
11404.8000 0.2674
11421.2000 0.2675
11440.0000 0.2677
11450.0000 0.2679
11452.2000 0.2681
11452.7000 0.2682
11474.6000 0.2684
11479.3000 0.2686
11480.7000 0.2688
11482.6000 0.2689
11513.3000 0.2691
11514.3000 0.2693
11556.9000 0.2694
11560.7000 0.2696
11570.9000 0.2698
11586.5000 0.2700
11588.4000 0.2701
11593.1000 0.2703
11601.7000 0.2705
11624.8000 0.2707
11632.6000 0.2708
11632.7000 0.2710
11633.3000 0.2712
11638.9000 0.2714
11651.6000 0.2715
11676.5000 0.2717
11698.2000 0.2719
11724.4000 0.2720
11735.7000 0.2722
11737.9000 0.2724
11741.8000 0.2726
11762.2000 0.2727
11764.2000 0.2729
11767.0000 0.2731
11789.9000 0.2733
11794.6000 0.2734
11805.1000 0.2736
11829.3000 0.2738
11835.4000 0.2740
11842.1000 0.2741
11852.0000 0.2743
11871.6000 0.2745
11888.4000 0.2747
11892.2000 0.2748
11896.3000 0.2750
11904.2000 0.2752
11915.1000 0.2753
11942.7000 0.2755
11943.2000 0.2757
11943.7000 0.2759
11946.2000 0.2760
11951.6000 0.2762
11956.4000 0.2764
11981.0000 0.2766
11999.9000 0.2767
12020.0000 0.2769
12020.9000 0.2771
12023.0000 0.2773
12053.5000 0.2774
12065.0000 0.2776
12071.7000 0.2778
12084.8000 0.2780
12116.0000 0.2781
12125.7000 0.2783
12152.5000 0.2785
12158.0000 0.2786
12178.2000 0.2788
12183.2000 0.2790
12184.0000 0.2792
12198.6000 0.2793
12207.1000 0.2795
12214.3000 0.2797
12222.9000 0.2799
12237.9000 0.2800
12240.2000 0.2802
12243.4000 0.2804
12315.0000 0.2806
12329.2000 0.2807
12342.2000 0.2809
12371.6000 0.2811
12376.2000 0.2813
12386.9000 0.2814
12430.4000 0.2816
12437.5000 0.2818
12443.6000 0.2819
12449.7000 0.2821
12486.5000 0.2823
12498.1000 0.2825
12498.8000 0.2826
12525.0000 0.2828
12536.6000 0.2830
12551.9000 0.2832
12569.3000 0.2833
12570.9000 0.2835
12584.2000 0.2837
12595.4000 0.2839
12610.4000 0.2840
12627.8000 0.2842
12667.7000 0.2844
12698.9000 0.2845
12702.2000 0.2847
12727.5000 0.2849
12741.4000 0.2851
12742.3000 0.2852
12742.9000 0.2854
12748.7000 0.2856
12751.4000 0.2858
12756.4000 0.2859
12796.5000 0.2861
12800.6000 0.2863
12814.5000 0.2865
12827.1000 0.2866
12828.4000 0.2868
12839.1000 0.2870
12841.6000 0.2872
12860.4000 0.2873
12860.5000 0.2875
12870.0000 0.2877
12876.0000 0.2878
12877.8000 0.2880
12898.0000 0.2882
12904.6000 0.2884
12916.6000 0.2885
12929.2000 0.2887
12934.1000 0.2889
12949.5000 0.2891
12966.3000 0.2892
12985.7000 0.2894
12988.9000 0.2896
13000.4000 0.2898
13012.5000 0.2899
13028.2000 0.2901
13029.4000 0.2903
13030.0000 0.2905
13032.9000 0.2906
13046.0000 0.2908
13056.1000 0.2910
13074.1000 0.2911
13090.1000 0.2913
13090.7000 0.2915
13098.7000 0.2917
13099.3000 0.2918
13122.3000 0.2920
13134.0000 0.2922
13143.6000 0.2924
13144.2000 0.2925
13150.2000 0.2927
13178.2000 0.2929
13181.5000 0.2931
13188.3000 0.2932
13194.6000 0.2934
13200.9000 0.2936
13204.9000 0.2938
13239.6000 0.2939
13240.8000 0.2941
13288.3000 0.2943
13288.9000 0.2944
13299.1000 0.2946
13345.3000 0.2948
13358.2000 0.2950
13365.9000 0.2951
13380.0000 0.2953
13402.9000 0.2955
13420.7000 0.2957
13426.8000 0.2958
13434.6000 0.2960
13434.8000 0.2962
13438.0000 0.2964
13440.9000 0.2965
13474.6000 0.2967
13482.2000 0.2969
13484.3000 0.2970
13501.0000 0.2972
13501.6000 0.2974
13503.2000 0.2976
13529.7000 0.2977
13530.3000 0.2979
13536.0000 0.2981
13551.1000 0.2983
13562.0000 0.2984
13564.2000 0.2986
13583.8000 0.2988
13636.6000 0.2990
13642.2000 0.2991
13642.5000 0.2993
13652.7000 0.2995
13665.2000 0.2997
13688.3000 0.2998
13698.6000 0.3000
13700.4000 0.3002
13701.5000 0.3003
13738.8000 0.3005
13745.6000 0.3007
13762.2000 0.3009
13774.1000 0.3010
13798.6000 0.3012
13813.6000 0.3014
13816.2000 0.3016
13819.0000 0.3017
13821.3000 0.3019
13844.4000 0.3021
13852.2000 0.3023
13886.8000 0.3024
13891.8000 0.3026
13898.2000 0.3028
13910.7000 0.3030
13919.6000 0.3031
13926.2000 0.3033
13936.9000 0.3035
13963.8000 0.3036
13982.2000 0.3038
14009.2000 0.3040
14019.4000 0.3042
14066.9000 0.3043
14071.2000 0.3045
14089.3000 0.3047
14092.8000 0.3049
14097.0000 0.3050
14112.4000 0.3052
14114.5000 0.3054
14122.1000 0.3056
14132.4000 0.3057
14136.3000 0.3059
14138.3000 0.3061
14143.0000 0.3063
14196.6000 0.3064
14197.9000 0.3066
14234.2000 0.3068
14236.5000 0.3069
14236.7000 0.3071
14272.4000 0.3073
14294.8000 0.3075
14297.7000 0.3076
14305.7000 0.3078
14311.3000 0.3080
14316.7000 0.3082
14316.8000 0.3083
14325.6000 0.3085
14345.2000 0.3087
14346.5000 0.3089
14363.3000 0.3090
14371.0000 0.3092
14373.1000 0.3094
14373.3000 0.3095
14392.7000 0.3097
14425.8000 0.3099
14429.8000 0.3101
14446.8000 0.3102
14458.5000 0.3104
14463.9000 0.3106
14470.6000 0.3108
14490.7000 0.3109
14491.7000 0.3111
14512.5000 0.3113
14517.3000 0.3115
14523.0000 0.3116
14530.1000 0.3118
14568.4000 0.3120
14570.9000 0.3122
14580.7000 0.3123
14581.8000 0.3125
14583.0000 0.3127
14611.1000 0.3128
14617.6000 0.3130
14618.6000 0.3132
14619.9000 0.3134
14631.9000 0.3135
14640.0000 0.3137
14648.2000 0.3139
14657.2000 0.3141
14668.9000 0.3142
14686.2000 0.3144
14688.2000 0.3146
14700.3000 0.3148
14729.8000 0.3149
14730.1000 0.3151
14768.8000 0.3153
14779.5000 0.3155
14785.5000 0.3156
14793.5000 0.3158
14801.8000 0.3160
14829.6000 0.3161
14842.3000 0.3163
14844.0000 0.3165
14873.1000 0.3167
14877.8000 0.3168
14881.4000 0.3170
14885.5000 0.3172
14890.7000 0.3174
14922.1000 0.3175
14925.9000 0.3177
14933.0000 0.3179
14947.3000 0.3181
14950.2000 0.3182
14985.8000 0.3184
14998.3000 0.3186
15003.8000 0.3188
15024.3000 0.3189
15038.0000 0.3191
15038.4000 0.3193
15038.6000 0.3194
15042.6000 0.3196
15047.4000 0.3198
15081.4000 0.3200
15087.1000 0.3201
15105.7000 0.3203
15115.3000 0.3205
15140.9000 0.3207
15144.6000 0.3208
15147.1000 0.3210
15157.3000 0.3212
15178.5000 0.3214
15191.0000 0.3215
15196.1000 0.3217
15209.2000 0.3219
15233.4000 0.3220
15238.9000 0.3222
15251.0000 0.3224
15281.9000 0.3226
15284.4000 0.3227
15290.8000 0.3229
15314.5000 0.3231
15328.9000 0.3233
15331.0000 0.3234
15353.2000 0.3236
15387.8000 0.3238
15408.3000 0.3240
15414.7000 0.3241
15466.5000 0.3243
15474.7000 0.3245
15480.5000 0.3247
15492.7000 0.3248
15515.2000 0.3250
15547.2000 0.3252
15552.2000 0.3253
15556.4000 0.3255
15569.7000 0.3257
15573.5000 0.3259
15595.9000 0.3260
15606.1000 0.3262
15607.1000 0.3264
15611.3000 0.3266
15625.4000 0.3267
15638.1000 0.3269
15644.5000 0.3271
15677.1000 0.3273
15727.2000 0.3274
15780.1000 0.3276
15795.9000 0.3278
15796.1000 0.3280
15830.6000 0.3281
15840.8000 0.3283
15843.6000 0.3285
15853.6000 0.3286
15858.5000 0.3288
15864.5000 0.3290
15886.9000 0.3292
15907.7000 0.3293
15911.1000 0.3295
15919.4000 0.3297
15939.7000 0.3299
15947.1000 0.3300
15949.6000 0.3302
15981.2000 0.3304
16007.6000 0.3306
16021.6000 0.3307
16056.1000 0.3309
16064.9000 0.3311
16073.6000 0.3313
16097.2000 0.3314
16111.9000 0.3316
16119.8000 0.3318
16146.7000 0.3319
16149.4000 0.3321
16152.8000 0.3323
16181.3000 0.3325
16194.0000 0.3326
16198.8000 0.3328
16203.6000 0.3330
16206.7000 0.3332
16217.2000 0.3333
16223.5000 0.3335
16228.9000 0.3337
16261.9000 0.3339
16262.7000 0.3340
16265.3000 0.3342
16277.7000 0.3344
16281.4000 0.3345
16320.7000 0.3347
16320.7000 0.3349
16322.3000 0.3351
16341.2000 0.3352
16354.5000 0.3354
16355.4000 0.3356
16359.5000 0.3358
16362.0000 0.3359
16373.1000 0.3361
16377.1000 0.3363
16382.1000 0.3365
16382.4000 0.3366
16415.2000 0.3368
16417.1000 0.3370
16417.8000 0.3372
16437.6000 0.3373
16443.4000 0.3375
16449.7000 0.3377
16451.4000 0.3378
16452.7000 0.3380
16472.1000 0.3382
16511.1000 0.3384
16531.3000 0.3385
16540.8000 0.3387
16545.8000 0.3389
16561.3000 0.3391
16571.3000 0.3392
16670.7000 0.3394
16685.8000 0.3396
16696.4000 0.3398
16712.5000 0.3399
16715.6000 0.3401
16740.9000 0.3403
16750.1000 0.3405
16795.7000 0.3406
16805.7000 0.3408
16812.7000 0.3410
16815.4000 0.3411
16816.6000 0.3413
16827.5000 0.3415
16828.1000 0.3417
16830.8000 0.3418
16832.4000 0.3420
16836.4000 0.3422
16850.9000 0.3424
16855.6000 0.3425
16862.1000 0.3427
16874.8000 0.3429
16884.6000 0.3431
16889.2000 0.3432
16891.5000 0.3434
16906.8000 0.3436
16913.0000 0.3438
16915.8000 0.3439
16937.1000 0.3441
16979.7000 0.3443
16993.3000 0.3444
17002.1000 0.3446
17046.5000 0.3448
17050.8000 0.3450
17062.3000 0.3451
17071.7000 0.3453
17082.6000 0.3455
17103.3000 0.3457
17191.5000 0.3458
17201.7000 0.3460
17227.4000 0.3462
17247.4000 0.3464
17291.4000 0.3465
17336.0000 0.3467
17355.0000 0.3469
17372.6000 0.3470
17372.6000 0.3472
17376.6000 0.3474
17384.4000 0.3476
17438.0000 0.3477
17439.7000 0.3479
17475.3000 0.3481
17489.4000 0.3483
17498.1000 0.3484
17499.6000 0.3486
17502.0000 0.3488
17503.5000 0.3490
17535.1000 0.3491
17553.9000 0.3493
17560.0000 0.3495
17561.9000 0.3497
17569.4000 0.3498
17571.1000 0.3500
17571.4000 0.3502
17582.0000 0.3503
17595.4000 0.3505
17596.8000 0.3507
17638.3000 0.3509
17639.3000 0.3510
17684.5000 0.3512
17687.7000 0.3514
17695.6000 0.3516
17711.0000 0.3517
17719.8000 0.3519
17726.4000 0.3521
17741.3000 0.3523
17744.1000 0.3524
17746.9000 0.3526
17764.5000 0.3528
17780.1000 0.3530
17797.6000 0.3531
17807.2000 0.3533
17812.2000 0.3535
17833.4000 0.3536
17851.1000 0.3538
17856.6000 0.3540
17877.3000 0.3542
17879.2000 0.3543
17905.8000 0.3545
17909.0000 0.3547
17923.4000 0.3549
17936.4000 0.3550
17950.6000 0.3552
17977.2000 0.3554
17978.3000 0.3556
17991.0000 0.3557
18000.3000 0.3559
18020.7000 0.3561
18048.1000 0.3563
18061.7000 0.3564
18065.6000 0.3566
18081.8000 0.3568
18083.2000 0.3569
18087.1000 0.3571
18088.5000 0.3573
18100.1000 0.3575
18104.5000 0.3576
18105.8000 0.3578
18114.4000 0.3580
18117.0000 0.3582
18121.3000 0.3583
18129.9000 0.3585
18167.5000 0.3587
18169.3000 0.3589
18170.9000 0.3590
18212.1000 0.3592
18229.9000 0.3594
18241.2000 0.3595
18251.7000 0.3597
18252.2000 0.3599
18254.7000 0.3601
18256.8000 0.3602
18263.9000 0.3604
18271.6000 0.3606
18274.3000 0.3608
18322.0000 0.3609
18324.4000 0.3611
18335.3000 0.3613
18354.8000 0.3615
18365.9000 0.3616
18372.8000 0.3618
18382.8000 0.3620
18383.8000 0.3622
18386.2000 0.3623
18443.3000 0.3625
18447.0000 0.3627
18454.6000 0.3628
18461.2000 0.3630
18501.3000 0.3632
18504.3000 0.3634
18511.8000 0.3635
18521.7000 0.3637
18536.8000 0.3639
18541.6000 0.3641
18557.1000 0.3642
18566.2000 0.3644
18568.8000 0.3646
18595.0000 0.3648
18600.0000 0.3649
18629.8000 0.3651
18659.1000 0.3653
18686.4000 0.3655
18686.5000 0.3656
18692.5000 0.3658
18693.0000 0.3660
18716.5000 0.3661
18731.7000 0.3663
18740.7000 0.3665
18760.4000 0.3667
18784.8000 0.3668
18803.0000 0.3670
18823.9000 0.3672
18825.6000 0.3674
18855.9000 0.3675
18863.3000 0.3677
18885.7000 0.3679
18902.5000 0.3681
18912.6000 0.3682
18914.3000 0.3684
18943.3000 0.3686
18947.3000 0.3688
18948.1000 0.3689
18952.0000 0.3691
18971.5000 0.3693
18985.8000 0.3694
19019.4000 0.3696
19032.5000 0.3698
19038.1000 0.3700
19048.3000 0.3701
19065.6000 0.3703
19127.7000 0.3705
19200.0000 0.3707
19251.6000 0.3708
19258.1000 0.3710
19304.0000 0.3712
19311.9000 0.3714
19332.5000 0.3715
19358.9000 0.3717
19382.8000 0.3719
19464.8000 0.3720
19489.0000 0.3722
19501.6000 0.3724
19506.5000 0.3726
19513.1000 0.3727
19536.5000 0.3729
19548.9000 0.3731
19561.7000 0.3733
19574.7000 0.3734
19593.5000 0.3736
19601.5000 0.3738
19607.6000 0.3740
19625.4000 0.3741
19657.8000 0.3743
19696.5000 0.3745
19754.7000 0.3747
19761.6000 0.3748
19796.8000 0.3750
19797.6000 0.3752
19807.2000 0.3753
19808.4000 0.3755
19848.2000 0.3757
19866.0000 0.3759
19870.1000 0.3760
19887.1000 0.3762
19950.9000 0.3764
19951.6000 0.3766
19976.2000 0.3767
19987.9000 0.3769
20007.7000 0.3771
20032.5000 0.3773
20036.1000 0.3774
20047.5000 0.3776
20071.9000 0.3778
20081.2000 0.3780
20115.6000 0.3781
20125.5000 0.3783
20137.8000 0.3785
20184.6000 0.3786
20185.3000 0.3788
20186.4000 0.3790
20186.9000 0.3792
20281.0000 0.3793
20287.0000 0.3795
20292.1000 0.3797
20347.5000 0.3799
20392.6000 0.3800
20421.1000 0.3802
20424.4000 0.3804
20447.0000 0.3806
20458.8000 0.3807
20562.3000 0.3809
20600.2000 0.3811
20600.4000 0.3813
20693.1000 0.3814
20697.9000 0.3816
20752.7000 0.3818
20762.9000 0.3819
20790.1000 0.3821
20804.5000 0.3823
20848.8000 0.3825
20894.2000 0.3826
20917.7000 0.3828
20954.5000 0.3830
21027.4000 0.3832
21049.6000 0.3833
21050.4000 0.3835
21051.9000 0.3837
21054.6000 0.3839
21072.6000 0.3840
21096.3000 0.3842
21110.0000 0.3844
21131.2000 0.3845
21141.4000 0.3847
21146.5000 0.3849
21152.7000 0.3851
21242.1000 0.3852
21244.6000 0.3854
21294.4000 0.3856
21341.9000 0.3858
21455.9000 0.3859
21486.8000 0.3861
21568.2000 0.3863
21686.5000 0.3865
21809.2000 0.3866
21821.1000 0.3868
21902.0000 0.3870
21981.7000 0.3872
22030.3000 0.3873
22043.3000 0.3875
22072.2000 0.3877
22080.9000 0.3878
22120.0000 0.3880
22152.8000 0.3882
22173.0000 0.3884
22289.2000 0.3885
22307.0000 0.3887
22307.9000 0.3889
22563.2000 0.3891
22582.8000 0.3892
22621.1000 0.3894
22621.7000 0.3896
22679.7000 0.3898
22680.7000 0.3899
22699.2000 0.3901
22711.2000 0.3903
22820.5000 0.3905
22829.5000 0.3906
23081.3000 0.3908
23202.8000 0.3910
23246.8000 0.3911
23303.8000 0.3913
23308.0000 0.3915
23421.8000 0.3917
23484.5000 0.3918
23521.1000 0.3920
23645.7000 0.3922
23958.7000 0.3924
24763.4000 0.3925
24867.1000 0.3927
25947.3000 0.3929
