60.0000 0.0002 0.0000
120.1000 0.0005 0.0000
180.2000 0.0009 0.0000
240.3000 0.0013 0.0000
300.3000 0.0016 0.0000
360.3000 0.0021 0.0000
420.3000 0.0026 0.0000
480.3000 0.0031 0.0000
540.3000 0.0037 0.0000
600.3000 0.0045 0.0000
660.3000 0.0052 0.0000
720.3000 0.0061 0.0000
780.3000 0.0069 0.0000
840.3000 0.0079 0.0000
900.3000 0.0090 0.0000
960.3000 0.0098 0.0000
1020.3000 0.0108 0.0000
1080.4000 0.0117 0.0000
1140.5000 0.0124 0.0000
1200.6000 0.0134 0.0000
1260.7000 0.0146 0.0000
1320.8000 0.0156 0.0000
1380.9000 0.0167 0.0000
1441.0000 0.0175 0.0000
1501.1000 0.0184 0.0000
1561.2000 0.0194 0.0000
1621.3000 0.0202 0.0000
1681.4000 0.0212 0.0000
1741.5000 0.0222 0.0000
1801.6000 0.0231 0.0000
1861.7000 0.0242 0.0000
1921.8000 0.0253 0.0000
1981.9000 0.0262 0.0000
2042.0000 0.0271 0.0000
2102.1000 0.0283 0.0000
2162.2000 0.0294 0.0000
2222.3000 0.0304 0.0000
2282.4000 0.0316 0.0000
2342.5000 0.0325 0.0000
2402.6000 0.0334 0.0000
2462.7000 0.0344 0.0000
2522.8000 0.0353 0.0000
2582.9000 0.0362 0.0000
2643.0000 0.0370 0.0000
2703.1000 0.0377 0.0000
2763.2000 0.0385 0.0000
2823.3000 0.0393 0.0000
2883.4000 0.0402 0.0000
2943.5000 0.0409 0.0000
3003.6000 0.0416 0.0000
3063.7000 0.0424 0.0000
3123.8000 0.0432 0.0000
3183.9000 0.0439 0.0000
3244.0000 0.0446 0.0000
3304.1000 0.0456 0.0000
3364.2000 0.0463 0.0000
3424.3000 0.0469 0.0000
3484.4000 0.0477 0.0000
3544.5000 0.0483 0.0000
3604.6000 0.0490 0.0000
3664.7000 0.0496 0.0000
3724.8000 0.0504 0.0000
3784.9000 0.0514 0.0000
3845.0000 0.0522 0.0000
3905.1000 0.0531 0.0000
3965.2000 0.0538 0.0000
4025.3000 0.0546 0.0000
4085.4000 0.0553 0.0000
4145.4000 0.0559 0.0000
4205.4000 0.0565 0.0000
4265.4000 0.0570 0.0000
4325.4000 0.0575 0.0000
4385.4000 0.0579 0.0000
4445.4000 0.0583 0.0000
4505.4000 0.0586 0.0000
4565.4000 0.0590 0.0000
4625.4000 0.0594 0.0000
4685.4000 0.0599 0.0000
4745.4000 0.0602 0.0000
4805.4000 0.0605 0.0001
4865.4000 0.0608 0.0001
4925.4000 0.0611 0.0001
4985.4000 0.0613 0.0001
5045.4000 0.0615 0.0001
5105.4000 0.0617 0.0001
5165.4000 0.0620 0.0001
5225.4000 0.0622 0.0001
5285.4000 0.0624 0.0001
5345.4000 0.0626 0.0001
5405.4000 0.0628 0.0001
5465.4000 0.0630 0.0001
5525.4000 0.0632 0.0001
5585.4000 0.0634 0.0001
5645.4000 0.0636 0.0001
5705.4000 0.0639 0.0001
5765.4000 0.0641 0.0001
5825.4000 0.0643 0.0001
5885.4000 0.0645 0.0001
5945.4000 0.0647 0.0001
6005.4000 0.0649 0.0001
6065.4000 0.0651 0.0001
6125.4000 0.0653 0.0001
6185.4000 0.0655 0.0001
6245.4000 0.0657 0.0001
6305.4000 0.0660 0.0001
6365.4000 0.0662 0.0001
6425.4000 0.0664 0.0001
6485.4000 0.0666 0.0001
6545.4000 0.0667 0.0001
6605.4000 0.0669 0.0001
6665.4000 0.0671 0.0001
6725.4000 0.0673 0.0001
6785.4000 0.0676 0.0001
6845.4000 0.0678 0.0001
6905.4000 0.0680 0.0001
6965.4000 0.0682 0.0001
7025.4000 0.0684 0.0001
7085.4000 0.0686 0.0001
7145.4000 0.0688 0.0001
7205.4000 0.0690 0.0001
7265.4000 0.0692 0.0001
7325.4000 0.0694 0.0001
7385.4000 0.0696 0.0001
7445.4000 0.0698 0.0001
7505.4000 0.0700 0.0001
7565.4000 0.0703 0.0001
7625.4000 0.0704 0.0001
7685.4000 0.0707 0.0001
7745.4000 0.0709 0.0001
7805.4000 0.0711 0.0001
7865.4000 0.0713 0.0001
7925.4000 0.0715 0.0001
7985.4000 0.0717 0.0001
8045.4000 0.0719 0.0001
8105.4000 0.0721 0.0001
8165.4000 0.0723 0.0001
8225.4000 0.0726 0.0001
8285.4000 0.0728 0.0001
8345.4000 0.0730 0.0001
8405.4000 0.0732 0.0001
8465.4000 0.0734 0.0001
8525.4000 0.0736 0.0001
8585.4000 0.0739 0.0001
8645.4000 0.0740 0.0001
8705.4000 0.0743 0.0001
8765.4000 0.0745 0.0001
8825.4000 0.0747 0.0001
8885.4000 0.0749 0.0001
8945.4000 0.0751 0.0001
9005.4000 0.0753 0.0001
9065.4000 0.0755 0.0001
9125.4000 0.0757 0.0001
9185.4000 0.0760 0.0001
9245.4000 0.0762 0.0001
9305.4000 0.0764 0.0001
9365.4000 0.0766 0.0001
9425.4000 0.0768 0.0001
9485.4000 0.0770 0.0001
9545.4000 0.0772 0.0001
9605.4000 0.0774 0.0001
9665.4000 0.0776 0.0001
9725.4000 0.0778 0.0001
9785.4000 0.0780 0.0001
9845.4000 0.0782 0.0001
9905.4000 0.0784 0.0001
9965.4000 0.0786 0.0001
10025.4000 0.0788 0.0001
10085.4000 0.0790 0.0001
10145.4000 0.0792 0.0001
10205.4000 0.0794 0.0001
10265.4000 0.0796 0.0001
10325.4000 0.0798 0.0001
10385.4000 0.0800 0.0001
10445.4000 0.0802 0.0001
10505.4000 0.0804 0.0001
10565.4000 0.0806 0.0001
10625.4000 0.0808 0.0001
10685.4000 0.0810 0.0001
10745.4000 0.0812 0.0001
10805.4000 0.0814 0.0001
10865.4000 0.0816 0.0001
10925.4000 0.0819 0.0001
10985.4000 0.0821 0.0001
11045.4000 0.0823 0.0001
11105.4000 0.0825 0.0001
11165.4000 0.0827 0.0001
11225.4000 0.0829 0.0001
11285.4000 0.0831 0.0001
11345.4000 0.0833 0.0001
11405.4000 0.0835 0.0001
11465.4000 0.0838 0.0001
11525.4000 0.0840 0.0001
11585.4000 0.0842 0.0001
11645.4000 0.0844 0.0001
11705.4000 0.0845 0.0001
11765.4000 0.0848 0.0001
11825.4000 0.0850 0.0001
11885.4000 0.0852 0.0001
11945.4000 0.0854 0.0001
12005.4000 0.0856 0.0001
12065.4000 0.0858 0.0001
12125.4000 0.0860 0.0001
12185.4000 0.0862 0.0001
12245.4000 0.0864 0.0001
12305.4000 0.0866 0.0001
12365.4000 0.0868 0.0001
12425.4000 0.0871 0.0001
12485.4000 0.0873 0.0001
12545.4000 0.0875 0.0001
12605.4000 0.0877 0.0001
12665.4000 0.0879 0.0001
12725.4000 0.0882 0.0001
12785.4000 0.0884 0.0001
12845.4000 0.0886 0.0001
12905.4000 0.0888 0.0001
12965.4000 0.0890 0.0001
13025.4000 0.0893 0.0001
13085.4000 0.0895 0.0001
13145.4000 0.0897 0.0001
13205.4000 0.0899 0.0001
13265.4000 0.0901 0.0001
13325.4000 0.0903 0.0001
13385.4000 0.0905 0.0001
13445.4000 0.0907 0.0001
13505.4000 0.0909 0.0001
13565.4000 0.0911 0.0001
13625.4000 0.0913 0.0001
13685.4000 0.0915 0.0001
13745.4000 0.0917 0.0001
13805.4000 0.0919 0.0001
13865.4000 0.0922 0.0001
13925.4000 0.0924 0.0001
13985.4000 0.0926 0.0001
14045.4000 0.0928 0.0001
14105.4000 0.0930 0.0001
14165.4000 0.0932 0.0001
14225.4000 0.0934 0.0001
14285.4000 0.0936 0.0001
14345.4000 0.0938 0.0001
14405.4000 0.0940 0.0001
14465.4000 0.0942 0.0001
14525.4000 0.0944 0.0001
14585.4000 0.0946 0.0001
14645.4000 0.0948 0.0001
14705.4000 0.0950 0.0001
14765.4000 0.0952 0.0001
14825.4000 0.0954 0.0001
14885.4000 0.0957 0.0001
14945.4000 0.0959 0.0001
15005.4000 0.0961 0.0001
15065.4000 0.0962 0.0001
15125.4000 0.0965 0.0001
15185.4000 0.0967 0.0001
15245.4000 0.0969 0.0001
15305.4000 0.0971 0.0001
15365.4000 0.0973 0.0001
15425.4000 0.0975 0.0001
15485.4000 0.0977 0.0001
15545.4000 0.0979 0.0001
15605.4000 0.0982 0.0001
15665.4000 0.0983 0.0001
15725.4000 0.0986 0.0001
15785.4000 0.0988 0.0001
15845.4000 0.0990 0.0001
15905.4000 0.0992 0.0001
15965.4000 0.0994 0.0001
16025.4000 0.0996 0.0001
16085.4000 0.0998 0.0001
16145.4000 0.1000 0.0001
16205.4000 0.1002 0.0001
16265.4000 0.1004 0.0001
16325.4000 0.1006 0.0001
16385.4000 0.1008 0.0001
16445.5000 0.1010 0.0002
16505.6000 0.1012 0.0002
16565.7000 0.1015 0.0002
16625.8000 0.1017 0.0002
16685.9000 0.1019 0.0002
16746.0000 0.1021 0.0002
16806.1000 0.1024 0.0002
16866.2000 0.1026 0.0002
16926.3000 0.1029 0.0002
16986.4000 0.1033 0.0002
17046.5000 0.1037 0.0002
17106.6000 0.1040 0.0002
17166.7000 0.1044 0.0002
17226.8000 0.1048 0.0002
17286.9000 0.1054 0.0002
17347.0000 0.1058 0.0002
17407.1000 0.1062 0.0002
17467.2000 0.1067 0.0002
17527.3000 0.1073 0.0002
17587.4000 0.1079 0.0002
17647.5000 0.1086 0.0002
17707.6000 0.1095 0.0002
17767.7000 0.1103 0.0002
17827.8000 0.1113 0.0002
17887.9000 0.1125 0.0002
17948.0000 0.1137 0.0002
18008.1000 0.1150 0.0002
18068.2000 0.1164 0.0002
18128.3000 0.1175 0.0002
18188.4000 0.1187 0.0002
18248.5000 0.1198 0.0002
18308.6000 0.1210 0.0002
18368.7000 0.1223 0.0002
18428.8000 0.1237 0.0002
18488.9000 0.1248 0.0002
18549.0000 0.1260 0.0002
18609.1000 0.1274 0.0002
18669.2000 0.1289 0.0002
18729.3000 0.1300 0.0002
18789.4000 0.1317 0.0002
18849.5000 0.1335 0.0002
18909.6000 0.1352 0.0002
18969.7000 0.1370 0.0003
19029.8000 0.1389 0.0003
19089.9000 0.1406 0.0003
19150.0000 0.1423 0.0003
19210.1000 0.1441 0.0003
19270.2000 0.1460 0.0003
19330.3000 0.1478 0.0003
19390.4000 0.1494 0.0003
19450.5000 0.1510 0.0003
19510.6000 0.1526 0.0003
19570.7000 0.1542 0.0003
19630.8000 0.1558 0.0003
19690.9000 0.1576 0.0003
19751.0000 0.1595 0.0003
19811.1000 0.1614 0.0003
19871.2000 0.1632 0.0003
19931.3000 0.1650 0.0004
19991.4000 0.1667 0.0004
20051.5000 0.1685 0.0004
20111.6000 0.1705 0.0004
20171.7000 0.1724 0.0004
20231.8000 0.1741 0.0004
20291.9000 0.1759 0.0004
20352.0000 0.1775 0.0004
20412.1000 0.1792 0.0004
20472.2000 0.1808 0.0004
20532.3000 0.1827 0.0004
20592.4000 0.1847 0.0004
20652.5000 0.1869 0.0004
20712.6000 0.1893 0.0005
20772.7000 0.1915 0.0005
20832.8000 0.1937 0.0005
20892.9000 0.1954 0.0005
20953.0000 0.1976 0.0005
21013.1000 0.2000 0.0005
21073.2000 0.2023 0.0005
21133.3000 0.2046 0.0005
21193.4000 0.2072 0.0005
21253.5000 0.2097 0.0006
21313.6000 0.2122 0.0006
21373.7000 0.2147 0.0006
21433.8000 0.2170 0.0006
21493.9000 0.2190 0.0006
21554.0000 0.2214 0.0006
21614.1000 0.2239 0.0006
21674.2000 0.2262 0.0006
21734.3000 0.2287 0.0006
21794.4000 0.2309 0.0007
21854.5000 0.2334 0.0007
21914.6000 0.2359 0.0007
21974.7000 0.2388 0.0007
22034.8000 0.2416 0.0007
22094.9000 0.2446 0.0007
22155.0000 0.2474 0.0007
22215.1000 0.2501 0.0008
22275.2000 0.2531 0.0008
22335.3000 0.2559 0.0008
22395.4000 0.2590 0.0008
22455.5000 0.2619 0.0008
22515.6000 0.2649 0.0008
22575.7000 0.2677 0.0008
22635.8000 0.2709 0.0009
22695.9000 0.2740 0.0009
22756.0000 0.2775 0.0009
22816.1000 0.2808 0.0009
22876.2000 0.2841 0.0009
22936.3000 0.2872 0.0009
22996.4000 0.2902 0.0009
23056.5000 0.2934 0.0010
23116.6000 0.2964 0.0010
23176.7000 0.2997 0.0010
23236.8000 0.3032 0.0010
23296.9000 0.3065 0.0010
23357.0000 0.3101 0.0010
23417.1000 0.3138 0.0011
23477.2000 0.3175 0.0011
23537.3000 0.3216 0.0011
23597.4000 0.3252 0.0011
23657.5000 0.3290 0.0012
23717.6000 0.3326 0.0012
23777.7000 0.3362 0.0012
23837.8000 0.3399 0.0012
23897.9000 0.3436 0.0012
23958.0000 0.3473 0.0012
24018.1000 0.3508 0.0013
24078.2000 0.3542 0.0013
24138.3000 0.3581 0.0013
24198.4000 0.3616 0.0013
24258.5000 0.3654 0.0014
24318.6000 0.3694 0.0014
24378.7000 0.3734 0.0014
24438.8000 0.3776 0.0014
24498.9000 0.3817 0.0015
24559.0000 0.3857 0.0015
24619.1000 0.3899 0.0015
24679.2000 0.3941 0.0015
24739.3000 0.3983 0.0015
24799.4000 0.4025 0.0016
24859.5000 0.4071 0.0016
24919.6000 0.4116 0.0016
24979.7000 0.4160 0.0016
25039.8000 0.4202 0.0017
25099.9000 0.4240 0.0017
25160.0000 0.4280 0.0017
25220.1000 0.4328 0.0018
25280.2000 0.4372 0.0018
25340.3000 0.4421 0.0018
25400.4000 0.4466 0.0019
25460.5000 0.4512 0.0019
25520.6000 0.4557 0.0019
25580.7000 0.4608 0.0020
25640.8000 0.4657 0.0020
25700.9000 0.4707 0.0020
25761.0000 0.4757 0.0020
25821.1000 0.4803 0.0021
25881.2000 0.4851 0.0021
25941.3000 0.4901 0.0021
26001.4000 0.4943 0.0021
26061.5000 0.4994 0.0022
26121.6000 0.5042 0.0022
26181.7000 0.5089 0.0022
26241.8000 0.5136 0.0023
26301.9000 0.5189 0.0023
26362.0000 0.5234 0.0023
26422.1000 0.5286 0.0024
26482.2000 0.5333 0.0024
26542.3000 0.5378 0.0024
26602.4000 0.5424 0.0025
26662.5000 0.5473 0.0025
26722.6000 0.5517 0.0025
26782.7000 0.5565 0.0026
26842.8000 0.5611 0.0026
26902.9000 0.5656 0.0027
26963.0000 0.5699 0.0027
27023.1000 0.5749 0.0027
27083.2000 0.5794 0.0028
27143.3000 0.5841 0.0028
27203.4000 0.5888 0.0029
27263.5000 0.5934 0.0029
27323.6000 0.5981 0.0029
27383.7000 0.6029 0.0030
27443.8000 0.6074 0.0030
27503.9000 0.6120 0.0031
27564.0000 0.6169 0.0031
27624.1000 0.6213 0.0031
27684.2000 0.6261 0.0032
27744.3000 0.6310 0.0032
27804.4000 0.6357 0.0032
27864.5000 0.6404 0.0033
27924.6000 0.6452 0.0033
27984.7000 0.6499 0.0034
28044.8000 0.6544 0.0034
28104.9000 0.6591 0.0034
28165.0000 0.6636 0.0035
28225.1000 0.6682 0.0035
28285.2000 0.6725 0.0036
28345.3000 0.6773 0.0036
28405.4000 0.6815 0.0036
28465.5000 0.6859 0.0037
28525.6000 0.6901 0.0037
28585.7000 0.6944 0.0038
28645.8000 0.6985 0.0038
28705.9000 0.7027 0.0038
28766.0000 0.7073 0.0039
