# messageDelay  cumulativeProbability
1.0000 0.0001
1.0000 0.0002
1.0000 0.0003
1.0000 0.0004
1.0000 0.0005
1.0000 0.0006
1.0000 0.0007
1.0000 0.0008
1.0000 0.0009
1.0000 0.0010
1.0000 0.0011
1.0000 0.0013
1.0000 0.0014
1.0000 0.0015
1.0000 0.0016
1.0000 0.0017
1.0000 0.0018
1.0000 0.0019
1.0000 0.0020
1.0000 0.0021
1.0000 0.0022
1.0000 0.0023
1.0000 0.0024
1.0000 0.0025
1.0000 0.0026
1.0000 0.0027
1.0000 0.0028
1.0000 0.0029
1.0000 0.0030
1.0000 0.0031
1.0000 0.0032
1.0000 0.0033
1.0000 0.0034
1.0000 0.0035
1.0000 0.0036
1.0000 0.0037
1.0000 0.0039
1.1000 0.0040
1.2000 0.0041
1.6000 0.0042
1.7000 0.0043
2.0000 0.0044
2.0000 0.0045
2.0000 0.0046
4.4000 0.0047
10.6000 0.0048
19.7000 0.0049
46.0000 0.0050
55.3000 0.0051
57.5000 0.0052
78.9000 0.0053
131.2000 0.0054
137.0000 0.0055
164.4000 0.0056
170.1000 0.0057
183.3000 0.0058
191.3000 0.0059
192.7000 0.0060
200.9000 0.0061
201.1000 0.0062
204.4000 0.0064
212.6000 0.0065
214.7000 0.0066
220.8000 0.0067
238.9000 0.0068
242.3000 0.0069
254.7000 0.0070
260.5000 0.0071
272.8000 0.0072
283.6000 0.0073
289.3000 0.0074
290.1000 0.0075
293.3000 0.0076
295.1000 0.0077
299.8000 0.0078
300.7000 0.0079
304.7000 0.0080
305.6000 0.0081
305.7000 0.0082
305.8000 0.0083
316.3000 0.0084
317.6000 0.0085
326.6000 0.0086
331.6000 0.0087
344.8000 0.0089
347.3000 0.0090
354.5000 0.0091
355.5000 0.0092
358.3000 0.0093
360.8000 0.0094
362.1000 0.0095
374.1000 0.0096
378.1000 0.0097
378.7000 0.0098
396.4000 0.0099
400.2000 0.0100
403.5000 0.0101
403.6000 0.0102
412.6000 0.0103
416.0000 0.0104
418.4000 0.0105
424.0000 0.0106
424.3000 0.0107
437.6000 0.0108
442.0000 0.0109
443.9000 0.0110
444.2000 0.0111
446.7000 0.0113
448.0000 0.0114
448.7000 0.0115
450.2000 0.0116
453.6000 0.0117
465.3000 0.0118
467.2000 0.0119
467.9000 0.0120
468.6000 0.0121
471.3000 0.0122
472.2000 0.0123
480.3000 0.0124
495.7000 0.0125
506.1000 0.0126
516.1000 0.0127
518.1000 0.0128
524.8000 0.0129
527.7000 0.0130
529.5000 0.0131
532.8000 0.0132
533.1000 0.0133
536.6000 0.0134
546.3000 0.0135
552.7000 0.0136
554.7000 0.0138
555.1000 0.0139
555.7000 0.0140
557.7000 0.0141
561.1000 0.0142
561.6000 0.0143
568.6000 0.0144
576.5000 0.0145
577.7000 0.0146
588.0000 0.0147
595.1000 0.0148
595.5000 0.0149
605.8000 0.0150
611.1000 0.0151
611.8000 0.0152
614.5000 0.0153
618.6000 0.0154
619.3000 0.0155
620.5000 0.0156
620.7000 0.0157
624.7000 0.0158
635.4000 0.0159
636.0000 0.0160
637.1000 0.0161
638.2000 0.0163
638.7000 0.0164
639.7000 0.0165
642.6000 0.0166
644.1000 0.0167
645.0000 0.0168
646.5000 0.0169
654.2000 0.0170
654.3000 0.0171
655.7000 0.0172
658.8000 0.0173
658.9000 0.0174
663.6000 0.0175
666.2000 0.0176
666.6000 0.0177
672.9000 0.0178
673.3000 0.0179
679.2000 0.0180
684.0000 0.0181
685.1000 0.0182
687.9000 0.0183
688.3000 0.0184
690.9000 0.0185
693.1000 0.0186
701.0000 0.0188
702.4000 0.0189
702.6000 0.0190
703.2000 0.0191
705.4000 0.0192
707.7000 0.0193
708.6000 0.0194
715.0000 0.0195
715.6000 0.0196
716.4000 0.0197
720.4000 0.0198
720.6000 0.0199
722.2000 0.0200
724.5000 0.0201
726.0000 0.0202
730.3000 0.0203
735.4000 0.0204
738.5000 0.0205
742.9000 0.0206
744.6000 0.0207
744.8000 0.0208
745.7000 0.0209
747.8000 0.0210
748.1000 0.0211
748.9000 0.0212
751.2000 0.0214
754.3000 0.0215
757.7000 0.0216
762.7000 0.0217
764.6000 0.0218
766.0000 0.0219
767.5000 0.0220
771.5000 0.0221
774.8000 0.0222
775.2000 0.0223
783.3000 0.0224
784.3000 0.0225
789.6000 0.0226
796.3000 0.0227
797.0000 0.0228
797.6000 0.0229
801.2000 0.0230
807.6000 0.0231
808.6000 0.0232
814.5000 0.0233
819.5000 0.0234
826.5000 0.0235
827.0000 0.0236
832.4000 0.0237
834.2000 0.0239
837.0000 0.0240
838.6000 0.0241
843.2000 0.0242
843.7000 0.0243
851.3000 0.0244
851.9000 0.0245
852.9000 0.0246
854.3000 0.0247
854.5000 0.0248
862.5000 0.0249
867.0000 0.0250
867.4000 0.0251
870.6000 0.0252
873.2000 0.0253
873.5000 0.0254
874.2000 0.0255
875.2000 0.0256
877.0000 0.0257
878.8000 0.0258
879.4000 0.0259
880.8000 0.0260
881.4000 0.0261
884.0000 0.0262
891.7000 0.0264
892.7000 0.0265
894.6000 0.0266
897.8000 0.0267
899.0000 0.0268
900.8000 0.0269
901.4000 0.0270
907.0000 0.0271
913.0000 0.0272
914.3000 0.0273
915.5000 0.0274
925.0000 0.0275
927.5000 0.0276
928.2000 0.0277
930.3000 0.0278
931.4000 0.0279
932.3000 0.0280
932.9000 0.0281
935.9000 0.0282
943.3000 0.0283
946.1000 0.0284
949.2000 0.0285
950.2000 0.0286
951.5000 0.0287
952.4000 0.0289
961.5000 0.0290
965.9000 0.0291
967.9000 0.0292
971.0000 0.0293
971.9000 0.0294
975.2000 0.0295
984.2000 0.0296
988.6000 0.0297
988.8000 0.0298
992.5000 0.0299
993.3000 0.0300
995.3000 0.0301
1004.4000 0.0302
1005.4000 0.0303
1009.8000 0.0304
1010.8000 0.0305
1012.0000 0.0306
1013.8000 0.0307
1018.2000 0.0308
1020.2000 0.0309
1020.2000 0.0310
1021.4000 0.0311
1021.6000 0.0312
1023.2000 0.0314
1024.1000 0.0315
1025.3000 0.0316
1026.9000 0.0317
1027.1000 0.0318
1034.5000 0.0319
1037.5000 0.0320
1037.8000 0.0321
1039.1000 0.0322
1044.8000 0.0323
1046.0000 0.0324
1046.9000 0.0325
1048.5000 0.0326
1049.6000 0.0327
1059.1000 0.0328
1061.6000 0.0329
1061.9000 0.0330
1062.9000 0.0331
1068.4000 0.0332
1069.0000 0.0333
1077.2000 0.0334
1082.1000 0.0335
1083.2000 0.0336
1087.2000 0.0337
1092.4000 0.0339
1092.7000 0.0340
1093.2000 0.0341
1095.1000 0.0342
1100.4000 0.0343
1100.7000 0.0344
1102.8000 0.0345
1108.1000 0.0346
1110.4000 0.0347
1110.6000 0.0348
1110.9000 0.0349
1116.1000 0.0350
1118.5000 0.0351
1120.3000 0.0352
1122.6000 0.0353
1127.7000 0.0354
1128.7000 0.0355
1130.9000 0.0356
1131.0000 0.0357
1138.7000 0.0358
1141.9000 0.0359
1146.8000 0.0360
1146.8000 0.0361
1148.9000 0.0362
1158.4000 0.0364
1164.8000 0.0365
1170.7000 0.0366
1175.7000 0.0367
1178.3000 0.0368
1180.6000 0.0369
1181.3000 0.0370
1185.3000 0.0371
1189.6000 0.0372
1192.2000 0.0373
1192.9000 0.0374
1193.0000 0.0375
1194.6000 0.0376
1202.7000 0.0377
1206.0000 0.0378
1207.1000 0.0379
1208.3000 0.0380
1210.7000 0.0381
1215.7000 0.0382
1217.2000 0.0383
1221.4000 0.0384
1221.6000 0.0385
1221.8000 0.0386
1222.8000 0.0388
1223.3000 0.0389
1225.1000 0.0390
1227.8000 0.0391
1231.5000 0.0392
1232.5000 0.0393
1233.2000 0.0394
1234.6000 0.0395
1234.7000 0.0396
1235.2000 0.0397
1239.2000 0.0398
1241.7000 0.0399
1242.1000 0.0400
1244.0000 0.0401
1244.5000 0.0402
1246.0000 0.0403
1247.3000 0.0404
1256.5000 0.0405
1257.5000 0.0406
1258.9000 0.0407
1262.8000 0.0408
1263.5000 0.0409
1267.6000 0.0410
1267.8000 0.0411
1276.4000 0.0413
1277.5000 0.0414
1279.3000 0.0415
1288.2000 0.0416
1288.6000 0.0417
1292.4000 0.0418
1296.5000 0.0419
1298.3000 0.0420
1300.1000 0.0421
1301.2000 0.0422
1304.4000 0.0423
1304.6000 0.0424
1305.2000 0.0425
1306.8000 0.0426
1312.5000 0.0427
1313.6000 0.0428
1314.0000 0.0429
1317.9000 0.0430
1318.0000 0.0431
1323.9000 0.0432
1326.2000 0.0433
1330.3000 0.0434
1330.6000 0.0435
1331.3000 0.0436
1331.4000 0.0438
1334.5000 0.0439
1335.7000 0.0440
1340.8000 0.0441
1341.4000 0.0442
1341.4000 0.0443
1345.8000 0.0444
1347.9000 0.0445
1350.5000 0.0446
1351.9000 0.0447
1352.0000 0.0448
1353.1000 0.0449
1353.9000 0.0450
1354.2000 0.0451
1355.0000 0.0452
1358.9000 0.0453
1359.1000 0.0454
1363.2000 0.0455
1369.4000 0.0456
1369.9000 0.0457
1376.5000 0.0458
1381.5000 0.0459
1384.6000 0.0460
1385.1000 0.0461
1386.0000 0.0463
1390.8000 0.0464
1391.4000 0.0465
1393.1000 0.0466
1396.8000 0.0467
1401.9000 0.0468
1402.6000 0.0469
1404.9000 0.0470
1407.2000 0.0471
1407.6000 0.0472
1407.7000 0.0473
1410.7000 0.0474
1411.6000 0.0475
1412.5000 0.0476
1415.1000 0.0477
1416.3000 0.0478
1417.7000 0.0479
1421.5000 0.0480
1422.3000 0.0481
1423.5000 0.0482
1428.1000 0.0483
1446.0000 0.0484
1449.8000 0.0485
1452.3000 0.0486
1452.5000 0.0488
1453.1000 0.0489
1455.6000 0.0490
1456.0000 0.0491
1458.5000 0.0492
1459.7000 0.0493
1464.2000 0.0494
1466.6000 0.0495
1467.5000 0.0496
1469.2000 0.0497
1469.5000 0.0498
1469.8000 0.0499
1471.9000 0.0500
1477.0000 0.0501
1479.3000 0.0502
1481.7000 0.0503
1482.0000 0.0504
1488.0000 0.0505
1493.9000 0.0506
1496.3000 0.0507
1496.8000 0.0508
1501.5000 0.0509
1502.3000 0.0510
1504.0000 0.0511
1504.5000 0.0513
1506.5000 0.0514
1507.3000 0.0515
1507.6000 0.0516
1508.5000 0.0517
1512.6000 0.0518
1515.8000 0.0519
1518.0000 0.0520
1520.8000 0.0521
1522.1000 0.0522
1528.4000 0.0523
1529.6000 0.0524
1529.9000 0.0525
1531.6000 0.0526
1531.8000 0.0527
1535.1000 0.0528
1536.9000 0.0529
1539.5000 0.0530
1543.2000 0.0531
1544.0000 0.0532
1545.1000 0.0533
1545.8000 0.0534
1548.3000 0.0535
1551.2000 0.0536
1552.6000 0.0538
1557.1000 0.0539
1560.7000 0.0540
1564.5000 0.0541
1567.7000 0.0542
1572.5000 0.0543
1577.5000 0.0544
1579.1000 0.0545
1581.8000 0.0546
1586.5000 0.0547
1589.2000 0.0548
1590.9000 0.0549
1593.0000 0.0550
1598.1000 0.0551
1603.7000 0.0552
1606.9000 0.0553
1610.8000 0.0554
1611.2000 0.0555
1615.0000 0.0556
1620.9000 0.0557
1621.0000 0.0558
1625.2000 0.0559
1627.5000 0.0560
1629.0000 0.0561
1629.2000 0.0563
1633.0000 0.0564
1634.7000 0.0565
1636.5000 0.0566
1638.8000 0.0567
1639.2000 0.0568
1640.9000 0.0569
1641.0000 0.0570
1643.2000 0.0571
1645.4000 0.0572
1653.4000 0.0573
1657.3000 0.0574
1657.5000 0.0575
1662.4000 0.0576
1666.3000 0.0577
1666.9000 0.0578
1669.9000 0.0579
1671.6000 0.0580
1672.1000 0.0581
1676.2000 0.0582
1684.6000 0.0583
1688.4000 0.0584
1692.5000 0.0585
1692.7000 0.0586
1695.6000 0.0588
1696.5000 0.0589
1697.5000 0.0590
1697.9000 0.0591
1699.8000 0.0592
1701.2000 0.0593
1702.5000 0.0594
1706.8000 0.0595
1707.5000 0.0596
1714.1000 0.0597
1722.1000 0.0598
1725.1000 0.0599
1732.2000 0.0600
1734.8000 0.0601
1737.8000 0.0602
1739.0000 0.0603
1740.5000 0.0604
1741.9000 0.0605
1742.5000 0.0606
1747.0000 0.0607
1748.9000 0.0608
1752.8000 0.0609
1754.6000 0.0610
1755.4000 0.0611
1758.5000 0.0613
1758.6000 0.0614
1758.7000 0.0615
1758.9000 0.0616
1763.6000 0.0617
1763.8000 0.0618
1765.8000 0.0619
1767.0000 0.0620
1768.1000 0.0621
1770.5000 0.0622
1770.8000 0.0623
1778.7000 0.0624
1781.8000 0.0625
1794.9000 0.0626
1796.5000 0.0627
1796.9000 0.0628
1799.9000 0.0629
1803.6000 0.0630
1804.4000 0.0631
1805.4000 0.0632
1805.7000 0.0633
1807.5000 0.0634
1808.0000 0.0635
1811.1000 0.0636
1813.6000 0.0638
1813.8000 0.0639
1817.4000 0.0640
1823.9000 0.0641
1830.7000 0.0642
1835.4000 0.0643
1841.6000 0.0644
1842.6000 0.0645
1843.5000 0.0646
1847.1000 0.0647
1852.0000 0.0648
1856.5000 0.0649
1858.3000 0.0650
1861.8000 0.0651
1862.2000 0.0652
1863.0000 0.0653
1864.7000 0.0654
1866.3000 0.0655
1868.7000 0.0656
1869.3000 0.0657
1870.6000 0.0658
1873.0000 0.0659
1879.8000 0.0660
1881.5000 0.0661
1884.5000 0.0663
1884.9000 0.0664
1886.9000 0.0665
1892.5000 0.0666
1895.2000 0.0667
1896.8000 0.0668
1899.8000 0.0669
1904.2000 0.0670
1908.1000 0.0671
1909.1000 0.0672
1912.0000 0.0673
1913.7000 0.0674
1915.1000 0.0675
1916.4000 0.0676
1917.1000 0.0677
1917.6000 0.0678
1924.2000 0.0679
1926.7000 0.0680
1927.2000 0.0681
1928.7000 0.0682
1930.3000 0.0683
1931.3000 0.0684
1931.4000 0.0685
1933.5000 0.0686
1940.9000 0.0688
1941.7000 0.0689
1945.3000 0.0690
1956.5000 0.0691
1958.6000 0.0692
1959.3000 0.0693
1973.3000 0.0694
1982.4000 0.0695
1987.5000 0.0696
1988.3000 0.0697
1989.6000 0.0698
1991.7000 0.0699
1996.2000 0.0700
1997.4000 0.0701
1998.0000 0.0702
1999.9000 0.0703
2000.1000 0.0704
2001.7000 0.0705
2004.8000 0.0706
2005.0000 0.0707
2007.3000 0.0708
2008.5000 0.0709
2012.4000 0.0710
2012.5000 0.0711
2012.7000 0.0713
2016.2000 0.0714
2018.0000 0.0715
2022.0000 0.0716
2024.1000 0.0717
2027.4000 0.0718
2029.2000 0.0719
2029.9000 0.0720
2031.9000 0.0721
2035.2000 0.0722
2037.0000 0.0723
2039.6000 0.0724
2051.9000 0.0725
2055.1000 0.0726
2055.5000 0.0727
2060.0000 0.0728
2068.9000 0.0729
2068.9000 0.0730
2069.0000 0.0731
2076.4000 0.0732
2079.0000 0.0733
2081.1000 0.0734
2081.6000 0.0735
2082.1000 0.0736
2083.2000 0.0738
2085.1000 0.0739
2086.2000 0.0740
2091.4000 0.0741
2093.0000 0.0742
2100.8000 0.0743
2104.5000 0.0744
2106.2000 0.0745
2112.0000 0.0746
2113.7000 0.0747
2115.9000 0.0748
2129.9000 0.0749
2132.7000 0.0750
2133.6000 0.0751
2145.7000 0.0752
2145.9000 0.0753
2146.4000 0.0754
2148.2000 0.0755
2149.9000 0.0756
2150.4000 0.0757
2155.3000 0.0758
2162.5000 0.0759
2175.0000 0.0760
2178.3000 0.0761
2183.8000 0.0763
2184.0000 0.0764
2189.4000 0.0765
2190.7000 0.0766
2196.9000 0.0767
2197.9000 0.0768
2198.2000 0.0769
2202.4000 0.0770
2203.0000 0.0771
2205.4000 0.0772
2208.6000 0.0773
2216.6000 0.0774
2217.2000 0.0775
2219.3000 0.0776
2219.5000 0.0777
2221.9000 0.0778
2222.0000 0.0779
2224.3000 0.0780
2228.1000 0.0781
2230.5000 0.0782
2231.1000 0.0783
2238.7000 0.0784
2240.3000 0.0785
2244.7000 0.0786
2244.8000 0.0788
2244.8000 0.0789
2245.3000 0.0790
2246.4000 0.0791
2249.5000 0.0792
2252.7000 0.0793
2259.5000 0.0794
2264.5000 0.0795
2265.0000 0.0796
2270.2000 0.0797
2273.7000 0.0798
2274.1000 0.0799
2275.6000 0.0800
2277.3000 0.0801
2278.5000 0.0802
2279.8000 0.0803
2284.4000 0.0804
2285.4000 0.0805
2291.8000 0.0806
2294.4000 0.0807
2298.9000 0.0808
2307.5000 0.0809
2307.9000 0.0810
2309.9000 0.0811
2315.1000 0.0813
2318.2000 0.0814
2332.2000 0.0815
2334.8000 0.0816
2335.1000 0.0817
2335.2000 0.0818
2336.2000 0.0819
2337.4000 0.0820
2339.6000 0.0821
2341.0000 0.0822
2341.4000 0.0823
2342.1000 0.0824
2347.5000 0.0825
2349.1000 0.0826
2350.9000 0.0827
2351.8000 0.0828
2357.0000 0.0829
2358.7000 0.0830
2360.2000 0.0831
2361.1000 0.0832
2362.1000 0.0833
2365.0000 0.0834
2366.8000 0.0835
2367.3000 0.0836
2367.9000 0.0838
2370.7000 0.0839
2372.7000 0.0840
2374.4000 0.0841
2379.8000 0.0842
2380.9000 0.0843
2383.6000 0.0844
2393.7000 0.0845
2395.0000 0.0846
2395.4000 0.0847
2397.4000 0.0848
2398.6000 0.0849
2400.7000 0.0850
2402.0000 0.0851
2402.8000 0.0852
2404.9000 0.0853
2408.5000 0.0854
2411.5000 0.0855
2413.5000 0.0856
2417.0000 0.0857
2418.5000 0.0858
2419.5000 0.0859
2421.7000 0.0860
2423.4000 0.0861
2423.9000 0.0863
2427.2000 0.0864
2430.5000 0.0865
2437.4000 0.0866
2438.7000 0.0867
2440.8000 0.0868
2441.4000 0.0869
2448.5000 0.0870
2448.7000 0.0871
2455.6000 0.0872
2459.8000 0.0873
2460.6000 0.0874
2465.9000 0.0875
2479.5000 0.0876
2481.2000 0.0877
2493.8000 0.0878
2494.2000 0.0879
2494.7000 0.0880
2495.7000 0.0881
2499.9000 0.0882
2502.4000 0.0883
2502.4000 0.0884
2504.8000 0.0885
2513.9000 0.0886
2524.6000 0.0888
2527.0000 0.0889
2538.9000 0.0890
2544.8000 0.0891
2548.7000 0.0892
2550.5000 0.0893
2551.4000 0.0894
2551.9000 0.0895
2555.8000 0.0896
2557.9000 0.0897
2561.8000 0.0898
2566.9000 0.0899
2568.5000 0.0900
2572.1000 0.0901
2575.6000 0.0902
2579.7000 0.0903
2580.3000 0.0904
2581.8000 0.0905
2583.5000 0.0906
2592.2000 0.0907
2595.3000 0.0908
2597.9000 0.0909
2600.7000 0.0910
2607.2000 0.0911
2616.0000 0.0913
2618.3000 0.0914
2624.7000 0.0915
2630.9000 0.0916
2638.9000 0.0917
2641.4000 0.0918
2649.1000 0.0919
2651.6000 0.0920
2654.7000 0.0921
2663.9000 0.0922
2664.1000 0.0923
2669.7000 0.0924
2678.0000 0.0925
2682.7000 0.0926
2682.7000 0.0927
2694.5000 0.0928
2700.8000 0.0929
2702.8000 0.0930
2703.1000 0.0931
2704.4000 0.0932
2707.0000 0.0933
2708.0000 0.0934
2715.2000 0.0935
2715.8000 0.0936
2717.5000 0.0938
2718.4000 0.0939
2724.4000 0.0940
2727.9000 0.0941
2728.3000 0.0942
2730.5000 0.0943
2733.2000 0.0944
2736.5000 0.0945
2737.2000 0.0946
2739.2000 0.0947
2741.0000 0.0948
2741.8000 0.0949
2744.2000 0.0950
2750.2000 0.0951
2750.3000 0.0952
2750.4000 0.0953
2756.0000 0.0954
2757.9000 0.0955
2758.1000 0.0956
2758.6000 0.0957
2760.4000 0.0958
2760.7000 0.0959
2766.9000 0.0960
2769.4000 0.0961
2773.4000 0.0963
2778.0000 0.0964
2785.2000 0.0965
2788.6000 0.0966
2790.2000 0.0967
2794.2000 0.0968
2796.2000 0.0969
2797.9000 0.0970
2809.9000 0.0971
2824.1000 0.0972
2825.6000 0.0973
2826.8000 0.0974
2832.9000 0.0975
2835.3000 0.0976
2837.6000 0.0977
2838.8000 0.0978
2849.6000 0.0979
2854.8000 0.0980
2863.5000 0.0981
2866.4000 0.0982
2867.1000 0.0983
2868.9000 0.0984
2873.0000 0.0985
2876.6000 0.0986
2887.3000 0.0988
2892.0000 0.0989
2892.4000 0.0990
2893.3000 0.0991
2904.7000 0.0992
2909.6000 0.0993
2920.0000 0.0994
2924.5000 0.0995
2928.0000 0.0996
2934.4000 0.0997
2936.4000 0.0998
2938.2000 0.0999
2952.8000 0.1000
2963.4000 0.1001
2965.9000 0.1002
2966.2000 0.1003
2966.7000 0.1004
2972.4000 0.1005
2976.6000 0.1006
2978.4000 0.1007
2978.6000 0.1008
2979.2000 0.1009
2981.2000 0.1010
2983.1000 0.1011
3005.5000 0.1013
3005.7000 0.1014
3006.0000 0.1015
3008.7000 0.1016
3010.4000 0.1017
3017.1000 0.1018
3020.0000 0.1019
3021.6000 0.1020
3029.0000 0.1021
3033.3000 0.1022
3045.9000 0.1023
3051.0000 0.1024
3051.6000 0.1025
3053.9000 0.1026
3054.1000 0.1027
3054.7000 0.1028
3055.5000 0.1029
3059.9000 0.1030
3061.8000 0.1031
3068.1000 0.1032
3080.9000 0.1033
3081.8000 0.1034
3088.9000 0.1035
3090.3000 0.1036
3095.1000 0.1038
3099.7000 0.1039
3100.3000 0.1040
3105.7000 0.1041
3108.1000 0.1042
3115.8000 0.1043
3115.8000 0.1044
3116.6000 0.1045
3120.0000 0.1046
3130.6000 0.1047
3137.7000 0.1048
3146.6000 0.1049
3151.4000 0.1050
3159.6000 0.1051
3162.2000 0.1052
3163.0000 0.1053
3164.1000 0.1054
3167.4000 0.1055
3171.9000 0.1056
3173.6000 0.1057
3183.7000 0.1058
3186.2000 0.1059
3186.7000 0.1060
3193.2000 0.1061
3195.5000 0.1063
3207.9000 0.1064
3210.2000 0.1065
3217.0000 0.1066
3218.9000 0.1067
3219.1000 0.1068
3219.1000 0.1069
3219.4000 0.1070
3222.3000 0.1071
3225.6000 0.1072
3226.4000 0.1073
3234.0000 0.1074
3234.2000 0.1075
3239.1000 0.1076
3240.5000 0.1077
3241.3000 0.1078
3244.8000 0.1079
3246.8000 0.1080
3248.9000 0.1081
3257.4000 0.1082
3264.6000 0.1083
3267.9000 0.1084
3268.8000 0.1085
3279.1000 0.1086
3305.3000 0.1088
3305.3000 0.1089
3312.9000 0.1090
3315.5000 0.1091
3318.2000 0.1092
3318.5000 0.1093
3323.9000 0.1094
3324.1000 0.1095
3329.6000 0.1096
3330.6000 0.1097
3331.0000 0.1098
3334.3000 0.1099
3336.1000 0.1100
3341.8000 0.1101
3345.9000 0.1102
3350.9000 0.1103
3351.7000 0.1104
3355.9000 0.1105
3356.2000 0.1106
3356.7000 0.1107
3359.7000 0.1108
3362.1000 0.1109
3363.7000 0.1110
3365.3000 0.1111
3370.3000 0.1113
3371.3000 0.1114
3371.4000 0.1115
3371.5000 0.1116
3372.9000 0.1117
3374.4000 0.1118
3377.4000 0.1119
3378.0000 0.1120
3378.1000 0.1121
3386.9000 0.1122
3387.5000 0.1123
3389.7000 0.1124
3393.7000 0.1125
3400.5000 0.1126
3402.8000 0.1127
3405.6000 0.1128
3406.8000 0.1129
3422.3000 0.1130
3426.6000 0.1131
3433.8000 0.1132
3442.0000 0.1133
3444.8000 0.1134
3447.9000 0.1135
3448.3000 0.1136
3450.4000 0.1138
3451.9000 0.1139
3454.2000 0.1140
3454.6000 0.1141
3456.7000 0.1142
3457.6000 0.1143
3459.3000 0.1144
3460.9000 0.1145
3468.4000 0.1146
3468.6000 0.1147
3470.7000 0.1148
3471.8000 0.1149
3477.4000 0.1150
3478.9000 0.1151
3479.2000 0.1152
3481.7000 0.1153
3482.2000 0.1154
3487.0000 0.1155
3488.6000 0.1156
3500.6000 0.1157
3500.7000 0.1158
3500.9000 0.1159
3507.8000 0.1160
3508.6000 0.1161
3509.3000 0.1163
3515.4000 0.1164
3527.2000 0.1165
3534.9000 0.1166
3538.1000 0.1167
3539.9000 0.1168
3540.1000 0.1169
3541.8000 0.1170
3547.8000 0.1171
3549.3000 0.1172
3551.1000 0.1173
3553.5000 0.1174
3554.8000 0.1175
3558.6000 0.1176
3559.6000 0.1177
3559.7000 0.1178
3566.4000 0.1179
3566.6000 0.1180
3570.6000 0.1181
3576.4000 0.1182
3586.2000 0.1183
3591.5000 0.1184
3595.9000 0.1185
3603.6000 0.1186
3605.1000 0.1188
3608.3000 0.1189
3609.3000 0.1190
3609.6000 0.1191
3615.9000 0.1192
3616.9000 0.1193
3622.0000 0.1194
3623.2000 0.1195
3625.9000 0.1196
3639.1000 0.1197
3640.4000 0.1198
3645.7000 0.1199
3650.4000 0.1200
3650.8000 0.1201
3651.9000 0.1202
3654.8000 0.1203
3657.5000 0.1204
3661.7000 0.1205
3663.2000 0.1206
3667.3000 0.1207
3670.0000 0.1208
3676.9000 0.1209
3679.6000 0.1210
3682.3000 0.1211
3682.7000 0.1213
3684.2000 0.1214
3692.2000 0.1215
3693.7000 0.1216
3694.1000 0.1217
3700.7000 0.1218
3720.9000 0.1219
3721.9000 0.1220
3722.5000 0.1221
3726.7000 0.1222
3732.6000 0.1223
3738.2000 0.1224
3739.4000 0.1225
3739.4000 0.1226
3743.1000 0.1227
3743.9000 0.1228
3750.3000 0.1229
3768.1000 0.1230
3772.7000 0.1231
3782.7000 0.1232
3784.5000 0.1233
3792.8000 0.1234
3793.8000 0.1235
3798.2000 0.1236
3804.4000 0.1238
3806.7000 0.1239
3808.2000 0.1240
3809.6000 0.1241
3818.0000 0.1242
3820.4000 0.1243
3824.6000 0.1244
3828.1000 0.1245
3835.3000 0.1246
3844.6000 0.1247
3846.1000 0.1248
3851.4000 0.1249
3853.6000 0.1250
3859.1000 0.1251
3866.0000 0.1252
3866.4000 0.1253
3888.1000 0.1254
3888.4000 0.1255
3888.8000 0.1256
3890.6000 0.1257
3902.3000 0.1258
3909.4000 0.1259
3914.6000 0.1260
3914.7000 0.1261
3919.0000 0.1263
3919.7000 0.1264
3922.8000 0.1265
3925.0000 0.1266
3931.5000 0.1267
3934.7000 0.1268
3941.6000 0.1269
3949.6000 0.1270
3952.9000 0.1271
3954.4000 0.1272
3954.4000 0.1273
3960.8000 0.1274
3963.2000 0.1275
3965.5000 0.1276
3967.9000 0.1277
3973.5000 0.1278
3978.8000 0.1279
3980.5000 0.1280
3980.5000 0.1281
3985.6000 0.1282
3986.5000 0.1283
3987.0000 0.1284
3989.1000 0.1285
3989.7000 0.1286
3995.0000 0.1288
4002.9000 0.1289
4006.0000 0.1290
4007.2000 0.1291
4011.3000 0.1292
4013.0000 0.1293
4026.9000 0.1294
4028.7000 0.1295
4033.8000 0.1296
4034.8000 0.1297
4036.1000 0.1298
4036.4000 0.1299
4037.9000 0.1300
4046.3000 0.1301
4046.9000 0.1302
4056.8000 0.1303
4058.1000 0.1304
4062.3000 0.1305
4073.4000 0.1306
4076.7000 0.1307
4083.5000 0.1308
4084.7000 0.1309
4098.7000 0.1310
4102.4000 0.1311
4103.0000 0.1313
4132.7000 0.1314
4134.7000 0.1315
4135.6000 0.1316
4137.9000 0.1317
4138.0000 0.1318
4141.2000 0.1319
4145.2000 0.1320
4146.0000 0.1321
4149.8000 0.1322
4153.3000 0.1323
4162.0000 0.1324
4178.9000 0.1325
4185.8000 0.1326
4191.5000 0.1327
4192.0000 0.1328
4195.7000 0.1329
4197.7000 0.1330
4207.6000 0.1331
4208.1000 0.1332
4210.6000 0.1333
4213.6000 0.1334
4213.9000 0.1335
4216.7000 0.1336
4218.8000 0.1338
4219.3000 0.1339
4224.5000 0.1340
4229.3000 0.1341
4234.6000 0.1342
4236.8000 0.1343
4238.2000 0.1344
4239.2000 0.1345
4239.6000 0.1346
4244.9000 0.1347
4253.8000 0.1348
4256.6000 0.1349
4257.2000 0.1350
4265.3000 0.1351
4267.0000 0.1352
4271.8000 0.1353
4276.9000 0.1354
4278.0000 0.1355
4282.0000 0.1356
4284.1000 0.1357
4289.3000 0.1358
4292.1000 0.1359
4292.6000 0.1360
4305.1000 0.1361
4307.6000 0.1363
4308.2000 0.1364
4310.4000 0.1365
4320.1000 0.1366
4320.9000 0.1367
4322.1000 0.1368
4324.3000 0.1369
4326.7000 0.1370
4335.8000 0.1371
4335.8000 0.1372
4337.6000 0.1373
4344.1000 0.1374
4344.3000 0.1375
4345.0000 0.1376
4345.5000 0.1377
4348.8000 0.1378
4355.2000 0.1379
4358.1000 0.1380
4358.8000 0.1381
4358.8000 0.1382
4359.0000 0.1383
4361.9000 0.1384
4365.2000 0.1385
4369.8000 0.1386
4374.2000 0.1388
4379.6000 0.1389
4382.8000 0.1390
4393.1000 0.1391
4401.4000 0.1392
4406.9000 0.1393
4412.0000 0.1394
4426.2000 0.1395
4431.9000 0.1396
4435.8000 0.1397
4438.7000 0.1398
4439.6000 0.1399
4446.9000 0.1400
4447.3000 0.1401
4460.8000 0.1402
4464.4000 0.1403
4464.8000 0.1404
4471.8000 0.1405
4481.1000 0.1406
4482.7000 0.1407
4482.7000 0.1408
4490.5000 0.1409
4495.3000 0.1410
4495.5000 0.1411
4499.6000 0.1413
4506.7000 0.1414
4514.2000 0.1415
4528.5000 0.1416
4544.6000 0.1417
4549.0000 0.1418
4551.2000 0.1419
4551.3000 0.1420
4556.9000 0.1421
4565.6000 0.1422
4574.6000 0.1423
4578.0000 0.1424
4580.1000 0.1425
4588.6000 0.1426
4594.1000 0.1427
4598.1000 0.1428
4598.4000 0.1429
4599.6000 0.1430
4606.1000 0.1431
4606.2000 0.1432
4608.5000 0.1433
4610.1000 0.1434
4619.9000 0.1435
4620.5000 0.1436
4623.9000 0.1437
4626.4000 0.1439
4630.9000 0.1440
4643.4000 0.1441
4647.6000 0.1442
4653.2000 0.1443
4655.0000 0.1444
4656.3000 0.1445
4659.7000 0.1446
4660.2000 0.1447
4666.4000 0.1448
4672.6000 0.1449
4685.4000 0.1450
4700.9000 0.1451
4701.6000 0.1452
4701.9000 0.1453
4702.5000 0.1454
4706.3000 0.1455
4714.9000 0.1456
4716.9000 0.1457
4717.2000 0.1458
4722.1000 0.1459
4735.1000 0.1460
4740.5000 0.1461
4743.6000 0.1462
4744.4000 0.1464
4746.5000 0.1465
4767.6000 0.1466
4775.1000 0.1467
4778.4000 0.1468
4799.9000 0.1469
4814.2000 0.1470
4822.2000 0.1471
4823.0000 0.1472
4828.4000 0.1473
4837.9000 0.1474
4842.6000 0.1475
4843.6000 0.1476
4848.2000 0.1477
4851.6000 0.1478
4852.4000 0.1479
4856.1000 0.1480
4857.3000 0.1481
4861.6000 0.1482
4870.5000 0.1483
4872.0000 0.1484
4873.4000 0.1485
4873.5000 0.1486
4875.8000 0.1487
4882.5000 0.1489
4882.9000 0.1490
4885.9000 0.1491
4885.9000 0.1492
4894.6000 0.1493
4897.3000 0.1494
4913.5000 0.1495
4914.0000 0.1496
4915.7000 0.1497
4919.2000 0.1498
4923.2000 0.1499
4926.8000 0.1500
4932.0000 0.1501
4935.0000 0.1502
4937.3000 0.1503
4944.1000 0.1504
4945.6000 0.1505
4948.1000 0.1506
4950.0000 0.1507
4952.0000 0.1508
4959.4000 0.1509
4960.1000 0.1510
4965.2000 0.1511
4966.5000 0.1512
4966.8000 0.1514
4967.3000 0.1515
4969.1000 0.1516
4976.3000 0.1517
4984.7000 0.1518
4990.5000 0.1519
4993.9000 0.1520
5002.5000 0.1521
5002.8000 0.1522
5004.7000 0.1523
5023.9000 0.1524
5025.1000 0.1525
5034.0000 0.1526
5035.7000 0.1527
5036.3000 0.1528
5037.0000 0.1529
5040.0000 0.1530
5041.1000 0.1531
5051.2000 0.1532
5054.9000 0.1533
5055.7000 0.1534
5060.3000 0.1535
5067.4000 0.1536
5082.8000 0.1537
5106.3000 0.1539
5110.5000 0.1540
5112.6000 0.1541
5123.5000 0.1542
5130.6000 0.1543
5131.1000 0.1544
5131.8000 0.1545
5132.0000 0.1546
5132.3000 0.1547
5137.6000 0.1548
5157.2000 0.1549
5164.0000 0.1550
5168.7000 0.1551
5181.3000 0.1552
5182.2000 0.1553
5189.3000 0.1554
5191.6000 0.1555
5197.6000 0.1556
5211.0000 0.1557
5212.0000 0.1558
5214.6000 0.1559
5218.0000 0.1560
5228.2000 0.1561
5232.6000 0.1562
5234.6000 0.1564
5238.1000 0.1565
5243.0000 0.1566
5244.8000 0.1567
5246.9000 0.1568
5256.5000 0.1569
5265.1000 0.1570
5271.0000 0.1571
5290.9000 0.1572
5302.7000 0.1573
5309.8000 0.1574
5311.1000 0.1575
5315.3000 0.1576
5317.3000 0.1577
5317.5000 0.1578
5319.8000 0.1579
5322.4000 0.1580
5337.1000 0.1581
5339.6000 0.1582
5347.8000 0.1583
5355.6000 0.1584
5362.7000 0.1585
5363.2000 0.1586
5364.9000 0.1587
5372.2000 0.1589
5377.5000 0.1590
5390.7000 0.1591
5391.0000 0.1592
5396.4000 0.1593
5404.1000 0.1594
5413.0000 0.1595
5413.5000 0.1596
5416.9000 0.1597
5428.5000 0.1598
5453.1000 0.1599
5466.9000 0.1600
5472.0000 0.1601
5485.0000 0.1602
5485.1000 0.1603
5486.4000 0.1604
5487.1000 0.1605
5494.8000 0.1606
5496.9000 0.1607
5497.5000 0.1608
5500.2000 0.1609
5501.6000 0.1610
5502.0000 0.1611
5507.6000 0.1612
5516.6000 0.1614
5520.7000 0.1615
5527.2000 0.1616
5531.5000 0.1617
5534.8000 0.1618
5535.8000 0.1619
5535.9000 0.1620
5537.3000 0.1621
5538.6000 0.1622
5540.0000 0.1623
5541.8000 0.1624
5541.9000 0.1625
5542.3000 0.1626
5547.1000 0.1627
5549.7000 0.1628
5551.1000 0.1629
5553.5000 0.1630
5563.0000 0.1631
5563.7000 0.1632
5563.9000 0.1633
5564.4000 0.1634
5568.6000 0.1635
5573.8000 0.1636
5574.7000 0.1637
5580.4000 0.1639
5588.2000 0.1640
5594.8000 0.1641
5595.5000 0.1642
5602.4000 0.1643
5610.3000 0.1644
5615.3000 0.1645
5615.5000 0.1646
5622.2000 0.1647
5625.5000 0.1648
5630.0000 0.1649
5633.9000 0.1650
5641.9000 0.1651
5647.2000 0.1652
5650.4000 0.1653
5658.4000 0.1654
5658.5000 0.1655
5662.0000 0.1656
5663.6000 0.1657
5678.9000 0.1658
5679.0000 0.1659
5689.0000 0.1660
5689.1000 0.1661
5690.0000 0.1662
5690.8000 0.1664
5693.9000 0.1665
5694.1000 0.1666
5696.1000 0.1667
5712.0000 0.1668
5716.0000 0.1669
5731.6000 0.1670
5734.9000 0.1671
5735.0000 0.1672
5738.6000 0.1673
5739.1000 0.1674
5742.1000 0.1675
5758.3000 0.1676
5765.5000 0.1677
5768.4000 0.1678
5771.7000 0.1679
5772.3000 0.1680
5778.9000 0.1681
5781.2000 0.1682
5783.0000 0.1683
5785.6000 0.1684
5786.9000 0.1685
5788.4000 0.1686
5799.5000 0.1687
5803.7000 0.1689
5808.7000 0.1690
5810.0000 0.1691
5818.3000 0.1692
5822.0000 0.1693
5824.6000 0.1694
5832.9000 0.1695
5834.3000 0.1696
5834.5000 0.1697
5835.4000 0.1698
5835.9000 0.1699
5838.2000 0.1700
5841.4000 0.1701
5841.7000 0.1702
5846.9000 0.1703
5847.2000 0.1704
5850.2000 0.1705
5859.5000 0.1706
5863.0000 0.1707
5864.4000 0.1708
5870.3000 0.1709
5873.2000 0.1710
5877.4000 0.1711
5892.0000 0.1712
5896.4000 0.1714
5906.0000 0.1715
5912.8000 0.1716
5914.1000 0.1717
5919.3000 0.1718
5931.9000 0.1719
5936.8000 0.1720
5938.0000 0.1721
5939.2000 0.1722
5941.2000 0.1723
5945.1000 0.1724
5963.8000 0.1725
5980.3000 0.1726
5985.6000 0.1727
6005.1000 0.1728
6006.1000 0.1729
6007.3000 0.1730
6009.0000 0.1731
6013.0000 0.1732
6019.3000 0.1733
6020.5000 0.1734
6024.6000 0.1735
6026.8000 0.1736
6029.0000 0.1737
6033.4000 0.1739
6046.9000 0.1740
6048.5000 0.1741
6068.4000 0.1742
6070.1000 0.1743
6074.1000 0.1744
6074.7000 0.1745
6077.4000 0.1746
6082.7000 0.1747
6100.8000 0.1748
6105.0000 0.1749
6108.0000 0.1750
6109.6000 0.1751
6111.8000 0.1752
6112.7000 0.1753
6120.9000 0.1754
6125.6000 0.1755
6126.1000 0.1756
6126.4000 0.1757
6127.8000 0.1758
6133.8000 0.1759
6139.1000 0.1760
6144.3000 0.1761
6146.3000 0.1762
6150.3000 0.1764
6150.8000 0.1765
6162.5000 0.1766
6165.9000 0.1767
6178.0000 0.1768
6179.7000 0.1769
6180.7000 0.1770
6185.6000 0.1771
6186.6000 0.1772
6197.7000 0.1773
6202.5000 0.1774
6203.1000 0.1775
6203.9000 0.1776
6213.1000 0.1777
6221.5000 0.1778
6224.6000 0.1779
6234.2000 0.1780
6240.4000 0.1781
6245.5000 0.1782
6270.6000 0.1783
6274.1000 0.1784
6275.4000 0.1785
6277.2000 0.1786
6280.8000 0.1787
6281.4000 0.1789
6287.8000 0.1790
6294.2000 0.1791
6294.6000 0.1792
6296.5000 0.1793
6298.1000 0.1794
6306.0000 0.1795
6316.9000 0.1796
6318.8000 0.1797
6319.1000 0.1798
6320.5000 0.1799
6324.9000 0.1800
6333.0000 0.1801
6343.4000 0.1802
6344.4000 0.1803
6347.0000 0.1804
6351.8000 0.1805
6356.8000 0.1806
6366.6000 0.1807
6371.4000 0.1808
6373.1000 0.1809
6383.6000 0.1810
6389.9000 0.1811
6401.1000 0.1812
6409.3000 0.1814
6418.1000 0.1815
6426.3000 0.1816
6431.8000 0.1817
6438.3000 0.1818
6439.5000 0.1819
6441.0000 0.1820
6441.2000 0.1821
6444.0000 0.1822
6446.9000 0.1823
6449.5000 0.1824
6450.1000 0.1825
6453.1000 0.1826
6455.3000 0.1827
6458.0000 0.1828
6460.9000 0.1829
6466.1000 0.1830
6474.0000 0.1831
6477.4000 0.1832
6480.5000 0.1833
6491.0000 0.1834
6491.8000 0.1835
6492.5000 0.1836
6502.8000 0.1837
6503.1000 0.1839
6506.5000 0.1840
6507.4000 0.1841
6508.1000 0.1842
6508.8000 0.1843
6510.1000 0.1844
6510.4000 0.1845
6511.1000 0.1846
6537.0000 0.1847
6537.3000 0.1848
6539.0000 0.1849
6549.7000 0.1850
6557.6000 0.1851
6559.3000 0.1852
6561.1000 0.1853
6565.7000 0.1854
6574.7000 0.1855
6578.5000 0.1856
6593.9000 0.1857
6600.2000 0.1858
6607.0000 0.1859
6610.5000 0.1860
6613.1000 0.1861
6616.1000 0.1862
6626.5000 0.1864
6631.5000 0.1865
6633.0000 0.1866
6636.6000 0.1867
6641.3000 0.1868
6644.0000 0.1869
6644.2000 0.1870
6645.0000 0.1871
6650.4000 0.1872
6650.9000 0.1873
6655.1000 0.1874
6656.9000 0.1875
6657.3000 0.1876
6659.0000 0.1877
6666.4000 0.1878
6669.2000 0.1879
6675.5000 0.1880
6675.8000 0.1881
6676.9000 0.1882
6682.7000 0.1883
6685.3000 0.1884
6687.6000 0.1885
6689.9000 0.1886
6700.4000 0.1887
6707.7000 0.1889
6709.0000 0.1890
6713.9000 0.1891
6717.0000 0.1892
6717.7000 0.1893
6720.8000 0.1894
6720.9000 0.1895
6735.4000 0.1896
6739.4000 0.1897
6745.7000 0.1898
6746.0000 0.1899
6755.5000 0.1900
6758.2000 0.1901
6758.4000 0.1902
6759.6000 0.1903
6760.0000 0.1904
6760.7000 0.1905
6761.1000 0.1906
6771.3000 0.1907
6772.6000 0.1908
6774.6000 0.1909
6776.7000 0.1910
6778.0000 0.1911
6782.7000 0.1912
6783.9000 0.1914
6790.3000 0.1915
6792.7000 0.1916
6792.8000 0.1917
6793.6000 0.1918
6798.9000 0.1919
6799.6000 0.1920
6800.5000 0.1921
6803.9000 0.1922
6809.5000 0.1923
6814.4000 0.1924
6815.9000 0.1925
6818.0000 0.1926
6832.4000 0.1927
6835.8000 0.1928
6841.4000 0.1929
6843.0000 0.1930
6845.4000 0.1931
6846.0000 0.1932
6846.7000 0.1933
6847.9000 0.1934
6848.2000 0.1935
6861.0000 0.1936
6862.9000 0.1937
6864.0000 0.1939
6865.4000 0.1940
6869.0000 0.1941
6873.9000 0.1942
6876.0000 0.1943
6884.9000 0.1944
6889.9000 0.1945
6892.1000 0.1946
6900.5000 0.1947
6912.2000 0.1948
6915.2000 0.1949
6921.8000 0.1950
6925.7000 0.1951
6935.2000 0.1952
6936.3000 0.1953
6940.5000 0.1954
6944.6000 0.1955
6948.4000 0.1956
6963.4000 0.1957
6968.7000 0.1958
6978.5000 0.1959
6993.1000 0.1960
6997.4000 0.1961
6999.0000 0.1962
6999.9000 0.1964
7000.1000 0.1965
7012.4000 0.1966
7022.0000 0.1967
7025.3000 0.1968
7037.6000 0.1969
7041.7000 0.1970
7043.7000 0.1971
7046.1000 0.1972
7047.3000 0.1973
7059.9000 0.1974
7062.3000 0.1975
7063.8000 0.1976
7064.6000 0.1977
7077.8000 0.1978
7079.8000 0.1979
7083.7000 0.1980
7084.5000 0.1981
7089.4000 0.1982
7090.3000 0.1983
7093.9000 0.1984
7094.8000 0.1985
7097.8000 0.1986
7112.0000 0.1987
7116.6000 0.1989
7118.8000 0.1990
7119.5000 0.1991
7138.4000 0.1992
7149.0000 0.1993
7153.3000 0.1994
7157.4000 0.1995
7164.8000 0.1996
7169.6000 0.1997
7169.9000 0.1998
7172.6000 0.1999
7178.2000 0.2000
7201.4000 0.2001
7209.5000 0.2002
7212.1000 0.2003
7212.5000 0.2004
7212.7000 0.2005
7227.0000 0.2006
7228.2000 0.2007
7229.3000 0.2008
7230.5000 0.2009
7238.6000 0.2010
7240.8000 0.2011
7249.4000 0.2012
7259.2000 0.2014
7260.8000 0.2015
7272.8000 0.2016
7275.9000 0.2017
7290.7000 0.2018
7297.8000 0.2019
7298.9000 0.2020
7301.4000 0.2021
7316.4000 0.2022
7317.5000 0.2023
7326.1000 0.2024
7332.4000 0.2025
7350.3000 0.2026
7357.4000 0.2027
7361.7000 0.2028
7376.7000 0.2029
7377.0000 0.2030
7378.8000 0.2031
7387.7000 0.2032
7389.3000 0.2033
7392.0000 0.2034
7423.2000 0.2035
7430.6000 0.2036
7432.3000 0.2037
7445.6000 0.2039
7449.1000 0.2040
7454.3000 0.2041
7462.8000 0.2042
7468.7000 0.2043
7470.2000 0.2044
7473.6000 0.2045
7480.2000 0.2046
7483.6000 0.2047
7484.8000 0.2048
7485.4000 0.2049
7495.9000 0.2050
7508.2000 0.2051
7510.2000 0.2052
7523.7000 0.2053
7526.5000 0.2054
7533.2000 0.2055
7534.2000 0.2056
7534.7000 0.2057
7541.6000 0.2058
7547.6000 0.2059
7558.0000 0.2060
7559.0000 0.2061
7560.3000 0.2062
7561.0000 0.2064
7563.3000 0.2065
7563.5000 0.2066
7563.5000 0.2067
7570.1000 0.2068
7576.5000 0.2069
7586.1000 0.2070
7590.9000 0.2071
7593.9000 0.2072
7604.5000 0.2073
7606.9000 0.2074
7607.0000 0.2075
7626.4000 0.2076
7629.7000 0.2077
7634.6000 0.2078
7639.9000 0.2079
7644.4000 0.2080
7659.2000 0.2081
7662.6000 0.2082
7665.7000 0.2083
7673.3000 0.2084
7676.5000 0.2085
7680.9000 0.2086
7681.0000 0.2087
7682.8000 0.2089
7687.2000 0.2090
7688.0000 0.2091
7696.9000 0.2092
7697.8000 0.2093
7705.6000 0.2094
7709.6000 0.2095
7712.3000 0.2096
7721.9000 0.2097
7722.9000 0.2098
7726.8000 0.2099
7728.3000 0.2100
7729.9000 0.2101
7732.1000 0.2102
7733.8000 0.2103
7737.2000 0.2104
7742.9000 0.2105
7749.6000 0.2106
7753.9000 0.2107
7763.6000 0.2108
7763.9000 0.2109
7776.8000 0.2110
7778.5000 0.2111
7781.2000 0.2112
7785.9000 0.2114
7787.8000 0.2115
7790.7000 0.2116
7793.3000 0.2117
7793.7000 0.2118
7794.4000 0.2119
7795.9000 0.2120
7802.7000 0.2121
7807.8000 0.2122
7810.0000 0.2123
7814.7000 0.2124
7815.1000 0.2125
7822.5000 0.2126
7828.6000 0.2127
7833.7000 0.2128
7833.8000 0.2129
7838.9000 0.2130
7843.4000 0.2131
7850.4000 0.2132
7853.9000 0.2133
7860.6000 0.2134
7862.4000 0.2135
7868.7000 0.2136
7869.1000 0.2137
7872.4000 0.2139
7879.9000 0.2140
7896.1000 0.2141
7897.9000 0.2142
7903.0000 0.2143
7904.0000 0.2144
7910.5000 0.2145
7916.7000 0.2146
7918.8000 0.2147
7924.0000 0.2148
7924.6000 0.2149
7931.3000 0.2150
7934.4000 0.2151
7934.9000 0.2152
7963.8000 0.2153
7964.6000 0.2154
7965.2000 0.2155
7971.3000 0.2156
7971.9000 0.2157
7972.6000 0.2158
7977.9000 0.2159
7978.8000 0.2160
7982.8000 0.2161
7988.7000 0.2162
7991.2000 0.2164
7991.5000 0.2165
7998.6000 0.2166
8002.0000 0.2167
8002.5000 0.2168
8010.6000 0.2169
8013.1000 0.2170
8021.6000 0.2171
8037.9000 0.2172
8040.1000 0.2173
8060.7000 0.2174
8065.1000 0.2175
8066.6000 0.2176
8071.4000 0.2177
8082.3000 0.2178
8086.9000 0.2179
8087.3000 0.2180
8096.8000 0.2181
8105.2000 0.2182
8121.9000 0.2183
8122.1000 0.2184
8138.4000 0.2185
8144.0000 0.2186
8158.8000 0.2187
8160.4000 0.2189
8169.5000 0.2190
8170.1000 0.2191
8176.7000 0.2192
8178.4000 0.2193
8189.6000 0.2194
8197.6000 0.2195
8201.0000 0.2196
8201.8000 0.2197
8203.6000 0.2198
8213.2000 0.2199
8226.3000 0.2200
8231.8000 0.2201
8235.6000 0.2202
8239.9000 0.2203
8240.7000 0.2204
8250.9000 0.2205
8251.1000 0.2206
8259.4000 0.2207
8259.7000 0.2208
8269.6000 0.2209
8273.8000 0.2210
8278.8000 0.2211
8288.6000 0.2212
8298.4000 0.2214
8306.8000 0.2215
8310.9000 0.2216
8317.2000 0.2217
8320.6000 0.2218
8321.8000 0.2219
8331.8000 0.2220
8336.5000 0.2221
8343.9000 0.2222
8355.9000 0.2223
8357.5000 0.2224
8363.5000 0.2225
8371.2000 0.2226
8373.8000 0.2227
8379.0000 0.2228
8379.3000 0.2229
8402.4000 0.2230
8405.9000 0.2231
8408.9000 0.2232
8427.1000 0.2233
8427.5000 0.2234
8440.0000 0.2235
8440.4000 0.2236
8441.0000 0.2237
8461.7000 0.2239
8466.6000 0.2240
8472.5000 0.2241
8477.8000 0.2242
8499.5000 0.2243
8504.8000 0.2244
8514.1000 0.2245
8516.8000 0.2246
8532.9000 0.2247
8537.1000 0.2248
8562.8000 0.2249
8563.0000 0.2250
8573.5000 0.2251
8576.2000 0.2252
8599.5000 0.2253
8600.1000 0.2254
8611.7000 0.2255
8614.7000 0.2256
8626.4000 0.2257
8627.0000 0.2258
8631.5000 0.2259
8636.0000 0.2260
8637.7000 0.2261
8638.9000 0.2262
8640.2000 0.2264
8642.0000 0.2265
8648.2000 0.2266
8650.0000 0.2267
8654.9000 0.2268
8655.8000 0.2269
8664.4000 0.2270
8668.7000 0.2271
8674.0000 0.2272
8675.6000 0.2273
8678.7000 0.2274
8679.3000 0.2275
8686.5000 0.2276
8690.4000 0.2277
8698.9000 0.2278
8708.2000 0.2279
8717.4000 0.2280
8730.6000 0.2281
8736.1000 0.2282
8739.8000 0.2283
8741.9000 0.2284
8747.7000 0.2285
8749.1000 0.2286
8756.1000 0.2287
8765.8000 0.2289
8766.3000 0.2290
8768.8000 0.2291
8771.8000 0.2292
8775.3000 0.2293
8778.5000 0.2294
8793.6000 0.2295
8802.7000 0.2296
8805.1000 0.2297
8806.2000 0.2298
8806.7000 0.2299
8808.5000 0.2300
8813.8000 0.2301
8816.3000 0.2302
8822.4000 0.2303
8828.2000 0.2304
8829.1000 0.2305
8829.4000 0.2306
8837.7000 0.2307
8837.9000 0.2308
8850.0000 0.2309
8870.2000 0.2310
8870.9000 0.2311
8876.4000 0.2312
8879.1000 0.2314
8881.8000 0.2315
8889.5000 0.2316
8900.6000 0.2317
8909.9000 0.2318
8918.2000 0.2319
8921.8000 0.2320
8923.3000 0.2321
8925.6000 0.2322
8928.0000 0.2323
8928.9000 0.2324
8934.0000 0.2325
8939.2000 0.2326
8945.5000 0.2327
8953.7000 0.2328
8960.2000 0.2329
8962.6000 0.2330
8973.5000 0.2331
8976.7000 0.2332
8992.0000 0.2333
8996.6000 0.2334
8996.6000 0.2335
9000.3000 0.2336
9002.7000 0.2337
9007.7000 0.2339
9007.8000 0.2340
9018.6000 0.2341
9024.2000 0.2342
9025.8000 0.2343
9027.1000 0.2344
9030.0000 0.2345
9031.9000 0.2346
9033.1000 0.2347
9033.6000 0.2348
9038.5000 0.2349
9046.6000 0.2350
9052.6000 0.2351
9053.4000 0.2352
9056.6000 0.2353
9059.6000 0.2354
9061.7000 0.2355
9065.6000 0.2356
9093.7000 0.2357
9094.5000 0.2358
9105.0000 0.2359
9109.7000 0.2360
9117.4000 0.2361
9126.3000 0.2362
9131.9000 0.2364
9134.7000 0.2365
9146.0000 0.2366
9154.7000 0.2367
9156.2000 0.2368
9167.3000 0.2369
9168.6000 0.2370
9174.9000 0.2371
9186.4000 0.2372
9194.9000 0.2373
9202.2000 0.2374
9217.9000 0.2375
9219.4000 0.2376
9228.2000 0.2377
9231.9000 0.2378
9232.7000 0.2379
9232.7000 0.2380
9246.7000 0.2381
9261.9000 0.2382
9266.0000 0.2383
9268.8000 0.2384
9270.9000 0.2385
9274.3000 0.2386
9278.5000 0.2387
9279.3000 0.2389
9288.8000 0.2390
9291.7000 0.2391
9301.0000 0.2392
9303.9000 0.2393
9310.5000 0.2394
9310.9000 0.2395
9317.0000 0.2396
9326.5000 0.2397
9326.5000 0.2398
9331.6000 0.2399
9333.2000 0.2400
9345.1000 0.2401
9345.4000 0.2402
9349.3000 0.2403
9379.8000 0.2404
9385.0000 0.2405
9393.5000 0.2406
9399.1000 0.2407
9401.6000 0.2408
9401.8000 0.2409
9405.9000 0.2410
9406.9000 0.2411
9410.0000 0.2412
9411.8000 0.2414
9414.4000 0.2415
9424.9000 0.2416
9435.7000 0.2417
9443.9000 0.2418
9445.8000 0.2419
9449.3000 0.2420
9463.1000 0.2421
9466.0000 0.2422
9468.0000 0.2423
9471.6000 0.2424
9471.8000 0.2425
9482.2000 0.2426
9490.7000 0.2427
9493.4000 0.2428
9494.3000 0.2429
9504.6000 0.2430
9515.0000 0.2431
9515.7000 0.2432
9530.6000 0.2433
9535.1000 0.2434
9535.4000 0.2435
9549.9000 0.2436
9562.4000 0.2437
9564.7000 0.2439
9567.4000 0.2440
9569.0000 0.2441
9574.5000 0.2442
9575.1000 0.2443
9581.8000 0.2444
9583.5000 0.2445
9587.7000 0.2446
9593.1000 0.2447
9598.8000 0.2448
9607.6000 0.2449
9618.9000 0.2450
9619.0000 0.2451
9622.9000 0.2452
9626.9000 0.2453
9633.7000 0.2454
9639.9000 0.2455
9641.0000 0.2456
9646.5000 0.2457
9651.6000 0.2458
9653.1000 0.2459
9654.1000 0.2460
9658.4000 0.2461
9662.6000 0.2462
9662.9000 0.2464
9687.7000 0.2465
9688.9000 0.2466
9692.4000 0.2467
9694.3000 0.2468
9700.4000 0.2469
9710.4000 0.2470
9712.0000 0.2471
9714.7000 0.2472
9715.1000 0.2473
9716.4000 0.2474
9717.8000 0.2475
9721.6000 0.2476
9722.1000 0.2477
9722.7000 0.2478
9725.3000 0.2479
9726.9000 0.2480
9731.8000 0.2481
9737.8000 0.2482
9758.9000 0.2483
9763.8000 0.2484
9764.2000 0.2485
9765.4000 0.2486
9765.9000 0.2487
9766.9000 0.2489
9777.8000 0.2490
9779.0000 0.2491
9792.6000 0.2492
9794.4000 0.2493
9821.6000 0.2494
9827.9000 0.2495
9839.4000 0.2496
9841.6000 0.2497
9877.6000 0.2498
9881.9000 0.2499
9897.5000 0.2500
9897.8000 0.2501
9903.8000 0.2502
9906.1000 0.2503
9910.6000 0.2504
9925.1000 0.2505
9930.3000 0.2506
9939.3000 0.2507
9940.6000 0.2508
9944.0000 0.2509
9949.2000 0.2510
9951.3000 0.2511
9952.4000 0.2512
9955.6000 0.2514
9962.4000 0.2515
9963.4000 0.2516
9966.1000 0.2517
9967.7000 0.2518
9974.7000 0.2519
9974.7000 0.2520
9976.4000 0.2521
9982.7000 0.2522
9982.9000 0.2523
9988.1000 0.2524
9988.7000 0.2525
10001.0000 0.2526
10005.9000 0.2527
10010.0000 0.2528
10014.2000 0.2529
10019.4000 0.2530
10021.0000 0.2531
10028.9000 0.2532
10030.8000 0.2533
10031.0000 0.2534
10031.6000 0.2535
10033.4000 0.2536
10035.1000 0.2537
10040.1000 0.2539
10049.7000 0.2540
10058.1000 0.2541
10067.4000 0.2542
10075.0000 0.2543
10077.8000 0.2544
10078.9000 0.2545
10082.3000 0.2546
10095.9000 0.2547
10112.1000 0.2548
10112.8000 0.2549
10126.7000 0.2550
10127.5000 0.2551
10129.1000 0.2552
10132.7000 0.2553
10134.9000 0.2554
10141.9000 0.2555
10154.6000 0.2556
10155.0000 0.2557
10162.5000 0.2558
10170.4000 0.2559
10177.0000 0.2560
10186.2000 0.2561
10193.5000 0.2562
10204.5000 0.2564
10207.5000 0.2565
10210.7000 0.2566
10211.9000 0.2567
10228.7000 0.2568
10234.4000 0.2569
10237.2000 0.2570
10243.9000 0.2571
10244.8000 0.2572
10253.1000 0.2573
10265.2000 0.2574
10265.9000 0.2575
10274.4000 0.2576
10291.7000 0.2577
10295.0000 0.2578
10298.9000 0.2579
10303.4000 0.2580
10304.4000 0.2581
10310.6000 0.2582
10312.3000 0.2583
10315.7000 0.2584
10319.3000 0.2585
10319.6000 0.2586
10324.7000 0.2587
10324.9000 0.2589
10338.7000 0.2590
10343.2000 0.2591
10349.0000 0.2592
10359.1000 0.2593
10360.7000 0.2594
10367.6000 0.2595
10372.6000 0.2596
10373.7000 0.2597
10379.0000 0.2598
10381.8000 0.2599
10382.1000 0.2600
10389.7000 0.2601
10390.0000 0.2602
10408.9000 0.2603
10409.0000 0.2604
10409.7000 0.2605
10412.9000 0.2606
10417.1000 0.2607
10431.9000 0.2608
10436.4000 0.2609
10447.8000 0.2610
10488.5000 0.2611
10507.5000 0.2612
10509.9000 0.2614
10514.4000 0.2615
10515.7000 0.2616
10516.6000 0.2617
10519.7000 0.2618
10522.1000 0.2619
10524.3000 0.2620
10533.6000 0.2621
10539.2000 0.2622
10540.4000 0.2623
10547.4000 0.2624
10551.3000 0.2625
10554.3000 0.2626
10556.1000 0.2627
10571.8000 0.2628
10572.9000 0.2629
10577.0000 0.2630
10589.4000 0.2631
10590.6000 0.2632
10590.9000 0.2633
10593.9000 0.2634
10606.9000 0.2635
10609.6000 0.2636
10617.9000 0.2637
10633.6000 0.2639
10640.6000 0.2640
10641.9000 0.2641
10650.1000 0.2642
10651.4000 0.2643
10658.4000 0.2644
10661.0000 0.2645
10661.8000 0.2646
10662.0000 0.2647
10666.6000 0.2648
10674.2000 0.2649
10678.7000 0.2650
10683.4000 0.2651
10683.4000 0.2652
10694.4000 0.2653
10698.9000 0.2654
10719.8000 0.2655
10721.7000 0.2656
10730.2000 0.2657
10736.6000 0.2658
10747.7000 0.2659
10748.9000 0.2660
10752.5000 0.2661
10753.1000 0.2662
10754.5000 0.2664
10764.3000 0.2665
10764.4000 0.2666
10764.8000 0.2667
10769.1000 0.2668
10770.1000 0.2669
10778.9000 0.2670
10780.1000 0.2671
10782.4000 0.2672
10788.8000 0.2673
10788.9000 0.2674
10788.9000 0.2675
10795.2000 0.2676
10807.1000 0.2677
10818.9000 0.2678
10819.5000 0.2679
10822.7000 0.2680
10830.8000 0.2681
10846.9000 0.2682
10850.7000 0.2683
10853.4000 0.2684
10853.6000 0.2685
10853.7000 0.2686
10855.4000 0.2687
10858.7000 0.2689
10866.2000 0.2690
10868.5000 0.2691
10869.4000 0.2692
10869.7000 0.2693
10870.1000 0.2694
10877.5000 0.2695
10887.6000 0.2696
10897.4000 0.2697
10905.0000 0.2698
10908.8000 0.2699
10910.1000 0.2700
10921.8000 0.2701
10925.9000 0.2702
10949.5000 0.2703
10950.4000 0.2704
10961.8000 0.2705
10962.4000 0.2706
10969.2000 0.2707
10969.7000 0.2708
10970.2000 0.2709
10970.9000 0.2710
10981.7000 0.2711
10985.4000 0.2712
10986.7000 0.2714
10991.7000 0.2715
11005.8000 0.2716
11005.9000 0.2717
11007.0000 0.2718
11018.6000 0.2719
11019.7000 0.2720
11031.6000 0.2721
11031.7000 0.2722
11031.9000 0.2723
11036.8000 0.2724
11037.9000 0.2725
11044.9000 0.2726
11056.5000 0.2727
11063.7000 0.2728
11071.6000 0.2729
11075.6000 0.2730
11085.1000 0.2731
11097.3000 0.2732
11097.9000 0.2733
11098.5000 0.2734
11100.5000 0.2735
11102.3000 0.2736
11114.2000 0.2737
11122.3000 0.2739
11139.9000 0.2740
11139.9000 0.2741
11140.0000 0.2742
11140.8000 0.2743
11148.9000 0.2744
11156.5000 0.2745
11159.7000 0.2746
11169.2000 0.2747
11170.1000 0.2748
11171.3000 0.2749
11177.9000 0.2750
11178.4000 0.2751
11178.5000 0.2752
11180.0000 0.2753
11180.7000 0.2754
11184.1000 0.2755
11190.7000 0.2756
11193.8000 0.2757
11195.9000 0.2758
11196.1000 0.2759
11201.3000 0.2760
11206.7000 0.2761
11206.8000 0.2762
11207.1000 0.2764
11209.9000 0.2765
11220.2000 0.2766
11221.3000 0.2767
11226.7000 0.2768
11229.7000 0.2769
11230.1000 0.2770
11235.3000 0.2771
11249.1000 0.2772
11252.1000 0.2773
11257.7000 0.2774
11258.5000 0.2775
11259.0000 0.2776
11270.2000 0.2777
11270.9000 0.2778
11272.2000 0.2779
11272.6000 0.2780
11273.3000 0.2781
11282.4000 0.2782
11287.9000 0.2783
11296.4000 0.2784
11307.8000 0.2785
11311.3000 0.2786
11321.9000 0.2787
11322.5000 0.2789
11330.0000 0.2790
11344.2000 0.2791
11344.9000 0.2792
11353.5000 0.2793
11353.5000 0.2794
11359.7000 0.2795
11370.7000 0.2796
11373.6000 0.2797
11373.9000 0.2798
11374.1000 0.2799
11374.4000 0.2800
11375.7000 0.2801
11376.5000 0.2802
11384.5000 0.2803
11390.8000 0.2804
11396.6000 0.2805
11398.5000 0.2806
11406.0000 0.2807
11416.1000 0.2808
11416.2000 0.2809
11425.0000 0.2810
11432.5000 0.2811
11436.3000 0.2812
11436.9000 0.2814
11442.3000 0.2815
11451.4000 0.2816
11453.0000 0.2817
11456.5000 0.2818
11457.8000 0.2819
11458.1000 0.2820
11470.5000 0.2821
11471.5000 0.2822
11474.4000 0.2823
11481.9000 0.2824
11485.5000 0.2825
11487.6000 0.2826
11489.7000 0.2827
11505.0000 0.2828
11508.1000 0.2829
11510.3000 0.2830
11531.6000 0.2831
11549.5000 0.2832
11557.7000 0.2833
11561.8000 0.2834
11563.0000 0.2835
11563.3000 0.2836
11568.4000 0.2837
11569.6000 0.2839
11588.6000 0.2840
11603.4000 0.2841
11607.0000 0.2842
11608.3000 0.2843
11619.7000 0.2844
11621.2000 0.2845
11628.6000 0.2846
11634.7000 0.2847
11638.1000 0.2848
11653.1000 0.2849
11655.9000 0.2850
11667.1000 0.2851
11669.3000 0.2852
11669.3000 0.2853
11676.1000 0.2854
11683.6000 0.2855
11689.6000 0.2856
11691.3000 0.2857
11693.0000 0.2858
11694.6000 0.2859
11698.3000 0.2860
11700.0000 0.2861
11700.2000 0.2862
11700.8000 0.2864
11703.3000 0.2865
11703.9000 0.2866
11711.2000 0.2867
11744.8000 0.2868
11756.9000 0.2869
11757.6000 0.2870
11767.1000 0.2871
11774.3000 0.2872
11792.5000 0.2873
11793.7000 0.2874
11795.3000 0.2875
11803.5000 0.2876
11806.0000 0.2877
11829.4000 0.2878
11830.0000 0.2879
11837.3000 0.2880
11837.6000 0.2881
11845.4000 0.2882
11848.1000 0.2883
11848.2000 0.2884
11850.2000 0.2885
11852.8000 0.2886
11861.5000 0.2887
11875.0000 0.2889
11888.3000 0.2890
11889.9000 0.2891
11901.0000 0.2892
11904.5000 0.2893
11915.7000 0.2894
11916.4000 0.2895
11927.4000 0.2896
11929.2000 0.2897
11945.0000 0.2898
11948.6000 0.2899
11954.3000 0.2900
11959.4000 0.2901
11962.3000 0.2902
11963.4000 0.2903
11967.3000 0.2904
11978.1000 0.2905
11981.7000 0.2906
11982.8000 0.2907
11985.1000 0.2908
11985.5000 0.2909
11990.0000 0.2910
11991.1000 0.2911
11993.0000 0.2912
12001.8000 0.2914
12006.3000 0.2915
12007.1000 0.2916
12019.3000 0.2917
12022.2000 0.2918
12024.4000 0.2919
12025.8000 0.2920
12026.1000 0.2921
12042.6000 0.2922
12046.1000 0.2923
12053.6000 0.2924
12059.0000 0.2925
12060.5000 0.2926
12076.4000 0.2927
12094.1000 0.2928
12097.5000 0.2929
12099.0000 0.2930
12108.7000 0.2931
12120.8000 0.2932
12120.8000 0.2933
12129.4000 0.2934
12135.3000 0.2935
12136.9000 0.2936
12140.8000 0.2937
12149.0000 0.2939
12153.5000 0.2940
12155.1000 0.2941
12157.2000 0.2942
12159.4000 0.2943
12162.8000 0.2944
12169.0000 0.2945
12170.5000 0.2946
12181.5000 0.2947
12185.8000 0.2948
12189.3000 0.2949
12193.9000 0.2950
12194.4000 0.2951
12202.6000 0.2952
12203.8000 0.2953
12212.2000 0.2954
12214.0000 0.2955
12231.5000 0.2956
12233.3000 0.2957
12237.1000 0.2958
12252.1000 0.2959
12253.7000 0.2960
12256.6000 0.2961
12257.1000 0.2962
12262.3000 0.2964
12272.0000 0.2965
12275.6000 0.2966
12279.5000 0.2967
12287.1000 0.2968
12288.6000 0.2969
12299.5000 0.2970
12303.0000 0.2971
12308.0000 0.2972
12310.4000 0.2973
12330.1000 0.2974
12331.3000 0.2975
12334.1000 0.2976
12335.6000 0.2977
12336.6000 0.2978
12337.3000 0.2979
12347.7000 0.2980
12349.9000 0.2981
12354.8000 0.2982
12363.7000 0.2983
12372.8000 0.2984
12376.9000 0.2985
12380.3000 0.2986
12381.9000 0.2987
12392.3000 0.2989
12399.0000 0.2990
12399.4000 0.2991
12405.8000 0.2992
12405.9000 0.2993
12407.7000 0.2994
12411.6000 0.2995
12424.6000 0.2996
12428.7000 0.2997
12431.7000 0.2998
12438.7000 0.2999
12441.3000 0.3000
12454.3000 0.3001
12459.7000 0.3002
12459.9000 0.3003
12461.6000 0.3004
12462.4000 0.3005
12463.2000 0.3006
12470.7000 0.3007
12471.3000 0.3008
12472.4000 0.3009
12483.6000 0.3010
12483.7000 0.3011
12485.1000 0.3012
12485.2000 0.3014
12487.0000 0.3015
12500.7000 0.3016
12502.8000 0.3017
12503.2000 0.3018
12503.4000 0.3019
12507.9000 0.3020
12509.6000 0.3021
12510.7000 0.3022
12512.1000 0.3023
12521.5000 0.3024
12521.9000 0.3025
12530.9000 0.3026
12532.0000 0.3027
12532.2000 0.3028
12540.2000 0.3029
12545.2000 0.3030
12549.9000 0.3031
12550.1000 0.3032
12554.3000 0.3033
12558.4000 0.3034
12577.1000 0.3035
12579.4000 0.3036
12583.1000 0.3037
12589.3000 0.3039
12589.8000 0.3040
12590.1000 0.3041
12598.4000 0.3042
12603.4000 0.3043
12630.7000 0.3044
12636.2000 0.3045
12637.4000 0.3046
12646.1000 0.3047
12646.6000 0.3048
12654.3000 0.3049
12665.3000 0.3050
12671.7000 0.3051
12675.9000 0.3052
12687.5000 0.3053
12688.0000 0.3054
12689.0000 0.3055
12692.1000 0.3056
12705.7000 0.3057
12706.4000 0.3058
12711.3000 0.3059
12716.7000 0.3060
12717.6000 0.3061
12727.7000 0.3062
12733.0000 0.3064
12745.7000 0.3065
12756.2000 0.3066
12763.2000 0.3067
12767.2000 0.3068
12767.4000 0.3069
12767.9000 0.3070
12772.5000 0.3071
12772.8000 0.3072
12775.0000 0.3073
12794.8000 0.3074
12805.4000 0.3075
12806.1000 0.3076
12815.8000 0.3077
12820.2000 0.3078
12822.0000 0.3079
12828.7000 0.3080
12841.9000 0.3081
12849.0000 0.3082
12851.7000 0.3083
12853.0000 0.3084
12855.5000 0.3085
12856.8000 0.3086
12860.4000 0.3087
12861.5000 0.3089
12870.9000 0.3090
12871.2000 0.3091
12872.3000 0.3092
12880.6000 0.3093
12882.7000 0.3094
12890.1000 0.3095
12903.3000 0.3096
12909.7000 0.3097
12929.9000 0.3098
12932.7000 0.3099
12949.5000 0.3100
12952.3000 0.3101
12960.2000 0.3102
12965.6000 0.3103
12968.4000 0.3104
12971.3000 0.3105
12972.9000 0.3106
12974.3000 0.3107
12976.1000 0.3108
12986.9000 0.3109
12990.3000 0.3110
13002.1000 0.3111
13002.9000 0.3112
13005.4000 0.3114
13017.7000 0.3115
13018.3000 0.3116
13021.6000 0.3117
13024.9000 0.3118
13033.4000 0.3119
13040.9000 0.3120
13044.1000 0.3121
13044.4000 0.3122
13049.7000 0.3123
13052.9000 0.3124
13053.4000 0.3125
13053.9000 0.3126
13065.9000 0.3127
13068.5000 0.3128
13074.5000 0.3129
13075.6000 0.3130
13088.6000 0.3131
13090.6000 0.3132
13098.0000 0.3133
13102.5000 0.3134
13107.8000 0.3135
13114.9000 0.3136
13121.0000 0.3137
13129.5000 0.3139
13132.0000 0.3140
13133.4000 0.3141
13138.5000 0.3142
13145.0000 0.3143
13146.5000 0.3144
13155.5000 0.3145
13159.0000 0.3146
13161.2000 0.3147
13166.9000 0.3148
13168.4000 0.3149
13168.7000 0.3150
13169.5000 0.3151
13169.7000 0.3152
13186.8000 0.3153
13187.1000 0.3154
13189.3000 0.3155
13192.4000 0.3156
13195.2000 0.3157
13196.9000 0.3158
13205.4000 0.3159
13206.7000 0.3160
13215.2000 0.3161
13218.6000 0.3162
13233.1000 0.3164
13233.9000 0.3165
13235.3000 0.3166
13236.3000 0.3167
13236.8000 0.3168
13254.6000 0.3169
13257.3000 0.3170
13277.4000 0.3171
13278.4000 0.3172
13281.6000 0.3173
13281.7000 0.3174
13286.9000 0.3175
13287.4000 0.3176
13287.4000 0.3177
13289.1000 0.3178
13289.1000 0.3179
13291.0000 0.3180
13294.4000 0.3181
13323.4000 0.3182
13324.0000 0.3183
13326.8000 0.3184
13328.8000 0.3185
13333.5000 0.3186
13336.1000 0.3187
13336.8000 0.3189
13338.0000 0.3190
13344.9000 0.3191
13345.4000 0.3192
13348.3000 0.3193
13350.1000 0.3194
13357.7000 0.3195
13364.6000 0.3196
13371.6000 0.3197
13372.5000 0.3198
13378.3000 0.3199
13381.4000 0.3200
13381.6000 0.3201
13386.1000 0.3202
13387.6000 0.3203
13390.9000 0.3204
13394.2000 0.3205
13401.4000 0.3206
13403.8000 0.3207
13404.9000 0.3208
13409.9000 0.3209
13416.4000 0.3210
13432.2000 0.3211
13436.0000 0.3212
13438.7000 0.3214
13447.0000 0.3215
13457.1000 0.3216
13461.5000 0.3217
13465.7000 0.3218
13468.1000 0.3219
13469.0000 0.3220
13484.1000 0.3221
13485.2000 0.3222
13502.2000 0.3223
13502.8000 0.3224
13506.4000 0.3225
13509.0000 0.3226
13515.9000 0.3227
13523.0000 0.3228
13524.8000 0.3229
13531.4000 0.3230
13541.3000 0.3231
13553.7000 0.3232
13560.8000 0.3233
13564.7000 0.3234
13569.4000 0.3235
13576.6000 0.3236
13578.3000 0.3237
13581.8000 0.3239
13587.0000 0.3240
13587.2000 0.3241
13593.3000 0.3242
13596.0000 0.3243
13596.7000 0.3244
13610.5000 0.3245
13619.4000 0.3246
13630.4000 0.3247
13637.8000 0.3248
13640.8000 0.3249
13643.9000 0.3250
13653.4000 0.3251
13656.6000 0.3252
13664.6000 0.3253
13674.6000 0.3254
13675.3000 0.3255
13678.3000 0.3256
13679.2000 0.3257
13690.9000 0.3258
13692.5000 0.3259
13704.6000 0.3260
13704.9000 0.3261
13707.6000 0.3263
13712.4000 0.3264
13716.9000 0.3265
13717.8000 0.3266
13719.0000 0.3267
13722.0000 0.3268
13742.4000 0.3269
13750.1000 0.3270
13753.0000 0.3271
13767.1000 0.3272
13776.5000 0.3273
13802.4000 0.3274
13805.0000 0.3275
13809.6000 0.3276
13810.4000 0.3277
13812.8000 0.3278
13813.0000 0.3279
13818.0000 0.3280
13835.8000 0.3281
13841.4000 0.3282
13855.0000 0.3283
13859.5000 0.3284
13867.6000 0.3285
13870.4000 0.3286
13875.5000 0.3288
13887.6000 0.3289
13890.6000 0.3290
13891.1000 0.3291
13902.4000 0.3292
13905.0000 0.3293
13905.4000 0.3294
13910.1000 0.3295
13912.6000 0.3296
13913.1000 0.3297
13919.4000 0.3298
13921.3000 0.3299
13931.8000 0.3300
13944.8000 0.3301
13949.4000 0.3302
13951.3000 0.3303
13955.3000 0.3304
13957.1000 0.3305
13964.8000 0.3306
13986.2000 0.3307
13987.1000 0.3308
13991.9000 0.3309
13993.7000 0.3310
13994.7000 0.3311
14011.4000 0.3313
14014.8000 0.3314
14020.0000 0.3315
14022.3000 0.3316
14028.5000 0.3317
14032.6000 0.3318
14044.5000 0.3319
14046.4000 0.3320
14049.3000 0.3321
14051.1000 0.3322
14053.8000 0.3323
14057.6000 0.3324
14069.7000 0.3325
14074.5000 0.3326
14086.1000 0.3327
14089.0000 0.3328
14099.9000 0.3329
14100.1000 0.3330
14106.9000 0.3331
14107.4000 0.3332
14108.9000 0.3333
14112.6000 0.3334
14114.5000 0.3335
14143.8000 0.3336
14148.5000 0.3338
14152.6000 0.3339
14154.3000 0.3340
14155.8000 0.3341
14163.0000 0.3342
14163.6000 0.3343
14165.2000 0.3344
14174.3000 0.3345
14179.9000 0.3346
14186.7000 0.3347
14189.2000 0.3348
14201.8000 0.3349
14205.3000 0.3350
14212.8000 0.3351
14237.0000 0.3352
14238.7000 0.3353
14241.0000 0.3354
14241.1000 0.3355
14254.1000 0.3356
14258.7000 0.3357
14270.9000 0.3358
14275.9000 0.3359
14277.8000 0.3360
14278.9000 0.3361
14289.6000 0.3363
14290.2000 0.3364
14309.3000 0.3365
14313.7000 0.3366
14323.9000 0.3367
14335.5000 0.3368
14338.1000 0.3369
14339.7000 0.3370
14340.3000 0.3371
14341.1000 0.3372
14345.3000 0.3373
14350.0000 0.3374
14354.7000 0.3375
14356.0000 0.3376
14362.7000 0.3377
14365.5000 0.3378
14365.8000 0.3379
14370.0000 0.3380
14372.3000 0.3381
14376.0000 0.3382
14378.4000 0.3383
14380.6000 0.3384
14385.0000 0.3385
14394.8000 0.3386
14403.9000 0.3388
14406.0000 0.3389
14407.3000 0.3390
14408.2000 0.3391
14410.8000 0.3392
14413.0000 0.3393
14425.5000 0.3394
14427.1000 0.3395
14435.9000 0.3396
14436.2000 0.3397
14437.6000 0.3398
14438.9000 0.3399
14439.1000 0.3400
14440.7000 0.3401
14442.4000 0.3402
14443.0000 0.3403
14447.6000 0.3404
14465.5000 0.3405
14468.3000 0.3406
14470.6000 0.3407
14494.5000 0.3408
14495.6000 0.3409
14497.7000 0.3410
14502.0000 0.3411
14511.1000 0.3413
14513.6000 0.3414
14513.8000 0.3415
14519.6000 0.3416
14530.7000 0.3417
14535.0000 0.3418
14540.7000 0.3419
14544.9000 0.3420
14545.2000 0.3421
14545.6000 0.3422
14550.4000 0.3423
14554.4000 0.3424
14560.1000 0.3425
14568.5000 0.3426
14569.0000 0.3427
14571.5000 0.3428
14585.9000 0.3429
14588.4000 0.3430
14591.7000 0.3431
14607.6000 0.3432
14608.0000 0.3433
14614.3000 0.3434
14614.7000 0.3435
14631.3000 0.3436
14641.3000 0.3438
14650.9000 0.3439
14660.3000 0.3440
14663.6000 0.3441
14676.6000 0.3442
14691.5000 0.3443
14699.2000 0.3444
14705.3000 0.3445
14706.5000 0.3446
14714.9000 0.3447
14717.8000 0.3448
14719.7000 0.3449
14742.8000 0.3450
14749.5000 0.3451
14750.0000 0.3452
14765.3000 0.3453
14769.0000 0.3454
14770.9000 0.3455
14771.7000 0.3456
14774.1000 0.3457
14775.9000 0.3458
14779.1000 0.3459
14781.0000 0.3460
14786.0000 0.3461
14789.9000 0.3463
14793.6000 0.3464
14796.4000 0.3465
14802.8000 0.3466
14804.4000 0.3467
14808.0000 0.3468
14813.4000 0.3469
14813.5000 0.3470
14814.7000 0.3471
14814.9000 0.3472
14821.0000 0.3473
14822.1000 0.3474
14823.6000 0.3475
14825.6000 0.3476
14828.9000 0.3477
14829.9000 0.3478
14831.0000 0.3479
14841.9000 0.3480
14843.9000 0.3481
14846.4000 0.3482
14849.0000 0.3483
14861.9000 0.3484
14864.2000 0.3485
14871.0000 0.3486
14876.3000 0.3488
14883.5000 0.3489
14893.0000 0.3490
14895.9000 0.3491
14897.1000 0.3492
14899.6000 0.3493
14899.8000 0.3494
14904.2000 0.3495
14908.8000 0.3496
14912.9000 0.3497
14932.9000 0.3498
14936.7000 0.3499
14937.7000 0.3500
14942.4000 0.3501
14948.3000 0.3502
14960.9000 0.3503
14962.1000 0.3504
14968.6000 0.3505
14968.7000 0.3506
14969.9000 0.3507
14977.1000 0.3508
14981.1000 0.3509
14984.9000 0.3510
14995.7000 0.3511
14997.5000 0.3513
15005.2000 0.3514
15007.7000 0.3515
15008.0000 0.3516
15008.1000 0.3517
15017.5000 0.3518
15030.2000 0.3519
15038.2000 0.3520
15045.4000 0.3521
15047.3000 0.3522
15050.6000 0.3523
15051.4000 0.3524
15051.6000 0.3525
15053.5000 0.3526
15056.4000 0.3527
15088.7000 0.3528
15095.9000 0.3529
15102.7000 0.3530
15112.0000 0.3531
15118.4000 0.3532
15121.4000 0.3533
15122.7000 0.3534
15123.8000 0.3535
15126.6000 0.3536
15126.8000 0.3538
15139.1000 0.3539
15139.3000 0.3540
15147.1000 0.3541
15148.9000 0.3542
15152.4000 0.3543
15165.2000 0.3544
15166.7000 0.3545
15168.5000 0.3546
15171.8000 0.3547
15172.2000 0.3548
15177.6000 0.3549
15187.3000 0.3550
15190.0000 0.3551
15191.9000 0.3552
15192.6000 0.3553
15199.5000 0.3554
15203.2000 0.3555
15203.4000 0.3556
15206.1000 0.3557
15207.2000 0.3558
15207.6000 0.3559
15207.9000 0.3560
15212.2000 0.3561
15222.4000 0.3563
15226.6000 0.3564
15227.5000 0.3565
15232.1000 0.3566
15233.5000 0.3567
15237.1000 0.3568
15240.8000 0.3569
15245.2000 0.3570
15246.8000 0.3571
15246.9000 0.3572
15251.0000 0.3573
15272.8000 0.3574
15280.6000 0.3575
15289.8000 0.3576
15300.7000 0.3577
15301.8000 0.3578
15313.2000 0.3579
15319.0000 0.3580
15323.4000 0.3581
15332.6000 0.3582
15334.7000 0.3583
15343.2000 0.3584
15343.6000 0.3585
15345.9000 0.3586
15352.4000 0.3588
15353.6000 0.3589
15355.6000 0.3590
15363.5000 0.3591
15368.6000 0.3592
15373.9000 0.3593
15385.5000 0.3594
15394.7000 0.3595
15402.3000 0.3596
15412.6000 0.3597
15429.5000 0.3598
15432.9000 0.3599
15436.2000 0.3600
15452.0000 0.3601
15454.4000 0.3602
15461.1000 0.3603
15462.5000 0.3604
15463.6000 0.3605
15465.4000 0.3606
15480.7000 0.3607
15490.2000 0.3608
15494.5000 0.3609
15494.7000 0.3610
15495.9000 0.3611
15504.3000 0.3613
15506.5000 0.3614
15509.1000 0.3615
15509.4000 0.3616
15512.3000 0.3617
15516.8000 0.3618
15523.6000 0.3619
15524.0000 0.3620
15525.4000 0.3621
15526.5000 0.3622
15527.3000 0.3623
15534.4000 0.3624
15544.7000 0.3625
15548.5000 0.3626
15553.7000 0.3627
15554.0000 0.3628
15554.2000 0.3629
15558.8000 0.3630
15563.0000 0.3631
15563.7000 0.3632
15567.5000 0.3633
15570.3000 0.3634
15570.8000 0.3635
15579.1000 0.3636
15582.4000 0.3638
15588.9000 0.3639
15589.7000 0.3640
15592.7000 0.3641
15601.6000 0.3642
15613.5000 0.3643
15625.9000 0.3644
15626.2000 0.3645
15638.0000 0.3646
15651.0000 0.3647
15651.7000 0.3648
15653.4000 0.3649
15655.4000 0.3650
15662.1000 0.3651
15664.6000 0.3652
15683.3000 0.3653
15684.5000 0.3654
15684.8000 0.3655
15707.5000 0.3656
15709.7000 0.3657
15711.7000 0.3658
15716.1000 0.3659
15718.2000 0.3660
15722.7000 0.3661
15728.4000 0.3663
15732.3000 0.3664
15733.4000 0.3665
15733.8000 0.3666
15738.2000 0.3667
15745.7000 0.3668
15749.1000 0.3669
15750.7000 0.3670
15752.9000 0.3671
15757.1000 0.3672
15757.3000 0.3673
15759.1000 0.3674
15761.0000 0.3675
15762.0000 0.3676
15763.7000 0.3677
15772.0000 0.3678
15773.2000 0.3679
15773.8000 0.3680
15775.7000 0.3681
15783.3000 0.3682
15800.7000 0.3683
15800.8000 0.3684
15802.6000 0.3685
15804.1000 0.3686
15807.5000 0.3688
15808.1000 0.3689
15815.5000 0.3690
15816.9000 0.3691
15819.9000 0.3692
15821.1000 0.3693
15822.5000 0.3694
15824.5000 0.3695
15824.6000 0.3696
15841.4000 0.3697
15844.2000 0.3698
15847.9000 0.3699
15851.2000 0.3700
15855.3000 0.3701
15855.5000 0.3702
15856.4000 0.3703
15856.6000 0.3704
15860.9000 0.3705
15864.7000 0.3706
15868.0000 0.3707
15870.5000 0.3708
15871.8000 0.3709
15876.7000 0.3710
15905.1000 0.3711
15931.6000 0.3713
15936.4000 0.3714
15948.9000 0.3715
15958.6000 0.3716
15962.0000 0.3717
15968.6000 0.3718
15978.3000 0.3719
15987.8000 0.3720
15988.7000 0.3721
15993.8000 0.3722
15998.2000 0.3723
16006.1000 0.3724
16015.0000 0.3725
16029.8000 0.3726
16030.4000 0.3727
16034.3000 0.3728
16034.4000 0.3729
16040.8000 0.3730
16048.4000 0.3731
16049.1000 0.3732
16051.9000 0.3733
16060.0000 0.3734
16061.8000 0.3735
16062.1000 0.3736
16081.1000 0.3738
16083.8000 0.3739
16090.4000 0.3740
16093.9000 0.3741
16097.9000 0.3742
16112.9000 0.3743
16113.0000 0.3744
16113.6000 0.3745
16115.7000 0.3746
16122.2000 0.3747
16128.5000 0.3748
16131.7000 0.3749
16139.0000 0.3750
16140.1000 0.3751
16140.1000 0.3752
16140.9000 0.3753
16141.4000 0.3754
16144.6000 0.3755
16147.1000 0.3756
16152.4000 0.3757
16153.5000 0.3758
16155.1000 0.3759
16155.2000 0.3760
16165.0000 0.3761
16173.1000 0.3763
16173.6000 0.3764
16175.3000 0.3765
16175.9000 0.3766
16182.3000 0.3767
16185.0000 0.3768
16186.3000 0.3769
16187.9000 0.3770
16220.9000 0.3771
16227.6000 0.3772
16234.4000 0.3773
16249.5000 0.3774
16252.1000 0.3775
16253.2000 0.3776
16262.3000 0.3777
16266.9000 0.3778
16267.4000 0.3779
16270.6000 0.3780
16278.4000 0.3781
16279.8000 0.3782
16290.7000 0.3783
16308.9000 0.3784
16308.9000 0.3785
16311.9000 0.3786
16315.9000 0.3788
16324.4000 0.3789
16328.0000 0.3790
16329.6000 0.3791
16333.5000 0.3792
16335.3000 0.3793
16339.9000 0.3794
16349.4000 0.3795
16352.1000 0.3796
16354.8000 0.3797
16358.4000 0.3798
16363.4000 0.3799
16364.3000 0.3800
16366.3000 0.3801
16369.9000 0.3802
16377.9000 0.3803
16379.0000 0.3804
16394.2000 0.3805
16396.7000 0.3806
16399.0000 0.3807
16399.4000 0.3808
16405.5000 0.3809
16410.0000 0.3810
16416.6000 0.3811
16417.2000 0.3813
16425.6000 0.3814
16431.5000 0.3815
16433.8000 0.3816
16441.3000 0.3817
16442.1000 0.3818
16446.8000 0.3819
16456.3000 0.3820
16459.8000 0.3821
16461.2000 0.3822
16461.5000 0.3823
16463.8000 0.3824
16466.5000 0.3825
16471.8000 0.3826
16483.9000 0.3827
16486.2000 0.3828
16486.6000 0.3829
16490.0000 0.3830
16498.1000 0.3831
16498.2000 0.3832
16511.2000 0.3833
16517.5000 0.3834
16517.8000 0.3835
16519.8000 0.3836
16522.4000 0.3838
16524.0000 0.3839
16524.3000 0.3840
16541.2000 0.3841
16542.3000 0.3842
16553.9000 0.3843
16554.4000 0.3844
16568.0000 0.3845
16568.1000 0.3846
16575.2000 0.3847
16578.0000 0.3848
16580.8000 0.3849
16584.2000 0.3850
16588.6000 0.3851
16590.3000 0.3852
16595.0000 0.3853
16598.1000 0.3854
16606.7000 0.3855
16616.0000 0.3856
16617.5000 0.3857
16617.6000 0.3858
16622.7000 0.3859
16626.0000 0.3860
16628.8000 0.3861
16637.2000 0.3863
16639.2000 0.3864
16642.3000 0.3865
16644.2000 0.3866
16645.7000 0.3867
16650.3000 0.3868
16653.9000 0.3869
16665.8000 0.3870
16666.8000 0.3871
16667.4000 0.3872
16669.7000 0.3873
16676.1000 0.3874
16680.5000 0.3875
16689.4000 0.3876
16693.1000 0.3877
16695.0000 0.3878
16696.1000 0.3879
16700.5000 0.3880
16710.2000 0.3881
16711.5000 0.3882
16717.4000 0.3883
16728.6000 0.3884
16736.8000 0.3885
16740.3000 0.3886
16743.3000 0.3888
16745.9000 0.3889
16747.4000 0.3890
16756.3000 0.3891
16763.2000 0.3892
16766.3000 0.3893
16768.9000 0.3894
16771.2000 0.3895
16778.0000 0.3896
16789.8000 0.3897
16801.0000 0.3898
16808.8000 0.3899
16808.9000 0.3900
16811.2000 0.3901
16819.9000 0.3902
16837.5000 0.3903
16839.7000 0.3904
16842.6000 0.3905
16860.1000 0.3906
16864.1000 0.3907
16866.2000 0.3908
16876.6000 0.3909
16876.9000 0.3910
16879.5000 0.3911
16884.1000 0.3913
16887.2000 0.3914
16891.0000 0.3915
16891.7000 0.3916
16894.4000 0.3917
16895.8000 0.3918
16907.4000 0.3919
16908.5000 0.3920
16910.5000 0.3921
16913.0000 0.3922
16921.6000 0.3923
16933.6000 0.3924
16944.2000 0.3925
16957.4000 0.3926
16962.5000 0.3927
16964.8000 0.3928
16964.9000 0.3929
16970.4000 0.3930
16973.9000 0.3931
16976.9000 0.3932
16979.5000 0.3933
16983.4000 0.3934
16987.4000 0.3935
17003.6000 0.3936
17005.4000 0.3938
17015.0000 0.3939
17019.4000 0.3940
17020.2000 0.3941
17024.6000 0.3942
17030.2000 0.3943
17033.5000 0.3944
17047.2000 0.3945
17047.7000 0.3946
17048.0000 0.3947
17051.2000 0.3948
17052.8000 0.3949
17054.0000 0.3950
17054.9000 0.3951
17083.1000 0.3952
17093.7000 0.3953
17099.2000 0.3954
17100.7000 0.3955
17105.1000 0.3956
17105.9000 0.3957
17106.4000 0.3958
17109.9000 0.3959
17112.4000 0.3960
17113.4000 0.3961
17118.1000 0.3963
17121.7000 0.3964
17129.9000 0.3965
17134.8000 0.3966
17137.9000 0.3967
17139.7000 0.3968
17143.8000 0.3969
17145.7000 0.3970
17146.9000 0.3971
17149.0000 0.3972
17157.3000 0.3973
17159.0000 0.3974
17165.9000 0.3975
17169.7000 0.3976
17176.3000 0.3977
17179.1000 0.3978
17184.1000 0.3979
17200.6000 0.3980
17200.6000 0.3981
17204.9000 0.3982
17205.6000 0.3983
17208.9000 0.3984
17213.9000 0.3985
17214.0000 0.3986
17216.5000 0.3988
17217.4000 0.3989
17218.7000 0.3990
17224.2000 0.3991
17230.6000 0.3992
17236.4000 0.3993
17239.0000 0.3994
17242.5000 0.3995
17243.9000 0.3996
17245.8000 0.3997
17245.9000 0.3998
17246.3000 0.3999
17253.2000 0.4000
17264.1000 0.4001
17265.9000 0.4002
17267.7000 0.4003
17274.1000 0.4004
17276.8000 0.4005
17279.5000 0.4006
17279.8000 0.4007
17281.0000 0.4008
17289.9000 0.4009
17290.9000 0.4010
17292.4000 0.4011
17316.1000 0.4013
17317.0000 0.4014
17330.0000 0.4015
17333.2000 0.4016
17342.8000 0.4017
17354.1000 0.4018
17363.9000 0.4019
17364.6000 0.4020
17370.2000 0.4021
17370.3000 0.4022
17378.4000 0.4023
17393.0000 0.4024
17393.3000 0.4025
17394.4000 0.4026
17409.6000 0.4027
17410.6000 0.4028
17413.5000 0.4029
17415.6000 0.4030
17422.9000 0.4031
17426.0000 0.4032
17430.9000 0.4033
17439.9000 0.4034
17442.7000 0.4035
17454.3000 0.4036
17468.4000 0.4038
17469.6000 0.4039
17481.9000 0.4040
17495.0000 0.4041
17496.7000 0.4042
17497.7000 0.4043
17510.4000 0.4044
17515.0000 0.4045
17517.2000 0.4046
17520.7000 0.4047
17527.9000 0.4048
17538.4000 0.4049
17540.1000 0.4050
17550.4000 0.4051
17550.4000 0.4052
17562.7000 0.4053
17564.0000 0.4054
17565.2000 0.4055
17565.5000 0.4056
17569.6000 0.4057
17572.0000 0.4058
17575.8000 0.4059
17576.2000 0.4060
17579.5000 0.4061
17587.7000 0.4063
17589.5000 0.4064
17591.7000 0.4065
17592.8000 0.4066
17595.8000 0.4067
17605.2000 0.4068
17613.3000 0.4069
17616.7000 0.4070
17627.9000 0.4071
17645.3000 0.4072
17646.6000 0.4073
17649.4000 0.4074
17656.6000 0.4075
17669.1000 0.4076
17686.2000 0.4077
17687.5000 0.4078
17701.2000 0.4079
17701.4000 0.4080
17706.1000 0.4081
17707.2000 0.4082
17716.2000 0.4083
17716.4000 0.4084
17718.5000 0.4085
17721.8000 0.4086
17724.9000 0.4088
17731.2000 0.4089
17743.6000 0.4090
17762.1000 0.4091
17763.1000 0.4092
17770.0000 0.4093
17776.4000 0.4094
17780.4000 0.4095
17783.4000 0.4096
17792.1000 0.4097
17793.0000 0.4098
17804.2000 0.4099
17817.0000 0.4100
17818.9000 0.4101
17823.6000 0.4102
17824.0000 0.4103
17824.4000 0.4104
17824.8000 0.4105
17826.2000 0.4106
17828.3000 0.4107
17847.5000 0.4108
17850.3000 0.4109
17858.7000 0.4110
17858.9000 0.4111
17869.3000 0.4113
17876.1000 0.4114
17876.8000 0.4115
17883.0000 0.4116
17886.9000 0.4117
17887.3000 0.4118
17891.4000 0.4119
17892.5000 0.4120
17894.3000 0.4121
17895.3000 0.4122
17897.6000 0.4123
17902.9000 0.4124
17906.9000 0.4125
17911.9000 0.4126
17914.3000 0.4127
17919.7000 0.4128
17925.9000 0.4129
17926.9000 0.4130
17927.0000 0.4131
17929.0000 0.4132
17931.1000 0.4133
17935.2000 0.4134
17935.8000 0.4135
17939.0000 0.4136
17974.1000 0.4138
17989.8000 0.4139
17991.7000 0.4140
17992.5000 0.4141
17998.6000 0.4142
17999.2000 0.4143
18000.0000 0.4144
18002.6000 0.4145
18003.3000 0.4146
18005.1000 0.4147
18016.8000 0.4148
18024.1000 0.4149
18025.5000 0.4150
18032.9000 0.4151
18039.2000 0.4152
18040.8000 0.4153
18041.6000 0.4154
18049.6000 0.4155
18050.0000 0.4156
18053.6000 0.4157
18054.4000 0.4158
18058.0000 0.4159
18058.6000 0.4160
18074.0000 0.4161
18078.2000 0.4163
18083.6000 0.4164
18085.0000 0.4165
18088.9000 0.4166
18100.3000 0.4167
18100.4000 0.4168
18104.3000 0.4169
18105.0000 0.4170
18108.6000 0.4171
18109.7000 0.4172
18118.7000 0.4173
18128.9000 0.4174
18130.9000 0.4175
18134.5000 0.4176
18136.5000 0.4177
18150.9000 0.4178
18152.7000 0.4179
18157.2000 0.4180
18162.9000 0.4181
18173.3000 0.4182
18175.0000 0.4183
18185.4000 0.4184
18186.6000 0.4185
18204.7000 0.4186
18205.7000 0.4188
18207.7000 0.4189
18215.1000 0.4190
18217.5000 0.4191
18221.5000 0.4192
18221.9000 0.4193
18229.8000 0.4194
18232.5000 0.4195
18239.1000 0.4196
18249.1000 0.4197
18272.6000 0.4198
18274.3000 0.4199
18274.7000 0.4200
18282.4000 0.4201
18287.8000 0.4202
18296.6000 0.4203
18301.6000 0.4204
18310.6000 0.4205
18310.7000 0.4206
18321.0000 0.4207
18323.1000 0.4208
18329.9000 0.4209
18330.9000 0.4210
18332.8000 0.4211
18341.4000 0.4213
18342.8000 0.4214
18345.4000 0.4215
18345.6000 0.4216
18354.6000 0.4217
18360.3000 0.4218
18362.9000 0.4219
18365.6000 0.4220
18366.0000 0.4221
18376.8000 0.4222
18396.6000 0.4223
18403.9000 0.4224
18411.4000 0.4225
18411.6000 0.4226
18417.6000 0.4227
18423.4000 0.4228
18428.5000 0.4229
18444.8000 0.4230
18445.6000 0.4231
18451.7000 0.4232
18457.4000 0.4233
18477.2000 0.4234
18497.9000 0.4235
18507.3000 0.4236
18507.6000 0.4238
18516.2000 0.4239
18521.0000 0.4240
18529.8000 0.4241
18529.9000 0.4242
18547.6000 0.4243
18550.5000 0.4244
18550.8000 0.4245
18571.7000 0.4246
18571.9000 0.4247
18573.1000 0.4248
18576.0000 0.4249
18578.8000 0.4250
18579.0000 0.4251
18579.9000 0.4252
18580.8000 0.4253
18585.9000 0.4254
18589.2000 0.4255
18590.0000 0.4256
18593.1000 0.4257
18596.8000 0.4258
18598.6000 0.4259
18599.4000 0.4260
18600.2000 0.4261
18601.2000 0.4263
18603.8000 0.4264
18612.0000 0.4265
18615.7000 0.4266
18617.7000 0.4267
18619.8000 0.4268
18621.6000 0.4269
18627.4000 0.4270
18631.6000 0.4271
18642.8000 0.4272
18644.8000 0.4273
18645.8000 0.4274
18648.1000 0.4275
18653.2000 0.4276
18656.0000 0.4277
18657.4000 0.4278
18664.2000 0.4279
18666.9000 0.4280
18678.9000 0.4281
18682.3000 0.4282
18687.6000 0.4283
18703.4000 0.4284
18710.9000 0.4285
18718.7000 0.4286
18719.9000 0.4288
18721.0000 0.4289
18734.3000 0.4290
18751.4000 0.4291
18751.7000 0.4292
18752.1000 0.4293
18754.9000 0.4294
18757.5000 0.4295
18761.2000 0.4296
18762.0000 0.4297
18763.3000 0.4298
18773.0000 0.4299
18778.7000 0.4300
18791.4000 0.4301
18792.6000 0.4302
18815.3000 0.4303
18820.5000 0.4304
18826.8000 0.4305
18839.9000 0.4306
18851.7000 0.4307
18851.8000 0.4308
18879.4000 0.4309
18884.9000 0.4310
18893.6000 0.4311
18901.6000 0.4313
18916.3000 0.4314
18917.0000 0.4315
18920.6000 0.4316
18928.4000 0.4317
18934.3000 0.4318
18955.5000 0.4319
18966.3000 0.4320
18970.4000 0.4321
18980.0000 0.4322
18984.0000 0.4323
18990.1000 0.4324
19014.8000 0.4325
19016.4000 0.4326
19021.7000 0.4327
19032.1000 0.4328
19047.9000 0.4329
19048.7000 0.4330
19055.3000 0.4331
19058.8000 0.4332
19068.6000 0.4333
19070.2000 0.4334
19071.0000 0.4335
19076.6000 0.4336
19079.7000 0.4338
19080.3000 0.4339
19091.1000 0.4340
19098.4000 0.4341
19100.6000 0.4342
19111.8000 0.4343
19115.6000 0.4344
19122.9000 0.4345
19124.4000 0.4346
19125.0000 0.4347
19126.0000 0.4348
19160.4000 0.4349
19163.4000 0.4350
19163.8000 0.4351
19169.0000 0.4352
19174.4000 0.4353
19178.0000 0.4354
19196.4000 0.4355
19197.8000 0.4356
19205.2000 0.4357
19210.1000 0.4358
19213.2000 0.4359
19218.4000 0.4360
19222.9000 0.4361
19232.8000 0.4363
19234.5000 0.4364
19235.7000 0.4365
19238.6000 0.4366
19262.7000 0.4367
19268.3000 0.4368
19273.9000 0.4369
19275.8000 0.4370
19281.4000 0.4371
19292.7000 0.4372
19295.0000 0.4373
19310.6000 0.4374
19317.7000 0.4375
19326.4000 0.4376
19334.2000 0.4377
19341.5000 0.4378
19344.2000 0.4379
19350.0000 0.4380
19360.8000 0.4381
19362.6000 0.4382
19363.2000 0.4383
19363.5000 0.4384
19364.9000 0.4385
19373.0000 0.4386
19374.7000 0.4388
19390.6000 0.4389
19398.8000 0.4390
19408.4000 0.4391
19412.3000 0.4392
19419.1000 0.4393
19442.8000 0.4394
19442.9000 0.4395
19444.9000 0.4396
19446.0000 0.4397
19468.8000 0.4398
19479.8000 0.4399
19490.0000 0.4400
19502.8000 0.4401
19504.2000 0.4402
19505.8000 0.4403
19513.3000 0.4404
19535.0000 0.4405
19537.9000 0.4406
19538.1000 0.4407
19538.5000 0.4408
19549.1000 0.4409
19552.4000 0.4410
19559.2000 0.4411
19561.2000 0.4413
19574.7000 0.4414
19579.1000 0.4415
19580.8000 0.4416
19590.0000 0.4417
19593.4000 0.4418
19602.1000 0.4419
19633.8000 0.4420
19639.5000 0.4421
19641.2000 0.4422
19654.3000 0.4423
19658.6000 0.4424
19659.4000 0.4425
19663.6000 0.4426
19676.5000 0.4427
19683.9000 0.4428
19690.0000 0.4429
19697.1000 0.4430
19709.7000 0.4431
19712.9000 0.4432
19731.2000 0.4433
19732.7000 0.4434
19737.8000 0.4435
19756.6000 0.4436
19763.2000 0.4438
19770.5000 0.4439
19772.1000 0.4440
19774.6000 0.4441
19777.4000 0.4442
19778.4000 0.4443
19796.5000 0.4444
19800.6000 0.4445
19806.2000 0.4446
19820.3000 0.4447
19826.5000 0.4448
19828.2000 0.4449
19831.0000 0.4450
19833.2000 0.4451
19842.0000 0.4452
19847.4000 0.4453
19852.9000 0.4454
19861.4000 0.4455
19878.8000 0.4456
19879.3000 0.4457
19894.9000 0.4458
19898.9000 0.4459
19901.4000 0.4460
19921.2000 0.4461
19926.1000 0.4463
19926.3000 0.4464
19939.0000 0.4465
19949.7000 0.4466
19957.2000 0.4467
19962.4000 0.4468
19974.4000 0.4469
19983.7000 0.4470
19992.6000 0.4471
20002.9000 0.4472
20005.4000 0.4473
20009.6000 0.4474
20023.7000 0.4475
20036.6000 0.4476
20041.5000 0.4477
20044.4000 0.4478
20049.4000 0.4479
20052.9000 0.4480
20054.8000 0.4481
20055.6000 0.4482
20070.6000 0.4483
20072.4000 0.4484
20084.6000 0.4485
20091.4000 0.4486
20102.5000 0.4488
20114.5000 0.4489
20115.6000 0.4490
20128.2000 0.4491
20146.1000 0.4492
20146.1000 0.4493
20146.3000 0.4494
20155.7000 0.4495
20175.6000 0.4496
20176.5000 0.4497
20176.6000 0.4498
20182.8000 0.4499
20184.2000 0.4500
20186.3000 0.4501
20209.3000 0.4502
20213.2000 0.4503
20225.0000 0.4504
20233.9000 0.4505
20239.8000 0.4506
20239.9000 0.4507
20241.0000 0.4508
20241.9000 0.4509
20244.1000 0.4510
20250.0000 0.4511
20254.8000 0.4513
20260.2000 0.4514
20266.3000 0.4515
20268.1000 0.4516
20269.7000 0.4517
20277.1000 0.4518
20282.5000 0.4519
20286.8000 0.4520
20296.0000 0.4521
20311.5000 0.4522
20312.2000 0.4523
20323.9000 0.4524
20338.8000 0.4525
20365.9000 0.4526
20393.0000 0.4527
20403.9000 0.4528
20410.2000 0.4529
20418.8000 0.4530
20423.6000 0.4531
20429.2000 0.4532
20436.2000 0.4533
20438.4000 0.4534
20438.5000 0.4535
20447.7000 0.4536
20457.1000 0.4538
20465.8000 0.4539
20466.5000 0.4540
20474.0000 0.4541
20478.9000 0.4542
20482.1000 0.4543
20483.8000 0.4544
20490.4000 0.4545
20507.6000 0.4546
20524.4000 0.4547
20528.7000 0.4548
20547.1000 0.4549
20550.4000 0.4550
20570.9000 0.4551
20589.4000 0.4552
20590.1000 0.4553
20596.8000 0.4554
20605.4000 0.4555
20614.7000 0.4556
20619.6000 0.4557
20628.9000 0.4558
20634.5000 0.4559
20639.7000 0.4560
20640.6000 0.4561
20655.4000 0.4563
20673.9000 0.4564
20710.2000 0.4565
20713.9000 0.4566
20727.3000 0.4567
20727.6000 0.4568
20732.5000 0.4569
20732.9000 0.4570
20735.0000 0.4571
20736.8000 0.4572
20748.6000 0.4573
20757.6000 0.4574
20765.7000 0.4575
20775.6000 0.4576
20784.1000 0.4577
20785.3000 0.4578
20822.8000 0.4579
20827.9000 0.4580
20830.6000 0.4581
20850.5000 0.4582
20851.5000 0.4583
20852.9000 0.4584
20861.9000 0.4585
20876.8000 0.4586
20878.8000 0.4588
20881.6000 0.4589
20891.6000 0.4590
20899.9000 0.4591
20903.8000 0.4592
20904.9000 0.4593
20947.8000 0.4594
20951.6000 0.4595
20957.2000 0.4596
20966.9000 0.4597
20970.7000 0.4598
20979.5000 0.4599
20983.8000 0.4600
20985.7000 0.4601
20987.3000 0.4602
21015.3000 0.4603
21030.0000 0.4604
21034.7000 0.4605
21036.6000 0.4606
21044.0000 0.4607
21053.9000 0.4608
21070.5000 0.4609
21070.6000 0.4610
21070.6000 0.4611
21083.1000 0.4613
21099.1000 0.4614
21120.6000 0.4615
21129.7000 0.4616
21133.8000 0.4617
21142.1000 0.4618
21144.8000 0.4619
21152.2000 0.4620
21153.2000 0.4621
21155.1000 0.4622
21171.9000 0.4623
21174.1000 0.4624
21175.4000 0.4625
21195.0000 0.4626
21204.6000 0.4627
21205.0000 0.4628
21216.5000 0.4629
21216.8000 0.4630
21225.3000 0.4631
21226.9000 0.4632
21227.5000 0.4633
21231.8000 0.4634
21236.8000 0.4635
21239.3000 0.4636
21261.1000 0.4638
21261.4000 0.4639
21272.3000 0.4640
21277.0000 0.4641
21278.7000 0.4642
21282.7000 0.4643
21290.6000 0.4644
21294.1000 0.4645
21294.8000 0.4646
21298.6000 0.4647
21300.4000 0.4648
21308.4000 0.4649
21311.5000 0.4650
21316.1000 0.4651
21324.5000 0.4652
21354.5000 0.4653
21384.2000 0.4654
21392.1000 0.4655
21393.1000 0.4656
21399.2000 0.4657
21405.7000 0.4658
21411.8000 0.4659
21430.4000 0.4660
21431.5000 0.4661
21441.4000 0.4663
21441.7000 0.4664
21442.0000 0.4665
21448.8000 0.4666
21462.7000 0.4667
21466.0000 0.4668
21476.8000 0.4669
21481.4000 0.4670
21481.9000 0.4671
21483.7000 0.4672
21490.4000 0.4673
21526.5000 0.4674
21532.8000 0.4675
21543.6000 0.4676
21575.8000 0.4677
21579.2000 0.4678
21582.3000 0.4679
21587.1000 0.4680
21591.4000 0.4681
21597.4000 0.4682
21609.6000 0.4683
21610.2000 0.4684
21617.6000 0.4685
21626.8000 0.4686
21627.5000 0.4688
21638.6000 0.4689
21649.3000 0.4690
21652.6000 0.4691
21666.6000 0.4692
21674.7000 0.4693
21682.3000 0.4694
21696.9000 0.4695
21715.3000 0.4696
21739.6000 0.4697
21766.9000 0.4698
21767.9000 0.4699
21769.0000 0.4700
21770.0000 0.4701
21773.9000 0.4702
21774.3000 0.4703
21775.1000 0.4704
21794.2000 0.4705
21794.9000 0.4706
21795.8000 0.4707
21796.5000 0.4708
21803.6000 0.4709
21806.5000 0.4710
21814.1000 0.4711
21817.8000 0.4713
21820.3000 0.4714
21821.9000 0.4715
21825.9000 0.4716
21827.3000 0.4717
21840.1000 0.4718
21868.3000 0.4719
21871.2000 0.4720
21872.6000 0.4721
21874.2000 0.4722
21879.9000 0.4723
21898.6000 0.4724
21902.9000 0.4725
21917.1000 0.4726
21919.9000 0.4727
21933.2000 0.4728
21944.2000 0.4729
21952.4000 0.4730
21961.6000 0.4731
21978.1000 0.4732
21980.3000 0.4733
21986.9000 0.4734
21994.1000 0.4735
21996.4000 0.4736
21997.6000 0.4738
22011.0000 0.4739
22022.8000 0.4740
22037.1000 0.4741
22050.2000 0.4742
22053.1000 0.4743
22063.6000 0.4744
22065.9000 0.4745
22066.6000 0.4746
22068.1000 0.4747
22077.1000 0.4748
22088.4000 0.4749
22093.7000 0.4750
22099.5000 0.4751
22111.9000 0.4752
22115.0000 0.4753
22116.9000 0.4754
22117.5000 0.4755
22120.6000 0.4756
22123.6000 0.4757
22130.9000 0.4758
22154.4000 0.4759
22167.8000 0.4760
22173.9000 0.4761
22179.8000 0.4763
22210.4000 0.4764
22214.2000 0.4765
22244.9000 0.4766
22264.4000 0.4767
22286.5000 0.4768
22289.1000 0.4769
22299.6000 0.4770
22303.8000 0.4771
22336.1000 0.4772
22338.8000 0.4773
22339.4000 0.4774
22343.2000 0.4775
22354.0000 0.4776
22368.1000 0.4777
22389.6000 0.4778
22390.7000 0.4779
22400.0000 0.4780
22405.4000 0.4781
22432.9000 0.4782
22439.0000 0.4783
22451.0000 0.4784
22473.5000 0.4785
22479.2000 0.4786
22485.2000 0.4788
22490.5000 0.4789
22499.6000 0.4790
22502.5000 0.4791
22518.6000 0.4792
22549.2000 0.4793
22557.0000 0.4794
22579.3000 0.4795
22590.9000 0.4796
22598.7000 0.4797
22646.2000 0.4798
22676.4000 0.4799
22681.0000 0.4800
22690.4000 0.4801
22693.7000 0.4802
22715.6000 0.4803
22731.7000 0.4804
22748.6000 0.4805
22750.4000 0.4806
22760.8000 0.4807
22763.7000 0.4808
22784.4000 0.4809
22800.1000 0.4810
22802.1000 0.4811
22811.0000 0.4813
22825.5000 0.4814
22841.2000 0.4815
22851.5000 0.4816
22873.5000 0.4817
22919.2000 0.4818
22955.5000 0.4819
22965.3000 0.4820
22968.1000 0.4821
22979.9000 0.4822
23017.4000 0.4823
23043.5000 0.4824
23077.0000 0.4825
23082.3000 0.4826
23101.3000 0.4827
23110.9000 0.4828
23127.8000 0.4829
23130.6000 0.4830
23131.5000 0.4831
23142.7000 0.4832
23162.1000 0.4833
23162.8000 0.4834
23173.5000 0.4835
23192.6000 0.4836
23255.4000 0.4838
23264.7000 0.4839
23270.4000 0.4840
23277.3000 0.4841
23285.0000 0.4842
23293.2000 0.4843
23299.6000 0.4844
23305.0000 0.4845
23316.6000 0.4846
23322.7000 0.4847
23327.7000 0.4848
23331.4000 0.4849
23332.6000 0.4850
23333.6000 0.4851
23393.8000 0.4852
23437.7000 0.4853
23441.8000 0.4854
23446.7000 0.4855
23459.4000 0.4856
23460.3000 0.4857
23462.9000 0.4858
23482.8000 0.4859
23484.7000 0.4860
23511.0000 0.4861
23520.7000 0.4863
23524.8000 0.4864
23530.5000 0.4865
23537.0000 0.4866
23539.1000 0.4867
23540.6000 0.4868
23566.8000 0.4869
23582.1000 0.4870
23601.5000 0.4871
23610.6000 0.4872
23619.6000 0.4873
23640.1000 0.4874
23668.8000 0.4875
23672.7000 0.4876
23694.6000 0.4877
23705.6000 0.4878
23734.9000 0.4879
23754.8000 0.4880
23789.6000 0.4881
23798.9000 0.4882
23804.3000 0.4883
23824.2000 0.4884
23833.6000 0.4885
23930.5000 0.4886
23943.6000 0.4888
23954.3000 0.4889
23973.6000 0.4890
24027.9000 0.4891
24044.9000 0.4892
24072.6000 0.4893
24080.1000 0.4894
24141.9000 0.4895
24171.0000 0.4896
24172.7000 0.4897
24189.3000 0.4898
24210.0000 0.4899
24211.6000 0.4900
24217.5000 0.4901
24291.5000 0.4902
24296.9000 0.4903
24305.7000 0.4904
24308.4000 0.4905
24309.9000 0.4906
24360.8000 0.4907
24366.7000 0.4908
24367.0000 0.4909
24382.4000 0.4910
24400.8000 0.4911
24419.4000 0.4913
24446.1000 0.4914
24524.7000 0.4915
24565.5000 0.4916
24569.9000 0.4917
24592.0000 0.4918
24592.6000 0.4919
24626.4000 0.4920
24654.4000 0.4921
24685.8000 0.4922
24701.1000 0.4923
24705.2000 0.4924
24718.1000 0.4925
24764.6000 0.4926
24839.3000 0.4927
24841.7000 0.4928
24854.5000 0.4929
24916.9000 0.4930
24917.1000 0.4931
24934.3000 0.4932
25020.7000 0.4933
25059.4000 0.4934
25078.9000 0.4935
25082.8000 0.4936
25107.4000 0.4938
25111.6000 0.4939
25114.4000 0.4940
25117.1000 0.4941
25137.7000 0.4942
25141.7000 0.4943
25148.4000 0.4944
25154.0000 0.4945
25160.6000 0.4946
25252.5000 0.4947
25281.2000 0.4948
25291.6000 0.4949
25301.7000 0.4950
25327.1000 0.4951
25330.0000 0.4952
25348.2000 0.4953
25359.4000 0.4954
25400.4000 0.4955
25446.7000 0.4956
25492.5000 0.4957
25554.4000 0.4958
25623.7000 0.4959
25878.0000 0.4960
25878.9000 0.4961
25888.6000 0.4963
25910.1000 0.4964
25998.9000 0.4965
26166.2000 0.4966
26233.9000 0.4967
26378.9000 0.4968
26812.0000 0.4969
26814.2000 0.4970
26900.6000 0.4971
26903.7000 0.4972
26973.4000 0.4973
27046.4000 0.4974
27089.1000 0.4975
27252.1000 0.4976
27268.7000 0.4977
27469.1000 0.4978
27798.1000 0.4979
