# messageDelay  cumulativeProbability
1.0000 0.0001
1.0000 0.0002
1.0000 0.0003
1.0000 0.0004
1.0000 0.0005
1.0000 0.0006
1.0000 0.0007
1.0000 0.0008
1.0000 0.0009
1.0000 0.0010
1.0000 0.0011
1.0000 0.0013
1.0000 0.0014
1.0000 0.0015
1.0000 0.0016
1.0000 0.0017
1.0000 0.0018
1.0000 0.0019
1.0000 0.0020
1.0000 0.0021
1.0000 0.0022
1.0000 0.0023
1.0000 0.0024
1.0000 0.0025
1.0000 0.0026
1.0000 0.0027
1.0000 0.0028
1.0000 0.0029
1.0000 0.0030
1.0000 0.0031
1.0000 0.0032
1.0000 0.0033
1.0000 0.0034
1.6000 0.0035
1.7000 0.0036
1.9000 0.0037
2.3000 0.0039
9.1000 0.0040
34.6000 0.0041
37.7000 0.0042
41.8000 0.0043
45.3000 0.0044
47.3000 0.0045
53.1000 0.0046
63.7000 0.0047
64.6000 0.0048
67.4000 0.0049
75.7000 0.0050
79.5000 0.0051
82.5000 0.0052
83.2000 0.0053
93.7000 0.0054
94.2000 0.0055
98.2000 0.0056
106.7000 0.0057
113.6000 0.0058
118.5000 0.0059
121.2000 0.0060
122.6000 0.0061
126.1000 0.0062
128.6000 0.0064
130.9000 0.0065
136.0000 0.0066
136.3000 0.0067
137.2000 0.0068
140.3000 0.0069
145.6000 0.0070
145.9000 0.0071
147.4000 0.0072
147.5000 0.0073
150.9000 0.0074
151.1000 0.0075
154.1000 0.0076
154.3000 0.0077
156.9000 0.0078
167.9000 0.0079
168.0000 0.0080
168.0000 0.0081
173.3000 0.0082
173.8000 0.0083
175.4000 0.0084
178.7000 0.0085
178.8000 0.0086
181.7000 0.0087
182.5000 0.0089
186.1000 0.0090
187.1000 0.0091
189.8000 0.0092
191.8000 0.0093
194.6000 0.0094
198.2000 0.0095
201.3000 0.0096
204.6000 0.0097
205.1000 0.0098
206.4000 0.0099
207.2000 0.0100
208.1000 0.0101
209.3000 0.0102
210.1000 0.0103
211.5000 0.0104
214.5000 0.0105
218.2000 0.0106
223.4000 0.0107
226.7000 0.0108
227.4000 0.0109
228.7000 0.0110
228.7000 0.0111
229.9000 0.0113
230.9000 0.0114
236.6000 0.0115
238.7000 0.0116
239.3000 0.0117
240.5000 0.0118
241.8000 0.0119
242.8000 0.0120
244.7000 0.0121
244.8000 0.0122
246.6000 0.0123
249.2000 0.0124
252.5000 0.0125
252.6000 0.0126
257.8000 0.0127
261.1000 0.0128
263.0000 0.0129
266.8000 0.0130
272.9000 0.0131
274.9000 0.0132
275.6000 0.0133
277.2000 0.0134
280.2000 0.0135
280.8000 0.0136
280.9000 0.0138
281.3000 0.0139
282.0000 0.0140
282.7000 0.0141
284.4000 0.0142
285.4000 0.0143
286.2000 0.0144
286.4000 0.0145
288.9000 0.0146
290.8000 0.0147
291.0000 0.0148
291.2000 0.0149
292.8000 0.0150
294.0000 0.0151
294.7000 0.0152
296.1000 0.0153
297.4000 0.0154
299.4000 0.0155
300.3000 0.0156
301.6000 0.0157
301.7000 0.0158
303.2000 0.0159
306.5000 0.0160
312.9000 0.0161
314.9000 0.0163
316.4000 0.0164
318.0000 0.0165
318.5000 0.0166
322.3000 0.0167
324.9000 0.0168
326.9000 0.0169
329.2000 0.0170
330.6000 0.0171
330.7000 0.0172
330.9000 0.0173
332.2000 0.0174
333.8000 0.0175
334.1000 0.0176
334.8000 0.0177
335.2000 0.0178
336.4000 0.0179
336.6000 0.0180
338.8000 0.0181
339.8000 0.0182
339.9000 0.0183
341.1000 0.0184
341.1000 0.0185
342.4000 0.0186
343.8000 0.0188
345.5000 0.0189
346.4000 0.0190
347.9000 0.0191
349.2000 0.0192
350.1000 0.0193
351.5000 0.0194
360.3000 0.0195
360.5000 0.0196
362.3000 0.0197
362.8000 0.0198
366.8000 0.0199
367.6000 0.0200
370.6000 0.0201
371.0000 0.0202
371.5000 0.0203
372.9000 0.0204
373.7000 0.0205
374.1000 0.0206
374.6000 0.0207
375.3000 0.0208
375.6000 0.0209
375.7000 0.0210
376.5000 0.0211
376.7000 0.0212
378.8000 0.0214
380.0000 0.0215
381.5000 0.0216
383.1000 0.0217
383.5000 0.0218
384.1000 0.0219
384.7000 0.0220
384.8000 0.0221
386.6000 0.0222
390.2000 0.0223
391.9000 0.0224
392.3000 0.0225
395.6000 0.0226
397.2000 0.0227
397.3000 0.0228
398.7000 0.0229
399.5000 0.0230
402.6000 0.0231
403.6000 0.0232
404.2000 0.0233
404.5000 0.0234
406.3000 0.0235
407.9000 0.0236
408.7000 0.0237
409.8000 0.0239
410.0000 0.0240
413.9000 0.0241
415.3000 0.0242
417.5000 0.0243
417.7000 0.0244
420.3000 0.0245
420.8000 0.0246
423.8000 0.0247
426.8000 0.0248
428.7000 0.0249
429.6000 0.0250
429.8000 0.0251
431.9000 0.0252
433.6000 0.0253
436.9000 0.0254
437.1000 0.0255
440.3000 0.0256
440.6000 0.0257
441.0000 0.0258
441.5000 0.0259
441.7000 0.0260
442.6000 0.0261
443.4000 0.0262
443.5000 0.0264
443.6000 0.0265
445.0000 0.0266
446.4000 0.0267
448.1000 0.0268
448.3000 0.0269
449.4000 0.0270
452.4000 0.0271
454.5000 0.0272
457.1000 0.0273
457.7000 0.0274
458.4000 0.0275
459.9000 0.0276
461.9000 0.0277
461.9000 0.0278
462.7000 0.0279
463.0000 0.0280
463.6000 0.0281
464.4000 0.0282
464.5000 0.0283
465.5000 0.0284
465.6000 0.0285
465.9000 0.0286
469.7000 0.0287
470.4000 0.0289
470.4000 0.0290
471.7000 0.0291
476.6000 0.0292
476.8000 0.0293
478.7000 0.0294
481.5000 0.0295
482.0000 0.0296
483.9000 0.0297
483.9000 0.0298
486.9000 0.0299
487.4000 0.0300
487.6000 0.0301
488.2000 0.0302
488.6000 0.0303
489.2000 0.0304
490.4000 0.0305
491.2000 0.0306
491.5000 0.0307
492.1000 0.0308
492.6000 0.0309
494.4000 0.0310
494.9000 0.0311
497.6000 0.0312
498.0000 0.0314
498.2000 0.0315
498.4000 0.0316
498.8000 0.0317
500.0000 0.0318
500.2000 0.0319
503.2000 0.0320
503.7000 0.0321
503.9000 0.0322
505.9000 0.0323
507.6000 0.0324
508.0000 0.0325
508.0000 0.0326
509.3000 0.0327
513.1000 0.0328
513.8000 0.0329
515.1000 0.0330
515.5000 0.0331
516.2000 0.0332
516.8000 0.0333
517.8000 0.0334
520.3000 0.0335
520.6000 0.0336
521.2000 0.0337
521.8000 0.0339
521.9000 0.0340
522.1000 0.0341
522.5000 0.0342
522.9000 0.0343
523.4000 0.0344
524.1000 0.0345
524.3000 0.0346
525.5000 0.0347
526.3000 0.0348
526.8000 0.0349
527.1000 0.0350
527.5000 0.0351
528.2000 0.0352
528.9000 0.0353
530.2000 0.0354
530.3000 0.0355
530.7000 0.0356
532.7000 0.0357
533.3000 0.0358
535.9000 0.0359
536.7000 0.0360
539.1000 0.0361
539.6000 0.0362
541.8000 0.0364
542.2000 0.0365
542.4000 0.0366
543.2000 0.0367
546.1000 0.0368
547.0000 0.0369
549.1000 0.0370
549.2000 0.0371
550.4000 0.0372
550.4000 0.0373
551.5000 0.0374
552.4000 0.0375
552.7000 0.0376
554.3000 0.0377
554.6000 0.0378
556.2000 0.0379
556.4000 0.0380
560.9000 0.0381
561.8000 0.0382
562.1000 0.0383
562.9000 0.0384
563.2000 0.0385
564.5000 0.0386
564.9000 0.0388
566.8000 0.0389
567.2000 0.0390
568.9000 0.0391
569.2000 0.0392
569.3000 0.0393
571.3000 0.0394
571.6000 0.0395
571.7000 0.0396
574.8000 0.0397
576.8000 0.0398
576.8000 0.0399
577.1000 0.0400
577.4000 0.0401
577.4000 0.0402
577.7000 0.0403
579.0000 0.0404
580.1000 0.0405
580.5000 0.0406
582.2000 0.0407
583.0000 0.0408
583.1000 0.0409
586.4000 0.0410
587.5000 0.0411
587.7000 0.0413
589.6000 0.0414
589.9000 0.0415
591.4000 0.0416
591.4000 0.0417
592.1000 0.0418
594.6000 0.0419
596.0000 0.0420
596.8000 0.0421
597.4000 0.0422
597.6000 0.0423
597.7000 0.0424
598.6000 0.0425
599.1000 0.0426
599.6000 0.0427
599.7000 0.0428
600.9000 0.0429
601.1000 0.0430
602.4000 0.0431
603.2000 0.0432
606.0000 0.0433
607.0000 0.0434
610.2000 0.0435
610.9000 0.0436
611.5000 0.0438
613.3000 0.0439
614.4000 0.0440
614.8000 0.0441
615.7000 0.0442
618.8000 0.0443
618.9000 0.0444
623.8000 0.0445
624.7000 0.0446
626.1000 0.0447
626.7000 0.0448
627.3000 0.0449
628.5000 0.0450
630.4000 0.0451
630.8000 0.0452
630.9000 0.0453
631.7000 0.0454
632.1000 0.0455
632.1000 0.0456
632.3000 0.0457
632.6000 0.0458
632.6000 0.0459
635.1000 0.0460
635.4000 0.0461
635.9000 0.0463
638.2000 0.0464
638.8000 0.0465
638.9000 0.0466
640.6000 0.0467
643.5000 0.0468
645.6000 0.0469
646.2000 0.0470
648.2000 0.0471
651.3000 0.0472
653.0000 0.0473
653.2000 0.0474
655.9000 0.0475
657.0000 0.0476
657.6000 0.0477
658.4000 0.0478
659.2000 0.0479
660.5000 0.0480
661.3000 0.0481
664.1000 0.0482
665.8000 0.0483
665.9000 0.0484
666.1000 0.0485
666.6000 0.0486
668.5000 0.0488
669.3000 0.0489
670.0000 0.0490
671.4000 0.0491
671.9000 0.0492
673.4000 0.0493
673.6000 0.0494
676.1000 0.0495
676.5000 0.0496
677.1000 0.0497
677.4000 0.0498
678.5000 0.0499
681.4000 0.0500
682.0000 0.0501
683.3000 0.0502
683.6000 0.0503
683.8000 0.0504
684.3000 0.0505
685.2000 0.0506
686.0000 0.0507
688.7000 0.0508
688.9000 0.0509
689.2000 0.0510
690.0000 0.0511
693.4000 0.0513
696.5000 0.0514
697.2000 0.0515
698.8000 0.0516
701.3000 0.0517
702.2000 0.0518
702.7000 0.0519
702.9000 0.0520
703.7000 0.0521
706.5000 0.0522
710.1000 0.0523
710.9000 0.0524
712.1000 0.0525
713.3000 0.0526
714.2000 0.0527
714.6000 0.0528
717.8000 0.0529
719.0000 0.0530
719.6000 0.0531
719.8000 0.0532
719.9000 0.0533
721.0000 0.0534
721.9000 0.0535
722.2000 0.0536
723.6000 0.0538
723.9000 0.0539
724.9000 0.0540
725.9000 0.0541
726.9000 0.0542
729.4000 0.0543
732.1000 0.0544
732.1000 0.0545
735.2000 0.0546
736.5000 0.0547
736.5000 0.0548
737.0000 0.0549
738.1000 0.0550
738.4000 0.0551
739.6000 0.0552
740.3000 0.0553
740.4000 0.0554
740.5000 0.0555
740.7000 0.0556
741.2000 0.0557
741.4000 0.0558
742.5000 0.0559
742.9000 0.0560
742.9000 0.0561
743.2000 0.0563
745.0000 0.0564
745.2000 0.0565
746.6000 0.0566
747.5000 0.0567
749.0000 0.0568
749.4000 0.0569
749.9000 0.0570
750.0000 0.0571
750.7000 0.0572
752.0000 0.0573
752.6000 0.0574
752.9000 0.0575
753.0000 0.0576
754.0000 0.0577
755.2000 0.0578
755.3000 0.0579
755.6000 0.0580
755.7000 0.0581
756.2000 0.0582
756.3000 0.0583
757.0000 0.0584
759.1000 0.0585
760.6000 0.0586
762.3000 0.0588
762.5000 0.0589
763.0000 0.0590
763.4000 0.0591
763.5000 0.0592
764.2000 0.0593
768.3000 0.0594
770.7000 0.0595
771.4000 0.0596
772.5000 0.0597
772.6000 0.0598
774.1000 0.0599
774.9000 0.0600
776.2000 0.0601
776.8000 0.0602
776.9000 0.0603
780.3000 0.0604
780.6000 0.0605
782.1000 0.0606
782.9000 0.0607
783.4000 0.0608
783.7000 0.0609
784.8000 0.0610
785.2000 0.0611
785.5000 0.0613
786.4000 0.0614
786.6000 0.0615
787.3000 0.0616
787.9000 0.0617
788.4000 0.0618
789.8000 0.0619
792.5000 0.0620
793.6000 0.0621
794.5000 0.0622
798.4000 0.0623
798.9000 0.0624
798.9000 0.0625
799.2000 0.0626
799.6000 0.0627
800.1000 0.0628
801.3000 0.0629
804.9000 0.0630
807.2000 0.0631
807.4000 0.0632
807.9000 0.0633
810.9000 0.0634
812.4000 0.0635
812.6000 0.0636
812.8000 0.0638
813.1000 0.0639
814.3000 0.0640
814.5000 0.0641
814.6000 0.0642
816.7000 0.0643
816.8000 0.0644
818.4000 0.0645
819.1000 0.0646
819.6000 0.0647
820.5000 0.0648
820.6000 0.0649
820.9000 0.0650
820.9000 0.0651
821.0000 0.0652
821.7000 0.0653
821.7000 0.0654
822.1000 0.0655
825.8000 0.0656
826.7000 0.0657
828.7000 0.0658
829.3000 0.0659
830.3000 0.0660
831.4000 0.0661
831.6000 0.0663
835.5000 0.0664
837.2000 0.0665
839.4000 0.0666
840.5000 0.0667
841.1000 0.0668
841.6000 0.0669
842.0000 0.0670
842.9000 0.0671
843.5000 0.0672
843.6000 0.0673
844.1000 0.0674
844.4000 0.0675
844.4000 0.0676
844.8000 0.0677
846.0000 0.0678
846.4000 0.0679
848.4000 0.0680
849.0000 0.0681
849.0000 0.0682
849.7000 0.0683
850.6000 0.0684
851.3000 0.0685
853.4000 0.0686
855.6000 0.0688
856.6000 0.0689
858.0000 0.0690
858.1000 0.0691
858.1000 0.0692
860.6000 0.0693
862.7000 0.0694
865.0000 0.0695
868.6000 0.0696
868.6000 0.0697
869.0000 0.0698
869.9000 0.0699
870.4000 0.0700
871.2000 0.0701
874.7000 0.0702
876.2000 0.0703
877.4000 0.0704
879.4000 0.0705
882.5000 0.0706
883.4000 0.0707
886.8000 0.0708
887.4000 0.0709
887.7000 0.0710
890.6000 0.0711
894.4000 0.0713
895.1000 0.0714
895.8000 0.0715
898.1000 0.0716
898.2000 0.0717
899.7000 0.0718
899.7000 0.0719
901.1000 0.0720
901.2000 0.0721
901.8000 0.0722
904.7000 0.0723
904.9000 0.0724
904.9000 0.0725
905.2000 0.0726
905.4000 0.0727
907.5000 0.0728
907.8000 0.0729
908.2000 0.0730
910.0000 0.0731
911.1000 0.0732
911.3000 0.0733
913.4000 0.0734
914.2000 0.0735
914.9000 0.0736
915.4000 0.0738
916.8000 0.0739
917.7000 0.0740
919.4000 0.0741
919.5000 0.0742
921.6000 0.0743
921.6000 0.0744
922.3000 0.0745
922.5000 0.0746
923.7000 0.0747
924.3000 0.0748
924.6000 0.0749
926.1000 0.0750
926.5000 0.0751
926.9000 0.0752
929.1000 0.0753
931.2000 0.0754
936.5000 0.0755
937.2000 0.0756
937.6000 0.0757
939.5000 0.0758
940.8000 0.0759
940.9000 0.0760
942.2000 0.0761
942.2000 0.0763
942.6000 0.0764
942.6000 0.0765
945.4000 0.0766
945.6000 0.0767
946.2000 0.0768
948.0000 0.0769
948.9000 0.0770
949.0000 0.0771
949.4000 0.0772
951.1000 0.0773
952.7000 0.0774
953.8000 0.0775
955.1000 0.0776
955.8000 0.0777
956.1000 0.0778
956.2000 0.0779
957.5000 0.0780
957.5000 0.0781
958.4000 0.0782
958.8000 0.0783
959.8000 0.0784
960.7000 0.0785
960.8000 0.0786
960.9000 0.0788
962.1000 0.0789
962.4000 0.0790
962.4000 0.0791
962.7000 0.0792
962.8000 0.0793
963.4000 0.0794
963.4000 0.0795
963.7000 0.0796
963.9000 0.0797
967.1000 0.0798
968.4000 0.0799
968.8000 0.0800
969.4000 0.0801
972.0000 0.0802
973.3000 0.0803
973.4000 0.0804
974.6000 0.0805
977.1000 0.0806
977.6000 0.0807
977.6000 0.0808
981.4000 0.0809
981.4000 0.0810
981.4000 0.0811
981.9000 0.0813
983.0000 0.0814
984.7000 0.0815
985.1000 0.0816
985.2000 0.0817
986.7000 0.0818
987.6000 0.0819
987.9000 0.0820
989.3000 0.0821
989.4000 0.0822
993.7000 0.0823
994.7000 0.0824
995.6000 0.0825
995.9000 0.0826
996.4000 0.0827
998.2000 0.0828
998.3000 0.0829
998.4000 0.0830
999.8000 0.0831
1000.0000 0.0832
1002.3000 0.0833
1003.2000 0.0834
1003.9000 0.0835
1008.6000 0.0836
1009.2000 0.0838
1009.2000 0.0839
1013.9000 0.0840
1014.1000 0.0841
1014.8000 0.0842
1015.2000 0.0843
1016.7000 0.0844
1017.1000 0.0845
1020.0000 0.0846
1021.0000 0.0847
1023.4000 0.0848
1026.7000 0.0849
1033.0000 0.0850
1033.3000 0.0851
1034.6000 0.0852
1035.8000 0.0853
1036.6000 0.0854
1037.0000 0.0855
1037.7000 0.0856
1037.7000 0.0857
1038.2000 0.0858
1038.2000 0.0859
1040.1000 0.0860
1040.7000 0.0861
1041.1000 0.0863
1043.2000 0.0864
1043.9000 0.0865
1045.6000 0.0866
1046.0000 0.0867
1046.9000 0.0868
1048.2000 0.0869
1050.3000 0.0870
1052.5000 0.0871
1053.4000 0.0872
1054.0000 0.0873
1054.1000 0.0874
1055.3000 0.0875
1063.5000 0.0876
1064.5000 0.0877
1065.1000 0.0878
1066.9000 0.0879
1066.9000 0.0880
1069.1000 0.0881
1073.4000 0.0882
1076.2000 0.0883
1077.5000 0.0884
1080.9000 0.0885
1082.2000 0.0886
1082.2000 0.0888
1083.1000 0.0889
1083.9000 0.0890
1084.1000 0.0891
1084.7000 0.0892
1086.1000 0.0893
1086.4000 0.0894
1087.7000 0.0895
1088.3000 0.0896
1088.6000 0.0897
1088.9000 0.0898
1089.0000 0.0899
1091.5000 0.0900
1092.6000 0.0901
1092.7000 0.0902
1094.6000 0.0903
1094.7000 0.0904
1095.3000 0.0905
1095.6000 0.0906
1098.6000 0.0907
1102.2000 0.0908
1102.3000 0.0909
1102.3000 0.0910
1104.1000 0.0911
1105.0000 0.0913
1105.6000 0.0914
1105.6000 0.0915
1106.7000 0.0916
1106.7000 0.0917
1110.6000 0.0918
1110.9000 0.0919
1111.4000 0.0920
1112.1000 0.0921
1112.6000 0.0922
1114.2000 0.0923
1114.3000 0.0924
1114.5000 0.0925
1114.9000 0.0926
1116.4000 0.0927
1116.7000 0.0928
1117.0000 0.0929
1117.0000 0.0930
1117.9000 0.0931
1118.6000 0.0932
1119.4000 0.0933
1119.8000 0.0934
1120.7000 0.0935
1122.4000 0.0936
1122.7000 0.0938
1123.3000 0.0939
1124.2000 0.0940
1124.6000 0.0941
1125.4000 0.0942
1126.7000 0.0943
1127.5000 0.0944
1128.7000 0.0945
1130.9000 0.0946
1131.2000 0.0947
1131.9000 0.0948
1132.6000 0.0949
1134.9000 0.0950
1135.2000 0.0951
1135.2000 0.0952
1137.9000 0.0953
1139.9000 0.0954
1140.7000 0.0955
1140.8000 0.0956
1142.4000 0.0957
1142.5000 0.0958
1144.4000 0.0959
1144.6000 0.0960
1148.8000 0.0961
1150.2000 0.0963
1150.6000 0.0964
1151.2000 0.0965
1151.3000 0.0966
1152.8000 0.0967
1153.4000 0.0968
1153.6000 0.0969
1154.6000 0.0970
1155.7000 0.0971
1156.0000 0.0972
1156.4000 0.0973
1156.5000 0.0974
1159.4000 0.0975
1160.7000 0.0976
1167.4000 0.0977
1167.5000 0.0978
1168.6000 0.0979
1169.0000 0.0980
1169.3000 0.0981
1171.0000 0.0982
1171.4000 0.0983
1171.7000 0.0984
1172.1000 0.0985
1173.6000 0.0986
1175.0000 0.0988
1175.1000 0.0989
1175.4000 0.0990
1176.1000 0.0991
1177.3000 0.0992
1179.3000 0.0993
1180.5000 0.0994
1181.6000 0.0995
1181.9000 0.0996
1182.2000 0.0997
1182.2000 0.0998
1184.6000 0.0999
1185.3000 0.1000
1185.5000 0.1001
1185.7000 0.1002
1186.3000 0.1003
1187.6000 0.1004
1187.6000 0.1005
1188.2000 0.1006
1189.5000 0.1007
1189.9000 0.1008
1191.5000 0.1009
1193.5000 0.1010
1194.5000 0.1011
1194.5000 0.1013
1195.7000 0.1014
1197.1000 0.1015
1197.1000 0.1016
1197.4000 0.1017
1197.6000 0.1018
1197.9000 0.1019
1199.3000 0.1020
1199.4000 0.1021
1199.6000 0.1022
1199.6000 0.1023
1200.4000 0.1024
1200.5000 0.1025
1201.2000 0.1026
1202.4000 0.1027
1202.5000 0.1028
1202.5000 0.1029
1202.7000 0.1030
1204.2000 0.1031
1206.5000 0.1032
1207.0000 0.1033
1208.3000 0.1034
1208.6000 0.1035
1210.3000 0.1036
1212.5000 0.1038
1215.5000 0.1039
1216.3000 0.1040
1217.4000 0.1041
1220.1000 0.1042
1220.6000 0.1043
1224.2000 0.1044
1226.8000 0.1045
1227.6000 0.1046
1227.7000 0.1047
1227.8000 0.1048
1228.4000 0.1049
1229.5000 0.1050
1234.8000 0.1051
1236.8000 0.1052
1237.7000 0.1053
1239.5000 0.1054
1239.7000 0.1055
1239.9000 0.1056
1240.3000 0.1057
1243.9000 0.1058
1246.9000 0.1059
1247.5000 0.1060
1247.7000 0.1061
1248.6000 0.1063
1249.2000 0.1064
1249.8000 0.1065
1251.3000 0.1066
1252.6000 0.1067
1252.8000 0.1068
1253.0000 0.1069
1253.2000 0.1070
1254.2000 0.1071
1256.1000 0.1072
1256.7000 0.1073
1257.0000 0.1074
1257.5000 0.1075
1258.0000 0.1076
1258.1000 0.1077
1259.5000 0.1078
1260.1000 0.1079
1260.2000 0.1080
1261.5000 0.1081
1262.3000 0.1082
1266.3000 0.1083
1267.0000 0.1084
1267.4000 0.1085
1269.0000 0.1086
1269.4000 0.1088
1271.1000 0.1089
1272.3000 0.1090
1274.2000 0.1091
1276.1000 0.1092
1276.5000 0.1093
1278.2000 0.1094
1279.9000 0.1095
1280.5000 0.1096
1282.5000 0.1097
1285.8000 0.1098
1292.4000 0.1099
1292.7000 0.1100
1294.1000 0.1101
1295.3000 0.1102
1296.2000 0.1103
1296.7000 0.1104
1297.2000 0.1105
1297.5000 0.1106
1297.7000 0.1107
1297.7000 0.1108
1298.2000 0.1109
1299.4000 0.1110
1299.5000 0.1111
1300.3000 0.1113
1300.6000 0.1114
1301.4000 0.1115
1306.2000 0.1116
1306.6000 0.1117
1308.9000 0.1118
1309.2000 0.1119
1310.0000 0.1120
1310.8000 0.1121
1311.5000 0.1122
1311.7000 0.1123
1314.0000 0.1124
1314.5000 0.1125
1316.5000 0.1126
1317.1000 0.1127
1317.3000 0.1128
1319.4000 0.1129
1320.4000 0.1130
1321.6000 0.1131
1322.2000 0.1132
1322.3000 0.1133
1326.6000 0.1134
1327.9000 0.1135
1329.2000 0.1136
1329.5000 0.1138
1329.6000 0.1139
1330.3000 0.1140
1331.0000 0.1141
1334.5000 0.1142
1335.9000 0.1143
1335.9000 0.1144
1337.2000 0.1145
1340.3000 0.1146
1340.7000 0.1147
1344.3000 0.1148
1345.4000 0.1149
1345.5000 0.1150
1347.3000 0.1151
1347.6000 0.1152
1348.3000 0.1153
1350.7000 0.1154
1351.3000 0.1155
1353.2000 0.1156
1354.6000 0.1157
1356.2000 0.1158
1357.7000 0.1159
1358.5000 0.1160
1359.0000 0.1161
1359.0000 0.1163
1360.2000 0.1164
1361.1000 0.1165
1362.1000 0.1166
1362.1000 0.1167
1362.1000 0.1168
1362.9000 0.1169
1365.7000 0.1170
1366.6000 0.1171
1368.0000 0.1172
1370.2000 0.1173
1370.4000 0.1174
1371.0000 0.1175
1372.1000 0.1176
1373.4000 0.1177
1375.9000 0.1178
1377.3000 0.1179
1378.7000 0.1180
1379.2000 0.1181
1379.2000 0.1182
1379.5000 0.1183
1380.0000 0.1184
1383.8000 0.1185
1384.2000 0.1186
1385.4000 0.1188
1385.6000 0.1189
1388.6000 0.1190
1388.9000 0.1191
1389.4000 0.1192
1392.3000 0.1193
1393.5000 0.1194
1394.5000 0.1195
1395.7000 0.1196
1396.4000 0.1197
1396.4000 0.1198
1396.9000 0.1199
1399.3000 0.1200
1399.4000 0.1201
1401.1000 0.1202
1401.1000 0.1203
1403.5000 0.1204
1404.0000 0.1205
1404.3000 0.1206
1405.4000 0.1207
1407.9000 0.1208
1408.0000 0.1209
1408.3000 0.1210
1408.7000 0.1211
1410.0000 0.1213
1410.4000 0.1214
1411.6000 0.1215
1412.0000 0.1216
1412.9000 0.1217
1414.1000 0.1218
1414.5000 0.1219
1414.7000 0.1220
1415.0000 0.1221
1420.3000 0.1222
1421.0000 0.1223
1422.1000 0.1224
1423.1000 0.1225
1423.1000 0.1226
1427.0000 0.1227
1429.6000 0.1228
1429.7000 0.1229
1433.0000 0.1230
1433.5000 0.1231
1433.7000 0.1232
1436.4000 0.1233
1437.0000 0.1234
1438.8000 0.1235
1441.5000 0.1236
1441.9000 0.1238
1442.4000 0.1239
1443.6000 0.1240
1444.9000 0.1241
1445.4000 0.1242
1449.3000 0.1243
1449.5000 0.1244
1450.8000 0.1245
1451.0000 0.1246
1452.4000 0.1247
1453.3000 0.1248
1453.3000 0.1249
1458.0000 0.1250
1458.7000 0.1251
1459.0000 0.1252
1460.2000 0.1253
1461.8000 0.1254
1462.9000 0.1255
1463.2000 0.1256
1466.3000 0.1257
1468.7000 0.1258
1469.2000 0.1259
1471.7000 0.1260
1472.8000 0.1261
1476.3000 0.1263
1479.1000 0.1264
1479.3000 0.1265
1479.9000 0.1266
1480.5000 0.1267
1481.0000 0.1268
1481.6000 0.1269
1483.1000 0.1270
1484.4000 0.1271
1487.1000 0.1272
1488.0000 0.1273
1488.6000 0.1274
1489.4000 0.1275
1492.5000 0.1276
1493.0000 0.1277
1494.5000 0.1278
1495.7000 0.1279
1496.6000 0.1280
1498.4000 0.1281
1498.5000 0.1282
1500.0000 0.1283
1501.5000 0.1284
1503.0000 0.1285
1508.0000 0.1286
1508.4000 0.1288
1508.7000 0.1289
1512.0000 0.1290
1512.1000 0.1291
1513.0000 0.1292
1515.2000 0.1293
1515.3000 0.1294
1515.3000 0.1295
1518.8000 0.1296
1519.3000 0.1297
1519.4000 0.1298
1519.4000 0.1299
1520.7000 0.1300
1521.0000 0.1301
1521.7000 0.1302
1522.3000 0.1303
1522.8000 0.1304
1523.7000 0.1305
1524.1000 0.1306
1524.8000 0.1307
1525.3000 0.1308
1530.1000 0.1309
1530.4000 0.1310
1531.0000 0.1311
1532.8000 0.1313
1533.4000 0.1314
1534.4000 0.1315
1534.8000 0.1316
1535.5000 0.1317
1537.1000 0.1318
1540.7000 0.1319
1541.4000 0.1320
1544.0000 0.1321
1545.8000 0.1322
1546.0000 0.1323
1548.9000 0.1324
1553.2000 0.1325
1553.6000 0.1326
1556.2000 0.1327
1558.3000 0.1328
1559.0000 0.1329
1559.2000 0.1330
1559.4000 0.1331
1563.4000 0.1332
1564.7000 0.1333
1566.5000 0.1334
1567.4000 0.1335
1568.4000 0.1336
1569.1000 0.1338
1570.3000 0.1339
1570.6000 0.1340
1571.6000 0.1341
1571.7000 0.1342
1573.1000 0.1343
1573.2000 0.1344
1577.9000 0.1345
1580.2000 0.1346
1581.3000 0.1347
1582.6000 0.1348
1583.2000 0.1349
1584.4000 0.1350
1589.4000 0.1351
1590.0000 0.1352
1591.6000 0.1353
1592.4000 0.1354
1593.6000 0.1355
1594.1000 0.1356
1594.8000 0.1357
1595.8000 0.1358
1596.4000 0.1359
1596.5000 0.1360
1597.9000 0.1361
1604.1000 0.1363
1606.7000 0.1364
1608.2000 0.1365
1609.0000 0.1366
1611.4000 0.1367
1612.0000 0.1368
1613.5000 0.1369
1616.1000 0.1370
1617.5000 0.1371
1617.7000 0.1372
1621.0000 0.1373
1621.8000 0.1374
1623.6000 0.1375
1623.7000 0.1376
1624.7000 0.1377
1626.2000 0.1378
1626.3000 0.1379
1626.6000 0.1380
1626.9000 0.1381
1629.1000 0.1382
1631.9000 0.1383
1634.2000 0.1384
1634.5000 0.1385
1635.9000 0.1386
1637.7000 0.1388
1640.5000 0.1389
1640.6000 0.1390
1640.9000 0.1391
1641.3000 0.1392
1642.2000 0.1393
1643.4000 0.1394
1644.3000 0.1395
1646.3000 0.1396
1647.8000 0.1397
1651.6000 0.1398
1655.8000 0.1399
1660.1000 0.1400
1663.9000 0.1401
1667.3000 0.1402
1668.6000 0.1403
1669.6000 0.1404
1671.7000 0.1405
1672.5000 0.1406
1673.7000 0.1407
1674.0000 0.1408
1675.9000 0.1409
1676.9000 0.1410
1677.1000 0.1411
1677.7000 0.1413
1678.3000 0.1414
1682.2000 0.1415
1682.3000 0.1416
1684.1000 0.1417
1685.7000 0.1418
1685.9000 0.1419
1688.3000 0.1420
1689.1000 0.1421
1691.0000 0.1422
1691.2000 0.1423
1691.9000 0.1424
1695.6000 0.1425
1700.7000 0.1426
1702.7000 0.1427
1704.6000 0.1428
1705.1000 0.1429
1706.1000 0.1430
1709.0000 0.1431
1709.5000 0.1432
1713.7000 0.1433
1713.8000 0.1434
1714.6000 0.1435
1715.1000 0.1436
1715.7000 0.1437
1720.0000 0.1439
1723.3000 0.1440
1727.5000 0.1441
1729.1000 0.1442
1729.9000 0.1443
1731.6000 0.1444
1732.4000 0.1445
1733.0000 0.1446
1734.5000 0.1447
1735.0000 0.1448
1736.0000 0.1449
1737.9000 0.1450
1742.2000 0.1451
1742.4000 0.1452
1743.4000 0.1453
1745.1000 0.1454
1747.9000 0.1455
1748.2000 0.1456
1748.7000 0.1457
1752.5000 0.1458
1752.9000 0.1459
1757.5000 0.1460
1758.0000 0.1461
1759.6000 0.1462
1762.0000 0.1464
1763.3000 0.1465
1766.1000 0.1466
1766.3000 0.1467
1770.1000 0.1468
1774.2000 0.1469
1776.2000 0.1470
1779.0000 0.1471
1787.1000 0.1472
1787.8000 0.1473
1788.1000 0.1474
1789.7000 0.1475
1791.0000 0.1476
1792.5000 0.1477
1796.4000 0.1478
1796.4000 0.1479
1800.6000 0.1480
1800.8000 0.1481
1802.8000 0.1482
1803.4000 0.1483
1803.9000 0.1484
1804.6000 0.1485
1804.7000 0.1486
1805.2000 0.1487
1807.7000 0.1489
1809.6000 0.1490
1810.5000 0.1491
1812.7000 0.1492
1814.0000 0.1493
1816.2000 0.1494
1816.7000 0.1495
1819.8000 0.1496
1825.3000 0.1497
1826.2000 0.1498
1829.3000 0.1499
1830.3000 0.1500
1830.4000 0.1501
1830.8000 0.1502
1835.9000 0.1503
1840.5000 0.1504
1846.4000 0.1505
1846.9000 0.1506
1847.5000 0.1507
1853.6000 0.1508
1857.0000 0.1509
1857.2000 0.1510
1857.9000 0.1511
1860.1000 0.1512
1863.1000 0.1514
1869.4000 0.1515
1881.2000 0.1516
1883.8000 0.1517
1885.8000 0.1518
1892.7000 0.1519
1893.5000 0.1520
1894.9000 0.1521
1895.5000 0.1522
1900.5000 0.1523
1902.6000 0.1524
1903.1000 0.1525
1903.3000 0.1526
1903.8000 0.1527
1905.4000 0.1528
1906.5000 0.1529
1908.9000 0.1530
1909.4000 0.1531
1912.2000 0.1532
1916.2000 0.1533
1917.3000 0.1534
1917.3000 0.1535
1918.0000 0.1536
1924.8000 0.1537
1927.4000 0.1539
1930.5000 0.1540
1932.9000 0.1541
1938.9000 0.1542
1941.9000 0.1543
1943.4000 0.1544
1944.7000 0.1545
1950.5000 0.1546
1951.0000 0.1547
1961.5000 0.1548
1964.0000 0.1549
1969.1000 0.1550
1975.8000 0.1551
1977.8000 0.1552
1978.4000 0.1553
1986.0000 0.1554
1987.7000 0.1555
1987.9000 0.1556
1988.1000 0.1557
1990.0000 0.1558
1993.7000 0.1559
1996.6000 0.1560
1999.4000 0.1561
2001.1000 0.1562
2005.2000 0.1564
2008.0000 0.1565
2009.1000 0.1566
2013.9000 0.1567
2023.7000 0.1568
2025.5000 0.1569
2029.2000 0.1570
2029.7000 0.1571
2033.0000 0.1572
2045.8000 0.1573
2055.2000 0.1574
2057.1000 0.1575
2057.9000 0.1576
2062.7000 0.1577
2065.7000 0.1578
2069.3000 0.1579
2071.6000 0.1580
2071.7000 0.1581
2073.4000 0.1582
2085.5000 0.1583
2091.2000 0.1584
2093.0000 0.1585
2094.6000 0.1586
2096.3000 0.1587
2100.7000 0.1589
2107.1000 0.1590
2120.1000 0.1591
2121.6000 0.1592
2131.5000 0.1593
2131.6000 0.1594
2133.1000 0.1595
2139.1000 0.1596
2143.3000 0.1597
2145.3000 0.1598
2145.6000 0.1599
2154.8000 0.1600
2155.0000 0.1601
2161.9000 0.1602
2162.7000 0.1603
2163.9000 0.1604
2169.7000 0.1605
2170.6000 0.1606
2170.9000 0.1607
2176.0000 0.1608
2184.2000 0.1609
2191.5000 0.1610
2213.7000 0.1611
2214.8000 0.1612
2215.4000 0.1614
2217.2000 0.1615
2223.5000 0.1616
2233.4000 0.1617
2236.2000 0.1618
2244.8000 0.1619
2244.9000 0.1620
2249.3000 0.1621
2249.9000 0.1622
2250.9000 0.1623
2253.1000 0.1624
2253.5000 0.1625
2258.1000 0.1626
2260.1000 0.1627
2264.4000 0.1628
2267.4000 0.1629
2274.6000 0.1630
2275.0000 0.1631
2278.2000 0.1632
2279.5000 0.1633
2284.0000 0.1634
2286.5000 0.1635
2288.2000 0.1636
2288.9000 0.1637
2295.7000 0.1639
2296.4000 0.1640
2296.5000 0.1641
2302.4000 0.1642
2306.2000 0.1643
2307.8000 0.1644
2308.0000 0.1645
2311.6000 0.1646
2320.5000 0.1647
2322.3000 0.1648
2324.5000 0.1649
2328.0000 0.1650
2328.5000 0.1651
2333.9000 0.1652
2335.4000 0.1653
2340.1000 0.1654
2348.6000 0.1655
2355.6000 0.1656
2356.5000 0.1657
2362.7000 0.1658
2364.0000 0.1659
2366.3000 0.1660
2369.1000 0.1661
2375.1000 0.1662
2380.2000 0.1664
2381.7000 0.1665
2390.7000 0.1666
2392.0000 0.1667
2404.4000 0.1668
2406.4000 0.1669
2417.3000 0.1670
2417.4000 0.1671
2450.8000 0.1672
2463.1000 0.1673
2502.5000 0.1674
2508.0000 0.1675
2508.1000 0.1676
2508.7000 0.1677
2512.4000 0.1678
2519.3000 0.1679
2529.4000 0.1680
2530.1000 0.1681
2534.1000 0.1682
2556.1000 0.1683
2565.1000 0.1684
2565.7000 0.1685
2580.3000 0.1686
2582.4000 0.1687
2594.4000 0.1689
2611.5000 0.1690
2616.5000 0.1691
2623.1000 0.1692
2627.0000 0.1693
2627.9000 0.1694
2630.6000 0.1695
2633.0000 0.1696
2636.5000 0.1697
2644.6000 0.1698
2644.6000 0.1699
2655.3000 0.1700
2656.0000 0.1701
2658.1000 0.1702
2666.1000 0.1703
2674.0000 0.1704
2678.4000 0.1705
2692.3000 0.1706
2696.7000 0.1707
2703.2000 0.1708
2703.6000 0.1709
2705.5000 0.1710
2707.9000 0.1711
2708.0000 0.1712
2713.1000 0.1714
2720.7000 0.1715
2721.4000 0.1716
2743.9000 0.1717
2744.9000 0.1718
2746.5000 0.1719
2749.4000 0.1720
2760.5000 0.1721
2771.6000 0.1722
2779.0000 0.1723
2793.8000 0.1724
2803.4000 0.1725
2815.5000 0.1726
2821.3000 0.1727
2828.9000 0.1728
2862.9000 0.1729
2879.7000 0.1730
2884.9000 0.1731
2885.9000 0.1732
2898.6000 0.1733
2902.6000 0.1734
2906.2000 0.1735
2918.0000 0.1736
2930.5000 0.1737
2946.3000 0.1739
2963.4000 0.1740
2968.8000 0.1741
2970.3000 0.1742
2986.2000 0.1743
2986.4000 0.1744
2994.9000 0.1745
3014.4000 0.1746
3017.5000 0.1747
3057.7000 0.1748
3067.9000 0.1749
3075.4000 0.1750
3093.4000 0.1751
3102.4000 0.1752
3104.5000 0.1753
3107.0000 0.1754
3113.1000 0.1755
3118.6000 0.1756
3120.0000 0.1757
3122.6000 0.1758
3122.7000 0.1759
3178.1000 0.1760
3192.0000 0.1761
3192.4000 0.1762
3220.8000 0.1764
3226.5000 0.1765
3234.1000 0.1766
3255.6000 0.1767
3261.0000 0.1768
3263.0000 0.1769
3274.9000 0.1770
3280.7000 0.1771
3287.5000 0.1772
3290.9000 0.1773
3300.6000 0.1774
3308.3000 0.1775
3310.1000 0.1776
3317.1000 0.1777
3330.2000 0.1778
3330.9000 0.1779
3331.6000 0.1780
3341.8000 0.1781
3354.8000 0.1782
3367.5000 0.1783
3368.4000 0.1784
3368.7000 0.1785
3373.9000 0.1786
3383.8000 0.1787
3385.6000 0.1789
3395.7000 0.1790
3401.6000 0.1791
3420.4000 0.1792
3432.8000 0.1793
3436.5000 0.1794
3455.6000 0.1795
3456.1000 0.1796
3456.3000 0.1797
3465.6000 0.1798
3468.2000 0.1799
3474.8000 0.1800
3493.4000 0.1801
3499.0000 0.1802
3502.0000 0.1803
3502.3000 0.1804
3514.8000 0.1805
3517.4000 0.1806
3517.6000 0.1807
3542.0000 0.1808
3544.5000 0.1809
3554.3000 0.1810
3571.0000 0.1811
3589.3000 0.1812
3591.0000 0.1814
3613.9000 0.1815
3615.2000 0.1816
3616.5000 0.1817
3620.3000 0.1818
3620.5000 0.1819
3628.0000 0.1820
3636.4000 0.1821
3641.6000 0.1822
3657.5000 0.1823
3662.2000 0.1824
3666.2000 0.1825
3669.1000 0.1826
3691.6000 0.1827
3693.1000 0.1828
3705.9000 0.1829
3707.2000 0.1830
3715.2000 0.1831
3716.6000 0.1832
3728.2000 0.1833
3732.5000 0.1834
3750.2000 0.1835
3756.1000 0.1836
3758.0000 0.1837
3763.9000 0.1839
3778.4000 0.1840
3779.8000 0.1841
3788.4000 0.1842
3796.2000 0.1843
3808.8000 0.1844
3809.7000 0.1845
3814.0000 0.1846
3825.8000 0.1847
3829.2000 0.1848
3829.6000 0.1849
3835.9000 0.1850
3845.4000 0.1851
3855.3000 0.1852
3856.9000 0.1853
3863.6000 0.1854
3872.8000 0.1855
3880.8000 0.1856
3894.8000 0.1857
3897.6000 0.1858
3918.0000 0.1859
3918.6000 0.1860
3920.0000 0.1861
3946.0000 0.1862
3947.1000 0.1864
3959.9000 0.1865
3962.9000 0.1866
3964.5000 0.1867
3968.0000 0.1868
3973.9000 0.1869
3980.3000 0.1870
3980.8000 0.1871
3981.5000 0.1872
3994.0000 0.1873
3999.1000 0.1874
4006.1000 0.1875
4008.0000 0.1876
4008.2000 0.1877
4018.1000 0.1878
4020.6000 0.1879
4022.3000 0.1880
4027.8000 0.1881
4035.7000 0.1882
4036.0000 0.1883
4040.6000 0.1884
4061.0000 0.1885
4063.8000 0.1886
4102.1000 0.1887
4104.9000 0.1889
4106.7000 0.1890
4111.4000 0.1891
4115.1000 0.1892
4118.1000 0.1893
4118.3000 0.1894
4121.6000 0.1895
4125.7000 0.1896
4127.7000 0.1897
4132.2000 0.1898
4135.4000 0.1899
4138.5000 0.1900
4142.0000 0.1901
4144.1000 0.1902
4148.1000 0.1903
4153.5000 0.1904
4172.2000 0.1905
4172.7000 0.1906
4178.1000 0.1907
4179.6000 0.1908
4183.9000 0.1909
4186.1000 0.1910
4186.8000 0.1911
4199.0000 0.1912
4217.5000 0.1914
4238.2000 0.1915
4239.4000 0.1916
4254.5000 0.1917
4254.6000 0.1918
4257.6000 0.1919
4271.2000 0.1920
4275.8000 0.1921
4276.3000 0.1922
4276.9000 0.1923
4278.1000 0.1924
4299.5000 0.1925
4301.6000 0.1926
4308.3000 0.1927
4319.3000 0.1928
4331.6000 0.1929
4341.0000 0.1930
4350.2000 0.1931
4353.0000 0.1932
4359.3000 0.1933
4371.2000 0.1934
4374.1000 0.1935
4378.3000 0.1936
4381.7000 0.1937
4381.9000 0.1939
4390.8000 0.1940
4391.0000 0.1941
4396.4000 0.1942
4406.7000 0.1943
4413.3000 0.1944
4414.4000 0.1945
4421.0000 0.1946
4428.1000 0.1947
4433.0000 0.1948
4463.0000 0.1949
4474.6000 0.1950
4484.3000 0.1951
4484.9000 0.1952
4485.8000 0.1953
4486.3000 0.1954
4487.2000 0.1955
4488.1000 0.1956
4491.7000 0.1957
4502.4000 0.1958
4546.0000 0.1959
4553.5000 0.1960
4555.9000 0.1961
4561.4000 0.1962
4564.4000 0.1964
4577.0000 0.1965
4592.9000 0.1966
4599.0000 0.1967
4608.1000 0.1968
4622.7000 0.1969
4628.5000 0.1970
4640.8000 0.1971
4664.9000 0.1972
4667.0000 0.1973
4668.4000 0.1974
4672.1000 0.1975
4675.0000 0.1976
4682.2000 0.1977
4683.1000 0.1978
4701.5000 0.1979
4701.6000 0.1980
4705.9000 0.1981
4715.2000 0.1982
4716.7000 0.1983
4721.1000 0.1984
4723.5000 0.1985
4738.0000 0.1986
4753.0000 0.1987
4758.9000 0.1989
4764.6000 0.1990
4771.0000 0.1991
4797.0000 0.1992
4803.2000 0.1993
4809.8000 0.1994
4809.8000 0.1995
4810.6000 0.1996
4824.5000 0.1997
4824.7000 0.1998
4832.3000 0.1999
4854.1000 0.2000
4855.9000 0.2001
4869.0000 0.2002
4876.0000 0.2003
4899.5000 0.2004
4930.9000 0.2005
4931.3000 0.2006
4937.3000 0.2007
4961.9000 0.2008
4966.4000 0.2009
4971.0000 0.2010
4994.5000 0.2011
4995.8000 0.2012
4995.9000 0.2014
5006.4000 0.2015
5018.3000 0.2016
5030.9000 0.2017
5034.9000 0.2018
5039.4000 0.2019
5044.5000 0.2020
5057.7000 0.2021
5064.7000 0.2022
5068.8000 0.2023
5070.8000 0.2024
5088.0000 0.2025
5097.7000 0.2026
5112.9000 0.2027
5121.6000 0.2028
5121.9000 0.2029
5145.3000 0.2030
5145.9000 0.2031
5158.6000 0.2032
5158.7000 0.2033
5164.8000 0.2034
5174.6000 0.2035
5181.3000 0.2036
5188.1000 0.2037
5197.5000 0.2039
5200.8000 0.2040
5210.7000 0.2041
5212.4000 0.2042
5235.4000 0.2043
5238.7000 0.2044
5240.3000 0.2045
5254.3000 0.2046
5265.3000 0.2047
5266.1000 0.2048
5272.2000 0.2049
5273.4000 0.2050
5278.7000 0.2051
5284.0000 0.2052
5310.7000 0.2053
5325.6000 0.2054
5331.0000 0.2055
5365.2000 0.2056
5382.4000 0.2057
5394.5000 0.2058
5398.2000 0.2059
5401.0000 0.2060
5403.4000 0.2061
5412.0000 0.2062
5425.7000 0.2064
5434.9000 0.2065
5450.7000 0.2066
5452.4000 0.2067
5465.9000 0.2068
5507.5000 0.2069
5513.3000 0.2070
5514.7000 0.2071
5515.3000 0.2072
5531.3000 0.2073
5533.4000 0.2074
5542.2000 0.2075
5559.5000 0.2076
5616.0000 0.2077
5616.3000 0.2078
5631.8000 0.2079
5636.3000 0.2080
5643.5000 0.2081
5647.1000 0.2082
5655.4000 0.2083
5678.2000 0.2084
5716.6000 0.2085
5727.6000 0.2086
5741.6000 0.2087
5749.1000 0.2089
5759.2000 0.2090
5762.2000 0.2091
5765.8000 0.2092
5768.6000 0.2093
5772.6000 0.2094
5773.1000 0.2095
5774.0000 0.2096
5788.1000 0.2097
5804.8000 0.2098
5807.6000 0.2099
5819.4000 0.2100
5820.0000 0.2101
5835.1000 0.2102
5841.1000 0.2103
5842.3000 0.2104
5850.7000 0.2105
5850.8000 0.2106
5861.5000 0.2107
5864.1000 0.2108
5887.3000 0.2109
5901.8000 0.2110
5902.4000 0.2111
5915.1000 0.2112
5917.9000 0.2114
5924.6000 0.2115
5932.1000 0.2116
5936.6000 0.2117
5941.5000 0.2118
5946.6000 0.2119
5950.9000 0.2120
5961.9000 0.2121
5970.2000 0.2122
6009.6000 0.2123
6010.6000 0.2124
6028.8000 0.2125
6053.4000 0.2126
6073.2000 0.2127
6073.4000 0.2128
6085.0000 0.2129
6099.1000 0.2130
6100.5000 0.2131
6105.1000 0.2132
6111.7000 0.2133
6115.6000 0.2134
6120.2000 0.2135
6123.0000 0.2136
6124.0000 0.2137
6126.6000 0.2139
6129.2000 0.2140
6132.1000 0.2141
6145.4000 0.2142
6146.0000 0.2143
6148.2000 0.2144
6149.3000 0.2145
6166.5000 0.2146
6178.9000 0.2147
6186.2000 0.2148
6190.1000 0.2149
6202.5000 0.2150
6212.3000 0.2151
6212.7000 0.2152
6232.6000 0.2153
6235.1000 0.2154
6244.6000 0.2155
6251.1000 0.2156
6259.8000 0.2157
6273.1000 0.2158
6315.0000 0.2159
6315.7000 0.2160
6316.0000 0.2161
6326.7000 0.2162
6330.3000 0.2164
6333.1000 0.2165
6334.6000 0.2166
6359.7000 0.2167
6373.5000 0.2168
6389.0000 0.2169
6391.7000 0.2170
6405.9000 0.2171
6407.2000 0.2172
6422.2000 0.2173
6430.8000 0.2174
6442.6000 0.2175
6448.1000 0.2176
6450.3000 0.2177
6452.9000 0.2178
6461.3000 0.2179
6469.0000 0.2180
6469.1000 0.2181
6471.8000 0.2182
6474.1000 0.2183
6474.6000 0.2184
6480.8000 0.2185
6481.3000 0.2186
6488.0000 0.2187
6494.7000 0.2189
6529.2000 0.2190
6538.8000 0.2191
6557.6000 0.2192
6562.6000 0.2193
6573.3000 0.2194
6580.0000 0.2195
6583.1000 0.2196
6598.4000 0.2197
6607.8000 0.2198
6628.8000 0.2199
6655.5000 0.2200
6659.7000 0.2201
6677.6000 0.2202
6700.8000 0.2203
6701.8000 0.2204
6705.1000 0.2205
6710.6000 0.2206
6748.1000 0.2207
6762.9000 0.2208
6773.3000 0.2209
6794.3000 0.2210
6819.6000 0.2211
6822.1000 0.2212
6830.9000 0.2214
6840.3000 0.2215
6845.9000 0.2216
6866.8000 0.2217
6874.0000 0.2218
6876.5000 0.2219
6876.8000 0.2220
6882.0000 0.2221
6891.9000 0.2222
6900.3000 0.2223
6903.7000 0.2224
6904.1000 0.2225
6910.0000 0.2226
6931.6000 0.2227
6934.7000 0.2228
6936.0000 0.2229
6947.7000 0.2230
6950.4000 0.2231
6955.4000 0.2232
6960.3000 0.2233
6961.9000 0.2234
6978.1000 0.2235
6987.0000 0.2236
7025.3000 0.2237
7028.1000 0.2239
7032.9000 0.2240
7045.4000 0.2241
7047.1000 0.2242
7064.2000 0.2243
7071.2000 0.2244
7071.2000 0.2245
7079.4000 0.2246
7079.5000 0.2247
7092.0000 0.2248
7094.1000 0.2249
7095.5000 0.2250
7105.0000 0.2251
7112.9000 0.2252
7133.7000 0.2253
7140.1000 0.2254
7146.4000 0.2255
7158.0000 0.2256
7164.3000 0.2257
7165.2000 0.2258
7182.4000 0.2259
7188.5000 0.2260
7189.7000 0.2261
7198.7000 0.2262
7202.3000 0.2264
7248.0000 0.2265
7252.0000 0.2266
7259.1000 0.2267
7261.1000 0.2268
7270.8000 0.2269
7271.9000 0.2270
7278.3000 0.2271
7291.4000 0.2272
7295.6000 0.2273
7303.2000 0.2274
7305.9000 0.2275
7309.9000 0.2276
7324.6000 0.2277
7325.1000 0.2278
7330.6000 0.2279
7339.3000 0.2280
7349.2000 0.2281
7351.6000 0.2282
7352.3000 0.2283
7353.5000 0.2284
7361.4000 0.2285
7362.2000 0.2286
7370.3000 0.2287
7392.1000 0.2289
7394.1000 0.2290
7398.0000 0.2291
7409.5000 0.2292
7425.1000 0.2293
7440.0000 0.2294
7445.8000 0.2295
7451.0000 0.2296
7464.0000 0.2297
7466.8000 0.2298
7470.7000 0.2299
7472.8000 0.2300
7474.6000 0.2301
7491.0000 0.2302
7491.3000 0.2303
7495.6000 0.2304
7499.0000 0.2305
7507.3000 0.2306
7542.9000 0.2307
7543.1000 0.2308
7553.7000 0.2309
7591.2000 0.2310
7594.1000 0.2311
7601.3000 0.2312
7609.6000 0.2314
7616.7000 0.2315
7623.2000 0.2316
7637.5000 0.2317
7645.3000 0.2318
7657.1000 0.2319
7657.5000 0.2320
7666.4000 0.2321
7668.3000 0.2322
7677.3000 0.2323
7681.0000 0.2324
7688.5000 0.2325
7693.7000 0.2326
7732.7000 0.2327
7751.2000 0.2328
7761.3000 0.2329
7767.6000 0.2330
7777.1000 0.2331
7785.7000 0.2332
7794.6000 0.2333
7800.7000 0.2334
7808.0000 0.2335
7816.5000 0.2336
7831.0000 0.2337
7834.3000 0.2339
7842.5000 0.2340
7847.5000 0.2341
7853.7000 0.2342
7860.5000 0.2343
7871.4000 0.2344
7877.2000 0.2345
7897.3000 0.2346
7906.0000 0.2347
7916.7000 0.2348
7925.8000 0.2349
7967.9000 0.2350
7976.0000 0.2351
7987.1000 0.2352
7995.0000 0.2353
8007.9000 0.2354
8011.6000 0.2355
8032.0000 0.2356
8035.9000 0.2357
8038.0000 0.2358
8054.8000 0.2359
8069.8000 0.2360
8070.5000 0.2361
8071.4000 0.2362
8072.7000 0.2364
8084.6000 0.2365
8131.3000 0.2366
8144.0000 0.2367
8149.9000 0.2368
8156.0000 0.2369
8161.4000 0.2370
8177.5000 0.2371
8180.9000 0.2372
8181.0000 0.2373
8194.9000 0.2374
8198.6000 0.2375
8201.4000 0.2376
8202.5000 0.2377
8221.3000 0.2378
8241.2000 0.2379
8242.5000 0.2380
8244.0000 0.2381
8250.1000 0.2382
8275.5000 0.2383
8279.1000 0.2384
8290.1000 0.2385
8293.5000 0.2386
8309.1000 0.2387
8311.1000 0.2389
8314.6000 0.2390
8327.0000 0.2391
8344.0000 0.2392
8345.9000 0.2393
8351.2000 0.2394
8358.2000 0.2395
8358.5000 0.2396
8360.0000 0.2397
8370.9000 0.2398
8374.4000 0.2399
8387.1000 0.2400
8388.0000 0.2401
8401.6000 0.2402
8411.2000 0.2403
8419.2000 0.2404
8438.4000 0.2405
8443.3000 0.2406
8444.0000 0.2407
8446.6000 0.2408
8449.9000 0.2409
8505.3000 0.2410
8505.8000 0.2411
8522.7000 0.2412
8534.6000 0.2414
8545.2000 0.2415
8555.1000 0.2416
8556.9000 0.2417
8565.5000 0.2418
8574.1000 0.2419
8576.1000 0.2420
8623.1000 0.2421
8628.4000 0.2422
8641.2000 0.2423
8645.9000 0.2424
8662.0000 0.2425
8672.3000 0.2426
8673.8000 0.2427
8694.3000 0.2428
8701.0000 0.2429
8702.8000 0.2430
8720.8000 0.2431
8722.3000 0.2432
8736.6000 0.2433
8742.2000 0.2434
8765.6000 0.2435
8769.8000 0.2436
8772.5000 0.2437
8772.5000 0.2439
8774.0000 0.2440
8776.6000 0.2441
8780.9000 0.2442
8793.3000 0.2443
8794.8000 0.2444
8799.4000 0.2445
8820.5000 0.2446
8822.4000 0.2447
8823.9000 0.2448
8847.6000 0.2449
8850.4000 0.2450
8862.7000 0.2451
8865.6000 0.2452
8866.6000 0.2453
8875.7000 0.2454
8876.1000 0.2455
8883.5000 0.2456
8888.5000 0.2457
8894.4000 0.2458
8926.2000 0.2459
8959.6000 0.2460
8980.7000 0.2461
8983.1000 0.2462
8998.1000 0.2464
8999.1000 0.2465
9004.8000 0.2466
9013.0000 0.2467
9020.0000 0.2468
9021.9000 0.2469
9026.2000 0.2470
9028.2000 0.2471
9034.1000 0.2472
9051.4000 0.2473
9058.7000 0.2474
9064.6000 0.2475
9068.8000 0.2476
9080.2000 0.2477
9102.0000 0.2478
9132.0000 0.2479
9155.6000 0.2480
9158.3000 0.2481
9158.9000 0.2482
9178.9000 0.2483
9191.8000 0.2484
9194.1000 0.2485
9194.8000 0.2486
9213.7000 0.2487
9230.1000 0.2489
9231.6000 0.2490
9253.6000 0.2491
9265.8000 0.2492
9271.8000 0.2493
9284.8000 0.2494
9285.2000 0.2495
9305.1000 0.2496
9309.8000 0.2497
9321.2000 0.2498
9324.5000 0.2499
9344.0000 0.2500
9347.0000 0.2501
9369.0000 0.2502
9390.4000 0.2503
9393.4000 0.2504
9440.9000 0.2505
9447.6000 0.2506
9471.8000 0.2507
9482.7000 0.2508
9499.3000 0.2509
9535.0000 0.2510
9547.1000 0.2511
9550.9000 0.2512
9558.8000 0.2514
9562.6000 0.2515
9568.4000 0.2516
9572.3000 0.2517
9575.6000 0.2518
9575.7000 0.2519
9577.0000 0.2520
9593.5000 0.2521
9603.7000 0.2522
9609.3000 0.2523
9628.6000 0.2524
9640.1000 0.2525
9640.4000 0.2526
9656.0000 0.2527
9666.1000 0.2528
9672.7000 0.2529
9698.9000 0.2530
9711.3000 0.2531
9712.1000 0.2532
9726.3000 0.2533
9742.9000 0.2534
9745.3000 0.2535
9754.7000 0.2536
9756.0000 0.2537
9757.2000 0.2539
9777.2000 0.2540
9797.8000 0.2541
9800.3000 0.2542
9805.9000 0.2543
9807.2000 0.2544
9817.6000 0.2545
9833.8000 0.2546
9841.0000 0.2547
9849.3000 0.2548
9856.0000 0.2549
9856.1000 0.2550
9861.1000 0.2551
9875.6000 0.2552
9888.0000 0.2553
9915.7000 0.2554
9940.8000 0.2555
9947.8000 0.2556
9950.9000 0.2557
9954.6000 0.2558
9954.8000 0.2559
9992.6000 0.2560
10031.1000 0.2561
10038.6000 0.2562
10058.2000 0.2564
10071.8000 0.2565
10081.9000 0.2566
10085.2000 0.2567
10090.8000 0.2568
10097.2000 0.2569
10109.5000 0.2570
10114.7000 0.2571
10125.6000 0.2572
10137.7000 0.2573
10151.1000 0.2574
10174.3000 0.2575
10175.1000 0.2576
10177.0000 0.2577
10183.8000 0.2578
10187.7000 0.2579
10198.0000 0.2580
10206.6000 0.2581
10233.6000 0.2582
10242.4000 0.2583
10270.7000 0.2584
10271.0000 0.2585
10275.1000 0.2586
10276.9000 0.2587
10284.0000 0.2589
10290.6000 0.2590
10299.8000 0.2591
10305.0000 0.2592
10305.7000 0.2593
10307.7000 0.2594
10308.2000 0.2595
10311.1000 0.2596
10316.6000 0.2597
10332.5000 0.2598
10338.1000 0.2599
10341.0000 0.2600
10387.6000 0.2601
10400.2000 0.2602
10400.3000 0.2603
10411.1000 0.2604
10434.7000 0.2605
10437.3000 0.2606
10440.1000 0.2607
10455.0000 0.2608
10463.0000 0.2609
10472.6000 0.2610
10472.8000 0.2611
10475.3000 0.2612
10476.2000 0.2614
10476.8000 0.2615
10486.0000 0.2616
10487.1000 0.2617
10494.0000 0.2618
10515.0000 0.2619
10515.2000 0.2620
10515.6000 0.2621
10521.6000 0.2622
10532.7000 0.2623
10536.0000 0.2624
10546.9000 0.2625
10548.4000 0.2626
10550.3000 0.2627
10561.6000 0.2628
10574.8000 0.2629
10580.9000 0.2630
10582.1000 0.2631
10582.2000 0.2632
10585.6000 0.2633
10586.7000 0.2634
10604.1000 0.2635
10608.4000 0.2636
10614.8000 0.2637
10634.5000 0.2639
10638.3000 0.2640
10665.0000 0.2641
10665.3000 0.2642
10671.8000 0.2643
10676.3000 0.2644
10691.5000 0.2645
10695.4000 0.2646
10709.3000 0.2647
10724.4000 0.2648
10725.3000 0.2649
10744.5000 0.2650
10747.9000 0.2651
10750.0000 0.2652
10760.1000 0.2653
10776.0000 0.2654
10779.1000 0.2655
10803.9000 0.2656
10811.3000 0.2657
10811.8000 0.2658
10824.6000 0.2659
10841.0000 0.2660
10847.9000 0.2661
10849.8000 0.2662
10855.7000 0.2664
10867.8000 0.2665
10869.7000 0.2666
10874.4000 0.2667
10877.3000 0.2668
10911.1000 0.2669
10935.7000 0.2670
10951.4000 0.2671
10955.1000 0.2672
10958.3000 0.2673
10958.3000 0.2674
10971.2000 0.2675
10974.8000 0.2676
10992.9000 0.2677
10999.3000 0.2678
11004.0000 0.2679
11004.9000 0.2680
11007.9000 0.2681
11009.0000 0.2682
11024.8000 0.2683
11038.4000 0.2684
11046.8000 0.2685
11067.3000 0.2686
11069.9000 0.2687
11072.9000 0.2689
11086.0000 0.2690
11086.2000 0.2691
11089.2000 0.2692
11090.6000 0.2693
11099.4000 0.2694
11116.3000 0.2695
11140.9000 0.2696
11141.6000 0.2697
11158.3000 0.2698
11166.8000 0.2699
11167.1000 0.2700
11179.9000 0.2701
11181.0000 0.2702
11209.4000 0.2703
11239.0000 0.2704
11249.5000 0.2705
11264.1000 0.2706
11264.1000 0.2707
11276.6000 0.2708
11291.1000 0.2709
11293.7000 0.2710
11317.8000 0.2711
11317.9000 0.2712
11346.2000 0.2714
11348.8000 0.2715
11373.2000 0.2716
11401.3000 0.2717
11409.9000 0.2718
11412.0000 0.2719
11424.9000 0.2720
11432.8000 0.2721
11439.4000 0.2722
11441.6000 0.2723
11450.8000 0.2724
11452.0000 0.2725
11472.2000 0.2726
11486.0000 0.2727
11488.1000 0.2728
11495.4000 0.2729
11506.3000 0.2730
11508.8000 0.2731
11511.6000 0.2732
11512.0000 0.2733
11515.8000 0.2734
11521.7000 0.2735
11523.9000 0.2736
11531.6000 0.2737
11532.6000 0.2739
11547.2000 0.2740
11572.0000 0.2741
11575.4000 0.2742
11598.4000 0.2743
11599.8000 0.2744
11607.6000 0.2745
11611.7000 0.2746
11638.1000 0.2747
11640.6000 0.2748
11644.4000 0.2749
11653.9000 0.2750
11657.6000 0.2751
11664.8000 0.2752
11667.1000 0.2753
11679.4000 0.2754
11712.5000 0.2755
11715.2000 0.2756
11725.6000 0.2757
11756.0000 0.2758
11764.0000 0.2759
11764.2000 0.2760
11779.1000 0.2761
11780.6000 0.2762
11787.9000 0.2764
11812.0000 0.2765
11815.0000 0.2766
11821.9000 0.2767
11828.1000 0.2768
11833.3000 0.2769
11860.6000 0.2770
11864.3000 0.2771
11870.9000 0.2772
11874.6000 0.2773
11907.2000 0.2774
11925.3000 0.2775
11959.4000 0.2776
