# messageDelay  cumulativeProbability
0.2000 0.0002
0.2000 0.0003
0.2000 0.0005
0.2000 0.0007
0.2000 0.0009
0.2000 0.0010
0.2000 0.0012
0.2000 0.0014
0.2000 0.0016
0.2000 0.0017
0.2000 0.0019
0.2000 0.0021
0.2000 0.0023
0.2000 0.0024
0.2000 0.0026
0.2000 0.0028
0.2000 0.0030
0.2000 0.0031
0.2000 0.0033
0.2000 0.0035
7.9000 0.0036
16.9000 0.0038
24.3000 0.0040
50.8000 0.0042
58.1000 0.0043
59.1000 0.0045
75.2000 0.0047
76.7000 0.0049
77.1000 0.0050
79.2000 0.0052
80.0000 0.0054
81.4000 0.0056
83.4000 0.0057
88.3000 0.0059
91.0000 0.0061
95.0000 0.0063
99.1000 0.0064
100.4000 0.0066
104.2000 0.0068
105.5000 0.0069
108.4000 0.0071
111.3000 0.0073
116.5000 0.0075
116.8000 0.0076
128.7000 0.0078
132.0000 0.0080
144.0000 0.0082
144.3000 0.0083
145.3000 0.0085
148.0000 0.0087
151.3000 0.0089
177.1000 0.0090
178.0000 0.0092
188.0000 0.0094
194.6000 0.0095
195.8000 0.0097
196.7000 0.0099
205.5000 0.0101
206.0000 0.0102
208.5000 0.0104
222.3000 0.0106
225.1000 0.0108
234.6000 0.0109
237.6000 0.0111
242.4000 0.0113
244.3000 0.0115
247.3000 0.0116
249.3000 0.0118
251.5000 0.0120
256.5000 0.0122
256.9000 0.0123
259.2000 0.0125
259.4000 0.0127
267.9000 0.0128
273.1000 0.0130
274.0000 0.0132
274.1000 0.0134
283.9000 0.0135
286.4000 0.0137
303.2000 0.0139
303.6000 0.0141
305.0000 0.0142
310.7000 0.0144
311.0000 0.0146
318.2000 0.0148
319.2000 0.0149
319.4000 0.0151
320.9000 0.0153
324.1000 0.0155
328.7000 0.0156
329.9000 0.0158
332.2000 0.0160
333.5000 0.0161
335.5000 0.0163
338.9000 0.0165
341.4000 0.0167
345.2000 0.0168
345.4000 0.0170
348.9000 0.0172
349.8000 0.0174
354.4000 0.0175
356.2000 0.0177
358.8000 0.0179
360.0000 0.0181
361.0000 0.0182
368.5000 0.0184
373.6000 0.0186
375.4000 0.0187
378.4000 0.0189
380.7000 0.0191
384.3000 0.0193
388.5000 0.0194
391.7000 0.0196
392.1000 0.0198
394.6000 0.0200
399.4000 0.0201
400.7000 0.0203
401.2000 0.0205
403.0000 0.0207
404.3000 0.0208
410.1000 0.0210
411.0000 0.0212
411.2000 0.0214
412.0000 0.0215
419.6000 0.0217
420.3000 0.0219
422.3000 0.0220
422.6000 0.0222
427.1000 0.0224
428.6000 0.0226
431.4000 0.0227
435.0000 0.0229
435.0000 0.0231
435.6000 0.0233
437.7000 0.0234
438.0000 0.0236
442.0000 0.0238
443.6000 0.0240
443.6000 0.0241
444.6000 0.0243
446.5000 0.0245
451.8000 0.0247
451.9000 0.0248
454.3000 0.0250
456.3000 0.0252
462.8000 0.0253
463.5000 0.0255
463.6000 0.0257
463.7000 0.0259
463.9000 0.0260
464.9000 0.0262
465.0000 0.0264
465.6000 0.0266
470.6000 0.0267
470.6000 0.0269
474.9000 0.0271
475.1000 0.0273
479.6000 0.0274
484.9000 0.0276
489.1000 0.0278
492.5000 0.0280
494.9000 0.0281
495.8000 0.0283
497.0000 0.0285
501.5000 0.0286
505.4000 0.0288
505.7000 0.0290
509.6000 0.0292
512.0000 0.0293
513.8000 0.0295
515.9000 0.0297
516.9000 0.0299
518.5000 0.0300
521.4000 0.0302
526.4000 0.0304
529.0000 0.0306
530.0000 0.0307
530.6000 0.0309
531.2000 0.0311
532.9000 0.0312
536.6000 0.0314
537.6000 0.0316
539.6000 0.0318
542.2000 0.0319
546.5000 0.0321
550.9000 0.0323
551.6000 0.0325
553.6000 0.0326
556.8000 0.0328
557.4000 0.0330
558.9000 0.0332
562.7000 0.0333
563.2000 0.0335
564.0000 0.0337
568.4000 0.0339
568.8000 0.0340
569.5000 0.0342
570.4000 0.0344
570.6000 0.0345
576.6000 0.0347
577.0000 0.0349
578.0000 0.0351
578.7000 0.0352
583.3000 0.0354
586.0000 0.0356
586.5000 0.0358
589.3000 0.0359
589.5000 0.0361
590.6000 0.0363
599.5000 0.0365
602.9000 0.0366
604.4000 0.0368
604.6000 0.0370
605.0000 0.0372
608.1000 0.0373
613.8000 0.0375
614.0000 0.0377
615.9000 0.0378
616.9000 0.0380
618.7000 0.0382
620.4000 0.0384
621.3000 0.0385
622.9000 0.0387
624.0000 0.0389
626.3000 0.0391
627.2000 0.0392
629.7000 0.0394
629.8000 0.0396
630.9000 0.0398
632.8000 0.0399
633.8000 0.0401
637.4000 0.0403
637.5000 0.0405
641.4000 0.0406
643.1000 0.0408
643.8000 0.0410
647.9000 0.0411
648.7000 0.0413
648.8000 0.0415
649.8000 0.0417
650.5000 0.0418
652.9000 0.0420
653.4000 0.0422
654.8000 0.0424
661.2000 0.0425
665.1000 0.0427
666.3000 0.0429
666.9000 0.0431
671.0000 0.0432
675.9000 0.0434
677.5000 0.0436
679.4000 0.0437
684.3000 0.0439
685.6000 0.0441
686.5000 0.0443
688.8000 0.0444
689.1000 0.0446
692.7000 0.0448
692.8000 0.0450
693.6000 0.0451
694.9000 0.0453
695.5000 0.0455
695.5000 0.0457
697.0000 0.0458
698.0000 0.0460
701.7000 0.0462
702.3000 0.0464
703.7000 0.0465
703.7000 0.0467
707.3000 0.0469
712.0000 0.0470
712.0000 0.0472
716.0000 0.0474
718.4000 0.0476
718.7000 0.0477
719.4000 0.0479
722.5000 0.0481
724.2000 0.0483
735.1000 0.0484
736.8000 0.0486
750.7000 0.0488
751.9000 0.0490
752.9000 0.0491
759.2000 0.0493
759.6000 0.0495
760.7000 0.0497
760.9000 0.0498
761.3000 0.0500
761.4000 0.0502
761.4000 0.0503
763.6000 0.0505
765.3000 0.0507
766.8000 0.0509
769.7000 0.0510
770.3000 0.0512
772.0000 0.0514
773.9000 0.0516
774.8000 0.0517
776.2000 0.0519
779.3000 0.0521
780.6000 0.0523
781.8000 0.0524
783.4000 0.0526
787.4000 0.0528
789.9000 0.0530
791.1000 0.0531
793.4000 0.0533
795.1000 0.0535
795.3000 0.0536
796.8000 0.0538
798.5000 0.0540
800.2000 0.0542
802.7000 0.0543
803.1000 0.0545
808.9000 0.0547
809.3000 0.0549
810.2000 0.0550
812.3000 0.0552
814.5000 0.0554
815.7000 0.0556
816.3000 0.0557
818.5000 0.0559
818.5000 0.0561
822.8000 0.0562
828.1000 0.0564
828.9000 0.0566
829.2000 0.0568
833.8000 0.0569
836.6000 0.0571
836.7000 0.0573
839.1000 0.0575
840.3000 0.0576
841.2000 0.0578
844.5000 0.0580
846.3000 0.0582
846.4000 0.0583
849.4000 0.0585
852.2000 0.0587
853.6000 0.0589
854.3000 0.0590
855.6000 0.0592
856.2000 0.0594
861.9000 0.0595
862.7000 0.0597
865.5000 0.0599
869.9000 0.0601
870.9000 0.0602
871.6000 0.0604
872.5000 0.0606
875.4000 0.0608
879.1000 0.0609
882.1000 0.0611
882.6000 0.0613
887.4000 0.0615
888.2000 0.0616
889.1000 0.0618
890.3000 0.0620
892.4000 0.0622
894.0000 0.0623
897.7000 0.0625
897.9000 0.0627
905.0000 0.0628
905.8000 0.0630
909.0000 0.0632
910.6000 0.0634
915.8000 0.0635
919.9000 0.0637
925.6000 0.0639
926.5000 0.0641
930.7000 0.0642
931.9000 0.0644
933.1000 0.0646
934.7000 0.0648
935.8000 0.0649
940.2000 0.0651
944.2000 0.0653
948.5000 0.0655
949.4000 0.0656
950.0000 0.0658
951.2000 0.0660
953.5000 0.0661
953.8000 0.0663
954.6000 0.0665
958.7000 0.0667
959.6000 0.0668
965.1000 0.0670
965.4000 0.0672
968.9000 0.0674
971.8000 0.0675
974.6000 0.0677
975.1000 0.0679
981.9000 0.0681
983.5000 0.0682
987.2000 0.0684
987.8000 0.0686
991.4000 0.0687
993.5000 0.0689
994.4000 0.0691
994.6000 0.0693
998.4000 0.0694
999.0000 0.0696
1005.1000 0.0698
1005.7000 0.0700
1006.6000 0.0701
1007.9000 0.0703
1010.7000 0.0705
1016.6000 0.0707
1018.7000 0.0708
1020.4000 0.0710
1021.2000 0.0712
1022.5000 0.0714
1026.2000 0.0715
1030.5000 0.0717
1033.2000 0.0719
1034.1000 0.0720
1035.8000 0.0722
1040.0000 0.0724
1041.4000 0.0726
1047.6000 0.0727
1048.0000 0.0729
1049.3000 0.0731
1049.3000 0.0733
1053.1000 0.0734
1058.6000 0.0736
1059.2000 0.0738
1061.1000 0.0740
1062.8000 0.0741
1062.8000 0.0743
1063.5000 0.0745
1069.0000 0.0747
1069.1000 0.0748
1069.1000 0.0750
1072.1000 0.0752
1073.6000 0.0753
1076.0000 0.0755
1077.6000 0.0757
1079.0000 0.0759
1081.4000 0.0760
1086.1000 0.0762
1088.2000 0.0764
1091.7000 0.0766
1095.7000 0.0767
1096.5000 0.0769
1099.2000 0.0771
1100.0000 0.0773
1107.3000 0.0774
1110.4000 0.0776
1112.5000 0.0778
1113.7000 0.0780
1116.8000 0.0781
1117.5000 0.0783
1123.6000 0.0785
1126.4000 0.0786
1127.3000 0.0788
1128.9000 0.0790
1129.8000 0.0792
1134.2000 0.0793
1136.9000 0.0795
1144.1000 0.0797
1144.4000 0.0799
1153.5000 0.0800
1153.6000 0.0802
1153.7000 0.0804
1154.3000 0.0806
1154.3000 0.0807
1154.8000 0.0809
1158.8000 0.0811
1158.9000 0.0812
1159.0000 0.0814
1159.4000 0.0816
1159.6000 0.0818
1159.8000 0.0819
1163.0000 0.0821
1163.9000 0.0823
1165.1000 0.0825
1169.7000 0.0826
1170.9000 0.0828
1175.4000 0.0830
1177.3000 0.0832
1185.1000 0.0833
1187.7000 0.0835
1188.3000 0.0837
1188.9000 0.0839
1190.7000 0.0840
1190.8000 0.0842
1198.2000 0.0844
1202.5000 0.0845
1205.7000 0.0847
1219.0000 0.0849
1220.3000 0.0851
1220.4000 0.0852
1222.7000 0.0854
1223.9000 0.0856
1226.2000 0.0858
1228.1000 0.0859
1228.5000 0.0861
1230.4000 0.0863
1232.3000 0.0865
1236.3000 0.0866
1244.6000 0.0868
1250.1000 0.0870
1250.7000 0.0872
1250.9000 0.0873
1253.8000 0.0875
1256.5000 0.0877
1258.5000 0.0878
1260.7000 0.0880
1263.1000 0.0882
1264.3000 0.0884
1266.0000 0.0885
1267.0000 0.0887
1268.7000 0.0889
1269.8000 0.0891
1270.7000 0.0892
1270.8000 0.0894
1277.3000 0.0896
1289.6000 0.0898
1290.9000 0.0899
1290.9000 0.0901
1290.9000 0.0903
1299.1000 0.0905
1300.4000 0.0906
1302.0000 0.0908
1302.2000 0.0910
1304.4000 0.0911
1304.6000 0.0913
1308.6000 0.0915
1309.6000 0.0917
1310.1000 0.0918
1310.9000 0.0920
1311.5000 0.0922
1317.9000 0.0924
1319.4000 0.0925
1320.2000 0.0927
1320.7000 0.0929
1323.0000 0.0931
1324.2000 0.0932
1326.6000 0.0934
1327.6000 0.0936
1327.7000 0.0937
1328.7000 0.0939
1333.7000 0.0941
1333.7000 0.0943
1334.2000 0.0944
1334.7000 0.0946
1342.6000 0.0948
1343.7000 0.0950
1345.4000 0.0951
1347.5000 0.0953
1348.2000 0.0955
1349.5000 0.0957
1354.5000 0.0958
1362.1000 0.0960
1362.2000 0.0962
1367.0000 0.0964
1367.2000 0.0965
1374.7000 0.0967
1376.7000 0.0969
1381.1000 0.0970
1386.3000 0.0972
1389.0000 0.0974
1394.5000 0.0976
1399.5000 0.0977
1405.6000 0.0979
1407.8000 0.0981
1409.9000 0.0983
1410.5000 0.0984
1413.5000 0.0986
1414.3000 0.0988
1415.6000 0.0990
1416.4000 0.0991
1418.6000 0.0993
1420.3000 0.0995
1421.6000 0.0997
1422.7000 0.0998
1422.9000 0.1000
1426.8000 0.1002
1428.8000 0.1003
1429.8000 0.1005
1430.9000 0.1007
1433.6000 0.1009
1436.3000 0.1010
1449.0000 0.1012
1449.3000 0.1014
1450.1000 0.1016
1452.3000 0.1017
1452.9000 0.1019
1456.6000 0.1021
1458.1000 0.1023
1458.6000 0.1024
1461.1000 0.1026
1466.7000 0.1028
1467.3000 0.1030
1467.8000 0.1031
1468.1000 0.1033
1471.7000 0.1035
1472.2000 0.1036
1474.2000 0.1038
1486.0000 0.1040
1486.1000 0.1042
1487.9000 0.1043
1489.3000 0.1045
1492.9000 0.1047
1500.9000 0.1049
1509.9000 0.1050
1518.0000 0.1052
1518.9000 0.1054
1520.3000 0.1056
1520.3000 0.1057
1520.5000 0.1059
1522.3000 0.1061
1529.8000 0.1062
1537.9000 0.1064
1542.6000 0.1066
1547.3000 0.1068
1549.9000 0.1069
1550.9000 0.1071
1554.9000 0.1073
1555.8000 0.1075
1557.3000 0.1076
1559.4000 0.1078
1569.1000 0.1080
1571.2000 0.1082
1579.4000 0.1083
1580.8000 0.1085
1585.8000 0.1087
1586.1000 0.1089
1589.0000 0.1090
1591.7000 0.1092
1598.3000 0.1094
1599.1000 0.1095
1604.0000 0.1097
1620.9000 0.1099
1621.1000 0.1101
1621.6000 0.1102
1622.9000 0.1104
1624.3000 0.1106
1627.7000 0.1108
1628.6000 0.1109
1629.7000 0.1111
1638.9000 0.1113
1643.4000 0.1115
1652.2000 0.1116
1665.7000 0.1118
1669.8000 0.1120
1674.1000 0.1122
1677.2000 0.1123
1678.0000 0.1125
1686.4000 0.1127
1691.6000 0.1128
1696.3000 0.1130
1701.3000 0.1132
1702.8000 0.1134
1707.5000 0.1135
1709.6000 0.1137
1710.6000 0.1139
1711.3000 0.1141
1714.3000 0.1142
1714.4000 0.1144
1716.3000 0.1146
1718.5000 0.1148
1720.4000 0.1149
1725.7000 0.1151
1728.9000 0.1153
1734.3000 0.1155
1734.8000 0.1156
1757.5000 0.1158
1759.9000 0.1160
1766.4000 0.1161
1788.1000 0.1163
1789.9000 0.1165
1791.3000 0.1167
1796.2000 0.1168
1800.9000 0.1170
1801.9000 0.1172
1805.0000 0.1174
1811.8000 0.1175
1816.4000 0.1177
1816.6000 0.1179
1818.8000 0.1181
1823.6000 0.1182
1824.5000 0.1184
1839.8000 0.1186
1847.7000 0.1187
1848.2000 0.1189
1855.2000 0.1191
1860.1000 0.1193
1860.5000 0.1194
1861.2000 0.1196
1869.0000 0.1198
1874.1000 0.1200
1878.6000 0.1201
1880.3000 0.1203
1888.8000 0.1205
1891.4000 0.1207
1894.7000 0.1208
1902.4000 0.1210
1909.4000 0.1212
1914.4000 0.1214
1917.3000 0.1215
1919.0000 0.1217
1920.1000 0.1219
1923.3000 0.1220
1939.7000 0.1222
1946.6000 0.1224
1948.3000 0.1226
1949.0000 0.1227
1950.0000 0.1229
1952.5000 0.1231
1960.6000 0.1233
1962.3000 0.1234
1963.2000 0.1236
1998.6000 0.1238
2005.6000 0.1240
2022.7000 0.1241
2024.1000 0.1243
2027.3000 0.1245
2029.2000 0.1247
2032.0000 0.1248
2036.9000 0.1250
2037.2000 0.1252
2040.4000 0.1253
2041.6000 0.1255
2043.3000 0.1257
2064.8000 0.1259
2065.8000 0.1260
2066.5000 0.1262
2070.2000 0.1264
2074.2000 0.1266
2082.4000 0.1267
2091.7000 0.1269
2094.2000 0.1271
2096.1000 0.1273
2114.9000 0.1274
2124.5000 0.1276
2126.3000 0.1278
2133.8000 0.1280
2134.2000 0.1281
2137.5000 0.1283
2148.3000 0.1285
2157.3000 0.1286
2175.6000 0.1288
2178.6000 0.1290
2180.0000 0.1292
2184.7000 0.1293
2192.9000 0.1295
2193.1000 0.1297
2193.5000 0.1299
2195.0000 0.1300
2197.7000 0.1302
2206.4000 0.1304
2207.9000 0.1306
2209.4000 0.1307
2211.2000 0.1309
2212.1000 0.1311
2240.4000 0.1312
2246.1000 0.1314
2259.6000 0.1316
2267.9000 0.1318
2274.0000 0.1319
2277.6000 0.1321
2294.7000 0.1323
2300.1000 0.1325
2307.1000 0.1326
2320.3000 0.1328
2320.5000 0.1330
2329.7000 0.1332
2331.3000 0.1333
2333.1000 0.1335
2336.2000 0.1337
2339.0000 0.1339
2349.2000 0.1340
2351.2000 0.1342
2354.4000 0.1344
2358.1000 0.1345
2370.9000 0.1347
2394.3000 0.1349
2400.0000 0.1351
2417.2000 0.1352
2441.7000 0.1354
2443.8000 0.1356
2455.9000 0.1358
2471.6000 0.1359
2471.8000 0.1361
2483.7000 0.1363
2500.2000 0.1365
2502.9000 0.1366
2513.0000 0.1368
2524.7000 0.1370
2534.8000 0.1372
2539.5000 0.1373
2539.7000 0.1375
2543.5000 0.1377
2573.1000 0.1378
2574.3000 0.1380
2579.8000 0.1382
2583.5000 0.1384
2591.1000 0.1385
2593.0000 0.1387
2642.4000 0.1389
2645.0000 0.1391
2658.0000 0.1392
2698.1000 0.1394
2699.3000 0.1396
2703.8000 0.1398
2726.8000 0.1399
2731.2000 0.1401
2746.5000 0.1403
2762.4000 0.1405
2763.8000 0.1406
2764.9000 0.1408
2776.5000 0.1410
2783.3000 0.1411
2823.5000 0.1413
2833.6000 0.1415
2849.3000 0.1417
2864.6000 0.1418
2871.3000 0.1420
2872.2000 0.1422
2877.5000 0.1424
2898.5000 0.1425
2902.6000 0.1427
2906.1000 0.1429
2908.2000 0.1431
2916.7000 0.1432
2926.2000 0.1434
2983.7000 0.1436
2986.3000 0.1437
3000.2000 0.1439
3028.2000 0.1441
3040.5000 0.1443
3080.7000 0.1444
3081.0000 0.1446
3088.1000 0.1448
3094.0000 0.1450
3114.2000 0.1451
3129.2000 0.1453
3141.6000 0.1455
3154.7000 0.1457
3178.4000 0.1458
3190.3000 0.1460
3203.2000 0.1462
3206.4000 0.1464
3236.2000 0.1465
3255.0000 0.1467
3255.8000 0.1469
3265.4000 0.1470
3289.6000 0.1472
3299.4000 0.1474
3316.9000 0.1476
3333.4000 0.1477
3368.6000 0.1479
3379.1000 0.1481
3417.6000 0.1483
3427.0000 0.1484
3429.9000 0.1486
3435.1000 0.1488
3446.8000 0.1490
3454.2000 0.1491
3455.6000 0.1493
3464.1000 0.1495
3466.8000 0.1497
3472.0000 0.1498
3472.6000 0.1500
3481.1000 0.1502
3484.9000 0.1503
3527.8000 0.1505
3542.4000 0.1507
3582.1000 0.1509
3583.2000 0.1510
3596.5000 0.1512
3613.6000 0.1514
3615.1000 0.1516
3637.3000 0.1517
3639.3000 0.1519
3646.6000 0.1521
3665.0000 0.1523
3672.5000 0.1524
3681.5000 0.1526
3694.1000 0.1528
3704.4000 0.1530
3723.1000 0.1531
3728.1000 0.1533
3733.4000 0.1535
3734.7000 0.1536
3751.2000 0.1538
3771.7000 0.1540
3771.9000 0.1542
3816.4000 0.1543
3833.0000 0.1545
3871.2000 0.1547
3879.7000 0.1549
3930.9000 0.1550
3973.9000 0.1552
3984.3000 0.1554
4004.0000 0.1556
4010.2000 0.1557
4012.3000 0.1559
4014.7000 0.1561
4022.8000 0.1562
4047.2000 0.1564
4072.1000 0.1566
4086.5000 0.1568
4105.8000 0.1569
4112.9000 0.1571
4123.8000 0.1573
4125.6000 0.1575
4128.5000 0.1576
4147.0000 0.1578
4151.3000 0.1580
4175.0000 0.1582
4187.2000 0.1583
4188.6000 0.1585
4254.4000 0.1587
4277.7000 0.1589
4284.4000 0.1590
4293.4000 0.1592
4293.7000 0.1594
4302.2000 0.1595
4329.0000 0.1597
4345.4000 0.1599
4377.5000 0.1601
4417.0000 0.1602
4419.4000 0.1604
4423.3000 0.1606
4448.8000 0.1608
4453.8000 0.1609
4459.0000 0.1611
4463.8000 0.1613
4467.5000 0.1615
4470.6000 0.1616
4476.3000 0.1618
4506.8000 0.1620
4540.0000 0.1622
4545.6000 0.1623
4554.0000 0.1625
4560.5000 0.1627
4563.9000 0.1628
4647.1000 0.1630
4658.4000 0.1632
4662.3000 0.1634
4664.0000 0.1635
4672.4000 0.1637
4673.5000 0.1639
4713.1000 0.1641
4733.7000 0.1642
4741.3000 0.1644
4742.8000 0.1646
4753.1000 0.1648
4774.8000 0.1649
4782.6000 0.1651
4796.0000 0.1653
4811.9000 0.1655
4813.0000 0.1656
4835.7000 0.1658
4843.6000 0.1660
4849.3000 0.1661
4850.4000 0.1663
4855.2000 0.1665
4858.8000 0.1667
4894.4000 0.1668
4899.0000 0.1670
4920.6000 0.1672
4942.1000 0.1674
4953.7000 0.1675
5011.0000 0.1677
5034.8000 0.1679
5038.2000 0.1681
5044.0000 0.1682
5089.5000 0.1684
5098.7000 0.1686
5178.8000 0.1687
5195.2000 0.1689
5202.8000 0.1691
5215.1000 0.1693
5234.1000 0.1694
5234.5000 0.1696
5249.7000 0.1698
5289.2000 0.1700
5294.8000 0.1701
5297.1000 0.1703
5312.3000 0.1705
5329.2000 0.1707
5349.0000 0.1708
5356.0000 0.1710
5356.9000 0.1712
5365.4000 0.1714
5369.2000 0.1715
5370.2000 0.1717
5374.6000 0.1719
5375.8000 0.1720
5378.7000 0.1722
5389.8000 0.1724
5396.1000 0.1726
5414.4000 0.1727
5435.8000 0.1729
5441.2000 0.1731
5515.9000 0.1733
5524.3000 0.1734
5526.0000 0.1736
5531.5000 0.1738
5539.8000 0.1740
5554.2000 0.1741
5573.2000 0.1743
5599.6000 0.1745
5623.2000 0.1747
5629.9000 0.1748
5647.8000 0.1750
5656.4000 0.1752
5658.8000 0.1753
5670.5000 0.1755
5689.2000 0.1757
5694.6000 0.1759
5700.7000 0.1760
5705.3000 0.1762
5739.4000 0.1764
5752.6000 0.1766
5764.7000 0.1767
5766.7000 0.1769
5829.4000 0.1771
5835.2000 0.1773
5855.6000 0.1774
5902.8000 0.1776
5935.4000 0.1778
5939.6000 0.1780
5972.3000 0.1781
5975.0000 0.1783
5980.1000 0.1785
6005.6000 0.1786
6060.3000 0.1788
6074.2000 0.1790
6079.1000 0.1792
6149.4000 0.1793
6171.7000 0.1795
6210.6000 0.1797
6211.9000 0.1799
6229.3000 0.1800
6233.2000 0.1802
6237.4000 0.1804
6238.9000 0.1806
6247.4000 0.1807
6255.4000 0.1809
6263.7000 0.1811
6270.0000 0.1812
6311.2000 0.1814
6330.4000 0.1816
6384.9000 0.1818
6385.5000 0.1819
6409.3000 0.1821
6444.8000 0.1823
6452.1000 0.1825
6486.7000 0.1826
6488.7000 0.1828
6491.3000 0.1830
6493.5000 0.1832
6508.5000 0.1833
6547.4000 0.1835
6571.4000 0.1837
6581.1000 0.1839
6581.4000 0.1840
6586.3000 0.1842
6588.7000 0.1844
6617.1000 0.1845
6630.0000 0.1847
6653.8000 0.1849
6691.2000 0.1851
6698.3000 0.1852
6706.2000 0.1854
6739.8000 0.1856
6745.3000 0.1858
6749.5000 0.1859
6769.8000 0.1861
6770.0000 0.1863
6777.0000 0.1865
6782.9000 0.1866
6800.6000 0.1868
6805.7000 0.1870
6824.6000 0.1872
6828.7000 0.1873
6853.0000 0.1875
6859.9000 0.1877
6875.6000 0.1878
6899.3000 0.1880
6902.5000 0.1882
6937.8000 0.1884
6973.2000 0.1885
6982.6000 0.1887
6995.8000 0.1889
7019.2000 0.1891
7038.4000 0.1892
7094.0000 0.1894
7100.5000 0.1896
7129.9000 0.1898
7130.8000 0.1899
7148.6000 0.1901
7149.5000 0.1903
7163.7000 0.1905
7225.0000 0.1906
7279.2000 0.1908
7290.4000 0.1910
7322.7000 0.1911
7324.6000 0.1913
7329.1000 0.1915
7386.1000 0.1917
7415.5000 0.1918
7428.2000 0.1920
7456.5000 0.1922
7460.1000 0.1924
7474.0000 0.1925
7511.7000 0.1927
7527.3000 0.1929
7580.2000 0.1931
7587.5000 0.1932
7599.4000 0.1934
7618.9000 0.1936
7628.8000 0.1937
7631.0000 0.1939
7636.3000 0.1941
7638.0000 0.1943
7649.9000 0.1944
7661.3000 0.1946
7714.0000 0.1948
7726.0000 0.1950
7732.2000 0.1951
7761.9000 0.1953
7770.5000 0.1955
7774.4000 0.1957
7775.5000 0.1958
7778.9000 0.1960
7792.5000 0.1962
7802.0000 0.1964
7807.4000 0.1965
7829.4000 0.1967
7834.1000 0.1969
7834.1000 0.1970
7835.3000 0.1972
7837.1000 0.1974
7846.4000 0.1976
7885.3000 0.1977
7890.0000 0.1979
7912.9000 0.1981
7920.8000 0.1983
7937.3000 0.1984
7944.9000 0.1986
7955.4000 0.1988
7960.9000 0.1990
7964.2000 0.1991
7969.1000 0.1993
7979.0000 0.1995
7997.6000 0.1997
8037.1000 0.1998
8043.7000 0.2000
8046.3000 0.2002
8054.0000 0.2003
8070.2000 0.2005
8090.1000 0.2007
8090.9000 0.2009
8128.3000 0.2010
8143.3000 0.2012
8163.8000 0.2014
8168.1000 0.2016
8170.3000 0.2017
8179.8000 0.2019
8183.2000 0.2021
8201.5000 0.2023
8256.4000 0.2024
8269.8000 0.2026
8289.2000 0.2028
8319.0000 0.2030
8319.8000 0.2031
8320.1000 0.2033
8347.0000 0.2035
8355.6000 0.2036
8356.7000 0.2038
8361.0000 0.2040
8363.4000 0.2042
8367.5000 0.2043
8378.7000 0.2045
8380.4000 0.2047
8381.7000 0.2049
8395.7000 0.2050
8407.8000 0.2052
8472.4000 0.2054
8478.8000 0.2056
8479.1000 0.2057
8479.4000 0.2059
8503.4000 0.2061
8522.0000 0.2062
8553.5000 0.2064
8562.8000 0.2066
8565.2000 0.2068
8584.2000 0.2069
8599.3000 0.2071
8609.2000 0.2073
8624.9000 0.2075
8643.9000 0.2076
8661.8000 0.2078
8672.5000 0.2080
8691.9000 0.2082
8695.5000 0.2083
8697.2000 0.2085
8706.7000 0.2087
8721.2000 0.2089
8795.0000 0.2090
8812.0000 0.2092
8849.3000 0.2094
8856.0000 0.2095
8875.3000 0.2097
8882.3000 0.2099
8889.1000 0.2101
8914.7000 0.2102
8937.6000 0.2104
8945.3000 0.2106
8948.5000 0.2108
8958.1000 0.2109
8987.2000 0.2111
8998.2000 0.2113
8998.6000 0.2115
9009.5000 0.2116
9029.7000 0.2118
9047.3000 0.2120
9054.8000 0.2122
9066.2000 0.2123
9071.6000 0.2125
9085.1000 0.2127
9101.0000 0.2128
9112.5000 0.2130
9125.6000 0.2132
9166.9000 0.2134
9207.7000 0.2135
9215.9000 0.2137
9227.5000 0.2139
9255.7000 0.2141
9272.2000 0.2142
9305.9000 0.2144
9324.7000 0.2146
9325.0000 0.2148
9330.2000 0.2149
9366.8000 0.2151
9385.8000 0.2153
9394.8000 0.2155
9420.0000 0.2156
9455.3000 0.2158
9524.5000 0.2160
9537.7000 0.2161
9547.9000 0.2163
9564.4000 0.2165
9573.8000 0.2167
9607.4000 0.2168
9610.4000 0.2170
9614.8000 0.2172
9630.7000 0.2174
9658.8000 0.2175
9667.3000 0.2177
9683.8000 0.2179
9714.3000 0.2181
9733.2000 0.2182
9735.1000 0.2184
9737.2000 0.2186
9758.2000 0.2187
9810.8000 0.2189
9817.3000 0.2191
9843.0000 0.2193
9844.6000 0.2194
9852.1000 0.2196
9860.8000 0.2198
9874.8000 0.2200
9934.6000 0.2201
9940.5000 0.2203
9951.3000 0.2205
9959.4000 0.2207
9989.0000 0.2208
10022.0000 0.2210
10039.5000 0.2212
10039.8000 0.2214
10044.5000 0.2215
10051.0000 0.2217
10102.7000 0.2219
10110.5000 0.2220
10171.0000 0.2222
10209.4000 0.2224
10233.5000 0.2226
10262.2000 0.2227
10266.5000 0.2229
10299.5000 0.2231
10380.5000 0.2233
10392.3000 0.2234
10404.3000 0.2236
10408.2000 0.2238
10419.3000 0.2240
10426.9000 0.2241
10426.9000 0.2243
10431.9000 0.2245
10473.7000 0.2247
10509.7000 0.2248
10612.2000 0.2250
10647.9000 0.2252
10653.9000 0.2253
10732.2000 0.2255
10802.3000 0.2257
10854.6000 0.2259
10873.8000 0.2260
10881.1000 0.2262
10902.5000 0.2264
10906.1000 0.2266
10908.6000 0.2267
10944.8000 0.2269
10949.9000 0.2271
10966.4000 0.2273
10970.8000 0.2274
10972.8000 0.2276
10974.5000 0.2278
10993.7000 0.2280
10999.7000 0.2281
11018.3000 0.2283
11043.2000 0.2285
11059.7000 0.2286
11074.6000 0.2288
11077.2000 0.2290
11135.2000 0.2292
11145.8000 0.2293
11146.6000 0.2295
11151.2000 0.2297
11202.9000 0.2299
11209.2000 0.2300
11220.8000 0.2302
11224.1000 0.2304
11285.1000 0.2306
11303.6000 0.2307
11344.3000 0.2309
11388.4000 0.2311
11407.2000 0.2312
11415.5000 0.2314
11415.6000 0.2316
11439.8000 0.2318
11443.0000 0.2319
11454.3000 0.2321
11579.5000 0.2323
11589.3000 0.2325
11599.9000 0.2326
11613.7000 0.2328
11628.6000 0.2330
11659.8000 0.2332
11678.5000 0.2333
11696.6000 0.2335
11711.3000 0.2337
11755.9000 0.2339
11771.7000 0.2340
11775.1000 0.2342
11828.4000 0.2344
11846.2000 0.2345
11852.4000 0.2347
11880.4000 0.2349
11922.7000 0.2351
11922.9000 0.2352
11933.2000 0.2354
11934.1000 0.2356
