# messageDelay  cumulativeProbability
0.2000 0.0002
0.2000 0.0003
0.2000 0.0005
0.2000 0.0007
0.2000 0.0009
0.2000 0.0010
0.2000 0.0012
0.2000 0.0014
0.2000 0.0016
0.2000 0.0017
0.2000 0.0019
0.2000 0.0021
0.2000 0.0023
0.2000 0.0024
0.2000 0.0026
0.2000 0.0028
0.2000 0.0030
0.2000 0.0031
0.2000 0.0033
0.2000 0.0035
1.5000 0.0036
6.1000 0.0038
7.9000 0.0040
22.9000 0.0042
24.3000 0.0043
47.3000 0.0045
51.1000 0.0047
51.5000 0.0049
71.6000 0.0050
74.3000 0.0052
75.2000 0.0054
79.2000 0.0056
80.0000 0.0057
81.4000 0.0059
83.4000 0.0061
87.3000 0.0063
88.3000 0.0064
95.0000 0.0066
99.2000 0.0068
100.4000 0.0069
104.2000 0.0071
105.5000 0.0073
108.4000 0.0075
111.3000 0.0076
116.5000 0.0078
116.8000 0.0080
118.3000 0.0082
126.4000 0.0083
132.0000 0.0085
144.0000 0.0087
145.0000 0.0089
145.3000 0.0090
146.7000 0.0092
151.3000 0.0094
173.0000 0.0095
175.8000 0.0097
177.1000 0.0099
178.0000 0.0101
184.7000 0.0102
187.7000 0.0104
188.2000 0.0106
194.6000 0.0108
195.8000 0.0109
196.3000 0.0111
199.2000 0.0113
200.2000 0.0115
205.5000 0.0116
205.9000 0.0118
208.5000 0.0120
214.2000 0.0122
219.0000 0.0123
234.6000 0.0125
237.6000 0.0127
242.4000 0.0128
247.9000 0.0130
249.3000 0.0132
251.1000 0.0134
251.5000 0.0135
255.3000 0.0137
256.5000 0.0139
256.9000 0.0141
259.2000 0.0142
259.6000 0.0144
273.1000 0.0146
273.5000 0.0148
274.0000 0.0149
274.1000 0.0151
283.9000 0.0153
286.4000 0.0155
290.5000 0.0156
293.1000 0.0158
297.3000 0.0160
303.2000 0.0161
303.6000 0.0163
305.1000 0.0165
310.7000 0.0167
311.0000 0.0168
312.6000 0.0170
318.0000 0.0172
318.8000 0.0174
319.2000 0.0175
320.9000 0.0177
321.6000 0.0179
324.1000 0.0181
328.4000 0.0182
328.7000 0.0184
330.0000 0.0186
333.5000 0.0187
335.5000 0.0189
338.0000 0.0191
338.9000 0.0193
339.3000 0.0194
345.2000 0.0196
349.6000 0.0198
349.8000 0.0200
354.4000 0.0201
356.2000 0.0203
359.0000 0.0205
360.0000 0.0207
361.0000 0.0208
368.5000 0.0210
369.4000 0.0212
373.6000 0.0214
375.4000 0.0215
376.3000 0.0217
378.4000 0.0219
380.6000 0.0220
380.7000 0.0222
384.3000 0.0224
388.5000 0.0226
388.6000 0.0227
391.7000 0.0229
392.1000 0.0231
394.6000 0.0233
395.5000 0.0234
400.7000 0.0236
401.2000 0.0238
403.0000 0.0240
404.3000 0.0241
404.4000 0.0243
407.9000 0.0245
408.6000 0.0247
410.1000 0.0248
411.0000 0.0250
411.0000 0.0252
411.2000 0.0253
415.9000 0.0255
420.3000 0.0257
421.7000 0.0259
422.6000 0.0260
425.5000 0.0262
425.5000 0.0264
427.1000 0.0266
428.6000 0.0267
431.4000 0.0269
432.1000 0.0271
435.0000 0.0273
435.0000 0.0274
436.1000 0.0276
438.2000 0.0278
438.3000 0.0280
438.7000 0.0281
441.8000 0.0283
442.0000 0.0285
443.6000 0.0286
443.8000 0.0288
444.4000 0.0290
446.7000 0.0292
446.8000 0.0293
449.7000 0.0295
450.5000 0.0297
451.6000 0.0299
451.9000 0.0300
454.3000 0.0302
456.3000 0.0304
457.9000 0.0306
462.8000 0.0307
463.5000 0.0309
463.7000 0.0311
463.9000 0.0312
464.9000 0.0314
465.0000 0.0316
465.6000 0.0318
470.6000 0.0319
470.6000 0.0321
472.2000 0.0323
474.9000 0.0325
475.3000 0.0326
476.6000 0.0328
478.3000 0.0330
479.6000 0.0332
485.0000 0.0333
489.3000 0.0335
491.1000 0.0337
492.3000 0.0339
494.9000 0.0340
495.7000 0.0342
495.8000 0.0344
497.0000 0.0345
501.1000 0.0347
501.7000 0.0349
504.1000 0.0351
505.0000 0.0352
505.7000 0.0354
509.6000 0.0356
509.6000 0.0358
512.2000 0.0359
513.8000 0.0361
516.5000 0.0363
516.9000 0.0365
518.5000 0.0366
519.3000 0.0368
521.4000 0.0370
523.4000 0.0372
526.6000 0.0373
528.8000 0.0375
530.0000 0.0377
530.6000 0.0378
532.9000 0.0380
536.6000 0.0382
537.3000 0.0384
537.6000 0.0385
537.8000 0.0387
538.7000 0.0389
538.8000 0.0391
539.6000 0.0392
540.1000 0.0394
546.5000 0.0396
550.9000 0.0398
551.6000 0.0399
552.4000 0.0401
553.6000 0.0403
556.8000 0.0405
557.4000 0.0406
558.9000 0.0408
563.2000 0.0410
564.0000 0.0411
564.1000 0.0413
564.1000 0.0415
565.7000 0.0417
568.2000 0.0418
568.4000 0.0420
568.8000 0.0422
569.5000 0.0424
570.4000 0.0425
571.8000 0.0427
573.2000 0.0429
576.6000 0.0431
577.0000 0.0432
578.0000 0.0434
578.7000 0.0436
582.2000 0.0437
583.3000 0.0439
583.9000 0.0441
586.0000 0.0443
586.5000 0.0444
589.3000 0.0446
589.5000 0.0448
590.1000 0.0450
590.8000 0.0451
592.1000 0.0453
592.3000 0.0455
599.5000 0.0457
601.4000 0.0458
604.4000 0.0460
604.6000 0.0462
604.7000 0.0464
605.0000 0.0465
607.9000 0.0467
608.4000 0.0469
613.9000 0.0470
614.5000 0.0472
614.8000 0.0474
615.8000 0.0476
615.9000 0.0477
616.9000 0.0479
620.4000 0.0481
621.3000 0.0483
622.9000 0.0484
624.0000 0.0486
626.2000 0.0488
626.3000 0.0490
627.2000 0.0491
628.3000 0.0493
629.3000 0.0495
629.4000 0.0497
629.8000 0.0498
630.9000 0.0500
633.2000 0.0502
633.8000 0.0503
634.9000 0.0505
637.4000 0.0507
637.5000 0.0509
639.1000 0.0510
639.2000 0.0512
641.4000 0.0514
643.1000 0.0516
643.1000 0.0517
643.4000 0.0519
644.0000 0.0521
647.9000 0.0523
648.3000 0.0524
648.4000 0.0526
648.7000 0.0528
648.8000 0.0530
649.0000 0.0531
650.0000 0.0533
650.4000 0.0535
650.5000 0.0536
652.9000 0.0538
654.0000 0.0540
654.8000 0.0542
660.5000 0.0543
661.2000 0.0545
665.1000 0.0547
666.9000 0.0549
666.9000 0.0550
668.7000 0.0552
668.8000 0.0554
670.4000 0.0556
671.0000 0.0557
672.1000 0.0559
675.9000 0.0561
676.0000 0.0562
678.6000 0.0564
679.1000 0.0566
679.4000 0.0568
684.3000 0.0569
686.0000 0.0571
686.5000 0.0573
689.0000 0.0575
689.1000 0.0576
692.7000 0.0578
693.4000 0.0580
693.6000 0.0582
693.8000 0.0583
694.1000 0.0585
694.9000 0.0587
695.1000 0.0589
696.3000 0.0590
696.9000 0.0592
697.0000 0.0594
698.0000 0.0595
698.5000 0.0597
701.4000 0.0599
701.7000 0.0601
702.8000 0.0602
703.7000 0.0604
703.7000 0.0606
707.3000 0.0608
710.3000 0.0609
710.8000 0.0611
712.0000 0.0613
712.0000 0.0615
714.8000 0.0616
716.0000 0.0618
716.5000 0.0620
717.6000 0.0622
718.4000 0.0623
718.7000 0.0625
719.4000 0.0627
720.9000 0.0628
721.7000 0.0630
722.5000 0.0632
724.8000 0.0634
726.3000 0.0635
735.1000 0.0637
735.7000 0.0639
740.0000 0.0641
741.0000 0.0642
742.1000 0.0644
743.3000 0.0646
746.0000 0.0648
750.7000 0.0649
751.2000 0.0651
751.9000 0.0653
752.1000 0.0655
752.9000 0.0656
754.6000 0.0658
755.0000 0.0660
759.2000 0.0661
759.6000 0.0663
760.9000 0.0665
761.1000 0.0667
761.3000 0.0668
761.4000 0.0670
763.6000 0.0672
765.3000 0.0674
767.0000 0.0675
769.7000 0.0677
770.3000 0.0679
771.6000 0.0681
771.8000 0.0682
773.9000 0.0684
774.6000 0.0686
774.7000 0.0687
774.8000 0.0689
776.2000 0.0691
779.3000 0.0693
780.6000 0.0694
781.3000 0.0696
781.8000 0.0698
781.8000 0.0700
782.8000 0.0701
783.1000 0.0703
783.6000 0.0705
785.0000 0.0707
787.4000 0.0708
789.9000 0.0710
790.7000 0.0712
790.8000 0.0714
791.1000 0.0715
792.5000 0.0717
793.4000 0.0719
795.1000 0.0720
795.3000 0.0722
796.8000 0.0724
798.5000 0.0726
800.2000 0.0727
801.6000 0.0729
803.0000 0.0731
803.1000 0.0733
803.1000 0.0734
805.2000 0.0736
806.8000 0.0738
808.7000 0.0740
808.9000 0.0741
809.6000 0.0743
810.0000 0.0745
811.3000 0.0747
812.3000 0.0748
814.3000 0.0750
815.7000 0.0752
816.3000 0.0753
818.5000 0.0755
818.5000 0.0757
818.7000 0.0759
818.8000 0.0760
819.8000 0.0762
822.9000 0.0764
825.8000 0.0766
828.1000 0.0767
828.9000 0.0769
833.5000 0.0771
833.6000 0.0773
833.8000 0.0774
836.4000 0.0776
836.6000 0.0778
836.7000 0.0780
839.1000 0.0781
839.9000 0.0783
840.3000 0.0785
841.2000 0.0786
844.5000 0.0788
845.5000 0.0790
846.3000 0.0792
848.7000 0.0793
849.4000 0.0795
852.2000 0.0797
853.6000 0.0799
854.3000 0.0800
855.6000 0.0802
856.2000 0.0804
858.3000 0.0806
859.9000 0.0807
861.7000 0.0809
862.7000 0.0811
865.5000 0.0812
869.9000 0.0814
871.0000 0.0816
871.6000 0.0818
872.3000 0.0819
872.4000 0.0821
875.4000 0.0823
877.6000 0.0825
879.1000 0.0826
882.1000 0.0828
882.2000 0.0830
882.8000 0.0832
885.4000 0.0833
887.7000 0.0835
888.2000 0.0837
889.1000 0.0839
890.3000 0.0840
892.4000 0.0842
893.1000 0.0844
894.0000 0.0845
894.5000 0.0847
894.7000 0.0849
897.9000 0.0851
898.0000 0.0852
904.9000 0.0854
905.8000 0.0856
910.2000 0.0858
910.6000 0.0859
911.3000 0.0861
911.3000 0.0863
914.1000 0.0865
916.2000 0.0866
917.4000 0.0868
919.9000 0.0870
920.1000 0.0872
923.6000 0.0873
925.6000 0.0875
926.5000 0.0877
926.7000 0.0878
931.9000 0.0880
934.7000 0.0882
935.8000 0.0884
936.4000 0.0885
938.7000 0.0887
939.6000 0.0889
940.2000 0.0891
944.2000 0.0892
946.6000 0.0894
946.9000 0.0896
947.0000 0.0898
948.1000 0.0899
948.5000 0.0901
949.4000 0.0903
950.1000 0.0905
950.5000 0.0906
951.2000 0.0908
952.3000 0.0910
953.0000 0.0911
953.5000 0.0913
954.6000 0.0915
955.8000 0.0917
958.7000 0.0918
959.6000 0.0920
962.1000 0.0922
964.6000 0.0924
964.7000 0.0925
965.1000 0.0927
965.4000 0.0929
966.8000 0.0931
969.1000 0.0932
969.2000 0.0934
971.3000 0.0936
971.8000 0.0937
974.6000 0.0939
975.1000 0.0941
975.3000 0.0943
975.6000 0.0944
980.8000 0.0946
981.9000 0.0948
983.5000 0.0950
987.2000 0.0951
987.8000 0.0953
990.9000 0.0955
991.6000 0.0957
993.1000 0.0958
993.5000 0.0960
994.4000 0.0962
994.6000 0.0964
994.8000 0.0965
998.4000 0.0967
999.0000 0.0969
1000.0000 0.0970
1002.7000 0.0972
1004.1000 0.0974
1005.1000 0.0976
1006.1000 0.0977
1006.6000 0.0979
1008.1000 0.0981
1009.5000 0.0983
1010.1000 0.0984
1010.7000 0.0986
1015.8000 0.0988
1016.6000 0.0990
1018.3000 0.0991
1018.7000 0.0993
1021.4000 0.0995
1022.5000 0.0997
1025.8000 0.0998
1026.5000 0.1000
1030.0000 0.1002
1030.1000 0.1003
1030.5000 0.1005
1033.2000 0.1007
1034.1000 0.1009
1035.8000 0.1010
1040.0000 0.1012
1041.4000 0.1014
1042.6000 0.1016
1044.0000 0.1017
1044.2000 0.1019
1044.4000 0.1021
1045.7000 0.1023
1047.0000 0.1024
1048.0000 0.1026
1049.3000 0.1028
1049.3000 0.1030
1049.4000 0.1031
1052.7000 0.1033
1053.1000 0.1035
1053.8000 0.1036
1058.4000 0.1038
1058.6000 0.1040
1059.2000 0.1042
1060.4000 0.1043
1061.2000 0.1045
1062.8000 0.1047
1062.8000 0.1049
1063.5000 0.1050
1069.0000 0.1052
1069.0000 0.1054
1069.1000 0.1056
1069.1000 0.1057
1072.0000 0.1059
1072.0000 0.1061
1072.4000 0.1062
1073.0000 0.1064
1075.0000 0.1066
1076.0000 0.1068
1077.6000 0.1069
1078.8000 0.1071
1081.4000 0.1073
1081.6000 0.1075
1087.3000 0.1076
1087.6000 0.1078
1087.9000 0.1080
1088.2000 0.1082
1090.0000 0.1083
1090.7000 0.1085
1092.5000 0.1087
1093.5000 0.1089
1095.7000 0.1090
1099.2000 0.1092
1100.0000 0.1094
1101.6000 0.1095
1102.3000 0.1097
1107.3000 0.1099
1107.5000 0.1101
1110.2000 0.1102
1110.4000 0.1104
1112.5000 0.1106
1114.5000 0.1108
1114.8000 0.1109
1116.8000 0.1111
1117.5000 0.1113
1117.6000 0.1115
1123.6000 0.1116
1124.7000 0.1118
1126.4000 0.1120
1126.6000 0.1122
1127.5000 0.1123
1128.6000 0.1125
1128.9000 0.1127
1128.9000 0.1128
1129.4000 0.1130
1129.4000 0.1132
1130.6000 0.1134
1133.8000 0.1135
1134.4000 0.1137
1135.5000 0.1139
1135.6000 0.1141
1136.3000 0.1142
1136.9000 0.1144
1140.2000 0.1146
1144.1000 0.1148
1144.4000 0.1149
1151.5000 0.1151
1151.6000 0.1153
1153.6000 0.1155
1154.3000 0.1156
1154.4000 0.1158
1154.9000 0.1160
1156.4000 0.1161
1158.1000 0.1163
1158.8000 0.1165
1158.9000 0.1167
1159.0000 0.1168
1159.4000 0.1170
1159.8000 0.1172
1159.8000 0.1174
1162.3000 0.1175
1162.8000 0.1177
1163.0000 0.1179
1163.9000 0.1181
1164.2000 0.1182
1164.5000 0.1184
1164.8000 0.1186
1165.1000 0.1187
1168.7000 0.1189
1169.3000 0.1191
1169.7000 0.1193
1170.9000 0.1194
1172.0000 0.1196
1175.4000 0.1198
1177.3000 0.1200
1185.1000 0.1201
1185.4000 0.1203
1188.3000 0.1205
1188.9000 0.1207
1190.7000 0.1208
1190.8000 0.1210
1191.2000 0.1212
1198.2000 0.1214
1202.5000 0.1215
1205.1000 0.1217
1205.7000 0.1219
1211.6000 0.1220
1215.5000 0.1222
1221.0000 0.1224
1222.7000 0.1226
1223.5000 0.1227
1223.9000 0.1229
1225.8000 0.1231
1226.2000 0.1233
1228.1000 0.1234
1230.6000 0.1236
1231.4000 0.1238
1231.6000 0.1240
1232.3000 0.1241
1233.8000 0.1243
1236.5000 0.1245
1239.8000 0.1247
1243.0000 0.1248
1244.6000 0.1250
1244.8000 0.1252
1247.9000 0.1253
1248.0000 0.1255
1249.3000 0.1257
1250.1000 0.1259
1250.9000 0.1260
1253.6000 0.1262
1255.0000 0.1264
1256.9000 0.1266
1258.5000 0.1267
1260.3000 0.1269
1260.7000 0.1271
1263.1000 0.1273
1264.3000 0.1274
1264.9000 0.1276
1266.0000 0.1278
1266.3000 0.1280
1267.8000 0.1281
1268.7000 0.1283
1268.9000 0.1285
1269.8000 0.1286
1270.7000 0.1288
1270.8000 0.1290
1275.9000 0.1292
1277.3000 0.1293
1287.6000 0.1295
1289.6000 0.1297
1290.9000 0.1299
1290.9000 0.1300
1290.9000 0.1302
1299.1000 0.1304
1299.9000 0.1306
1300.4000 0.1307
1302.2000 0.1309
1303.4000 0.1311
1304.5000 0.1312
1304.6000 0.1314
1307.5000 0.1316
1308.4000 0.1318
1308.6000 0.1319
1310.4000 0.1321
1310.9000 0.1323
1319.4000 0.1325
1320.2000 0.1326
1320.9000 0.1328
1321.5000 0.1330
1323.0000 0.1332
1323.6000 0.1333
1324.2000 0.1335
1326.6000 0.1337
1327.6000 0.1339
1327.7000 0.1340
1328.7000 0.1342
1330.3000 0.1344
1333.7000 0.1345
1334.2000 0.1347
1335.8000 0.1349
1335.9000 0.1351
1340.5000 0.1352
1342.6000 0.1354
1343.3000 0.1356
1343.7000 0.1358
1345.4000 0.1359
1345.8000 0.1361
1346.4000 0.1363
1347.5000 0.1365
1348.2000 0.1366
1349.0000 0.1368
1349.5000 0.1370
1351.1000 0.1372
1362.0000 0.1373
1362.1000 0.1375
1365.8000 0.1377
1366.1000 0.1378
1367.2000 0.1380
1367.7000 0.1382
1368.8000 0.1384
1374.8000 0.1385
1376.4000 0.1387
1376.5000 0.1389
1380.9000 0.1391
1381.1000 0.1392
1381.9000 0.1394
1382.4000 0.1396
1383.3000 0.1398
1386.5000 0.1399
1389.3000 0.1401
1394.5000 0.1403
1395.0000 0.1405
1398.3000 0.1406
1398.4000 0.1408
1399.5000 0.1410
1400.2000 0.1411
1403.2000 0.1413
1403.8000 0.1415
1405.2000 0.1417
1405.9000 0.1418
1407.8000 0.1420
1409.9000 0.1422
1410.5000 0.1424
1412.2000 0.1425
1414.3000 0.1427
1415.6000 0.1429
1417.1000 0.1431
1417.3000 0.1432
1418.6000 0.1434
1420.3000 0.1436
1421.6000 0.1437
1422.7000 0.1439
1422.9000 0.1441
1425.3000 0.1443
1426.8000 0.1444
1426.8000 0.1446
1428.8000 0.1448
1429.8000 0.1450
1431.0000 0.1451
1431.5000 0.1453
1433.2000 0.1455
1436.3000 0.1457
1441.5000 0.1458
1449.0000 0.1460
1449.3000 0.1462
1449.3000 0.1464
1452.4000 0.1465
1452.7000 0.1467
1452.9000 0.1469
1453.6000 0.1470
1454.0000 0.1472
1456.6000 0.1474
1458.1000 0.1476
1458.6000 0.1477
1458.8000 0.1479
1459.4000 0.1481
1462.2000 0.1483
1465.7000 0.1484
1466.7000 0.1486
1467.3000 0.1488
1467.8000 0.1490
1468.1000 0.1491
1471.7000 0.1493
1472.0000 0.1495
1472.7000 0.1497
1474.2000 0.1498
1477.8000 0.1500
1479.1000 0.1502
1480.2000 0.1503
1480.9000 0.1505
1481.3000 0.1507
1485.4000 0.1509
1486.1000 0.1510
1487.9000 0.1512
1489.3000 0.1514
1492.9000 0.1516
1500.2000 0.1517
1500.9000 0.1519
1503.1000 0.1521
1508.4000 0.1523
1509.9000 0.1524
1515.6000 0.1526
1516.2000 0.1528
1518.0000 0.1530
1518.9000 0.1531
1520.3000 0.1533
1520.5000 0.1535
1520.5000 0.1536
1522.3000 0.1538
1525.4000 0.1540
1529.1000 0.1542
1529.8000 0.1543
1532.4000 0.1545
1537.9000 0.1547
1539.2000 0.1549
1539.4000 0.1550
1542.6000 0.1552
1542.7000 0.1554
1547.3000 0.1556
1549.9000 0.1557
1550.9000 0.1559
1552.0000 0.1561
1554.9000 0.1562
1555.8000 0.1564
1557.5000 0.1566
1559.6000 0.1568
1569.1000 0.1569
1571.2000 0.1571
1579.6000 0.1573
1580.7000 0.1575
1580.8000 0.1576
1585.4000 0.1578
1586.0000 0.1580
1586.3000 0.1582
1589.0000 0.1583
1591.2000 0.1585
1591.7000 0.1587
1593.7000 0.1589
1598.0000 0.1590
1598.3000 0.1592
1604.0000 0.1594
1608.6000 0.1595
1611.3000 0.1597
1613.9000 0.1599
1615.0000 0.1601
1620.9000 0.1602
1621.2000 0.1604
1621.3000 0.1606
1622.9000 0.1608
1622.9000 0.1609
1623.9000 0.1611
1624.3000 0.1613
1627.7000 0.1615
1629.1000 0.1616
1629.8000 0.1618
1629.9000 0.1620
1630.7000 0.1622
1639.6000 0.1623
1639.7000 0.1625
1640.7000 0.1627
1643.4000 0.1628
1647.3000 0.1630
1651.3000 0.1632
1652.2000 0.1634
1652.2000 0.1635
1658.7000 0.1637
1662.9000 0.1639
1663.4000 0.1641
1665.5000 0.1642
1666.6000 0.1644
1670.2000 0.1646
1670.7000 0.1648
1672.5000 0.1649
1674.1000 0.1651
1676.3000 0.1653
1677.1000 0.1655
1677.2000 0.1656
1678.0000 0.1658
1679.9000 0.1660
1680.7000 0.1661
1686.6000 0.1663
1696.3000 0.1665
1697.8000 0.1667
1701.3000 0.1668
1702.8000 0.1670
1707.5000 0.1672
1709.6000 0.1674
1711.3000 0.1675
1712.4000 0.1677
1714.3000 0.1679
1714.4000 0.1681
1716.1000 0.1682
1718.5000 0.1684
1720.0000 0.1686
1720.4000 0.1687
1721.5000 0.1689
1724.5000 0.1691
1725.9000 0.1693
1728.9000 0.1694
1734.6000 0.1696
1734.8000 0.1698
1735.2000 0.1700
1741.4000 0.1701
1751.1000 0.1703
1756.8000 0.1705
1757.5000 0.1707
1759.9000 0.1708
1764.2000 0.1710
1766.4000 0.1712
1782.9000 0.1714
1782.9000 0.1715
1788.3000 0.1717
1790.4000 0.1719
1791.1000 0.1720
1793.8000 0.1722
1796.2000 0.1724
1800.9000 0.1726
1804.8000 0.1727
1804.9000 0.1729
1805.1000 0.1731
1805.9000 0.1733
1811.8000 0.1734
1816.4000 0.1736
1817.2000 0.1738
1817.3000 0.1740
1818.6000 0.1741
1818.8000 0.1743
1822.2000 0.1745
1823.2000 0.1747
1824.2000 0.1748
1824.5000 0.1750
1828.9000 0.1752
1840.0000 0.1753
1840.3000 0.1755
1841.1000 0.1757
1848.1000 0.1759
1848.2000 0.1760
1855.2000 0.1762
1859.9000 0.1764
1861.4000 0.1766
1863.0000 0.1767
1864.0000 0.1769
1865.9000 0.1771
1867.4000 0.1773
1872.3000 0.1774
1874.1000 0.1776
1875.7000 0.1778
1878.3000 0.1780
1878.6000 0.1781
1880.8000 0.1783
1881.0000 0.1785
1889.0000 0.1786
1891.4000 0.1788
1894.6000 0.1790
1894.7000 0.1792
1894.7000 0.1793
1902.4000 0.1795
1909.4000 0.1797
1910.2000 0.1799
1914.4000 0.1800
1917.3000 0.1802
1919.0000 0.1804
1920.1000 0.1806
1920.1000 0.1807
1923.1000 0.1809
1926.4000 0.1811
1928.2000 0.1812
1939.7000 0.1814
1942.0000 0.1816
1946.5000 0.1818
1946.6000 0.1819
1948.7000 0.1821
1949.0000 0.1823
1950.0000 0.1825
1952.4000 0.1826
1952.5000 0.1828
1960.9000 0.1830
1963.2000 0.1832
1963.2000 0.1833
1971.1000 0.1835
1978.4000 0.1837
1989.4000 0.1839
1996.4000 0.1840
1998.6000 0.1842
2005.8000 0.1844
2009.9000 0.1845
2010.9000 0.1847
2013.1000 0.1849
2022.9000 0.1851
2024.1000 0.1852
2024.4000 0.1854
2028.2000 0.1856
2032.0000 0.1858
2036.9000 0.1859
2037.2000 0.1861
2040.9000 0.1863
2041.1000 0.1865
2041.6000 0.1866
2043.4000 0.1868
2043.9000 0.1870
2050.0000 0.1872
2058.2000 0.1873
2064.8000 0.1875
2065.6000 0.1877
2070.2000 0.1878
2072.4000 0.1880
2074.2000 0.1882
2082.4000 0.1884
2092.9000 0.1885
2096.3000 0.1887
2102.7000 0.1889
2110.0000 0.1891
2120.5000 0.1892
2126.3000 0.1894
2129.8000 0.1896
2130.1000 0.1898
2132.4000 0.1899
2133.8000 0.1901
2134.2000 0.1903
2137.5000 0.1905
2140.3000 0.1906
2140.9000 0.1908
2146.1000 0.1910
2147.8000 0.1911
2148.3000 0.1913
2152.3000 0.1915
2153.2000 0.1917
2157.3000 0.1918
2166.2000 0.1920
2175.6000 0.1922
2180.0000 0.1924
2180.2000 0.1925
2180.3000 0.1927
2183.1000 0.1929
2192.2000 0.1931
2194.3000 0.1932
2194.5000 0.1934
2195.0000 0.1936
2197.7000 0.1937
2201.3000 0.1939
2205.6000 0.1941
2206.2000 0.1943
2206.4000 0.1944
2207.5000 0.1946
2209.1000 0.1948
2209.4000 0.1950
2212.3000 0.1951
2219.9000 0.1953
2222.1000 0.1955
2222.7000 0.1957
2223.1000 0.1958
2240.4000 0.1960
2241.7000 0.1962
2246.3000 0.1964
2253.2000 0.1965
2256.9000 0.1967
2259.5000 0.1969
2266.1000 0.1970
2266.7000 0.1972
2268.1000 0.1974
2270.3000 0.1976
2277.6000 0.1977
2294.9000 0.1979
2306.3000 0.1981
2320.1000 0.1983
2320.5000 0.1984
2320.7000 0.1986
2321.7000 0.1988
2323.1000 0.1990
2329.4000 0.1991
2331.5000 0.1993
2334.7000 0.1995
2336.2000 0.1997
2339.2000 0.1998
2340.2000 0.2000
2341.0000 0.2002
2349.2000 0.2003
2351.4000 0.2005
2358.3000 0.2007
2360.4000 0.2009
2363.9000 0.2010
2368.0000 0.2012
2370.9000 0.2014
2375.8000 0.2016
2393.7000 0.2017
2396.3000 0.2019
2400.0000 0.2021
2417.0000 0.2023
2433.0000 0.2024
2441.7000 0.2026
2444.0000 0.2028
2447.1000 0.2030
2453.7000 0.2031
2455.9000 0.2033
2456.4000 0.2035
2471.6000 0.2036
2479.3000 0.2038
2483.5000 0.2040
2502.5000 0.2042
2509.6000 0.2043
2510.8000 0.2045
2533.7000 0.2047
2539.7000 0.2049
2543.5000 0.2050
2546.8000 0.2052
2549.1000 0.2054
2559.3000 0.2056
2574.4000 0.2057
2580.0000 0.2059
2585.0000 0.2061
2589.5000 0.2062
2591.6000 0.2064
2593.0000 0.2066
2600.2000 0.2068
2601.7000 0.2069
2619.1000 0.2071
2625.0000 0.2073
2640.2000 0.2075
2642.1000 0.2076
2656.5000 0.2078
2658.0000 0.2080
2692.0000 0.2082
2693.8000 0.2083
2698.8000 0.2085
2718.6000 0.2087
2723.8000 0.2089
2728.1000 0.2090
2731.4000 0.2092
2747.7000 0.2094
2758.2000 0.2095
2764.4000 0.2097
2765.0000 0.2099
2785.9000 0.2101
2786.8000 0.2102
2809.8000 0.2104
2815.5000 0.2106
2834.3000 0.2108
2846.7000 0.2109
2866.7000 0.2111
2868.9000 0.2113
2872.6000 0.2115
2878.1000 0.2116
2879.8000 0.2118
2884.3000 0.2120
2902.7000 0.2122
2908.8000 0.2123
2913.0000 0.2125
2916.5000 0.2127
2917.5000 0.2128
2926.2000 0.2130
2935.0000 0.2132
2935.9000 0.2134
2963.7000 0.2135
2965.6000 0.2137
2971.9000 0.2139
2981.8000 0.2141
2982.5000 0.2142
2983.3000 0.2144
3000.2000 0.2146
3007.0000 0.2148
3008.8000 0.2149
3021.0000 0.2151
3021.0000 0.2153
3037.6000 0.2155
3057.8000 0.2156
3058.5000 0.2158
3061.8000 0.2160
3065.8000 0.2161
3071.2000 0.2163
3071.3000 0.2165
3080.7000 0.2167
3081.0000 0.2168
3082.8000 0.2170
3085.3000 0.2172
3086.4000 0.2174
3094.0000 0.2175
3096.5000 0.2177
3114.2000 0.2179
3122.4000 0.2181
3129.4000 0.2182
3132.8000 0.2184
3155.7000 0.2186
3173.1000 0.2187
3178.4000 0.2189
3188.2000 0.2191
3200.5000 0.2193
3206.4000 0.2194
3236.2000 0.2196
3255.8000 0.2198
3257.8000 0.2200
3259.1000 0.2201
3265.8000 0.2203
3275.4000 0.2205
3289.8000 0.2207
3293.4000 0.2208
3301.2000 0.2210
3302.2000 0.2212
3308.0000 0.2214
3333.4000 0.2215
3340.1000 0.2217
3347.0000 0.2219
3368.6000 0.2220
3376.9000 0.2222
3383.9000 0.2224
3401.4000 0.2226
3402.2000 0.2227
3416.3000 0.2229
3417.6000 0.2231
3422.4000 0.2233
3429.7000 0.2234
3434.3000 0.2236
3446.8000 0.2238
3448.3000 0.2240
3455.0000 0.2241
3459.4000 0.2243
3464.1000 0.2245
3467.0000 0.2247
3471.1000 0.2248
3471.9000 0.2250
3473.1000 0.2252
3481.1000 0.2253
3484.8000 0.2255
3484.9000 0.2257
3518.7000 0.2259
3519.2000 0.2260
3520.7000 0.2262
3524.6000 0.2264
3526.0000 0.2266
3536.2000 0.2267
3540.8000 0.2269
3542.6000 0.2271
3560.0000 0.2273
3570.9000 0.2274
3582.1000 0.2276
3583.2000 0.2278
3590.0000 0.2280
3596.5000 0.2281
3604.5000 0.2283
3610.3000 0.2285
3613.8000 0.2286
3615.1000 0.2288
3618.3000 0.2290
3631.4000 0.2292
3633.3000 0.2293
3639.7000 0.2295
3641.2000 0.2297
3649.8000 0.2299
3664.0000 0.2300
3664.8000 0.2302
3672.5000 0.2304
3681.9000 0.2306
3694.2000 0.2307
3696.5000 0.2309
3704.6000 0.2311
3715.0000 0.2312
3722.7000 0.2314
3732.5000 0.2316
3733.4000 0.2318
3735.1000 0.2319
3736.3000 0.2321
3736.7000 0.2323
3737.3000 0.2325
3743.0000 0.2326
3751.2000 0.2328
3766.6000 0.2330
3794.3000 0.2332
3817.1000 0.2333
3819.8000 0.2335
3825.5000 0.2337
3833.0000 0.2339
3833.7000 0.2340
3869.2000 0.2342
3871.2000 0.2344
3879.5000 0.2345
3892.8000 0.2347
3930.1000 0.2349
3930.9000 0.2351
3956.1000 0.2352
3974.7000 0.2354
3981.8000 0.2356
3992.1000 0.2358
3994.3000 0.2359
3998.0000 0.2361
4003.6000 0.2363
4010.2000 0.2365
4012.3000 0.2366
4014.0000 0.2368
4017.0000 0.2370
4048.7000 0.2372
4050.0000 0.2373
4060.4000 0.2375
4060.6000 0.2377
4086.7000 0.2378
4094.8000 0.2380
4098.3000 0.2382
4105.8000 0.2384
4112.9000 0.2385
4120.5000 0.2387
4125.6000 0.2389
4126.5000 0.2391
4128.5000 0.2392
4143.6000 0.2394
4151.3000 0.2396
4156.1000 0.2398
4157.0000 0.2399
4176.0000 0.2401
4189.0000 0.2403
4207.1000 0.2405
4243.5000 0.2406
4254.2000 0.2408
4255.4000 0.2410
4259.8000 0.2411
4277.7000 0.2413
4293.7000 0.2415
4293.7000 0.2417
4302.7000 0.2418
4305.8000 0.2420
4310.2000 0.2422
4314.0000 0.2424
4319.4000 0.2425
4328.6000 0.2427
4329.5000 0.2429
4329.6000 0.2431
4339.5000 0.2432
4343.1000 0.2434
4345.4000 0.2436
4375.8000 0.2437
4378.3000 0.2439
4417.2000 0.2441
4423.3000 0.2443
4431.9000 0.2444
4439.9000 0.2446
4442.4000 0.2448
4446.6000 0.2450
4447.8000 0.2451
4448.8000 0.2453
4453.8000 0.2455
4459.2000 0.2457
4465.1000 0.2458
4467.5000 0.2460
4476.5000 0.2462
4487.7000 0.2464
4492.0000 0.2465
4495.9000 0.2467
4506.8000 0.2469
4508.2000 0.2470
4515.7000 0.2472
4516.2000 0.2474
4524.0000 0.2476
4533.9000 0.2477
4537.6000 0.2479
4539.8000 0.2481
4544.0000 0.2483
4561.2000 0.2484
4563.5000 0.2486
4601.2000 0.2488
4608.5000 0.2490
4615.2000 0.2491
4638.0000 0.2493
4643.2000 0.2495
4647.3000 0.2497
4658.4000 0.2498
4662.3000 0.2500
4672.4000 0.2502
4674.3000 0.2503
4695.3000 0.2505
4713.3000 0.2507
4729.3000 0.2509
4741.3000 0.2510
4742.8000 0.2512
4754.5000 0.2514
4761.1000 0.2516
4765.1000 0.2517
4775.4000 0.2519
4782.6000 0.2521
4795.5000 0.2523
4796.0000 0.2524
4801.6000 0.2526
4811.7000 0.2528
4813.0000 0.2530
4825.1000 0.2531
4835.7000 0.2533
4835.8000 0.2535
4841.0000 0.2536
4841.0000 0.2538
4842.1000 0.2540
4843.6000 0.2542
4846.0000 0.2543
4849.3000 0.2545
4886.6000 0.2547
4895.2000 0.2549
4899.0000 0.2550
4909.3000 0.2552
4938.1000 0.2554
4952.8000 0.2556
4953.7000 0.2557
4975.5000 0.2559
4979.0000 0.2561
4980.3000 0.2563
4980.8000 0.2564
4992.6000 0.2566
5009.9000 0.2568
5011.2000 0.2569
5023.3000 0.2571
5029.7000 0.2573
5029.7000 0.2575
5033.2000 0.2576
5038.2000 0.2578
5089.5000 0.2580
5098.5000 0.2582
5101.4000 0.2583
5119.8000 0.2585
5151.1000 0.2587
5178.8000 0.2589
5195.2000 0.2590
5202.8000 0.2592
5208.6000 0.2594
5234.6000 0.2595
5235.0000 0.2597
5238.3000 0.2599
5240.7000 0.2601
5273.3000 0.2602
5289.8000 0.2604
5294.8000 0.2606
5296.1000 0.2608
5313.9000 0.2609
5317.2000 0.2611
5319.4000 0.2613
5329.2000 0.2615
5333.0000 0.2616
5334.9000 0.2618
5347.3000 0.2620
5363.3000 0.2622
5365.8000 0.2623
5374.2000 0.2625
5374.5000 0.2627
5374.8000 0.2628
5375.4000 0.2630
5379.8000 0.2632
5381.5000 0.2634
5383.0000 0.2635
5389.8000 0.2637
5395.4000 0.2639
5414.4000 0.2641
5435.8000 0.2642
5441.2000 0.2644
5443.0000 0.2646
5443.1000 0.2648
5464.2000 0.2649
5464.3000 0.2651
5471.3000 0.2653
5478.4000 0.2655
5479.8000 0.2656
5506.7000 0.2658
5524.3000 0.2660
5526.0000 0.2661
5531.5000 0.2663
5539.8000 0.2665
5544.2000 0.2667
5554.0000 0.2668
5561.8000 0.2670
5568.1000 0.2672
5573.2000 0.2674
5575.8000 0.2675
5596.7000 0.2677
5599.6000 0.2679
5623.3000 0.2681
5630.2000 0.2682
5635.5000 0.2684
5647.9000 0.2686
5653.5000 0.2688
5658.8000 0.2689
5670.5000 0.2691
5679.8000 0.2693
5694.6000 0.2694
5696.2000 0.2696
5707.7000 0.2698
5709.1000 0.2700
5712.5000 0.2701
5728.4000 0.2703
5736.4000 0.2705
5739.2000 0.2707
5748.7000 0.2708
5752.6000 0.2710
5762.5000 0.2712
5764.9000 0.2714
5766.9000 0.2715
5779.2000 0.2717
5781.5000 0.2719
5787.9000 0.2720
5829.4000 0.2722
5835.3000 0.2724
5843.9000 0.2726
5845.8000 0.2727
5853.3000 0.2729
5855.4000 0.2731
5864.0000 0.2733
5898.8000 0.2734
5908.2000 0.2736
5913.1000 0.2738
5935.4000 0.2740
5939.6000 0.2741
5939.8000 0.2743
5967.7000 0.2745
5970.7000 0.2747
5971.0000 0.2748
5975.0000 0.2750
5980.1000 0.2752
5984.8000 0.2753
5996.8000 0.2755
6005.6000 0.2757
6024.5000 0.2759
6060.5000 0.2760
6074.2000 0.2762
6079.1000 0.2764
6130.5000 0.2766
6142.5000 0.2767
6151.2000 0.2769
6151.4000 0.2771
6172.3000 0.2773
6185.3000 0.2774
6191.5000 0.2776
6212.1000 0.2778
6217.1000 0.2780
6217.2000 0.2781
6218.7000 0.2783
6229.2000 0.2785
6233.2000 0.2786
6233.3000 0.2788
6237.4000 0.2790
6239.3000 0.2792
6244.4000 0.2793
6252.3000 0.2795
6253.0000 0.2797
6255.4000 0.2799
6255.7000 0.2800
6263.3000 0.2802
6264.7000 0.2804
6270.2000 0.2806
6273.4000 0.2807
6279.1000 0.2809
6312.2000 0.2811
6330.5000 0.2813
6330.8000 0.2814
6359.1000 0.2816
6384.9000 0.2818
6385.9000 0.2819
6409.3000 0.2821
6419.7000 0.2823
6444.8000 0.2825
6452.1000 0.2826
6465.2000 0.2828
6486.9000 0.2830
6488.9000 0.2832
6491.3000 0.2833
6493.5000 0.2835
6501.2000 0.2837
6528.7000 0.2839
6547.4000 0.2840
6564.3000 0.2842
6581.6000 0.2844
6586.5000 0.2845
6588.9000 0.2847
6617.1000 0.2849
6620.7000 0.2851
6628.6000 0.2852
6630.0000 0.2854
6635.6000 0.2856
6644.8000 0.2858
6654.2000 0.2859
6657.5000 0.2861
6661.8000 0.2863
6671.2000 0.2865
6691.4000 0.2866
6698.7000 0.2868
6705.2000 0.2870
6706.4000 0.2872
6719.6000 0.2873
6720.0000 0.2875
6725.2000 0.2877
6739.8000 0.2878
6740.0000 0.2880
6745.3000 0.2882
6749.5000 0.2884
6770.0000 0.2885
6784.9000 0.2887
6785.1000 0.2889
6793.5000 0.2891
6798.5000 0.2892
6803.2000 0.2894
6806.1000 0.2896
6807.5000 0.2898
6811.3000 0.2899
6828.9000 0.2901
6836.5000 0.2903
6853.0000 0.2905
6859.9000 0.2906
6860.5000 0.2908
6869.1000 0.2910
6874.4000 0.2911
6875.8000 0.2913
6879.1000 0.2915
6902.5000 0.2917
6903.1000 0.2918
6907.6000 0.2920
6927.6000 0.2922
6959.5000 0.2924
6964.8000 0.2925
6982.6000 0.2927
6987.8000 0.2929
6991.5000 0.2931
7000.0000 0.2932
7010.8000 0.2934
7012.5000 0.2936
7019.6000 0.2938
7064.0000 0.2939
7070.0000 0.2941
7093.8000 0.2943
7094.3000 0.2944
7097.0000 0.2946
7100.5000 0.2948
7120.0000 0.2950
7123.3000 0.2951
7129.9000 0.2953
7131.2000 0.2955
7131.6000 0.2957
7141.4000 0.2958
7145.0000 0.2960
7149.0000 0.2962
7149.5000 0.2964
7153.6000 0.2965
7164.5000 0.2967
7180.0000 0.2969
7180.8000 0.2970
7181.0000 0.2972
7181.2000 0.2974
7200.3000 0.2976
7202.0000 0.2977
7220.4000 0.2979
7225.0000 0.2981
7233.4000 0.2983
7252.7000 0.2984
7279.4000 0.2986
7291.8000 0.2988
7306.7000 0.2990
7316.4000 0.2991
7322.7000 0.2993
7325.4000 0.2995
7329.1000 0.2997
7329.7000 0.2998
7340.4000 0.3000
7363.9000 0.3002
7369.1000 0.3003
7376.1000 0.3005
7380.4000 0.3007
7386.8000 0.3009
7389.8000 0.3010
7415.7000 0.3012
7426.6000 0.3014
7428.2000 0.3016
7433.6000 0.3017
7439.3000 0.3019
7444.7000 0.3021
7446.1000 0.3023
7449.2000 0.3024
7456.5000 0.3026
7459.9000 0.3028
7460.4000 0.3030
7471.8000 0.3031
7525.9000 0.3033
7534.9000 0.3035
7539.1000 0.3036
7565.8000 0.3038
7575.4000 0.3040
7587.7000 0.3042
7598.8000 0.3043
7601.0000 0.3045
7619.0000 0.3047
7628.6000 0.3049
7631.0000 0.3050
7634.6000 0.3052
7641.6000 0.3054
7644.2000 0.3056
7649.9000 0.3057
7655.5000 0.3059
7657.0000 0.3061
7674.4000 0.3063
7708.2000 0.3064
7715.0000 0.3066
7726.0000 0.3068
7732.2000 0.3069
7757.0000 0.3071
7757.9000 0.3073
7758.9000 0.3075
7761.7000 0.3076
7767.3000 0.3078
7770.5000 0.3080
7772.7000 0.3082
7775.2000 0.3083
7775.5000 0.3085
7777.6000 0.3087
7779.6000 0.3089
7795.5000 0.3090
7802.0000 0.3092
7807.6000 0.3094
7829.4000 0.3095
7831.3000 0.3097
7834.1000 0.3099
7835.3000 0.3101
7838.4000 0.3102
7840.5000 0.3104
7844.1000 0.3106
7846.4000 0.3108
7848.0000 0.3109
7859.4000 0.3111
7866.4000 0.3113
7887.9000 0.3115
7888.8000 0.3116
7889.8000 0.3118
7908.7000 0.3120
7913.2000 0.3122
7938.2000 0.3123
7944.6000 0.3125
7945.5000 0.3127
7955.4000 0.3128
7964.4000 0.3130
7971.9000 0.3132
7972.9000 0.3134
7979.0000 0.3135
7997.6000 0.3137
8029.5000 0.3139
8037.1000 0.3141
8044.1000 0.3142
8046.3000 0.3144
8053.2000 0.3146
8053.8000 0.3148
8070.2000 0.3149
8090.1000 0.3151
8090.9000 0.3153
8128.7000 0.3155
8130.6000 0.3156
8134.5000 0.3158
8140.7000 0.3160
8164.0000 0.3161
8168.3000 0.3163
8180.0000 0.3165
8183.6000 0.3167
8190.6000 0.3168
8191.0000 0.3170
8201.3000 0.3172
8231.3000 0.3174
8254.1000 0.3175
8257.6000 0.3177
8281.3000 0.3179
8288.4000 0.3181
8304.3000 0.3182
8309.4000 0.3184
8319.8000 0.3186
8320.0000 0.3188
8325.9000 0.3189
8347.2000 0.3191
8351.6000 0.3193
8355.6000 0.3194
8356.9000 0.3196
8364.1000 0.3198
8364.2000 0.3200
8373.0000 0.3201
8381.7000 0.3203
8392.3000 0.3205
8395.7000 0.3207
8395.7000 0.3208
8407.6000 0.3210
8415.0000 0.3212
8448.2000 0.3214
8472.4000 0.3215
8478.8000 0.3217
8479.2000 0.3219
8479.4000 0.3220
8480.6000 0.3222
8482.2000 0.3224
8494.9000 0.3226
8495.8000 0.3227
8503.4000 0.3229
8518.7000 0.3231
8522.0000 0.3233
8536.3000 0.3234
8540.1000 0.3236
8553.2000 0.3238
8562.8000 0.3240
8565.2000 0.3241
8585.8000 0.3243
8593.7000 0.3245
8609.6000 0.3247
8625.3000 0.3248
8644.3000 0.3250
8661.8000 0.3252
8672.3000 0.3253
8691.9000 0.3255
8695.3000 0.3257
8695.9000 0.3259
8697.2000 0.3260
8698.7000 0.3262
8706.6000 0.3264
8706.7000 0.3266
8721.4000 0.3267
8723.6000 0.3269
8767.6000 0.3271
8773.9000 0.3273
8778.0000 0.3274
8779.3000 0.3276
8796.9000 0.3278
8801.4000 0.3280
8812.0000 0.3281
8838.6000 0.3283
8849.3000 0.3285
8859.0000 0.3286
8875.3000 0.3288
8889.1000 0.3290
8893.3000 0.3292
8915.6000 0.3293
8937.8000 0.3295
8941.5000 0.3297
8945.1000 0.3299
8948.5000 0.3300
8968.5000 0.3302
8987.2000 0.3304
8998.2000 0.3306
8998.5000 0.3307
9009.5000 0.3309
9029.7000 0.3311
9046.8000 0.3313
9047.5000 0.3314
9054.2000 0.3316
9066.8000 0.3318
9073.2000 0.3319
9073.6000 0.3321
9085.5000 0.3323
9101.3000 0.3325
9102.5000 0.3326
9112.5000 0.3328
9120.9000 0.3330
9126.0000 0.3332
9130.6000 0.3333
9130.7000 0.3335
9143.9000 0.3337
9159.2000 0.3339
9166.7000 0.3340
9207.5000 0.3342
9212.0000 0.3344
9227.5000 0.3345
9230.0000 0.3347
9255.7000 0.3349
9272.2000 0.3351
9288.5000 0.3352
9291.9000 0.3354
9324.7000 0.3356
9324.8000 0.3358
9330.8000 0.3359
9358.8000 0.3361
9366.8000 0.3363
9385.9000 0.3365
9394.8000 0.3366
9399.2000 0.3368
9419.1000 0.3370
9420.0000 0.3372
9423.9000 0.3373
9455.6000 0.3375
9461.1000 0.3377
9465.8000 0.3378
9475.9000 0.3380
9490.7000 0.3382
9524.5000 0.3384
9524.8000 0.3385
9527.5000 0.3387
9537.9000 0.3389
9547.9000 0.3391
9550.6000 0.3392
9564.4000 0.3394
9571.0000 0.3396
9573.8000 0.3398
9581.0000 0.3399
9602.1000 0.3401
9606.6000 0.3403
9607.4000 0.3405
9614.8000 0.3406
9625.2000 0.3408
9625.3000 0.3410
9630.7000 0.3411
9636.9000 0.3413
9667.9000 0.3415
9683.8000 0.3417
9687.4000 0.3418
9690.2000 0.3420
9714.7000 0.3422
9730.2000 0.3424
9733.0000 0.3425
9737.2000 0.3427
9748.2000 0.3429
9763.8000 0.3431
9805.6000 0.3432
9817.3000 0.3434
9829.5000 0.3436
9830.7000 0.3438
9833.7000 0.3439
9843.2000 0.3441
9844.6000 0.3443
9853.4000 0.3444
9861.4000 0.3446
9875.0000 0.3448
9891.0000 0.3450
9897.3000 0.3451
9916.5000 0.3453
9930.2000 0.3455
9946.5000 0.3457
9951.7000 0.3458
9959.6000 0.3460
9989.2000 0.3462
10005.3000 0.3464
10021.2000 0.3465
10039.5000 0.3467
10039.8000 0.3469
10043.9000 0.3470
10044.6000 0.3472
10048.4000 0.3474
10051.0000 0.3476
10051.2000 0.3477
10085.2000 0.3479
10102.7000 0.3481
10110.5000 0.3483
10118.3000 0.3484
10152.2000 0.3486
10152.4000 0.3488
10169.9000 0.3490
10171.0000 0.3491
10209.0000 0.3493
10213.2000 0.3495
10233.5000 0.3497
10244.2000 0.3498
10254.4000 0.3500
10262.4000 0.3502
10266.0000 0.3503
10266.5000 0.3505
10294.9000 0.3507
10299.6000 0.3509
10300.7000 0.3510
10308.7000 0.3512
10310.2000 0.3514
10312.3000 0.3516
10315.4000 0.3517
10319.3000 0.3519
10354.3000 0.3521
10364.4000 0.3523
10380.5000 0.3524
10392.5000 0.3526
10403.7000 0.3528
10408.5000 0.3530
10410.8000 0.3531
10418.5000 0.3533
10418.7000 0.3535
10419.3000 0.3536
10433.8000 0.3538
10467.5000 0.3540
10474.1000 0.3542
10474.7000 0.3543
10509.1000 0.3545
10509.3000 0.3547
10540.0000 0.3549
10540.9000 0.3550
10550.8000 0.3552
10580.4000 0.3554
10588.0000 0.3556
10604.1000 0.3557
10605.8000 0.3559
10612.6000 0.3561
10625.8000 0.3563
10648.0000 0.3564
10648.9000 0.3566
10653.9000 0.3568
10668.8000 0.3569
10695.0000 0.3571
10742.7000 0.3573
10770.0000 0.3575
10802.3000 0.3576
10831.4000 0.3578
10833.5000 0.3580
10839.4000 0.3582
10846.6000 0.3583
10847.0000 0.3585
10850.8000 0.3587
10851.2000 0.3589
10856.0000 0.3590
10871.1000 0.3592
10874.2000 0.3594
10881.3000 0.3595
10882.7000 0.3597
10901.9000 0.3599
10902.6000 0.3601
10906.1000 0.3602
10906.4000 0.3604
10908.8000 0.3606
10918.2000 0.3608
10926.2000 0.3609
10943.6000 0.3611
10944.2000 0.3613
10944.8000 0.3615
10950.1000 0.3616
10965.5000 0.3618
10966.6000 0.3620
10972.8000 0.3622
10974.8000 0.3623
11001.5000 0.3625
11005.1000 0.3627
11012.8000 0.3628
11032.0000 0.3630
11035.0000 0.3632
11043.2000 0.3634
11059.7000 0.3635
11074.4000 0.3637
11077.2000 0.3639
11089.7000 0.3641
11116.0000 0.3642
11117.4000 0.3644
11132.6000 0.3646
11135.0000 0.3648
11144.9000 0.3649
11146.0000 0.3651
11147.6000 0.3653
11148.4000 0.3655
11150.4000 0.3656
11151.4000 0.3658
11178.7000 0.3660
11193.5000 0.3661
11202.9000 0.3663
11209.8000 0.3665
11212.4000 0.3667
11231.6000 0.3668
11237.0000 0.3670
11256.2000 0.3672
11257.6000 0.3674
11260.4000 0.3675
11263.6000 0.3677
11304.0000 0.3679
11316.4000 0.3681
11332.4000 0.3682
11339.6000 0.3684
11346.1000 0.3686
11346.3000 0.3688
11360.5000 0.3689
11369.1000 0.3691
11380.6000 0.3693
11402.4000 0.3694
11407.0000 0.3696
11415.3000 0.3698
11415.7000 0.3700
11416.8000 0.3701
11439.8000 0.3703
11443.2000 0.3705
11449.0000 0.3707
11459.6000 0.3708
11469.3000 0.3710
11482.4000 0.3712
11489.8000 0.3714
11498.0000 0.3715
11504.1000 0.3717
11536.6000 0.3719
11553.7000 0.3720
11574.6000 0.3722
11581.3000 0.3724
11589.5000 0.3726
11614.1000 0.3727
11630.2000 0.3729
11631.7000 0.3731
11635.9000 0.3733
11639.7000 0.3734
11659.8000 0.3736
11678.9000 0.3738
11696.6000 0.3740
11708.2000 0.3741
11709.5000 0.3743
11711.3000 0.3745
11712.4000 0.3747
11725.6000 0.3748
11756.7000 0.3750
11775.3000 0.3752
11778.5000 0.3753
11792.8000 0.3755
11806.9000 0.3757
11828.6000 0.3759
11841.5000 0.3760
11846.1000 0.3762
11852.8000 0.3764
11856.4000 0.3766
11875.7000 0.3767
11878.5000 0.3769
11880.6000 0.3771
11909.6000 0.3773
11920.9000 0.3774
11922.5000 0.3776
11922.9000 0.3778
11933.8000 0.3780
11934.1000 0.3781
11977.6000 0.3783
11980.1000 0.3785
11987.3000 0.3786
11987.4000 0.3788
11993.4000 0.3790
12015.1000 0.3792
12017.1000 0.3793
12026.4000 0.3795
12035.2000 0.3797
12060.7000 0.3799
12068.5000 0.3800
12081.4000 0.3802
12104.6000 0.3804
12105.5000 0.3806
12105.5000 0.3807
12111.5000 0.3809
12126.9000 0.3811
12135.4000 0.3813
12155.7000 0.3814
12159.7000 0.3816
12164.3000 0.3818
12179.2000 0.3819
12192.3000 0.3821
12195.2000 0.3823
12195.9000 0.3825
12204.7000 0.3826
12245.1000 0.3828
12259.7000 0.3830
12260.2000 0.3832
12263.6000 0.3833
12266.0000 0.3835
12275.2000 0.3837
12323.8000 0.3839
12364.4000 0.3840
12381.9000 0.3842
12391.2000 0.3844
12402.3000 0.3845
12415.2000 0.3847
12431.6000 0.3849
12454.3000 0.3851
12455.6000 0.3852
12457.1000 0.3854
12462.8000 0.3856
12475.9000 0.3858
12484.0000 0.3859
12488.2000 0.3861
12498.9000 0.3863
12509.8000 0.3865
12525.9000 0.3866
12537.7000 0.3868
12539.1000 0.3870
12544.3000 0.3872
12546.4000 0.3873
12547.3000 0.3875
12581.4000 0.3877
12600.1000 0.3878
12604.4000 0.3880
12609.6000 0.3882
12611.3000 0.3884
12616.4000 0.3885
12616.6000 0.3887
12636.2000 0.3889
12637.2000 0.3891
12648.5000 0.3892
12658.2000 0.3894
12663.4000 0.3896
12667.5000 0.3898
12668.7000 0.3899
12675.6000 0.3901
12676.2000 0.3903
12695.1000 0.3905
12699.8000 0.3906
12707.4000 0.3908
12715.0000 0.3910
12718.0000 0.3911
12724.6000 0.3913
12728.4000 0.3915
12729.0000 0.3917
12729.7000 0.3918
12751.3000 0.3920
12766.7000 0.3922
12796.7000 0.3924
12798.5000 0.3925
12810.0000 0.3927
12810.0000 0.3929
12812.0000 0.3931
12829.1000 0.3932
12830.8000 0.3934
12831.0000 0.3936
12839.7000 0.3938
12849.3000 0.3939
12849.3000 0.3941
12856.3000 0.3943
12889.3000 0.3944
12899.6000 0.3946
12899.6000 0.3948
12909.7000 0.3950
12915.2000 0.3951
12921.4000 0.3953
12927.7000 0.3955
12935.7000 0.3957
12950.8000 0.3958
12957.4000 0.3960
12968.1000 0.3962
12987.4000 0.3964
12995.6000 0.3965
13004.4000 0.3967
13005.2000 0.3969
13014.4000 0.3970
13050.1000 0.3972
13054.7000 0.3974
13066.7000 0.3976
13077.1000 0.3977
13115.7000 0.3979
13116.7000 0.3981
13119.2000 0.3983
13120.2000 0.3984
13127.0000 0.3986
13150.7000 0.3988
13180.4000 0.3990
13181.0000 0.3991
13188.4000 0.3993
13207.5000 0.3995
13231.7000 0.3997
13252.3000 0.3998
13255.6000 0.4000
13259.3000 0.4002
13266.2000 0.4003
13293.2000 0.4005
13308.2000 0.4007
13323.9000 0.4009
13326.8000 0.4010
13335.7000 0.4012
13345.2000 0.4014
13345.3000 0.4016
13361.7000 0.4017
13362.2000 0.4019
13423.0000 0.4021
13423.7000 0.4023
13439.0000 0.4024
13439.4000 0.4026
13449.2000 0.4028
13451.0000 0.4030
13465.5000 0.4031
13471.3000 0.4033
13491.7000 0.4035
13499.1000 0.4036
13505.3000 0.4038
13513.6000 0.4040
13529.7000 0.4042
13550.0000 0.4043
13572.8000 0.4045
13576.2000 0.4047
13584.7000 0.4049
13608.3000 0.4050
13629.1000 0.4052
13631.5000 0.4054
13635.7000 0.4056
13642.1000 0.4057
13646.6000 0.4059
13647.1000 0.4061
13653.6000 0.4063
13683.6000 0.4064
13683.7000 0.4066
13694.7000 0.4068
13703.7000 0.4069
13719.3000 0.4071
13722.4000 0.4073
13729.0000 0.4075
13756.4000 0.4076
13760.8000 0.4078
13768.9000 0.4080
13863.3000 0.4082
13866.3000 0.4083
13891.5000 0.4085
13910.0000 0.4087
13911.0000 0.4089
13922.4000 0.4090
13923.1000 0.4092
13934.4000 0.4094
13959.2000 0.4095
13980.6000 0.4097
13990.8000 0.4099
14004.1000 0.4101
14013.3000 0.4102
14020.9000 0.4104
14035.5000 0.4106
14058.1000 0.4108
14068.7000 0.4109
14101.3000 0.4111
14114.7000 0.4113
14119.6000 0.4115
14123.8000 0.4116
14139.0000 0.4118
14140.2000 0.4120
14155.9000 0.4122
14174.3000 0.4123
14184.6000 0.4125
14194.2000 0.4127
14215.6000 0.4128
14216.6000 0.4130
14231.8000 0.4132
14233.1000 0.4134
14316.6000 0.4135
14323.2000 0.4137
14400.2000 0.4139
14404.1000 0.4141
14443.0000 0.4142
14444.2000 0.4144
14458.5000 0.4146
14469.3000 0.4148
14475.0000 0.4149
14475.8000 0.4151
14476.3000 0.4153
14513.1000 0.4155
14515.3000 0.4156
14531.9000 0.4158
14535.7000 0.4160
14536.8000 0.4161
14572.3000 0.4163
14574.7000 0.4165
14579.8000 0.4167
14599.2000 0.4168
14605.7000 0.4170
14618.5000 0.4172
14624.3000 0.4174
14690.4000 0.4175
14716.5000 0.4177
14755.8000 0.4179
14757.2000 0.4181
14771.8000 0.4182
14772.9000 0.4184
14784.2000 0.4186
14840.8000 0.4188
14847.1000 0.4189
14893.1000 0.4191
14895.2000 0.4193
14925.3000 0.4194
14981.9000 0.4196
15003.2000 0.4198
15006.3000 0.4200
15006.9000 0.4201
15049.4000 0.4203
15059.6000 0.4205
15070.1000 0.4207
15086.7000 0.4208
15101.4000 0.4210
15121.6000 0.4212
15123.7000 0.4214
15129.8000 0.4215
15132.1000 0.4217
15147.8000 0.4219
15159.6000 0.4220
15159.8000 0.4222
15162.7000 0.4224
15166.8000 0.4226
15177.5000 0.4227
15210.9000 0.4229
15218.3000 0.4231
15221.7000 0.4233
15297.8000 0.4234
15310.8000 0.4236
15319.6000 0.4238
15345.7000 0.4240
15407.9000 0.4241
15427.7000 0.4243
15483.3000 0.4245
15491.5000 0.4247
15502.7000 0.4248
15512.6000 0.4250
15552.2000 0.4252
15569.1000 0.4253
15577.0000 0.4255
15582.7000 0.4257
15586.0000 0.4259
15626.7000 0.4260
15628.0000 0.4262
15634.4000 0.4264
15641.7000 0.4266
15674.3000 0.4267
15693.1000 0.4269
15705.6000 0.4271
15723.7000 0.4273
15732.2000 0.4274
15751.2000 0.4276
15769.9000 0.4278
15771.2000 0.4280
15780.6000 0.4281
15782.0000 0.4283
15818.6000 0.4285
15838.3000 0.4286
15853.0000 0.4288
15855.0000 0.4290
15896.7000 0.4292
15905.1000 0.4293
15910.9000 0.4295
15921.1000 0.4297
15921.6000 0.4299
15952.8000 0.4300
15955.4000 0.4302
15995.0000 0.4304
16009.9000 0.4306
16014.5000 0.4307
16052.3000 0.4309
16068.6000 0.4311
16079.5000 0.4313
16080.9000 0.4314
16083.5000 0.4316
16083.6000 0.4318
16105.0000 0.4319
16129.5000 0.4321
16134.0000 0.4323
16168.9000 0.4325
16180.0000 0.4326
16189.3000 0.4328
16199.4000 0.4330
16235.7000 0.4332
16271.7000 0.4333
16371.8000 0.4335
16399.0000 0.4337
16443.6000 0.4339
16497.9000 0.4340
16528.7000 0.4342
16572.0000 0.4344
16602.4000 0.4345
16611.9000 0.4347
16639.2000 0.4349
16644.8000 0.4351
16671.7000 0.4352
16693.9000 0.4354
16736.8000 0.4356
16806.3000 0.4358
16836.1000 0.4359
16879.3000 0.4361
16901.2000 0.4363
16904.5000 0.4365
16913.3000 0.4366
16928.1000 0.4368
16945.2000 0.4370
16947.7000 0.4372
16951.1000 0.4373
16960.7000 0.4375
17014.3000 0.4377
17041.6000 0.4378
17072.8000 0.4380
17078.2000 0.4382
17094.2000 0.4384
17100.1000 0.4385
17102.4000 0.4387
17105.8000 0.4389
17139.2000 0.4391
17153.5000 0.4392
17201.0000 0.4394
17238.4000 0.4396
17284.1000 0.4398
17288.3000 0.4399
17297.1000 0.4401
17327.2000 0.4403
17337.4000 0.4405
17378.2000 0.4406
17397.0000 0.4408
17421.3000 0.4410
17445.2000 0.4411
17459.4000 0.4413
17459.5000 0.4415
17531.0000 0.4417
17600.9000 0.4418
17629.0000 0.4420
17648.8000 0.4422
17679.8000 0.4424
17694.6000 0.4425
17704.1000 0.4427
17708.8000 0.4429
17776.2000 0.4431
17852.6000 0.4432
17914.3000 0.4434
17941.7000 0.4436
17948.9000 0.4438
18007.9000 0.4439
18021.3000 0.4441
18039.9000 0.4443
18040.8000 0.4444
18050.3000 0.4446
18086.4000 0.4448
18095.5000 0.4450
18104.6000 0.4451
18177.9000 0.4453
18196.2000 0.4455
18251.8000 0.4457
18259.2000 0.4458
18261.8000 0.4460
18284.3000 0.4462
18292.6000 0.4464
18327.2000 0.4465
18360.6000 0.4467
18390.6000 0.4469
18404.8000 0.4470
18467.7000 0.4472
18508.7000 0.4474
18509.8000 0.4476
18538.8000 0.4477
18573.7000 0.4479
18576.1000 0.4481
18605.1000 0.4483
18654.4000 0.4484
18658.7000 0.4486
18711.7000 0.4488
18737.4000 0.4490
18857.1000 0.4491
18919.9000 0.4493
18923.2000 0.4495
18951.2000 0.4497
18952.9000 0.4498
18969.7000 0.4500
18981.7000 0.4502
18994.1000 0.4503
19004.5000 0.4505
19017.7000 0.4507
19019.4000 0.4509
19046.9000 0.4510
19155.8000 0.4512
19209.4000 0.4514
19248.8000 0.4516
19303.4000 0.4517
19319.5000 0.4519
19363.6000 0.4521
19482.0000 0.4523
19598.2000 0.4524
19704.4000 0.4526
19796.0000 0.4528
19818.3000 0.4530
19820.3000 0.4531
19823.6000 0.4533
19831.2000 0.4535
19893.1000 0.4536
19901.4000 0.4538
19908.2000 0.4540
19922.3000 0.4542
19937.0000 0.4543
19938.7000 0.4545
19979.0000 0.4547
20091.8000 0.4549
20123.5000 0.4550
20165.2000 0.4552
20181.2000 0.4554
20234.3000 0.4556
20264.4000 0.4557
20276.6000 0.4559
20302.2000 0.4561
20377.9000 0.4563
20466.5000 0.4564
20468.9000 0.4566
20509.2000 0.4568
20574.8000 0.4569
20654.3000 0.4571
20803.2000 0.4573
20841.4000 0.4575
20872.0000 0.4576
20907.6000 0.4578
20938.7000 0.4580
20970.8000 0.4582
20975.8000 0.4583
20985.4000 0.4585
21084.7000 0.4587
21088.2000 0.4589
21191.7000 0.4590
21211.8000 0.4592
21255.9000 0.4594
21258.2000 0.4595
21275.8000 0.4597
21372.8000 0.4599
21431.8000 0.4601
21453.1000 0.4602
21586.4000 0.4604
21614.6000 0.4606
21744.7000 0.4608
21748.4000 0.4609
21792.9000 0.4611
21993.0000 0.4613
22223.4000 0.4615
22409.1000 0.4616
22451.5000 0.4618
22725.6000 0.4620
22726.0000 0.4622
22797.2000 0.4623
22813.9000 0.4625
22860.5000 0.4627
23138.0000 0.4628
23163.4000 0.4630
23168.3000 0.4632
23242.5000 0.4634
23259.1000 0.4635
23510.3000 0.4637
23646.8000 0.4639
23752.5000 0.4641
24015.1000 0.4642
24504.3000 0.4644
25284.7000 0.4646
26207.3000 0.4648
