# messageDelay  cumulativeProbability
0.2000 0.0001
0.2000 0.0002
0.2000 0.0003
0.2000 0.0004
0.2000 0.0005
0.2000 0.0006
0.2000 0.0007
0.2000 0.0008
0.2000 0.0009
0.2000 0.0010
0.2000 0.0011
0.2000 0.0013
0.2000 0.0014
0.2000 0.0015
0.2000 0.0016
0.2000 0.0017
0.2000 0.0018
0.2000 0.0019
0.2000 0.0020
0.2000 0.0021
0.2000 0.0022
0.2000 0.0023
0.2000 0.0024
0.2000 0.0025
0.2000 0.0026
0.2000 0.0027
0.2000 0.0028
0.2000 0.0029
0.2000 0.0030
0.2000 0.0031
0.2000 0.0032
0.2000 0.0033
0.2000 0.0034
0.2000 0.0035
0.2000 0.0036
0.2000 0.0037
0.4000 0.0039
1.1000 0.0040
1.7000 0.0041
4.0000 0.0042
11.4000 0.0043
25.3000 0.0044
25.4000 0.0045
33.8000 0.0046
36.3000 0.0047
45.1000 0.0048
46.1000 0.0049
46.1000 0.0050
55.2000 0.0051
56.3000 0.0052
64.5000 0.0053
73.7000 0.0054
74.8000 0.0055
74.9000 0.0056
75.7000 0.0057
76.8000 0.0058
81.7000 0.0059
90.2000 0.0060
93.4000 0.0061
99.4000 0.0062
103.2000 0.0064
104.2000 0.0065
105.2000 0.0066
116.9000 0.0067
121.8000 0.0068
125.1000 0.0069
125.5000 0.0070
127.8000 0.0071
135.2000 0.0072
135.5000 0.0073
136.4000 0.0074
139.5000 0.0075
144.2000 0.0076
145.1000 0.0077
145.5000 0.0078
146.6000 0.0079
146.7000 0.0080
150.1000 0.0081
150.9000 0.0082
153.3000 0.0083
153.4000 0.0084
162.0000 0.0085
164.4000 0.0086
165.4000 0.0087
167.1000 0.0089
167.2000 0.0090
171.1000 0.0091
172.4000 0.0092
172.5000 0.0093
175.4000 0.0094
177.1000 0.0095
178.3000 0.0096
179.7000 0.0097
180.9000 0.0098
181.7000 0.0099
184.5000 0.0100
186.2000 0.0101
186.3000 0.0102
189.0000 0.0103
191.0000 0.0104
191.1000 0.0105
193.4000 0.0106
193.8000 0.0107
193.8000 0.0108
197.7000 0.0109
200.4000 0.0110
203.8000 0.0111
204.8000 0.0113
205.6000 0.0114
206.0000 0.0115
208.5000 0.0116
210.7000 0.0117
211.8000 0.0118
215.5000 0.0119
217.4000 0.0120
219.6000 0.0121
220.2000 0.0122
224.3000 0.0123
225.1000 0.0124
226.6000 0.0125
227.2000 0.0126
227.9000 0.0127
227.9000 0.0128
229.1000 0.0129
235.8000 0.0130
235.9000 0.0131
237.0000 0.0132
237.9000 0.0133
238.5000 0.0134
239.7000 0.0135
240.2000 0.0136
240.9000 0.0138
243.8000 0.0139
243.9000 0.0140
244.2000 0.0141
248.4000 0.0142
253.1000 0.0143
255.2000 0.0144
257.0000 0.0145
260.1000 0.0146
266.0000 0.0147
267.7000 0.0148
271.4000 0.0149
272.1000 0.0150
273.4000 0.0151
274.1000 0.0152
274.7000 0.0153
276.0000 0.0154
277.3000 0.0155
279.4000 0.0156
280.1000 0.0157
280.5000 0.0158
281.2000 0.0159
281.2000 0.0160
281.9000 0.0161
284.6000 0.0163
286.0000 0.0164
288.1000 0.0165
288.7000 0.0166
290.0000 0.0167
290.2000 0.0168
292.0000 0.0169
292.3000 0.0170
293.9000 0.0171
295.3000 0.0172
296.6000 0.0173
298.6000 0.0174
299.5000 0.0175
300.9000 0.0176
301.4000 0.0177
303.1000 0.0178
303.4000 0.0179
304.2000 0.0180
304.5000 0.0181
305.5000 0.0182
308.6000 0.0183
310.9000 0.0184
313.7000 0.0185
314.1000 0.0186
315.2000 0.0188
315.6000 0.0189
317.2000 0.0190
318.9000 0.0191
321.1000 0.0192
321.5000 0.0193
324.2000 0.0194
327.9000 0.0195
328.2000 0.0196
329.8000 0.0197
329.8000 0.0198
330.1000 0.0199
331.4000 0.0200
331.6000 0.0201
333.0000 0.0202
333.9000 0.0203
334.4000 0.0204
335.6000 0.0205
335.8000 0.0206
336.7000 0.0207
338.0000 0.0208
338.3000 0.0209
340.3000 0.0210
340.3000 0.0211
341.0000 0.0212
343.0000 0.0214
344.8000 0.0215
346.6000 0.0216
347.9000 0.0217
348.4000 0.0218
348.5000 0.0219
349.3000 0.0220
351.2000 0.0221
353.6000 0.0222
353.8000 0.0223
354.3000 0.0224
355.9000 0.0225
359.7000 0.0226
361.4000 0.0227
362.5000 0.0228
366.0000 0.0229
368.2000 0.0230
368.4000 0.0231
370.7000 0.0232
372.9000 0.0233
374.2000 0.0234
374.5000 0.0235
374.8000 0.0236
374.9000 0.0237
375.7000 0.0239
375.9000 0.0240
377.2000 0.0241
378.6000 0.0242
379.0000 0.0243
379.2000 0.0244
382.3000 0.0245
382.7000 0.0246
383.3000 0.0247
385.8000 0.0248
388.1000 0.0249
390.8000 0.0250
391.1000 0.0251
391.1000 0.0252
391.5000 0.0253
392.9000 0.0254
393.8000 0.0255
395.4000 0.0256
396.5000 0.0257
396.5000 0.0258
397.2000 0.0259
398.5000 0.0260
400.6000 0.0261
401.0000 0.0262
402.6000 0.0264
403.2000 0.0265
403.7000 0.0266
407.1000 0.0267
407.1000 0.0268
407.9000 0.0269
409.0000 0.0270
412.9000 0.0271
413.1000 0.0272
413.3000 0.0273
413.8000 0.0274
414.5000 0.0275
416.9000 0.0276
419.1000 0.0277
420.0000 0.0278
420.5000 0.0279
424.3000 0.0280
426.0000 0.0281
427.8000 0.0282
427.9000 0.0283
429.0000 0.0284
430.8000 0.0285
431.1000 0.0286
435.0000 0.0287
436.2000 0.0289
436.3000 0.0290
436.4000 0.0291
436.8000 0.0292
437.5000 0.0293
439.0000 0.0294
439.1000 0.0295
440.2000 0.0296
440.3000 0.0297
440.5000 0.0298
440.9000 0.0299
442.0000 0.0300
442.6000 0.0301
442.7000 0.0302
442.8000 0.0303
443.5000 0.0304
446.0000 0.0305
446.5000 0.0306
447.3000 0.0307
447.5000 0.0308
448.4000 0.0309
450.7000 0.0310
451.2000 0.0311
451.6000 0.0312
452.3000 0.0314
453.0000 0.0315
453.7000 0.0316
454.9000 0.0317
456.1000 0.0318
456.3000 0.0319
457.6000 0.0320
458.6000 0.0321
461.1000 0.0322
461.1000 0.0323
461.9000 0.0324
462.8000 0.0325
463.0000 0.0326
463.7000 0.0327
464.3000 0.0328
464.6000 0.0329
464.7000 0.0330
466.2000 0.0331
468.9000 0.0332
469.6000 0.0333
469.9000 0.0334
470.9000 0.0335
475.8000 0.0336
476.0000 0.0337
477.9000 0.0339
478.3000 0.0340
478.9000 0.0341
480.7000 0.0342
480.9000 0.0343
481.2000 0.0344
482.4000 0.0345
483.1000 0.0346
484.3000 0.0347
484.4000 0.0348
485.8000 0.0349
486.7000 0.0350
487.4000 0.0351
487.8000 0.0352
489.5000 0.0353
489.6000 0.0354
489.6000 0.0355
490.0000 0.0356
490.7000 0.0357
491.1000 0.0358
491.8000 0.0359
492.4000 0.0360
492.8000 0.0361
493.7000 0.0362
494.1000 0.0364
496.5000 0.0365
496.8000 0.0366
497.0000 0.0367
498.0000 0.0368
498.5000 0.0369
499.4000 0.0370
500.8000 0.0371
501.4000 0.0372
501.5000 0.0373
501.9000 0.0374
502.8000 0.0375
502.9000 0.0376
503.1000 0.0377
506.8000 0.0378
507.2000 0.0379
507.2000 0.0380
507.8000 0.0381
508.8000 0.0382
514.3000 0.0383
514.9000 0.0384
514.9000 0.0385
515.4000 0.0386
516.0000 0.0388
516.2000 0.0389
517.4000 0.0390
519.5000 0.0391
520.0000 0.0392
520.4000 0.0393
521.0000 0.0394
521.1000 0.0395
521.3000 0.0396
521.3000 0.0397
521.3000 0.0398
522.6000 0.0399
523.2000 0.0400
523.3000 0.0401
523.5000 0.0402
524.1000 0.0403
524.7000 0.0404
526.0000 0.0405
526.3000 0.0406
526.7000 0.0407
527.6000 0.0408
528.7000 0.0409
529.4000 0.0410
529.7000 0.0411
529.9000 0.0413
532.5000 0.0414
534.6000 0.0415
535.1000 0.0416
535.9000 0.0417
540.9000 0.0418
541.0000 0.0419
541.6000 0.0420
541.6000 0.0421
543.2000 0.0422
543.6000 0.0423
546.2000 0.0424
546.5000 0.0425
546.8000 0.0426
548.3000 0.0427
548.4000 0.0428
549.6000 0.0429
550.7000 0.0430
551.6000 0.0431
551.6000 0.0432
551.9000 0.0433
552.1000 0.0434
552.7000 0.0435
553.5000 0.0436
555.4000 0.0438
559.6000 0.0439
560.1000 0.0440
561.3000 0.0441
561.5000 0.0442
562.1000 0.0443
562.4000 0.0444
562.6000 0.0445
563.0000 0.0446
563.6000 0.0447
563.7000 0.0448
565.9000 0.0449
566.1000 0.0450
567.4000 0.0451
568.1000 0.0452
568.4000 0.0453
568.5000 0.0454
570.5000 0.0455
570.5000 0.0456
570.8000 0.0457
573.2000 0.0458
576.0000 0.0459
576.3000 0.0460
576.6000 0.0461
576.6000 0.0463
576.9000 0.0464
577.7000 0.0465
578.2000 0.0466
579.3000 0.0467
579.7000 0.0468
580.9000 0.0469
581.2000 0.0470
581.4000 0.0471
582.2000 0.0472
582.3000 0.0473
585.3000 0.0474
585.6000 0.0475
586.9000 0.0476
588.0000 0.0477
588.8000 0.0478
589.1000 0.0479
589.6000 0.0480
590.0000 0.0481
590.6000 0.0482
593.8000 0.0483
595.2000 0.0484
596.2000 0.0485
596.6000 0.0486
597.8000 0.0488
598.3000 0.0489
598.8000 0.0490
598.9000 0.0491
600.1000 0.0492
601.6000 0.0493
601.7000 0.0494
602.4000 0.0495
603.3000 0.0496
604.5000 0.0497
605.2000 0.0498
609.4000 0.0499
610.1000 0.0500
612.5000 0.0501
613.6000 0.0502
614.6000 0.0503
614.9000 0.0504
617.7000 0.0505
617.8000 0.0506
618.0000 0.0507
618.1000 0.0508
619.7000 0.0509
620.4000 0.0510
622.3000 0.0511
622.6000 0.0513
623.9000 0.0514
626.5000 0.0515
627.3000 0.0516
627.7000 0.0517
628.9000 0.0518
629.6000 0.0519
629.6000 0.0520
629.6000 0.0521
630.5000 0.0522
630.9000 0.0523
631.5000 0.0524
631.8000 0.0525
631.8000 0.0526
634.3000 0.0527
635.0000 0.0528
635.2000 0.0529
635.6000 0.0530
637.3000 0.0531
637.4000 0.0532
638.0000 0.0533
639.8000 0.0534
641.5000 0.0535
642.7000 0.0536
643.1000 0.0538
644.1000 0.0539
644.3000 0.0540
644.8000 0.0541
645.2000 0.0542
646.1000 0.0543
647.4000 0.0544
649.5000 0.0545
650.5000 0.0546
652.2000 0.0547
655.2000 0.0548
656.8000 0.0549
657.8000 0.0550
658.4000 0.0551
658.5000 0.0552
659.7000 0.0553
660.5000 0.0554
662.4000 0.0555
664.7000 0.0556
665.0000 0.0557
665.0000 0.0558
665.1000 0.0559
665.3000 0.0560
665.3000 0.0561
665.7000 0.0563
666.4000 0.0564
667.1000 0.0565
667.2000 0.0566
667.6000 0.0567
667.7000 0.0568
669.2000 0.0569
670.9000 0.0570
671.1000 0.0571
672.2000 0.0572
674.9000 0.0573
675.3000 0.0574
676.3000 0.0575
679.0000 0.0576
679.3000 0.0577
680.6000 0.0578
682.5000 0.0579
682.5000 0.0580
683.0000 0.0581
684.4000 0.0582
685.7000 0.0583
686.7000 0.0584
686.9000 0.0585
687.5000 0.0586
687.9000 0.0588
688.4000 0.0589
688.7000 0.0590
692.6000 0.0591
695.7000 0.0592
696.4000 0.0593
698.0000 0.0594
698.4000 0.0595
700.7000 0.0596
701.4000 0.0597
701.7000 0.0598
701.9000 0.0599
702.9000 0.0600
705.8000 0.0601
706.8000 0.0602
709.3000 0.0603
710.1000 0.0604
712.3000 0.0605
712.5000 0.0606
712.9000 0.0607
713.4000 0.0608
713.8000 0.0609
717.2000 0.0610
717.2000 0.0611
718.2000 0.0613
718.8000 0.0614
719.1000 0.0615
719.8000 0.0616
720.4000 0.0617
721.4000 0.0618
721.4000 0.0619
722.8000 0.0620
722.9000 0.0621
723.0000 0.0622
723.1000 0.0623
723.9000 0.0624
724.1000 0.0625
724.9000 0.0626
725.1000 0.0627
726.1000 0.0628
728.6000 0.0629
730.7000 0.0630
731.3000 0.0631
732.1000 0.0632
733.5000 0.0633
733.5000 0.0634
734.6000 0.0635
735.7000 0.0636
735.7000 0.0638
736.6000 0.0639
737.3000 0.0640
737.6000 0.0641
738.8000 0.0642
739.3000 0.0643
739.6000 0.0644
739.7000 0.0645
739.9000 0.0646
740.9000 0.0647
741.2000 0.0648
741.7000 0.0649
741.7000 0.0650
742.1000 0.0651
742.1000 0.0652
742.4000 0.0653
744.4000 0.0654
745.5000 0.0655
745.8000 0.0656
746.7000 0.0657
748.6000 0.0658
749.2000 0.0659
749.9000 0.0660
750.7000 0.0661
751.3000 0.0663
751.5000 0.0664
751.8000 0.0665
751.8000 0.0666
752.1000 0.0667
753.9000 0.0668
754.4000 0.0669
754.5000 0.0670
755.4000 0.0671
755.5000 0.0672
755.6000 0.0673
755.9000 0.0674
757.0000 0.0675
758.5000 0.0676
759.8000 0.0677
761.7000 0.0678
762.1000 0.0679
762.2000 0.0680
762.6000 0.0681
762.7000 0.0682
763.2000 0.0683
763.4000 0.0684
764.2000 0.0685
765.1000 0.0686
767.5000 0.0688
767.7000 0.0689
768.2000 0.0690
770.8000 0.0691
771.7000 0.0692
771.8000 0.0693
773.3000 0.0694
773.5000 0.0695
774.1000 0.0696
774.1000 0.0697
774.2000 0.0698
775.1000 0.0699
775.2000 0.0700
779.3000 0.0701
779.5000 0.0702
779.8000 0.0703
781.3000 0.0704
782.1000 0.0705
782.4000 0.0706
782.9000 0.0707
783.3000 0.0708
783.6000 0.0709
783.8000 0.0710
784.0000 0.0711
784.4000 0.0713
784.7000 0.0714
785.8000 0.0715
786.5000 0.0716
787.1000 0.0717
787.3000 0.0718
790.6000 0.0719
791.7000 0.0720
792.8000 0.0721
793.7000 0.0722
794.5000 0.0723
797.5000 0.0724
797.5000 0.0725
797.6000 0.0726
798.1000 0.0727
798.1000 0.0728
799.3000 0.0729
800.2000 0.0730
802.0000 0.0731
802.4000 0.0732
802.6000 0.0733
806.3000 0.0734
806.6000 0.0735
807.6000 0.0736
808.1000 0.0738
810.1000 0.0739
811.3000 0.0740
811.6000 0.0741
811.8000 0.0742
812.0000 0.0743
813.5000 0.0744
813.7000 0.0745
814.0000 0.0746
815.9000 0.0747
816.6000 0.0748
817.0000 0.0749
818.3000 0.0750
818.9000 0.0751
819.7000 0.0752
819.8000 0.0753
819.8000 0.0754
820.0000 0.0755
820.5000 0.0756
820.9000 0.0757
820.9000 0.0758
821.9000 0.0759
821.9000 0.0760
825.0000 0.0761
825.9000 0.0763
827.9000 0.0764
828.5000 0.0765
829.3000 0.0766
829.5000 0.0767
830.6000 0.0768
830.7000 0.0769
830.8000 0.0770
832.0000 0.0771
834.7000 0.0772
837.7000 0.0773
838.2000 0.0774
838.6000 0.0775
840.2000 0.0776
840.2000 0.0777
840.3000 0.0778
841.0000 0.0779
841.0000 0.0780
842.1000 0.0781
842.3000 0.0782
842.6000 0.0783
842.8000 0.0784
843.5000 0.0785
843.5000 0.0786
843.6000 0.0788
844.6000 0.0789
845.1000 0.0790
845.2000 0.0791
845.3000 0.0792
845.6000 0.0793
846.0000 0.0794
847.6000 0.0795
848.2000 0.0796
848.8000 0.0797
849.8000 0.0798
851.8000 0.0799
854.8000 0.0800
855.0000 0.0801
859.8000 0.0802
860.3000 0.0803
862.0000 0.0804
862.9000 0.0805
865.5000 0.0806
867.8000 0.0807
869.1000 0.0808
870.1000 0.0809
873.9000 0.0810
874.4000 0.0811
876.8000 0.0813
877.3000 0.0814
878.6000 0.0815
879.2000 0.0816
879.9000 0.0817
880.2000 0.0818
880.6000 0.0819
881.1000 0.0820
882.6000 0.0821
883.4000 0.0822
883.5000 0.0823
884.2000 0.0824
886.0000 0.0825
886.0000 0.0826
886.6000 0.0827
888.2000 0.0828
889.8000 0.0829
889.9000 0.0830
892.8000 0.0831
893.4000 0.0832
894.3000 0.0833
895.0000 0.0834
896.7000 0.0835
897.3000 0.0836
897.4000 0.0838
898.4000 0.0839
898.9000 0.0840
898.9000 0.0841
900.0000 0.0842
900.3000 0.0843
903.4000 0.0844
903.8000 0.0845
903.9000 0.0846
904.1000 0.0847
904.1000 0.0848
904.2000 0.0849
906.2000 0.0850
906.7000 0.0851
906.7000 0.0852
907.4000 0.0853
907.9000 0.0854
910.3000 0.0855
910.5000 0.0856
910.6000 0.0857
911.0000 0.0858
912.6000 0.0859
913.0000 0.0860
914.3000 0.0861
914.6000 0.0863
918.5000 0.0864
918.6000 0.0865
920.3000 0.0866
920.8000 0.0867
921.0000 0.0868
921.3000 0.0869
921.5000 0.0870
921.9000 0.0871
922.3000 0.0872
922.4000 0.0873
923.8000 0.0874
925.9000 0.0875
926.8000 0.0876
928.3000 0.0877
928.9000 0.0878
929.3000 0.0879
930.7000 0.0880
936.0000 0.0881
936.4000 0.0882
936.8000 0.0883
937.2000 0.0884
937.7000 0.0885
939.3000 0.0886
940.0000 0.0888
940.1000 0.0889
941.4000 0.0890
941.4000 0.0891
941.6000 0.0892
941.8000 0.0893
941.8000 0.0894
943.8000 0.0895
944.6000 0.0896
945.6000 0.0897
945.7000 0.0898
946.1000 0.0899
947.1000 0.0900
947.2000 0.0901
948.1000 0.0902
949.5000 0.0903
950.1000 0.0904
951.4000 0.0905
951.9000 0.0906
952.3000 0.0907
952.8000 0.0908
954.3000 0.0909
955.3000 0.0910
955.9000 0.0911
956.7000 0.0913
956.8000 0.0914
958.0000 0.0915
959.0000 0.0916
960.0000 0.0917
960.1000 0.0918
960.3000 0.0919
960.6000 0.0920
961.3000 0.0921
961.9000 0.0922
961.9000 0.0923
962.0000 0.0924
962.6000 0.0925
962.9000 0.0926
963.0000 0.0927
963.5000 0.0928
964.2000 0.0929
964.4000 0.0930
964.6000 0.0931
966.3000 0.0932
967.6000 0.0933
968.9000 0.0934
970.1000 0.0935
972.5000 0.0936
972.6000 0.0938
972.6000 0.0939
973.8000 0.0940
974.0000 0.0941
975.8000 0.0942
976.3000 0.0943
976.3000 0.0944
980.3000 0.0945
980.6000 0.0946
980.6000 0.0947
981.1000 0.0948
981.6000 0.0949
983.3000 0.0950
983.4000 0.0951
984.7000 0.0952
985.9000 0.0953
986.8000 0.0954
987.3000 0.0955
988.0000 0.0956
989.1000 0.0957
990.9000 0.0958
992.3000 0.0959
992.9000 0.0960
993.9000 0.0961
994.2000 0.0963
994.3000 0.0964
994.4000 0.0965
995.1000 0.0966
997.0000 0.0967
997.4000 0.0968
997.6000 0.0969
999.0000 0.0970
999.3000 0.0971
1001.6000 0.0972
1002.4000 0.0973
1002.6000 0.0974
1003.0000 0.0975
1006.5000 0.0976
1007.3000 0.0977
1007.8000 0.0978
1008.4000 0.0979
1011.3000 0.0980
1012.5000 0.0981
1013.1000 0.0982
1013.3000 0.0983
1013.7000 0.0984
1014.1000 0.0985
1015.9000 0.0986
1016.3000 0.0988
1016.6000 0.0989
1019.2000 0.0990
1019.2000 0.0991
1020.4000 0.0992
1020.6000 0.0993
1022.6000 0.0994
1026.1000 0.0995
1027.3000 0.0996
1032.3000 0.0997
1032.5000 0.0998
1033.8000 0.0999
1035.0000 0.1000
1035.7000 0.1001
1035.8000 0.1002
1036.0000 0.1003
1036.2000 0.1004
1036.9000 0.1005
1038.8000 0.1006
1038.9000 0.1007
1039.3000 0.1008
1039.5000 0.1009
1040.8000 0.1010
1042.6000 0.1011
1044.8000 0.1013
1045.2000 0.1014
1046.1000 0.1015
1046.9000 0.1016
1049.5000 0.1017
1051.7000 0.1018
1052.6000 0.1019
1053.3000 0.1020
1054.5000 0.1021
1055.8000 0.1022
1058.1000 0.1023
1058.6000 0.1024
1059.5000 0.1025
1061.8000 0.1026
1063.7000 0.1027
1064.3000 0.1028
1065.2000 0.1029
1066.1000 0.1030
1066.8000 0.1031
1068.3000 0.1032
1069.5000 0.1033
1072.4000 0.1034
1075.4000 0.1035
1075.7000 0.1036
1076.7000 0.1038
1076.8000 0.1039
1076.9000 0.1040
1080.1000 0.1041
1081.1000 0.1042
1082.3000 0.1043
1082.8000 0.1044
1083.1000 0.1045
1083.4000 0.1046
1083.9000 0.1047
1083.9000 0.1048
1084.8000 0.1049
1085.0000 0.1050
1085.6000 0.1051
1086.7000 0.1052
1087.3000 0.1053
1087.8000 0.1054
1088.2000 0.1055
1090.2000 0.1056
1090.7000 0.1057
1091.8000 0.1058
1091.9000 0.1059
1093.2000 0.1060
1093.5000 0.1061
1093.8000 0.1063
1093.9000 0.1064
1094.6000 0.1065
1096.2000 0.1066
1097.6000 0.1067
1098.0000 0.1068
1101.4000 0.1069
1101.5000 0.1070
1101.5000 0.1071
1103.3000 0.1072
1103.9000 0.1073
1104.2000 0.1074
1104.8000 0.1075
1104.8000 0.1076
1105.9000 0.1077
1105.9000 0.1078
1106.2000 0.1079
1107.2000 0.1080
1107.7000 0.1081
1108.7000 0.1082
1109.2000 0.1083
1111.8000 0.1084
1113.4000 0.1085
1114.1000 0.1086
1114.3000 0.1088
1115.2000 0.1089
1115.3000 0.1090
1116.1000 0.1091
1116.2000 0.1092
1116.2000 0.1093
1118.2000 0.1094
1118.6000 0.1095
1119.9000 0.1096
1121.1000 0.1097
1121.6000 0.1098
1121.7000 0.1099
1122.6000 0.1100
1124.1000 0.1101
1126.0000 0.1102
1126.7000 0.1103
1127.9000 0.1104
1129.3000 0.1105
1130.4000 0.1106
1131.1000 0.1107
1131.8000 0.1108
1133.9000 0.1109
1134.4000 0.1110
1134.4000 0.1111
1136.7000 0.1113
1137.1000 0.1114
1139.7000 0.1115
1140.0000 0.1116
1140.9000 0.1117
1141.2000 0.1118
1141.6000 0.1119
1142.7000 0.1120
1143.8000 0.1121
1148.0000 0.1122
1149.1000 0.1123
1149.4000 0.1124
1150.5000 0.1125
1151.8000 0.1126
1152.0000 0.1127
1152.6000 0.1128
1153.8000 0.1129
1154.7000 0.1130
1154.9000 0.1131
1155.2000 0.1132
1155.6000 0.1133
1156.4000 0.1134
1157.0000 0.1135
1158.6000 0.1136
1159.9000 0.1138
1163.4000 0.1139
1166.6000 0.1140
1166.7000 0.1141
1166.9000 0.1142
1167.0000 0.1143
1167.8000 0.1144
1168.0000 0.1145
1170.2000 0.1146
1170.2000 0.1147
1170.9000 0.1148
1171.4000 0.1149
1172.8000 0.1150
1174.2000 0.1151
1174.3000 0.1152
1174.6000 0.1153
1175.3000 0.1154
1176.4000 0.1155
1176.5000 0.1156
1177.5000 0.1157
1178.5000 0.1158
1179.5000 0.1159
1179.8000 0.1160
1179.9000 0.1161
1180.3000 0.1163
1180.8000 0.1164
1181.4000 0.1165
1181.4000 0.1166
1181.4000 0.1167
1183.5000 0.1168
1183.8000 0.1169
1184.5000 0.1170
1184.7000 0.1171
1184.7000 0.1172
1185.5000 0.1173
1186.0000 0.1174
1186.8000 0.1175
1187.4000 0.1176
1187.5000 0.1177
1188.4000 0.1178
1188.7000 0.1179
1191.6000 0.1180
1192.7000 0.1181
1193.3000 0.1182
1193.7000 0.1183
1194.8000 0.1184
1196.3000 0.1185
1196.6000 0.1186
1196.9000 0.1188
1198.0000 0.1189
1198.2000 0.1190
1198.6000 0.1191
1198.7000 0.1192
1198.8000 0.1193
1200.6000 0.1194
1201.7000 0.1195
1201.7000 0.1196
1201.9000 0.1197
1202.4000 0.1198
1202.6000 0.1199
1202.6000 0.1200
1203.4000 0.1201
1205.4000 0.1202
1205.7000 0.1203
1206.2000 0.1204
1206.2000 0.1205
1207.8000 0.1206
1208.7000 0.1207
1211.7000 0.1208
1211.9000 0.1209
1215.9000 0.1210
1219.0000 0.1211
1219.0000 0.1213
1219.4000 0.1214
1225.0000 0.1215
1225.6000 0.1216
1226.4000 0.1217
1226.8000 0.1218
1226.8000 0.1219
1226.9000 0.1220
1227.0000 0.1221
1228.0000 0.1222
1228.7000 0.1223
1228.9000 0.1224
1236.0000 0.1225
1237.0000 0.1226
1239.0000 0.1227
1239.5000 0.1228
1239.9000 0.1229
1240.8000 0.1230
1242.8000 0.1231
1243.1000 0.1232
1244.7000 0.1233
1245.0000 0.1234
1246.1000 0.1235
1246.7000 0.1236
1248.4000 0.1238
1249.0000 0.1239
1249.4000 0.1240
1250.5000 0.1241
1251.0000 0.1242
1251.0000 0.1243
1251.8000 0.1244
1252.0000 0.1245
1252.4000 0.1246
1253.8000 0.1247
1255.3000 0.1248
1255.3000 0.1249
1256.2000 0.1250
1256.8000 0.1251
1258.5000 0.1252
1258.7000 0.1253
1260.9000 0.1254
1261.1000 0.1255
1261.3000 0.1256
1261.5000 0.1257
1262.0000 0.1258
1263.4000 0.1259
1265.3000 0.1260
1265.4000 0.1261
1265.5000 0.1263
1266.2000 0.1264
1266.6000 0.1265
1268.6000 0.1266
1269.4000 0.1267
1270.3000 0.1268
1270.5000 0.1269
1273.4000 0.1270
1275.2000 0.1271
1275.2000 0.1272
1275.3000 0.1273
1275.8000 0.1274
1277.4000 0.1275
1279.1000 0.1276
1279.7000 0.1277
1281.4000 0.1278
1281.6000 0.1279
1285.0000 0.1280
1286.2000 0.1281
1287.6000 0.1282
1291.1000 0.1283
1291.6000 0.1284
1292.9000 0.1285
1293.3000 0.1286
1294.2000 0.1288
1295.4000 0.1289
1295.6000 0.1290
1295.9000 0.1291
1295.9000 0.1292
1296.8000 0.1293
1297.1000 0.1294
1297.4000 0.1295
1298.7000 0.1296
1299.0000 0.1297
1299.5000 0.1298
1299.8000 0.1299
1300.7000 0.1300
1305.6000 0.1301
1306.0000 0.1302
1307.1000 0.1303
1308.1000 0.1304
1309.2000 0.1305
1310.9000 0.1306
1313.2000 0.1307
1313.3000 0.1308
1313.4000 0.1309
1313.9000 0.1310
1315.7000 0.1311
1315.8000 0.1313
1316.3000 0.1314
1316.5000 0.1315
1316.7000 0.1316
1318.8000 0.1317
1318.9000 0.1318
1319.2000 0.1319
1319.6000 0.1320
1321.5000 0.1321
1322.1000 0.1322
1324.0000 0.1323
1325.5000 0.1324
1325.8000 0.1325
1327.1000 0.1326
1328.2000 0.1327
1328.4000 0.1328
1328.6000 0.1329
1328.7000 0.1330
1328.8000 0.1331
1329.2000 0.1332
1329.5000 0.1333
1330.7000 0.1334
1333.7000 0.1335
1334.9000 0.1336
1335.3000 0.1338
1339.2000 0.1339
1339.5000 0.1340
1339.5000 0.1341
1340.9000 0.1342
1344.4000 0.1343
1344.6000 0.1344
1345.7000 0.1345
1346.7000 0.1346
1346.7000 0.1347
1347.0000 0.1348
1348.8000 0.1349
1349.7000 0.1350
1351.1000 0.1351
1351.4000 0.1352
1352.3000 0.1353
1353.6000 0.1354
1354.8000 0.1355
1356.0000 0.1356
1356.3000 0.1357
1356.8000 0.1358
1356.9000 0.1359
1358.0000 0.1360
1358.2000 0.1361
1359.4000 0.1363
1360.0000 0.1364
1360.5000 0.1365
1360.9000 0.1366
1361.3000 0.1367
1362.2000 0.1368
1362.2000 0.1369
1362.9000 0.1370
1363.5000 0.1371
1364.9000 0.1372
1366.0000 0.1373
1367.0000 0.1374
1367.2000 0.1375
1367.6000 0.1376
1368.4000 0.1377
1369.4000 0.1378
1370.2000 0.1379
1371.8000 0.1380
1374.0000 0.1381
1376.1000 0.1382
1376.5000 0.1383
1376.8000 0.1384
1377.9000 0.1385
1378.4000 0.1386
1378.7000 0.1388
1379.2000 0.1389
1379.5000 0.1390
1379.8000 0.1391
1383.0000 0.1392
1384.6000 0.1393
1385.8000 0.1394
1387.0000 0.1395
1387.8000 0.1396
1388.1000 0.1397
1388.6000 0.1398
1389.0000 0.1399
1391.3000 0.1400
1391.5000 0.1401
1392.7000 0.1402
1395.4000 0.1403
1395.6000 0.1404
1395.6000 0.1405
1396.1000 0.1406
1397.5000 0.1407
1398.4000 0.1408
1398.6000 0.1409
1400.3000 0.1410
1400.3000 0.1411
1400.5000 0.1413
1400.7000 0.1414
1401.9000 0.1415
1402.7000 0.1416
1403.5000 0.1417
1404.6000 0.1418
1405.7000 0.1419
1406.9000 0.1420
1407.1000 0.1421
1407.1000 0.1422
1408.2000 0.1423
1409.4000 0.1424
1409.8000 0.1425
1411.2000 0.1426
1412.1000 0.1427
1413.2000 0.1428
1413.3000 0.1429
1413.7000 0.1430
1413.9000 0.1431
1418.2000 0.1432
1419.3000 0.1433
1419.6000 0.1434
1419.9000 0.1435
1419.9000 0.1436
1420.5000 0.1437
1421.5000 0.1439
1423.6000 0.1440
1426.2000 0.1441
1426.3000 0.1442
1426.6000 0.1443
1428.0000 0.1444
1428.4000 0.1445
1429.1000 0.1446
1430.8000 0.1447
1432.5000 0.1448
1432.7000 0.1449
1435.6000 0.1450
1436.2000 0.1451
1436.5000 0.1452
1437.1000 0.1453
1437.6000 0.1454
1438.0000 0.1455
1438.4000 0.1456
1440.3000 0.1457
1440.5000 0.1458
1440.8000 0.1459
1443.2000 0.1460
1443.8000 0.1461
1444.1000 0.1462
1444.4000 0.1464
1445.5000 0.1465
1448.5000 0.1466
1448.7000 0.1467
1450.0000 0.1468
1450.2000 0.1469
1450.9000 0.1470
1452.2000 0.1471
1456.8000 0.1472
1456.8000 0.1473
1457.9000 0.1474
1458.2000 0.1475
1458.6000 0.1476
1461.4000 0.1477
1462.1000 0.1478
1465.4000 0.1479
1468.1000 0.1480
1468.4000 0.1481
1470.9000 0.1482
1472.0000 0.1483
1474.1000 0.1484
1475.5000 0.1485
1475.7000 0.1486
1477.5000 0.1487
1478.3000 0.1489
1478.8000 0.1490
1479.3000 0.1491
1479.7000 0.1492
1480.0000 0.1493
1480.2000 0.1494
1482.5000 0.1495
1483.6000 0.1496
1486.5000 0.1497
1487.8000 0.1498
1488.6000 0.1499
1489.0000 0.1500
1491.8000 0.1501
1492.1000 0.1502
1492.2000 0.1503
1492.9000 0.1504
1494.6000 0.1505
1495.7000 0.1506
1495.7000 0.1507
1495.8000 0.1508
1498.5000 0.1509
1500.0000 0.1510
1502.2000 0.1511
1502.8000 0.1512
1503.4000 0.1514
1503.6000 0.1515
1504.0000 0.1516
1504.2000 0.1517
1505.6000 0.1518
1507.9000 0.1519
1509.8000 0.1520
1511.2000 0.1521
1511.3000 0.1522
1512.5000 0.1523
1513.4000 0.1524
1514.4000 0.1525
1514.5000 0.1526
1514.5000 0.1527
1514.6000 0.1528
1517.8000 0.1529
1518.5000 0.1530
1519.5000 0.1531
1519.9000 0.1532
1520.2000 0.1533
1520.9000 0.1534
1521.0000 0.1535
1522.0000 0.1536
1522.7000 0.1537
1522.9000 0.1539
1523.3000 0.1540
1529.4000 0.1541
1529.6000 0.1542
1531.6000 0.1543
1532.0000 0.1544
1533.6000 0.1545
1533.8000 0.1546
1534.0000 0.1547
1534.0000 0.1548
1536.3000 0.1549
1537.9000 0.1550
1539.9000 0.1551
1540.6000 0.1552
1542.2000 0.1553
1542.4000 0.1554
1545.0000 0.1555
1547.4000 0.1556
1548.9000 0.1557
1549.3000 0.1558
1551.4000 0.1559
1552.8000 0.1560
1553.5000 0.1561
1553.6000 0.1562
1555.4000 0.1564
1556.2000 0.1565
1557.4000 0.1566
1557.5000 0.1567
1558.4000 0.1568
1558.6000 0.1569
1558.8000 0.1570
1560.0000 0.1571
1561.6000 0.1572
1563.9000 0.1573
1565.7000 0.1574
1566.4000 0.1575
1566.5000 0.1576
1568.3000 0.1577
1569.5000 0.1578
1569.5000 0.1579
1570.0000 0.1580
1572.3000 0.1581
1574.3000 0.1582
1574.5000 0.1583
1577.1000 0.1584
1579.4000 0.1585
1580.5000 0.1586
1582.4000 0.1587
1583.6000 0.1589
1584.1000 0.1590
1585.9000 0.1591
1588.6000 0.1592
1590.0000 0.1593
1590.8000 0.1594
1591.8000 0.1595
1593.3000 0.1596
1593.4000 0.1597
1596.0000 0.1598
1596.9000 0.1599
1597.1000 0.1600
1597.3000 0.1601
1598.5000 0.1602
1600.3000 0.1603
1601.0000 0.1604
1602.5000 0.1605
1603.3000 0.1606
1605.9000 0.1607
1607.6000 0.1608
1608.7000 0.1609
1608.8000 0.1610
1610.5000 0.1611
1611.1000 0.1612
1611.6000 0.1614
1612.7000 0.1615
1613.1000 0.1616
1615.3000 0.1617
1619.4000 0.1618
1621.0000 0.1619
1622.3000 0.1620
1622.8000 0.1621
1624.4000 0.1622
1625.0000 0.1623
1625.5000 0.1624
1625.8000 0.1625
1627.1000 0.1626
1628.7000 0.1627
1629.1000 0.1628
1633.0000 0.1629
1633.7000 0.1630
1633.8000 0.1631
1635.4000 0.1632
1636.0000 0.1633
1639.8000 0.1634
1639.9000 0.1635
1639.9000 0.1636
1640.2000 0.1637
1640.5000 0.1639
1641.6000 0.1640
1641.6000 0.1641
1643.8000 0.1642
1645.5000 0.1643
1647.0000 0.1644
1650.8000 0.1645
1650.8000 0.1646
1651.4000 0.1647
1651.6000 0.1648
1652.1000 0.1649
1655.0000 0.1650
1655.0000 0.1651
1656.2000 0.1652
1662.7000 0.1653
1664.9000 0.1654
1666.0000 0.1655
1667.8000 0.1656
1668.1000 0.1657
1671.7000 0.1658
1672.9000 0.1659
1673.0000 0.1660
1673.2000 0.1661
1674.6000 0.1662
1676.1000 0.1664
1676.3000 0.1665
1676.5000 0.1666
1677.6000 0.1667
1677.7000 0.1668
1678.7000 0.1669
1680.9000 0.1670
1681.4000 0.1671
1683.2000 0.1672
1683.3000 0.1673
1688.3000 0.1674
1690.2000 0.1675
1690.4000 0.1676
1690.8000 0.1677
1694.2000 0.1678
1698.8000 0.1679
1699.3000 0.1680
1699.9000 0.1681
1703.4000 0.1682
1703.5000 0.1683
1703.8000 0.1684
1705.7000 0.1685
1706.8000 0.1686
1707.1000 0.1687
1708.1000 0.1689
1709.3000 0.1690
1712.4000 0.1691
1712.9000 0.1692
1713.0000 0.1693
1714.3000 0.1694
1714.9000 0.1695
1718.8000 0.1696
1721.9000 0.1697
1724.1000 0.1698
1724.5000 0.1699
1729.1000 0.1700
1731.6000 0.1701
1732.2000 0.1702
1733.7000 0.1703
1734.2000 0.1704
1735.2000 0.1705
1737.1000 0.1706
1737.3000 0.1707
1742.6000 0.1708
1743.1000 0.1709
1743.3000 0.1710
1743.5000 0.1711
1746.3000 0.1712
1747.4000 0.1714
1747.9000 0.1715
1750.2000 0.1716
1752.1000 0.1717
1757.8000 0.1718
1758.3000 0.1719
1758.9000 0.1720
1760.6000 0.1721
1760.6000 0.1722
1761.2000 0.1723
1761.2000 0.1724
1765.5000 0.1725
1765.5000 0.1726
1767.7000 0.1727
1769.1000 0.1728
1773.4000 0.1729
1775.0000 0.1730
1775.4000 0.1731
1778.8000 0.1732
1787.0000 0.1733
1787.3000 0.1734
1788.1000 0.1735
1788.8000 0.1736
1790.2000 0.1737
1790.3000 0.1739
1792.4000 0.1740
1795.6000 0.1741
1797.3000 0.1742
1800.0000 0.1743
1801.0000 0.1744
1802.2000 0.1745
1803.1000 0.1746
1803.8000 0.1747
1806.1000 0.1748
1807.3000 0.1749
1809.4000 0.1750
1809.7000 0.1751
1811.9000 0.1752
1813.2000 0.1753
1813.9000 0.1754
1814.5000 0.1755
1815.4000 0.1756
1815.9000 0.1757
1817.0000 0.1758
1819.0000 0.1759
1819.1000 0.1760
1824.5000 0.1761
1828.5000 0.1762
1829.5000 0.1764
1829.6000 0.1765
1830.0000 0.1766
1836.0000 0.1767
1839.5000 0.1768
1839.7000 0.1769
1839.8000 0.1770
1844.9000 0.1771
1845.2000 0.1772
1845.3000 0.1773
1846.7000 0.1774
1848.7000 0.1775
1852.8000 0.1776
1853.5000 0.1777
1853.7000 0.1778
1856.4000 0.1779
1857.1000 0.1780
1862.3000 0.1781
1863.1000 0.1782
1867.6000 0.1783
1867.7000 0.1784
1868.6000 0.1785
1880.6000 0.1786
1883.0000 0.1787
1884.4000 0.1789
1884.9000 0.1790
1885.5000 0.1791
1892.7000 0.1792
1893.1000 0.1793
1896.1000 0.1794
1896.6000 0.1795
1899.3000 0.1796
1899.8000 0.1797
1901.5000 0.1798
1901.8000 0.1799
1904.6000 0.1800
1905.7000 0.1801
1905.7000 0.1802
1908.3000 0.1803
1911.1000 0.1804
1912.0000 0.1805
1915.8000 0.1806
1923.5000 0.1807
1924.0000 0.1808
1926.0000 0.1809
1928.3000 0.1810
1928.5000 0.1811
1931.3000 0.1812
1932.2000 0.1814
1937.6000 0.1815
1938.3000 0.1816
1939.8000 0.1817
1941.1000 0.1818
1942.1000 0.1819
1942.5000 0.1820
1947.2000 0.1821
1947.8000 0.1822
1957.7000 0.1823
1961.0000 0.1824
1964.2000 0.1825
1965.4000 0.1826
1968.3000 0.1827
1968.5000 0.1828
1970.4000 0.1829
1970.5000 0.1830
1970.6000 0.1831
1971.1000 0.1832
1974.6000 0.1833
1975.6000 0.1834
1977.0000 0.1835
1979.4000 0.1836
1985.0000 0.1837
1986.9000 0.1839
1987.3000 0.1840
1987.8000 0.1841
1989.8000 0.1842
1992.1000 0.1843
1992.5000 0.1844
1996.4000 0.1845
1998.0000 0.1846
1999.1000 0.1847
2004.4000 0.1848
2008.3000 0.1849
2013.1000 0.1850
2020.3000 0.1851
2022.3000 0.1852
2024.3000 0.1853
2025.4000 0.1854
2030.3000 0.1855
2032.4000 0.1856
2036.2000 0.1857
2036.5000 0.1858
2039.4000 0.1859
2044.3000 0.1860
2044.7000 0.1861
2045.0000 0.1862
2045.4000 0.1864
2047.5000 0.1865
2048.0000 0.1866
2054.4000 0.1867
2056.1000 0.1868
2056.2000 0.1869
2058.4000 0.1870
2059.0000 0.1871
2059.5000 0.1872
2068.5000 0.1873
2070.9000 0.1874
2071.9000 0.1875
2072.6000 0.1876
2073.6000 0.1877
2083.9000 0.1878
2088.7000 0.1879
2092.2000 0.1880
2094.3000 0.1881
2095.4000 0.1882
2099.1000 0.1883
2100.8000 0.1884
2105.4000 0.1885
2106.7000 0.1886
2108.2000 0.1887
2112.9000 0.1889
2119.8000 0.1890
2123.8000 0.1891
2126.2000 0.1892
2129.5000 0.1893
2130.7000 0.1894
2130.8000 0.1895
2137.7000 0.1896
2139.3000 0.1897
2141.5000 0.1898
2142.2000 0.1899
2148.2000 0.1900
2152.2000 0.1901
2154.0000 0.1902
2157.9000 0.1903
2161.3000 0.1904
2162.3000 0.1905
2166.6000 0.1906
2168.7000 0.1907
2169.8000 0.1908
2172.8000 0.1909
2178.6000 0.1910
2189.0000 0.1911
2193.4000 0.1912
2200.6000 0.1914
2200.7000 0.1915
2204.1000 0.1916
2205.1000 0.1917
2205.6000 0.1918
2214.0000 0.1919
2214.6000 0.1920
2214.9000 0.1921
2216.4000 0.1922
2222.7000 0.1923
2224.0000 0.1924
2225.9000 0.1925
2231.5000 0.1926
2232.1000 0.1927
2238.3000 0.1928
2240.9000 0.1929
2241.7000 0.1930
2243.3000 0.1931
2243.8000 0.1932
2249.3000 0.1933
2250.5000 0.1934
2252.3000 0.1935
2254.6000 0.1936
2255.2000 0.1937
2257.3000 0.1939
2272.3000 0.1940
2276.6000 0.1941
2278.7000 0.1942
2280.4000 0.1943
2283.1000 0.1944
2286.7000 0.1945
2287.4000 0.1946
2289.1000 0.1947
2289.3000 0.1948
2294.9000 0.1949
2295.6000 0.1950
2295.7000 0.1951
2296.0000 0.1952
2296.8000 0.1953
2304.6000 0.1954
2305.4000 0.1955
2305.6000 0.1956
2308.4000 0.1957
2311.9000 0.1958
2319.7000 0.1959
2319.9000 0.1960
2326.8000 0.1961
2327.7000 0.1962
2327.9000 0.1964
2333.0000 0.1965
2333.1000 0.1966
2337.4000 0.1967
2337.9000 0.1968
2339.6000 0.1969
2343.0000 0.1970
2347.8000 0.1971
2353.0000 0.1972
2354.1000 0.1973
2354.9000 0.1974
2355.6000 0.1975
2356.2000 0.1976
2359.8000 0.1977
2361.9000 0.1978
2362.6000 0.1979
2363.2000 0.1980
2366.3000 0.1981
2371.5000 0.1982
2378.6000 0.1983
2389.9000 0.1984
2391.1000 0.1985
2391.2000 0.1986
2391.8000 0.1987
2403.6000 0.1989
2404.8000 0.1990
2408.4000 0.1991
2409.6000 0.1992
2409.9000 0.1993
2414.9000 0.1994
2416.7000 0.1995
2420.3000 0.1996
2420.3000 0.1997
2422.1000 0.1998
2429.4000 0.1999
2437.6000 0.2000
2443.0000 0.2001
2460.0000 0.2002
2460.8000 0.2003
2463.6000 0.2004
2464.2000 0.2005
2473.4000 0.2006
2481.2000 0.2007
2483.0000 0.2008
2487.3000 0.2009
2490.4000 0.2010
2495.4000 0.2011
2495.8000 0.2012
2501.9000 0.2014
2505.6000 0.2015
2505.7000 0.2016
2507.8000 0.2017
2508.1000 0.2018
2509.4000 0.2019
2510.8000 0.2020
2517.7000 0.2021
2518.5000 0.2022
2520.0000 0.2023
2528.5000 0.2024
2528.6000 0.2025
2530.3000 0.2026
2546.6000 0.2027
2548.0000 0.2028
2555.5000 0.2029
2557.7000 0.2030
2561.6000 0.2031
2563.7000 0.2032
2569.1000 0.2033
2569.6000 0.2034
2574.8000 0.2035
2580.8000 0.2036
2588.3000 0.2037
2589.1000 0.2039
2594.1000 0.2040
2595.4000 0.2041
2595.8000 0.2042
2597.4000 0.2043
2610.1000 0.2044
2616.1000 0.2045
2618.2000 0.2046
2620.3000 0.2047
2624.4000 0.2048
2626.4000 0.2049
2630.7000 0.2050
2631.0000 0.2051
2632.2000 0.2052
2632.3000 0.2053
2638.3000 0.2054
2639.2000 0.2055
2640.7000 0.2056
2642.0000 0.2057
2643.0000 0.2058
2645.4000 0.2059
2647.0000 0.2060
2650.8000 0.2061
2652.6000 0.2062
2656.3000 0.2064
2663.3000 0.2065
2667.6000 0.2066
2669.3000 0.2067
2669.4000 0.2068
2670.3000 0.2069
2673.3000 0.2070
2675.8000 0.2071
2677.1000 0.2072
2677.6000 0.2073
2682.8000 0.2074
2684.7000 0.2075
2694.8000 0.2076
2695.2000 0.2077
2700.1000 0.2078
2700.8000 0.2079
2701.1000 0.2080
2702.4000 0.2081
2704.7000 0.2082
2705.6000 0.2083
2706.3000 0.2084
2706.8000 0.2085
2712.5000 0.2086
2716.7000 0.2087
2725.6000 0.2089
2728.4000 0.2090
2730.3000 0.2091
2738.1000 0.2092
2738.8000 0.2093
2739.1000 0.2094
2742.1000 0.2095
2743.3000 0.2096
2748.6000 0.2097
2755.2000 0.2098
2765.3000 0.2099
2770.8000 0.2100
2773.4000 0.2101
2776.2000 0.2102
2786.3000 0.2103
2793.3000 0.2104
2805.8000 0.2105
2806.0000 0.2106
2814.5000 0.2107
2814.7000 0.2108
2827.8000 0.2109
2829.0000 0.2110
2861.4000 0.2111
2862.1000 0.2112
2867.5000 0.2114
2873.8000 0.2115
2874.0000 0.2116
2876.4000 0.2117
2880.5000 0.2118
2881.1000 0.2119
2882.3000 0.2120
2889.7000 0.2121
2894.4000 0.2122
2897.6000 0.2123
2898.2000 0.2124
2898.3000 0.2125
2904.6000 0.2126
2906.0000 0.2127
2916.2000 0.2128
2917.7000 0.2129
2919.4000 0.2130
2936.1000 0.2131
2939.6000 0.2132
2942.5000 0.2133
2945.5000 0.2134
2956.4000 0.2135
2960.4000 0.2136
2960.8000 0.2137
2962.9000 0.2139
2967.2000 0.2140
2968.6000 0.2141
2985.0000 0.2142
2987.5000 0.2143
2989.5000 0.2144
2992.5000 0.2145
2994.4000 0.2146
2995.7000 0.2147
2996.5000 0.2148
2997.2000 0.2149
3008.9000 0.2150
3014.8000 0.2151
3023.9000 0.2152
3036.2000 0.2153
3042.5000 0.2154
3046.3000 0.2155
3046.4000 0.2156
3057.1000 0.2157
3059.2000 0.2158
3064.1000 0.2159
3065.7000 0.2160
3073.9000 0.2161
3074.6000 0.2162
3084.3000 0.2164
3098.1000 0.2165
3101.6000 0.2166
3102.0000 0.2167
3102.7000 0.2168
3112.8000 0.2169
3114.1000 0.2170
3116.0000 0.2171
3118.9000 0.2172
3119.2000 0.2173
3119.6000 0.2174
3128.8000 0.2175
3137.2000 0.2176
3142.3000 0.2177
3148.6000 0.2178
3155.5000 0.2179
3165.3000 0.2180
3189.5000 0.2181
3191.2000 0.2182
3202.9000 0.2183
3212.5000 0.2184
3230.4000 0.2185
3239.8000 0.2186
3245.9000 0.2187
3247.3000 0.2189
3250.7000 0.2190
3253.3000 0.2191
3257.1000 0.2192
3260.2000 0.2193
3261.4000 0.2194
3266.4000 0.2195
3271.2000 0.2196
3271.5000 0.2197
3275.9000 0.2198
3279.1000 0.2199
3285.1000 0.2200
3286.3000 0.2201
3290.1000 0.2202
3293.4000 0.2203
3297.6000 0.2204
3298.0000 0.2205
3306.1000 0.2206
3306.5000 0.2207
3314.5000 0.2208
3320.2000 0.2209
3326.1000 0.2210
3328.2000 0.2211
3330.0000 0.2212
3335.2000 0.2214
3353.6000 0.2215
3368.1000 0.2216
3372.5000 0.2217
3373.1000 0.2218
3378.2000 0.2219
3381.6000 0.2220
3386.9000 0.2221
3390.3000 0.2222
3400.0000 0.2223
3408.0000 0.2224
3408.1000 0.2225
3409.6000 0.2226
3411.0000 0.2227
3416.0000 0.2228
3419.1000 0.2229
3421.3000 0.2230
3423.8000 0.2231
3432.0000 0.2232
3434.9000 0.2233
3440.0000 0.2234
3446.2000 0.2235
3447.0000 0.2236
3452.7000 0.2237
3455.0000 0.2239
3455.5000 0.2240
3464.7000 0.2241
3467.1000 0.2242
3473.0000 0.2243
3490.4000 0.2244
3496.1000 0.2245
3501.2000 0.2246
3501.9000 0.2247
3506.5000 0.2248
3507.2000 0.2249
3508.2000 0.2250
3515.2000 0.2251
3516.6000 0.2252
3520.3000 0.2253
3524.4000 0.2254
3542.1000 0.2255
3562.6000 0.2256
3564.2000 0.2257
3568.9000 0.2258
3569.3000 0.2259
3569.4000 0.2260
3570.4000 0.2261
3573.2000 0.2262
3587.8000 0.2264
3587.9000 0.2265
3592.0000 0.2266
3595.6000 0.2267
3597.6000 0.2268
3599.7000 0.2269
3610.8000 0.2270
3611.6000 0.2271
3614.1000 0.2272
3616.8000 0.2273
3617.6000 0.2274
3619.8000 0.2275
3619.8000 0.2276
3624.1000 0.2277
3634.2000 0.2278
3635.1000 0.2279
3636.2000 0.2280
3642.5000 0.2281
3647.2000 0.2282
3663.0000 0.2283
3679.5000 0.2284
3681.3000 0.2285
3682.7000 0.2286
3686.7000 0.2287
3687.7000 0.2289
3690.0000 0.2290
3698.6000 0.2291
3703.1000 0.2292
3714.4000 0.2293
3715.2000 0.2294
3720.5000 0.2295
3722.2000 0.2296
3723.6000 0.2297
3725.6000 0.2298
3731.7000 0.2299
3732.6000 0.2300
3737.0000 0.2301
3739.8000 0.2302
3754.5000 0.2303
3761.6000 0.2304
3762.0000 0.2305
3762.9000 0.2306
3763.5000 0.2307
3763.6000 0.2308
3779.0000 0.2309
3782.6000 0.2310
3790.1000 0.2311
3792.6000 0.2312
3794.4000 0.2314
3794.7000 0.2315
3795.5000 0.2316
3797.9000 0.2317
3804.2000 0.2318
3806.6000 0.2319
3807.9000 0.2320
3811.7000 0.2321
3816.8000 0.2322
3818.5000 0.2323
3820.4000 0.2324
3820.7000 0.2325
3825.0000 0.2326
3842.6000 0.2327
3844.6000 0.2328
3844.8000 0.2329
3846.9000 0.2330
3853.7000 0.2331
3854.5000 0.2332
3858.5000 0.2333
3865.5000 0.2334
3867.1000 0.2335
3870.0000 0.2336
3871.6000 0.2337
3872.0000 0.2339
3873.7000 0.2340
3874.7000 0.2341
3890.4000 0.2342
3905.8000 0.2343
3910.5000 0.2344
3926.6000 0.2345
3927.2000 0.2346
3933.1000 0.2347
3943.4000 0.2348
3956.4000 0.2349
3957.9000 0.2350
3959.2000 0.2351
3962.1000 0.2352
3966.0000 0.2353
3978.7000 0.2354
3979.8000 0.2355
3985.0000 0.2356
3988.4000 0.2357
3990.3000 0.2358
3993.2000 0.2359
3998.3000 0.2360
3998.9000 0.2361
4001.5000 0.2362
4003.6000 0.2364
4005.3000 0.2365
4007.2000 0.2366
4010.8000 0.2367
4012.5000 0.2368
4018.3000 0.2369
4018.8000 0.2370
4026.2000 0.2371
4033.4000 0.2372
4034.7000 0.2373
4034.9000 0.2374
4039.3000 0.2375
4048.1000 0.2376
4048.9000 0.2377
4054.8000 0.2378
4081.4000 0.2379
4084.1000 0.2380
4086.3000 0.2381
4090.4000 0.2382
4100.0000 0.2383
4100.7000 0.2384
4103.6000 0.2385
4104.2000 0.2386
4109.4000 0.2387
4113.0000 0.2389
4115.3000 0.2390
4118.2000 0.2391
4118.3000 0.2392
4118.8000 0.2393
4120.8000 0.2394
4123.5000 0.2395
4125.4000 0.2396
4125.7000 0.2397
4127.5000 0.2398
4128.5000 0.2399
4134.2000 0.2400
4135.2000 0.2401
4138.8000 0.2402
4145.1000 0.2403
4149.0000 0.2404
4166.7000 0.2405
4166.7000 0.2406
4168.5000 0.2407
4171.4000 0.2408
4177.3000 0.2409
4178.8000 0.2410
4179.0000 0.2411
4184.6000 0.2412
4194.2000 0.2414
4198.2000 0.2415
4215.3000 0.2416
4221.9000 0.2417
4234.9000 0.2418
4236.1000 0.2419
4238.6000 0.2420
4245.1000 0.2421
4245.6000 0.2422
4246.0000 0.2423
4251.5000 0.2424
4256.0000 0.2425
4258.9000 0.2426
4268.3000 0.2427
4275.0000 0.2428
4277.3000 0.2429
4289.2000 0.2430
4298.7000 0.2431
4299.1000 0.2432
4300.4000 0.2433
4305.7000 0.2434
4308.2000 0.2435
4309.5000 0.2436
4319.3000 0.2437
4330.8000 0.2439
4332.3000 0.2440
4334.0000 0.2441
4346.5000 0.2442
4348.3000 0.2443
4348.8000 0.2444
4351.4000 0.2445
4353.8000 0.2446
4370.4000 0.2447
4373.3000 0.2448
4380.5000 0.2449
4380.9000 0.2450
4388.5000 0.2451
4389.4000 0.2452
4395.6000 0.2453
4402.4000 0.2454
4403.8000 0.2455
4412.4000 0.2456
4412.5000 0.2457
4413.6000 0.2458
4416.4000 0.2459
4420.2000 0.2460
4425.8000 0.2461
4426.6000 0.2462
4427.3000 0.2464
4432.2000 0.2465
4433.8000 0.2466
4435.6000 0.2467
4440.5000 0.2468
4445.5000 0.2469
4462.1000 0.2470
4468.0000 0.2471
4472.4000 0.2472
4473.8000 0.2473
4475.4000 0.2474
4475.9000 0.2475
4483.1000 0.2476
4486.5000 0.2477
4487.7000 0.2478
4490.6000 0.2479
4501.6000 0.2480
4505.4000 0.2481
4512.0000 0.2482
4531.9000 0.2483
4533.1000 0.2484
4535.7000 0.2485
4548.2000 0.2486
4550.6000 0.2487
4552.7000 0.2489
4559.2000 0.2490
4560.6000 0.2491
4563.8000 0.2492
4563.8000 0.2493
4578.3000 0.2494
4581.3000 0.2495
4588.0000 0.2496
4590.0000 0.2497
4594.3000 0.2498
4597.8000 0.2499
4604.3000 0.2500
4606.6000 0.2501
4617.9000 0.2502
4621.1000 0.2503
4626.0000 0.2504
4631.7000 0.2505
4640.2000 0.2506
4649.4000 0.2507
4664.6000 0.2508
4667.6000 0.2509
4669.3000 0.2510
4671.3000 0.2511
4673.2000 0.2512
4673.8000 0.2514
4678.1000 0.2515
4680.1000 0.2516
4681.3000 0.2517
4681.5000 0.2518
4689.9000 0.2519
4699.2000 0.2520
4700.7000 0.2521
4701.7000 0.2522
4707.4000 0.2523
4714.4000 0.2524
4715.1000 0.2525
4715.9000 0.2526
4721.9000 0.2527
4726.9000 0.2528
4735.5000 0.2529
4736.4000 0.2530
4739.4000 0.2531
4740.4000 0.2532
4752.2000 0.2533
4756.3000 0.2534
4761.4000 0.2535
4763.8000 0.2536
4766.2000 0.2537
4771.4000 0.2539
4775.0000 0.2540
4777.1000 0.2541
4778.7000 0.2542
4782.7000 0.2543
4788.3000 0.2544
4796.9000 0.2545
4799.2000 0.2546
4802.4000 0.2547
4806.6000 0.2548
4813.0000 0.2549
4820.3000 0.2550
4823.1000 0.2551
4830.7000 0.2552
4832.9000 0.2553
4852.9000 0.2554
4855.3000 0.2555
4875.2000 0.2556
4877.6000 0.2557
4884.6000 0.2558
4884.7000 0.2559
4898.7000 0.2560
4909.1000 0.2561
4927.8000 0.2562
4928.0000 0.2564
4929.3000 0.2565
4929.7000 0.2566
4932.9000 0.2567
4937.8000 0.2568
4945.3000 0.2569
4950.5000 0.2570
4952.5000 0.2571
4959.1000 0.2572
4964.1000 0.2573
4965.6000 0.2574
4970.2000 0.2575
4984.5000 0.2576
4991.5000 0.2577
4994.0000 0.2578
4994.9000 0.2579
4997.0000 0.2580
5011.7000 0.2581
5017.5000 0.2582
5022.2000 0.2583
5030.1000 0.2584
5032.3000 0.2585
5037.8000 0.2586
5039.0000 0.2587
5042.0000 0.2589
5053.7000 0.2590
5056.0000 0.2591
5056.9000 0.2592
5061.7000 0.2593
5064.2000 0.2594
5072.5000 0.2595
5085.8000 0.2596
5096.8000 0.2597
5111.5000 0.2598
5111.6000 0.2599
5125.2000 0.2600
5125.8000 0.2601
5126.2000 0.2602
5126.3000 0.2603
5157.9000 0.2604
5163.4000 0.2605
5173.1000 0.2606
5180.5000 0.2607
5181.3000 0.2608
5194.5000 0.2609
5196.8000 0.2610
5198.8000 0.2611
5199.0000 0.2612
5206.9000 0.2614
5208.8000 0.2615
5210.8000 0.2616
5216.9000 0.2617
5219.0000 0.2618
5227.5000 0.2619
5234.3000 0.2620
5245.4000 0.2621
5253.6000 0.2622
5263.7000 0.2623
5265.7000 0.2624
5271.2000 0.2625
5271.5000 0.2626
5278.4000 0.2627
5292.5000 0.2628
5312.0000 0.2629
5313.2000 0.2630
5321.0000 0.2631
5324.4000 0.2632
5325.7000 0.2633
5327.6000 0.2634
5328.2000 0.2635
5334.9000 0.2636
5342.1000 0.2637
5352.2000 0.2639
5358.4000 0.2640
5358.9000 0.2641
5364.6000 0.2642
5375.8000 0.2643
5381.9000 0.2644
5383.6000 0.2645
5383.8000 0.2646
5391.6000 0.2647
5391.9000 0.2648
5395.6000 0.2649
5397.4000 0.2650
5400.2000 0.2651
5402.3000 0.2652
5402.6000 0.2653
5410.8000 0.2654
5422.5000 0.2655
5427.1000 0.2656
5428.1000 0.2657
5445.8000 0.2658
5448.2000 0.2659
5449.1000 0.2660
5451.6000 0.2661
5452.5000 0.2662
5457.2000 0.2664
5487.1000 0.2665
5487.3000 0.2666
5505.9000 0.2667
5506.7000 0.2668
5511.4000 0.2669
5512.2000 0.2670
5514.5000 0.2671
5523.4000 0.2672
5525.6000 0.2673
5528.1000 0.2674
5551.0000 0.2675
5551.7000 0.2676
5557.1000 0.2677
5585.7000 0.2678
5588.6000 0.2679
5595.8000 0.2680
5601.5000 0.2681
5602.5000 0.2682
5606.3000 0.2683
5614.6000 0.2684
5618.5000 0.2685
5631.0000 0.2686
5632.4000 0.2687
5635.5000 0.2689
5641.9000 0.2690
5646.9000 0.2691
5650.6000 0.2692
5671.6000 0.2693
5675.4000 0.2694
5676.6000 0.2695
5690.1000 0.2696
5700.5000 0.2697
5715.8000 0.2698
5724.1000 0.2699
5726.8000 0.2700
5733.4000 0.2701
5737.9000 0.2702
5740.0000 0.2703
5748.4000 0.2704
5751.7000 0.2705
5764.2000 0.2706
5767.0000 0.2707
5770.0000 0.2708
5770.4000 0.2709
5770.7000 0.2710
5772.5000 0.2711
5777.2000 0.2712
5786.3000 0.2714
5790.8000 0.2715
5806.8000 0.2716
5816.4000 0.2717
5817.6000 0.2718
5828.6000 0.2719
5830.9000 0.2720
5836.1000 0.2721
5840.5000 0.2722
5840.7000 0.2723
5851.8000 0.2724
5854.7000 0.2725
5855.3000 0.2726
5859.2000 0.2727
5859.7000 0.2728
5860.7000 0.2729
5868.4000 0.2730
5886.5000 0.2731
5899.2000 0.2732
5899.9000 0.2733
5901.6000 0.2734
5902.4000 0.2735
5903.0000 0.2736
5909.7000 0.2737
5916.3000 0.2739
5923.1000 0.2740
5933.4000 0.2741
5945.0000 0.2742
5949.3000 0.2743
5957.8000 0.2744
5961.3000 0.2745
5969.6000 0.2746
5973.8000 0.2747
5986.1000 0.2748
6009.4000 0.2749
6009.6000 0.2750
6014.1000 0.2751
6072.4000 0.2752
6088.1000 0.2753
6095.3000 0.2754
6098.6000 0.2755
6106.3000 0.2756
6112.8000 0.2757
6113.6000 0.2758
6116.0000 0.2759
6122.2000 0.2760
6144.6000 0.2761
6144.7000 0.2762
6147.4000 0.2764
6164.6000 0.2765
6177.1000 0.2766
6181.2000 0.2767
6189.3000 0.2768
6194.4000 0.2769
6200.9000 0.2770
6208.9000 0.2771
6221.5000 0.2772
6230.2000 0.2773
6234.3000 0.2774
6236.8000 0.2775
6249.7000 0.2776
6249.8000 0.2777
6250.3000 0.2778
6250.5000 0.2779
6257.2000 0.2780
6257.2000 0.2781
6268.9000 0.2782
6281.4000 0.2783
6303.2000 0.2784
6313.7000 0.2785
6314.2000 0.2786
6325.1000 0.2787
6325.7000 0.2789
6326.6000 0.2790
6328.9000 0.2791
6332.8000 0.2792
6337.7000 0.2793
6344.5000 0.2794
6361.1000 0.2795
6371.7000 0.2796
6386.4000 0.2797
6386.8000 0.2798
6390.0000 0.2799
6405.3000 0.2800
6410.3000 0.2801
6421.4000 0.2802
6421.6000 0.2803
6428.9000 0.2804
6430.4000 0.2805
6436.5000 0.2806
6438.5000 0.2807
6445.5000 0.2808
6450.5000 0.2809
6451.1000 0.2810
6458.3000 0.2811
6458.6000 0.2812
6460.7000 0.2814
6460.8000 0.2815
6464.5000 0.2816
6464.5000 0.2817
6465.4000 0.2818
6468.0000 0.2819
6469.2000 0.2820
6470.0000 0.2821
6471.0000 0.2822
6493.9000 0.2823
6503.2000 0.2824
6503.7000 0.2825
6504.6000 0.2826
6526.7000 0.2827
6528.4000 0.2828
6540.2000 0.2829
6548.1000 0.2830
6549.0000 0.2831
6556.8000 0.2832
6560.5000 0.2833
6561.8000 0.2834
6586.4000 0.2835
6587.6000 0.2836
6591.5000 0.2837
6595.9000 0.2839
6612.1000 0.2840
6613.4000 0.2841
6616.4000 0.2842
6630.7000 0.2843
6632.2000 0.2844
6652.4000 0.2845
6654.7000 0.2846
6659.1000 0.2847
6676.6000 0.2848
6687.6000 0.2849
6694.9000 0.2850
6699.2000 0.2851
6700.0000 0.2852
6700.5000 0.2853
6710.3000 0.2854
6716.1000 0.2855
6740.8000 0.2856
6746.9000 0.2857
6747.3000 0.2858
6755.3000 0.2859
6757.7000 0.2860
6784.7000 0.2861
6787.5000 0.2862
6795.3000 0.2864
6796.1000 0.2865
6805.0000 0.2866
6808.6000 0.2867
6809.9000 0.2868
6826.4000 0.2869
6839.5000 0.2870
6843.1000 0.2871
6855.1000 0.2872
6857.6000 0.2873
6860.4000 0.2874
6874.0000 0.2875
6875.7000 0.2876
6878.0000 0.2877
6881.4000 0.2878
6882.1000 0.2879
6883.6000 0.2880
6893.4000 0.2881
6902.1000 0.2882
6902.5000 0.2883
6908.1000 0.2884
6920.4000 0.2885
6920.6000 0.2886
6920.7000 0.2887
6921.8000 0.2889
6922.3000 0.2890
6934.1000 0.2891
6934.1000 0.2892
6934.2000 0.2893
6935.2000 0.2894
6940.8000 0.2895
6946.7000 0.2896
6947.8000 0.2897
6958.1000 0.2898
6959.5000 0.2899
6972.2000 0.2900
6996.3000 0.2901
7020.4000 0.2902
7023.3000 0.2903
7025.1000 0.2904
7027.3000 0.2905
7028.0000 0.2906
7032.1000 0.2907
7043.3000 0.2908
7044.3000 0.2909
7063.6000 0.2910
7065.9000 0.2911
7075.6000 0.2912
7077.6000 0.2914
7081.8000 0.2915
7094.7000 0.2916
7110.5000 0.2917
7115.3000 0.2918
7119.4000 0.2919
7124.6000 0.2920
7128.7000 0.2921
7129.6000 0.2922
7132.1000 0.2923
7138.3000 0.2924
7146.2000 0.2925
7153.7000 0.2926
7163.7000 0.2927
7164.4000 0.2928
7168.1000 0.2929
7169.2000 0.2930
7175.2000 0.2931
7198.7000 0.2932
7202.1000 0.2933
7227.7000 0.2934
7245.6000 0.2935
7248.8000 0.2936
7251.2000 0.2937
7259.5000 0.2939
7260.3000 0.2940
7267.9000 0.2941
7302.4000 0.2942
7302.4000 0.2943
7304.3000 0.2944
7307.7000 0.2945
7308.0000 0.2946
7309.1000 0.2947
7313.8000 0.2948
7318.2000 0.2949
7319.8000 0.2950
7336.8000 0.2951
7338.5000 0.2952
7340.3000 0.2953
7341.7000 0.2954
7341.8000 0.2955
7347.7000 0.2956
7349.7000 0.2957
7350.8000 0.2958
7354.3000 0.2959
7358.3000 0.2960
7373.3000 0.2961
7378.2000 0.2962
7382.5000 0.2964
7397.2000 0.2965
7402.7000 0.2966
7402.8000 0.2967
7408.7000 0.2968
7415.4000 0.2969
7418.4000 0.2970
7429.3000 0.2971
7436.3000 0.2972
7443.4000 0.2973
7449.4000 0.2974
7449.8000 0.2975
7453.4000 0.2976
7453.6000 0.2977
7454.9000 0.2978
7463.4000 0.2979
7463.6000 0.2980
7465.8000 0.2981
7469.8000 0.2982
7469.9000 0.2983
7470.7000 0.2984
7497.0000 0.2985
7497.2000 0.2986
7504.7000 0.2987
7512.6000 0.2989
7540.0000 0.2990
7540.5000 0.2991
7542.5000 0.2992
7553.3000 0.2993
7554.1000 0.2994
7572.9000 0.2995
7580.4000 0.2996
7580.5000 0.2997
7583.9000 0.2998
7585.8000 0.2999
7590.4000 0.3000
7593.5000 0.3001
7594.5000 0.3002
7615.9000 0.3003
7621.7000 0.3004
7633.9000 0.3005
7636.5000 0.3006
7636.7000 0.3007
7642.9000 0.3008
7643.1000 0.3009
7649.8000 0.3010
7652.3000 0.3011
7656.3000 0.3012
7658.2000 0.3014
7663.8000 0.3015
7666.6000 0.3016
7667.5000 0.3017
7674.6000 0.3018
7675.3000 0.3019
7682.9000 0.3020
7709.4000 0.3021
7730.1000 0.3022
7750.8000 0.3023
7754.6000 0.3024
7755.7000 0.3025
7764.1000 0.3026
7765.9000 0.3027
7774.4000 0.3028
7778.6000 0.3029
7784.9000 0.3030
7786.8000 0.3031
7791.0000 0.3032
7794.5000 0.3033
7803.8000 0.3034
7818.3000 0.3035
7821.4000 0.3036
7822.6000 0.3037
7833.5000 0.3039
7833.5000 0.3040
7834.5000 0.3041
7837.9000 0.3042
7841.8000 0.3043
7846.7000 0.3044
7847.5000 0.3045
7852.9000 0.3046
7859.9000 0.3047
7860.3000 0.3048
7864.6000 0.3049
7869.6000 0.3050
7873.0000 0.3051
7886.8000 0.3052
7893.5000 0.3053
7894.1000 0.3054
7904.8000 0.3055
7908.9000 0.3056
7922.4000 0.3057
7940.4000 0.3058
7965.3000 0.3059
7972.8000 0.3060
7975.3000 0.3061
7982.1000 0.3062
7983.1000 0.3064
7987.4000 0.3065
7993.3000 0.3066
8007.3000 0.3067
8017.3000 0.3068
8026.1000 0.3069
8026.6000 0.3070
8030.4000 0.3071
8036.1000 0.3072
8036.9000 0.3073
8049.4000 0.3074
8052.2000 0.3075
8064.0000 0.3076
8066.0000 0.3077
8069.0000 0.3078
8076.9000 0.3079
8083.4000 0.3080
8083.8000 0.3081
8091.9000 0.3082
8092.2000 0.3083
8101.0000 0.3084
8112.1000 0.3085
8121.3000 0.3086
8143.8000 0.3087
8146.5000 0.3089
8150.4000 0.3090
8169.4000 0.3091
8173.6000 0.3092
8176.7000 0.3093
8179.3000 0.3094
8180.0000 0.3095
8180.4000 0.3096
8182.5000 0.3097
8196.2000 0.3098
8196.2000 0.3099
8197.8000 0.3100
8198.7000 0.3101
8199.5000 0.3102
8226.0000 0.3103
8231.2000 0.3104
8239.6000 0.3105
8241.4000 0.3106
8242.5000 0.3107
8265.2000 0.3108
8271.4000 0.3109
8276.7000 0.3110
8277.8000 0.3111
8288.7000 0.3112
8298.4000 0.3114
8306.9000 0.3115
8307.5000 0.3116
8310.3000 0.3117
8313.4000 0.3118
8314.4000 0.3119
8316.4000 0.3120
8323.4000 0.3121
8325.7000 0.3122
8343.3000 0.3123
8345.3000 0.3124
8346.9000 0.3125
8357.4000 0.3126
8359.2000 0.3127
8369.6000 0.3128
8386.3000 0.3129
8387.7000 0.3130
8387.8000 0.3131
8399.0000 0.3132
8400.0000 0.3133
8404.8000 0.3134
8408.2000 0.3135
8428.6000 0.3136
8429.4000 0.3137
8431.8000 0.3139
8437.0000 0.3140
8441.7000 0.3141
8443.3000 0.3142
8449.7000 0.3143
8462.1000 0.3144
8466.2000 0.3145
8473.4000 0.3146
8474.6000 0.3147
8503.7000 0.3148
8507.8000 0.3149
8521.3000 0.3150
8521.7000 0.3151
8522.1000 0.3152
8530.8000 0.3153
8553.9000 0.3154
8554.3000 0.3155
8565.5000 0.3156
8565.9000 0.3157
8568.7000 0.3158
8570.7000 0.3159
8573.1000 0.3160
8595.1000 0.3161
8595.5000 0.3162
8599.7000 0.3164
8620.7000 0.3165
8627.6000 0.3166
8629.3000 0.3167
8637.9000 0.3168
8640.4000 0.3169
8644.7000 0.3170
8648.9000 0.3171
8654.3000 0.3172
8656.5000 0.3173
8665.5000 0.3174
8671.5000 0.3175
8677.3000 0.3176
8682.2000 0.3177
8692.5000 0.3178
8699.8000 0.3179
8700.2000 0.3180
8701.7000 0.3181
8702.0000 0.3182
8718.2000 0.3183
8727.2000 0.3184
8734.4000 0.3185
8752.0000 0.3186
8753.8000 0.3187
8757.4000 0.3189
8764.0000 0.3190
8767.0000 0.3191
8773.0000 0.3192
8773.2000 0.3193
8783.4000 0.3194
8792.4000 0.3195
8798.2000 0.3196
8819.7000 0.3197
8821.4000 0.3198
8830.3000 0.3199
8834.5000 0.3200
8836.2000 0.3201
8845.0000 0.3202
8853.1000 0.3203
8864.4000 0.3204
8874.5000 0.3205
8887.9000 0.3206
8893.7000 0.3207
8897.7000 0.3208
8941.3000 0.3209
8943.5000 0.3210
8945.6000 0.3211
8958.8000 0.3212
8972.0000 0.3214
8976.3000 0.3215
8978.9000 0.3216
8979.9000 0.3217
8981.7000 0.3218
8984.8000 0.3219
8986.0000 0.3220
8989.5000 0.3221
8995.8000 0.3222
9004.0000 0.3223
9010.2000 0.3224
9016.6000 0.3225
9018.5000 0.3226
9022.5000 0.3227
9048.2000 0.3228
9050.7000 0.3229
9053.9000 0.3230
9057.9000 0.3231
9061.8000 0.3232
9079.6000 0.3233
9086.7000 0.3234
9090.2000 0.3235
9107.8000 0.3236
9122.8000 0.3237
9130.1000 0.3239
9135.0000 0.3240
9144.2000 0.3241
9154.3000 0.3242
9156.9000 0.3243
9161.1000 0.3244
9163.6000 0.3245
9164.9000 0.3246
9166.2000 0.3247
9190.5000 0.3248
9193.2000 0.3249
9195.3000 0.3250
9203.1000 0.3251
9212.9000 0.3252
9219.6000 0.3253
9231.0000 0.3254
9236.3000 0.3255
9252.8000 0.3256
9264.6000 0.3257
9268.6000 0.3258
9284.0000 0.3259
9284.5000 0.3260
9298.5000 0.3261
9304.3000 0.3263
9308.2000 0.3264
9318.3000 0.3265
9319.3000 0.3266
9320.4000 0.3267
9345.1000 0.3268
9345.2000 0.3269
9369.2000 0.3270
9372.5000 0.3271
9378.1000 0.3272
9381.1000 0.3273
9404.3000 0.3274
9417.0000 0.3275
9427.8000 0.3276
9445.2000 0.3277
9462.5000 0.3278
9470.9000 0.3279
9473.8000 0.3280
9478.2000 0.3281
9487.3000 0.3282
9496.4000 0.3283
9504.7000 0.3284
9517.2000 0.3285
9517.5000 0.3286
9532.5000 0.3288
9543.8000 0.3289
9545.0000 0.3290
9547.5000 0.3291
9549.0000 0.3292
9559.1000 0.3293
9561.8000 0.3294
9568.4000 0.3295
9568.7000 0.3296
9571.5000 0.3297
9573.2000 0.3298
9574.3000 0.3299
9575.6000 0.3300
9576.7000 0.3301
9579.5000 0.3302
9588.4000 0.3303
9595.0000 0.3304
9599.2000 0.3305
9600.3000 0.3306
9607.4000 0.3307
9616.8000 0.3308
9627.8000 0.3309
9633.6000 0.3310
9637.1000 0.3311
9637.8000 0.3313
9645.9000 0.3314
9652.9000 0.3315
9662.9000 0.3316
9668.3000 0.3317
9695.2000 0.3318
9698.1000 0.3319
9709.5000 0.3320
9710.5000 0.3321
9714.3000 0.3322
9725.5000 0.3323
9738.9000 0.3324
9739.9000 0.3325
9741.1000 0.3326
9742.9000 0.3327
9753.1000 0.3328
9753.9000 0.3329
9755.2000 0.3330
9767.2000 0.3331
9768.7000 0.3332
9782.4000 0.3333
9788.0000 0.3334
9794.6000 0.3335
9803.3000 0.3336
9805.5000 0.3338
9817.2000 0.3339
9828.5000 0.3340
9832.0000 0.3341
9834.5000 0.3342
9847.6000 0.3343
9849.5000 0.3344
9852.3000 0.3345
9855.4000 0.3346
9860.3000 0.3347
9860.5000 0.3348
9862.6000 0.3349
9873.0000 0.3350
9887.2000 0.3351
9891.1000 0.3352
9891.7000 0.3353
9894.4000 0.3354
9895.8000 0.3355
9911.4000 0.3356
9923.1000 0.3357
9939.2000 0.3358
9944.7000 0.3359
9954.0000 0.3360
9954.0000 0.3361
9962.3000 0.3363
9974.6000 0.3364
9991.8000 0.3365
10023.3000 0.3366
10032.7000 0.3367
10037.4000 0.3368
10042.5000 0.3369
10045.4000 0.3370
10056.3000 0.3371
10070.2000 0.3372
10070.5000 0.3373
10071.0000 0.3374
10080.1000 0.3375
10081.4000 0.3376
10081.7000 0.3377
10090.0000 0.3378
10096.6000 0.3379
10108.7000 0.3380
10113.9000 0.3381
10121.7000 0.3382
10126.3000 0.3383
10131.3000 0.3384
10136.0000 0.3385
10136.9000 0.3386
10148.7000 0.3388
10150.1000 0.3389
10162.9000 0.3390
10166.4000 0.3391
10169.2000 0.3392
10171.6000 0.3393
10173.6000 0.3394
10183.0000 0.3395
10186.9000 0.3396
10199.9000 0.3397
10204.4000 0.3398
10210.5000 0.3399
10220.7000 0.3400
10224.0000 0.3401
10241.6000 0.3402
10248.3000 0.3403
10268.5000 0.3404
10270.3000 0.3405
10274.8000 0.3406
10275.5000 0.3407
10283.2000 0.3408
10284.3000 0.3409
10285.4000 0.3410
10302.4000 0.3411
10303.3000 0.3413
10307.3000 0.3414
10307.7000 0.3415
10308.2000 0.3416
10309.9000 0.3417
10312.9000 0.3418
10320.5000 0.3419
10336.5000 0.3420
10337.8000 0.3421
10341.4000 0.3422
10348.0000 0.3423
10361.3000 0.3424
10385.2000 0.3425
10390.8000 0.3426
10399.4000 0.3427
10412.4000 0.3428
10442.0000 0.3429
10447.9000 0.3430
10462.2000 0.3431
10464.2000 0.3432
10468.6000 0.3433
10471.3000 0.3434
10475.3000 0.3435
10477.7000 0.3436
10483.6000 0.3438
10485.0000 0.3439
10492.2000 0.3440
10495.6000 0.3441
10506.3000 0.3442
10512.8000 0.3443
10514.4000 0.3444
10515.2000 0.3445
10515.7000 0.3446
10520.5000 0.3447
10531.6000 0.3448
10531.9000 0.3449
10535.8000 0.3450
10546.0000 0.3451
10546.1000 0.3452
10548.0000 0.3453
10549.9000 0.3454
10562.1000 0.3455
10565.0000 0.3456
10569.7000 0.3457
10570.4000 0.3458
10574.9000 0.3459
10576.3000 0.3460
10579.5000 0.3461
10580.6000 0.3463
10584.8000 0.3464
10585.3000 0.3465
10588.2000 0.3466
10588.4000 0.3467
10604.5000 0.3468
10613.2000 0.3469
10613.6000 0.3470
10618.8000 0.3471
10632.3000 0.3472
10634.7000 0.3473
10636.7000 0.3474
10651.7000 0.3475
10655.1000 0.3476
10655.2000 0.3477
10664.0000 0.3478
10673.0000 0.3479
10673.5000 0.3480
10675.6000 0.3481
10676.6000 0.3482
10677.2000 0.3483
10679.3000 0.3484
10693.8000 0.3485
10704.6000 0.3486
10708.8000 0.3488
10709.1000 0.3489
10721.9000 0.3490
10723.6000 0.3491
10724.5000 0.3492
10731.9000 0.3493
10748.2000 0.3494
10748.7000 0.3495
10754.2000 0.3496
10759.3000 0.3497
10766.3000 0.3498
10775.4000 0.3499
10778.3000 0.3500
10786.4000 0.3501
10796.4000 0.3502
10803.3000 0.3503
10810.5000 0.3504
10811.4000 0.3505
10815.2000 0.3506
10823.8000 0.3507
10840.2000 0.3508
10846.5000 0.3509
10860.9000 0.3510
10867.0000 0.3511
10869.5000 0.3513
10870.8000 0.3514
10877.8000 0.3515
10884.3000 0.3516
10898.3000 0.3517
10921.8000 0.3518
10930.9000 0.3519
10932.5000 0.3520
10933.3000 0.3521
10937.6000 0.3522
10942.2000 0.3523
10953.5000 0.3524
10956.9000 0.3525
10965.6000 0.3526
10981.7000 0.3527
10985.4000 0.3528
10992.1000 0.3529
10992.3000 0.3530
11000.9000 0.3531
11005.3000 0.3532
11008.2000 0.3533
11009.1000 0.3534
11036.8000 0.3535
11037.0000 0.3536
11045.2000 0.3538
11049.8000 0.3539
11058.9000 0.3540
11060.8000 0.3541
11066.7000 0.3542
11070.7000 0.3543
11071.2000 0.3544
11080.0000 0.3545
11083.6000 0.3546
11085.1000 0.3547
11088.4000 0.3548
11088.8000 0.3549
11098.6000 0.3550
11099.3000 0.3551
11102.7000 0.3552
11114.5000 0.3553
11121.5000 0.3554
11125.1000 0.3555
11130.7000 0.3556
11139.5000 0.3557
11140.8000 0.3558
11143.0000 0.3559
11145.0000 0.3560
11165.5000 0.3561
11165.8000 0.3563
11168.4000 0.3564
11177.9000 0.3565
11184.0000 0.3566
11195.5000 0.3567
11224.8000 0.3568
11231.7000 0.3569
11232.6000 0.3570
11242.5000 0.3571
11243.3000 0.3572
11247.7000 0.3573
11262.9000 0.3574
11263.3000 0.3575
11264.6000 0.3576
11275.2000 0.3577
11276.7000 0.3578
11276.7000 0.3579
11277.8000 0.3580
11283.0000 0.3581
11284.6000 0.3582
11292.9000 0.3583
11302.4000 0.3584
11311.1000 0.3585
11311.5000 0.3586
11314.0000 0.3588
11320.4000 0.3589
11348.0000 0.3590
11357.0000 0.3591
11369.2000 0.3592
11370.5000 0.3593
11372.4000 0.3594
11372.8000 0.3595
11383.8000 0.3596
11398.8000 0.3597
11409.0000 0.3598
11411.4000 0.3599
11420.7000 0.3600
11424.8000 0.3601
11427.4000 0.3602
11435.7000 0.3603
11438.9000 0.3604
11441.2000 0.3605
11450.8000 0.3606
11457.3000 0.3607
11467.3000 0.3608
11471.4000 0.3609
11478.9000 0.3610
11479.6000 0.3611
11479.9000 0.3613
11491.1000 0.3614
11493.0000 0.3615
11495.6000 0.3616
11502.2000 0.3617
11505.5000 0.3618
11505.9000 0.3619
11508.0000 0.3620
11510.0000 0.3621
11516.8000 0.3622
11523.1000 0.3623
11523.1000 0.3624
11526.5000 0.3625
11529.8000 0.3626
11530.8000 0.3627
11555.9000 0.3628
11559.3000 0.3629
11569.5000 0.3630
11574.5000 0.3631
11575.1000 0.3632
11576.9000 0.3633
11583.2000 0.3634
11587.2000 0.3635
11591.7000 0.3636
11592.7000 0.3638
11595.1000 0.3639
11601.7000 0.3640
11605.1000 0.3641
11607.4000 0.3642
11607.8000 0.3643
11612.8000 0.3644
11622.4000 0.3645
11625.5000 0.3646
11637.1000 0.3647
11641.5000 0.3648
11643.6000 0.3649
11650.5000 0.3650
11653.6000 0.3651
11657.1000 0.3652
11666.2000 0.3653
11677.8000 0.3654
11693.1000 0.3655
11693.7000 0.3656
11704.3000 0.3657
11714.4000 0.3658
11723.1000 0.3659
11724.7000 0.3660
11729.1000 0.3661
11743.0000 0.3663
11745.1000 0.3664
11755.2000 0.3665
11756.9000 0.3666
11762.8000 0.3667
11763.4000 0.3668
11764.8000 0.3669
11773.1000 0.3670
11778.3000 0.3671
11782.0000 0.3672
11787.8000 0.3673
11788.9000 0.3674
11792.3000 0.3675
11811.2000 0.3676
11812.4000 0.3677
11821.1000 0.3678
11822.4000 0.3679
11823.9000 0.3680
11827.5000 0.3681
11828.0000 0.3682
11831.7000 0.3683
11832.1000 0.3684
11835.7000 0.3685
11840.7000 0.3686
11841.9000 0.3688
11847.6000 0.3689
11852.8000 0.3690
11861.0000 0.3691
11869.1000 0.3692
11873.8000 0.3693
11881.3000 0.3694
11887.8000 0.3695
11900.0000 0.3696
11900.5000 0.3697
11905.6000 0.3698
11912.4000 0.3699
11924.5000 0.3700
11927.5000 0.3701
11929.9000 0.3702
11935.5000 0.3703
11937.3000 0.3704
11938.0000 0.3705
11941.2000 0.3706
11941.2000 0.3707
11958.8000 0.3708
