# messageDelay  cumulativeProbability
5.0000 0.0001
5.0000 0.0002
5.0000 0.0003
5.0000 0.0004
5.0000 0.0005
5.0000 0.0006
5.0000 0.0007
5.0000 0.0008
5.0000 0.0009
5.0000 0.0010
5.0000 0.0011
5.0000 0.0013
5.0000 0.0014
5.0000 0.0015
5.0000 0.0016
5.0000 0.0017
5.0000 0.0018
5.0000 0.0019
5.0000 0.0020
5.0000 0.0021
5.0000 0.0022
5.0000 0.0023
5.0000 0.0024
5.0000 0.0025
5.0000 0.0026
5.0000 0.0027
5.0000 0.0028
5.0000 0.0029
5.0000 0.0030
5.0000 0.0031
5.0000 0.0032
5.2000 0.0033
5.6000 0.0034
6.0000 0.0035
7.5000 0.0036
9.7000 0.0037
10.8000 0.0039
86.2000 0.0040
123.7000 0.0041
132.6000 0.0042
140.3000 0.0043
141.2000 0.0044
149.6000 0.0045
151.9000 0.0046
152.6000 0.0047
154.9000 0.0048
185.5000 0.0049
195.8000 0.0050
205.5000 0.0051
205.7000 0.0052
208.6000 0.0053
209.1000 0.0054
222.2000 0.0055
233.9000 0.0056
243.3000 0.0057
246.3000 0.0058
252.3000 0.0059
261.8000 0.0060
268.4000 0.0061
272.9000 0.0062
280.3000 0.0064
284.9000 0.0065
285.3000 0.0066
286.1000 0.0067
286.7000 0.0068
298.7000 0.0069
305.7000 0.0070
307.3000 0.0071
307.9000 0.0072
326.3000 0.0073
334.9000 0.0074
340.4000 0.0075
342.8000 0.0076
345.1000 0.0077
345.1000 0.0078
347.8000 0.0079
353.2000 0.0080
354.1000 0.0081
354.4000 0.0082
367.0000 0.0083
370.8000 0.0084
379.6000 0.0085
380.5000 0.0086
387.5000 0.0087
388.1000 0.0089
395.9000 0.0090
402.0000 0.0091
408.5000 0.0092
408.7000 0.0093
411.9000 0.0094
413.8000 0.0095
414.7000 0.0096
417.9000 0.0097
419.3000 0.0098
419.6000 0.0099
423.7000 0.0100
433.8000 0.0101
439.8000 0.0102
441.6000 0.0103
443.6000 0.0104
447.5000 0.0105
448.4000 0.0106
455.4000 0.0107
456.0000 0.0108
456.4000 0.0109
457.4000 0.0110
465.7000 0.0111
465.9000 0.0113
466.7000 0.0114
468.5000 0.0115
470.7000 0.0116
473.7000 0.0117
480.6000 0.0118
482.7000 0.0119
486.0000 0.0120
487.9000 0.0121
488.7000 0.0122
490.4000 0.0123
495.5000 0.0124
498.0000 0.0125
498.9000 0.0126
498.9000 0.0127
500.2000 0.0128
501.6000 0.0129
504.2000 0.0130
508.0000 0.0131
508.8000 0.0132
512.0000 0.0133
512.0000 0.0134
519.0000 0.0135
519.1000 0.0136
520.6000 0.0138
520.8000 0.0139
524.6000 0.0140
525.9000 0.0141
528.2000 0.0142
530.8000 0.0143
531.5000 0.0144
546.0000 0.0145
556.4000 0.0146
565.2000 0.0147
566.0000 0.0148
569.3000 0.0149
572.1000 0.0150
573.3000 0.0151
576.3000 0.0152
581.1000 0.0153
581.3000 0.0154
582.8000 0.0155
585.8000 0.0156
587.0000 0.0157
587.5000 0.0158
587.9000 0.0159
590.4000 0.0160
590.4000 0.0161
593.6000 0.0163
595.0000 0.0164
598.6000 0.0165
599.2000 0.0166
603.7000 0.0167
606.4000 0.0168
609.7000 0.0169
614.6000 0.0170
617.3000 0.0171
622.8000 0.0172
631.3000 0.0173
632.5000 0.0174
633.8000 0.0175
636.4000 0.0176
636.6000 0.0177
638.6000 0.0178
639.1000 0.0179
640.3000 0.0180
641.8000 0.0181
647.9000 0.0182
650.9000 0.0183
652.8000 0.0184
657.0000 0.0185
658.6000 0.0186
658.9000 0.0188
661.6000 0.0189
663.1000 0.0190
664.1000 0.0191
666.8000 0.0192
669.9000 0.0193
671.1000 0.0194
674.5000 0.0195
675.4000 0.0196
675.9000 0.0197
676.1000 0.0198
676.9000 0.0199
677.5000 0.0200
678.6000 0.0201
685.0000 0.0202
687.3000 0.0203
687.4000 0.0204
697.4000 0.0205
697.9000 0.0206
698.2000 0.0207
700.5000 0.0208
701.2000 0.0209
702.8000 0.0210
705.3000 0.0211
710.3000 0.0212
718.2000 0.0214
720.6000 0.0215
721.8000 0.0216
726.4000 0.0217
728.9000 0.0218
730.9000 0.0219
731.9000 0.0220
733.4000 0.0221
735.5000 0.0222
738.0000 0.0223
738.7000 0.0224
739.0000 0.0225
742.1000 0.0226
742.4000 0.0227
746.5000 0.0228
749.2000 0.0229
749.3000 0.0230
750.6000 0.0231
751.6000 0.0232
753.4000 0.0233
755.6000 0.0234
756.0000 0.0235
759.3000 0.0236
759.8000 0.0237
764.6000 0.0239
766.5000 0.0240
767.5000 0.0241
780.2000 0.0242
783.5000 0.0243
783.6000 0.0244
783.7000 0.0245
784.6000 0.0246
786.0000 0.0247
788.6000 0.0248
788.8000 0.0249
788.8000 0.0250
792.1000 0.0251
794.7000 0.0252
798.5000 0.0253
804.1000 0.0254
806.2000 0.0255
814.9000 0.0256
816.4000 0.0257
820.6000 0.0258
820.7000 0.0259
820.8000 0.0260
824.6000 0.0261
828.5000 0.0262
833.3000 0.0264
836.9000 0.0265
837.1000 0.0266
844.4000 0.0267
845.8000 0.0268
846.9000 0.0269
849.8000 0.0270
850.0000 0.0271
851.6000 0.0272
854.6000 0.0273
859.4000 0.0274
863.9000 0.0275
883.1000 0.0276
883.4000 0.0277
886.6000 0.0278
888.9000 0.0279
891.4000 0.0280
892.6000 0.0281
892.8000 0.0282
894.6000 0.0283
899.1000 0.0284
902.1000 0.0285
902.4000 0.0286
905.3000 0.0287
908.7000 0.0289
908.9000 0.0290
910.7000 0.0291
914.3000 0.0292
917.2000 0.0293
921.7000 0.0294
921.9000 0.0295
926.7000 0.0296
928.0000 0.0297
928.6000 0.0298
931.9000 0.0299
932.2000 0.0300
932.2000 0.0301
933.1000 0.0302
936.5000 0.0303
944.6000 0.0304
946.2000 0.0305
948.2000 0.0306
948.8000 0.0307
951.8000 0.0308
952.9000 0.0309
953.4000 0.0310
954.7000 0.0311
956.9000 0.0312
957.0000 0.0314
963.8000 0.0315
965.1000 0.0316
966.1000 0.0317
966.4000 0.0318
966.7000 0.0319
968.4000 0.0320
970.9000 0.0321
973.3000 0.0322
973.6000 0.0323
977.3000 0.0324
977.7000 0.0325
981.9000 0.0326
983.7000 0.0327
985.4000 0.0328
985.4000 0.0329
985.5000 0.0330
985.9000 0.0331
988.6000 0.0332
991.6000 0.0333
994.3000 0.0334
998.6000 0.0335
999.9000 0.0336
1002.4000 0.0337
1002.6000 0.0339
1005.9000 0.0340
1006.4000 0.0341
1007.2000 0.0342
1008.0000 0.0343
1011.0000 0.0344
1019.3000 0.0345
1020.7000 0.0346
1024.8000 0.0347
1025.0000 0.0348
1025.1000 0.0349
1029.4000 0.0350
1030.0000 0.0351
1038.6000 0.0352
1040.6000 0.0353
1041.6000 0.0354
1041.7000 0.0355
1044.1000 0.0356
1047.2000 0.0357
1049.1000 0.0358
1049.7000 0.0359
1050.1000 0.0360
1050.9000 0.0361
1058.1000 0.0362
1058.7000 0.0364
1070.5000 0.0365
1070.9000 0.0366
1073.2000 0.0367
1073.5000 0.0368
1080.2000 0.0369
1081.4000 0.0370
1086.0000 0.0371
1087.1000 0.0372
1087.9000 0.0373
1088.7000 0.0374
1091.7000 0.0375
1095.5000 0.0376
1097.8000 0.0377
1098.7000 0.0378
1098.9000 0.0379
1099.4000 0.0380
1100.8000 0.0381
1102.6000 0.0382
1106.2000 0.0383
1106.3000 0.0384
1109.6000 0.0385
1110.7000 0.0386
1115.5000 0.0388
1116.8000 0.0389
1118.5000 0.0390
1118.9000 0.0391
1121.1000 0.0392
1123.4000 0.0393
1124.7000 0.0394
1126.4000 0.0395
1127.4000 0.0396
1129.3000 0.0397
1130.0000 0.0398
1130.1000 0.0399
1131.3000 0.0400
1131.5000 0.0401
1132.0000 0.0402
1132.2000 0.0403
1135.7000 0.0404
1136.6000 0.0405
1137.9000 0.0406
1141.9000 0.0407
1142.9000 0.0408
1144.7000 0.0409
1147.2000 0.0410
1148.6000 0.0411
1155.3000 0.0413
1157.4000 0.0414
1160.0000 0.0415
1160.4000 0.0416
1163.4000 0.0417
1170.4000 0.0418
1171.4000 0.0419
1174.3000 0.0420
1177.6000 0.0421
1177.6000 0.0422
1179.0000 0.0423
1179.1000 0.0424
1180.1000 0.0425
1181.3000 0.0426
1182.8000 0.0427
1186.2000 0.0428
1188.6000 0.0429
1190.6000 0.0430
1191.6000 0.0431
1193.3000 0.0432
1193.4000 0.0433
1193.5000 0.0434
1195.6000 0.0435
1197.5000 0.0436
1198.5000 0.0438
1200.6000 0.0439
1201.4000 0.0440
1203.4000 0.0441
1203.6000 0.0442
1210.4000 0.0443
1210.5000 0.0444
1212.6000 0.0445
1214.9000 0.0446
1216.9000 0.0447
1219.6000 0.0448
1220.3000 0.0449
1220.8000 0.0450
1223.0000 0.0451
1223.0000 0.0452
1228.9000 0.0453
1229.1000 0.0454
1231.6000 0.0455
1233.5000 0.0456
1238.1000 0.0457
1244.3000 0.0458
1248.1000 0.0459
1249.2000 0.0460
1253.2000 0.0461
1253.8000 0.0463
1255.1000 0.0464
1260.0000 0.0465
1263.5000 0.0466
1265.3000 0.0467
1266.0000 0.0468
1268.4000 0.0469
1270.3000 0.0470
1271.4000 0.0471
1272.6000 0.0472
1275.0000 0.0473
1275.9000 0.0474
1280.1000 0.0475
1281.0000 0.0476
1288.5000 0.0477
1289.0000 0.0478
1291.8000 0.0479
1292.9000 0.0480
1294.0000 0.0481
1294.8000 0.0482
1298.7000 0.0483
1300.7000 0.0484
1300.7000 0.0485
1302.2000 0.0486
1304.6000 0.0488
1309.1000 0.0489
1309.1000 0.0490
1310.6000 0.0491
1311.4000 0.0492
1315.7000 0.0493
1315.8000 0.0494
1320.5000 0.0495
1321.1000 0.0496
1323.5000 0.0497
1325.4000 0.0498
1329.5000 0.0499
1333.2000 0.0500
1334.3000 0.0501
1335.3000 0.0502
1337.1000 0.0503
1341.9000 0.0504
1341.9000 0.0505
1342.9000 0.0506
1344.3000 0.0507
1348.0000 0.0508
1352.2000 0.0509
1353.6000 0.0510
1354.6000 0.0511
1356.2000 0.0513
1356.3000 0.0514
1360.3000 0.0515
1361.4000 0.0516
1362.6000 0.0517
1362.9000 0.0518
1363.0000 0.0519
1363.2000 0.0520
1363.9000 0.0521
1366.1000 0.0522
1369.7000 0.0523
1369.7000 0.0524
1372.0000 0.0525
1374.9000 0.0526
1375.0000 0.0527
1382.8000 0.0528
1383.2000 0.0529
1383.5000 0.0530
1385.3000 0.0531
1386.4000 0.0532
1391.2000 0.0533
1392.2000 0.0534
1393.8000 0.0535
1396.3000 0.0536
1399.8000 0.0538
1405.8000 0.0539
1408.1000 0.0540
1408.6000 0.0541
1411.5000 0.0542
1414.4000 0.0543
1417.4000 0.0544
1417.8000 0.0545
1418.7000 0.0546
1419.0000 0.0547
1419.3000 0.0548
1424.1000 0.0549
1429.9000 0.0550
1430.1000 0.0551
1430.4000 0.0552
1432.6000 0.0553
1433.0000 0.0554
1436.2000 0.0555
1438.2000 0.0556
1440.4000 0.0557
1440.6000 0.0558
1441.3000 0.0559
1442.8000 0.0560
1449.5000 0.0561
1453.5000 0.0563
1454.9000 0.0564
1463.0000 0.0565
1464.0000 0.0566
1468.2000 0.0567
1470.4000 0.0568
1471.9000 0.0569
1475.5000 0.0570
1476.1000 0.0571
1477.7000 0.0572
1478.0000 0.0573
1483.0000 0.0574
1488.4000 0.0575
1489.6000 0.0576
1491.0000 0.0577
1491.3000 0.0578
1492.1000 0.0579
1492.6000 0.0580
1493.0000 0.0581
1493.4000 0.0582
1497.3000 0.0583
1499.7000 0.0584
1501.5000 0.0585
1511.2000 0.0586
1516.1000 0.0588
1516.4000 0.0589
1518.1000 0.0590
1519.1000 0.0591
1519.3000 0.0592
1522.2000 0.0593
1523.4000 0.0594
1525.0000 0.0595
1525.7000 0.0596
1530.2000 0.0597
1531.3000 0.0598
1536.9000 0.0599
1538.8000 0.0600
1540.2000 0.0601
1541.9000 0.0602
1542.4000 0.0603
1542.4000 0.0604
1544.0000 0.0605
1547.0000 0.0606
1547.5000 0.0607
1548.8000 0.0608
1550.9000 0.0609
1553.0000 0.0610
1557.6000 0.0611
1559.7000 0.0613
1560.2000 0.0614
1563.2000 0.0615
1567.0000 0.0616
1567.7000 0.0617
1569.6000 0.0618
1571.5000 0.0619
1573.7000 0.0620
1575.2000 0.0621
1577.0000 0.0622
1578.1000 0.0623
1582.1000 0.0624
1583.5000 0.0625
1588.4000 0.0626
1591.6000 0.0627
1593.9000 0.0628
1594.4000 0.0629
1595.6000 0.0630
1601.9000 0.0631
1602.8000 0.0632
1603.4000 0.0633
1605.4000 0.0634
1606.0000 0.0635
1610.7000 0.0636
1611.0000 0.0638
1620.1000 0.0639
1622.0000 0.0640
1622.1000 0.0641
1626.3000 0.0642
1628.6000 0.0643
1634.2000 0.0644
1638.2000 0.0645
1638.5000 0.0646
1642.4000 0.0647
1642.4000 0.0648
1646.2000 0.0649
1650.3000 0.0650
1653.6000 0.0651
1654.5000 0.0652
1659.5000 0.0653
1659.8000 0.0654
1663.4000 0.0655
1665.6000 0.0656
1665.7000 0.0657
1672.6000 0.0658
1672.6000 0.0659
1673.9000 0.0660
1678.9000 0.0661
1680.9000 0.0663
1682.0000 0.0664
1688.2000 0.0665
1690.1000 0.0666
1690.4000 0.0667
1695.0000 0.0668
1696.7000 0.0669
1698.2000 0.0670
1701.1000 0.0671
1703.0000 0.0672
1706.7000 0.0673
1708.6000 0.0674
1708.7000 0.0675
1710.8000 0.0676
1712.3000 0.0677
1712.7000 0.0678
1713.6000 0.0679
1714.6000 0.0680
1715.9000 0.0681
1717.6000 0.0682
1717.8000 0.0683
1719.7000 0.0684
1719.9000 0.0685
1721.3000 0.0686
1726.3000 0.0688
1728.8000 0.0689
1729.6000 0.0690
1733.9000 0.0691
1738.5000 0.0692
1739.0000 0.0693
1741.3000 0.0694
1741.9000 0.0695
1744.9000 0.0696
1749.7000 0.0697
1752.6000 0.0698
1752.7000 0.0699
1753.2000 0.0700
1757.1000 0.0701
1766.0000 0.0702
1768.5000 0.0703
1773.0000 0.0704
1774.1000 0.0705
1777.2000 0.0706
1777.5000 0.0707
1782.9000 0.0708
1783.6000 0.0709
1791.8000 0.0710
1792.5000 0.0711
1794.0000 0.0713
1796.4000 0.0714
1797.4000 0.0715
1800.4000 0.0716
1802.5000 0.0717
1807.2000 0.0718
1808.3000 0.0719
1809.8000 0.0720
1810.4000 0.0721
1813.6000 0.0722
1814.5000 0.0723
1815.7000 0.0724
1823.8000 0.0725
1828.3000 0.0726
1829.1000 0.0727
1833.3000 0.0728
1834.3000 0.0729
1834.4000 0.0730
1834.8000 0.0731
1837.6000 0.0732
1842.6000 0.0733
1842.9000 0.0734
1849.6000 0.0735
1850.8000 0.0736
1857.6000 0.0738
1861.0000 0.0739
1862.3000 0.0740
1867.0000 0.0741
1867.1000 0.0742
1873.4000 0.0743
1877.9000 0.0744
1881.5000 0.0745
1884.5000 0.0746
1889.1000 0.0747
1893.8000 0.0748
1895.2000 0.0749
1897.5000 0.0750
1897.7000 0.0751
1903.6000 0.0752
1904.8000 0.0753
1909.4000 0.0754
1912.8000 0.0755
1912.9000 0.0756
1919.1000 0.0757
1922.1000 0.0758
1922.4000 0.0759
1926.8000 0.0760
1928.8000 0.0761
1936.3000 0.0763
1938.7000 0.0764
1939.0000 0.0765
1942.5000 0.0766
1942.9000 0.0767
1943.2000 0.0768
1945.3000 0.0769
1947.5000 0.0770
1957.4000 0.0771
1958.8000 0.0772
1973.1000 0.0773
1973.6000 0.0774
1974.6000 0.0775
1977.4000 0.0776
1977.5000 0.0777
1978.2000 0.0778
1981.8000 0.0779
1983.7000 0.0780
1987.9000 0.0781
1996.7000 0.0782
2002.8000 0.0783
2003.9000 0.0784
2009.7000 0.0785
2013.1000 0.0786
2017.5000 0.0788
2017.9000 0.0789
2021.8000 0.0790
2024.4000 0.0791
2024.7000 0.0792
2028.1000 0.0793
2035.3000 0.0794
2038.2000 0.0795
2040.7000 0.0796
2049.5000 0.0797
2053.9000 0.0798
2054.9000 0.0799
2075.6000 0.0800
2075.6000 0.0801
2077.8000 0.0802
2083.9000 0.0803
2096.4000 0.0804
2098.5000 0.0805
2106.7000 0.0806
2108.7000 0.0807
2118.9000 0.0808
2120.6000 0.0809
2123.3000 0.0810
2129.0000 0.0811
2132.4000 0.0813
2133.0000 0.0814
2135.5000 0.0815
2136.6000 0.0816
2141.7000 0.0817
2142.1000 0.0818
2143.0000 0.0819
2155.5000 0.0820
2156.6000 0.0821
2158.8000 0.0822
2164.6000 0.0823
2170.7000 0.0824
2174.6000 0.0825
2199.9000 0.0826
2204.9000 0.0827
2208.1000 0.0828
2217.7000 0.0829
2219.1000 0.0830
2220.6000 0.0831
2221.0000 0.0832
2221.2000 0.0833
2222.0000 0.0834
2227.5000 0.0835
2237.3000 0.0836
2240.7000 0.0838
2242.9000 0.0839
2248.6000 0.0840
2249.3000 0.0841
2257.1000 0.0842
2258.9000 0.0843
2259.7000 0.0844
2260.7000 0.0845
2261.9000 0.0846
2262.1000 0.0847
2265.3000 0.0848
2276.1000 0.0849
2278.0000 0.0850
2279.3000 0.0851
2281.2000 0.0852
2282.0000 0.0853
2283.5000 0.0854
2292.2000 0.0855
2292.9000 0.0856
2298.9000 0.0857
2299.7000 0.0858
2302.1000 0.0859
2309.5000 0.0860
2310.2000 0.0861
2316.6000 0.0863
2317.2000 0.0864
2317.6000 0.0865
2321.5000 0.0866
2323.8000 0.0867
2331.6000 0.0868
2337.5000 0.0869
2345.0000 0.0870
2349.5000 0.0871
2363.1000 0.0872
2363.8000 0.0873
2364.5000 0.0874
2364.5000 0.0875
2372.1000 0.0876
2377.6000 0.0877
2384.1000 0.0878
2387.4000 0.0879
2393.1000 0.0880
2396.3000 0.0881
2398.9000 0.0882
2401.0000 0.0883
2406.7000 0.0884
2406.8000 0.0885
2407.4000 0.0886
2416.5000 0.0888
2423.3000 0.0889
2431.1000 0.0890
2434.2000 0.0891
2441.1000 0.0892
2442.5000 0.0893
2449.6000 0.0894
2450.1000 0.0895
2452.3000 0.0896
2453.2000 0.0897
2460.6000 0.0898
2460.7000 0.0899
2461.0000 0.0900
2462.3000 0.0901
2495.7000 0.0902
2504.0000 0.0903
2504.4000 0.0904
2507.2000 0.0905
2510.8000 0.0906
2520.4000 0.0907
2524.4000 0.0908
2524.6000 0.0909
2526.9000 0.0910
2531.1000 0.0911
2537.6000 0.0913
2538.1000 0.0914
2543.0000 0.0915
2549.5000 0.0916
2550.2000 0.0917
2551.9000 0.0918
2563.2000 0.0919
2586.0000 0.0920
2590.1000 0.0921
2595.2000 0.0922
2598.4000 0.0923
2599.9000 0.0924
2608.2000 0.0925
2614.1000 0.0926
2614.2000 0.0927
2616.8000 0.0928
2626.0000 0.0929
2630.1000 0.0930
2635.2000 0.0931
2654.4000 0.0932
2655.5000 0.0933
2661.5000 0.0934
2664.6000 0.0935
2670.8000 0.0936
2671.9000 0.0938
2672.5000 0.0939
2673.6000 0.0940
2677.0000 0.0941
2680.2000 0.0942
2680.4000 0.0943
2681.4000 0.0944
2682.4000 0.0945
2686.0000 0.0946
2692.8000 0.0947
2693.2000 0.0948
2694.8000 0.0949
2698.2000 0.0950
2700.9000 0.0951
2715.9000 0.0952
2716.6000 0.0953
2716.6000 0.0954
2717.0000 0.0955
2734.6000 0.0956
2744.4000 0.0957
2752.4000 0.0958
2753.4000 0.0959
2762.4000 0.0960
2765.4000 0.0961
2766.9000 0.0963
2770.3000 0.0964
2773.7000 0.0965
2778.0000 0.0966
2782.1000 0.0967
2783.0000 0.0968
2798.6000 0.0969
2800.4000 0.0970
2804.5000 0.0971
2805.1000 0.0972
2811.4000 0.0973
2819.5000 0.0974
2819.7000 0.0975
2820.1000 0.0976
2827.5000 0.0977
2832.9000 0.0978
2836.9000 0.0979
2838.2000 0.0980
2840.7000 0.0981
2843.6000 0.0982
2848.1000 0.0983
2852.7000 0.0984
2858.2000 0.0985
2858.4000 0.0986
2858.6000 0.0988
2877.3000 0.0989
2878.1000 0.0990
2882.5000 0.0991
2887.9000 0.0992
2892.0000 0.0993
2893.2000 0.0994
2895.0000 0.0995
2895.4000 0.0996
2900.6000 0.0997
2901.5000 0.0998
2911.4000 0.0999
2918.1000 0.1000
2922.2000 0.1001
2925.4000 0.1002
2939.0000 0.1003
2939.4000 0.1004
2944.4000 0.1005
2945.8000 0.1006
2948.3000 0.1007
2951.1000 0.1008
2954.1000 0.1009
2957.7000 0.1010
2958.4000 0.1011
2961.8000 0.1013
2963.1000 0.1014
2963.8000 0.1015
2965.5000 0.1016
2968.5000 0.1017
2976.8000 0.1018
2979.2000 0.1019
2980.8000 0.1020
2981.0000 0.1021
2989.2000 0.1022
2992.3000 0.1023
2992.8000 0.1024
3010.7000 0.1025
3015.6000 0.1026
3025.4000 0.1027
3051.7000 0.1028
3056.7000 0.1029
3059.2000 0.1030
3059.4000 0.1031
3070.0000 0.1032
3073.2000 0.1033
3078.5000 0.1034
3111.7000 0.1035
3116.3000 0.1036
3123.6000 0.1038
3125.0000 0.1039
3127.2000 0.1040
3127.7000 0.1041
3128.6000 0.1042
3153.8000 0.1043
3167.3000 0.1044
3168.1000 0.1045
3169.2000 0.1046
3179.2000 0.1047
3184.4000 0.1048
3193.8000 0.1049
3197.5000 0.1050
3199.4000 0.1051
3217.3000 0.1052
3223.7000 0.1053
3229.4000 0.1054
3231.6000 0.1055
3236.1000 0.1056
3237.5000 0.1057
3242.6000 0.1058
3251.9000 0.1059
3256.3000 0.1060
3258.9000 0.1061
3278.2000 0.1063
3282.7000 0.1064
3286.1000 0.1065
3299.6000 0.1066
3303.3000 0.1067
3307.0000 0.1068
3310.5000 0.1069
3313.4000 0.1070
3315.7000 0.1071
3316.3000 0.1072
3320.7000 0.1073
3327.4000 0.1074
3334.5000 0.1075
3337.7000 0.1076
3344.4000 0.1077
3353.2000 0.1078
3357.9000 0.1079
3361.9000 0.1080
3365.1000 0.1081
3368.0000 0.1082
3379.4000 0.1083
3382.9000 0.1084
3384.2000 0.1085
3391.9000 0.1086
3394.2000 0.1088
3409.6000 0.1089
3415.9000 0.1090
3417.2000 0.1091
3422.9000 0.1092
3423.6000 0.1093
3429.8000 0.1094
3436.8000 0.1095
3445.4000 0.1096
3453.4000 0.1097
3456.6000 0.1098
3456.9000 0.1099
3458.2000 0.1100
3459.6000 0.1101
3460.7000 0.1102
3468.3000 0.1103
3470.0000 0.1104
3474.0000 0.1105
3476.5000 0.1106
3484.2000 0.1107
3484.7000 0.1108
3489.1000 0.1109
3494.8000 0.1110
3505.7000 0.1111
3506.0000 0.1113
3506.0000 0.1114
3511.3000 0.1115
3517.2000 0.1116
3519.3000 0.1117
3521.4000 0.1118
3522.2000 0.1119
3527.1000 0.1120
3539.1000 0.1121
3553.6000 0.1122
3558.3000 0.1123
3562.0000 0.1124
3562.7000 0.1125
3573.3000 0.1126
3573.9000 0.1127
3576.2000 0.1128
3586.9000 0.1129
3591.2000 0.1130
3594.7000 0.1131
3595.8000 0.1132
3597.0000 0.1133
3607.3000 0.1134
3612.2000 0.1135
3615.3000 0.1136
3616.6000 0.1138
3620.4000 0.1139
3621.7000 0.1140
3630.6000 0.1141
3647.6000 0.1142
3651.9000 0.1143
3652.2000 0.1144
3655.1000 0.1145
3660.8000 0.1146
3669.2000 0.1147
3676.9000 0.1148
3691.2000 0.1149
3692.0000 0.1150
3698.1000 0.1151
3701.1000 0.1152
3701.8000 0.1153
3716.9000 0.1154
3719.5000 0.1155
3733.8000 0.1156
3736.5000 0.1157
3742.8000 0.1158
3743.1000 0.1159
3746.3000 0.1160
3751.7000 0.1161
3752.2000 0.1163
3755.5000 0.1164
3757.1000 0.1165
3759.6000 0.1166
3764.5000 0.1167
3775.2000 0.1168
3785.7000 0.1169
3796.5000 0.1170
3799.6000 0.1171
3808.4000 0.1172
3808.5000 0.1173
3809.5000 0.1174
3812.7000 0.1175
3812.7000 0.1176
3834.0000 0.1177
3834.4000 0.1178
3845.1000 0.1179
3851.9000 0.1180
3856.6000 0.1181
3873.1000 0.1182
3898.4000 0.1183
3902.1000 0.1184
3903.2000 0.1185
3912.9000 0.1186
3923.1000 0.1188
3934.3000 0.1189
3936.6000 0.1190
3948.0000 0.1191
3950.2000 0.1192
3952.5000 0.1193
3960.5000 0.1194
3961.9000 0.1195
3965.6000 0.1196
3966.0000 0.1197
3966.7000 0.1198
3975.0000 0.1199
3981.2000 0.1200
3984.1000 0.1201
3985.2000 0.1202
4014.7000 0.1203
4019.5000 0.1204
4021.0000 0.1205
4022.1000 0.1206
4024.0000 0.1207
4025.7000 0.1208
4028.7000 0.1209
4030.2000 0.1210
4039.5000 0.1211
4042.6000 0.1213
4045.4000 0.1214
4046.0000 0.1215
4048.0000 0.1216
4057.7000 0.1217
4071.8000 0.1218
4072.9000 0.1219
4075.8000 0.1220
4076.5000 0.1221
4079.5000 0.1222
4087.8000 0.1223
4088.0000 0.1224
4093.2000 0.1225
4099.0000 0.1226
4112.4000 0.1227
4120.0000 0.1228
4122.9000 0.1229
4126.4000 0.1230
4127.0000 0.1231
4130.9000 0.1232
4136.7000 0.1233
4142.5000 0.1234
4143.1000 0.1235
4149.1000 0.1236
4150.0000 0.1238
4151.2000 0.1239
4151.6000 0.1240
4154.7000 0.1241
4155.7000 0.1242
4158.0000 0.1243
4167.6000 0.1244
4183.4000 0.1245
4188.7000 0.1246
4189.5000 0.1247
4191.1000 0.1248
4212.1000 0.1249
4231.9000 0.1250
4248.4000 0.1251
4248.9000 0.1252
4263.7000 0.1253
4265.7000 0.1254
4282.1000 0.1255
4288.7000 0.1256
4303.7000 0.1257
4308.6000 0.1258
4324.8000 0.1259
4352.0000 0.1260
4355.0000 0.1261
4364.7000 0.1263
4369.3000 0.1264
4375.2000 0.1265
4375.6000 0.1266
4383.3000 0.1267
4395.7000 0.1268
4408.7000 0.1269
4409.3000 0.1270
4425.8000 0.1271
4432.3000 0.1272
4436.8000 0.1273
4444.8000 0.1274
4448.3000 0.1275
4451.4000 0.1276
4453.6000 0.1277
4461.8000 0.1278
4466.0000 0.1279
4472.7000 0.1280
4475.7000 0.1281
4483.8000 0.1282
4485.2000 0.1283
4489.3000 0.1284
4499.9000 0.1285
4501.2000 0.1286
4504.7000 0.1288
4504.9000 0.1289
4513.1000 0.1290
4517.0000 0.1291
4547.0000 0.1292
4550.1000 0.1293
4553.0000 0.1294
4571.2000 0.1295
4572.2000 0.1296
4572.6000 0.1297
4579.1000 0.1298
4586.0000 0.1299
4595.9000 0.1300
4613.8000 0.1301
4615.5000 0.1302
4625.7000 0.1303
4634.4000 0.1304
4642.8000 0.1305
4644.6000 0.1306
4685.6000 0.1307
4689.7000 0.1308
4691.5000 0.1309
4696.8000 0.1310
4703.0000 0.1311
4703.6000 0.1313
4713.1000 0.1314
4717.1000 0.1315
4719.2000 0.1316
4720.7000 0.1317
4721.6000 0.1318
4730.0000 0.1319
4733.8000 0.1320
4733.8000 0.1321
4739.7000 0.1322
4741.0000 0.1323
4744.1000 0.1324
4750.6000 0.1325
4752.4000 0.1326
4764.0000 0.1327
4792.9000 0.1328
4811.9000 0.1329
4824.3000 0.1330
4826.1000 0.1331
4834.9000 0.1332
4845.3000 0.1333
4854.5000 0.1334
4856.9000 0.1335
4880.0000 0.1336
4884.1000 0.1338
4889.1000 0.1339
4890.9000 0.1340
4891.7000 0.1341
4894.7000 0.1342
4903.5000 0.1343
4905.7000 0.1344
4933.9000 0.1345
4936.3000 0.1346
4954.8000 0.1347
4957.8000 0.1348
4982.0000 0.1349
4985.2000 0.1350
4988.8000 0.1351
4992.4000 0.1352
5004.9000 0.1353
5006.5000 0.1354
5020.1000 0.1355
5026.0000 0.1356
5026.1000 0.1357
5034.9000 0.1358
5049.0000 0.1359
5053.5000 0.1360
5060.9000 0.1361
5063.8000 0.1363
5064.7000 0.1364
5068.8000 0.1365
5075.5000 0.1366
5101.6000 0.1367
5115.6000 0.1368
5126.9000 0.1369
5128.5000 0.1370
5136.9000 0.1371
5138.2000 0.1372
5148.2000 0.1373
5148.3000 0.1374
5149.3000 0.1375
5165.7000 0.1376
5167.8000 0.1377
5175.2000 0.1378
5207.9000 0.1379
5215.7000 0.1380
5223.0000 0.1381
5228.2000 0.1382
5237.7000 0.1383
5257.9000 0.1384
5259.7000 0.1385
5262.9000 0.1386
5268.6000 0.1388
5273.3000 0.1389
5287.2000 0.1390
5315.7000 0.1391
5316.3000 0.1392
5325.9000 0.1393
5329.9000 0.1394
5368.2000 0.1395
5370.4000 0.1396
5374.2000 0.1397
5397.0000 0.1398
5400.1000 0.1399
5406.0000 0.1400
5412.5000 0.1401
5415.1000 0.1402
5425.5000 0.1403
5447.0000 0.1404
5477.0000 0.1405
5492.0000 0.1406
5505.1000 0.1407
5527.0000 0.1408
5534.0000 0.1409
5546.0000 0.1410
5562.4000 0.1411
5565.6000 0.1413
5567.4000 0.1414
5580.7000 0.1415
5585.4000 0.1416
5591.8000 0.1417
5605.4000 0.1418
5631.3000 0.1419
5640.8000 0.1420
5643.0000 0.1421
5668.1000 0.1422
5689.4000 0.1423
5694.3000 0.1424
5696.4000 0.1425
5720.6000 0.1426
5726.4000 0.1427
5731.6000 0.1428
5746.4000 0.1429
5749.6000 0.1430
5757.0000 0.1431
5771.6000 0.1432
5777.0000 0.1433
5795.5000 0.1434
5810.1000 0.1435
5827.0000 0.1436
5829.5000 0.1437
5840.7000 0.1439
5854.6000 0.1440
5854.8000 0.1441
5859.4000 0.1442
5870.5000 0.1443
5872.2000 0.1444
5883.0000 0.1445
5886.1000 0.1446
5897.1000 0.1447
5902.8000 0.1448
5913.2000 0.1449
5919.8000 0.1450
5924.6000 0.1451
5933.1000 0.1452
5933.4000 0.1453
5940.9000 0.1454
5950.8000 0.1455
5953.9000 0.1456
5958.2000 0.1457
5987.2000 0.1458
6005.3000 0.1459
6020.1000 0.1460
6056.4000 0.1461
6060.6000 0.1462
6094.0000 0.1464
6101.9000 0.1465
6111.7000 0.1466
6113.9000 0.1467
6116.3000 0.1468
6116.8000 0.1469
6118.0000 0.1470
6128.2000 0.1471
6150.4000 0.1472
6153.3000 0.1473
6153.5000 0.1474
6174.4000 0.1475
6174.5000 0.1476
6179.7000 0.1477
6182.5000 0.1478
6189.2000 0.1479
6212.7000 0.1480
6216.3000 0.1481
6256.0000 0.1482
6267.5000 0.1483
6274.8000 0.1484
6280.3000 0.1485
6302.0000 0.1486
6316.5000 0.1487
6319.0000 0.1489
6324.1000 0.1490
6329.7000 0.1491
6335.1000 0.1492
6341.6000 0.1493
6346.1000 0.1494
6351.0000 0.1495
6362.2000 0.1496
6368.3000 0.1497
6376.5000 0.1498
6382.5000 0.1499
6387.7000 0.1500
6389.5000 0.1501
6396.1000 0.1502
6414.4000 0.1503
6415.3000 0.1504
6416.4000 0.1505
6422.1000 0.1506
6451.6000 0.1507
6465.3000 0.1508
6471.6000 0.1509
6482.2000 0.1510
6484.9000 0.1511
6516.6000 0.1512
6529.3000 0.1514
6531.3000 0.1515
6532.6000 0.1516
6533.6000 0.1517
6545.8000 0.1518
6547.0000 0.1519
6553.4000 0.1520
6567.8000 0.1521
6580.3000 0.1522
6591.5000 0.1523
6596.3000 0.1524
6606.8000 0.1525
6629.7000 0.1526
6638.1000 0.1527
6639.3000 0.1528
6662.7000 0.1529
6668.4000 0.1530
6683.0000 0.1531
6697.8000 0.1532
6710.6000 0.1533
6728.2000 0.1534
6731.2000 0.1535
6732.7000 0.1536
6738.3000 0.1537
6741.1000 0.1539
6752.1000 0.1540
6771.4000 0.1541
6774.7000 0.1542
6776.4000 0.1543
6808.7000 0.1544
6810.4000 0.1545
6814.7000 0.1546
6825.5000 0.1547
6829.1000 0.1548
6861.0000 0.1549
6871.2000 0.1550
6880.5000 0.1551
6883.8000 0.1552
6887.8000 0.1553
6908.9000 0.1554
6910.0000 0.1555
6925.3000 0.1556
6955.6000 0.1557
6962.9000 0.1558
6965.6000 0.1559
6966.6000 0.1560
6975.9000 0.1561
6988.8000 0.1562
7007.9000 0.1564
7015.8000 0.1565
7025.4000 0.1566
7028.9000 0.1567
7032.0000 0.1568
7032.3000 0.1569
7049.3000 0.1570
7067.5000 0.1571
7075.2000 0.1572
7075.4000 0.1573
7086.8000 0.1574
7100.3000 0.1575
7116.0000 0.1576
7126.0000 0.1577
7132.4000 0.1578
7156.2000 0.1579
7167.0000 0.1580
7191.8000 0.1581
7192.0000 0.1582
7201.5000 0.1583
7205.5000 0.1584
7212.6000 0.1585
7214.6000 0.1586
7224.6000 0.1587
7234.3000 0.1589
7273.5000 0.1590
7281.1000 0.1591
7283.3000 0.1592
7292.7000 0.1593
7298.9000 0.1594
7303.0000 0.1595
7304.3000 0.1596
7310.0000 0.1597
7321.0000 0.1598
7330.3000 0.1599
7337.3000 0.1600
7342.4000 0.1601
7344.1000 0.1602
7346.1000 0.1603
7349.4000 0.1604
7349.6000 0.1605
7354.3000 0.1606
7355.6000 0.1607
7360.6000 0.1608
7365.4000 0.1609
7371.2000 0.1610
7373.4000 0.1611
7381.0000 0.1612
7418.6000 0.1614
7418.6000 0.1615
7428.1000 0.1616
7449.5000 0.1617
7476.5000 0.1618
7493.4000 0.1619
7501.3000 0.1620
7511.9000 0.1621
7511.9000 0.1622
7515.3000 0.1623
7523.8000 0.1624
7527.8000 0.1625
7532.0000 0.1626
7534.8000 0.1627
7539.0000 0.1628
7549.2000 0.1629
7558.3000 0.1630
7558.4000 0.1631
7561.4000 0.1632
7566.2000 0.1633
7585.3000 0.1634
7595.2000 0.1635
7596.8000 0.1636
7602.4000 0.1637
7605.8000 0.1639
7620.7000 0.1640
7631.5000 0.1641
7633.7000 0.1642
7643.1000 0.1643
7644.6000 0.1644
7649.9000 0.1645
7654.2000 0.1646
7665.3000 0.1647
7677.1000 0.1648
7679.3000 0.1649
7681.0000 0.1650
7734.7000 0.1651
7747.2000 0.1652
7757.6000 0.1653
7757.6000 0.1654
7761.3000 0.1655
7769.6000 0.1656
7781.5000 0.1657
7789.7000 0.1658
7809.0000 0.1659
7843.2000 0.1660
7857.7000 0.1661
7857.8000 0.1662
7858.4000 0.1664
7890.9000 0.1665
7893.3000 0.1666
7893.9000 0.1667
7913.0000 0.1668
7916.0000 0.1669
7945.8000 0.1670
7971.6000 0.1671
7983.9000 0.1672
8009.1000 0.1673
8031.5000 0.1674
8032.2000 0.1675
8038.8000 0.1676
8042.6000 0.1677
8061.5000 0.1678
8074.5000 0.1679
8090.2000 0.1680
8091.8000 0.1681
8092.9000 0.1682
8102.7000 0.1683
8111.7000 0.1684
8127.3000 0.1685
8144.7000 0.1686
8152.2000 0.1687
8153.3000 0.1689
8153.8000 0.1690
8154.4000 0.1691
8155.4000 0.1692
8156.5000 0.1693
8174.6000 0.1694
8237.0000 0.1695
8279.8000 0.1696
8286.1000 0.1697
8287.0000 0.1698
8318.8000 0.1699
8353.7000 0.1700
8357.1000 0.1701
8366.0000 0.1702
8366.5000 0.1703
8386.7000 0.1704
8402.2000 0.1705
8404.6000 0.1706
8417.3000 0.1707
8451.7000 0.1708
8461.1000 0.1709
8468.1000 0.1710
8477.5000 0.1711
8501.1000 0.1712
8503.1000 0.1714
8540.7000 0.1715
8545.9000 0.1716
8548.1000 0.1717
8555.6000 0.1718
8563.8000 0.1719
8583.4000 0.1720
8598.6000 0.1721
8631.4000 0.1722
8640.4000 0.1723
8662.9000 0.1724
8672.7000 0.1725
8695.2000 0.1726
8705.7000 0.1727
8708.5000 0.1728
8716.2000 0.1729
8720.3000 0.1730
8730.8000 0.1731
8733.8000 0.1732
8735.1000 0.1733
8751.3000 0.1734
8762.5000 0.1735
8772.0000 0.1736
8777.6000 0.1737
8781.9000 0.1739
8783.5000 0.1740
8811.6000 0.1741
8829.7000 0.1742
8834.6000 0.1743
8841.0000 0.1744
8857.3000 0.1745
8863.9000 0.1746
8869.0000 0.1747
8884.1000 0.1748
8915.1000 0.1749
8915.9000 0.1750
8940.5000 0.1751
8956.8000 0.1752
8956.9000 0.1753
8972.8000 0.1754
8973.6000 0.1755
8982.5000 0.1756
9015.7000 0.1757
9020.2000 0.1758
9034.8000 0.1759
9038.0000 0.1760
9039.6000 0.1761
9042.0000 0.1762
9050.8000 0.1764
9066.4000 0.1765
9087.8000 0.1766
9093.2000 0.1767
9102.6000 0.1768
9112.0000 0.1769
9138.6000 0.1770
9139.4000 0.1771
9150.9000 0.1772
9156.4000 0.1773
9165.4000 0.1774
9172.4000 0.1775
9200.5000 0.1776
9212.0000 0.1777
9234.3000 0.1778
9240.3000 0.1779
9255.2000 0.1780
9257.8000 0.1781
9266.4000 0.1782
9271.8000 0.1783
9277.4000 0.1784
9288.6000 0.1785
9291.4000 0.1786
9293.7000 0.1787
9312.8000 0.1789
9321.5000 0.1790
9325.2000 0.1791
9340.1000 0.1792
9342.3000 0.1793
9344.7000 0.1794
9352.4000 0.1795
9409.4000 0.1796
9413.5000 0.1797
9449.6000 0.1798
9453.3000 0.1799
9462.1000 0.1800
9468.5000 0.1801
9468.8000 0.1802
9484.2000 0.1803
9525.2000 0.1804
9548.5000 0.1805
9568.8000 0.1806
9573.6000 0.1807
9576.3000 0.1808
9591.5000 0.1809
9604.5000 0.1810
9605.1000 0.1811
9615.4000 0.1812
9617.3000 0.1814
9630.9000 0.1815
9631.5000 0.1816
9643.7000 0.1817
9644.2000 0.1818
9647.4000 0.1819
9652.9000 0.1820
9682.3000 0.1821
9692.9000 0.1822
9697.5000 0.1823
9705.5000 0.1824
9718.3000 0.1825
9720.4000 0.1826
9724.3000 0.1827
9730.3000 0.1828
9733.0000 0.1829
9738.7000 0.1830
9739.3000 0.1831
9744.2000 0.1832
9745.3000 0.1833
9750.5000 0.1834
9796.7000 0.1835
9807.3000 0.1836
9817.4000 0.1837
9820.0000 0.1839
9828.8000 0.1840
9839.8000 0.1841
9853.8000 0.1842
9901.8000 0.1843
9902.4000 0.1844
9922.5000 0.1845
9929.2000 0.1846
9938.9000 0.1847
9948.7000 0.1848
9950.1000 0.1849
9953.1000 0.1850
10001.2000 0.1851
10029.4000 0.1852
10030.5000 0.1853
10036.3000 0.1854
10041.1000 0.1855
10042.1000 0.1856
10049.6000 0.1857
10068.9000 0.1858
10077.6000 0.1859
10078.9000 0.1860
10084.5000 0.1861
10091.2000 0.1862
10098.5000 0.1864
10100.8000 0.1865
10100.9000 0.1866
10111.2000 0.1867
10113.8000 0.1868
10118.3000 0.1869
10142.1000 0.1870
10146.3000 0.1871
10148.2000 0.1872
10178.4000 0.1873
10183.1000 0.1874
10183.6000 0.1875
10187.8000 0.1876
10192.7000 0.1877
10193.2000 0.1878
10213.5000 0.1879
10216.5000 0.1880
10216.9000 0.1881
10229.2000 0.1882
10257.1000 0.1883
10258.8000 0.1884
10263.5000 0.1885
10275.2000 0.1886
10275.2000 0.1887
10305.1000 0.1889
10308.8000 0.1890
10311.0000 0.1891
10312.7000 0.1892
10321.3000 0.1893
10331.1000 0.1894
10341.1000 0.1895
10342.5000 0.1896
10343.1000 0.1897
10349.9000 0.1898
10352.7000 0.1899
10404.9000 0.1900
10424.3000 0.1901
10430.9000 0.1902
10433.9000 0.1903
10435.4000 0.1904
10437.2000 0.1905
10461.3000 0.1906
10462.4000 0.1907
10467.2000 0.1908
10475.8000 0.1909
10481.7000 0.1910
10483.6000 0.1911
10486.0000 0.1912
10490.2000 0.1914
10500.2000 0.1915
10502.5000 0.1916
10507.1000 0.1917
10519.0000 0.1918
10541.0000 0.1919
10559.7000 0.1920
10561.4000 0.1921
10573.3000 0.1922
10596.0000 0.1923
10596.7000 0.1924
10597.9000 0.1925
10598.1000 0.1926
10620.9000 0.1927
10627.4000 0.1928
10654.5000 0.1929
10662.8000 0.1930
10665.7000 0.1931
10668.0000 0.1932
10678.3000 0.1933
10682.4000 0.1934
10693.8000 0.1935
10697.0000 0.1936
10713.3000 0.1937
10718.8000 0.1939
10719.6000 0.1940
10729.0000 0.1941
10739.7000 0.1942
10747.8000 0.1943
10762.1000 0.1944
10764.1000 0.1945
10765.6000 0.1946
10787.2000 0.1947
10787.6000 0.1948
10788.4000 0.1949
10793.1000 0.1950
10810.5000 0.1951
10838.3000 0.1952
10838.9000 0.1953
10858.7000 0.1954
10872.5000 0.1955
10876.3000 0.1956
10877.5000 0.1957
10881.3000 0.1958
10901.5000 0.1959
10913.6000 0.1960
10926.7000 0.1961
10930.5000 0.1962
10937.9000 0.1964
10938.7000 0.1965
10947.2000 0.1966
10951.2000 0.1967
10954.8000 0.1968
10980.0000 0.1969
10988.3000 0.1970
10989.3000 0.1971
10998.0000 0.1972
11007.8000 0.1973
11013.9000 0.1974
11017.9000 0.1975
11028.9000 0.1976
11033.2000 0.1977
11049.1000 0.1978
11049.8000 0.1979
11050.0000 0.1980
11051.6000 0.1981
11064.9000 0.1982
11071.3000 0.1983
11087.0000 0.1984
11105.8000 0.1985
11107.0000 0.1986
11121.6000 0.1987
11124.4000 0.1989
11157.5000 0.1990
11162.5000 0.1991
11213.3000 0.1992
11231.6000 0.1993
11233.5000 0.1994
11242.0000 0.1995
11243.7000 0.1996
11289.1000 0.1997
11296.6000 0.1998
11304.3000 0.1999
11304.3000 0.2000
11305.9000 0.2001
11317.1000 0.2002
11333.3000 0.2003
11339.7000 0.2004
11353.1000 0.2005
11366.9000 0.2006
11403.8000 0.2007
11419.6000 0.2008
11429.7000 0.2009
11439.0000 0.2010
11455.0000 0.2011
11471.4000 0.2012
11472.6000 0.2014
11477.3000 0.2015
11496.4000 0.2016
11519.1000 0.2017
11551.8000 0.2018
11566.9000 0.2019
11582.0000 0.2020
11585.4000 0.2021
11590.7000 0.2022
11599.4000 0.2023
11601.2000 0.2024
11602.4000 0.2025
11610.6000 0.2026
11617.1000 0.2027
11620.4000 0.2028
11628.5000 0.2029
11630.0000 0.2030
11645.0000 0.2031
11647.2000 0.2032
11648.4000 0.2033
11649.1000 0.2034
11651.8000 0.2035
11653.9000 0.2036
11712.9000 0.2037
11717.0000 0.2039
11719.2000 0.2040
11725.1000 0.2041
11734.7000 0.2042
11746.8000 0.2043
11770.7000 0.2044
11775.2000 0.2045
11782.6000 0.2046
11784.8000 0.2047
11788.4000 0.2048
11790.6000 0.2049
11809.9000 0.2050
11815.4000 0.2051
11817.0000 0.2052
11832.2000 0.2053
11845.5000 0.2054
11846.6000 0.2055
11847.6000 0.2056
11855.6000 0.2057
11863.5000 0.2058
11868.3000 0.2059
11878.6000 0.2060
11891.9000 0.2061
11896.1000 0.2062
11907.2000 0.2064
11910.2000 0.2065
11910.7000 0.2066
11911.4000 0.2067
11913.9000 0.2068
11960.7000 0.2069
11986.1000 0.2070
11994.9000 0.2071
12009.8000 0.2072
12014.8000 0.2073
12020.6000 0.2074
12030.1000 0.2075
12034.4000 0.2076
12036.5000 0.2077
12053.2000 0.2078
12054.4000 0.2079
12058.6000 0.2080
12066.1000 0.2081
12080.6000 0.2082
12086.6000 0.2083
12107.5000 0.2084
12114.1000 0.2085
12117.0000 0.2086
12132.8000 0.2087
12136.5000 0.2089
12144.2000 0.2090
12171.2000 0.2091
12182.8000 0.2092
12201.8000 0.2093
12211.3000 0.2094
12220.6000 0.2095
12222.1000 0.2096
12231.1000 0.2097
12236.9000 0.2098
12295.7000 0.2099
12303.7000 0.2100
12305.0000 0.2101
12313.9000 0.2102
12344.2000 0.2103
12359.5000 0.2104
12375.0000 0.2105
12397.5000 0.2106
12404.3000 0.2107
12417.0000 0.2108
12427.9000 0.2109
12433.5000 0.2110
12436.8000 0.2111
12455.0000 0.2112
12456.3000 0.2114
12463.6000 0.2115
12470.9000 0.2116
12472.3000 0.2117
12481.0000 0.2118
12487.0000 0.2119
12491.7000 0.2120
12500.0000 0.2121
12510.4000 0.2122
12510.7000 0.2123
12511.5000 0.2124
12520.3000 0.2125
12534.3000 0.2126
12539.1000 0.2127
12552.7000 0.2128
12556.1000 0.2129
12582.3000 0.2130
12582.6000 0.2131
12596.2000 0.2132
12614.8000 0.2133
12623.2000 0.2134
12629.4000 0.2135
12632.0000 0.2136
12637.8000 0.2137
12641.9000 0.2139
12652.1000 0.2140
12652.3000 0.2141
12692.8000 0.2142
12696.6000 0.2143
12698.7000 0.2144
12710.5000 0.2145
12713.0000 0.2146
12716.4000 0.2147
12720.3000 0.2148
12721.7000 0.2149
12722.8000 0.2150
12723.0000 0.2151
12763.0000 0.2152
12777.7000 0.2153
12814.0000 0.2154
12822.9000 0.2155
12825.4000 0.2156
12837.7000 0.2157
12837.8000 0.2158
12854.5000 0.2159
12856.5000 0.2160
12883.9000 0.2161
12903.8000 0.2162
12916.7000 0.2164
12925.6000 0.2165
12950.1000 0.2166
12967.7000 0.2167
12988.5000 0.2168
12994.5000 0.2169
13014.2000 0.2170
13018.2000 0.2171
13018.3000 0.2172
13025.6000 0.2173
13031.9000 0.2174
13036.3000 0.2175
13042.6000 0.2176
13055.6000 0.2177
13079.5000 0.2178
13095.0000 0.2179
13099.5000 0.2180
13104.8000 0.2181
13130.8000 0.2182
13139.1000 0.2183
13187.1000 0.2184
13197.1000 0.2185
13208.5000 0.2186
13210.3000 0.2187
13258.0000 0.2189
13262.8000 0.2190
13265.9000 0.2191
13277.2000 0.2192
13302.7000 0.2193
13338.7000 0.2194
13341.0000 0.2195
13361.9000 0.2196
13388.3000 0.2197
13391.3000 0.2198
13413.7000 0.2199
13426.4000 0.2200
13428.8000 0.2201
13429.9000 0.2202
13439.1000 0.2203
13440.8000 0.2204
13483.0000 0.2205
13496.6000 0.2206
13512.7000 0.2207
13521.6000 0.2208
13524.7000 0.2209
13531.4000 0.2210
13554.1000 0.2211
13559.4000 0.2212
13564.4000 0.2214
13575.9000 0.2215
13581.0000 0.2216
13584.0000 0.2217
13588.2000 0.2218
13588.5000 0.2219
13609.1000 0.2220
13628.3000 0.2221
13653.1000 0.2222
13653.3000 0.2223
13659.1000 0.2224
13666.7000 0.2225
13671.9000 0.2226
13685.9000 0.2227
13689.5000 0.2228
13692.9000 0.2229
13702.8000 0.2230
13704.5000 0.2231
13715.9000 0.2232
13724.1000 0.2233
13740.0000 0.2234
13772.5000 0.2235
13785.0000 0.2236
13802.3000 0.2237
13813.6000 0.2239
13814.1000 0.2240
13814.9000 0.2241
13816.0000 0.2242
13833.5000 0.2243
13833.5000 0.2244
13839.8000 0.2245
13840.3000 0.2246
13845.3000 0.2247
13846.6000 0.2248
13864.8000 0.2249
13866.7000 0.2250
13895.0000 0.2251
13906.2000 0.2252
13931.1000 0.2253
13963.6000 0.2254
13971.1000 0.2255
13977.4000 0.2256
14013.5000 0.2257
14017.3000 0.2258
14017.3000 0.2259
14037.9000 0.2260
14042.7000 0.2261
14047.5000 0.2262
14048.4000 0.2264
14058.6000 0.2265
14058.8000 0.2266
14099.5000 0.2267
14121.3000 0.2268
14141.5000 0.2269
14147.8000 0.2270
14160.7000 0.2271
14161.3000 0.2272
14161.4000 0.2273
14192.8000 0.2274
14194.7000 0.2275
14197.0000 0.2276
14213.5000 0.2277
14215.4000 0.2278
14230.6000 0.2279
14238.7000 0.2280
14240.2000 0.2281
14242.0000 0.2282
14281.6000 0.2283
14298.3000 0.2284
14301.2000 0.2285
14320.7000 0.2286
14331.4000 0.2287
14420.6000 0.2289
14438.9000 0.2290
14460.0000 0.2291
14467.3000 0.2292
14484.8000 0.2293
14488.7000 0.2294
14512.0000 0.2295
14520.9000 0.2296
14521.1000 0.2297
14526.9000 0.2298
14532.4000 0.2299
14533.3000 0.2300
14576.3000 0.2301
14578.5000 0.2302
14596.3000 0.2303
14603.8000 0.2304
14606.0000 0.2305
14612.1000 0.2306
14613.7000 0.2307
14625.3000 0.2308
14625.3000 0.2309
14630.6000 0.2310
14666.3000 0.2311
14667.8000 0.2312
14703.8000 0.2314
14727.6000 0.2315
14728.6000 0.2316
14731.8000 0.2317
14735.6000 0.2318
14741.1000 0.2319
14749.8000 0.2320
14751.2000 0.2321
14754.7000 0.2322
14755.3000 0.2323
14773.7000 0.2324
14805.9000 0.2325
14820.0000 0.2326
14822.7000 0.2327
14823.1000 0.2328
14829.8000 0.2329
14854.6000 0.2330
14856.6000 0.2331
14857.3000 0.2332
14861.6000 0.2333
14865.5000 0.2334
14869.7000 0.2335
14877.7000 0.2336
14889.3000 0.2337
14896.7000 0.2339
14901.5000 0.2340
14908.9000 0.2341
14913.1000 0.2342
14925.1000 0.2343
14925.6000 0.2344
14930.5000 0.2345
14931.4000 0.2346
14935.6000 0.2347
14946.5000 0.2348
14960.3000 0.2349
14970.6000 0.2350
14983.4000 0.2351
15005.6000 0.2352
15010.0000 0.2353
15030.5000 0.2354
15044.0000 0.2355
15050.9000 0.2356
15063.3000 0.2357
15071.9000 0.2358
15073.9000 0.2359
15091.9000 0.2360
15116.2000 0.2361
15118.3000 0.2362
15190.7000 0.2364
15212.9000 0.2365
15239.6000 0.2366
15250.9000 0.2367
15251.7000 0.2368
15255.1000 0.2369
15260.5000 0.2370
15270.0000 0.2371
15281.7000 0.2372
15288.8000 0.2373
15289.8000 0.2374
15310.0000 0.2375
15330.5000 0.2376
15333.4000 0.2377
15337.7000 0.2378
15355.2000 0.2379
15356.5000 0.2380
15377.1000 0.2381
15388.1000 0.2382
15390.6000 0.2383
15405.9000 0.2384
15417.5000 0.2385
15429.5000 0.2386
15437.9000 0.2387
15438.8000 0.2389
15487.0000 0.2390
15516.2000 0.2391
15523.6000 0.2392
15528.1000 0.2393
15530.8000 0.2394
15536.0000 0.2395
15545.6000 0.2396
15558.5000 0.2397
15579.4000 0.2398
15614.3000 0.2399
15641.7000 0.2400
15649.0000 0.2401
15656.1000 0.2402
15664.7000 0.2403
15677.1000 0.2404
15681.8000 0.2405
15685.0000 0.2406
15687.7000 0.2407
15711.7000 0.2408
15712.4000 0.2409
15728.9000 0.2410
15729.7000 0.2411
15732.9000 0.2412
15736.5000 0.2414
15737.4000 0.2415
15740.4000 0.2416
15741.5000 0.2417
15750.3000 0.2418
15750.9000 0.2419
15773.3000 0.2420
15792.3000 0.2421
15803.1000 0.2422
15807.1000 0.2423
15807.2000 0.2424
15810.0000 0.2425
15813.9000 0.2426
15826.5000 0.2427
15842.4000 0.2428
15856.2000 0.2429
15856.8000 0.2430
15857.6000 0.2431
15861.8000 0.2432
15884.3000 0.2433
15917.5000 0.2434
15934.9000 0.2435
15951.0000 0.2436
15954.8000 0.2437
15978.7000 0.2439
15991.1000 0.2440
15998.9000 0.2441
16005.3000 0.2442
16005.9000 0.2443
16007.3000 0.2444
16012.3000 0.2445
16048.1000 0.2446
16080.5000 0.2447
16098.2000 0.2448
16099.3000 0.2449
16125.1000 0.2450
16126.3000 0.2451
16128.2000 0.2452
16147.8000 0.2453
16172.2000 0.2454
16175.4000 0.2455
16193.3000 0.2456
16243.3000 0.2457
16285.1000 0.2458
16338.6000 0.2459
16354.1000 0.2460
16354.3000 0.2461
16373.9000 0.2462
16383.1000 0.2464
16384.5000 0.2465
16394.4000 0.2466
16402.1000 0.2467
16454.0000 0.2468
16462.5000 0.2469
16465.1000 0.2470
16473.2000 0.2471
16488.7000 0.2472
16500.4000 0.2473
16529.7000 0.2474
16534.9000 0.2475
16591.4000 0.2476
16605.0000 0.2477
16615.3000 0.2478
16616.8000 0.2479
16629.7000 0.2480
16645.5000 0.2481
16651.4000 0.2482
16658.3000 0.2483
16670.1000 0.2484
16702.3000 0.2485
16716.8000 0.2486
16719.3000 0.2487
16745.1000 0.2489
16755.3000 0.2490
16769.0000 0.2491
16829.5000 0.2492
16829.7000 0.2493
16830.0000 0.2494
16865.3000 0.2495
16865.7000 0.2496
16868.2000 0.2497
16879.0000 0.2498
16913.7000 0.2499
16921.5000 0.2500
16940.4000 0.2501
16941.5000 0.2502
16958.4000 0.2503
16968.2000 0.2504
16990.1000 0.2505
16998.4000 0.2506
17009.3000 0.2507
17016.2000 0.2508
17031.9000 0.2509
17041.8000 0.2510
17044.9000 0.2511
17091.6000 0.2512
17136.8000 0.2514
17154.1000 0.2515
17164.6000 0.2516
17181.2000 0.2517
17186.6000 0.2518
17189.5000 0.2519
17202.0000 0.2520
17203.7000 0.2521
17232.6000 0.2522
17245.0000 0.2523
17265.5000 0.2524
17266.5000 0.2525
17274.0000 0.2526
17282.4000 0.2527
17302.6000 0.2528
17305.6000 0.2529
17308.5000 0.2530
17318.1000 0.2531
17386.9000 0.2532
17389.1000 0.2533
17404.0000 0.2534
17406.6000 0.2535
17418.0000 0.2536
17424.0000 0.2537
17442.9000 0.2539
17450.4000 0.2540
17451.8000 0.2541
17457.5000 0.2542
17473.9000 0.2543
17482.1000 0.2544
17492.0000 0.2545
17496.1000 0.2546
17519.0000 0.2547
17524.2000 0.2548
17559.1000 0.2549
17572.5000 0.2550
17580.5000 0.2551
17591.3000 0.2552
17597.3000 0.2553
17604.9000 0.2554
17608.3000 0.2555
17631.2000 0.2556
17637.4000 0.2557
17639.1000 0.2558
17647.8000 0.2559
17665.4000 0.2560
17732.2000 0.2561
17750.7000 0.2562
17777.9000 0.2564
17803.5000 0.2565
17825.3000 0.2566
17833.8000 0.2567
17837.5000 0.2568
17876.5000 0.2569
17903.9000 0.2570
17912.8000 0.2571
17925.3000 0.2572
17943.8000 0.2573
17952.5000 0.2574
17962.0000 0.2575
18026.0000 0.2576
18063.0000 0.2577
18075.0000 0.2578
18075.2000 0.2579
18082.3000 0.2580
18104.9000 0.2581
18113.7000 0.2582
18117.3000 0.2583
18130.3000 0.2584
18131.3000 0.2585
18148.9000 0.2586
18152.9000 0.2587
18201.0000 0.2589
18212.0000 0.2590
18221.9000 0.2591
18237.7000 0.2592
18240.3000 0.2593
18263.9000 0.2594
18295.8000 0.2595
18306.0000 0.2596
18309.7000 0.2597
18312.9000 0.2598
18324.0000 0.2599
18348.4000 0.2600
18352.6000 0.2601
18386.2000 0.2602
18412.4000 0.2603
18413.0000 0.2604
18428.4000 0.2605
18434.8000 0.2606
18465.4000 0.2607
18542.8000 0.2608
18546.3000 0.2609
18547.3000 0.2610
18552.4000 0.2611
18555.2000 0.2612
18564.9000 0.2614
18577.8000 0.2615
18579.2000 0.2616
18580.2000 0.2617
18592.9000 0.2618
18594.6000 0.2619
18618.3000 0.2620
18620.2000 0.2621
18661.1000 0.2622
18661.5000 0.2623
18693.3000 0.2624
18698.0000 0.2625
18698.0000 0.2626
18732.7000 0.2627
18746.0000 0.2628
18746.8000 0.2629
18747.8000 0.2630
18777.6000 0.2631
18781.2000 0.2632
18821.4000 0.2633
18834.4000 0.2634
18848.7000 0.2635
18866.0000 0.2636
18872.4000 0.2637
18908.6000 0.2639
18937.1000 0.2640
18951.1000 0.2641
18993.6000 0.2642
18999.2000 0.2643
19010.7000 0.2644
19022.6000 0.2645
19025.9000 0.2646
19031.5000 0.2647
19036.5000 0.2648
19060.4000 0.2649
19098.7000 0.2650
19155.0000 0.2651
19169.7000 0.2652
19171.4000 0.2653
19188.6000 0.2654
19196.7000 0.2655
19220.7000 0.2656
19249.2000 0.2657
19265.3000 0.2658
19340.5000 0.2659
19394.2000 0.2660
19401.9000 0.2661
19412.7000 0.2662
19494.0000 0.2664
19494.2000 0.2665
19500.8000 0.2666
19505.3000 0.2667
19512.7000 0.2668
19524.2000 0.2669
19602.3000 0.2670
19650.3000 0.2671
19653.1000 0.2672
19719.2000 0.2673
19780.1000 0.2674
19780.6000 0.2675
19783.2000 0.2676
19790.6000 0.2677
19857.5000 0.2678
19862.8000 0.2679
19867.9000 0.2680
19902.8000 0.2681
19903.7000 0.2682
19919.5000 0.2683
19944.6000 0.2684
19986.5000 0.2685
19987.2000 0.2686
20031.0000 0.2687
20051.0000 0.2689
20071.0000 0.2690
20118.3000 0.2691
20122.8000 0.2692
20158.7000 0.2693
20164.8000 0.2694
20178.2000 0.2695
20223.1000 0.2696
20275.8000 0.2697
20303.7000 0.2698
20329.6000 0.2699
20337.6000 0.2700
20349.5000 0.2701
20394.2000 0.2702
20404.6000 0.2703
20424.5000 0.2704
20458.9000 0.2705
20526.8000 0.2706
20585.0000 0.2707
20587.0000 0.2708
20619.7000 0.2709
20658.0000 0.2710
20726.6000 0.2711
20776.2000 0.2712
20782.6000 0.2714
20792.0000 0.2715
20846.0000 0.2716
20851.3000 0.2717
20917.0000 0.2718
20956.3000 0.2719
20962.5000 0.2720
20980.9000 0.2721
21005.1000 0.2722
21016.2000 0.2723
21061.8000 0.2724
21105.9000 0.2725
21108.9000 0.2726
21158.9000 0.2727
21161.7000 0.2728
21251.3000 0.2729
21261.3000 0.2730
21339.6000 0.2731
21360.6000 0.2732
21364.7000 0.2733
21424.4000 0.2734
21427.1000 0.2735
21453.4000 0.2736
21523.0000 0.2737
21589.7000 0.2739
21767.3000 0.2740
21801.6000 0.2741
21818.7000 0.2742
21823.8000 0.2743
21877.8000 0.2744
21883.4000 0.2745
21890.3000 0.2746
21947.4000 0.2747
21973.6000 0.2748
22013.9000 0.2749
22038.4000 0.2750
22090.0000 0.2751
22101.7000 0.2752
22117.6000 0.2753
22121.0000 0.2754
22143.2000 0.2755
22320.7000 0.2756
22351.4000 0.2757
22393.9000 0.2758
22402.2000 0.2759
22408.9000 0.2760
22455.5000 0.2761
22473.6000 0.2762
22494.5000 0.2764
22534.9000 0.2765
22576.0000 0.2766
22676.4000 0.2767
22682.8000 0.2768
22794.7000 0.2769
22876.0000 0.2770
22946.3000 0.2771
22956.8000 0.2772
22995.9000 0.2773
22999.0000 0.2774
23023.6000 0.2775
23058.8000 0.2776
23149.8000 0.2777
23162.0000 0.2778
23276.0000 0.2779
23362.9000 0.2780
23369.0000 0.2781
23376.1000 0.2782
23576.4000 0.2783
23680.8000 0.2784
23961.1000 0.2785
24025.7000 0.2786
24297.2000 0.2787
24342.6000 0.2789
24381.5000 0.2790
24469.6000 0.2791
24474.9000 0.2792
24496.7000 0.2793
24612.5000 0.2794
24625.0000 0.2795
24759.9000 0.2796
24968.0000 0.2797
25128.3000 0.2798
25204.8000 0.2799
25352.1000 0.2800
25625.9000 0.2801
25823.1000 0.2802
25824.6000 0.2803
26210.5000 0.2804
26637.9000 0.2805
27039.6000 0.2806
27431.6000 0.2807
