# messageDelay  cumulativeProbability
5.0000 0.0000
5.0000 0.0001
5.0000 0.0001
5.0000 0.0001
5.0000 0.0002
5.0000 0.0002
5.0000 0.0002
5.0000 0.0003
5.0000 0.0003
5.0000 0.0003
5.0000 0.0004
5.0000 0.0004
5.0000 0.0005
5.0000 0.0005
5.0000 0.0005
5.0000 0.0006
5.0000 0.0006
5.0000 0.0006
5.0000 0.0007
5.0000 0.0007
5.0000 0.0007
5.0000 0.0008
5.0000 0.0008
5.0000 0.0008
5.0000 0.0009
5.0000 0.0009
5.0000 0.0009
5.0000 0.0010
5.0000 0.0010
5.0000 0.0010
5.0000 0.0011
5.0000 0.0011
5.0000 0.0011
5.0000 0.0012
5.0000 0.0012
5.0000 0.0013
5.0000 0.0013
5.0000 0.0013
5.0000 0.0014
5.0000 0.0014
5.0000 0.0014
5.0000 0.0015
5.0000 0.0015
5.0000 0.0015
5.0000 0.0016
5.0000 0.0016
5.0000 0.0016
5.0000 0.0017
5.0000 0.0017
5.0000 0.0017
5.0000 0.0018
5.0000 0.0018
5.0000 0.0018
5.0000 0.0019
5.0000 0.0019
5.0000 0.0019
5.0000 0.0020
5.0000 0.0020
5.0000 0.0020
5.0000 0.0021
5.0000 0.0021
5.0000 0.0022
5.0000 0.0022
5.0000 0.0022
5.0000 0.0023
5.0000 0.0023
5.0000 0.0023
5.0000 0.0024
5.0000 0.0024
5.0000 0.0024
5.0000 0.0025
5.0000 0.0025
5.0000 0.0025
5.0000 0.0026
5.0000 0.0026
5.0000 0.0026
5.0000 0.0027
5.0000 0.0027
5.0000 0.0027
5.0000 0.0028
5.0000 0.0028
5.0000 0.0028
5.0000 0.0029
5.0000 0.0029
5.0000 0.0030
5.0000 0.0030
5.0000 0.0030
5.0000 0.0031
5.0000 0.0031
5.0000 0.0031
5.0000 0.0032
5.0000 0.0032
5.0000 0.0032
5.0000 0.0033
5.0000 0.0033
5.0000 0.0033
5.0000 0.0034
5.0000 0.0034
6.0000 0.0034
6.7000 0.0035
7.0000 0.0035
7.0000 0.0035
7.7000 0.0036
8.0000 0.0036
8.0000 0.0036
9.2000 0.0037
9.9000 0.0037
10.0000 0.0037
10.0000 0.0038
10.0000 0.0038
12.8000 0.0039
14.0000 0.0039
15.1000 0.0039
99.3000 0.0040
136.4000 0.0040
136.5000 0.0040
143.1000 0.0041
171.2000 0.0041
216.0000 0.0041
222.6000 0.0042
225.1000 0.0042
233.4000 0.0042
243.5000 0.0043
256.8000 0.0043
262.9000 0.0043
274.9000 0.0044
275.1000 0.0044
277.5000 0.0044
279.2000 0.0045
285.9000 0.0045
318.1000 0.0045
322.8000 0.0046
324.4000 0.0046
325.3000 0.0047
327.2000 0.0047
332.5000 0.0047
341.8000 0.0048
347.8000 0.0048
349.8000 0.0048
354.4000 0.0049
354.6000 0.0049
368.5000 0.0049
370.6000 0.0050
370.6000 0.0050
371.4000 0.0050
371.8000 0.0051
372.4000 0.0051
378.6000 0.0051
381.2000 0.0052
382.0000 0.0052
392.3000 0.0052
393.9000 0.0053
395.0000 0.0053
403.3000 0.0053
405.1000 0.0054
406.0000 0.0054
411.8000 0.0055
414.8000 0.0055
415.2000 0.0055
415.9000 0.0056
420.3000 0.0056
422.4000 0.0056
429.5000 0.0057
433.1000 0.0057
434.0000 0.0057
434.1000 0.0058
434.3000 0.0058
438.0000 0.0058
438.1000 0.0059
441.2000 0.0059
443.3000 0.0059
451.6000 0.0060
453.7000 0.0060
464.3000 0.0060
467.3000 0.0061
468.4000 0.0061
469.5000 0.0061
469.9000 0.0062
470.1000 0.0062
470.4000 0.0063
473.6000 0.0063
476.4000 0.0063
484.0000 0.0064
491.0000 0.0064
495.9000 0.0064
501.1000 0.0065
507.4000 0.0065
507.8000 0.0065
513.9000 0.0066
514.5000 0.0066
517.6000 0.0066
520.2000 0.0067
520.3000 0.0067
532.6000 0.0067
540.8000 0.0068
547.7000 0.0068
549.2000 0.0068
554.8000 0.0069
556.0000 0.0069
563.9000 0.0069
569.0000 0.0070
569.9000 0.0070
572.7000 0.0070
575.2000 0.0071
577.5000 0.0071
581.3000 0.0072
587.7000 0.0072
589.7000 0.0072
590.1000 0.0073
592.1000 0.0073
597.2000 0.0073
599.0000 0.0074
607.2000 0.0074
610.0000 0.0074
610.5000 0.0075
611.1000 0.0075
611.8000 0.0075
612.9000 0.0076
613.4000 0.0076
622.3000 0.0076
624.8000 0.0077
627.2000 0.0077
628.6000 0.0077
629.1000 0.0078
630.4000 0.0078
639.0000 0.0078
639.8000 0.0079
639.9000 0.0079
641.5000 0.0080
646.5000 0.0080
648.6000 0.0080
652.0000 0.0081
657.3000 0.0081
659.2000 0.0081
664.1000 0.0082
666.2000 0.0082
667.1000 0.0082
667.4000 0.0083
673.2000 0.0083
677.3000 0.0083
684.6000 0.0084
689.6000 0.0084
692.2000 0.0084
693.1000 0.0085
695.7000 0.0085
696.7000 0.0085
699.7000 0.0086
700.0000 0.0086
701.1000 0.0086
704.7000 0.0087
705.0000 0.0087
709.9000 0.0088
711.4000 0.0088
718.9000 0.0088
727.5000 0.0089
728.4000 0.0089
729.9000 0.0089
732.0000 0.0090
736.1000 0.0090
738.0000 0.0090
738.2000 0.0091
738.8000 0.0091
739.8000 0.0091
746.6000 0.0092
747.4000 0.0092
750.1000 0.0092
750.2000 0.0093
751.4000 0.0093
755.1000 0.0093
756.4000 0.0094
762.5000 0.0094
762.6000 0.0094
764.9000 0.0095
766.6000 0.0095
767.3000 0.0095
774.3000 0.0096
776.0000 0.0096
776.4000 0.0097
779.5000 0.0097
779.9000 0.0097
782.1000 0.0098
782.2000 0.0098
785.6000 0.0098
787.2000 0.0099
791.8000 0.0099
794.3000 0.0099
795.4000 0.0100
802.7000 0.0100
806.7000 0.0100
810.1000 0.0101
811.7000 0.0101
813.1000 0.0101
813.5000 0.0102
816.2000 0.0102
818.3000 0.0102
818.5000 0.0103
821.6000 0.0103
821.8000 0.0103
823.0000 0.0104
825.3000 0.0104
826.4000 0.0105
826.8000 0.0105
831.1000 0.0105
832.3000 0.0106
832.8000 0.0106
839.3000 0.0106
841.4000 0.0107
844.2000 0.0107
844.6000 0.0107
845.0000 0.0108
846.4000 0.0108
847.2000 0.0108
848.2000 0.0109
848.3000 0.0109
852.6000 0.0109
856.3000 0.0110
856.6000 0.0110
857.3000 0.0110
859.0000 0.0111
859.7000 0.0111
870.3000 0.0111
872.0000 0.0112
874.5000 0.0112
874.7000 0.0113
875.3000 0.0113
875.3000 0.0113
875.5000 0.0114
885.7000 0.0114
886.9000 0.0114
886.9000 0.0115
889.6000 0.0115
892.4000 0.0115
892.6000 0.0116
894.9000 0.0116
896.5000 0.0116
900.2000 0.0117
905.4000 0.0117
907.2000 0.0117
908.5000 0.0118
910.1000 0.0118
912.8000 0.0118
916.7000 0.0119
916.9000 0.0119
916.9000 0.0119
918.6000 0.0120
921.5000 0.0120
922.7000 0.0120
923.5000 0.0121
924.6000 0.0121
927.2000 0.0122
929.5000 0.0122
931.4000 0.0122
942.4000 0.0123
943.0000 0.0123
946.0000 0.0123
947.8000 0.0124
950.1000 0.0124
951.1000 0.0124
952.2000 0.0125
957.2000 0.0125
958.5000 0.0125
958.5000 0.0126
963.6000 0.0126
968.0000 0.0126
968.9000 0.0127
969.3000 0.0127
969.7000 0.0127
972.4000 0.0128
973.4000 0.0128
973.7000 0.0128
976.1000 0.0129
977.0000 0.0129
977.0000 0.0130
981.6000 0.0130
984.8000 0.0130
987.7000 0.0131
991.7000 0.0131
996.5000 0.0131
998.7000 0.0132
999.1000 0.0132
1000.0000 0.0132
1000.5000 0.0133
1004.9000 0.0133
1005.6000 0.0133
1007.9000 0.0134
1009.3000 0.0134
1010.3000 0.0134
1011.5000 0.0135
1011.8000 0.0135
1015.7000 0.0135
1018.4000 0.0136
1018.9000 0.0136
1019.6000 0.0136
1022.1000 0.0137
1022.5000 0.0137
1024.8000 0.0138
1028.0000 0.0138
1030.0000 0.0138
1032.5000 0.0139
1036.4000 0.0139
1036.7000 0.0139
1037.1000 0.0140
1040.3000 0.0140
1042.7000 0.0140
1043.0000 0.0141
1044.1000 0.0141
1046.8000 0.0141
1047.6000 0.0142
1049.4000 0.0142
1051.9000 0.0142
1051.9000 0.0143
1052.9000 0.0143
1055.4000 0.0143
1056.1000 0.0144
1057.1000 0.0144
1058.3000 0.0144
1061.8000 0.0145
1062.0000 0.0145
1066.5000 0.0145
1068.1000 0.0146
1072.8000 0.0146
1075.2000 0.0147
1075.2000 0.0147
1075.4000 0.0147
1075.7000 0.0148
1078.8000 0.0148
1079.6000 0.0148
1080.0000 0.0149
1080.5000 0.0149
1080.9000 0.0149
1081.7000 0.0150
1088.7000 0.0150
1092.1000 0.0150
1093.0000 0.0151
1093.4000 0.0151
1093.6000 0.0151
1094.9000 0.0152
1095.5000 0.0152
1095.5000 0.0152
1097.7000 0.0153
1100.5000 0.0153
1102.3000 0.0153
1104.2000 0.0154
1110.9000 0.0154
1111.5000 0.0155
1112.7000 0.0155
1114.2000 0.0155
1114.3000 0.0156
1114.7000 0.0156
1115.4000 0.0156
1117.0000 0.0157
1119.4000 0.0157
1127.1000 0.0157
1130.7000 0.0158
1131.4000 0.0158
1132.2000 0.0158
1132.6000 0.0159
1134.0000 0.0159
1134.8000 0.0159
1136.9000 0.0160
1139.2000 0.0160
1140.1000 0.0160
1143.0000 0.0161
1145.6000 0.0161
1148.0000 0.0161
1148.2000 0.0162
1153.0000 0.0162
1153.4000 0.0163
1160.6000 0.0163
1160.6000 0.0163
1160.8000 0.0164
1161.8000 0.0164
1162.7000 0.0164
1163.1000 0.0165
1165.0000 0.0165
1165.0000 0.0165
1167.4000 0.0166
1167.7000 0.0166
1168.7000 0.0166
1171.0000 0.0167
1172.5000 0.0167
1172.6000 0.0167
1173.7000 0.0168
1174.1000 0.0168
1175.1000 0.0168
1176.2000 0.0169
1181.2000 0.0169
1182.6000 0.0169
1184.4000 0.0170
1186.3000 0.0170
1186.6000 0.0170
1186.8000 0.0171
1189.8000 0.0171
1190.8000 0.0172
1192.4000 0.0172
1193.3000 0.0172
1193.5000 0.0173
1193.6000 0.0173
1196.0000 0.0173
1196.4000 0.0174
1198.3000 0.0174
1200.6000 0.0174
1203.7000 0.0175
1204.1000 0.0175
1210.9000 0.0175
1212.6000 0.0176
1214.4000 0.0176
1215.7000 0.0176
1217.9000 0.0177
1219.6000 0.0177
1220.3000 0.0177
1220.9000 0.0178
1222.0000 0.0178
1226.5000 0.0178
1230.0000 0.0179
1231.5000 0.0179
1231.8000 0.0180
1232.2000 0.0180
1232.5000 0.0180
1233.8000 0.0181
1235.3000 0.0181
1236.0000 0.0181
1236.7000 0.0182
1237.0000 0.0182
1238.5000 0.0182
1240.2000 0.0183
1241.3000 0.0183
1250.8000 0.0183
1252.1000 0.0184
1252.3000 0.0184
1256.5000 0.0184
1260.0000 0.0185
1260.1000 0.0185
1264.6000 0.0185
1265.3000 0.0186
1267.1000 0.0186
1269.0000 0.0186
1270.2000 0.0187
1270.5000 0.0187
1270.9000 0.0187
1273.5000 0.0188
1273.7000 0.0188
1273.9000 0.0189
1274.8000 0.0189
1274.9000 0.0189
1275.3000 0.0190
1276.0000 0.0190
1277.2000 0.0190
1277.7000 0.0191
1277.8000 0.0191
1280.6000 0.0191
1282.0000 0.0192
1282.4000 0.0192
1283.4000 0.0192
1286.1000 0.0193
1286.4000 0.0193
1287.6000 0.0193
1291.0000 0.0194
1291.0000 0.0194
1292.1000 0.0194
1292.6000 0.0195
1293.7000 0.0195
1294.5000 0.0195
1296.5000 0.0196
1300.9000 0.0196
1302.6000 0.0197
1305.1000 0.0197
1306.4000 0.0197
1309.6000 0.0198
1310.0000 0.0198
1312.6000 0.0198
1312.9000 0.0199
1313.5000 0.0199
1314.7000 0.0199
1315.3000 0.0200
1317.7000 0.0200
1321.9000 0.0200
1322.2000 0.0201
1323.1000 0.0201
1327.1000 0.0201
1328.9000 0.0202
1329.6000 0.0202
1331.2000 0.0202
1332.8000 0.0203
1333.0000 0.0203
1336.1000 0.0203
1340.4000 0.0204
1340.4000 0.0204
1343.8000 0.0205
1344.1000 0.0205
1344.6000 0.0205
1345.0000 0.0206
1345.4000 0.0206
1347.9000 0.0206
1350.1000 0.0207
1351.2000 0.0207
1352.2000 0.0207
1356.4000 0.0208
1356.7000 0.0208
1358.2000 0.0208
1359.0000 0.0209
1360.7000 0.0209
1361.0000 0.0209
1365.3000 0.0210
1366.0000 0.0210
1366.2000 0.0210
1366.6000 0.0211
1366.9000 0.0211
1369.2000 0.0211
1370.3000 0.0212
1372.1000 0.0212
1377.6000 0.0212
1378.0000 0.0213
1378.1000 0.0213
1381.3000 0.0214
1382.1000 0.0214
1382.9000 0.0214
1383.4000 0.0215
1384.8000 0.0215
1384.8000 0.0215
1385.1000 0.0216
1385.6000 0.0216
1386.8000 0.0216
1388.0000 0.0217
1392.4000 0.0217
1396.6000 0.0217
1397.5000 0.0218
1400.7000 0.0218
1405.0000 0.0218
1405.4000 0.0219
1408.6000 0.0219
1408.8000 0.0219
1409.1000 0.0220
1409.6000 0.0220
1409.9000 0.0220
1412.3000 0.0221
1412.9000 0.0221
1413.1000 0.0222
1413.5000 0.0222
1414.0000 0.0222
1414.4000 0.0223
1414.5000 0.0223
1418.4000 0.0223
1419.6000 0.0224
1422.6000 0.0224
1426.0000 0.0224
1426.3000 0.0225
1426.9000 0.0225
1429.4000 0.0225
1431.5000 0.0226
1434.9000 0.0226
1435.0000 0.0226
1436.0000 0.0227
1439.7000 0.0227
1441.5000 0.0227
1443.1000 0.0228
1446.5000 0.0228
1448.3000 0.0228
1450.1000 0.0229
1451.2000 0.0229
1455.3000 0.0230
1457.3000 0.0230
1458.9000 0.0230
1459.7000 0.0231
1460.0000 0.0231
1462.4000 0.0231
1464.4000 0.0232
1464.7000 0.0232
1464.9000 0.0232
1465.5000 0.0233
1465.9000 0.0233
1466.3000 0.0233
1466.9000 0.0234
1470.0000 0.0234
1478.1000 0.0234
1486.9000 0.0235
1488.0000 0.0235
1488.5000 0.0235
1490.1000 0.0236
1490.9000 0.0236
1490.9000 0.0236
1491.2000 0.0237
1491.7000 0.0237
1492.5000 0.0237
1495.4000 0.0238
1495.9000 0.0238
1497.9000 0.0239
1502.0000 0.0239
1504.4000 0.0239
1505.4000 0.0240
1505.7000 0.0240
1507.6000 0.0240
1507.8000 0.0241
1513.2000 0.0241
1514.7000 0.0241
1514.7000 0.0242
1515.5000 0.0242
1517.4000 0.0242
1520.1000 0.0243
1523.3000 0.0243
1523.3000 0.0243
1523.7000 0.0244
1524.3000 0.0244
1526.5000 0.0244
1527.5000 0.0245
1528.2000 0.0245
1531.1000 0.0245
1532.5000 0.0246
1532.8000 0.0246
1533.1000 0.0247
1533.4000 0.0247
1533.6000 0.0247
1534.9000 0.0248
1535.6000 0.0248
1536.7000 0.0248
1538.7000 0.0249
1539.1000 0.0249
1539.5000 0.0249
1539.7000 0.0250
1541.4000 0.0250
1548.5000 0.0250
1549.6000 0.0251
1549.6000 0.0251
1550.3000 0.0251
1550.6000 0.0252
1554.5000 0.0252
1556.0000 0.0252
1558.4000 0.0253
1558.4000 0.0253
1560.5000 0.0253
1562.0000 0.0254
1563.9000 0.0254
1569.5000 0.0255
1570.5000 0.0255
1571.3000 0.0255
1572.3000 0.0256
1572.5000 0.0256
1573.3000 0.0256
1574.5000 0.0257
1576.4000 0.0257
1577.7000 0.0257
1582.4000 0.0258
1582.6000 0.0258
1587.1000 0.0258
1587.7000 0.0259
1588.3000 0.0259
1589.2000 0.0259
1598.3000 0.0260
1603.0000 0.0260
1605.4000 0.0260
1607.3000 0.0261
1608.3000 0.0261
1608.7000 0.0261
1609.3000 0.0262
1609.9000 0.0262
1609.9000 0.0262
1611.9000 0.0263
1612.0000 0.0263
1612.7000 0.0264
1615.4000 0.0264
1617.3000 0.0264
1621.7000 0.0265
1625.5000 0.0265
1626.2000 0.0265
1626.7000 0.0266
1628.0000 0.0266
1628.0000 0.0266
1629.7000 0.0267
1634.7000 0.0267
1635.8000 0.0267
1637.1000 0.0268
1639.0000 0.0268
1640.4000 0.0268
1640.9000 0.0269
1641.8000 0.0269
1642.1000 0.0269
1642.3000 0.0270
1643.0000 0.0270
1644.5000 0.0270
1644.7000 0.0271
1646.5000 0.0271
1647.9000 0.0272
1648.1000 0.0272
1650.8000 0.0272
1655.4000 0.0273
1655.9000 0.0273
1657.1000 0.0273
1657.7000 0.0274
1664.6000 0.0274
1671.5000 0.0274
1672.0000 0.0275
1672.2000 0.0275
1674.9000 0.0275
1676.6000 0.0276
1677.0000 0.0276
1682.5000 0.0276
1683.6000 0.0277
1685.7000 0.0277
1688.9000 0.0277
1689.0000 0.0278
1689.7000 0.0278
1690.5000 0.0278
1691.5000 0.0279
1693.4000 0.0279
1694.5000 0.0280
1694.8000 0.0280
1699.4000 0.0280
1702.7000 0.0281
1703.1000 0.0281
1703.1000 0.0281
1703.8000 0.0282
1706.9000 0.0282
1709.1000 0.0282
1712.4000 0.0283
1713.8000 0.0283
1715.9000 0.0283
1715.9000 0.0284
1716.3000 0.0284
1718.6000 0.0284
1722.3000 0.0285
1723.4000 0.0285
1724.9000 0.0285
1725.3000 0.0286
1726.9000 0.0286
1730.1000 0.0286
1731.2000 0.0287
1733.8000 0.0287
1734.9000 0.0287
1737.4000 0.0288
1740.2000 0.0288
1740.8000 0.0289
1741.0000 0.0289
1744.3000 0.0289
1745.2000 0.0290
1747.8000 0.0290
1750.0000 0.0290
1750.4000 0.0291
1754.1000 0.0291
1762.8000 0.0291
1765.2000 0.0292
1765.2000 0.0292
1765.3000 0.0292
1766.0000 0.0293
1766.7000 0.0293
1767.4000 0.0293
1769.2000 0.0294
1770.7000 0.0294
1773.1000 0.0294
1773.6000 0.0295
1774.4000 0.0295
1777.3000 0.0295
1778.3000 0.0296
1778.4000 0.0296
1778.9000 0.0297
1781.1000 0.0297
1781.4000 0.0297
1781.9000 0.0298
1783.2000 0.0298
1790.8000 0.0298
1790.9000 0.0299
1801.6000 0.0299
1802.1000 0.0299
1804.4000 0.0300
1806.9000 0.0300
1807.3000 0.0300
1807.4000 0.0301
1808.1000 0.0301
1808.7000 0.0301
1819.1000 0.0302
1819.1000 0.0302
1823.3000 0.0302
1823.9000 0.0303
1824.5000 0.0303
1826.5000 0.0303
1826.8000 0.0304
1829.9000 0.0304
1834.1000 0.0305
1835.1000 0.0305
1836.1000 0.0305
1836.5000 0.0306
1838.7000 0.0306
1839.3000 0.0306
1840.0000 0.0307
1840.5000 0.0307
1845.4000 0.0307
1851.3000 0.0308
1852.2000 0.0308
1856.0000 0.0308
1856.0000 0.0309
1859.1000 0.0309
1860.0000 0.0309
1860.9000 0.0310
1862.2000 0.0310
1869.8000 0.0310
1872.9000 0.0311
1874.1000 0.0311
1875.5000 0.0311
1879.1000 0.0312
1880.7000 0.0312
1881.3000 0.0312
1881.5000 0.0313
1882.1000 0.0313
1883.8000 0.0314
1884.6000 0.0314
1887.1000 0.0314
1888.4000 0.0315
1888.8000 0.0315
1892.1000 0.0315
1892.8000 0.0316
1893.7000 0.0316
1896.2000 0.0316
1899.4000 0.0317
1899.7000 0.0317
1904.9000 0.0317
1908.8000 0.0318
1915.4000 0.0318
1921.7000 0.0318
1922.2000 0.0319
1922.7000 0.0319
1924.3000 0.0319
1924.4000 0.0320
1925.2000 0.0320
1925.4000 0.0320
1925.6000 0.0321
1926.8000 0.0321
1930.1000 0.0322
1934.1000 0.0322
1934.4000 0.0322
1943.4000 0.0323
1948.6000 0.0323
1952.1000 0.0323
1962.6000 0.0324
1964.6000 0.0324
1967.0000 0.0324
1968.5000 0.0325
1969.9000 0.0325
1973.6000 0.0325
1977.1000 0.0326
1981.0000 0.0326
1981.5000 0.0326
1981.6000 0.0327
1982.8000 0.0327
1983.1000 0.0327
1983.8000 0.0328
1984.4000 0.0328
1985.2000 0.0328
1985.8000 0.0329
1986.9000 0.0329
1987.4000 0.0330
1990.6000 0.0330
1990.7000 0.0330
1993.5000 0.0331
1994.4000 0.0331
1995.4000 0.0331
1999.4000 0.0332
2008.6000 0.0332
2011.2000 0.0332
2015.6000 0.0333
2018.1000 0.0333
2018.3000 0.0333
2018.7000 0.0334
2021.8000 0.0334
2023.0000 0.0334
2024.9000 0.0335
2028.0000 0.0335
2039.1000 0.0335
2043.1000 0.0336
2043.7000 0.0336
2044.3000 0.0336
2048.5000 0.0337
2052.3000 0.0337
2053.1000 0.0337
2055.7000 0.0338
2056.7000 0.0338
2059.3000 0.0339
2060.1000 0.0339
2063.6000 0.0339
2063.6000 0.0340
2063.7000 0.0340
2069.0000 0.0340
2072.0000 0.0341
2074.2000 0.0341
2076.3000 0.0341
2077.0000 0.0342
2078.0000 0.0342
2079.8000 0.0342
2083.2000 0.0343
2084.9000 0.0343
2085.4000 0.0343
2087.0000 0.0344
2093.5000 0.0344
2093.8000 0.0344
2094.3000 0.0345
2094.7000 0.0345
2095.0000 0.0345
2096.8000 0.0346
2100.3000 0.0346
2102.6000 0.0347
2103.5000 0.0347
2104.1000 0.0347
2105.8000 0.0348
2106.4000 0.0348
2106.5000 0.0348
2106.7000 0.0349
2106.9000 0.0349
2108.0000 0.0349
2110.0000 0.0350
2111.3000 0.0350
2112.2000 0.0350
2113.4000 0.0351
2114.5000 0.0351
2120.0000 0.0351
2125.7000 0.0352
2128.1000 0.0352
2128.2000 0.0352
2129.4000 0.0353
2129.7000 0.0353
2130.8000 0.0353
2138.2000 0.0354
2138.3000 0.0354
2138.3000 0.0355
2139.8000 0.0355
2140.1000 0.0355
2140.8000 0.0356
2140.9000 0.0356
2144.1000 0.0356
2144.5000 0.0357
2146.4000 0.0357
2147.2000 0.0357
2150.6000 0.0358
2154.0000 0.0358
2156.3000 0.0358
2158.8000 0.0359
2159.8000 0.0359
2162.9000 0.0359
2162.9000 0.0360
2163.7000 0.0360
2167.0000 0.0360
2167.6000 0.0361
2168.0000 0.0361
2168.2000 0.0361
2170.8000 0.0362
2171.2000 0.0362
2178.9000 0.0362
2184.8000 0.0363
2185.3000 0.0363
2188.9000 0.0364
2189.4000 0.0364
2190.5000 0.0364
2199.0000 0.0365
2202.4000 0.0365
2207.2000 0.0365
2209.0000 0.0366
2209.5000 0.0366
2213.0000 0.0366
2213.4000 0.0367
2214.0000 0.0367
2214.9000 0.0367
2223.7000 0.0368
2227.2000 0.0368
2228.0000 0.0368
2228.7000 0.0369
2230.1000 0.0369
2232.7000 0.0369
2233.0000 0.0370
2233.0000 0.0370
2239.8000 0.0370
2241.8000 0.0371
2244.2000 0.0371
2250.0000 0.0372
2251.7000 0.0372
2253.9000 0.0372
2254.4000 0.0373
2256.4000 0.0373
2257.9000 0.0373
2258.5000 0.0374
2258.6000 0.0374
2258.8000 0.0374
2264.9000 0.0375
2267.1000 0.0375
2268.5000 0.0375
2268.9000 0.0376
2272.9000 0.0376
2273.3000 0.0376
2278.4000 0.0377
2280.0000 0.0377
2280.9000 0.0377
2281.0000 0.0378
2292.9000 0.0378
2294.7000 0.0378
2296.0000 0.0379
2298.0000 0.0379
2300.3000 0.0380
2300.7000 0.0380
2301.0000 0.0380
2302.0000 0.0381
2302.6000 0.0381
2303.6000 0.0381
2303.6000 0.0382
2305.4000 0.0382
2308.1000 0.0382
2308.3000 0.0383
2308.8000 0.0383
2312.5000 0.0383
2313.6000 0.0384
2314.7000 0.0384
2316.9000 0.0384
2319.0000 0.0385
2319.6000 0.0385
2323.7000 0.0385
2331.3000 0.0386
2332.3000 0.0386
2333.1000 0.0386
2335.1000 0.0387
2340.9000 0.0387
2341.5000 0.0387
2342.0000 0.0388
2343.1000 0.0388
2344.0000 0.0389
2344.2000 0.0389
2345.5000 0.0389
2346.1000 0.0390
2347.1000 0.0390
2348.3000 0.0390
2348.7000 0.0391
2349.5000 0.0391
2349.6000 0.0391
2350.3000 0.0392
2350.7000 0.0392
2350.7000 0.0392
2352.0000 0.0393
2359.6000 0.0393
2359.9000 0.0393
2365.9000 0.0394
2369.5000 0.0394
2370.7000 0.0394
2374.3000 0.0395
2375.9000 0.0395
2378.5000 0.0395
2380.1000 0.0396
2380.1000 0.0396
2382.7000 0.0397
2388.1000 0.0397
2388.5000 0.0397
2389.1000 0.0398
2389.2000 0.0398
2389.3000 0.0398
2389.5000 0.0399
2393.5000 0.0399
2394.1000 0.0399
2394.6000 0.0400
2395.1000 0.0400
2396.1000 0.0400
2398.0000 0.0401
2401.9000 0.0401
2407.4000 0.0401
2407.7000 0.0402
2410.3000 0.0402
2410.6000 0.0402
2410.9000 0.0403
2411.8000 0.0403
2414.0000 0.0403
2414.5000 0.0404
2415.1000 0.0404
2415.5000 0.0405
2416.6000 0.0405
2419.7000 0.0405
2425.8000 0.0406
2426.5000 0.0406
2428.5000 0.0406
2429.0000 0.0407
2429.5000 0.0407
2429.7000 0.0407
2446.3000 0.0408
2446.8000 0.0408
2447.3000 0.0408
2448.4000 0.0409
2448.7000 0.0409
2449.9000 0.0409
2450.9000 0.0410
2451.5000 0.0410
2455.3000 0.0410
2457.0000 0.0411
2458.2000 0.0411
2465.8000 0.0411
2466.6000 0.0412
2467.4000 0.0412
2467.7000 0.0412
2470.0000 0.0413
2476.5000 0.0413
2477.3000 0.0414
2479.8000 0.0414
2481.0000 0.0414
2483.1000 0.0415
2483.7000 0.0415
2484.4000 0.0415
2484.7000 0.0416
2487.1000 0.0416
2487.6000 0.0416
2490.1000 0.0417
2492.4000 0.0417
2500.7000 0.0417
2500.8000 0.0418
2500.9000 0.0418
2503.5000 0.0418
2506.7000 0.0419
2506.9000 0.0419
2507.1000 0.0419
2509.6000 0.0420
2513.4000 0.0420
2516.1000 0.0420
2521.0000 0.0421
2521.0000 0.0421
2521.4000 0.0422
2523.4000 0.0422
2525.0000 0.0422
2526.2000 0.0423
2527.1000 0.0423
2527.2000 0.0423
2527.7000 0.0424
2530.0000 0.0424
2533.1000 0.0424
2536.5000 0.0425
2537.6000 0.0425
2538.4000 0.0425
2538.5000 0.0426
2541.2000 0.0426
2542.8000 0.0426
2543.4000 0.0427
2544.6000 0.0427
2545.0000 0.0427
2546.9000 0.0428
2550.2000 0.0428
2555.5000 0.0428
2556.7000 0.0429
2559.0000 0.0429
2561.8000 0.0430
2562.0000 0.0430
2564.7000 0.0430
2565.8000 0.0431
2570.5000 0.0431
2573.0000 0.0431
2578.3000 0.0432
2578.5000 0.0432
2581.8000 0.0432
2583.5000 0.0433
2584.9000 0.0433
2586.2000 0.0433
2586.7000 0.0434
2590.1000 0.0434
2592.7000 0.0434
2593.5000 0.0435
2594.5000 0.0435
2597.6000 0.0435
2600.8000 0.0436
2601.1000 0.0436
2606.8000 0.0436
2609.4000 0.0437
2610.2000 0.0437
2612.7000 0.0437
2614.0000 0.0438
2615.6000 0.0438
2620.7000 0.0439
2621.6000 0.0439
2625.3000 0.0439
2627.1000 0.0440
2633.0000 0.0440
2633.1000 0.0440
2634.0000 0.0441
2636.9000 0.0441
2639.6000 0.0441
2640.4000 0.0442
2641.7000 0.0442
2644.2000 0.0442
2648.9000 0.0443
2651.8000 0.0443
2651.9000 0.0443
2652.1000 0.0444
2652.3000 0.0444
2652.9000 0.0444
2653.2000 0.0445
2654.9000 0.0445
2657.3000 0.0445
2659.0000 0.0446
2659.4000 0.0446
2659.5000 0.0447
2659.6000 0.0447
2661.0000 0.0447
2663.2000 0.0448
2665.6000 0.0448
2666.5000 0.0448
2669.6000 0.0449
2670.0000 0.0449
2672.6000 0.0449
2673.8000 0.0450
2680.0000 0.0450
2689.8000 0.0450
2694.2000 0.0451
2699.3000 0.0451
2700.8000 0.0451
2706.3000 0.0452
2708.1000 0.0452
2709.7000 0.0452
2710.3000 0.0453
2715.0000 0.0453
2719.0000 0.0453
2719.1000 0.0454
2719.6000 0.0454
2723.3000 0.0455
2725.2000 0.0455
2726.4000 0.0455
2729.0000 0.0456
2729.5000 0.0456
2730.0000 0.0456
2733.7000 0.0457
2734.6000 0.0457
2742.1000 0.0457
2745.5000 0.0458
2747.0000 0.0458
2749.9000 0.0458
2750.0000 0.0459
2750.6000 0.0459
2754.2000 0.0459
2755.7000 0.0460
2756.3000 0.0460
2758.0000 0.0460
2758.4000 0.0461
2761.6000 0.0461
2762.7000 0.0461
2765.1000 0.0462
2767.3000 0.0462
2771.8000 0.0462
2775.6000 0.0463
2776.6000 0.0463
2779.5000 0.0464
2779.6000 0.0464
2780.7000 0.0464
2784.0000 0.0465
2785.5000 0.0465
2787.0000 0.0465
2789.2000 0.0466
2789.5000 0.0466
2792.9000 0.0466
2793.0000 0.0467
2804.1000 0.0467
2808.1000 0.0467
2808.8000 0.0468
2808.9000 0.0468
2815.3000 0.0468
2816.5000 0.0469
2818.2000 0.0469
2827.2000 0.0469
2829.0000 0.0470
2838.4000 0.0470
2843.2000 0.0470
2846.4000 0.0471
2849.7000 0.0471
2850.9000 0.0472
2851.6000 0.0472
2852.9000 0.0472
2854.9000 0.0473
2858.8000 0.0473
2862.7000 0.0473
2862.7000 0.0474
2863.3000 0.0474
2864.8000 0.0474
2870.5000 0.0475
2873.9000 0.0475
2878.6000 0.0475
2883.5000 0.0476
2887.6000 0.0476
2893.6000 0.0476
2894.0000 0.0477
2899.4000 0.0477
2901.0000 0.0477
2901.6000 0.0478
2902.4000 0.0478
2902.9000 0.0478
2903.1000 0.0479
2904.5000 0.0479
2906.9000 0.0480
2908.3000 0.0480
2908.4000 0.0480
2909.1000 0.0481
2914.1000 0.0481
2915.9000 0.0481
2917.4000 0.0482
2919.4000 0.0482
2919.9000 0.0482
2920.0000 0.0483
2920.3000 0.0483
2921.1000 0.0483
2924.1000 0.0484
2924.3000 0.0484
2925.9000 0.0484
2930.9000 0.0485
2931.9000 0.0485
2932.0000 0.0485
2933.6000 0.0486
2934.4000 0.0486
2934.7000 0.0486
2939.5000 0.0487
2945.2000 0.0487
2946.8000 0.0487
2947.4000 0.0488
2948.6000 0.0488
2949.7000 0.0489
2956.3000 0.0489
2956.7000 0.0489
2958.2000 0.0490
2960.7000 0.0490
2962.5000 0.0490
2964.2000 0.0491
2964.5000 0.0491
2966.6000 0.0491
2967.6000 0.0492
2969.0000 0.0492
2972.1000 0.0492
2974.6000 0.0493
2977.3000 0.0493
2977.5000 0.0493
2981.9000 0.0494
2983.6000 0.0494
2993.9000 0.0494
2997.3000 0.0495
2998.4000 0.0495
3002.1000 0.0495
3003.6000 0.0496
3006.0000 0.0496
3007.7000 0.0497
3012.7000 0.0497
3014.6000 0.0497
3015.5000 0.0498
3017.7000 0.0498
3018.9000 0.0498
3018.9000 0.0499
3022.1000 0.0499
3022.6000 0.0499
3024.3000 0.0500
3028.6000 0.0500
3031.6000 0.0500
3035.4000 0.0501
3035.6000 0.0501
3040.1000 0.0501
3040.2000 0.0502
3041.6000 0.0502
3041.7000 0.0502
3044.8000 0.0503
3045.3000 0.0503
3055.7000 0.0503
3058.8000 0.0504
3059.4000 0.0504
3063.9000 0.0505
3065.1000 0.0505
3067.1000 0.0505
3067.4000 0.0506
3067.9000 0.0506
3070.7000 0.0506
3071.4000 0.0507
3072.0000 0.0507
3076.5000 0.0507
3077.9000 0.0508
3078.5000 0.0508
3078.5000 0.0508
3079.4000 0.0509
3085.6000 0.0509
3085.8000 0.0509
3086.2000 0.0510
3091.1000 0.0510
3092.0000 0.0510
3092.1000 0.0511
3095.0000 0.0511
3100.0000 0.0511
3102.2000 0.0512
3102.6000 0.0512
3103.2000 0.0512
3107.1000 0.0513
3108.8000 0.0513
3113.4000 0.0514
3116.7000 0.0514
3118.7000 0.0514
3118.9000 0.0515
3120.0000 0.0515
3123.0000 0.0515
3123.0000 0.0516
3123.6000 0.0516
3130.8000 0.0516
3133.6000 0.0517
3139.2000 0.0517
3143.5000 0.0517
3147.5000 0.0518
3149.1000 0.0518
3151.8000 0.0518
3152.7000 0.0519
3153.9000 0.0519
3157.8000 0.0519
3158.5000 0.0520
3159.5000 0.0520
3160.9000 0.0520
3162.6000 0.0521
3162.6000 0.0521
3162.8000 0.0522
3165.2000 0.0522
3165.5000 0.0522
3169.8000 0.0523
3173.5000 0.0523
3176.1000 0.0523
3181.4000 0.0524
3181.4000 0.0524
3184.0000 0.0524
3188.4000 0.0525
3190.5000 0.0525
3193.9000 0.0525
3196.9000 0.0526
3201.7000 0.0526
3203.7000 0.0526
3206.3000 0.0527
3206.9000 0.0527
3207.0000 0.0527
3207.4000 0.0528
3210.2000 0.0528
3210.3000 0.0528
3211.7000 0.0529
3215.9000 0.0529
3218.8000 0.0530
3218.8000 0.0530
3220.1000 0.0530
3222.3000 0.0531
3222.9000 0.0531
3224.2000 0.0531
3228.5000 0.0532
3229.7000 0.0532
3237.4000 0.0532
3239.6000 0.0533
3241.8000 0.0533
3242.6000 0.0533
3244.7000 0.0534
3247.7000 0.0534
3260.2000 0.0534
3260.8000 0.0535
3264.6000 0.0535
3265.0000 0.0535
3284.0000 0.0536
3288.1000 0.0536
3290.0000 0.0536
3291.4000 0.0537
3301.7000 0.0537
3302.0000 0.0537
3302.4000 0.0538
3302.9000 0.0538
3305.7000 0.0539
3307.8000 0.0539
3311.1000 0.0539
3311.4000 0.0540
3313.2000 0.0540
3313.7000 0.0540
3314.0000 0.0541
3315.3000 0.0541
3316.0000 0.0541
3317.1000 0.0542
3318.1000 0.0542
3324.5000 0.0542
3327.0000 0.0543
3328.8000 0.0543
3330.1000 0.0543
3330.9000 0.0544
3331.0000 0.0544
3339.9000 0.0544
3341.6000 0.0545
3345.5000 0.0545
3345.6000 0.0545
3347.5000 0.0546
3348.0000 0.0546
3348.6000 0.0547
3349.9000 0.0547
3351.1000 0.0547
3355.1000 0.0548
3355.4000 0.0548
3359.0000 0.0548
3359.0000 0.0549
3360.5000 0.0549
3362.2000 0.0549
3363.3000 0.0550
3363.4000 0.0550
3363.9000 0.0550
3367.9000 0.0551
3373.0000 0.0551
3373.3000 0.0551
3375.2000 0.0552
3379.5000 0.0552
3379.6000 0.0552
3382.1000 0.0553
3384.6000 0.0553
3392.4000 0.0553
3395.8000 0.0554
3396.2000 0.0554
3399.8000 0.0555
3404.5000 0.0555
3407.8000 0.0555
3408.0000 0.0556
3413.3000 0.0556
3416.6000 0.0556
3420.4000 0.0557
3431.5000 0.0557
3443.1000 0.0557
3445.3000 0.0558
3450.5000 0.0558
3453.4000 0.0558
3456.7000 0.0559
3457.7000 0.0559
3458.7000 0.0559
3466.4000 0.0560
3469.3000 0.0560
3477.9000 0.0560
3480.4000 0.0561
3480.8000 0.0561
3484.7000 0.0561
3489.1000 0.0562
3492.0000 0.0562
3493.3000 0.0562
3497.7000 0.0563
3498.7000 0.0563
3505.9000 0.0564
3507.9000 0.0564
3515.6000 0.0564
3520.4000 0.0565
3523.0000 0.0565
3524.5000 0.0565
3532.8000 0.0566
3536.4000 0.0566
3543.8000 0.0566
3547.6000 0.0567
3548.8000 0.0567
3550.1000 0.0567
3550.4000 0.0568
3553.5000 0.0568
3563.0000 0.0568
3567.4000 0.0569
3567.4000 0.0569
3572.0000 0.0569
3573.8000 0.0570
3576.4000 0.0570
3584.1000 0.0570
3590.0000 0.0571
3603.0000 0.0571
3603.9000 0.0572
3604.2000 0.0572
3607.1000 0.0572
3607.8000 0.0573
3609.0000 0.0573
3609.1000 0.0573
3610.4000 0.0574
3610.7000 0.0574
3612.4000 0.0574
3613.9000 0.0575
3619.2000 0.0575
3619.5000 0.0575
3622.1000 0.0576
3623.0000 0.0576
3624.2000 0.0576
3625.0000 0.0577
3629.3000 0.0577
3638.2000 0.0577
3641.5000 0.0578
3647.6000 0.0578
3649.7000 0.0578
3651.0000 0.0579
3651.9000 0.0579
3652.0000 0.0580
3652.1000 0.0580
3652.4000 0.0580
3655.4000 0.0581
3656.3000 0.0581
3657.4000 0.0581
3663.0000 0.0582
3665.2000 0.0582
3666.5000 0.0582
3666.6000 0.0583
3666.6000 0.0583
3670.6000 0.0583
3670.8000 0.0584
3671.6000 0.0584
3677.4000 0.0584
3686.3000 0.0585
3688.1000 0.0585
3689.1000 0.0585
3693.0000 0.0586
3694.0000 0.0586
3700.9000 0.0586
3704.1000 0.0587
3704.3000 0.0587
3709.0000 0.0587
3709.9000 0.0588
3713.4000 0.0588
3714.7000 0.0589
3715.4000 0.0589
3715.5000 0.0589
3716.8000 0.0590
3719.1000 0.0590
3724.5000 0.0590
3725.1000 0.0591
3728.4000 0.0591
3729.2000 0.0591
3730.6000 0.0592
3731.1000 0.0592
3732.6000 0.0592
3743.6000 0.0593
3745.0000 0.0593
3745.2000 0.0593
3747.4000 0.0594
3747.5000 0.0594
3748.8000 0.0594
3749.8000 0.0595
3752.3000 0.0595
3755.7000 0.0595
3756.9000 0.0596
3757.7000 0.0596
3760.6000 0.0597
3761.3000 0.0597
3762.6000 0.0597
3765.7000 0.0598
3772.6000 0.0598
3773.8000 0.0598
3780.1000 0.0599
3780.7000 0.0599
3783.9000 0.0599
3786.4000 0.0600
3787.3000 0.0600
3789.0000 0.0600
3792.0000 0.0601
3792.5000 0.0601
3795.9000 0.0601
3805.5000 0.0602
3807.2000 0.0602
3809.8000 0.0602
3810.9000 0.0603
3819.2000 0.0603
3819.3000 0.0603
3821.4000 0.0604
3822.8000 0.0604
3824.6000 0.0605
3829.1000 0.0605
3830.3000 0.0605
3831.0000 0.0606
3833.8000 0.0606
3834.5000 0.0606
3841.7000 0.0607
3847.5000 0.0607
3849.2000 0.0607
3857.4000 0.0608
3862.6000 0.0608
3864.9000 0.0608
3868.4000 0.0609
3868.4000 0.0609
3874.1000 0.0609
3875.0000 0.0610
3885.1000 0.0610
3889.6000 0.0610
3890.0000 0.0611
3890.0000 0.0611
3891.1000 0.0611
3911.0000 0.0612
3911.2000 0.0612
3912.5000 0.0612
3919.8000 0.0613
3923.8000 0.0613
3929.5000 0.0614
3930.5000 0.0614
3937.9000 0.0614
3940.3000 0.0615
3947.6000 0.0615
3956.0000 0.0615
3957.5000 0.0616
3959.4000 0.0616
3964.0000 0.0616
3965.2000 0.0617
3965.8000 0.0617
3978.3000 0.0617
3984.0000 0.0618
3989.6000 0.0618
3994.8000 0.0618
3996.8000 0.0619
3997.0000 0.0619
4001.1000 0.0619
4001.2000 0.0620
4003.4000 0.0620
4005.0000 0.0620
4008.9000 0.0621
4010.7000 0.0621
4012.8000 0.0622
4013.0000 0.0622
4013.8000 0.0622
4013.8000 0.0623
4018.3000 0.0623
4019.2000 0.0623
4023.8000 0.0624
4025.3000 0.0624
4028.2000 0.0624
4028.6000 0.0625
4029.2000 0.0625
4031.2000 0.0625
4032.3000 0.0626
4032.5000 0.0626
4035.3000 0.0626
4035.4000 0.0627
4039.0000 0.0627
4047.2000 0.0627
4049.9000 0.0628
4054.5000 0.0628
4066.0000 0.0628
4066.6000 0.0629
4072.9000 0.0629
4090.0000 0.0630
4097.0000 0.0630
4101.1000 0.0630
4102.9000 0.0631
4106.5000 0.0631
4107.2000 0.0631
4107.6000 0.0632
4116.8000 0.0632
4119.2000 0.0632
4121.6000 0.0633
4121.7000 0.0633
4121.8000 0.0633
4122.8000 0.0634
4123.9000 0.0634
4135.6000 0.0634
4136.2000 0.0635
4141.7000 0.0635
4142.0000 0.0635
4144.4000 0.0636
4147.3000 0.0636
4147.7000 0.0636
4156.2000 0.0637
4159.4000 0.0637
4163.6000 0.0637
4164.0000 0.0638
4165.9000 0.0638
4166.2000 0.0639
4166.4000 0.0639
4167.5000 0.0639
4168.7000 0.0640
4173.8000 0.0640
4179.5000 0.0640
4179.8000 0.0641
4180.9000 0.0641
4182.7000 0.0641
4183.0000 0.0642
4193.3000 0.0642
4194.8000 0.0642
4201.5000 0.0643
4209.4000 0.0643
4209.9000 0.0643
4211.5000 0.0644
4214.2000 0.0644
4214.9000 0.0644
4217.2000 0.0645
4225.4000 0.0645
4231.0000 0.0645
4238.8000 0.0646
4244.5000 0.0646
4247.0000 0.0647
4250.2000 0.0647
4250.4000 0.0647
4251.3000 0.0648
4256.2000 0.0648
4256.7000 0.0648
4259.8000 0.0649
4264.9000 0.0649
4267.0000 0.0649
4268.6000 0.0650
4275.3000 0.0650
4277.9000 0.0650
4282.1000 0.0651
4283.1000 0.0651
4283.9000 0.0651
4286.3000 0.0652
4286.9000 0.0652
4288.7000 0.0652
4288.8000 0.0653
4293.3000 0.0653
4294.9000 0.0653
4303.7000 0.0654
4305.9000 0.0654
4311.4000 0.0655
4313.9000 0.0655
4315.4000 0.0655
4316.8000 0.0656
4317.0000 0.0656
4317.3000 0.0656
4317.9000 0.0657
4320.0000 0.0657
4324.9000 0.0657
4325.4000 0.0658
4326.6000 0.0658
4330.1000 0.0658
4336.6000 0.0659
4337.2000 0.0659
4340.9000 0.0659
4342.6000 0.0660
4344.9000 0.0660
4347.8000 0.0660
4348.9000 0.0661
4357.1000 0.0661
4357.4000 0.0661
4359.5000 0.0662
4362.2000 0.0662
4364.1000 0.0662
4365.7000 0.0663
4371.4000 0.0663
4372.6000 0.0664
4374.0000 0.0664
4374.8000 0.0664
4376.6000 0.0665
4378.6000 0.0665
4380.0000 0.0665
4396.3000 0.0666
4397.4000 0.0666
4406.6000 0.0666
4406.8000 0.0667
4408.2000 0.0667
4408.9000 0.0667
4409.7000 0.0668
4413.4000 0.0668
4413.9000 0.0668
4419.1000 0.0669
4419.7000 0.0669
4420.6000 0.0669
4424.8000 0.0670
4425.3000 0.0670
4432.2000 0.0670
4437.0000 0.0671
4437.0000 0.0671
4437.4000 0.0672
4439.8000 0.0672
4442.7000 0.0672
4443.2000 0.0673
4450.0000 0.0673
4452.0000 0.0673
4459.7000 0.0674
4465.2000 0.0674
4465.3000 0.0674
4466.4000 0.0675
4474.9000 0.0675
4476.1000 0.0675
4477.0000 0.0676
4477.4000 0.0676
4477.6000 0.0676
4478.8000 0.0677
4485.5000 0.0677
4486.2000 0.0677
4487.7000 0.0678
4489.8000 0.0678
4493.0000 0.0678
4497.2000 0.0679
4497.8000 0.0679
4501.9000 0.0680
4503.6000 0.0680
4507.8000 0.0680
4507.9000 0.0681
4512.6000 0.0681
4517.0000 0.0681
4518.5000 0.0682
4520.4000 0.0682
4527.0000 0.0682
4530.2000 0.0683
4536.0000 0.0683
4543.7000 0.0683
4548.2000 0.0684
4548.8000 0.0684
4548.9000 0.0684
4549.5000 0.0685
4557.4000 0.0685
4558.2000 0.0685
4560.5000 0.0686
4563.0000 0.0686
4570.3000 0.0686
4572.3000 0.0687
4577.3000 0.0687
4579.7000 0.0687
4586.9000 0.0688
4588.8000 0.0688
4598.1000 0.0689
4601.0000 0.0689
4601.9000 0.0689
4602.0000 0.0690
4606.8000 0.0690
4607.2000 0.0690
4607.8000 0.0691
4608.8000 0.0691
4609.7000 0.0691
4612.0000 0.0692
4616.5000 0.0692
4617.3000 0.0692
4623.8000 0.0693
4629.4000 0.0693
4630.0000 0.0693
4630.4000 0.0694
4632.0000 0.0694
4633.7000 0.0694
4634.1000 0.0695
4635.9000 0.0695
4637.3000 0.0695
4650.1000 0.0696
4650.8000 0.0696
4651.9000 0.0697
4654.3000 0.0697
4661.4000 0.0697
4665.3000 0.0698
4668.1000 0.0698
4671.2000 0.0698
4677.8000 0.0699
4682.9000 0.0699
4686.9000 0.0699
4689.6000 0.0700
4690.2000 0.0700
4694.2000 0.0700
4696.2000 0.0701
4697.3000 0.0701
4698.4000 0.0701
4704.7000 0.0702
4706.2000 0.0702
4707.0000 0.0702
4707.9000 0.0703
4708.3000 0.0703
4718.0000 0.0703
4718.7000 0.0704
4730.7000 0.0704
4732.2000 0.0705
4733.0000 0.0705
4733.7000 0.0705
4733.7000 0.0706
4734.7000 0.0706
4736.3000 0.0706
4737.0000 0.0707
4737.4000 0.0707
4740.3000 0.0707
4741.8000 0.0708
4745.5000 0.0708
4745.5000 0.0708
4749.9000 0.0709
4751.8000 0.0709
4752.7000 0.0709
4755.2000 0.0710
4758.1000 0.0710
4769.4000 0.0710
4773.9000 0.0711
4786.5000 0.0711
4787.8000 0.0711
4791.4000 0.0712
4798.8000 0.0712
4802.0000 0.0712
4802.0000 0.0713
4803.2000 0.0713
4808.7000 0.0714
4811.9000 0.0714
4815.0000 0.0714
4815.2000 0.0715
4819.7000 0.0715
4828.6000 0.0715
4834.4000 0.0716
4836.0000 0.0716
4836.3000 0.0716
4838.5000 0.0717
4840.8000 0.0717
4845.4000 0.0717
4850.1000 0.0718
4854.7000 0.0718
4856.1000 0.0718
4856.8000 0.0719
4868.7000 0.0719
4869.5000 0.0719
4870.2000 0.0720
4870.6000 0.0720
4871.9000 0.0720
4874.1000 0.0721
4879.3000 0.0721
4893.1000 0.0722
4900.7000 0.0722
4901.0000 0.0722
4903.1000 0.0723
4904.2000 0.0723
4906.6000 0.0723
4910.0000 0.0724
4914.7000 0.0724
4916.7000 0.0724
4917.6000 0.0725
4925.0000 0.0725
4926.5000 0.0725
4926.7000 0.0726
4928.2000 0.0726
4930.6000 0.0726
4937.2000 0.0727
4937.5000 0.0727
4940.6000 0.0727
4957.6000 0.0728
4966.9000 0.0728
4967.8000 0.0728
4968.3000 0.0729
4969.0000 0.0729
4969.6000 0.0730
4975.2000 0.0730
4975.2000 0.0730
4984.7000 0.0731
4992.6000 0.0731
4998.2000 0.0731
5001.0000 0.0732
5004.0000 0.0732
5017.2000 0.0732
5019.2000 0.0733
5021.4000 0.0733
5022.4000 0.0733
5026.6000 0.0734
5027.7000 0.0734
5030.9000 0.0734
5035.4000 0.0735
5041.9000 0.0735
5044.2000 0.0735
5044.4000 0.0736
5052.4000 0.0736
5058.0000 0.0736
5058.8000 0.0737
5064.9000 0.0737
5065.6000 0.0737
5068.7000 0.0738
5069.4000 0.0738
5075.1000 0.0739
5085.7000 0.0739
5087.0000 0.0739
5100.9000 0.0740
5101.4000 0.0740
5102.4000 0.0740
5105.1000 0.0741
5105.9000 0.0741
5116.3000 0.0741
5128.9000 0.0742
5134.3000 0.0742
5135.8000 0.0742
5138.4000 0.0743
5141.7000 0.0743
5149.4000 0.0743
5151.4000 0.0744
5152.1000 0.0744
5153.0000 0.0744
5154.0000 0.0745
5159.9000 0.0745
5162.1000 0.0745
5162.4000 0.0746
5163.7000 0.0746
5166.6000 0.0747
5171.0000 0.0747
5174.8000 0.0747
5179.6000 0.0748
5182.2000 0.0748
5182.5000 0.0748
5183.7000 0.0749
5185.0000 0.0749
5189.9000 0.0749
5195.1000 0.0750
5197.2000 0.0750
5199.1000 0.0750
5199.4000 0.0751
5200.0000 0.0751
5205.3000 0.0751
5211.9000 0.0752
5218.7000 0.0752
5219.5000 0.0752
5224.0000 0.0753
5227.9000 0.0753
5234.0000 0.0753
5237.8000 0.0754
5244.0000 0.0754
5248.9000 0.0755
5250.6000 0.0755
5260.0000 0.0755
5263.4000 0.0756
5264.4000 0.0756
5266.3000 0.0756
5270.2000 0.0757
5270.5000 0.0757
5270.6000 0.0757
5272.6000 0.0758
5274.0000 0.0758
5275.1000 0.0758
5278.1000 0.0759
5280.3000 0.0759
5280.4000 0.0759
5280.8000 0.0760
5285.3000 0.0760
5287.4000 0.0760
5292.6000 0.0761
5295.0000 0.0761
5295.5000 0.0761
5300.6000 0.0762
5305.4000 0.0762
5305.6000 0.0763
5305.9000 0.0763
5311.1000 0.0763
5316.0000 0.0764
5319.4000 0.0764
5327.9000 0.0764
5332.5000 0.0765
5338.1000 0.0765
5338.8000 0.0765
5344.5000 0.0766
5348.2000 0.0766
5350.6000 0.0766
5353.2000 0.0767
5359.2000 0.0767
5359.3000 0.0767
5361.0000 0.0768
5366.4000 0.0768
5378.4000 0.0768
5381.1000 0.0769
5383.5000 0.0769
5385.4000 0.0769
5385.7000 0.0770
5387.3000 0.0770
5387.6000 0.0770
5390.9000 0.0771
5391.4000 0.0771
5391.7000 0.0772
5398.6000 0.0772
5400.3000 0.0772
5405.2000 0.0773
5412.4000 0.0773
5433.8000 0.0773
5434.4000 0.0774
5437.2000 0.0774
5440.3000 0.0774
5442.0000 0.0775
5446.0000 0.0775
5447.9000 0.0775
5453.6000 0.0776
5453.9000 0.0776
5459.6000 0.0776
5461.5000 0.0777
5465.4000 0.0777
5466.1000 0.0777
5471.9000 0.0778
5484.9000 0.0778
5487.2000 0.0778
5509.7000 0.0779
5511.1000 0.0779
5513.1000 0.0780
5516.7000 0.0780
5520.8000 0.0780
5520.9000 0.0781
5521.4000 0.0781
5530.7000 0.0781
5530.9000 0.0782
5534.1000 0.0782
5537.0000 0.0782
5538.0000 0.0783
5540.9000 0.0783
5542.1000 0.0783
5546.2000 0.0784
5553.4000 0.0784
5553.8000 0.0784
5556.0000 0.0785
5563.5000 0.0785
5570.1000 0.0785
5570.6000 0.0786
5584.4000 0.0786
5589.3000 0.0786
5597.2000 0.0787
5605.8000 0.0787
5607.3000 0.0788
5609.4000 0.0788
5610.3000 0.0788
5611.3000 0.0789
5614.8000 0.0789
5623.0000 0.0789
5623.6000 0.0790
5624.1000 0.0790
5625.0000 0.0790
5629.0000 0.0791
5636.0000 0.0791
5639.8000 0.0791
5640.9000 0.0792
5643.5000 0.0792
5647.8000 0.0792
5649.3000 0.0793
5655.6000 0.0793
5661.0000 0.0793
5672.6000 0.0794
5675.7000 0.0794
5678.5000 0.0794
5703.4000 0.0795
5707.4000 0.0795
5707.4000 0.0795
5710.6000 0.0796
5715.6000 0.0796
5716.3000 0.0797
5717.3000 0.0797
5718.3000 0.0797
5718.3000 0.0798
5732.2000 0.0798
5733.3000 0.0798
5736.3000 0.0799
5749.7000 0.0799
5756.7000 0.0799
5759.2000 0.0800
5759.2000 0.0800
5760.7000 0.0800
5764.9000 0.0801
5765.2000 0.0801
5766.7000 0.0801
5773.7000 0.0802
5775.4000 0.0802
5782.3000 0.0802
5784.8000 0.0803
5789.5000 0.0803
5791.7000 0.0803
5792.5000 0.0804
5792.7000 0.0804
5800.7000 0.0805
5801.5000 0.0805
5812.9000 0.0805
5818.0000 0.0806
5828.9000 0.0806
5834.7000 0.0806
5836.6000 0.0807
5843.5000 0.0807
5847.0000 0.0807
5850.7000 0.0808
5867.9000 0.0808
5887.9000 0.0808
5888.4000 0.0809
5890.2000 0.0809
5891.8000 0.0809
5891.8000 0.0810
5900.7000 0.0810
5903.4000 0.0810
5905.8000 0.0811
5915.7000 0.0811
5916.8000 0.0811
5927.7000 0.0812
5928.3000 0.0812
5932.3000 0.0813
5932.6000 0.0813
5936.4000 0.0813
5936.9000 0.0814
5939.9000 0.0814
5940.6000 0.0814
5948.1000 0.0815
5948.3000 0.0815
5949.4000 0.0815
5949.6000 0.0816
5951.4000 0.0816
5952.4000 0.0816
5952.4000 0.0817
5956.6000 0.0817
5958.9000 0.0817
5966.4000 0.0818
5967.8000 0.0818
5978.2000 0.0818
5984.3000 0.0819
5989.9000 0.0819
5993.6000 0.0819
5997.0000 0.0820
5997.4000 0.0820
6000.8000 0.0820
6002.2000 0.0821
6004.3000 0.0821
6007.4000 0.0822
6010.8000 0.0822
6032.7000 0.0822
6033.5000 0.0823
6037.8000 0.0823
6040.3000 0.0823
6054.9000 0.0824
6055.7000 0.0824
6057.3000 0.0824
6069.0000 0.0825
6070.6000 0.0825
6071.5000 0.0825
6078.7000 0.0826
6079.2000 0.0826
6082.3000 0.0826
6085.5000 0.0827
6089.8000 0.0827
6091.5000 0.0827
6093.1000 0.0828
6095.5000 0.0828
6095.9000 0.0828
6097.0000 0.0829
6103.2000 0.0829
6104.9000 0.0830
6118.2000 0.0830
6118.8000 0.0830
6127.7000 0.0831
6138.3000 0.0831
6139.7000 0.0831
6140.7000 0.0832
6141.8000 0.0832
6142.1000 0.0832
6146.9000 0.0833
6148.6000 0.0833
6149.9000 0.0833
6152.1000 0.0834
6152.8000 0.0834
6154.9000 0.0834
6158.5000 0.0835
6162.2000 0.0835
6180.2000 0.0835
6183.7000 0.0836
6186.5000 0.0836
6188.8000 0.0836
6198.3000 0.0837
6201.4000 0.0837
6204.9000 0.0838
6216.8000 0.0838
6219.6000 0.0838
6222.9000 0.0839
6224.2000 0.0839
6224.7000 0.0839
6227.3000 0.0840
6233.4000 0.0840
6233.8000 0.0840
6236.9000 0.0841
6239.2000 0.0841
6252.6000 0.0841
6277.4000 0.0842
6277.5000 0.0842
6278.3000 0.0842
6279.4000 0.0843
6284.4000 0.0843
6285.7000 0.0843
6291.1000 0.0844
6295.3000 0.0844
6300.7000 0.0844
6301.4000 0.0845
6305.3000 0.0845
6307.6000 0.0845
6316.6000 0.0846
6324.5000 0.0846
6324.8000 0.0847
6329.6000 0.0847
6329.7000 0.0847
6340.4000 0.0848
6344.3000 0.0848
6345.4000 0.0848
6349.0000 0.0849
6349.3000 0.0849
6351.9000 0.0849
6357.8000 0.0850
6364.1000 0.0850
6377.5000 0.0850
6377.5000 0.0851
6380.0000 0.0851
6388.9000 0.0851
6389.9000 0.0852
6394.2000 0.0852
6394.8000 0.0852
6399.2000 0.0853
6404.0000 0.0853
6407.7000 0.0853
6408.9000 0.0854
6410.4000 0.0854
6411.8000 0.0855
6418.3000 0.0855
6430.1000 0.0855
6442.9000 0.0856
6444.7000 0.0856
6447.1000 0.0856
6455.0000 0.0857
6460.0000 0.0857
6461.2000 0.0857
6463.7000 0.0858
6476.5000 0.0858
6477.3000 0.0858
6485.4000 0.0859
6491.0000 0.0859
6491.8000 0.0859
6495.0000 0.0860
6497.1000 0.0860
6498.7000 0.0860
6500.1000 0.0861
6502.5000 0.0861
6503.8000 0.0861
6517.0000 0.0862
6521.8000 0.0862
6524.4000 0.0863
6524.6000 0.0863
6526.1000 0.0863
6528.0000 0.0864
6530.4000 0.0864
6531.0000 0.0864
6537.7000 0.0865
6540.4000 0.0865
6544.5000 0.0865
6557.0000 0.0866
6559.2000 0.0866
6561.0000 0.0866
6565.2000 0.0867
6568.5000 0.0867
6569.3000 0.0867
6569.5000 0.0868
6576.0000 0.0868
6579.4000 0.0868
6580.1000 0.0869
6587.1000 0.0869
6588.4000 0.0869
6590.6000 0.0870
6594.7000 0.0870
6606.0000 0.0870
6607.0000 0.0871
6612.1000 0.0871
6613.0000 0.0872
6614.1000 0.0872
6621.7000 0.0872
6629.7000 0.0873
6630.8000 0.0873
6631.5000 0.0873
6632.2000 0.0874
6633.4000 0.0874
6642.1000 0.0874
6643.2000 0.0875
6643.2000 0.0875
6644.9000 0.0875
6648.0000 0.0876
6655.2000 0.0876
6657.6000 0.0876
6657.7000 0.0877
6657.9000 0.0877
6662.9000 0.0877
6673.5000 0.0878
6674.0000 0.0878
6680.0000 0.0878
6681.8000 0.0879
6683.1000 0.0879
6683.4000 0.0880
6683.4000 0.0880
6686.4000 0.0880
6691.3000 0.0881
6692.0000 0.0881
6694.0000 0.0881
6709.6000 0.0882
6717.3000 0.0882
6726.1000 0.0882
6727.0000 0.0883
6738.7000 0.0883
6740.3000 0.0883
6741.2000 0.0884
6743.6000 0.0884
6753.5000 0.0884
6767.4000 0.0885
6773.4000 0.0885
6775.1000 0.0885
6782.1000 0.0886
6793.9000 0.0886
6796.4000 0.0886
6807.5000 0.0887
6808.9000 0.0887
6809.4000 0.0888
6809.6000 0.0888
6811.4000 0.0888
6813.6000 0.0889
6815.8000 0.0889
6819.3000 0.0889
6838.6000 0.0890
6843.6000 0.0890
6846.8000 0.0890
6847.5000 0.0891
6864.5000 0.0891
6865.0000 0.0891
6867.6000 0.0892
6868.3000 0.0892
6871.5000 0.0892
6872.9000 0.0893
6882.4000 0.0893
6894.0000 0.0893
6899.6000 0.0894
6903.1000 0.0894
6905.5000 0.0894
6906.7000 0.0895
6908.6000 0.0895
6909.0000 0.0895
6911.1000 0.0896
6916.3000 0.0896
6917.2000 0.0897
6921.6000 0.0897
6924.7000 0.0897
6931.1000 0.0898
6934.3000 0.0898
6934.7000 0.0898
6938.2000 0.0899
6940.7000 0.0899
6942.5000 0.0899
6943.5000 0.0900
6943.7000 0.0900
6944.4000 0.0900
6949.5000 0.0901
6950.4000 0.0901
6952.0000 0.0901
6953.1000 0.0902
6955.5000 0.0902
6966.8000 0.0902
6968.5000 0.0903
6970.4000 0.0903
6979.2000 0.0903
6988.1000 0.0904
6993.0000 0.0904
7000.5000 0.0905
7001.3000 0.0905
7002.2000 0.0905
7007.8000 0.0906
7010.8000 0.0906
7012.2000 0.0906
7015.9000 0.0907
7016.6000 0.0907
7019.3000 0.0907
7020.8000 0.0908
7021.0000 0.0908
7030.7000 0.0908
7050.2000 0.0909
7052.4000 0.0909
7054.8000 0.0909
7055.1000 0.0910
7057.4000 0.0910
7058.0000 0.0910
7062.5000 0.0911
7077.3000 0.0911
7079.7000 0.0911
7083.9000 0.0912
7086.4000 0.0912
7101.6000 0.0913
7106.3000 0.0913
7108.7000 0.0913
7118.8000 0.0914
7125.5000 0.0914
7128.8000 0.0914
7132.2000 0.0915
7150.0000 0.0915
7150.9000 0.0915
7154.9000 0.0916
7167.0000 0.0916
7168.0000 0.0916
7172.1000 0.0917
7175.3000 0.0917
7175.6000 0.0917
7202.1000 0.0918
7202.7000 0.0918
7203.0000 0.0918
7204.9000 0.0919
7206.4000 0.0919
7217.6000 0.0919
7222.3000 0.0920
7224.6000 0.0920
7232.1000 0.0920
7233.6000 0.0921
7238.6000 0.0921
7242.5000 0.0922
7246.9000 0.0922
7259.0000 0.0922
7260.6000 0.0923
7263.5000 0.0923
7264.9000 0.0923
7271.0000 0.0924
7274.7000 0.0924
7277.2000 0.0924
7277.2000 0.0925
7278.9000 0.0925
7284.3000 0.0925
7292.9000 0.0926
7296.6000 0.0926
7299.4000 0.0926
7300.7000 0.0927
7303.3000 0.0927
7313.0000 0.0927
7323.4000 0.0928
7328.9000 0.0928
7329.0000 0.0928
7334.0000 0.0929
7338.3000 0.0929
7340.7000 0.0930
7344.0000 0.0930
7349.9000 0.0930
7355.2000 0.0931
7355.3000 0.0931
7361.7000 0.0931
7362.4000 0.0932
7362.6000 0.0932
7368.0000 0.0932
7371.7000 0.0933
7373.7000 0.0933
7378.6000 0.0933
7384.5000 0.0934
7385.3000 0.0934
7389.2000 0.0934
7407.4000 0.0935
7409.9000 0.0935
7412.6000 0.0935
7414.6000 0.0936
7419.5000 0.0936
7421.2000 0.0936
7422.0000 0.0937
7422.6000 0.0937
7423.0000 0.0938
7423.0000 0.0938
7426.3000 0.0938
7434.2000 0.0939
7441.8000 0.0939
7446.7000 0.0939
7459.5000 0.0940
7459.6000 0.0940
7461.1000 0.0940
7463.1000 0.0941
7466.6000 0.0941
7467.5000 0.0941
7468.0000 0.0942
7470.2000 0.0942
7474.9000 0.0942
7475.2000 0.0943
7476.0000 0.0943
7487.3000 0.0943
7488.7000 0.0944
7489.3000 0.0944
7491.5000 0.0944
7495.2000 0.0945
7495.4000 0.0945
7496.9000 0.0945
7514.9000 0.0946
7516.1000 0.0946
7520.6000 0.0947
7523.7000 0.0947
7525.6000 0.0947
7545.9000 0.0948
7546.4000 0.0948
7549.3000 0.0948
7550.2000 0.0949
7555.0000 0.0949
7558.6000 0.0949
7563.0000 0.0950
7571.4000 0.0950
7576.3000 0.0950
7578.1000 0.0951
7579.3000 0.0951
7584.5000 0.0951
7586.4000 0.0952
7595.0000 0.0952
7601.4000 0.0952
7603.9000 0.0953
7605.0000 0.0953
7613.9000 0.0953
7624.6000 0.0954
7625.6000 0.0954
7628.2000 0.0955
7635.7000 0.0955
7647.7000 0.0955
7651.8000 0.0956
7656.0000 0.0956
7660.0000 0.0956
7670.1000 0.0957
7672.3000 0.0957
7673.7000 0.0957
7683.6000 0.0958
7693.5000 0.0958
7703.1000 0.0958
7703.1000 0.0959
7706.8000 0.0959
7709.8000 0.0959
7711.8000 0.0960
7713.2000 0.0960
7728.7000 0.0960
7735.6000 0.0961
7744.1000 0.0961
7744.1000 0.0961
7744.2000 0.0962
7752.5000 0.0962
7754.6000 0.0963
7762.7000 0.0963
7770.1000 0.0963
7774.3000 0.0964
7793.2000 0.0964
7793.2000 0.0964
7793.4000 0.0965
7795.2000 0.0965
7799.0000 0.0965
7801.8000 0.0966
7817.9000 0.0966
7823.6000 0.0966
7830.6000 0.0967
7834.8000 0.0967
7836.7000 0.0967
7845.0000 0.0968
7847.3000 0.0968
7853.2000 0.0968
7859.1000 0.0969
7865.0000 0.0969
7866.6000 0.0969
7870.7000 0.0970
7871.2000 0.0970
7874.4000 0.0970
7878.2000 0.0971
7881.0000 0.0971
7888.1000 0.0972
7890.9000 0.0972
7895.7000 0.0972
7898.4000 0.0973
7902.9000 0.0973
7905.8000 0.0973
7911.8000 0.0974
7923.4000 0.0974
7928.3000 0.0974
7928.8000 0.0975
7938.4000 0.0975
7938.8000 0.0975
7943.1000 0.0976
7943.9000 0.0976
7957.5000 0.0976
7958.5000 0.0977
7964.0000 0.0977
7968.7000 0.0977
7969.1000 0.0978
7973.7000 0.0978
7977.1000 0.0978
7994.1000 0.0979
7995.3000 0.0979
7998.5000 0.0980
7999.5000 0.0980
8010.8000 0.0980
8012.3000 0.0981
8012.4000 0.0981
8013.0000 0.0981
8016.1000 0.0982
8023.5000 0.0982
8027.5000 0.0982
8028.4000 0.0983
8035.5000 0.0983
8039.5000 0.0983
8041.0000 0.0984
8043.0000 0.0984
8049.1000 0.0984
8051.9000 0.0985
8052.9000 0.0985
8054.3000 0.0985
8056.2000 0.0986
8065.3000 0.0986
8068.6000 0.0986
8079.6000 0.0987
8091.5000 0.0987
8093.8000 0.0988
8095.7000 0.0988
8099.5000 0.0988
8105.5000 0.0989
8111.1000 0.0989
8116.7000 0.0989
8117.8000 0.0990
8119.6000 0.0990
8120.4000 0.0990
8125.2000 0.0991
8137.0000 0.0991
8143.8000 0.0991
8152.0000 0.0992
8154.7000 0.0992
8172.1000 0.0992
8177.8000 0.0993
8181.0000 0.0993
8191.1000 0.0993
8195.5000 0.0994
8201.0000 0.0994
8208.9000 0.0994
8210.6000 0.0995
8217.2000 0.0995
8228.9000 0.0995
8229.9000 0.0996
8231.2000 0.0996
8235.9000 0.0997
8238.4000 0.0997
8240.9000 0.0997
8249.5000 0.0998
8252.7000 0.0998
8255.5000 0.0998
8256.1000 0.0999
8259.9000 0.0999
8263.1000 0.0999
8269.7000 0.1000
8270.8000 0.1000
8275.1000 0.1000
8276.6000 0.1001
8278.3000 0.1001
8281.7000 0.1001
8283.4000 0.1002
8283.5000 0.1002
8286.7000 0.1002
8291.1000 0.1003
8292.1000 0.1003
8295.6000 0.1003
8296.3000 0.1004
8304.0000 0.1004
8306.3000 0.1005
8307.0000 0.1005
8311.1000 0.1005
8314.7000 0.1006
8320.0000 0.1006
8325.3000 0.1006
8325.5000 0.1007
8343.6000 0.1007
8345.4000 0.1007
8350.3000 0.1008
8356.6000 0.1008
8359.8000 0.1008
8366.0000 0.1009
8369.9000 0.1009
8375.9000 0.1009
8377.2000 0.1010
8380.3000 0.1010
8397.5000 0.1010
8400.8000 0.1011
8403.3000 0.1011
8403.7000 0.1011
8410.2000 0.1012
8414.8000 0.1012
8416.2000 0.1013
8420.9000 0.1013
8429.5000 0.1013
8432.0000 0.1014
8435.0000 0.1014
8436.9000 0.1014
8440.0000 0.1015
8446.9000 0.1015
8447.3000 0.1015
8453.2000 0.1016
8458.4000 0.1016
8461.5000 0.1016
8464.2000 0.1017
8466.3000 0.1017
8469.8000 0.1017
8477.1000 0.1018
8477.6000 0.1018
8484.3000 0.1018
8496.9000 0.1019
8503.3000 0.1019
8505.5000 0.1019
8509.4000 0.1020
8514.7000 0.1020
8519.6000 0.1020
8522.8000 0.1021
8528.4000 0.1021
8532.2000 0.1022
8532.6000 0.1022
8547.7000 0.1022
8555.3000 0.1023
8561.1000 0.1023
8569.3000 0.1023
8572.5000 0.1024
8580.3000 0.1024
8596.0000 0.1024
8601.5000 0.1025
8601.8000 0.1025
8605.4000 0.1025
8610.5000 0.1026
8610.6000 0.1026
8611.1000 0.1026
8621.7000 0.1027
8623.3000 0.1027
8627.0000 0.1027
8631.9000 0.1028
8642.0000 0.1028
8643.5000 0.1028
8644.3000 0.1029
8647.3000 0.1029
8649.4000 0.1030
8660.3000 0.1030
8663.0000 0.1030
8675.3000 0.1031
8679.2000 0.1031
8680.6000 0.1031
8680.6000 0.1032
8683.3000 0.1032
8689.1000 0.1032
8689.9000 0.1033
8700.5000 0.1033
8708.2000 0.1033
8712.1000 0.1034
8712.8000 0.1034
8713.0000 0.1034
8714.0000 0.1035
8716.9000 0.1035
8722.9000 0.1035
8725.1000 0.1036
8728.4000 0.1036
8735.7000 0.1036
8739.1000 0.1037
8743.8000 0.1037
8745.3000 0.1038
8751.3000 0.1038
8752.7000 0.1038
8754.5000 0.1039
8760.3000 0.1039
8761.9000 0.1039
8767.9000 0.1040
8769.0000 0.1040
8772.3000 0.1040
8774.4000 0.1041
8776.2000 0.1041
8781.0000 0.1041
8797.8000 0.1042
8819.5000 0.1042
8820.0000 0.1042
8831.1000 0.1043
8832.4000 0.1043
8833.1000 0.1043
8836.8000 0.1044
8837.0000 0.1044
8844.4000 0.1044
8844.6000 0.1045
8847.3000 0.1045
8849.8000 0.1045
8850.1000 0.1046
8853.8000 0.1046
8859.9000 0.1047
8867.2000 0.1047
8869.6000 0.1047
8873.3000 0.1048
8885.7000 0.1048
8886.5000 0.1048
8895.5000 0.1049
8897.3000 0.1049
8906.4000 0.1049
8913.6000 0.1050
8914.8000 0.1050
8919.2000 0.1050
8921.3000 0.1051
8924.0000 0.1051
8924.7000 0.1051
8927.7000 0.1052
8938.5000 0.1052
8938.5000 0.1052
8942.4000 0.1053
8956.6000 0.1053
8962.4000 0.1053
8965.7000 0.1054
8972.1000 0.1054
8986.3000 0.1055
8989.9000 0.1055
8994.2000 0.1055
8995.7000 0.1056
9005.0000 0.1056
9013.0000 0.1056
9013.8000 0.1057
9014.2000 0.1057
9018.8000 0.1057
9021.6000 0.1058
9023.0000 0.1058
9025.5000 0.1058
9030.2000 0.1059
9038.4000 0.1059
9042.5000 0.1059
9045.3000 0.1060
9048.6000 0.1060
9054.4000 0.1060
9054.8000 0.1061
9055.6000 0.1061
9060.2000 0.1061
9064.2000 0.1062
9077.7000 0.1062
9080.6000 0.1063
9082.3000 0.1063
9101.3000 0.1063
9102.1000 0.1064
9103.5000 0.1064
9104.8000 0.1064
9110.3000 0.1065
9111.8000 0.1065
9113.3000 0.1065
9113.8000 0.1066
9117.4000 0.1066
9118.5000 0.1066
9126.4000 0.1067
9134.7000 0.1067
9150.5000 0.1067
9155.5000 0.1068
9173.0000 0.1068
9184.4000 0.1068
9185.1000 0.1069
9190.9000 0.1069
9207.1000 0.1069
9208.4000 0.1070
9216.8000 0.1070
9219.0000 0.1070
9223.1000 0.1071
9223.5000 0.1071
9227.9000 0.1072
9235.5000 0.1072
9236.0000 0.1072
9237.2000 0.1073
9238.3000 0.1073
9241.0000 0.1073
9244.7000 0.1074
9260.1000 0.1074
9269.6000 0.1074
9275.2000 0.1075
9277.8000 0.1075
9290.6000 0.1075
9294.4000 0.1076
9298.0000 0.1076
9298.7000 0.1076
9298.7000 0.1077
9303.6000 0.1077
9304.2000 0.1077
9305.3000 0.1078
9316.7000 0.1078
9320.6000 0.1078
9327.1000 0.1079
9330.0000 0.1079
9333.6000 0.1080
9336.9000 0.1080
9338.1000 0.1080
9341.2000 0.1081
9341.3000 0.1081
9341.4000 0.1081
9349.3000 0.1082
9352.5000 0.1082
9355.6000 0.1082
9356.6000 0.1083
9358.5000 0.1083
9375.5000 0.1083
9376.8000 0.1084
9378.7000 0.1084
9379.3000 0.1084
9385.2000 0.1085
9389.5000 0.1085
9396.2000 0.1085
9396.8000 0.1086
9400.5000 0.1086
9404.0000 0.1086
9406.6000 0.1087
9412.2000 0.1087
9432.2000 0.1088
9432.8000 0.1088
9433.0000 0.1088
9436.3000 0.1089
9437.3000 0.1089
9438.3000 0.1089
9439.8000 0.1090
9445.5000 0.1090
9445.6000 0.1090
9449.4000 0.1091
9453.4000 0.1091
9453.5000 0.1091
9457.7000 0.1092
9458.7000 0.1092
9459.6000 0.1092
9472.2000 0.1093
9472.7000 0.1093
9472.8000 0.1093
9474.2000 0.1094
9477.9000 0.1094
9482.3000 0.1094
9487.2000 0.1095
9490.8000 0.1095
9496.9000 0.1095
9498.7000 0.1096
9500.4000 0.1096
9500.6000 0.1097
9503.7000 0.1097
9508.4000 0.1097
9511.3000 0.1098
9512.9000 0.1098
9516.1000 0.1098
9517.1000 0.1099
9523.9000 0.1099
9524.0000 0.1099
9533.7000 0.1100
9536.1000 0.1100
9538.7000 0.1100
9540.7000 0.1101
9546.7000 0.1101
9549.0000 0.1101
9565.3000 0.1102
9573.6000 0.1102
9574.2000 0.1102
9575.5000 0.1103
9580.6000 0.1103
9581.7000 0.1103
9583.5000 0.1104
9583.8000 0.1104
9587.8000 0.1105
9599.6000 0.1105
9601.4000 0.1105
9602.1000 0.1106
9621.3000 0.1106
9635.3000 0.1106
9644.0000 0.1107
9649.2000 0.1107
9657.5000 0.1107
9664.0000 0.1108
9665.4000 0.1108
9670.4000 0.1108
9682.2000 0.1109
9686.3000 0.1109
9687.9000 0.1109
9687.9000 0.1110
9690.6000 0.1110
9698.8000 0.1110
9712.8000 0.1111
9714.7000 0.1111
9724.3000 0.1111
9724.5000 0.1112
9727.0000 0.1112
9733.8000 0.1113
9738.9000 0.1113
9746.8000 0.1113
9751.8000 0.1114
9768.5000 0.1114
9774.6000 0.1114
9774.9000 0.1115
9779.0000 0.1115
9780.8000 0.1115
9781.2000 0.1116
9796.2000 0.1116
9798.4000 0.1116
9800.0000 0.1117
9801.6000 0.1117
9808.7000 0.1117
9810.4000 0.1118
9810.5000 0.1118
9821.0000 0.1118
9831.2000 0.1119
9841.6000 0.1119
9843.0000 0.1119
9845.9000 0.1120
9857.1000 0.1120
9857.8000 0.1120
9872.6000 0.1121
9874.2000 0.1121
9878.1000 0.1122
9889.8000 0.1122
9896.3000 0.1122
9900.6000 0.1123
9901.1000 0.1123
9904.1000 0.1123
9904.5000 0.1124
9908.7000 0.1124
9914.0000 0.1124
9915.3000 0.1125
9920.6000 0.1125
9927.2000 0.1125
9928.1000 0.1126
9928.6000 0.1126
9929.4000 0.1126
9933.3000 0.1127
9934.4000 0.1127
9934.9000 0.1127
9937.3000 0.1128
9944.5000 0.1128
9945.1000 0.1128
9955.4000 0.1129
9961.2000 0.1129
9980.0000 0.1130
9987.9000 0.1130
9988.9000 0.1130
9994.7000 0.1131
10004.4000 0.1131
10005.2000 0.1131
10006.0000 0.1132
10006.8000 0.1132
10009.0000 0.1132
10009.0000 0.1133
10021.5000 0.1133
10030.4000 0.1133
10033.6000 0.1134
10040.8000 0.1134
10041.4000 0.1134
10041.7000 0.1135
10042.8000 0.1135
10060.1000 0.1135
10079.2000 0.1136
10082.3000 0.1136
10082.9000 0.1136
10084.3000 0.1137
10086.9000 0.1137
10088.1000 0.1138
10089.4000 0.1138
10096.9000 0.1138
10099.0000 0.1139
10103.9000 0.1139
10106.7000 0.1139
10110.0000 0.1140
10115.0000 0.1140
10116.1000 0.1140
10123.6000 0.1141
10133.3000 0.1141
10144.9000 0.1141
10146.8000 0.1142
10147.9000 0.1142
10149.0000 0.1142
10152.4000 0.1143
10154.4000 0.1143
10155.1000 0.1143
10171.1000 0.1144
10172.9000 0.1144
10173.6000 0.1144
10174.5000 0.1145
10177.1000 0.1145
10189.9000 0.1145
10190.8000 0.1146
10192.0000 0.1146
10192.8000 0.1147
10196.9000 0.1147
10200.0000 0.1147
10204.3000 0.1148
10205.8000 0.1148
10205.8000 0.1148
10211.3000 0.1149
10214.8000 0.1149
10217.9000 0.1149
10218.7000 0.1150
10220.4000 0.1150
10230.3000 0.1150
10230.4000 0.1151
10231.0000 0.1151
10233.4000 0.1151
10233.6000 0.1152
10235.4000 0.1152
10235.6000 0.1152
10238.5000 0.1153
10241.8000 0.1153
10249.1000 0.1153
10251.6000 0.1154
10255.3000 0.1154
10267.9000 0.1155
10272.2000 0.1155
10287.3000 0.1155
10296.7000 0.1156
10300.6000 0.1156
10303.4000 0.1156
10305.0000 0.1157
10309.9000 0.1157
10311.7000 0.1157
10318.6000 0.1158
10319.1000 0.1158
10322.0000 0.1158
10322.1000 0.1159
10322.2000 0.1159
10334.5000 0.1159
10335.0000 0.1160
10338.9000 0.1160
10342.7000 0.1160
10348.5000 0.1161
10352.3000 0.1161
10363.8000 0.1161
10364.9000 0.1162
10369.6000 0.1162
10370.2000 0.1163
10394.4000 0.1163
10405.3000 0.1163
10410.7000 0.1164
10411.4000 0.1164
10416.9000 0.1164
10429.6000 0.1165
10435.4000 0.1165
10442.2000 0.1165
10442.5000 0.1166
10451.2000 0.1166
10452.1000 0.1166
10471.7000 0.1167
10483.6000 0.1167
10491.4000 0.1167
10503.0000 0.1168
10504.5000 0.1168
10510.0000 0.1168
10510.7000 0.1169
10521.3000 0.1169
10524.9000 0.1169
10527.6000 0.1170
10532.7000 0.1170
10540.3000 0.1170
10547.6000 0.1171
10556.6000 0.1171
10558.4000 0.1172
10567.9000 0.1172
10568.6000 0.1172
10572.5000 0.1173
10577.9000 0.1173
10584.9000 0.1173
10587.1000 0.1174
10591.2000 0.1174
10593.2000 0.1174
10601.3000 0.1175
10601.8000 0.1175
10604.7000 0.1175
10609.3000 0.1176
10616.3000 0.1176
10623.3000 0.1176
10633.0000 0.1177
10638.7000 0.1177
10642.0000 0.1177
10646.8000 0.1178
10648.0000 0.1178
10653.6000 0.1178
10656.8000 0.1179
10657.3000 0.1179
10657.6000 0.1180
10667.6000 0.1180
10671.3000 0.1180
10673.2000 0.1181
10676.0000 0.1181
10677.6000 0.1181
10678.5000 0.1182
10679.5000 0.1182
10681.3000 0.1182
10693.0000 0.1183
10694.3000 0.1183
10696.7000 0.1183
10698.7000 0.1184
10702.6000 0.1184
10714.3000 0.1184
10714.4000 0.1185
10725.8000 0.1185
10731.2000 0.1185
10731.4000 0.1186
10736.7000 0.1186
10740.5000 0.1186
10753.9000 0.1187
10757.4000 0.1187
10760.0000 0.1188
10764.6000 0.1188
10786.6000 0.1188
10787.3000 0.1189
10796.5000 0.1189
10801.8000 0.1189
10804.0000 0.1190
10808.5000 0.1190
10810.4000 0.1190
10812.4000 0.1191
10814.9000 0.1191
10819.3000 0.1191
10825.7000 0.1192
10826.4000 0.1192
10837.2000 0.1192
10839.2000 0.1193
10842.6000 0.1193
10859.4000 0.1193
10878.4000 0.1194
10896.3000 0.1194
10896.8000 0.1194
10898.8000 0.1195
10904.2000 0.1195
10906.0000 0.1195
10907.0000 0.1196
10908.7000 0.1196
10913.3000 0.1197
10914.3000 0.1197
10920.2000 0.1197
10923.2000 0.1198
10935.9000 0.1198
10936.8000 0.1198
10951.0000 0.1199
10965.0000 0.1199
10966.4000 0.1199
10966.9000 0.1200
10970.3000 0.1200
10979.3000 0.1200
10982.5000 0.1201
10983.4000 0.1201
10988.7000 0.1201
11005.3000 0.1202
11006.9000 0.1202
11007.0000 0.1202
11009.5000 0.1203
11012.6000 0.1203
11016.0000 0.1203
11023.3000 0.1204
11024.7000 0.1204
11026.6000 0.1205
11026.7000 0.1205
11027.2000 0.1205
11032.1000 0.1206
11033.4000 0.1206
11037.5000 0.1206
11047.0000 0.1207
11062.8000 0.1207
11065.3000 0.1207
11069.6000 0.1208
11074.2000 0.1208
11081.5000 0.1208
11083.1000 0.1209
11085.0000 0.1209
11087.7000 0.1209
11093.4000 0.1210
11096.3000 0.1210
11096.9000 0.1210
11097.7000 0.1211
11101.3000 0.1211
11103.6000 0.1211
11105.7000 0.1212
11107.8000 0.1212
11110.2000 0.1213
11118.1000 0.1213
11123.4000 0.1213
11125.0000 0.1214
11125.3000 0.1214
11127.9000 0.1214
11134.3000 0.1215
11138.0000 0.1215
11138.8000 0.1215
11143.2000 0.1216
11144.5000 0.1216
11145.6000 0.1216
11146.1000 0.1217
11149.5000 0.1217
11152.5000 0.1217
11156.6000 0.1218
11156.9000 0.1218
11162.0000 0.1218
11174.6000 0.1219
11186.9000 0.1219
11189.0000 0.1219
11189.7000 0.1220
11197.5000 0.1220
11207.3000 0.1220
11213.8000 0.1221
11214.9000 0.1221
11228.2000 0.1222
11246.2000 0.1222
11247.4000 0.1222
11248.5000 0.1223
11250.3000 0.1223
11253.4000 0.1223
11258.8000 0.1224
11262.4000 0.1224
11266.4000 0.1224
11267.5000 0.1225
11269.4000 0.1225
11271.4000 0.1225
11272.2000 0.1226
11277.4000 0.1226
11279.0000 0.1226
11279.3000 0.1227
11285.3000 0.1227
11285.4000 0.1227
11294.1000 0.1228
11305.5000 0.1228
11311.8000 0.1228
11328.5000 0.1229
11343.1000 0.1229
11362.3000 0.1230
11364.1000 0.1230
11364.3000 0.1230
11369.5000 0.1231
11374.0000 0.1231
11374.8000 0.1231
11377.1000 0.1232
11387.6000 0.1232
11388.3000 0.1232
11399.0000 0.1233
11413.4000 0.1233
11415.6000 0.1233
11417.4000 0.1234
11418.3000 0.1234
11424.7000 0.1234
11449.9000 0.1235
11450.0000 0.1235
11450.1000 0.1235
11450.6000 0.1236
11451.2000 0.1236
11457.2000 0.1236
11459.3000 0.1237
11477.4000 0.1237
11489.0000 0.1238
11494.0000 0.1238
11503.1000 0.1238
11503.8000 0.1239
11504.9000 0.1239
11507.1000 0.1239
11509.5000 0.1240
11510.7000 0.1240
11510.9000 0.1240
11521.5000 0.1241
11526.0000 0.1241
11531.4000 0.1241
11536.8000 0.1242
11538.4000 0.1242
11542.4000 0.1242
11545.2000 0.1243
11548.4000 0.1243
11551.0000 0.1243
11562.6000 0.1244
11564.9000 0.1244
11569.0000 0.1244
11570.4000 0.1245
11578.6000 0.1245
11582.2000 0.1245
11583.5000 0.1246
11587.0000 0.1246
11587.9000 0.1247
11595.7000 0.1247
11598.8000 0.1247
11599.5000 0.1248
11604.4000 0.1248
11643.9000 0.1248
11647.0000 0.1249
11656.9000 0.1249
11663.3000 0.1249
11673.1000 0.1250
11679.8000 0.1250
11686.8000 0.1250
11687.7000 0.1251
11693.2000 0.1251
11698.8000 0.1251
11707.0000 0.1252
11707.5000 0.1252
11709.7000 0.1252
11718.1000 0.1253
11720.4000 0.1253
11728.1000 0.1253
11733.0000 0.1254
11747.7000 0.1254
11748.8000 0.1255
11754.6000 0.1255
11760.5000 0.1255
11765.2000 0.1256
11768.0000 0.1256
11770.9000 0.1256
11774.3000 0.1257
11778.0000 0.1257
11790.5000 0.1257
11796.5000 0.1258
11797.0000 0.1258
11800.7000 0.1258
11807.5000 0.1259
11818.2000 0.1259
11823.3000 0.1259
11823.8000 0.1260
11828.4000 0.1260
11828.5000 0.1260
11838.6000 0.1261
11842.7000 0.1261
11846.0000 0.1261
11851.8000 0.1262
11857.4000 0.1262
11858.0000 0.1263
11864.7000 0.1263
11872.3000 0.1263
11872.8000 0.1264
11878.1000 0.1264
11878.2000 0.1264
11884.4000 0.1265
11885.0000 0.1265
11886.9000 0.1265
11887.0000 0.1266
11888.6000 0.1266
11893.3000 0.1266
11895.1000 0.1267
11902.6000 0.1267
11903.5000 0.1267
11903.9000 0.1268
11907.1000 0.1268
11909.3000 0.1268
11924.5000 0.1269
11925.9000 0.1269
11926.4000 0.1269
11931.1000 0.1270
11934.7000 0.1270
11941.9000 0.1270
11945.5000 0.1271
11951.0000 0.1271
11952.6000 0.1272
11956.9000 0.1272
11970.2000 0.1272
11972.8000 0.1273
11975.8000 0.1273
11976.9000 0.1273
11980.4000 0.1274
11985.5000 0.1274
11989.6000 0.1274
11995.9000 0.1275
12001.4000 0.1275
12005.4000 0.1275
12009.8000 0.1276
12018.4000 0.1276
12025.6000 0.1276
12026.6000 0.1277
12038.9000 0.1277
12041.6000 0.1277
12041.9000 0.1278
12048.8000 0.1278
12052.7000 0.1278
12053.8000 0.1279
12066.9000 0.1279
12069.1000 0.1280
12072.2000 0.1280
12074.3000 0.1280
12081.3000 0.1281
12083.7000 0.1281
12086.1000 0.1281
12096.3000 0.1282
12099.5000 0.1282
12105.0000 0.1282
12124.7000 0.1283
12132.9000 0.1283
12135.7000 0.1283
12137.7000 0.1284
12141.9000 0.1284
12142.0000 0.1284
12142.0000 0.1285
12146.6000 0.1285
12148.0000 0.1285
12152.2000 0.1286
12161.5000 0.1286
12162.3000 0.1286
12162.9000 0.1287
12167.2000 0.1287
12169.3000 0.1288
12172.6000 0.1288
12172.8000 0.1288
12175.3000 0.1289
12184.0000 0.1289
12190.8000 0.1289
12191.4000 0.1290
12193.7000 0.1290
12196.8000 0.1290
12197.2000 0.1291
12204.5000 0.1291
12214.1000 0.1291
12220.7000 0.1292
12224.2000 0.1292
12239.0000 0.1292
12240.2000 0.1293
12250.2000 0.1293
12255.0000 0.1293
12255.6000 0.1294
12264.8000 0.1294
12276.4000 0.1294
12280.3000 0.1295
12284.4000 0.1295
12285.5000 0.1295
12306.7000 0.1296
12307.5000 0.1296
12309.7000 0.1297
12312.3000 0.1297
12317.1000 0.1297
12320.1000 0.1298
12320.3000 0.1298
12325.9000 0.1298
12326.1000 0.1299
12327.0000 0.1299
12333.2000 0.1299
12335.3000 0.1300
12337.2000 0.1300
12341.0000 0.1300
12341.4000 0.1301
12345.7000 0.1301
12349.7000 0.1301
12352.4000 0.1302
12353.3000 0.1302
12356.0000 0.1302
12356.6000 0.1303
12364.9000 0.1303
12387.3000 0.1303
12388.0000 0.1304
12390.6000 0.1304
12391.3000 0.1305
12393.2000 0.1305
12403.0000 0.1305
12404.0000 0.1306
12409.0000 0.1306
12409.8000 0.1306
12413.1000 0.1307
12418.8000 0.1307
12425.4000 0.1307
12429.0000 0.1308
12429.4000 0.1308
12431.5000 0.1308
12432.6000 0.1309
12433.2000 0.1309
12435.1000 0.1309
12438.5000 0.1310
12450.1000 0.1310
12452.5000 0.1310
12452.5000 0.1311
12452.9000 0.1311
12460.4000 0.1311
12465.7000 0.1312
12470.5000 0.1312
12474.3000 0.1313
12477.3000 0.1313
12477.5000 0.1313
12481.4000 0.1314
12483.4000 0.1314
12484.5000 0.1314
12486.8000 0.1315
12486.8000 0.1315
12489.5000 0.1315
12491.7000 0.1316
12497.6000 0.1316
12502.4000 0.1316
12512.4000 0.1317
12516.2000 0.1317
12523.0000 0.1317
12524.3000 0.1318
12525.0000 0.1318
12537.5000 0.1318
12547.5000 0.1319
12549.4000 0.1319
12551.9000 0.1319
12555.8000 0.1320
12558.7000 0.1320
12565.0000 0.1320
12569.0000 0.1321
12572.0000 0.1321
12575.2000 0.1322
12579.2000 0.1322
12579.7000 0.1322
12580.5000 0.1323
12581.4000 0.1323
12608.6000 0.1323
12615.5000 0.1324
12623.7000 0.1324
12627.7000 0.1324
12628.6000 0.1325
12629.4000 0.1325
12630.3000 0.1325
12630.5000 0.1326
12633.4000 0.1326
12636.5000 0.1326
12639.1000 0.1327
12641.3000 0.1327
12647.0000 0.1327
12654.2000 0.1328
12661.7000 0.1328
12662.6000 0.1328
12666.6000 0.1329
12669.1000 0.1329
12671.9000 0.1330
12680.5000 0.1330
12680.5000 0.1330
12685.2000 0.1331
12693.1000 0.1331
12700.5000 0.1331
12703.0000 0.1332
12706.0000 0.1332
12708.8000 0.1332
12709.8000 0.1333
12709.9000 0.1333
12710.8000 0.1333
12712.3000 0.1334
12729.6000 0.1334
12735.6000 0.1334
12740.9000 0.1335
12745.3000 0.1335
12749.7000 0.1335
12755.5000 0.1336
12763.0000 0.1336
12778.5000 0.1336
12780.4000 0.1337
12782.7000 0.1337
12786.6000 0.1338
12787.8000 0.1338
12793.9000 0.1338
12809.4000 0.1339
12814.3000 0.1339
12815.8000 0.1339
12819.1000 0.1340
12825.0000 0.1340
12826.2000 0.1340
12836.9000 0.1341
12842.0000 0.1341
12845.8000 0.1341
12856.5000 0.1342
12859.5000 0.1342
12888.2000 0.1342
12893.7000 0.1343
12894.0000 0.1343
12894.5000 0.1343
12895.6000 0.1344
12896.6000 0.1344
12897.6000 0.1344
12900.2000 0.1345
12902.3000 0.1345
12916.4000 0.1345
12917.5000 0.1346
12920.0000 0.1346
12921.0000 0.1347
12926.3000 0.1347
12937.0000 0.1347
12943.7000 0.1348
12950.0000 0.1348
12954.4000 0.1348
12956.0000 0.1349
12958.1000 0.1349
12959.4000 0.1349
12962.3000 0.1350
12965.9000 0.1350
12967.4000 0.1350
12969.6000 0.1351
12970.5000 0.1351
12983.7000 0.1351
12992.4000 0.1352
12994.3000 0.1352
12995.9000 0.1352
13001.9000 0.1353
13001.9000 0.1353
13002.9000 0.1353
13005.1000 0.1354
13012.2000 0.1354
13018.0000 0.1355
13020.0000 0.1355
13020.0000 0.1355
13020.3000 0.1356
13022.2000 0.1356
13022.2000 0.1356
13024.6000 0.1357
13031.2000 0.1357
13031.7000 0.1357
13036.2000 0.1358
13056.9000 0.1358
13066.4000 0.1358
13066.5000 0.1359
13073.5000 0.1359
13078.1000 0.1359
13085.0000 0.1360
13086.7000 0.1360
13087.1000 0.1360
13094.0000 0.1361
13100.4000 0.1361
13100.9000 0.1361
13111.8000 0.1362
13112.9000 0.1362
13120.3000 0.1363
13124.0000 0.1363
13126.1000 0.1363
13134.4000 0.1364
13147.1000 0.1364
13149.0000 0.1364
13154.3000 0.1365
13166.4000 0.1365
13170.9000 0.1365
13174.2000 0.1366
13182.3000 0.1366
13185.5000 0.1366
13185.9000 0.1367
13187.3000 0.1367
13193.2000 0.1367
13214.9000 0.1368
13218.2000 0.1368
13225.0000 0.1368
13228.2000 0.1369
13229.2000 0.1369
13233.3000 0.1369
13236.4000 0.1370
13246.0000 0.1370
13252.9000 0.1370
13256.8000 0.1371
13259.5000 0.1371
13260.3000 0.1372
13261.0000 0.1372
13269.2000 0.1372
13277.1000 0.1373
13277.7000 0.1373
13278.2000 0.1373
13285.4000 0.1374
13294.2000 0.1374
13295.8000 0.1374
13301.3000 0.1375
13303.3000 0.1375
13306.5000 0.1375
13308.2000 0.1376
13309.6000 0.1376
13311.0000 0.1376
13325.2000 0.1377
13327.0000 0.1377
13341.1000 0.1377
13347.2000 0.1378
13352.9000 0.1378
13358.4000 0.1378
13359.6000 0.1379
13374.9000 0.1379
13387.4000 0.1380
13388.4000 0.1380
13389.0000 0.1380
13390.5000 0.1381
13391.1000 0.1381
13395.7000 0.1381
13407.4000 0.1382
13408.6000 0.1382
13410.6000 0.1382
13421.0000 0.1383
13424.5000 0.1383
13427.0000 0.1383
13430.0000 0.1384
13430.0000 0.1384
13432.1000 0.1384
13434.0000 0.1385
13434.9000 0.1385
13457.4000 0.1385
13461.0000 0.1386
13466.9000 0.1386
13480.1000 0.1386
13482.3000 0.1387
13482.7000 0.1387
13494.1000 0.1388
13494.9000 0.1388
13500.9000 0.1388
13502.9000 0.1389
13505.0000 0.1389
13505.6000 0.1389
13519.0000 0.1390
13528.3000 0.1390
13539.1000 0.1390
13539.7000 0.1391
13540.6000 0.1391
13541.8000 0.1391
13549.7000 0.1392
13550.9000 0.1392
13567.2000 0.1392
13572.8000 0.1393
13573.5000 0.1393
13579.0000 0.1393
13581.9000 0.1394
13582.8000 0.1394
13584.0000 0.1394
13585.2000 0.1395
13588.3000 0.1395
13593.5000 0.1395
13598.0000 0.1396
13600.3000 0.1396
13602.4000 0.1397
13624.0000 0.1397
13625.9000 0.1397
13629.0000 0.1398
13637.0000 0.1398
13640.9000 0.1398
13644.4000 0.1399
13652.1000 0.1399
13652.5000 0.1399
13667.1000 0.1400
13667.4000 0.1400
13672.5000 0.1400
13674.9000 0.1401
13678.8000 0.1401
13681.6000 0.1401
13696.9000 0.1402
13706.1000 0.1402
13709.3000 0.1402
13716.3000 0.1403
13722.0000 0.1403
13739.0000 0.1403
13743.7000 0.1404
13744.2000 0.1404
13746.8000 0.1405
13747.9000 0.1405
13751.6000 0.1405
13751.6000 0.1406
13752.2000 0.1406
13760.6000 0.1406
13764.9000 0.1407
13779.2000 0.1407
13779.5000 0.1407
13783.1000 0.1408
13793.0000 0.1408
13806.3000 0.1408
13806.3000 0.1409
13809.7000 0.1409
13817.1000 0.1409
13829.8000 0.1410
13831.4000 0.1410
13831.9000 0.1410
13834.9000 0.1411
13838.6000 0.1411
13850.9000 0.1411
13853.7000 0.1412
13855.4000 0.1412
13855.5000 0.1413
13856.6000 0.1413
13871.6000 0.1413
13873.1000 0.1414
13875.4000 0.1414
13879.9000 0.1414
13884.9000 0.1415
13900.7000 0.1415
13914.3000 0.1415
13920.9000 0.1416
13923.2000 0.1416
13933.6000 0.1416
13934.5000 0.1417
13941.4000 0.1417
13946.4000 0.1417
13947.7000 0.1418
13950.7000 0.1418
13951.5000 0.1418
13966.4000 0.1419
13967.3000 0.1419
13968.0000 0.1419
13969.8000 0.1420
13985.3000 0.1420
13986.4000 0.1420
13986.7000 0.1421
13991.0000 0.1421
14012.5000 0.1422
14014.6000 0.1422
14018.5000 0.1422
14019.3000 0.1423
14019.8000 0.1423
14027.3000 0.1423
14032.3000 0.1424
14037.4000 0.1424
14042.9000 0.1424
14048.5000 0.1425
14050.0000 0.1425
14050.6000 0.1425
14050.6000 0.1426
14054.6000 0.1426
14056.4000 0.1426
14056.6000 0.1427
14058.2000 0.1427
14061.6000 0.1427
14063.8000 0.1428
14078.3000 0.1428
14078.9000 0.1428
14090.1000 0.1429
14090.8000 0.1429
14092.2000 0.1430
14097.7000 0.1430
14102.6000 0.1430
14102.8000 0.1431
14105.0000 0.1431
14106.5000 0.1431
14107.8000 0.1432
14111.5000 0.1432
14111.6000 0.1432
14111.9000 0.1433
14116.0000 0.1433
14122.5000 0.1433
14135.0000 0.1434
14143.9000 0.1434
14145.6000 0.1434
14155.3000 0.1435
14158.7000 0.1435
14163.0000 0.1435
14167.9000 0.1436
14171.0000 0.1436
14171.9000 0.1436
14171.9000 0.1437
14171.9000 0.1437
14182.3000 0.1438
14188.3000 0.1438
14203.0000 0.1438
14203.7000 0.1439
14204.3000 0.1439
14209.2000 0.1439
14213.9000 0.1440
14225.6000 0.1440
14230.8000 0.1440
14231.1000 0.1441
14234.0000 0.1441
14234.9000 0.1441
14241.3000 0.1442
14243.9000 0.1442
14250.1000 0.1442
14254.4000 0.1443
14266.6000 0.1443
14273.2000 0.1443
14290.3000 0.1444
14312.6000 0.1444
14322.6000 0.1444
14350.4000 0.1445
14358.9000 0.1445
14370.2000 0.1445
14380.5000 0.1446
14393.1000 0.1446
14393.3000 0.1447
14396.9000 0.1447
14397.8000 0.1447
14399.3000 0.1448
14403.0000 0.1448
14405.5000 0.1448
14405.8000 0.1449
14406.9000 0.1449
14407.8000 0.1449
14411.4000 0.1450
14412.4000 0.1450
14413.2000 0.1450
14413.7000 0.1451
14415.0000 0.1451
14419.3000 0.1451
14419.8000 0.1452
14429.9000 0.1452
14435.4000 0.1452
14437.3000 0.1453
14437.3000 0.1453
14451.5000 0.1453
14451.6000 0.1454
14452.7000 0.1454
14456.8000 0.1455
14464.9000 0.1455
14467.3000 0.1455
14475.2000 0.1456
14477.8000 0.1456
14479.0000 0.1456
14481.2000 0.1457
14482.4000 0.1457
14496.7000 0.1457
14527.0000 0.1458
14539.9000 0.1458
14545.1000 0.1458
14557.7000 0.1459
14557.9000 0.1459
14562.3000 0.1459
14567.4000 0.1460
14578.5000 0.1460
14584.2000 0.1460
14585.2000 0.1461
14587.9000 0.1461
14590.5000 0.1461
14592.8000 0.1462
14593.3000 0.1462
14593.9000 0.1463
14597.0000 0.1463
14600.3000 0.1463
14604.1000 0.1464
14605.1000 0.1464
14605.2000 0.1464
14607.1000 0.1465
14608.1000 0.1465
14614.7000 0.1465
14615.9000 0.1466
14617.1000 0.1466
14618.5000 0.1466
14619.1000 0.1467
14627.2000 0.1467
14628.8000 0.1467
14638.0000 0.1468
14641.0000 0.1468
14645.8000 0.1468
14650.8000 0.1469
14651.3000 0.1469
14651.9000 0.1469
14653.5000 0.1470
14660.2000 0.1470
14667.5000 0.1470
14669.8000 0.1471
14680.2000 0.1471
14690.7000 0.1472
14691.3000 0.1472
14694.0000 0.1472
14705.6000 0.1473
14707.2000 0.1473
14716.4000 0.1473
14718.3000 0.1474
14720.4000 0.1474
14737.1000 0.1474
14738.4000 0.1475
14740.4000 0.1475
14740.5000 0.1475
14749.7000 0.1476
14749.8000 0.1476
14753.4000 0.1476
14768.5000 0.1477
14774.0000 0.1477
14778.0000 0.1477
14781.4000 0.1478
14782.0000 0.1478
14789.1000 0.1478
14792.3000 0.1479
14800.6000 0.1479
14807.3000 0.1480
14815.3000 0.1480
14817.1000 0.1480
14824.3000 0.1481
14824.8000 0.1481
14832.0000 0.1481
14841.6000 0.1482
14845.6000 0.1482
14848.4000 0.1482
14854.4000 0.1483
14859.9000 0.1483
14865.3000 0.1483
14865.5000 0.1484
14872.0000 0.1484
14873.9000 0.1484
14878.3000 0.1485
14882.3000 0.1485
14885.3000 0.1485
14888.2000 0.1486
14889.9000 0.1486
14893.6000 0.1486
14899.8000 0.1487
14900.9000 0.1487
14901.8000 0.1488
14903.7000 0.1488
14904.4000 0.1488
14914.8000 0.1489
14927.6000 0.1489
14938.6000 0.1489
14940.0000 0.1490
14941.1000 0.1490
14942.3000 0.1490
14943.8000 0.1491
14944.8000 0.1491
14946.3000 0.1491
14949.1000 0.1492
14951.2000 0.1492
14954.9000 0.1492
14955.4000 0.1493
14957.0000 0.1493
14964.6000 0.1493
14966.1000 0.1494
14971.9000 0.1494
14972.9000 0.1494
14973.1000 0.1495
14975.5000 0.1495
14976.5000 0.1495
14991.8000 0.1496
14997.5000 0.1496
14998.4000 0.1497
15004.2000 0.1497
15029.5000 0.1497
15032.9000 0.1498
15040.2000 0.1498
15045.5000 0.1498
15048.8000 0.1499
15059.4000 0.1499
15070.4000 0.1499
15086.9000 0.1500
15098.3000 0.1500
15101.0000 0.1500
15109.3000 0.1501
15114.6000 0.1501
15118.7000 0.1501
15120.7000 0.1502
15121.4000 0.1502
15123.9000 0.1502
15125.2000 0.1503
15130.5000 0.1503
15139.5000 0.1503
15145.1000 0.1504
15147.2000 0.1504
15165.7000 0.1505
15179.8000 0.1505
15181.8000 0.1505
15182.4000 0.1506
15183.0000 0.1506
15187.3000 0.1506
15188.7000 0.1507
15194.5000 0.1507
15200.9000 0.1507
15207.0000 0.1508
15212.2000 0.1508
15228.0000 0.1508
15232.0000 0.1509
15239.3000 0.1509
15244.5000 0.1509
15248.8000 0.1510
15252.9000 0.1510
15262.9000 0.1510
15265.3000 0.1511
15270.5000 0.1511
15283.0000 0.1511
15288.7000 0.1512
15307.0000 0.1512
15308.4000 0.1513
15314.7000 0.1513
15316.0000 0.1513
15318.5000 0.1514
15332.1000 0.1514
15333.7000 0.1514
15334.5000 0.1515
15334.6000 0.1515
15335.9000 0.1515
15337.7000 0.1516
15339.2000 0.1516
15346.1000 0.1516
15358.2000 0.1517
15370.0000 0.1517
15372.2000 0.1517
15376.9000 0.1518
15383.0000 0.1518
15384.9000 0.1518
15385.9000 0.1519
15389.5000 0.1519
15391.1000 0.1519
15396.2000 0.1520
15416.0000 0.1520
15416.6000 0.1520
15419.0000 0.1521
15429.6000 0.1521
15446.0000 0.1522
15450.1000 0.1522
15468.1000 0.1522
15476.9000 0.1523
15481.8000 0.1523
15485.0000 0.1523
15493.7000 0.1524
15494.7000 0.1524
15502.8000 0.1524
15508.0000 0.1525
15513.5000 0.1525
15522.1000 0.1525
15526.6000 0.1526
15527.5000 0.1526
15527.6000 0.1526
15533.6000 0.1527
15533.9000 0.1527
15538.1000 0.1527
15538.4000 0.1528
15541.7000 0.1528
15543.6000 0.1528
15544.5000 0.1529
15551.0000 0.1529
15553.5000 0.1530
15565.7000 0.1530
15583.1000 0.1530
15593.5000 0.1531
15597.8000 0.1531
15600.9000 0.1531
15601.1000 0.1532
15605.2000 0.1532
15605.5000 0.1532
15609.7000 0.1533
15610.8000 0.1533
15613.2000 0.1533
15613.8000 0.1534
15616.9000 0.1534
15617.3000 0.1534
15626.9000 0.1535
15627.7000 0.1535
15628.0000 0.1535
15631.9000 0.1536
15632.0000 0.1536
15634.1000 0.1536
15635.9000 0.1537
15637.2000 0.1537
15643.9000 0.1538
15651.9000 0.1538
15654.0000 0.1538
15656.5000 0.1539
15664.7000 0.1539
15666.3000 0.1539
15668.5000 0.1540
15672.7000 0.1540
15674.1000 0.1540
15682.4000 0.1541
15697.5000 0.1541
15697.9000 0.1541
15702.3000 0.1542
15706.0000 0.1542
15717.5000 0.1542
15717.6000 0.1543
15718.4000 0.1543
15731.0000 0.1543
15734.5000 0.1544
15735.2000 0.1544
15746.5000 0.1544
15747.0000 0.1545
15748.4000 0.1545
15756.1000 0.1545
15756.4000 0.1546
15757.4000 0.1546
15767.0000 0.1547
15776.0000 0.1547
15782.4000 0.1547
15786.3000 0.1548
15788.3000 0.1548
15809.7000 0.1548
15815.2000 0.1549
15817.8000 0.1549
15824.1000 0.1549
15826.8000 0.1550
15836.9000 0.1550
15855.6000 0.1550
15856.9000 0.1551
15858.1000 0.1551
15859.1000 0.1551
15860.3000 0.1552
15864.1000 0.1552
15865.8000 0.1552
15869.5000 0.1553
15896.3000 0.1553
15900.6000 0.1553
15903.5000 0.1554
15904.5000 0.1554
15910.9000 0.1555
15927.0000 0.1555
15929.4000 0.1555
15942.1000 0.1556
15944.8000 0.1556
15946.0000 0.1556
15976.9000 0.1557
15985.2000 0.1557
15988.6000 0.1557
15989.7000 0.1558
15991.1000 0.1558
16005.4000 0.1558
16010.1000 0.1559
16019.6000 0.1559
16020.8000 0.1559
16041.4000 0.1560
16042.8000 0.1560
16044.5000 0.1560
16049.4000 0.1561
16050.6000 0.1561
16052.8000 0.1561
16053.3000 0.1562
16055.0000 0.1562
16065.8000 0.1563
16068.2000 0.1563
16086.2000 0.1563
16088.6000 0.1564
16091.4000 0.1564
16091.6000 0.1564
16092.0000 0.1565
16100.4000 0.1565
16105.9000 0.1565
16112.7000 0.1566
16117.5000 0.1566
16125.4000 0.1566
16132.0000 0.1567
16135.0000 0.1567
16136.4000 0.1567
16138.9000 0.1568
16144.9000 0.1568
16160.7000 0.1568
16161.0000 0.1569
16169.8000 0.1569
16171.6000 0.1569
16190.0000 0.1570
16203.7000 0.1570
16207.3000 0.1570
16208.4000 0.1571
16210.7000 0.1571
16212.2000 0.1572
16215.9000 0.1572
16219.3000 0.1572
16227.1000 0.1573
16235.9000 0.1573
16236.0000 0.1573
16239.0000 0.1574
16240.3000 0.1574
16247.1000 0.1574
16248.6000 0.1575
16250.8000 0.1575
16254.4000 0.1575
16259.1000 0.1576
16266.1000 0.1576
16269.0000 0.1576
16271.4000 0.1577
16273.8000 0.1577
16276.2000 0.1577
16278.0000 0.1578
16287.2000 0.1578
16290.2000 0.1578
16292.5000 0.1579
16294.4000 0.1579
16294.9000 0.1580
16305.2000 0.1580
16309.8000 0.1580
16314.2000 0.1581
16325.5000 0.1581
16326.7000 0.1581
16332.0000 0.1582
16347.1000 0.1582
16354.3000 0.1582
16359.5000 0.1583
16359.6000 0.1583
16378.1000 0.1583
16380.4000 0.1584
16384.0000 0.1584
16390.1000 0.1584
16390.9000 0.1585
16392.1000 0.1585
16397.3000 0.1585
16398.9000 0.1586
16404.3000 0.1586
16406.3000 0.1586
16408.2000 0.1587
16432.9000 0.1587
16457.9000 0.1588
16461.1000 0.1588
16461.5000 0.1588
16462.6000 0.1589
16466.0000 0.1589
16474.6000 0.1589
16485.0000 0.1590
16485.2000 0.1590
16489.7000 0.1590
16492.2000 0.1591
16492.7000 0.1591
16506.3000 0.1591
16510.7000 0.1592
16511.5000 0.1592
16518.2000 0.1592
16524.2000 0.1593
16527.7000 0.1593
16528.5000 0.1593
16536.9000 0.1594
16544.7000 0.1594
16546.0000 0.1594
16555.0000 0.1595
16556.3000 0.1595
16570.6000 0.1595
16576.3000 0.1596
16578.1000 0.1596
16591.5000 0.1597
16597.7000 0.1597
16600.0000 0.1597
16619.3000 0.1598
16619.6000 0.1598
16624.4000 0.1598
16630.9000 0.1599
16631.2000 0.1599
16635.5000 0.1599
16636.9000 0.1600
16647.3000 0.1600
16651.2000 0.1600
16653.5000 0.1601
16657.7000 0.1601
16659.9000 0.1601
16660.3000 0.1602
16661.9000 0.1602
16662.1000 0.1602
16663.3000 0.1603
16674.9000 0.1603
16678.3000 0.1603
16678.7000 0.1604
16691.8000 0.1604
16699.0000 0.1605
16708.0000 0.1605
16708.6000 0.1605
16711.2000 0.1606
16711.3000 0.1606
16712.2000 0.1606
16730.3000 0.1607
16733.8000 0.1607
16735.3000 0.1607
16737.0000 0.1608
16753.2000 0.1608
16755.0000 0.1608
16761.1000 0.1609
16767.9000 0.1609
16774.2000 0.1609
16775.1000 0.1610
16782.6000 0.1610
16786.2000 0.1610
16789.8000 0.1611
16793.2000 0.1611
16803.6000 0.1611
16808.4000 0.1612
16819.9000 0.1612
16824.8000 0.1613
16837.9000 0.1613
16838.1000 0.1613
16839.5000 0.1614
16847.4000 0.1614
16848.7000 0.1614
16851.8000 0.1615
16855.7000 0.1615
16856.0000 0.1615
16858.3000 0.1616
16872.0000 0.1616
16872.4000 0.1616
16876.9000 0.1617
16879.6000 0.1617
16882.9000 0.1617
16897.0000 0.1618
16901.2000 0.1618
16902.5000 0.1618
16910.4000 0.1619
16912.1000 0.1619
16913.1000 0.1619
16916.7000 0.1620
16920.8000 0.1620
16923.4000 0.1620
16934.0000 0.1621
16935.7000 0.1621
16936.5000 0.1622
16938.1000 0.1622
16940.4000 0.1622
16940.8000 0.1623
16942.1000 0.1623
16952.5000 0.1623
16957.9000 0.1624
16970.6000 0.1624
16970.9000 0.1624
16977.4000 0.1625
16979.0000 0.1625
16990.1000 0.1625
17000.4000 0.1626
17002.7000 0.1626
17017.1000 0.1626
17028.0000 0.1627
17028.3000 0.1627
17032.3000 0.1627
17037.7000 0.1628
17041.1000 0.1628
17047.5000 0.1628
17048.8000 0.1629
17051.8000 0.1629
17054.4000 0.1630
17065.2000 0.1630
17068.0000 0.1630
17074.3000 0.1631
17085.7000 0.1631
17099.0000 0.1631
17102.0000 0.1632
17113.4000 0.1632
17119.4000 0.1632
17126.0000 0.1633
17127.9000 0.1633
17132.7000 0.1633
17135.3000 0.1634
17173.4000 0.1634
17185.5000 0.1634
17187.7000 0.1635
17192.9000 0.1635
17193.1000 0.1635
17195.2000 0.1636
17195.9000 0.1636
17203.5000 0.1636
17212.4000 0.1637
17212.8000 0.1637
17231.9000 0.1638
17236.4000 0.1638
17251.8000 0.1638
17252.4000 0.1639
17265.9000 0.1639
17267.2000 0.1639
17274.0000 0.1640
17277.0000 0.1640
17279.0000 0.1640
17281.7000 0.1641
17288.0000 0.1641
17311.1000 0.1641
17311.7000 0.1642
17317.0000 0.1642
17328.4000 0.1642
17333.6000 0.1643
17343.3000 0.1643
17347.6000 0.1643
17350.2000 0.1644
17357.7000 0.1644
17363.1000 0.1644
17371.2000 0.1645
17374.3000 0.1645
17389.3000 0.1645
17395.4000 0.1646
17401.6000 0.1646
17405.8000 0.1647
17418.9000 0.1647
17429.2000 0.1647
17431.1000 0.1648
17432.6000 0.1648
17434.6000 0.1648
17452.5000 0.1649
17453.0000 0.1649
17458.0000 0.1649
17474.2000 0.1650
17479.3000 0.1650
17482.2000 0.1650
17485.7000 0.1651
17490.8000 0.1651
17496.1000 0.1651
17496.5000 0.1652
17496.9000 0.1652
17500.7000 0.1652
17503.7000 0.1653
17504.2000 0.1653
17505.5000 0.1653
17512.0000 0.1654
17515.4000 0.1654
17518.6000 0.1655
17533.1000 0.1655
17539.1000 0.1655
17544.2000 0.1656
17548.8000 0.1656
17558.0000 0.1656
17558.4000 0.1657
17562.5000 0.1657
17569.3000 0.1657
17571.2000 0.1658
17572.2000 0.1658
17578.5000 0.1658
17581.2000 0.1659
17583.1000 0.1659
17601.0000 0.1659
17605.8000 0.1660
17611.1000 0.1660
17623.5000 0.1660
17627.5000 0.1661
17630.2000 0.1661
17637.7000 0.1661
17638.0000 0.1662
17638.8000 0.1662
17645.4000 0.1663
17654.6000 0.1663
17658.8000 0.1663
17661.5000 0.1664
17661.6000 0.1664
17671.2000 0.1664
17673.9000 0.1665
17676.6000 0.1665
17688.5000 0.1665
17693.6000 0.1666
17697.1000 0.1666
17698.0000 0.1666
17700.7000 0.1667
17706.3000 0.1667
17712.3000 0.1667
17723.4000 0.1668
17741.1000 0.1668
17746.1000 0.1668
17749.0000 0.1669
17749.2000 0.1669
17771.9000 0.1669
17780.7000 0.1670
17784.2000 0.1670
17786.7000 0.1670
17798.8000 0.1671
17799.7000 0.1671
17801.8000 0.1672
17821.6000 0.1672
17826.2000 0.1672
17832.3000 0.1673
17835.3000 0.1673
17845.6000 0.1673
17866.5000 0.1674
17868.4000 0.1674
17870.0000 0.1674
17874.2000 0.1675
17875.1000 0.1675
17881.9000 0.1675
17888.0000 0.1676
17894.6000 0.1676
17897.1000 0.1676
17901.9000 0.1677
17903.0000 0.1677
17905.0000 0.1677
17909.3000 0.1678
17920.9000 0.1678
17929.8000 0.1678
17933.2000 0.1679
17938.0000 0.1679
17938.4000 0.1680
17938.8000 0.1680
17940.8000 0.1680
17944.1000 0.1681
17951.4000 0.1681
17954.3000 0.1681
17955.0000 0.1682
17956.1000 0.1682
17968.3000 0.1682
17969.7000 0.1683
17970.1000 0.1683
17971.1000 0.1683
17971.5000 0.1684
17977.8000 0.1684
17986.3000 0.1684
17989.1000 0.1685
17991.3000 0.1685
17996.6000 0.1685
17997.5000 0.1686
18001.6000 0.1686
18006.7000 0.1686
18009.4000 0.1687
18012.3000 0.1687
18018.9000 0.1688
18034.9000 0.1688
18039.3000 0.1688
18041.3000 0.1689
18045.0000 0.1689
18051.7000 0.1689
18057.8000 0.1690
18057.9000 0.1690
18065.3000 0.1690
18072.0000 0.1691
18074.9000 0.1691
18075.9000 0.1691
18080.4000 0.1692
18089.4000 0.1692
18095.0000 0.1692
18097.6000 0.1693
18097.7000 0.1693
18101.4000 0.1693
18114.0000 0.1694
18115.2000 0.1694
18117.3000 0.1694
18125.0000 0.1695
18126.5000 0.1695
18134.9000 0.1695
18135.7000 0.1696
18139.1000 0.1696
18148.8000 0.1697
18161.0000 0.1697
18163.4000 0.1697
18165.0000 0.1698
18172.2000 0.1698
18173.7000 0.1698
18203.4000 0.1699
18207.0000 0.1699
18216.9000 0.1699
18217.0000 0.1700
18220.0000 0.1700
18220.5000 0.1700
18223.1000 0.1701
18228.8000 0.1701
18229.8000 0.1701
18230.1000 0.1702
18234.2000 0.1702
18242.0000 0.1702
18250.1000 0.1703
18253.7000 0.1703
18256.9000 0.1703
18270.2000 0.1704
18281.7000 0.1704
18282.5000 0.1705
18308.9000 0.1705
18314.7000 0.1705
18323.8000 0.1706
18329.2000 0.1706
18339.7000 0.1706
18347.1000 0.1707
18353.9000 0.1707
18354.4000 0.1707
18365.7000 0.1708
18366.0000 0.1708
18376.3000 0.1708
18382.4000 0.1709
18391.8000 0.1709
18404.0000 0.1709
18407.0000 0.1710
18410.3000 0.1710
18413.9000 0.1710
18418.4000 0.1711
18420.2000 0.1711
18424.4000 0.1711
18429.1000 0.1712
18440.0000 0.1712
18443.5000 0.1713
18443.7000 0.1713
18458.4000 0.1713
18470.8000 0.1714
18488.8000 0.1714
18492.3000 0.1714
18494.0000 0.1715
18496.2000 0.1715
18505.2000 0.1715
18528.7000 0.1716
18530.8000 0.1716
18532.1000 0.1716
18535.7000 0.1717
18564.5000 0.1717
18568.7000 0.1717
18570.4000 0.1718
18573.9000 0.1718
18583.6000 0.1718
18586.8000 0.1719
18593.1000 0.1719
18597.8000 0.1719
18602.3000 0.1720
18608.6000 0.1720
18624.8000 0.1720
18632.1000 0.1721
18633.6000 0.1721
18635.0000 0.1722
18637.2000 0.1722
18640.3000 0.1722
18650.4000 0.1723
18662.2000 0.1723
18665.4000 0.1723
18666.1000 0.1724
18666.3000 0.1724
18687.2000 0.1724
18691.3000 0.1725
18699.0000 0.1725
18702.4000 0.1725
18703.1000 0.1726
18703.6000 0.1726
18706.5000 0.1726
18713.1000 0.1727
18714.4000 0.1727
18715.7000 0.1727
18716.3000 0.1728
18716.9000 0.1728
18726.5000 0.1728
18728.5000 0.1729
18744.1000 0.1729
18753.3000 0.1730
18767.0000 0.1730
18772.2000 0.1730
18790.5000 0.1731
18804.6000 0.1731
18804.9000 0.1731
18807.1000 0.1732
18827.3000 0.1732
18839.9000 0.1732
18843.8000 0.1733
18852.1000 0.1733
18858.8000 0.1733
18860.8000 0.1734
18870.3000 0.1734
18873.2000 0.1734
18877.4000 0.1735
18885.4000 0.1735
18888.2000 0.1735
18889.0000 0.1736
18893.5000 0.1736
18912.6000 0.1736
18916.6000 0.1737
18916.6000 0.1737
18918.2000 0.1738
18938.3000 0.1738
18941.6000 0.1738
18944.9000 0.1739
18945.4000 0.1739
18948.4000 0.1739
18953.5000 0.1740
18959.6000 0.1740
18959.8000 0.1740
18975.1000 0.1741
18982.5000 0.1741
18988.7000 0.1741
18995.5000 0.1742
19003.0000 0.1742
19004.2000 0.1742
19009.4000 0.1743
19012.9000 0.1743
19016.7000 0.1743
19027.9000 0.1744
19036.5000 0.1744
19052.8000 0.1744
19055.2000 0.1745
19068.2000 0.1745
19072.6000 0.1745
19073.4000 0.1746
19075.4000 0.1746
19078.7000 0.1747
19087.6000 0.1747
19091.8000 0.1747
19108.1000 0.1748
19125.0000 0.1748
19127.5000 0.1748
19131.9000 0.1749
19132.8000 0.1749
19133.7000 0.1749
19137.5000 0.1750
19138.0000 0.1750
19146.1000 0.1750
19150.4000 0.1751
19154.0000 0.1751
19154.3000 0.1751
19163.6000 0.1752
19184.7000 0.1752
19187.9000 0.1752
19192.9000 0.1753
19200.2000 0.1753
19202.7000 0.1753
19231.2000 0.1754
19233.0000 0.1754
19237.0000 0.1755
19243.9000 0.1755
19248.6000 0.1755
19257.2000 0.1756
19261.5000 0.1756
19270.0000 0.1756
19272.3000 0.1757
19281.8000 0.1757
19293.8000 0.1757
19300.1000 0.1758
19302.7000 0.1758
19304.9000 0.1758
19328.4000 0.1759
19333.2000 0.1759
19339.8000 0.1759
19341.4000 0.1760
19347.3000 0.1760
19354.8000 0.1760
19355.2000 0.1761
19361.9000 0.1761
19362.4000 0.1761
19362.9000 0.1762
19363.4000 0.1762
19371.8000 0.1763
19398.0000 0.1763
19403.0000 0.1763
19410.0000 0.1764
19411.7000 0.1764
19413.4000 0.1764
19415.0000 0.1765
19422.8000 0.1765
19426.3000 0.1765
19429.2000 0.1766
19440.9000 0.1766
19442.7000 0.1766
19447.4000 0.1767
19448.2000 0.1767
19451.2000 0.1767
19456.2000 0.1768
19457.7000 0.1768
19458.3000 0.1768
19478.3000 0.1769
19483.0000 0.1769
19485.7000 0.1769
19489.6000 0.1770
19492.3000 0.1770
19496.1000 0.1770
19517.9000 0.1771
19529.4000 0.1771
19532.4000 0.1772
19532.5000 0.1772
19534.2000 0.1772
19547.1000 0.1773
19552.7000 0.1773
19557.0000 0.1773
19569.8000 0.1774
19572.1000 0.1774
19579.3000 0.1774
19580.8000 0.1775
19583.2000 0.1775
19596.1000 0.1775
19598.6000 0.1776
19599.6000 0.1776
19604.3000 0.1776
19621.6000 0.1777
19629.1000 0.1777
19635.7000 0.1777
19637.0000 0.1778
19643.6000 0.1778
19645.7000 0.1778
19647.2000 0.1779
19647.8000 0.1779
19649.1000 0.1780
19650.0000 0.1780
19650.2000 0.1780
19655.6000 0.1781
19660.9000 0.1781
19675.8000 0.1781
19677.3000 0.1782
19702.9000 0.1782
19704.5000 0.1782
19710.5000 0.1783
19713.0000 0.1783
19714.0000 0.1783
19716.5000 0.1784
19721.3000 0.1784
19722.4000 0.1784
19745.2000 0.1785
19754.1000 0.1785
19757.1000 0.1785
19761.7000 0.1786
19763.7000 0.1786
19783.5000 0.1786
19784.6000 0.1787
19787.1000 0.1787
19799.1000 0.1788
19801.3000 0.1788
19817.7000 0.1788
19820.7000 0.1789
19824.0000 0.1789
19825.4000 0.1789
19841.5000 0.1790
19846.1000 0.1790
19850.6000 0.1790
19852.6000 0.1791
19864.7000 0.1791
19877.3000 0.1791
19887.4000 0.1792
19892.0000 0.1792
19895.9000 0.1792
19900.8000 0.1793
19908.7000 0.1793
19935.2000 0.1793
19935.9000 0.1794
19948.2000 0.1794
19953.0000 0.1794
19954.8000 0.1795
19958.9000 0.1795
19967.1000 0.1795
19970.1000 0.1796
19980.1000 0.1796
19982.3000 0.1797
19991.6000 0.1797
19991.6000 0.1797
19991.9000 0.1798
19999.0000 0.1798
20000.3000 0.1798
20001.3000 0.1799
20002.3000 0.1799
20006.7000 0.1799
20015.6000 0.1800
20017.5000 0.1800
20017.7000 0.1800
20021.7000 0.1801
20022.5000 0.1801
20027.1000 0.1801
20046.7000 0.1802
20047.0000 0.1802
20051.1000 0.1802
20059.2000 0.1803
20064.3000 0.1803
20078.2000 0.1803
20079.9000 0.1804
20085.3000 0.1804
20100.8000 0.1805
20105.6000 0.1805
20110.6000 0.1805
20110.7000 0.1806
20124.8000 0.1806
20126.0000 0.1806
20136.4000 0.1807
20137.2000 0.1807
20204.8000 0.1807
20215.2000 0.1808
20215.3000 0.1808
20219.7000 0.1808
20220.9000 0.1809
20230.5000 0.1809
20235.1000 0.1809
20235.6000 0.1810
20245.4000 0.1810
20253.4000 0.1810
20257.9000 0.1811
20269.1000 0.1811
20274.5000 0.1811
20280.0000 0.1812
20296.3000 0.1812
20299.7000 0.1813
20314.0000 0.1813
20318.5000 0.1813
20326.6000 0.1814
20331.2000 0.1814
20332.1000 0.1814
20335.1000 0.1815
20341.1000 0.1815
20356.4000 0.1815
20359.6000 0.1816
20361.4000 0.1816
20366.4000 0.1816
20371.2000 0.1817
20372.0000 0.1817
20383.2000 0.1817
20387.5000 0.1818
20387.8000 0.1818
20402.0000 0.1818
20412.0000 0.1819
20425.3000 0.1819
20454.8000 0.1819
20459.3000 0.1820
20463.7000 0.1820
20471.2000 0.1820
20477.9000 0.1821
20479.0000 0.1821
20489.2000 0.1822
20491.0000 0.1822
20500.4000 0.1822
20514.6000 0.1823
20527.1000 0.1823
20533.5000 0.1823
20539.9000 0.1824
20547.5000 0.1824
20549.7000 0.1824
20550.7000 0.1825
20556.2000 0.1825
20564.1000 0.1825
20578.9000 0.1826
20587.6000 0.1826
20587.6000 0.1826
20592.3000 0.1827
20598.8000 0.1827
20599.9000 0.1827
20602.7000 0.1828
20603.0000 0.1828
20604.7000 0.1828
20606.1000 0.1829
20613.4000 0.1829
20651.7000 0.1830
20663.5000 0.1830
20664.5000 0.1830
20669.2000 0.1831
20679.8000 0.1831
20702.9000 0.1831
20718.7000 0.1832
20719.1000 0.1832
20728.6000 0.1832
20729.9000 0.1833
20742.2000 0.1833
20759.1000 0.1833
20777.5000 0.1834
20823.4000 0.1834
20827.8000 0.1834
20834.1000 0.1835
20836.0000 0.1835
20837.2000 0.1835
20842.0000 0.1836
20845.3000 0.1836
20849.3000 0.1836
20864.0000 0.1837
20869.7000 0.1837
20874.5000 0.1838
20892.5000 0.1838
20893.0000 0.1838
20901.2000 0.1839
20915.3000 0.1839
20922.0000 0.1839
20938.0000 0.1840
20940.9000 0.1840
20973.5000 0.1840
20974.1000 0.1841
20978.8000 0.1841
20985.2000 0.1841
20989.9000 0.1842
20999.8000 0.1842
21009.6000 0.1842
21026.6000 0.1843
21027.6000 0.1843
21027.6000 0.1843
21028.8000 0.1844
21043.6000 0.1844
21059.9000 0.1844
21060.2000 0.1845
21060.3000 0.1845
21071.0000 0.1845
21078.9000 0.1846
21097.4000 0.1846
21097.8000 0.1847
21102.9000 0.1847
21114.1000 0.1847
21119.6000 0.1848
21121.3000 0.1848
21132.2000 0.1848
21133.0000 0.1849
21147.5000 0.1849
21156.8000 0.1849
21158.9000 0.1850
21165.8000 0.1850
21168.8000 0.1850
21173.6000 0.1851
21177.0000 0.1851
21195.3000 0.1851
21211.1000 0.1852
21214.0000 0.1852
21228.1000 0.1852
21240.1000 0.1853
21250.1000 0.1853
21251.3000 0.1853
21262.3000 0.1854
21263.0000 0.1854
21276.3000 0.1855
21280.5000 0.1855
21287.0000 0.1855
21291.0000 0.1856
21291.7000 0.1856
21296.9000 0.1856
21321.7000 0.1857
21334.4000 0.1857
21338.4000 0.1857
21342.3000 0.1858
21346.2000 0.1858
21379.5000 0.1858
21382.3000 0.1859
21391.2000 0.1859
21405.7000 0.1859
21422.2000 0.1860
21426.9000 0.1860
21429.6000 0.1860
21438.5000 0.1861
21441.7000 0.1861
21444.6000 0.1861
21456.5000 0.1862
21467.5000 0.1862
21468.6000 0.1863
21472.0000 0.1863
21472.4000 0.1863
21481.6000 0.1864
21483.8000 0.1864
21483.8000 0.1864
21494.0000 0.1865
21497.1000 0.1865
21499.7000 0.1865
21500.9000 0.1866
21500.9000 0.1866
21511.3000 0.1866
21521.4000 0.1867
21530.9000 0.1867
21531.6000 0.1867
21542.2000 0.1868
21549.0000 0.1868
21571.1000 0.1868
21599.4000 0.1869
21602.7000 0.1869
21603.3000 0.1869
21610.0000 0.1870
21623.1000 0.1870
21626.5000 0.1870
21627.3000 0.1871
21632.5000 0.1871
21635.0000 0.1872
21660.1000 0.1872
21660.9000 0.1872
21669.0000 0.1873
21672.4000 0.1873
21681.7000 0.1873
21690.7000 0.1874
21699.1000 0.1874
21725.5000 0.1874
21734.0000 0.1875
21740.2000 0.1875
21745.0000 0.1875
21752.0000 0.1876
21759.7000 0.1876
21775.0000 0.1876
21807.3000 0.1877
21810.1000 0.1877
21832.6000 0.1877
21833.8000 0.1878
21836.4000 0.1878
21846.8000 0.1878
21849.5000 0.1879
21853.8000 0.1879
21857.6000 0.1880
21860.0000 0.1880
21861.7000 0.1880
21865.7000 0.1881
21897.2000 0.1881
21905.8000 0.1881
21923.9000 0.1882
21928.7000 0.1882
21953.4000 0.1882
21968.0000 0.1883
22002.2000 0.1883
22002.3000 0.1883
22005.2000 0.1884
22009.4000 0.1884
22024.1000 0.1884
22055.8000 0.1885
22069.1000 0.1885
22092.0000 0.1885
22105.3000 0.1886
22108.1000 0.1886
22108.3000 0.1886
22112.3000 0.1887
22137.6000 0.1887
22148.9000 0.1888
22150.5000 0.1888
22155.7000 0.1888
22170.9000 0.1889
22190.0000 0.1889
22200.9000 0.1889
22254.9000 0.1890
22262.3000 0.1890
22268.3000 0.1890
22293.4000 0.1891
22302.0000 0.1891
22303.0000 0.1891
22308.3000 0.1892
22312.0000 0.1892
22327.6000 0.1892
22332.9000 0.1893
22343.0000 0.1893
22366.0000 0.1893
22366.7000 0.1894
22387.0000 0.1894
22395.0000 0.1894
22417.2000 0.1895
22418.5000 0.1895
22463.6000 0.1895
22464.6000 0.1896
22481.3000 0.1896
22496.6000 0.1897
22500.0000 0.1897
22502.5000 0.1897
22508.0000 0.1898
22527.9000 0.1898
22552.7000 0.1898
22558.5000 0.1899
22560.3000 0.1899
22572.0000 0.1899
22574.7000 0.1900
22590.0000 0.1900
22590.8000 0.1900
22591.6000 0.1901
22608.7000 0.1901
22614.2000 0.1901
22636.8000 0.1902
22638.3000 0.1902
22641.2000 0.1902
22646.8000 0.1903
22656.1000 0.1903
22669.7000 0.1903
22686.8000 0.1904
22687.0000 0.1904
22695.9000 0.1905
22697.1000 0.1905
22707.3000 0.1905
22710.4000 0.1906
22761.2000 0.1906
22762.7000 0.1906
22777.9000 0.1907
22786.1000 0.1907
22796.9000 0.1907
22806.3000 0.1908
22830.2000 0.1908
22858.2000 0.1908
22861.6000 0.1909
22883.1000 0.1909
22902.4000 0.1909
22948.5000 0.1910
22956.3000 0.1910
22964.2000 0.1910
22973.6000 0.1911
22973.7000 0.1911
23019.3000 0.1911
23036.4000 0.1912
23038.7000 0.1912
23062.9000 0.1913
23075.4000 0.1913
23075.9000 0.1913
23079.6000 0.1914
23091.5000 0.1914
23114.0000 0.1914
23126.8000 0.1915
23147.1000 0.1915
23163.2000 0.1915
23166.6000 0.1916
23181.4000 0.1916
23196.6000 0.1916
23205.9000 0.1917
23236.2000 0.1917
23285.7000 0.1917
23299.1000 0.1918
23328.8000 0.1918
23347.7000 0.1918
23362.7000 0.1919
23372.7000 0.1919
23374.0000 0.1919
23434.3000 0.1920
23489.5000 0.1920
23495.3000 0.1920
23503.4000 0.1921
23565.4000 0.1921
23599.8000 0.1922
23613.5000 0.1922
23633.3000 0.1922
23648.2000 0.1923
23722.7000 0.1923
23748.6000 0.1923
23769.6000 0.1924
23785.9000 0.1924
23825.6000 0.1924
23839.9000 0.1925
23870.5000 0.1925
23872.8000 0.1925
23900.0000 0.1926
23932.3000 0.1926
23933.3000 0.1926
23941.2000 0.1927
23970.0000 0.1927
23971.5000 0.1927
23984.7000 0.1928
23998.7000 0.1928
24014.4000 0.1928
24037.1000 0.1929
24072.7000 0.1929
24108.9000 0.1930
24110.5000 0.1930
24120.2000 0.1930
24137.8000 0.1931
24172.5000 0.1931
24172.6000 0.1931
24211.3000 0.1932
24289.9000 0.1932
24328.6000 0.1932
24338.6000 0.1933
24348.0000 0.1933
24348.7000 0.1933
24364.0000 0.1934
24535.5000 0.1934
24547.3000 0.1934
24555.5000 0.1935
24652.8000 0.1935
24676.9000 0.1935
24737.0000 0.1936
24758.1000 0.1936
24773.2000 0.1936
24782.5000 0.1937
24797.7000 0.1937
24950.3000 0.1938
25000.7000 0.1938
25056.0000 0.1938
25110.9000 0.1939
25134.9000 0.1939
25166.6000 0.1939
25170.0000 0.1940
25216.2000 0.1940
25227.3000 0.1940
25327.0000 0.1941
25327.7000 0.1941
25338.8000 0.1941
25368.5000 0.1942
25384.0000 0.1942
25463.6000 0.1942
25470.3000 0.1943
25497.6000 0.1943
25535.4000 0.1943
25599.1000 0.1944
25665.0000 0.1944
25737.0000 0.1944
25746.6000 0.1945
25805.8000 0.1945
25843.9000 0.1945
25855.0000 0.1946
25872.1000 0.1946
26167.6000 0.1947
26180.8000 0.1947
26193.4000 0.1947
26253.4000 0.1948
26475.7000 0.1948
26538.4000 0.1948
26587.1000 0.1949
26627.6000 0.1949
26691.7000 0.1949
26741.5000 0.1950
26752.9000 0.1950
26862.2000 0.1950
27120.8000 0.1951
27194.8000 0.1951
27255.7000 0.1951
27404.0000 0.1952
27484.5000 0.1952
27532.0000 0.1952
27974.4000 0.1953
28044.5000 0.1953
28174.2000 0.1953
28576.8000 0.1954
