# messageDelay  cumulativeProbability
1.0000 0.0001
1.0000 0.0002
1.0000 0.0003
1.0000 0.0004
1.0000 0.0005
1.0000 0.0006
1.0000 0.0007
1.0000 0.0008
1.0000 0.0009
1.0000 0.0010
1.0000 0.0011
1.0000 0.0013
1.0000 0.0014
1.0000 0.0015
1.0000 0.0016
1.0000 0.0017
1.0000 0.0018
1.0000 0.0019
1.0000 0.0020
1.0000 0.0021
1.0000 0.0022
1.0000 0.0023
1.0000 0.0024
1.0000 0.0025
1.0000 0.0026
1.0000 0.0027
1.0000 0.0028
1.0000 0.0029
1.0000 0.0030
1.0000 0.0031
1.0000 0.0032
1.7000 0.0033
1.7000 0.0034
7.7000 0.0035
8.9000 0.0036
22.3000 0.0037
26.6000 0.0039
34.6000 0.0040
44.4000 0.0041
47.3000 0.0042
71.5000 0.0043
94.2000 0.0044
127.1000 0.0045
128.6000 0.0046
131.5000 0.0047
140.2000 0.0048
145.6000 0.0049
146.0000 0.0050
150.9000 0.0051
169.4000 0.0052
170.4000 0.0053
173.7000 0.0054
181.7000 0.0055
184.1000 0.0056
194.3000 0.0057
201.5000 0.0058
204.6000 0.0059
219.6000 0.0060
226.7000 0.0061
228.7000 0.0062
229.9000 0.0064
239.3000 0.0065
245.3000 0.0066
246.3000 0.0067
247.4000 0.0068
261.4000 0.0069
272.9000 0.0070
280.9000 0.0071
281.0000 0.0072
282.4000 0.0073
283.6000 0.0074
283.7000 0.0075
292.9000 0.0076
293.7000 0.0077
293.8000 0.0078
294.7000 0.0079
299.3000 0.0080
299.9000 0.0081
300.8000 0.0082
302.4000 0.0083
303.3000 0.0084
305.6000 0.0085
305.9000 0.0086
311.7000 0.0087
315.4000 0.0089
318.0000 0.0090
322.3000 0.0091
327.7000 0.0092
330.6000 0.0093
333.8000 0.0094
335.6000 0.0095
337.6000 0.0096
338.3000 0.0097
338.8000 0.0098
341.1000 0.0099
342.3000 0.0100
343.8000 0.0101
346.4000 0.0102
347.1000 0.0103
349.2000 0.0104
350.1000 0.0105
353.6000 0.0106
361.3000 0.0107
362.9000 0.0108
367.5000 0.0109
369.6000 0.0110
371.5000 0.0111
373.3000 0.0113
374.9000 0.0114
376.5000 0.0115
378.7000 0.0116
380.0000 0.0117
380.6000 0.0118
383.5000 0.0119
386.4000 0.0120
387.8000 0.0121
391.4000 0.0122
392.3000 0.0123
392.4000 0.0124
393.9000 0.0125
397.8000 0.0126
398.2000 0.0127
399.3000 0.0128
399.5000 0.0129
404.5000 0.0130
405.4000 0.0131
406.8000 0.0132
407.9000 0.0133
408.7000 0.0134
409.7000 0.0135
411.1000 0.0136
413.9000 0.0138
414.6000 0.0139
415.3000 0.0140
420.8000 0.0141
426.4000 0.0142
429.8000 0.0143
430.7000 0.0144
431.9000 0.0145
432.6000 0.0146
434.0000 0.0147
437.6000 0.0148
441.3000 0.0149
443.5000 0.0150
444.3000 0.0151
449.4000 0.0152
450.7000 0.0153
452.4000 0.0154
457.7000 0.0155
461.8000 0.0156
461.9000 0.0157
462.7000 0.0158
465.4000 0.0159
465.5000 0.0160
467.6000 0.0161
469.7000 0.0163
475.4000 0.0164
476.6000 0.0165
477.8000 0.0166
482.0000 0.0167
483.9000 0.0168
485.9000 0.0169
486.4000 0.0170
488.6000 0.0171
491.5000 0.0172
492.2000 0.0173
494.9000 0.0174
497.6000 0.0175
500.0000 0.0176
502.0000 0.0177
503.3000 0.0178
503.8000 0.0179
503.9000 0.0180
507.6000 0.0181
507.6000 0.0182
508.0000 0.0183
509.8000 0.0184
510.0000 0.0185
515.1000 0.0186
515.7000 0.0188
516.8000 0.0189
516.9000 0.0190
516.9000 0.0191
517.2000 0.0192
521.9000 0.0193
522.8000 0.0194
522.9000 0.0195
525.5000 0.0196
527.5000 0.0197
527.5000 0.0198
529.4000 0.0199
531.2000 0.0200
536.5000 0.0201
537.0000 0.0202
539.6000 0.0203
542.1000 0.0204
543.0000 0.0205
545.3000 0.0206
548.0000 0.0207
550.4000 0.0208
551.9000 0.0209
552.4000 0.0210
560.9000 0.0211
564.1000 0.0212
564.4000 0.0214
564.5000 0.0215
565.3000 0.0216
566.2000 0.0217
569.3000 0.0218
569.4000 0.0219
572.1000 0.0220
577.1000 0.0221
577.7000 0.0222
580.5000 0.0223
583.0000 0.0224
584.9000 0.0225
586.4000 0.0226
586.4000 0.0227
589.6000 0.0228
591.0000 0.0229
594.6000 0.0230
599.7000 0.0231
600.8000 0.0232
601.0000 0.0233
601.3000 0.0234
601.6000 0.0235
602.4000 0.0236
606.0000 0.0237
607.4000 0.0239
610.6000 0.0240
610.9000 0.0241
613.3000 0.0242
614.8000 0.0243
624.9000 0.0244
627.3000 0.0245
628.5000 0.0246
631.0000 0.0247
631.2000 0.0248
632.6000 0.0249
634.4000 0.0250
635.1000 0.0251
635.8000 0.0252
640.9000 0.0253
641.2000 0.0254
643.1000 0.0255
644.5000 0.0256
646.5000 0.0257
650.9000 0.0258
653.0000 0.0259
654.6000 0.0260
655.6000 0.0261
656.0000 0.0262
656.2000 0.0264
656.4000 0.0265
656.8000 0.0266
659.5000 0.0267
661.3000 0.0268
665.9000 0.0269
666.9000 0.0270
669.1000 0.0271
669.2000 0.0272
670.0000 0.0273
670.4000 0.0274
671.9000 0.0275
673.1000 0.0276
675.6000 0.0277
677.1000 0.0278
678.1000 0.0279
683.3000 0.0280
684.6000 0.0281
684.9000 0.0282
685.0000 0.0283
687.1000 0.0284
687.5000 0.0285
688.7000 0.0286
693.4000 0.0287
696.5000 0.0289
697.2000 0.0290
698.8000 0.0291
702.2000 0.0292
702.8000 0.0293
703.0000 0.0294
704.5000 0.0295
713.2000 0.0296
713.4000 0.0297
716.6000 0.0298
720.0000 0.0299
720.8000 0.0300
724.9000 0.0301
725.7000 0.0302
725.9000 0.0303
726.9000 0.0304
728.0000 0.0305
729.4000 0.0306
730.1000 0.0307
730.1000 0.0308
738.1000 0.0309
738.4000 0.0310
741.5000 0.0311
743.0000 0.0312
743.1000 0.0314
745.2000 0.0315
746.6000 0.0316
746.6000 0.0317
747.5000 0.0318
749.4000 0.0319
750.7000 0.0320
751.8000 0.0321
752.9000 0.0322
753.0000 0.0323
755.3000 0.0324
755.6000 0.0325
757.9000 0.0326
760.6000 0.0327
763.5000 0.0328
766.0000 0.0329
766.7000 0.0330
768.7000 0.0331
769.6000 0.0332
773.0000 0.0333
774.8000 0.0334
774.9000 0.0335
776.8000 0.0336
777.4000 0.0337
780.1000 0.0339
780.3000 0.0340
780.6000 0.0341
782.2000 0.0342
782.5000 0.0343
782.8000 0.0344
785.8000 0.0345
788.4000 0.0346
789.5000 0.0347
794.6000 0.0348
794.6000 0.0349
794.7000 0.0350
797.2000 0.0351
798.0000 0.0352
798.9000 0.0353
799.2000 0.0354
800.1000 0.0355
806.8000 0.0356
806.9000 0.0357
806.9000 0.0358
810.9000 0.0359
811.0000 0.0360
812.4000 0.0361
816.6000 0.0362
816.7000 0.0364
819.2000 0.0365
821.1000 0.0366
821.6000 0.0367
822.3000 0.0368
825.8000 0.0369
827.5000 0.0370
828.9000 0.0371
830.1000 0.0372
831.3000 0.0373
836.5000 0.0374
836.8000 0.0375
838.5000 0.0376
839.4000 0.0377
839.5000 0.0378
839.8000 0.0379
841.3000 0.0380
841.4000 0.0381
841.8000 0.0382
842.6000 0.0383
844.7000 0.0384
846.0000 0.0385
846.0000 0.0386
857.5000 0.0388
859.3000 0.0389
860.6000 0.0390
865.3000 0.0391
868.2000 0.0392
871.6000 0.0393
871.9000 0.0394
877.6000 0.0395
879.1000 0.0396
880.3000 0.0397
880.6000 0.0398
881.7000 0.0399
881.7000 0.0400
882.5000 0.0401
884.5000 0.0402
886.8000 0.0403
887.4000 0.0404
888.6000 0.0405
888.7000 0.0406
890.5000 0.0407
894.4000 0.0408
895.1000 0.0409
895.8000 0.0410
898.1000 0.0411
898.6000 0.0413
899.7000 0.0414
901.6000 0.0415
902.2000 0.0416
905.4000 0.0417
905.6000 0.0418
907.0000 0.0419
908.1000 0.0420
909.2000 0.0421
910.1000 0.0422
914.4000 0.0423
917.7000 0.0424
922.0000 0.0425
922.3000 0.0426
922.6000 0.0427
923.7000 0.0428
924.6000 0.0429
925.3000 0.0430
928.1000 0.0431
928.2000 0.0432
928.8000 0.0433
929.1000 0.0434
930.5000 0.0435
932.5000 0.0436
933.5000 0.0438
936.5000 0.0439
937.1000 0.0440
939.6000 0.0441
941.8000 0.0442
942.2000 0.0443
942.9000 0.0444
943.6000 0.0445
943.9000 0.0446
944.3000 0.0447
947.5000 0.0448
947.8000 0.0449
949.4000 0.0450
956.2000 0.0451
957.4000 0.0452
959.8000 0.0453
960.4000 0.0454
961.4000 0.0455
961.4000 0.0456
963.3000 0.0457
963.4000 0.0458
963.6000 0.0459
965.5000 0.0460
969.1000 0.0461
973.3000 0.0463
973.5000 0.0464
974.1000 0.0465
975.4000 0.0466
975.4000 0.0467
975.7000 0.0468
977.1000 0.0469
977.5000 0.0470
981.4000 0.0471
981.4000 0.0472
981.9000 0.0473
984.9000 0.0474
987.6000 0.0475
992.2000 0.0476
994.1000 0.0477
994.7000 0.0478
995.9000 0.0479
996.4000 0.0480
996.9000 0.0481
998.2000 0.0482
999.7000 0.0483
999.8000 0.0484
1000.5000 0.0485
1003.2000 0.0486
1005.8000 0.0488
1008.2000 0.0489
1009.8000 0.0490
1014.1000 0.0491
1017.1000 0.0492
1017.2000 0.0493
1017.2000 0.0494
1020.0000 0.0495
1020.3000 0.0496
1021.0000 0.0497
1021.0000 0.0498
1027.6000 0.0499
1028.4000 0.0500
1032.4000 0.0501
1034.6000 0.0502
1035.9000 0.0503
1036.6000 0.0504
1037.0000 0.0505
1037.1000 0.0506
1037.4000 0.0507
1037.7000 0.0508
1039.7000 0.0509
1040.1000 0.0510
1041.1000 0.0511
1042.4000 0.0513
1044.2000 0.0514
1046.0000 0.0515
1046.9000 0.0516
1048.0000 0.0517
1049.1000 0.0518
1049.5000 0.0519
1054.7000 0.0520
1060.1000 0.0521
1065.8000 0.0522
1066.0000 0.0523
1066.9000 0.0524
1072.5000 0.0525
1072.6000 0.0526
1073.4000 0.0527
1076.2000 0.0528
1078.5000 0.0529
1080.9000 0.0530
1082.5000 0.0531
1083.4000 0.0532
1083.8000 0.0533
1084.4000 0.0534
1084.7000 0.0535
1084.9000 0.0536
1085.6000 0.0538
1086.2000 0.0539
1086.3000 0.0540
1087.8000 0.0541
1088.1000 0.0542
1088.6000 0.0543
1089.4000 0.0544
1091.5000 0.0545
1092.6000 0.0546
1092.9000 0.0547
1094.0000 0.0548
1094.6000 0.0549
1094.7000 0.0550
1098.6000 0.0551
1102.2000 0.0552
1102.3000 0.0553
1105.6000 0.0554
1106.3000 0.0555
1106.7000 0.0556
1107.3000 0.0557
1107.8000 0.0558
1108.8000 0.0559
1109.8000 0.0560
1110.5000 0.0561
1114.5000 0.0563
1114.9000 0.0564
1115.4000 0.0565
1115.6000 0.0566
1116.1000 0.0567
1116.2000 0.0568
1117.2000 0.0569
1117.9000 0.0570
1118.0000 0.0571
1119.4000 0.0572
1121.7000 0.0573
1122.1000 0.0574
1122.4000 0.0575
1122.7000 0.0576
1123.3000 0.0577
1123.4000 0.0578
1124.2000 0.0579
1127.5000 0.0580
1129.3000 0.0581
1131.9000 0.0582
1133.2000 0.0583
1135.2000 0.0584
1137.5000 0.0585
1137.9000 0.0586
1139.2000 0.0588
1139.4000 0.0589
1141.1000 0.0590
1142.2000 0.0591
1143.8000 0.0592
1145.1000 0.0593
1146.6000 0.0594
1147.9000 0.0595
1150.2000 0.0596
1151.0000 0.0597
1151.3000 0.0598
1151.9000 0.0599
1152.6000 0.0600
1153.4000 0.0601
1154.6000 0.0602
1155.4000 0.0603
1156.4000 0.0604
1159.4000 0.0605
1167.4000 0.0606
1167.5000 0.0607
1168.3000 0.0608
1168.3000 0.0609
1169.0000 0.0610
1170.3000 0.0611
1170.8000 0.0613
1171.0000 0.0614
1171.1000 0.0615
1171.2000 0.0616
1172.5000 0.0617
1173.6000 0.0618
1174.0000 0.0619
1175.0000 0.0620
1176.1000 0.0621
1177.3000 0.0622
1177.6000 0.0623
1178.8000 0.0624
1179.3000 0.0625
1180.4000 0.0626
1181.1000 0.0627
1182.2000 0.0628
1182.7000 0.0629
1183.2000 0.0630
1184.6000 0.0631
1187.6000 0.0632
1187.8000 0.0633
1188.2000 0.0634
1189.5000 0.0635
1189.5000 0.0636
1191.6000 0.0638
1193.1000 0.0639
1193.5000 0.0640
1194.5000 0.0641
1196.3000 0.0642
1197.4000 0.0643
1198.4000 0.0644
1199.1000 0.0645
1199.2000 0.0646
1199.4000 0.0647
1199.4000 0.0648
1199.6000 0.0649
1202.1000 0.0650
1203.3000 0.0651
1203.4000 0.0652
1204.8000 0.0653
1206.0000 0.0654
1206.5000 0.0655
1208.0000 0.0656
1208.6000 0.0657
1209.6000 0.0658
1213.0000 0.0659
1214.7000 0.0660
1217.8000 0.0661
1218.7000 0.0663
1220.0000 0.0664
1220.6000 0.0665
1223.5000 0.0666
1224.3000 0.0667
1227.4000 0.0668
1227.7000 0.0669
1227.7000 0.0670
1227.8000 0.0671
1228.4000 0.0672
1228.8000 0.0673
1229.0000 0.0674
1229.5000 0.0675
1237.0000 0.0676
1237.6000 0.0677
1241.4000 0.0678
1246.9000 0.0679
1247.0000 0.0680
1247.7000 0.0681
1247.8000 0.0682
1249.2000 0.0683
1249.6000 0.0684
1249.8000 0.0685
1251.4000 0.0686
1252.6000 0.0688
1253.1000 0.0689
1256.6000 0.0690
1257.0000 0.0691
1257.6000 0.0692
1257.7000 0.0693
1258.0000 0.0694
1259.5000 0.0695
1260.1000 0.0696
1261.0000 0.0697
1261.3000 0.0698
1263.7000 0.0699
1266.3000 0.0700
1266.7000 0.0701
1267.0000 0.0702
1267.4000 0.0703
1267.4000 0.0704
1270.2000 0.0705
1270.2000 0.0706
1271.1000 0.0707
1272.9000 0.0708
1274.4000 0.0709
1277.1000 0.0710
1280.7000 0.0711
1281.3000 0.0713
1283.4000 0.0714
1285.8000 0.0715
1289.5000 0.0716
1293.7000 0.0717
1293.7000 0.0718
1297.0000 0.0719
1297.6000 0.0720
1297.7000 0.0721
1298.2000 0.0722
1298.2000 0.0723
1298.4000 0.0724
1298.5000 0.0725
1300.0000 0.0726
1300.5000 0.0727
1302.2000 0.0728
1302.6000 0.0729
1303.8000 0.0730
1304.7000 0.0731
1305.1000 0.0732
1305.4000 0.0733
1308.4000 0.0734
1310.0000 0.0735
1310.6000 0.0736
1311.7000 0.0738
1313.1000 0.0739
1314.0000 0.0740
1314.1000 0.0741
1316.5000 0.0742
1317.1000 0.0743
1317.2000 0.0744
1318.1000 0.0745
1319.0000 0.0746
1319.9000 0.0747
1321.4000 0.0748
1322.9000 0.0749
1324.4000 0.0750
1324.8000 0.0751
1325.9000 0.0752
1326.6000 0.0753
1328.0000 0.0754
1329.1000 0.0755
1329.2000 0.0756
1329.7000 0.0757
1330.3000 0.0758
1331.1000 0.0759
1332.4000 0.0760
1333.7000 0.0761
1337.4000 0.0763
1339.8000 0.0764
1341.3000 0.0765
1341.4000 0.0766
1344.1000 0.0767
1345.9000 0.0768
1347.2000 0.0769
1348.3000 0.0770
1348.5000 0.0771
1350.5000 0.0772
1352.2000 0.0773
1354.4000 0.0774
1354.5000 0.0775
1356.0000 0.0776
1356.0000 0.0777
1357.4000 0.0778
1358.4000 0.0779
1358.9000 0.0780
1359.0000 0.0781
1359.3000 0.0782
1359.8000 0.0783
1360.2000 0.0784
1360.4000 0.0785
1362.1000 0.0786
1364.8000 0.0788
1365.7000 0.0789
1365.7000 0.0790
1366.2000 0.0791
1368.8000 0.0792
1369.3000 0.0793
1370.0000 0.0794
1370.2000 0.0795
1373.4000 0.0796
1375.8000 0.0797
1376.7000 0.0798
1376.8000 0.0799
1377.3000 0.0800
1379.2000 0.0801
1379.8000 0.0802
1382.1000 0.0803
1382.1000 0.0804
1382.4000 0.0805
1390.5000 0.0806
1390.5000 0.0807
1392.3000 0.0808
1393.7000 0.0809
1396.5000 0.0810
1399.2000 0.0811
1399.3000 0.0813
1401.5000 0.0814
1401.6000 0.0815
1401.6000 0.0816
1401.8000 0.0817
1402.3000 0.0818
1403.5000 0.0819
1406.3000 0.0820
1408.0000 0.0821
1410.3000 0.0822
1410.6000 0.0823
1412.4000 0.0824
1413.6000 0.0825
1414.7000 0.0826
1414.9000 0.0827
1416.2000 0.0828
1419.1000 0.0829
1421.8000 0.0830
1424.9000 0.0831
1429.3000 0.0832
1429.4000 0.0833
1433.6000 0.0834
1434.4000 0.0835
1436.4000 0.0836
1437.4000 0.0838
1438.0000 0.0839
1438.8000 0.0840
1439.5000 0.0841
1440.6000 0.0842
1441.3000 0.0843
1442.9000 0.0844
1444.0000 0.0845
1444.9000 0.0846
1450.4000 0.0847
1450.8000 0.0848
1451.5000 0.0849
1452.3000 0.0850
1452.9000 0.0851
1455.0000 0.0852
1455.4000 0.0853
1456.2000 0.0854
1458.3000 0.0855
1459.7000 0.0856
1460.0000 0.0857
1460.2000 0.0858
1462.3000 0.0859
1464.4000 0.0860
1468.0000 0.0861
1468.4000 0.0863
1469.2000 0.0864
1470.8000 0.0865
1471.7000 0.0866
1471.8000 0.0867
1474.7000 0.0868
1475.9000 0.0869
1478.3000 0.0870
1478.7000 0.0871
1479.3000 0.0872
1480.6000 0.0873
1483.4000 0.0874
1483.5000 0.0875
1483.8000 0.0876
1484.4000 0.0877
1485.7000 0.0878
1488.6000 0.0879
1488.9000 0.0880
1489.4000 0.0881
1489.8000 0.0882
1491.4000 0.0883
1497.1000 0.0884
1497.3000 0.0885
1498.0000 0.0886
1502.1000 0.0888
1502.6000 0.0889
1503.4000 0.0890
1504.6000 0.0891
1506.8000 0.0892
1507.9000 0.0893
1508.2000 0.0894
1509.3000 0.0895
1510.0000 0.0896
1510.5000 0.0897
1512.1000 0.0898
1514.0000 0.0899
1514.2000 0.0900
1515.3000 0.0901
1515.3000 0.0902
1517.1000 0.0903
1517.3000 0.0904
1518.3000 0.0905
1518.4000 0.0906
1520.2000 0.0907
1521.0000 0.0908
1521.6000 0.0909
1521.7000 0.0910
1522.8000 0.0911
1524.2000 0.0913
1526.4000 0.0914
1527.4000 0.0915
1528.7000 0.0916
1529.4000 0.0917
1530.1000 0.0918
1530.4000 0.0919
1530.6000 0.0920
1531.0000 0.0921
1533.7000 0.0922
1534.8000 0.0923
1535.4000 0.0924
1536.4000 0.0925
1536.7000 0.0926
1537.4000 0.0927
1538.5000 0.0928
1540.8000 0.0929
1541.7000 0.0930
1544.0000 0.0931
1544.2000 0.0932
1546.0000 0.0933
1546.9000 0.0934
1549.4000 0.0935
1550.1000 0.0936
1550.4000 0.0938
1550.7000 0.0939
1550.8000 0.0940
1550.9000 0.0941
1553.4000 0.0942
1556.2000 0.0943
1556.8000 0.0944
1557.1000 0.0945
1558.0000 0.0946
1558.4000 0.0947
1560.2000 0.0948
1561.2000 0.0949
1562.2000 0.0950
1564.2000 0.0951
1564.4000 0.0952
1565.7000 0.0953
1566.2000 0.0954
1567.9000 0.0955
1568.3000 0.0956
1569.1000 0.0957
1570.8000 0.0958
1571.7000 0.0959
1573.0000 0.0960
1573.6000 0.0961
1575.4000 0.0963
1579.6000 0.0964
1585.4000 0.0965
1587.9000 0.0966
1588.0000 0.0967
1589.6000 0.0968
1590.7000 0.0969
1591.6000 0.0970
1591.7000 0.0971
1594.1000 0.0972
1594.8000 0.0973
1597.9000 0.0974
1600.1000 0.0975
1600.1000 0.0976
1601.1000 0.0977
1603.4000 0.0978
1606.1000 0.0979
1608.5000 0.0980
1609.9000 0.0981
1611.2000 0.0982
1611.9000 0.0983
1612.0000 0.0984
1612.4000 0.0985
1614.4000 0.0986
1614.5000 0.0988
1614.9000 0.0989
1616.1000 0.0990
1617.7000 0.0991
1618.0000 0.0992
1619.9000 0.0993
1620.3000 0.0994
1621.0000 0.0995
1621.5000 0.0996
1624.4000 0.0997
1624.4000 0.0998
1630.3000 0.0999
1630.3000 0.1000
1632.7000 0.1001
1633.9000 0.1002
1634.5000 0.1003
1636.4000 0.1004
1636.7000 0.1005
1637.8000 0.1006
1638.3000 0.1007
1638.9000 0.1008
1639.4000 0.1009
1640.5000 0.1010
1641.5000 0.1011
1644.1000 0.1013
1645.2000 0.1014
1645.5000 0.1015
1646.3000 0.1016
1647.8000 0.1017
1647.9000 0.1018
1651.6000 0.1019
1652.2000 0.1020
1653.2000 0.1021
1654.1000 0.1022
1655.8000 0.1023
1656.2000 0.1024
1666.1000 0.1025
1668.1000 0.1026
1668.6000 0.1027
1668.7000 0.1028
1672.5000 0.1029
1674.9000 0.1030
1675.5000 0.1031
1676.9000 0.1032
1677.3000 0.1033
1677.9000 0.1034
1678.3000 0.1035
1679.7000 0.1036
1680.0000 0.1038
1680.9000 0.1039
1681.1000 0.1040
1681.9000 0.1041
1683.3000 0.1042
1686.1000 0.1043
1687.1000 0.1044
1689.7000 0.1045
1691.0000 0.1046
1691.7000 0.1047
1692.2000 0.1048
1692.3000 0.1049
1694.0000 0.1050
1697.6000 0.1051
1700.7000 0.1052
1701.4000 0.1053
1702.3000 0.1054
1703.5000 0.1055
1704.6000 0.1056
1704.9000 0.1057
1705.3000 0.1058
1706.9000 0.1059
1707.8000 0.1060
1708.4000 0.1061
1708.5000 0.1063
1709.5000 0.1064
1709.7000 0.1065
1710.0000 0.1066
1711.5000 0.1067
1714.1000 0.1068
1714.3000 0.1069
1714.4000 0.1070
1715.7000 0.1071
1716.5000 0.1072
1716.5000 0.1073
1717.4000 0.1074
1722.0000 0.1075
1723.3000 0.1076
1724.9000 0.1077
1727.9000 0.1078
1733.7000 0.1079
1734.5000 0.1080
1735.0000 0.1081
1735.0000 0.1082
1736.0000 0.1083
1737.9000 0.1084
1738.5000 0.1085
1738.6000 0.1086
1743.3000 0.1088
1747.5000 0.1089
1747.5000 0.1090
1747.7000 0.1091
1748.1000 0.1092
1748.2000 0.1093
1748.5000 0.1094
1748.7000 0.1095
1749.5000 0.1096
1755.5000 0.1097
1758.1000 0.1098
1758.6000 0.1099
1760.1000 0.1100
1761.6000 0.1101
1762.0000 0.1102
1762.0000 0.1103
1762.2000 0.1104
1764.6000 0.1105
1765.5000 0.1106
1766.3000 0.1107
1767.1000 0.1108
1769.1000 0.1109
1772.4000 0.1110
1774.2000 0.1111
1776.2000 0.1113
1782.2000 0.1114
1788.7000 0.1115
1791.0000 0.1116
1791.0000 0.1117
1792.1000 0.1118
1792.4000 0.1119
1793.7000 0.1120
1795.3000 0.1121
1795.8000 0.1122
1796.1000 0.1123
1796.4000 0.1124
1796.8000 0.1125
1798.1000 0.1126
1798.2000 0.1127
1798.3000 0.1128
1800.8000 0.1129
1802.5000 0.1130
1802.8000 0.1131
1803.4000 0.1132
1803.6000 0.1133
1805.5000 0.1134
1807.7000 0.1135
1807.9000 0.1136
1809.6000 0.1138
1811.5000 0.1139
1814.7000 0.1140
1815.0000 0.1141
1815.2000 0.1142
1815.7000 0.1143
1816.2000 0.1144
1817.2000 0.1145
1817.4000 0.1146
1818.3000 0.1147
1818.9000 0.1148
1819.7000 0.1149
1819.8000 0.1150
1820.6000 0.1151
1821.5000 0.1152
1822.2000 0.1153
1824.3000 0.1154
1828.2000 0.1155
1829.1000 0.1156
1830.3000 0.1157
1830.4000 0.1158
1830.5000 0.1159
1830.8000 0.1160
1832.1000 0.1161
1834.7000 0.1163
1837.3000 0.1164
1838.2000 0.1165
1841.8000 0.1166
1841.8000 0.1167
1847.4000 0.1168
1848.5000 0.1169
1849.8000 0.1170
1850.5000 0.1171
1851.9000 0.1172
1853.6000 0.1173
1853.8000 0.1174
1856.2000 0.1175
1861.0000 0.1176
1861.5000 0.1177
1861.7000 0.1178
1863.1000 0.1179
1863.7000 0.1180
1863.7000 0.1181
1864.3000 0.1182
1865.7000 0.1183
1869.3000 0.1184
1869.4000 0.1185
1869.7000 0.1186
1875.1000 0.1188
1876.6000 0.1189
1882.2000 0.1190
1883.3000 0.1191
1884.8000 0.1192
1885.8000 0.1193
1888.5000 0.1194
1888.9000 0.1195
1889.1000 0.1196
1893.7000 0.1197
1894.5000 0.1198
1896.4000 0.1199
1897.4000 0.1200
1902.9000 0.1201
1903.3000 0.1202
1906.4000 0.1203
1906.6000 0.1204
1907.3000 0.1205
1908.4000 0.1206
1909.1000 0.1207
1909.8000 0.1208
1910.5000 0.1209
1911.5000 0.1210
1911.7000 0.1211
1912.0000 0.1213
1914.3000 0.1214
1917.9000 0.1215
1918.0000 0.1216
1920.3000 0.1217
1922.0000 0.1218
1922.2000 0.1219
1923.3000 0.1220
1923.9000 0.1221
1924.8000 0.1222
1928.7000 0.1223
1931.4000 0.1224
1931.5000 0.1225
1931.5000 0.1226
1932.5000 0.1227
1934.7000 0.1228
1935.2000 0.1229
1936.7000 0.1230
1938.7000 0.1231
1938.9000 0.1232
1940.9000 0.1233
1942.7000 0.1234
1942.7000 0.1235
1943.1000 0.1236
1944.0000 0.1238
1945.1000 0.1239
1949.4000 0.1240
1951.0000 0.1241
1952.8000 0.1242
1952.9000 0.1243
1953.4000 0.1244
1954.7000 0.1245
1954.8000 0.1246
1956.9000 0.1247
1958.5000 0.1248
1964.7000 0.1249
1969.1000 0.1250
1970.4000 0.1251
1971.2000 0.1252
1972.6000 0.1253
1972.7000 0.1254
1977.2000 0.1255
1977.8000 0.1256
1980.0000 0.1257
1980.5000 0.1258
1980.7000 0.1259
1981.7000 0.1260
1981.9000 0.1261
1982.1000 0.1263
1985.4000 0.1264
1985.5000 0.1265
1987.2000 0.1266
1989.9000 0.1267
1992.7000 0.1268
1993.3000 0.1269
1994.8000 0.1270
1998.2000 0.1271
1998.8000 0.1272
1999.9000 0.1273
2000.1000 0.1274
2004.1000 0.1275
2004.7000 0.1276
2009.1000 0.1277
2009.1000 0.1278
2013.5000 0.1279
2013.9000 0.1280
2017.5000 0.1281
2018.4000 0.1282
2019.9000 0.1283
2020.5000 0.1284
2020.5000 0.1285
2021.6000 0.1286
2025.2000 0.1288
2025.5000 0.1289
2025.7000 0.1290
2028.3000 0.1291
2030.9000 0.1292
2031.1000 0.1293
2031.4000 0.1294
2035.7000 0.1295
2037.0000 0.1296
2040.7000 0.1297
2042.1000 0.1298
2042.2000 0.1299
2043.4000 0.1300
2049.1000 0.1301
2049.1000 0.1302
2050.2000 0.1303
2050.8000 0.1304
2053.9000 0.1305
2056.9000 0.1306
2057.0000 0.1307
2058.8000 0.1308
2065.1000 0.1309
2066.2000 0.1310
2067.1000 0.1311
2067.3000 0.1313
2071.7000 0.1314
2071.7000 0.1315
2072.4000 0.1316
2074.1000 0.1317
2080.1000 0.1318
2085.5000 0.1319
2086.0000 0.1320
2089.1000 0.1321
2090.4000 0.1322
2090.9000 0.1323
2091.2000 0.1324
2091.7000 0.1325
2092.5000 0.1326
2092.8000 0.1327
2093.6000 0.1328
2100.7000 0.1329
2104.4000 0.1330
2109.0000 0.1331
2112.9000 0.1332
2114.3000 0.1333
2115.4000 0.1334
2116.9000 0.1335
2117.0000 0.1336
2117.0000 0.1338
2118.7000 0.1339
2123.6000 0.1340
2124.0000 0.1341
2127.4000 0.1342
2128.4000 0.1343
2129.4000 0.1344
2131.3000 0.1345
2131.6000 0.1346
2131.7000 0.1347
2132.4000 0.1348
2132.5000 0.1349
2133.0000 0.1350
2136.4000 0.1351
2137.8000 0.1352
2137.8000 0.1353
2138.1000 0.1354
2139.2000 0.1355
2139.7000 0.1356
2140.0000 0.1357
2142.3000 0.1358
2145.8000 0.1359
2145.9000 0.1360
2147.5000 0.1361
2151.5000 0.1363
2152.5000 0.1364
2153.0000 0.1365
2154.8000 0.1366
2158.0000 0.1367
2161.5000 0.1368
2161.7000 0.1369
2163.4000 0.1370
2166.1000 0.1371
2166.2000 0.1372
2169.3000 0.1373
2169.6000 0.1374
2169.7000 0.1375
2169.7000 0.1376
2170.6000 0.1377
2171.8000 0.1378
2173.0000 0.1379
2173.5000 0.1380
2174.0000 0.1381
2174.2000 0.1382
2174.4000 0.1383
2178.3000 0.1384
2180.6000 0.1385
2181.8000 0.1386
2184.9000 0.1388
2187.7000 0.1389
2195.6000 0.1390
2199.5000 0.1391
2203.3000 0.1392
2204.2000 0.1393
2204.6000 0.1394
2206.4000 0.1395
2210.9000 0.1396
2213.8000 0.1397
2215.4000 0.1398
2215.7000 0.1399
2217.2000 0.1400
2218.4000 0.1401
2220.2000 0.1402
2221.7000 0.1403
2222.4000 0.1404
2223.0000 0.1405
2226.7000 0.1406
2240.8000 0.1407
2241.7000 0.1408
2247.3000 0.1409
2248.4000 0.1410
2250.9000 0.1411
2251.5000 0.1413
2253.1000 0.1414
2253.4000 0.1415
2258.1000 0.1416
2262.8000 0.1417
2262.9000 0.1418
2267.6000 0.1419
2272.4000 0.1420
2274.0000 0.1421
2274.1000 0.1422
2276.7000 0.1423
2277.3000 0.1424
2279.5000 0.1425
2279.8000 0.1426
2282.1000 0.1427
2284.9000 0.1428
2285.5000 0.1429
2286.2000 0.1430
2286.7000 0.1431
2288.2000 0.1432
2289.0000 0.1433
2290.1000 0.1434
2295.7000 0.1435
2296.0000 0.1436
2296.4000 0.1437
2296.5000 0.1439
2297.4000 0.1440
2298.1000 0.1441
2300.4000 0.1442
2300.9000 0.1443
2306.2000 0.1444
2306.7000 0.1445
2307.8000 0.1446
2308.6000 0.1447
2310.9000 0.1448
2311.5000 0.1449
2311.6000 0.1450
2312.2000 0.1451
2318.7000 0.1452
2327.6000 0.1453
2330.0000 0.1454
2332.5000 0.1455
2333.9000 0.1456
2334.0000 0.1457
2334.9000 0.1458
2335.0000 0.1459
2336.7000 0.1460
2339.5000 0.1461
2340.4000 0.1462
2341.1000 0.1464
2343.4000 0.1465
2346.7000 0.1466
2347.1000 0.1467
2348.6000 0.1468
2350.2000 0.1469
2352.7000 0.1470
2354.5000 0.1471
2356.5000 0.1472
2357.5000 0.1473
2362.7000 0.1474
2365.6000 0.1475
2374.6000 0.1476
2380.2000 0.1477
2380.2000 0.1478
2380.2000 0.1479
2380.4000 0.1480
2382.5000 0.1481
2384.2000 0.1482
2385.2000 0.1483
2390.7000 0.1484
2395.7000 0.1485
2397.1000 0.1486
2399.7000 0.1487
2400.7000 0.1489
2402.7000 0.1490
2403.3000 0.1491
2403.7000 0.1492
2404.4000 0.1493
2408.3000 0.1494
2411.4000 0.1495
2411.6000 0.1496
2412.0000 0.1497
2414.2000 0.1498
2417.7000 0.1499
2420.4000 0.1500
2421.9000 0.1501
2428.1000 0.1502
2434.6000 0.1503
2434.8000 0.1504
2436.0000 0.1505
2437.7000 0.1506
2438.8000 0.1507
2441.7000 0.1508
2442.3000 0.1509
2442.6000 0.1510
2444.6000 0.1511
2445.1000 0.1512
2447.2000 0.1514
2447.8000 0.1515
2449.5000 0.1516
2453.3000 0.1517
2462.0000 0.1518
2462.0000 0.1519
2462.3000 0.1520
2466.8000 0.1521
2466.8000 0.1522
2468.8000 0.1523
2470.0000 0.1524
2476.1000 0.1525
2478.8000 0.1526
2483.0000 0.1527
2484.0000 0.1528
2484.5000 0.1529
2487.2000 0.1530
2489.1000 0.1531
2490.6000 0.1532
2499.2000 0.1533
2501.0000 0.1534
2501.7000 0.1535
2507.9000 0.1536
2509.1000 0.1537
2511.8000 0.1539
2511.9000 0.1540
2512.8000 0.1541
2517.7000 0.1542
2518.9000 0.1543
2520.3000 0.1544
2530.1000 0.1545
2531.1000 0.1546
2534.8000 0.1547
2534.9000 0.1548
2539.6000 0.1549
2539.6000 0.1550
2540.0000 0.1551
2542.2000 0.1552
2546.2000 0.1553
2547.4000 0.1554
2552.7000 0.1555
2559.1000 0.1556
2560.4000 0.1557
2561.1000 0.1558
2562.7000 0.1559
2565.1000 0.1560
2567.8000 0.1561
2569.9000 0.1562
2572.7000 0.1564
2575.0000 0.1565
2575.5000 0.1566
2576.2000 0.1567
2580.1000 0.1568
2583.2000 0.1569
2585.2000 0.1570
2588.6000 0.1571
2596.0000 0.1572
2599.1000 0.1573
2599.8000 0.1574
2603.5000 0.1575
2605.8000 0.1576
2606.0000 0.1577
2607.7000 0.1578
2609.0000 0.1579
2609.0000 0.1580
2611.0000 0.1581
2611.5000 0.1582
2613.1000 0.1583
2615.2000 0.1584
2615.5000 0.1585
2615.7000 0.1586
2616.5000 0.1587
2617.4000 0.1589
2620.0000 0.1590
2622.1000 0.1591
2622.2000 0.1592
2626.6000 0.1593
2627.8000 0.1594
2628.7000 0.1595
2630.8000 0.1596
2631.0000 0.1597
2634.3000 0.1598
2637.3000 0.1599
2640.7000 0.1600
2642.6000 0.1601
2643.1000 0.1602
2643.2000 0.1603
2643.8000 0.1604
2655.2000 0.1605
2658.1000 0.1606
2658.3000 0.1607
2666.8000 0.1608
2668.3000 0.1609
2670.0000 0.1610
2670.6000 0.1611
2674.6000 0.1612
2675.9000 0.1614
2677.1000 0.1615
2678.4000 0.1616
2682.4000 0.1617
2684.2000 0.1618
2685.7000 0.1619
2695.8000 0.1620
2696.2000 0.1621
2696.2000 0.1622
2700.3000 0.1623
2701.2000 0.1624
2701.9000 0.1625
2704.6000 0.1626
2706.3000 0.1627
2706.9000 0.1628
2707.9000 0.1629
2708.4000 0.1630
2708.7000 0.1631
2712.7000 0.1632
2719.0000 0.1633
2719.7000 0.1634
2722.2000 0.1635
2730.4000 0.1636
2731.1000 0.1637
2732.4000 0.1639
2740.4000 0.1640
2744.1000 0.1641
2749.0000 0.1642
2749.4000 0.1643
2753.8000 0.1644
2754.7000 0.1645
2754.8000 0.1646
2757.0000 0.1647
2759.5000 0.1648
2760.0000 0.1649
2772.6000 0.1650
2772.8000 0.1651
2773.6000 0.1652
2774.5000 0.1653
2779.0000 0.1654
2783.0000 0.1655
2783.2000 0.1656
2783.8000 0.1657
2787.1000 0.1658
2798.2000 0.1659
2803.6000 0.1660
2813.2000 0.1661
2813.7000 0.1662
2815.7000 0.1664
2816.5000 0.1665
2819.4000 0.1666
2821.0000 0.1667
2823.8000 0.1668
2826.7000 0.1669
2826.8000 0.1670
2829.7000 0.1671
2838.3000 0.1672
2843.6000 0.1673
2849.4000 0.1674
2851.2000 0.1675
2851.8000 0.1676
2859.1000 0.1677
2860.7000 0.1678
2862.9000 0.1679
2863.3000 0.1680
2863.9000 0.1681
2865.3000 0.1682
2869.0000 0.1683
2869.2000 0.1684
2873.1000 0.1685
2874.0000 0.1686
2875.5000 0.1687
2877.3000 0.1689
2877.6000 0.1690
2885.8000 0.1691
2895.4000 0.1692
2897.6000 0.1693
2897.8000 0.1694
2898.6000 0.1695
2902.6000 0.1696
2907.9000 0.1697
2910.0000 0.1698
2911.5000 0.1699
2912.0000 0.1700
2917.8000 0.1701
2919.2000 0.1702
2919.5000 0.1703
2929.7000 0.1704
2932.3000 0.1705
2933.5000 0.1706
2937.6000 0.1707
2938.9000 0.1708
2940.8000 0.1709
2941.8000 0.1710
2945.9000 0.1711
2947.1000 0.1712
2954.2000 0.1714
2954.7000 0.1715
2955.8000 0.1716
2958.7000 0.1717
2961.7000 0.1718
2962.6000 0.1719
2968.8000 0.1720
2969.5000 0.1721
2970.8000 0.1722
2972.9000 0.1723
2975.4000 0.1724
2982.0000 0.1725
2983.0000 0.1726
2983.6000 0.1727
2985.7000 0.1728
2989.1000 0.1729
2989.5000 0.1730
2990.3000 0.1731
2991.3000 0.1732
2992.9000 0.1733
2993.2000 0.1734
2998.4000 0.1735
2999.9000 0.1736
3003.8000 0.1737
3006.4000 0.1739
3012.4000 0.1740
3021.0000 0.1741
3024.1000 0.1742
3024.7000 0.1743
3029.0000 0.1744
3039.0000 0.1745
3040.1000 0.1746
3041.0000 0.1747
3043.7000 0.1748
3045.6000 0.1749
3047.1000 0.1750
3047.7000 0.1751
3047.7000 0.1752
3048.0000 0.1753
3048.1000 0.1754
3058.4000 0.1755
3062.9000 0.1756
3066.6000 0.1757
3068.4000 0.1758
3072.9000 0.1759
3073.6000 0.1760
3076.5000 0.1761
3080.2000 0.1762
3083.5000 0.1764
3085.0000 0.1765
3088.1000 0.1766
3089.7000 0.1767
3094.4000 0.1768
3096.9000 0.1769
3100.9000 0.1770
3102.5000 0.1771
3104.6000 0.1772
3105.0000 0.1773
3106.0000 0.1774
3107.4000 0.1775
3107.8000 0.1776
3111.1000 0.1777
3111.7000 0.1778
3112.7000 0.1779
3116.0000 0.1780
3117.0000 0.1781
3121.5000 0.1782
3122.6000 0.1783
3123.2000 0.1784
3124.9000 0.1785
3130.4000 0.1786
3131.6000 0.1787
3132.3000 0.1789
3132.5000 0.1790
3145.1000 0.1791
3149.5000 0.1792
3152.9000 0.1793
3153.2000 0.1794
3159.7000 0.1795
3163.1000 0.1796
3166.1000 0.1797
3169.0000 0.1798
3173.9000 0.1799
3175.5000 0.1800
3178.0000 0.1801
3180.4000 0.1802
3184.8000 0.1803
3191.1000 0.1804
3193.9000 0.1805
3198.2000 0.1806
3198.8000 0.1807
3205.4000 0.1808
3213.5000 0.1809
3214.4000 0.1810
3220.9000 0.1811
3227.6000 0.1812
3230.3000 0.1814
3231.6000 0.1815
3231.6000 0.1816
3232.7000 0.1817
3233.0000 0.1818
3235.2000 0.1819
3235.7000 0.1820
3239.1000 0.1821
3239.3000 0.1822
3240.7000 0.1823
3241.4000 0.1824
3243.9000 0.1825
3245.1000 0.1826
3252.5000 0.1827
3265.4000 0.1828
3267.7000 0.1829
3271.3000 0.1830
3278.7000 0.1831
3279.0000 0.1832
3282.2000 0.1833
3285.9000 0.1834
3290.4000 0.1835
3290.9000 0.1836
3294.8000 0.1837
3299.3000 0.1839
3303.8000 0.1840
3304.9000 0.1841
3307.3000 0.1842
3308.6000 0.1843
3309.8000 0.1844
3312.3000 0.1845
3312.6000 0.1846
3313.7000 0.1847
3317.2000 0.1848
3319.5000 0.1849
3319.9000 0.1850
3322.1000 0.1851
3325.5000 0.1852
3326.7000 0.1853
3327.0000 0.1854
3330.5000 0.1855
3335.2000 0.1856
3351.8000 0.1857
3353.0000 0.1858
3354.1000 0.1859
3360.4000 0.1860
3364.0000 0.1861
3364.2000 0.1862
3371.8000 0.1864
3373.9000 0.1865
3375.5000 0.1866
3378.4000 0.1867
3378.5000 0.1868
3378.8000 0.1869
3380.8000 0.1870
3385.1000 0.1871
3387.2000 0.1872
3388.5000 0.1873
3390.2000 0.1874
3390.8000 0.1875
3391.3000 0.1876
3392.7000 0.1877
3393.2000 0.1878
3396.7000 0.1879
3397.7000 0.1880
3400.6000 0.1881
3408.5000 0.1882
3408.9000 0.1883
3411.7000 0.1884
3412.2000 0.1885
3414.2000 0.1886
3416.1000 0.1887
3416.8000 0.1889
3419.7000 0.1890
3419.9000 0.1891
3421.9000 0.1892
3422.0000 0.1893
3431.4000 0.1894
3433.2000 0.1895
3433.5000 0.1896
3433.6000 0.1897
3434.6000 0.1898
3435.5000 0.1899
3437.2000 0.1900
3440.1000 0.1901
3442.1000 0.1902
3442.9000 0.1903
3450.6000 0.1904
3451.3000 0.1905
3453.1000 0.1906
3453.9000 0.1907
3454.2000 0.1908
3454.7000 0.1909
3457.2000 0.1910
3457.7000 0.1911
3458.6000 0.1912
3462.4000 0.1914
3463.9000 0.1915
3465.4000 0.1916
3466.0000 0.1917
3466.1000 0.1918
3468.3000 0.1919
3471.3000 0.1920
3477.8000 0.1921
3482.0000 0.1922
3483.4000 0.1923
3490.3000 0.1924
3490.7000 0.1925
3492.6000 0.1926
3498.1000 0.1927
3500.8000 0.1928
3502.0000 0.1929
3502.3000 0.1930
3502.7000 0.1931
3507.8000 0.1932
3509.0000 0.1933
3511.7000 0.1934
3516.8000 0.1935
3522.4000 0.1936
3522.5000 0.1937
3524.9000 0.1939
3538.4000 0.1940
3544.9000 0.1941
3546.2000 0.1942
3547.8000 0.1943
3551.1000 0.1944
3551.9000 0.1945
3553.1000 0.1946
3555.3000 0.1947
3557.6000 0.1948
3560.2000 0.1949
3563.4000 0.1950
3567.6000 0.1951
3571.0000 0.1952
3581.1000 0.1953
3585.5000 0.1954
3586.6000 0.1955
3586.9000 0.1956
3589.0000 0.1957
3591.5000 0.1958
3595.1000 0.1959
3601.3000 0.1960
3602.7000 0.1961
3606.1000 0.1962
3619.1000 0.1964
3622.2000 0.1965
3624.2000 0.1966
3624.9000 0.1967
3639.4000 0.1968
3640.1000 0.1969
3648.9000 0.1970
3652.2000 0.1971
3656.8000 0.1972
3662.1000 0.1973
3663.9000 0.1974
3664.0000 0.1975
3669.3000 0.1976
3670.0000 0.1977
3673.2000 0.1978
3677.8000 0.1979
3681.4000 0.1980
3682.9000 0.1981
3685.6000 0.1982
3687.4000 0.1983
3696.0000 0.1984
3697.8000 0.1985
3699.2000 0.1986
3714.5000 0.1987
3717.3000 0.1989
3722.6000 0.1990
3723.2000 0.1991
3724.5000 0.1992
3729.8000 0.1993
3730.0000 0.1994
3730.9000 0.1995
3737.8000 0.1996
3738.2000 0.1997
3739.8000 0.1998
3742.3000 0.1999
3753.9000 0.2000
3772.3000 0.2001
3772.4000 0.2002
3772.4000 0.2003
3774.4000 0.2004
3777.2000 0.2005
3778.0000 0.2006
3791.6000 0.2007
3791.7000 0.2008
3792.5000 0.2009
3794.8000 0.2010
3795.6000 0.2011
3795.7000 0.2012
3798.5000 0.2014
3799.2000 0.2015
3804.7000 0.2016
3804.9000 0.2017
3805.4000 0.2018
3805.7000 0.2019
3806.8000 0.2020
3807.0000 0.2021
3809.4000 0.2022
3809.7000 0.2023
3811.6000 0.2024
3815.2000 0.2025
3815.9000 0.2026
3820.7000 0.2027
3821.9000 0.2028
3822.3000 0.2029
3823.6000 0.2030
3825.8000 0.2031
3828.7000 0.2032
3829.1000 0.2033
3829.8000 0.2034
3832.5000 0.2035
3836.8000 0.2036
3839.8000 0.2037
3841.9000 0.2039
3844.6000 0.2040
3851.4000 0.2041
3851.5000 0.2042
3852.6000 0.2043
3854.1000 0.2044
3855.3000 0.2045
3855.3000 0.2046
3857.6000 0.2047
3862.2000 0.2048
3863.6000 0.2049
3869.3000 0.2050
3870.8000 0.2051
3873.8000 0.2052
3879.6000 0.2053
3888.4000 0.2054
3901.1000 0.2055
3907.4000 0.2056
3914.1000 0.2057
3924.2000 0.2058
3929.0000 0.2059
3932.0000 0.2060
3932.9000 0.2061
3937.1000 0.2062
3938.5000 0.2064
3940.1000 0.2065
3944.0000 0.2066
3944.1000 0.2067
3948.6000 0.2068
3950.6000 0.2069
3957.2000 0.2070
3958.2000 0.2071
3961.7000 0.2072
3962.9000 0.2073
3969.9000 0.2074
3974.5000 0.2075
3975.8000 0.2076
3978.5000 0.2077
3983.1000 0.2078
3984.9000 0.2079
3985.5000 0.2080
3991.2000 0.2081
4002.1000 0.2082
4011.6000 0.2083
4011.8000 0.2084
4013.7000 0.2085
4014.8000 0.2086
4016.2000 0.2087
4018.1000 0.2089
4018.8000 0.2090
4026.2000 0.2091
4036.5000 0.2092
4048.4000 0.2093
4048.4000 0.2094
4049.7000 0.2095
4059.3000 0.2096
4061.5000 0.2097
4063.5000 0.2098
4069.0000 0.2099
4069.7000 0.2100
4071.1000 0.2101
4072.2000 0.2102
4078.8000 0.2103
4083.1000 0.2104
4087.1000 0.2105
4090.2000 0.2106
4091.9000 0.2107
4092.5000 0.2108
4092.6000 0.2109
4100.3000 0.2110
4101.2000 0.2111
4101.5000 0.2112
4103.4000 0.2114
4107.3000 0.2115
4108.9000 0.2116
4109.4000 0.2117
4111.0000 0.2118
4117.2000 0.2119
4117.8000 0.2120
4119.5000 0.2121
4125.4000 0.2122
4128.6000 0.2123
4129.3000 0.2124
4140.1000 0.2125
4141.3000 0.2126
4142.2000 0.2127
4145.9000 0.2128
4146.3000 0.2129
4148.6000 0.2130
4153.5000 0.2131
4155.9000 0.2132
4157.1000 0.2133
4161.0000 0.2134
4172.7000 0.2135
4174.8000 0.2136
4175.8000 0.2137
4177.2000 0.2139
4181.4000 0.2140
4182.5000 0.2141
4193.4000 0.2142
4193.8000 0.2143
4198.2000 0.2144
4204.1000 0.2145
4205.0000 0.2146
4208.8000 0.2147
4210.1000 0.2148
4212.1000 0.2149
4218.5000 0.2150
4222.0000 0.2151
4222.1000 0.2152
4241.5000 0.2153
4243.0000 0.2154
4248.4000 0.2155
4252.5000 0.2156
4254.2000 0.2157
4255.6000 0.2158
4257.6000 0.2159
4257.6000 0.2160
4264.0000 0.2161
4264.3000 0.2162
4267.4000 0.2164
4268.9000 0.2165
4274.6000 0.2166
4277.0000 0.2167
4279.1000 0.2168
4280.6000 0.2169
4280.7000 0.2170
4283.1000 0.2171
4283.3000 0.2172
4297.6000 0.2173
4301.3000 0.2174
4310.7000 0.2175
4311.8000 0.2176
4313.0000 0.2177
4323.0000 0.2178
4323.1000 0.2179
4330.7000 0.2180
4342.7000 0.2181
4344.9000 0.2182
4346.7000 0.2183
4347.3000 0.2184
4356.0000 0.2185
4359.3000 0.2186
4362.4000 0.2187
4366.7000 0.2189
4367.6000 0.2190
4370.2000 0.2191
4371.2000 0.2192
4375.1000 0.2193
4378.8000 0.2194
4379.0000 0.2195
4381.7000 0.2196
4386.7000 0.2197
4389.8000 0.2198
4390.0000 0.2199
4401.0000 0.2200
4403.0000 0.2201
4403.8000 0.2202
4413.3000 0.2203
4419.3000 0.2204
4420.4000 0.2205
4425.1000 0.2206
4428.4000 0.2207
4433.9000 0.2208
4440.6000 0.2209
4443.3000 0.2210
4451.3000 0.2211
4459.4000 0.2212
4464.3000 0.2214
4470.3000 0.2215
4471.5000 0.2216
4473.8000 0.2217
4474.6000 0.2218
4484.3000 0.2219
4491.1000 0.2220
4491.7000 0.2221
4493.8000 0.2222
4496.4000 0.2223
4499.9000 0.2224
4503.4000 0.2225
4509.6000 0.2226
4521.9000 0.2227
4527.1000 0.2228
4530.4000 0.2229
4531.7000 0.2230
4535.0000 0.2231
4539.9000 0.2232
4545.0000 0.2233
4546.1000 0.2234
4547.9000 0.2235
4555.7000 0.2236
4556.6000 0.2237
4567.7000 0.2239
4570.1000 0.2240
4571.6000 0.2241
4577.7000 0.2242
4578.0000 0.2243
4578.1000 0.2244
4581.1000 0.2245
4582.7000 0.2246
4586.8000 0.2247
4590.6000 0.2248
4593.1000 0.2249
4593.2000 0.2250
4593.8000 0.2251
4596.0000 0.2252
4604.5000 0.2253
4609.3000 0.2254
4611.6000 0.2255
4612.0000 0.2256
4614.6000 0.2257
4616.4000 0.2258
4627.6000 0.2259
4628.9000 0.2260
4633.4000 0.2261
4638.5000 0.2262
4645.9000 0.2264
4657.4000 0.2265
4660.9000 0.2266
4664.2000 0.2267
4666.0000 0.2268
4668.2000 0.2269
4672.1000 0.2270
4680.9000 0.2271
4681.0000 0.2272
4683.1000 0.2273
4685.1000 0.2274
4695.7000 0.2275
4702.2000 0.2276
4702.4000 0.2277
4702.9000 0.2278
4709.5000 0.2279
4710.2000 0.2280
4716.7000 0.2281
4717.3000 0.2282
4718.7000 0.2283
4723.5000 0.2284
4728.8000 0.2285
4729.7000 0.2286
4729.9000 0.2287
4733.1000 0.2289
4740.0000 0.2290
4740.7000 0.2291
4740.7000 0.2292
4741.1000 0.2293
4741.2000 0.2294
4749.1000 0.2295
4749.5000 0.2296
4756.6000 0.2297
4759.3000 0.2298
4767.5000 0.2299
4767.6000 0.2300
4768.6000 0.2301
4776.0000 0.2302
4776.7000 0.2303
4790.1000 0.2304
4791.6000 0.2305
4798.7000 0.2306
4802.9000 0.2307
4804.0000 0.2308
4804.6000 0.2309
4807.6000 0.2310
4809.8000 0.2311
4811.8000 0.2312
4812.1000 0.2314
4820.1000 0.2315
4825.9000 0.2316
4839.2000 0.2317
4849.0000 0.2318
4856.5000 0.2319
4864.0000 0.2320
4865.7000 0.2321
4866.0000 0.2322
4866.5000 0.2323
4870.6000 0.2324
4882.3000 0.2325
4883.8000 0.2326
4885.2000 0.2327
4887.9000 0.2328
4891.2000 0.2329
4893.8000 0.2330
4898.2000 0.2331
4910.2000 0.2332
4911.1000 0.2333
4914.2000 0.2334
4917.1000 0.2335
4923.1000 0.2336
4927.8000 0.2337
4929.1000 0.2339
4930.4000 0.2340
4930.9000 0.2341
4933.7000 0.2342
4934.8000 0.2343
4935.8000 0.2344
4936.5000 0.2345
4947.7000 0.2346
4950.2000 0.2347
4951.9000 0.2348
4964.8000 0.2349
4966.2000 0.2350
4966.5000 0.2351
4975.5000 0.2352
4983.3000 0.2353
4988.7000 0.2354
4989.4000 0.2355
4999.4000 0.2356
5000.2000 0.2357
5004.5000 0.2358
5010.8000 0.2359
5015.4000 0.2360
5020.7000 0.2361
5023.0000 0.2362
5024.0000 0.2364
5027.2000 0.2365
5027.8000 0.2366
5033.9000 0.2367
5034.1000 0.2368
5041.7000 0.2369
5046.9000 0.2370
5051.9000 0.2371
5052.8000 0.2372
5054.1000 0.2373
5056.8000 0.2374
5061.5000 0.2375
5062.8000 0.2376
5075.4000 0.2377
5076.1000 0.2378
5085.6000 0.2379
5086.9000 0.2380
5087.1000 0.2381
5099.8000 0.2382
5100.8000 0.2383
5101.4000 0.2384
5107.1000 0.2385
5107.9000 0.2386
5112.5000 0.2387
5118.1000 0.2389
5120.9000 0.2390
5127.2000 0.2391
5130.4000 0.2392
5134.2000 0.2393
5136.3000 0.2394
5141.0000 0.2395
5143.4000 0.2396
5144.7000 0.2397
5145.5000 0.2398
5155.5000 0.2399
5162.4000 0.2400
5166.7000 0.2401
5169.1000 0.2402
5171.5000 0.2403
5176.0000 0.2404
5180.6000 0.2405
5188.1000 0.2406
5189.6000 0.2407
5199.1000 0.2408
5200.2000 0.2409
5200.7000 0.2410
5204.3000 0.2411
5214.2000 0.2412
5216.7000 0.2414
5221.5000 0.2415
5244.8000 0.2416
5245.7000 0.2417
5247.2000 0.2418
5247.6000 0.2419
5249.5000 0.2420
5252.2000 0.2421
5260.4000 0.2422
5260.7000 0.2423
5263.0000 0.2424
5264.3000 0.2425
5265.3000 0.2426
5266.8000 0.2427
5267.5000 0.2428
5269.8000 0.2429
5271.4000 0.2430
5272.4000 0.2431
5274.0000 0.2432
5284.7000 0.2433
5285.5000 0.2434
5289.9000 0.2435
5298.0000 0.2436
5303.0000 0.2437
5307.7000 0.2439
5312.0000 0.2440
5313.9000 0.2441
5321.5000 0.2442
5322.8000 0.2443
5326.0000 0.2444
5331.5000 0.2445
5333.2000 0.2446
5335.7000 0.2447
5338.7000 0.2448
5339.4000 0.2449
5341.3000 0.2450
5361.8000 0.2451
5370.2000 0.2452
5376.8000 0.2453
5386.3000 0.2454
5386.6000 0.2455
5392.7000 0.2456
5392.8000 0.2457
5398.2000 0.2458
5398.4000 0.2459
5415.2000 0.2460
5417.6000 0.2461
5420.0000 0.2462
5428.9000 0.2464
5431.7000 0.2465
5433.6000 0.2466
5442.2000 0.2467
5445.1000 0.2468
5455.6000 0.2469
5466.3000 0.2470
5473.0000 0.2471
5474.9000 0.2472
5477.7000 0.2473
5478.2000 0.2474
5484.6000 0.2475
5484.9000 0.2476
5490.2000 0.2477
5491.9000 0.2478
5492.4000 0.2479
5497.2000 0.2480
5498.7000 0.2481
5501.1000 0.2482
5504.6000 0.2483
5505.0000 0.2484
5507.3000 0.2485
5509.0000 0.2486
5513.1000 0.2487
5518.1000 0.2489
5523.6000 0.2490
5524.0000 0.2491
5530.1000 0.2492
5530.3000 0.2493
5541.9000 0.2494
5551.0000 0.2495
5552.7000 0.2496
5553.2000 0.2497
5555.1000 0.2498
5568.0000 0.2499
5573.5000 0.2500
5573.8000 0.2501
5574.6000 0.2502
5587.4000 0.2503
5591.2000 0.2504
5600.8000 0.2505
5609.5000 0.2506
5613.1000 0.2507
5623.6000 0.2508
5627.7000 0.2509
5631.8000 0.2510
5670.6000 0.2511
5671.2000 0.2512
5672.9000 0.2514
5678.7000 0.2515
5686.5000 0.2516
5689.4000 0.2517
5697.0000 0.2518
5697.6000 0.2519
5704.9000 0.2520
5707.5000 0.2521
5723.0000 0.2522
5727.0000 0.2523
5727.6000 0.2524
5735.0000 0.2525
5738.9000 0.2526
5739.5000 0.2527
5748.9000 0.2528
5750.1000 0.2529
5753.7000 0.2530
5756.2000 0.2531
5764.8000 0.2532
5766.8000 0.2533
5767.6000 0.2534
5774.1000 0.2535
5776.0000 0.2536
5777.1000 0.2537
5785.0000 0.2539
5789.8000 0.2540
5791.6000 0.2541
5798.6000 0.2542
5800.2000 0.2543
5814.7000 0.2544
5817.6000 0.2545
5820.5000 0.2546
5824.2000 0.2547
5827.4000 0.2548
5836.8000 0.2549
5836.8000 0.2550
5838.3000 0.2551
5842.1000 0.2552
5844.4000 0.2553
5849.6000 0.2554
5859.1000 0.2555
5864.7000 0.2556
5866.9000 0.2557
5878.8000 0.2558
5886.7000 0.2559
5892.4000 0.2560
5894.7000 0.2561
5898.3000 0.2562
5931.5000 0.2564
5936.2000 0.2565
5941.1000 0.2566
5946.3000 0.2567
5949.8000 0.2568
5949.9000 0.2569
5953.7000 0.2570
5959.5000 0.2571
5976.3000 0.2572
5977.7000 0.2573
5980.0000 0.2574
5986.4000 0.2575
5991.5000 0.2576
5992.0000 0.2577
5997.9000 0.2578
6004.6000 0.2579
6007.2000 0.2580
6013.3000 0.2581
6022.8000 0.2582
6027.4000 0.2583
6048.7000 0.2584
6050.2000 0.2585
6052.4000 0.2586
6053.7000 0.2587
6073.0000 0.2589
6075.2000 0.2590
6077.7000 0.2591
6090.9000 0.2592
6091.3000 0.2593
6097.9000 0.2594
6098.2000 0.2595
6099.0000 0.2596
6106.5000 0.2597
6111.6000 0.2598
6114.6000 0.2599
6116.2000 0.2600
6116.5000 0.2601
6117.1000 0.2602
6120.6000 0.2603
6122.7000 0.2604
6124.0000 0.2605
6139.9000 0.2606
6141.9000 0.2607
6145.0000 0.2608
6145.5000 0.2609
6152.9000 0.2610
6160.3000 0.2611
6164.6000 0.2612
6169.0000 0.2614
6177.9000 0.2615
6179.0000 0.2616
6181.4000 0.2617
6204.2000 0.2618
6204.8000 0.2619
6219.3000 0.2620
6233.8000 0.2621
6238.0000 0.2622
6240.4000 0.2623
6246.8000 0.2624
6255.6000 0.2625
6258.2000 0.2626
6259.6000 0.2627
6270.8000 0.2628
6278.0000 0.2629
6290.7000 0.2630
6292.4000 0.2631
6299.6000 0.2632
6303.2000 0.2633
6305.3000 0.2634
6311.2000 0.2635
6315.0000 0.2636
6326.9000 0.2637
6328.4000 0.2639
6336.3000 0.2640
6343.7000 0.2641
6352.1000 0.2642
6403.2000 0.2643
6406.1000 0.2644
6410.0000 0.2645
6419.3000 0.2646
6423.8000 0.2647
6426.2000 0.2648
6431.0000 0.2649
6431.8000 0.2650
6433.8000 0.2651
6434.1000 0.2652
6435.1000 0.2653
6438.3000 0.2654
6442.6000 0.2655
6444.2000 0.2656
6449.3000 0.2657
6452.2000 0.2658
6464.3000 0.2659
6468.2000 0.2660
6469.6000 0.2661
6470.2000 0.2662
6471.8000 0.2664
6476.7000 0.2665
6479.9000 0.2666
6481.4000 0.2667
6482.5000 0.2668
6485.9000 0.2669
6491.9000 0.2670
6495.5000 0.2671
6496.8000 0.2672
6497.9000 0.2673
6500.8000 0.2674
6501.1000 0.2675
6502.8000 0.2676
6510.4000 0.2677
6527.3000 0.2678
6529.6000 0.2679
6542.7000 0.2680
6552.9000 0.2681
6559.2000 0.2682
6567.4000 0.2683
6571.6000 0.2684
6573.3000 0.2685
6581.8000 0.2686
6593.8000 0.2687
6600.8000 0.2689
6601.4000 0.2690
6608.6000 0.2691
6612.7000 0.2692
6623.2000 0.2693
6637.5000 0.2694
6638.1000 0.2695
6639.2000 0.2696
6647.8000 0.2697
6650.6000 0.2698
6650.6000 0.2699
6656.4000 0.2700
6658.7000 0.2701
6678.9000 0.2702
6688.7000 0.2703
6690.0000 0.2704
6700.2000 0.2705
6710.8000 0.2706
6719.6000 0.2707
6725.4000 0.2708
6730.7000 0.2709
6731.2000 0.2710
6735.4000 0.2711
6736.8000 0.2712
6743.3000 0.2714
6745.0000 0.2715
6747.6000 0.2716
6748.6000 0.2717
6784.5000 0.2718
6787.6000 0.2719
6790.4000 0.2720
6792.8000 0.2721
6794.3000 0.2722
6797.2000 0.2723
6813.2000 0.2724
6835.4000 0.2725
6837.1000 0.2726
6838.0000 0.2727
6841.9000 0.2728
6851.5000 0.2729
6858.5000 0.2730
6862.8000 0.2731
6867.2000 0.2732
6867.4000 0.2733
6876.5000 0.2734
6877.5000 0.2735
6877.8000 0.2736
6886.6000 0.2737
6894.0000 0.2739
6894.0000 0.2740
6897.7000 0.2741
6910.0000 0.2742
6911.8000 0.2743
6917.1000 0.2744
6924.6000 0.2745
6926.5000 0.2746
6930.9000 0.2747
6934.6000 0.2748
6945.2000 0.2749
6946.2000 0.2750
6951.2000 0.2751
6954.0000 0.2752
6956.0000 0.2753
6958.9000 0.2754
6961.0000 0.2755
6963.8000 0.2756
6965.8000 0.2757
6970.2000 0.2758
6970.9000 0.2759
6971.8000 0.2760
6977.9000 0.2761
6989.2000 0.2762
6989.8000 0.2764
6990.8000 0.2765
6992.2000 0.2766
6996.6000 0.2767
6997.4000 0.2768
7009.6000 0.2769
7012.1000 0.2770
7013.0000 0.2771
7024.3000 0.2772
7031.7000 0.2773
7035.8000 0.2774
7041.9000 0.2775
7044.4000 0.2776
7051.3000 0.2777
7053.9000 0.2778
7059.0000 0.2779
7059.7000 0.2780
7060.3000 0.2781
7071.4000 0.2782
7071.9000 0.2783
7072.6000 0.2784
7082.8000 0.2785
7088.3000 0.2786
7089.1000 0.2787
7095.7000 0.2789
7108.4000 0.2790
7109.4000 0.2791
7117.0000 0.2792
7121.9000 0.2793
7126.4000 0.2794
7131.4000 0.2795
7138.2000 0.2796
7142.2000 0.2797
7157.0000 0.2798
7159.2000 0.2799
7164.3000 0.2800
7171.4000 0.2801
7179.1000 0.2802
7181.6000 0.2803
7187.9000 0.2804
7200.0000 0.2805
7203.7000 0.2806
7213.2000 0.2807
7217.1000 0.2808
7221.9000 0.2809
7224.0000 0.2810
7236.5000 0.2811
7237.2000 0.2812
7248.7000 0.2814
7256.5000 0.2815
7262.4000 0.2816
7263.8000 0.2817
7270.5000 0.2818
7273.2000 0.2819
7274.2000 0.2820
7279.4000 0.2821
7280.4000 0.2822
7287.2000 0.2823
7289.8000 0.2824
7296.4000 0.2825
7301.9000 0.2826
7303.2000 0.2827
7305.2000 0.2828
7305.9000 0.2829
7307.5000 0.2830
7308.1000 0.2831
7309.8000 0.2832
7321.5000 0.2833
7329.6000 0.2834
7340.1000 0.2835
7340.7000 0.2836
7342.9000 0.2837
7350.0000 0.2839
7350.1000 0.2840
7351.1000 0.2841
7362.2000 0.2842
7369.5000 0.2843
7377.0000 0.2844
7385.4000 0.2845
7387.3000 0.2846
7389.6000 0.2847
7389.8000 0.2848
7393.3000 0.2849
7393.8000 0.2850
7398.0000 0.2851
7412.1000 0.2852
7412.6000 0.2853
7416.0000 0.2854
7430.8000 0.2855
7438.6000 0.2856
7440.5000 0.2857
7444.0000 0.2858
7450.5000 0.2859
7463.2000 0.2860
7464.0000 0.2861
7465.8000 0.2862
7468.2000 0.2864
7469.2000 0.2865
7470.9000 0.2866
7471.7000 0.2867
7486.5000 0.2868
7487.1000 0.2869
7488.3000 0.2870
7496.0000 0.2871
7502.2000 0.2872
7507.8000 0.2873
7507.9000 0.2874
7507.9000 0.2875
7508.0000 0.2876
7516.8000 0.2877
7517.4000 0.2878
7518.4000 0.2879
7522.7000 0.2880
7523.1000 0.2881
7528.2000 0.2882
7532.8000 0.2883
7536.0000 0.2884
7541.6000 0.2885
7543.1000 0.2886
7553.9000 0.2887
7560.0000 0.2889
7572.8000 0.2890
7579.9000 0.2891
7581.3000 0.2892
7591.2000 0.2893
7593.9000 0.2894
7594.0000 0.2895
7594.1000 0.2896
7595.9000 0.2897
7601.8000 0.2898
7603.8000 0.2899
7612.7000 0.2900
7622.2000 0.2901
7622.5000 0.2902
7625.9000 0.2903
7631.0000 0.2904
7636.3000 0.2905
7637.7000 0.2906
7645.7000 0.2907
7649.6000 0.2908
7658.3000 0.2909
7660.7000 0.2910
7663.9000 0.2911
7664.5000 0.2912
7666.6000 0.2914
7667.4000 0.2915
7668.5000 0.2916
7677.3000 0.2917
7680.6000 0.2918
7681.0000 0.2919
7682.7000 0.2920
7693.7000 0.2921
7698.5000 0.2922
7699.2000 0.2923
7703.2000 0.2924
7715.6000 0.2925
7722.1000 0.2926
7723.9000 0.2927
7730.7000 0.2928
7736.2000 0.2929
7741.6000 0.2930
7753.2000 0.2931
7753.6000 0.2932
7755.9000 0.2933
7757.2000 0.2934
7758.1000 0.2935
7759.3000 0.2936
7759.5000 0.2937
7761.7000 0.2939
7761.7000 0.2940
7772.0000 0.2941
7775.0000 0.2942
7778.5000 0.2943
7779.6000 0.2944
7785.7000 0.2945
7796.7000 0.2946
7799.6000 0.2947
7801.8000 0.2948
7810.4000 0.2949
7812.6000 0.2950
7813.9000 0.2951
7814.7000 0.2952
7841.0000 0.2953
7847.8000 0.2954
7859.7000 0.2955
7877.0000 0.2956
7879.7000 0.2957
7902.5000 0.2958
7905.6000 0.2959
7915.9000 0.2960
7920.9000 0.2961
7925.8000 0.2962
7927.5000 0.2964
7933.8000 0.2965
7934.9000 0.2966
7941.3000 0.2967
7941.8000 0.2968
7948.7000 0.2969
7952.2000 0.2970
7958.5000 0.2971
7959.6000 0.2972
7981.4000 0.2973
7981.8000 0.2974
7982.2000 0.2975
7983.8000 0.2976
7988.4000 0.2977
7992.3000 0.2978
7992.6000 0.2979
7996.5000 0.2980
7998.0000 0.2981
8007.8000 0.2982
8011.5000 0.2983
8014.6000 0.2984
8024.6000 0.2985
8026.8000 0.2986
8029.6000 0.2987
8037.5000 0.2989
8038.6000 0.2990
8042.1000 0.2991
8047.4000 0.2992
8061.5000 0.2993
8069.5000 0.2994
8075.1000 0.2995
8081.0000 0.2996
8081.3000 0.2997
8082.3000 0.2998
8085.5000 0.2999
8093.9000 0.3000
8094.4000 0.3001
8109.8000 0.3002
8117.4000 0.3003
8123.4000 0.3004
8140.4000 0.3005
8141.7000 0.3006
8150.8000 0.3007
8154.4000 0.3008
8156.3000 0.3009
8156.4000 0.3010
8162.8000 0.3011
8165.8000 0.3012
8172.1000 0.3014
8178.4000 0.3015
8180.8000 0.3016
8198.0000 0.3017
8200.4000 0.3018
8214.9000 0.3019
8216.6000 0.3020
8221.6000 0.3021
8223.4000 0.3022
8228.1000 0.3023
8236.5000 0.3024
8264.7000 0.3025
8270.9000 0.3026
8273.7000 0.3027
8277.9000 0.3028
8283.3000 0.3029
8284.2000 0.3030
8292.5000 0.3031
8294.1000 0.3032
8308.7000 0.3033
8311.1000 0.3034
8325.0000 0.3035
8327.8000 0.3036
8346.7000 0.3037
8349.7000 0.3039
8355.4000 0.3040
8355.5000 0.3041
8363.6000 0.3042
8364.4000 0.3043
8366.8000 0.3044
8371.8000 0.3045
8373.9000 0.3046
8382.3000 0.3047
8388.1000 0.3048
8388.2000 0.3049
8389.2000 0.3050
8389.2000 0.3051
8394.4000 0.3052
8397.0000 0.3053
8398.6000 0.3054
8401.6000 0.3055
8405.0000 0.3056
8413.8000 0.3057
8415.7000 0.3058
8429.8000 0.3059
8431.1000 0.3060
8433.9000 0.3061
8436.1000 0.3062
8439.0000 0.3064
8440.2000 0.3065
8446.7000 0.3066
8453.6000 0.3067
8454.6000 0.3068
8456.9000 0.3069
8464.5000 0.3070
8464.6000 0.3071
8468.5000 0.3072
8478.7000 0.3073
8492.2000 0.3074
8494.4000 0.3075
8498.5000 0.3076
8499.4000 0.3077
8503.3000 0.3078
8509.9000 0.3079
8510.1000 0.3080
8521.8000 0.3081
8527.7000 0.3082
8531.7000 0.3083
8536.8000 0.3084
8537.7000 0.3085
8538.4000 0.3086
8551.3000 0.3087
8554.7000 0.3089
8559.3000 0.3090
8562.4000 0.3091
8574.1000 0.3092
8587.7000 0.3093
8589.6000 0.3094
8594.9000 0.3095
8595.7000 0.3096
8597.8000 0.3097
8614.9000 0.3098
8614.9000 0.3099
8616.4000 0.3100
8621.8000 0.3101
8625.0000 0.3102
8628.4000 0.3103
8629.0000 0.3104
8639.0000 0.3105
8639.6000 0.3106
8642.2000 0.3107
8650.6000 0.3108
8658.5000 0.3109
8663.7000 0.3110
8669.7000 0.3111
8672.9000 0.3112
8686.6000 0.3114
8690.0000 0.3115
8691.2000 0.3116
8692.4000 0.3117
8696.3000 0.3118
8700.1000 0.3119
8701.3000 0.3120
8703.8000 0.3121
8717.2000 0.3122
8721.6000 0.3123
8722.1000 0.3124
8725.5000 0.3125
8729.6000 0.3126
8729.8000 0.3127
8739.1000 0.3128
8745.1000 0.3129
8745.5000 0.3130
8774.6000 0.3131
8780.2000 0.3132
8781.3000 0.3133
8796.7000 0.3134
8802.6000 0.3135
8805.3000 0.3136
8811.5000 0.3137
8813.3000 0.3139
8820.5000 0.3140
8823.2000 0.3141
8823.7000 0.3142
8826.5000 0.3143
8833.2000 0.3144
8845.7000 0.3145
8851.7000 0.3146
8867.6000 0.3147
8872.9000 0.3148
8874.2000 0.3149
8875.5000 0.3150
8884.5000 0.3151
8889.0000 0.3152
8890.2000 0.3153
8891.5000 0.3154
8900.0000 0.3155
8908.6000 0.3156
8913.5000 0.3157
8917.2000 0.3158
8917.8000 0.3159
8918.1000 0.3160
8931.9000 0.3161
8933.1000 0.3162
8935.3000 0.3164
8949.6000 0.3165
8952.2000 0.3166
8960.4000 0.3167
8961.6000 0.3168
8973.4000 0.3169
8976.0000 0.3170
9002.3000 0.3171
9018.1000 0.3172
9018.7000 0.3173
9021.9000 0.3174
9022.6000 0.3175
9026.3000 0.3176
9026.7000 0.3177
9034.7000 0.3178
9044.4000 0.3179
9047.9000 0.3180
9048.1000 0.3181
9062.9000 0.3182
9063.0000 0.3183
9064.3000 0.3184
9067.7000 0.3185
9068.4000 0.3186
9071.4000 0.3187
9078.7000 0.3189
9079.1000 0.3190
9080.2000 0.3191
9084.9000 0.3192
9087.9000 0.3193
9102.6000 0.3194
9108.0000 0.3195
9108.8000 0.3196
9117.1000 0.3197
9118.3000 0.3198
9122.1000 0.3199
9125.1000 0.3200
9132.7000 0.3201
9138.6000 0.3202
9146.2000 0.3203
9157.5000 0.3204
9159.3000 0.3205
9166.5000 0.3206
9178.1000 0.3207
9192.1000 0.3208
9202.9000 0.3209
9212.6000 0.3210
9213.7000 0.3211
9214.4000 0.3212
9220.7000 0.3214
9221.8000 0.3215
9223.5000 0.3216
9225.6000 0.3217
9228.8000 0.3218
9242.3000 0.3219
9242.4000 0.3220
9256.6000 0.3221
9272.9000 0.3222
9273.4000 0.3223
9282.9000 0.3224
9286.2000 0.3225
9291.3000 0.3226
9293.5000 0.3227
9307.6000 0.3228
9309.3000 0.3229
9320.2000 0.3230
9321.2000 0.3231
9335.1000 0.3232
9341.6000 0.3233
9342.5000 0.3234
9355.9000 0.3235
9371.4000 0.3236
9371.9000 0.3237
9373.0000 0.3239
9378.9000 0.3240
9380.0000 0.3241
9389.1000 0.3242
9395.3000 0.3243
9411.7000 0.3244
9417.3000 0.3245
9423.9000 0.3246
9425.0000 0.3247
9426.3000 0.3248
9429.4000 0.3249
9445.2000 0.3250
9450.8000 0.3251
9452.0000 0.3252
9453.9000 0.3253
9457.8000 0.3254
9470.4000 0.3255
9477.0000 0.3256
9484.4000 0.3257
9495.4000 0.3258
9510.0000 0.3259
9510.1000 0.3260
9511.0000 0.3261
9511.8000 0.3263
9513.0000 0.3264
9523.8000 0.3265
9542.1000 0.3266
9546.8000 0.3267
9548.0000 0.3268
9554.9000 0.3269
9557.1000 0.3270
9586.0000 0.3271
9588.1000 0.3272
9591.1000 0.3273
9607.7000 0.3274
9608.0000 0.3275
9619.2000 0.3276
9621.9000 0.3277
9629.4000 0.3278
9633.9000 0.3279
9638.4000 0.3280
9639.1000 0.3281
9653.1000 0.3282
9661.1000 0.3283
9663.1000 0.3284
9670.7000 0.3285
9671.8000 0.3286
9675.6000 0.3288
9683.0000 0.3289
9701.5000 0.3290
9711.3000 0.3291
9714.3000 0.3292
9726.8000 0.3293
9732.0000 0.3294
9732.4000 0.3295
9744.7000 0.3296
9754.0000 0.3297
9756.0000 0.3298
9769.9000 0.3299
9770.2000 0.3300
9775.1000 0.3301
9776.6000 0.3302
9777.7000 0.3303
9792.7000 0.3304
9794.5000 0.3305
9799.3000 0.3306
9811.4000 0.3307
9812.7000 0.3308
9813.8000 0.3309
9819.6000 0.3310
9822.2000 0.3311
9831.1000 0.3313
9849.5000 0.3314
9856.0000 0.3315
9869.5000 0.3316
9871.3000 0.3317
9872.6000 0.3318
9896.2000 0.3319
9901.2000 0.3320
9901.5000 0.3321
9918.6000 0.3322
9923.6000 0.3323
9933.4000 0.3324
9938.5000 0.3325
9946.8000 0.3326
9950.2000 0.3327
9957.5000 0.3328
9963.2000 0.3329
9968.8000 0.3330
9972.1000 0.3331
9974.8000 0.3332
9983.5000 0.3333
9987.6000 0.3334
9989.9000 0.3335
9990.6000 0.3336
9992.6000 0.3338
10007.7000 0.3339
10012.0000 0.3340
10020.5000 0.3341
10024.1000 0.3342
10024.7000 0.3343
10028.7000 0.3344
10029.3000 0.3345
10032.1000 0.3346
10033.9000 0.3347
10038.6000 0.3348
10049.2000 0.3349
10051.6000 0.3350
10053.2000 0.3351
10054.6000 0.3352
10063.8000 0.3353
10072.2000 0.3354
10082.7000 0.3355
10086.1000 0.3356
10092.9000 0.3357
10097.4000 0.3358
10112.1000 0.3359
10118.2000 0.3360
10123.4000 0.3361
10125.0000 0.3363
10128.9000 0.3364
10131.7000 0.3365
10133.2000 0.3366
10134.4000 0.3367
10138.3000 0.3368
10145.6000 0.3369
10147.1000 0.3370
10148.8000 0.3371
10167.8000 0.3372
10171.3000 0.3373
10179.5000 0.3374
10183.9000 0.3375
10188.4000 0.3376
10194.9000 0.3377
10196.8000 0.3378
10198.2000 0.3379
10206.4000 0.3380
10210.4000 0.3381
10213.0000 0.3382
10213.4000 0.3383
10218.1000 0.3384
10248.0000 0.3385
10267.6000 0.3386
10269.7000 0.3388
10271.0000 0.3389
10275.8000 0.3390
10280.7000 0.3391
10288.2000 0.3392
10295.2000 0.3393
10296.3000 0.3394
10300.3000 0.3395
10300.8000 0.3396
10302.1000 0.3397
10302.2000 0.3398
10303.7000 0.3399
10305.8000 0.3400
10309.9000 0.3401
10310.0000 0.3402
10311.1000 0.3403
10313.6000 0.3404
10315.7000 0.3405
10316.6000 0.3406
10316.7000 0.3407
10320.8000 0.3408
10323.1000 0.3409
10330.3000 0.3410
10337.6000 0.3411
10339.0000 0.3413
10342.4000 0.3414
10343.2000 0.3415
10351.0000 0.3416
10352.0000 0.3417
10360.3000 0.3418
10373.4000 0.3419
10382.1000 0.3420
10382.3000 0.3421
10386.6000 0.3422
10387.1000 0.3423
10393.8000 0.3424
10400.5000 0.3425
10401.6000 0.3426
10403.5000 0.3427
10405.1000 0.3428
10414.5000 0.3429
10417.4000 0.3430
10419.6000 0.3431
10419.9000 0.3432
10420.6000 0.3433
10452.1000 0.3434
10453.3000 0.3435
10453.7000 0.3436
10457.2000 0.3438
10465.0000 0.3439
10466.8000 0.3440
10467.8000 0.3441
10468.3000 0.3442
10470.5000 0.3443
10473.6000 0.3444
10474.7000 0.3445
10475.9000 0.3446
10484.0000 0.3447
10493.0000 0.3448
10497.2000 0.3449
10502.1000 0.3450
10520.3000 0.3451
10549.9000 0.3452
10550.3000 0.3453
10561.0000 0.3454
10563.7000 0.3455
10565.3000 0.3456
10570.9000 0.3457
10571.1000 0.3458
10578.8000 0.3459
10581.9000 0.3460
10582.1000 0.3461
10583.5000 0.3463
10585.3000 0.3464
10585.9000 0.3465
10588.3000 0.3466
10589.7000 0.3467
10590.0000 0.3468
10594.3000 0.3469
10598.2000 0.3470
10598.7000 0.3471
10610.7000 0.3472
10614.8000 0.3473
10615.5000 0.3474
10624.6000 0.3475
10632.4000 0.3476
10632.8000 0.3477
10638.2000 0.3478
10643.0000 0.3479
10643.5000 0.3480
10644.6000 0.3481
10647.8000 0.3482
10657.0000 0.3483
10665.9000 0.3484
10667.7000 0.3485
10670.3000 0.3486
10670.7000 0.3488
10676.8000 0.3489
10679.6000 0.3490
10680.2000 0.3491
10684.1000 0.3492
10689.5000 0.3493
10694.4000 0.3494
10695.0000 0.3495
10696.9000 0.3496
10702.8000 0.3497
10709.3000 0.3498
10724.4000 0.3499
10745.3000 0.3500
10751.0000 0.3501
10753.4000 0.3502
10759.7000 0.3503
10759.9000 0.3504
10760.1000 0.3505
10765.3000 0.3506
10778.6000 0.3507
10784.1000 0.3508
10784.5000 0.3509
10784.8000 0.3510
10791.0000 0.3511
10792.5000 0.3513
10794.8000 0.3514
10806.6000 0.3515
10809.3000 0.3516
10813.0000 0.3517
10813.8000 0.3518
10816.0000 0.3519
10816.3000 0.3520
10816.4000 0.3521
10822.6000 0.3522
10828.5000 0.3523
10845.0000 0.3524
10845.7000 0.3525
10847.9000 0.3526
10850.6000 0.3527
10851.9000 0.3528
10864.9000 0.3529
10872.3000 0.3530
10877.3000 0.3531
10892.7000 0.3532
10893.3000 0.3533
10894.8000 0.3534
10900.3000 0.3535
10901.0000 0.3536
10913.5000 0.3538
10928.3000 0.3539
10932.8000 0.3540
10935.7000 0.3541
10942.8000 0.3542
10944.2000 0.3543
10948.1000 0.3544
10955.1000 0.3545
10958.9000 0.3546
10962.5000 0.3547
10963.7000 0.3548
10970.2000 0.3549
10972.9000 0.3550
10973.0000 0.3551
10982.3000 0.3552
10985.5000 0.3553
10998.7000 0.3554
11000.1000 0.3555
11003.7000 0.3556
11007.7000 0.3557
11013.5000 0.3558
11020.8000 0.3559
11025.4000 0.3560
11029.4000 0.3561
11048.1000 0.3563
11055.6000 0.3564
11067.0000 0.3565
11067.3000 0.3566
11071.4000 0.3567
11090.2000 0.3568
11109.6000 0.3569
11112.4000 0.3570
11124.9000 0.3571
11126.8000 0.3572
11127.7000 0.3573
11130.7000 0.3574
11134.3000 0.3575
11136.2000 0.3576
11139.1000 0.3577
11156.7000 0.3578
11159.2000 0.3579
11165.6000 0.3580
11166.6000 0.3581
11167.2000 0.3582
11172.8000 0.3583
11179.1000 0.3584
11180.7000 0.3585
11180.7000 0.3586
11184.8000 0.3588
11185.3000 0.3589
11189.8000 0.3590
11191.1000 0.3591
11214.5000 0.3592
11215.4000 0.3593
11223.6000 0.3594
11227.6000 0.3595
11227.8000 0.3596
11228.1000 0.3597
11228.2000 0.3598
11234.0000 0.3599
11236.4000 0.3600
11237.5000 0.3601
11239.5000 0.3602
11244.3000 0.3603
11250.9000 0.3604
11258.3000 0.3605
11267.0000 0.3606
11268.3000 0.3607
11275.6000 0.3608
11275.6000 0.3609
11278.4000 0.3610
11279.4000 0.3611
11282.7000 0.3613
11287.8000 0.3614
11288.0000 0.3615
11289.2000 0.3616
11294.7000 0.3617
11295.9000 0.3618
11298.0000 0.3619
11303.6000 0.3620
11307.1000 0.3621
11308.0000 0.3622
11308.6000 0.3623
11313.4000 0.3624
11315.4000 0.3625
11321.5000 0.3626
11324.4000 0.3627
11325.0000 0.3628
11339.1000 0.3629
11345.5000 0.3630
11350.8000 0.3631
11356.6000 0.3632
11363.6000 0.3633
11365.1000 0.3634
11369.0000 0.3635
11369.3000 0.3636
11369.5000 0.3638
11371.8000 0.3639
11371.8000 0.3640
11372.3000 0.3641
11374.0000 0.3642
11374.2000 0.3643
11384.4000 0.3644
11402.2000 0.3645
11433.8000 0.3646
11436.4000 0.3647
11436.5000 0.3648
11437.4000 0.3649
11444.3000 0.3650
11452.0000 0.3651
11453.7000 0.3652
11463.0000 0.3653
11466.0000 0.3654
11474.9000 0.3655
11475.6000 0.3656
11475.8000 0.3657
11476.5000 0.3658
11479.6000 0.3659
11486.7000 0.3660
11490.9000 0.3661
11503.6000 0.3663
11506.6000 0.3664
11510.6000 0.3665
11517.7000 0.3666
11527.3000 0.3667
11527.3000 0.3668
11532.6000 0.3669
11546.8000 0.3670
11561.9000 0.3671
11564.9000 0.3672
11575.1000 0.3673
11578.9000 0.3674
11581.8000 0.3675
11583.8000 0.3676
11584.7000 0.3677
11588.6000 0.3678
11598.4000 0.3679
11600.4000 0.3680
11606.7000 0.3681
11609.1000 0.3682
11616.7000 0.3683
11625.9000 0.3684
11628.3000 0.3685
11634.1000 0.3686
11640.6000 0.3688
11642.4000 0.3689
11644.4000 0.3690
11646.5000 0.3691
11656.6000 0.3692
11658.6000 0.3693
11662.0000 0.3694
11672.5000 0.3695
11673.0000 0.3696
11682.3000 0.3697
11692.8000 0.3698
11696.3000 0.3699
11715.2000 0.3700
11722.6000 0.3701
11745.5000 0.3702
11746.9000 0.3703
11748.0000 0.3704
11748.4000 0.3705
11757.9000 0.3706
11762.2000 0.3707
11764.2000 0.3708
11765.1000 0.3709
11765.1000 0.3710
11767.0000 0.3711
11767.0000 0.3713
11771.3000 0.3714
11774.4000 0.3715
11787.9000 0.3716
11788.2000 0.3717
11805.2000 0.3718
11810.6000 0.3719
11821.9000 0.3720
11825.1000 0.3721
11826.0000 0.3722
11831.9000 0.3723
11832.6000 0.3724
11833.3000 0.3725
11842.1000 0.3726
11844.6000 0.3727
11849.3000 0.3728
11851.6000 0.3729
11862.2000 0.3730
11866.7000 0.3731
11872.5000 0.3732
11874.6000 0.3733
11883.3000 0.3734
11890.9000 0.3735
11894.3000 0.3736
11901.2000 0.3738
11906.2000 0.3739
11916.9000 0.3740
11920.9000 0.3741
11922.8000 0.3742
11927.3000 0.3743
11930.9000 0.3744
11931.0000 0.3745
11944.2000 0.3746
11945.6000 0.3747
11949.0000 0.3748
11956.5000 0.3749
11956.5000 0.3750
11959.9000 0.3751
11968.9000 0.3752
11981.5000 0.3753
11982.9000 0.3754
11985.0000 0.3755
11993.2000 0.3756
11994.2000 0.3757
12001.6000 0.3758
12004.7000 0.3759
12008.5000 0.3760
12011.8000 0.3761
12012.6000 0.3763
12014.5000 0.3764
12018.7000 0.3765
12021.8000 0.3766
12032.0000 0.3767
12036.3000 0.3768
12050.2000 0.3769
12062.4000 0.3770
12068.1000 0.3771
12075.5000 0.3772
12078.5000 0.3773
12089.0000 0.3774
12090.3000 0.3775
12098.7000 0.3776
12108.4000 0.3777
12109.9000 0.3778
12112.1000 0.3779
12112.3000 0.3780
12118.0000 0.3781
12118.9000 0.3782
12120.2000 0.3783
12120.8000 0.3784
12130.3000 0.3785
12133.5000 0.3786
12133.5000 0.3788
12155.3000 0.3789
12171.7000 0.3790
12174.0000 0.3791
12174.9000 0.3792
12176.2000 0.3793
12182.7000 0.3794
12190.4000 0.3795
12190.7000 0.3796
12190.9000 0.3797
12205.5000 0.3798
12207.5000 0.3799
12212.9000 0.3800
12215.4000 0.3801
12225.7000 0.3802
12226.4000 0.3803
12232.9000 0.3804
12233.0000 0.3805
12237.7000 0.3806
12237.9000 0.3807
12251.1000 0.3808
12251.8000 0.3809
12255.4000 0.3810
12256.6000 0.3811
12269.7000 0.3813
12290.7000 0.3814
12299.2000 0.3815
12308.9000 0.3816
12327.5000 0.3817
12329.5000 0.3818
12335.2000 0.3819
12353.6000 0.3820
12360.8000 0.3821
12370.5000 0.3822
12373.7000 0.3823
12374.9000 0.3824
12379.7000 0.3825
12385.0000 0.3826
12395.1000 0.3827
12407.4000 0.3828
12407.6000 0.3829
12410.0000 0.3830
12412.5000 0.3831
12419.1000 0.3832
12420.4000 0.3833
12420.7000 0.3834
12423.8000 0.3835
12424.6000 0.3836
12424.9000 0.3838
12425.9000 0.3839
12428.7000 0.3840
12429.9000 0.3841
12435.5000 0.3842
12444.2000 0.3843
12445.1000 0.3844
12448.0000 0.3845
12450.4000 0.3846
12460.8000 0.3847
12464.7000 0.3848
12471.4000 0.3849
12477.3000 0.3850
12480.7000 0.3851
12494.7000 0.3852
12501.4000 0.3853
12515.1000 0.3854
12515.9000 0.3855
12516.6000 0.3856
12517.3000 0.3857
12519.0000 0.3858
12524.1000 0.3859
12533.9000 0.3860
12538.3000 0.3861
12548.9000 0.3863
12552.1000 0.3864
12553.6000 0.3865
12561.8000 0.3866
12563.6000 0.3867
12564.3000 0.3868
12575.5000 0.3869
12577.9000 0.3870
12588.1000 0.3871
12591.2000 0.3872
12595.3000 0.3873
12608.5000 0.3874
12614.0000 0.3875
12643.2000 0.3876
12651.9000 0.3877
12660.7000 0.3878
12669.8000 0.3879
12688.1000 0.3880
12699.2000 0.3881
12699.7000 0.3882
12707.1000 0.3883
12711.0000 0.3884
12717.6000 0.3885
12717.7000 0.3886
12717.8000 0.3888
12727.6000 0.3889
12728.6000 0.3890
12738.1000 0.3891
12742.6000 0.3892
12742.8000 0.3893
12752.7000 0.3894
12756.5000 0.3895
12774.7000 0.3896
12783.5000 0.3897
12791.7000 0.3898
12793.1000 0.3899
12795.9000 0.3900
12796.0000 0.3901
12827.2000 0.3902
12833.0000 0.3903
12836.0000 0.3904
12837.9000 0.3905
12849.3000 0.3906
12861.2000 0.3907
12865.1000 0.3908
12868.5000 0.3909
12874.0000 0.3910
12881.6000 0.3911
12882.8000 0.3913
12887.3000 0.3914
12898.9000 0.3915
12900.9000 0.3916
12912.2000 0.3917
12920.4000 0.3918
12921.9000 0.3919
12925.8000 0.3920
12940.4000 0.3921
12942.4000 0.3922
12945.6000 0.3923
12946.0000 0.3924
12952.3000 0.3925
12970.2000 0.3926
12970.3000 0.3927
12971.6000 0.3928
12984.7000 0.3929
12998.2000 0.3930
12999.0000 0.3931
13003.3000 0.3932
13011.1000 0.3933
13032.7000 0.3934
13047.1000 0.3935
13048.8000 0.3936
13062.9000 0.3938
13076.8000 0.3939
13081.7000 0.3940
13089.6000 0.3941
13094.4000 0.3942
13095.0000 0.3943
13098.5000 0.3944
13110.1000 0.3945
13111.5000 0.3946
13118.7000 0.3947
13124.8000 0.3948
13125.3000 0.3949
13127.9000 0.3950
13133.2000 0.3951
13139.9000 0.3952
13142.0000 0.3953
13152.4000 0.3954
13153.5000 0.3955
13154.0000 0.3956
13156.1000 0.3957
13156.4000 0.3958
13160.5000 0.3959
13168.2000 0.3960
13174.4000 0.3961
13175.9000 0.3963
13179.4000 0.3964
13180.0000 0.3965
13184.9000 0.3966
13187.0000 0.3967
13189.1000 0.3968
13197.3000 0.3969
13200.7000 0.3970
13209.5000 0.3971
13209.9000 0.3972
13213.2000 0.3973
13219.4000 0.3974
13222.1000 0.3975
13226.0000 0.3976
13235.2000 0.3977
13253.8000 0.3978
13258.6000 0.3979
13258.8000 0.3980
13259.2000 0.3981
13275.7000 0.3982
13280.8000 0.3983
13283.1000 0.3984
13288.4000 0.3985
13291.5000 0.3986
13295.4000 0.3988
13305.7000 0.3989
13312.4000 0.3990
13322.3000 0.3991
13325.4000 0.3992
13327.1000 0.3993
13342.0000 0.3994
13356.6000 0.3995
13357.8000 0.3996
13363.7000 0.3997
13373.0000 0.3998
13374.3000 0.3999
13374.8000 0.4000
13385.9000 0.4001
13408.2000 0.4002
13424.0000 0.4003
13424.0000 0.4004
13424.5000 0.4005
13436.2000 0.4006
13439.7000 0.4007
13445.0000 0.4008
13451.5000 0.4009
13454.8000 0.4010
13457.6000 0.4011
13459.8000 0.4013
13460.3000 0.4014
13464.1000 0.4015
13467.6000 0.4016
13468.3000 0.4017
13468.9000 0.4018
13475.0000 0.4019
13478.6000 0.4020
13479.1000 0.4021
13483.9000 0.4022
13491.6000 0.4023
13502.8000 0.4024
13513.3000 0.4025
13514.7000 0.4026
13518.3000 0.4027
13520.4000 0.4028
13525.5000 0.4029
13528.6000 0.4030
13530.9000 0.4031
13546.9000 0.4032
13549.7000 0.4033
13551.7000 0.4034
13554.2000 0.4035
13562.4000 0.4036
13571.4000 0.4038
13579.2000 0.4039
13584.9000 0.4040
13585.4000 0.4041
13597.2000 0.4042
13610.2000 0.4043
13614.0000 0.4044
13617.7000 0.4045
13619.1000 0.4046
13625.6000 0.4047
13649.2000 0.4048
13657.9000 0.4049
13661.2000 0.4050
13661.6000 0.4051
13662.2000 0.4052
13667.3000 0.4053
13675.4000 0.4054
13675.5000 0.4055
13675.6000 0.4056
13679.9000 0.4057
13684.2000 0.4058
13685.5000 0.4059
13694.4000 0.4060
13697.9000 0.4061
13711.6000 0.4063
13715.0000 0.4064
13727.7000 0.4065
13730.0000 0.4066
13735.2000 0.4067
13741.4000 0.4068
13749.2000 0.4069
13749.7000 0.4070
13751.5000 0.4071
13752.8000 0.4072
13755.4000 0.4073
13757.0000 0.4074
13759.6000 0.4075
13763.5000 0.4076
13764.6000 0.4077
13766.2000 0.4078
13767.6000 0.4079
13769.9000 0.4080
13792.0000 0.4081
13806.7000 0.4082
13809.0000 0.4083
13819.5000 0.4084
13822.4000 0.4085
13826.0000 0.4086
13842.6000 0.4088
13849.4000 0.4089
13853.9000 0.4090
13856.4000 0.4091
13858.5000 0.4092
13860.2000 0.4093
13865.4000 0.4094
13867.4000 0.4095
13880.0000 0.4096
13882.9000 0.4097
13884.4000 0.4098
13889.9000 0.4099
13890.2000 0.4100
13898.1000 0.4101
13898.2000 0.4102
13911.4000 0.4103
13920.4000 0.4104
13922.2000 0.4105
13932.6000 0.4106
13940.6000 0.4107
13945.5000 0.4108
13948.7000 0.4109
13950.7000 0.4110
13951.0000 0.4111
13954.4000 0.4113
13959.6000 0.4114
13973.8000 0.4115
13975.5000 0.4116
13992.8000 0.4117
13997.2000 0.4118
14001.0000 0.4119
14010.7000 0.4120
14030.3000 0.4121
14037.1000 0.4122
14037.8000 0.4123
14041.7000 0.4124
14047.5000 0.4125
14052.2000 0.4126
14060.5000 0.4127
14064.7000 0.4128
14065.8000 0.4129
14067.2000 0.4130
14072.3000 0.4131
14082.2000 0.4132
14092.2000 0.4133
14099.3000 0.4134
14100.3000 0.4135
14102.8000 0.4136
14106.2000 0.4138
14107.2000 0.4139
14107.6000 0.4140
14109.8000 0.4141
14112.3000 0.4142
14120.3000 0.4143
14128.8000 0.4144
14132.9000 0.4145
14134.1000 0.4146
14142.1000 0.4147
14153.5000 0.4148
14156.6000 0.4149
14169.1000 0.4150
14178.5000 0.4151
14179.1000 0.4152
14192.0000 0.4153
14197.9000 0.4154
14202.8000 0.4155
14205.0000 0.4156
14214.9000 0.4157
14227.1000 0.4158
14228.8000 0.4159
14229.9000 0.4160
14232.9000 0.4161
14238.7000 0.4163
14240.7000 0.4164
14263.8000 0.4165
14270.8000 0.4166
14272.8000 0.4167
14278.1000 0.4168
14288.9000 0.4169
14289.8000 0.4170
14290.4000 0.4171
14295.6000 0.4172
14297.5000 0.4173
14297.7000 0.4174
14312.4000 0.4175
14313.0000 0.4176
14318.7000 0.4177
14328.7000 0.4178
14329.6000 0.4179
14329.7000 0.4180
14330.3000 0.4181
14332.0000 0.4182
14333.9000 0.4183
14338.0000 0.4184
14345.6000 0.4185
14346.4000 0.4186
14356.8000 0.4188
14357.6000 0.4189
14357.8000 0.4190
14367.5000 0.4191
14367.8000 0.4192
14372.1000 0.4193
14376.3000 0.4194
14380.9000 0.4195
14392.7000 0.4196
14398.4000 0.4197
14400.2000 0.4198
14401.6000 0.4199
14403.1000 0.4200
14411.7000 0.4201
14417.2000 0.4202
14417.2000 0.4203
14419.7000 0.4204
14442.4000 0.4205
14448.8000 0.4206
14452.5000 0.4207
14468.2000 0.4208
14470.4000 0.4209
14473.7000 0.4210
14477.4000 0.4211
14483.0000 0.4213
14487.8000 0.4214
14490.6000 0.4215
14492.7000 0.4216
14496.9000 0.4217
14500.4000 0.4218
14510.6000 0.4219
14513.7000 0.4220
14516.8000 0.4221
14527.0000 0.4222
14530.3000 0.4223
14530.3000 0.4224
14532.3000 0.4225
14551.8000 0.4226
14553.6000 0.4227
14556.4000 0.4228
14559.7000 0.4229
14565.7000 0.4230
14565.7000 0.4231
14569.3000 0.4232
14578.4000 0.4233
14582.2000 0.4234
14582.8000 0.4235
14584.2000 0.4236
14598.3000 0.4238
14600.7000 0.4239
14602.0000 0.4240
14607.4000 0.4241
14607.7000 0.4242
14625.6000 0.4243
14652.8000 0.4244
14657.2000 0.4245
14657.4000 0.4246
14660.6000 0.4247
14665.7000 0.4248
14672.6000 0.4249
14676.7000 0.4250
14683.2000 0.4251
14686.5000 0.4252
14688.6000 0.4253
14691.5000 0.4254
14705.7000 0.4255
14709.1000 0.4256
14716.4000 0.4257
14724.1000 0.4258
14735.5000 0.4259
14740.5000 0.4260
14743.1000 0.4261
14744.8000 0.4263
14746.8000 0.4264
14750.5000 0.4265
14764.4000 0.4266
14772.1000 0.4267
14773.4000 0.4268
14774.1000 0.4269
14788.9000 0.4270
14790.2000 0.4271
14795.3000 0.4272
14797.1000 0.4273
14801.9000 0.4274
14821.0000 0.4275
14835.1000 0.4276
14838.4000 0.4277
14840.0000 0.4278
14847.2000 0.4279
14850.4000 0.4280
14866.7000 0.4281
14866.9000 0.4282
14867.4000 0.4283
14870.2000 0.4284
14870.6000 0.4285
14871.0000 0.4286
14885.3000 0.4288
14892.9000 0.4289
14893.9000 0.4290
14894.8000 0.4291
14895.3000 0.4292
14901.7000 0.4293
14902.9000 0.4294
14920.7000 0.4295
14926.0000 0.4296
14928.4000 0.4297
14931.8000 0.4298
14935.8000 0.4299
14942.4000 0.4300
14949.4000 0.4301
14950.4000 0.4302
14955.4000 0.4303
14956.9000 0.4304
14958.9000 0.4305
14959.3000 0.4306
14964.2000 0.4307
14988.3000 0.4308
14994.6000 0.4309
14998.7000 0.4310
14998.9000 0.4311
15004.4000 0.4313
15012.9000 0.4314
15013.4000 0.4315
15026.5000 0.4316
15043.0000 0.4317
15046.2000 0.4318
15060.2000 0.4319
15073.2000 0.4320
15081.2000 0.4321
15082.1000 0.4322
15084.6000 0.4323
15085.1000 0.4324
15086.0000 0.4325
15103.2000 0.4326
15108.9000 0.4327
15114.5000 0.4328
15115.0000 0.4329
15122.7000 0.4330
15133.6000 0.4331
15133.9000 0.4332
15138.4000 0.4333
15139.2000 0.4334
15146.3000 0.4335
15148.4000 0.4336
15153.1000 0.4338
15171.8000 0.4339
15172.0000 0.4340
15187.6000 0.4341
15192.9000 0.4342
15201.5000 0.4343
15202.3000 0.4344
15203.8000 0.4345
15206.3000 0.4346
15211.7000 0.4347
15214.2000 0.4348
15240.8000 0.4349
15242.2000 0.4350
15252.9000 0.4351
15253.4000 0.4352
15253.4000 0.4353
15258.6000 0.4354
15260.5000 0.4355
15267.7000 0.4356
15267.8000 0.4357
15273.2000 0.4358
15276.8000 0.4359
15278.6000 0.4360
15280.2000 0.4361
15283.4000 0.4363
15284.7000 0.4364
15286.6000 0.4365
15292.1000 0.4366
15294.6000 0.4367
15321.5000 0.4368
15329.8000 0.4369
15338.4000 0.4370
15351.4000 0.4371
15357.0000 0.4372
15360.5000 0.4373
15362.6000 0.4374
15379.2000 0.4375
15380.5000 0.4376
15393.3000 0.4377
15407.3000 0.4378
15408.2000 0.4379
15413.3000 0.4380
15414.3000 0.4381
15424.8000 0.4382
15442.8000 0.4383
15468.3000 0.4384
15484.9000 0.4385
15491.6000 0.4386
15500.8000 0.4388
15505.5000 0.4389
15511.2000 0.4390
15512.5000 0.4391
15513.7000 0.4392
15521.3000 0.4393
15524.2000 0.4394
15539.1000 0.4395
15542.0000 0.4396
15545.6000 0.4397
15572.6000 0.4398
15574.0000 0.4399
15576.3000 0.4400
15582.1000 0.4401
15583.3000 0.4402
15593.2000 0.4403
15605.7000 0.4404
15613.4000 0.4405
15615.1000 0.4406
15620.8000 0.4407
15622.5000 0.4408
15623.0000 0.4409
15636.4000 0.4410
15638.2000 0.4411
15638.3000 0.4413
15640.6000 0.4414
15645.5000 0.4415
15648.8000 0.4416
15649.2000 0.4417
15658.7000 0.4418
15659.7000 0.4419
15661.7000 0.4420
15668.8000 0.4421
15674.2000 0.4422
15680.3000 0.4423
15683.0000 0.4424
15687.8000 0.4425
15690.9000 0.4426
15695.7000 0.4427
15696.6000 0.4428
15718.7000 0.4429
15732.8000 0.4430
15738.8000 0.4431
15758.4000 0.4432
15786.5000 0.4433
15793.3000 0.4434
15794.1000 0.4435
15805.9000 0.4436
15820.0000 0.4438
15825.5000 0.4439
15827.1000 0.4440
15828.6000 0.4441
15831.6000 0.4442
15835.2000 0.4443
15836.5000 0.4444
15838.3000 0.4445
15856.4000 0.4446
15873.5000 0.4447
15873.7000 0.4448
15875.9000 0.4449
15878.9000 0.4450
15884.6000 0.4451
15900.2000 0.4452
15942.9000 0.4453
15976.7000 0.4454
15984.5000 0.4455
15987.0000 0.4456
15987.8000 0.4457
15992.9000 0.4458
15995.3000 0.4459
16006.8000 0.4460
16032.1000 0.4461
16034.4000 0.4463
16048.8000 0.4464
16049.6000 0.4465
16053.9000 0.4466
16054.2000 0.4467
16055.3000 0.4468
16063.0000 0.4469
16063.7000 0.4470
16069.2000 0.4471
16079.9000 0.4472
16080.3000 0.4473
16089.2000 0.4474
16092.2000 0.4475
16093.0000 0.4476
16093.3000 0.4477
16094.3000 0.4478
16098.9000 0.4479
16100.6000 0.4480
16119.0000 0.4481
16129.2000 0.4482
16133.1000 0.4483
16140.3000 0.4484
16142.9000 0.4485
16145.4000 0.4486
16156.5000 0.4488
16161.4000 0.4489
16168.1000 0.4490
16171.4000 0.4491
16177.0000 0.4492
16207.7000 0.4493
16207.9000 0.4494
16209.1000 0.4495
16217.5000 0.4496
16233.3000 0.4497
16234.3000 0.4498
16236.1000 0.4499
16239.4000 0.4500
16241.4000 0.4501
16268.1000 0.4502
16283.4000 0.4503
16293.4000 0.4504
16294.2000 0.4505
16298.7000 0.4506
16303.3000 0.4507
16317.2000 0.4508
16324.4000 0.4509
16334.4000 0.4510
16344.4000 0.4511
16348.1000 0.4513
16359.0000 0.4514
16362.1000 0.4515
16371.4000 0.4516
16379.1000 0.4517
16380.9000 0.4518
16382.1000 0.4519
16382.2000 0.4520
16382.6000 0.4521
16383.6000 0.4522
16392.8000 0.4523
16400.1000 0.4524
16403.8000 0.4525
16406.1000 0.4526
16417.4000 0.4527
16422.8000 0.4528
16428.3000 0.4529
16430.3000 0.4530
16432.0000 0.4531
16448.2000 0.4532
16450.8000 0.4533
16453.4000 0.4534
16458.7000 0.4535
16469.1000 0.4536
16478.5000 0.4538
16485.0000 0.4539
16499.6000 0.4540
16504.4000 0.4541
16525.0000 0.4542
16526.9000 0.4543
16535.6000 0.4544
16536.7000 0.4545
16549.2000 0.4546
16554.3000 0.4547
16555.3000 0.4548
16580.5000 0.4549
16585.0000 0.4550
16609.2000 0.4551
16613.8000 0.4552
16614.3000 0.4553
16619.2000 0.4554
16619.7000 0.4555
16622.0000 0.4556
16622.8000 0.4557
16625.7000 0.4558
16630.1000 0.4559
16634.6000 0.4560
16637.4000 0.4561
16642.5000 0.4563
16649.4000 0.4564
16654.8000 0.4565
16654.8000 0.4566
16667.8000 0.4567
16677.0000 0.4568
16679.2000 0.4569
16681.2000 0.4570
16683.5000 0.4571
16685.7000 0.4572
16689.0000 0.4573
16702.0000 0.4574
16702.0000 0.4575
16703.4000 0.4576
16722.8000 0.4577
16725.5000 0.4578
16741.1000 0.4579
16741.8000 0.4580
16742.6000 0.4581
16746.6000 0.4582
16748.0000 0.4583
16748.1000 0.4584
16763.0000 0.4585
16766.5000 0.4586
16789.8000 0.4588
16808.6000 0.4589
16817.0000 0.4590
16817.5000 0.4591
16829.3000 0.4592
16837.5000 0.4593
16838.4000 0.4594
16854.2000 0.4595
16873.4000 0.4596
16877.0000 0.4597
16879.4000 0.4598
16888.6000 0.4599
16889.9000 0.4600
16898.5000 0.4601
16909.8000 0.4602
16933.1000 0.4603
16933.7000 0.4604
16947.2000 0.4605
16951.7000 0.4606
16954.1000 0.4607
16973.2000 0.4608
16974.2000 0.4609
16986.1000 0.4610
16990.9000 0.4611
16995.8000 0.4613
16996.2000 0.4614
16999.9000 0.4615
17018.8000 0.4616
17024.5000 0.4617
17036.3000 0.4618
17041.5000 0.4619
17047.6000 0.4620
17052.3000 0.4621
17054.7000 0.4622
17060.9000 0.4623
17086.8000 0.4624
17092.4000 0.4625
17099.0000 0.4626
17111.7000 0.4627
17113.1000 0.4628
17114.5000 0.4629
17123.6000 0.4630
17132.5000 0.4631
17132.8000 0.4632
17148.9000 0.4633
17152.3000 0.4634
17158.4000 0.4635
17170.9000 0.4636
17202.9000 0.4638
17211.5000 0.4639
17224.3000 0.4640
17236.6000 0.4641
17253.6000 0.4642
17270.5000 0.4643
17276.9000 0.4644
17277.1000 0.4645
17306.4000 0.4646
17314.1000 0.4647
17334.9000 0.4648
17341.3000 0.4649
17349.9000 0.4650
17357.1000 0.4651
17357.7000 0.4652
17358.2000 0.4653
17358.7000 0.4654
17367.4000 0.4655
17373.6000 0.4656
17391.5000 0.4657
17394.9000 0.4658
17401.6000 0.4659
17410.1000 0.4660
17417.3000 0.4661
17420.1000 0.4663
17430.3000 0.4664
17433.8000 0.4665
17439.6000 0.4666
17442.5000 0.4667
17445.2000 0.4668
17451.8000 0.4669
17472.7000 0.4670
17484.7000 0.4671
17502.7000 0.4672
17534.1000 0.4673
17566.0000 0.4674
17566.6000 0.4675
17570.2000 0.4676
17576.1000 0.4677
17579.1000 0.4678
17589.4000 0.4679
17596.1000 0.4680
17597.4000 0.4681
17599.9000 0.4682
17601.2000 0.4683
17605.2000 0.4684
17625.0000 0.4685
17632.0000 0.4686
17632.5000 0.4688
17635.6000 0.4689
17638.3000 0.4690
17641.0000 0.4691
17647.9000 0.4692
17648.6000 0.4693
17654.5000 0.4694
17655.7000 0.4695
17657.4000 0.4696
17658.2000 0.4697
17659.5000 0.4698
17660.2000 0.4699
17684.2000 0.4700
17690.4000 0.4701
17700.2000 0.4702
17706.0000 0.4703
17711.5000 0.4704
17718.0000 0.4705
17721.6000 0.4706
17723.3000 0.4707
17735.1000 0.4708
17741.2000 0.4709
17767.6000 0.4710
17770.2000 0.4711
17770.6000 0.4713
17784.6000 0.4714
17789.0000 0.4715
17792.9000 0.4716
17798.2000 0.4717
17821.0000 0.4718
17833.5000 0.4719
17834.6000 0.4720
17840.1000 0.4721
17842.2000 0.4722
17844.2000 0.4723
17851.1000 0.4724
17851.5000 0.4725
17855.2000 0.4726
17857.4000 0.4727
17887.0000 0.4728
17923.4000 0.4729
17926.9000 0.4730
17931.2000 0.4731
17937.5000 0.4732
17943.9000 0.4733
17975.1000 0.4734
17979.9000 0.4735
17981.8000 0.4736
17985.7000 0.4738
17986.1000 0.4739
17988.5000 0.4740
17991.5000 0.4741
18010.2000 0.4742
18011.6000 0.4743
18020.6000 0.4744
18022.1000 0.4745
18022.6000 0.4746
18025.2000 0.4747
18025.7000 0.4748
18028.4000 0.4749
18036.0000 0.4750
18040.7000 0.4751
18044.0000 0.4752
18069.0000 0.4753
18071.2000 0.4754
18087.2000 0.4755
18098.7000 0.4756
18109.6000 0.4757
18120.7000 0.4758
18131.1000 0.4759
18133.3000 0.4760
18138.7000 0.4761
18140.9000 0.4763
18146.1000 0.4764
18162.7000 0.4765
18166.1000 0.4766
18173.0000 0.4767
18188.8000 0.4768
18189.8000 0.4769
18190.1000 0.4770
18198.0000 0.4771
18206.5000 0.4772
18220.9000 0.4773
18221.7000 0.4774
18257.3000 0.4775
18288.6000 0.4776
18295.8000 0.4777
18307.5000 0.4778
18307.6000 0.4779
18331.6000 0.4780
18338.2000 0.4781
18355.5000 0.4782
18367.0000 0.4783
18372.3000 0.4784
18378.6000 0.4785
18395.2000 0.4786
18397.1000 0.4788
18407.1000 0.4789
18408.0000 0.4790
18424.0000 0.4791
18433.0000 0.4792
18446.2000 0.4793
18453.3000 0.4794
18454.9000 0.4795
18471.6000 0.4796
18478.6000 0.4797
18479.6000 0.4798
18491.1000 0.4799
18496.0000 0.4800
18507.3000 0.4801
18507.5000 0.4802
18531.3000 0.4803
18533.5000 0.4804
18534.5000 0.4805
18535.3000 0.4806
18538.4000 0.4807
18539.1000 0.4808
18548.4000 0.4809
18551.8000 0.4810
18553.8000 0.4811
18560.4000 0.4813
18571.2000 0.4814
18579.3000 0.4815
18583.8000 0.4816
18598.4000 0.4817
18600.0000 0.4818
18605.5000 0.4819
18615.1000 0.4820
18618.2000 0.4821
18629.1000 0.4822
18630.4000 0.4823
18636.2000 0.4824
18645.6000 0.4825
18653.8000 0.4826
18694.0000 0.4827
18696.9000 0.4828
18703.5000 0.4829
18706.5000 0.4830
18706.7000 0.4831
18715.7000 0.4832
18729.6000 0.4833
18737.0000 0.4834
18737.3000 0.4835
18745.2000 0.4836
18763.9000 0.4838
18781.3000 0.4839
18795.5000 0.4840
18797.1000 0.4841
18817.0000 0.4842
18832.5000 0.4843
18837.4000 0.4844
18860.4000 0.4845
18863.7000 0.4846
18887.0000 0.4847
18888.4000 0.4848
18895.8000 0.4849
18900.2000 0.4850
18904.9000 0.4851
18909.7000 0.4852
18910.1000 0.4853
18922.7000 0.4854
18933.5000 0.4855
18941.0000 0.4856
18949.5000 0.4857
18956.9000 0.4858
18957.9000 0.4859
18962.1000 0.4860
18963.0000 0.4861
19000.1000 0.4863
19065.1000 0.4864
19074.1000 0.4865
19077.3000 0.4866
19131.3000 0.4867
19137.4000 0.4868
19139.5000 0.4869
19141.2000 0.4870
19143.1000 0.4871
19165.0000 0.4872
19182.0000 0.4873
19182.6000 0.4874
19185.3000 0.4875
19188.1000 0.4876
19200.1000 0.4877
19214.3000 0.4878
19223.7000 0.4879
19246.1000 0.4880
19262.1000 0.4881
19271.4000 0.4882
19276.2000 0.4883
19277.2000 0.4884
19285.1000 0.4885
19287.4000 0.4886
19308.1000 0.4888
19318.2000 0.4889
19319.0000 0.4890
19324.0000 0.4891
19325.3000 0.4892
19327.0000 0.4893
19330.9000 0.4894
19341.9000 0.4895
19366.3000 0.4896
19368.5000 0.4897
19395.7000 0.4898
19408.9000 0.4899
19412.6000 0.4900
19430.6000 0.4901
19434.2000 0.4902
19438.0000 0.4903
19440.4000 0.4904
19466.6000 0.4905
19467.9000 0.4906
19471.6000 0.4907
19477.9000 0.4908
19487.0000 0.4909
19491.5000 0.4910
19503.3000 0.4911
19520.1000 0.4913
19521.3000 0.4914
19532.5000 0.4915
19546.2000 0.4916
19546.7000 0.4917
19556.5000 0.4918
19567.3000 0.4919
19585.2000 0.4920
19585.4000 0.4921
19591.3000 0.4922
19603.1000 0.4923
19618.0000 0.4924
19640.8000 0.4925
19655.3000 0.4926
19655.6000 0.4927
19658.2000 0.4928
19662.4000 0.4929
19666.9000 0.4930
19675.3000 0.4931
19692.4000 0.4932
19709.1000 0.4933
19709.1000 0.4934
19725.1000 0.4935
19727.1000 0.4936
19759.8000 0.4938
19761.4000 0.4939
19767.5000 0.4940
19772.3000 0.4941
19780.6000 0.4942
19792.9000 0.4943
19807.9000 0.4944
19832.5000 0.4945
19840.2000 0.4946
19842.2000 0.4947
19850.8000 0.4948
19854.0000 0.4949
19854.6000 0.4950
19886.1000 0.4951
19888.1000 0.4952
19908.3000 0.4953
19916.3000 0.4954
19923.0000 0.4955
19934.9000 0.4956
19948.7000 0.4957
19961.7000 0.4958
19968.1000 0.4959
19972.4000 0.4960
19973.8000 0.4961
19983.3000 0.4963
19985.1000 0.4964
19990.1000 0.4965
20023.8000 0.4966
20023.9000 0.4967
20037.6000 0.4968
20047.0000 0.4969
20081.2000 0.4970
20084.3000 0.4971
20115.3000 0.4972
20119.1000 0.4973
20131.8000 0.4974
20133.9000 0.4975
20135.7000 0.4976
20151.9000 0.4977
20152.6000 0.4978
20164.0000 0.4979
20167.3000 0.4980
20173.2000 0.4981
20181.6000 0.4982
20187.2000 0.4983
20203.6000 0.4984
20207.6000 0.4985
20213.3000 0.4986
20217.9000 0.4988
20218.6000 0.4989
20224.3000 0.4990
20241.9000 0.4991
20249.8000 0.4992
20277.4000 0.4993
20294.8000 0.4994
20298.9000 0.4995
20303.3000 0.4996
20303.4000 0.4997
20326.4000 0.4998
20357.1000 0.4999
20376.4000 0.5000
20389.8000 0.5001
20417.9000 0.5002
20461.9000 0.5003
20492.4000 0.5004
20502.4000 0.5005
20516.1000 0.5006
20566.3000 0.5007
20583.6000 0.5008
20615.5000 0.5009
20617.5000 0.5010
20619.9000 0.5011
20620.7000 0.5013
20625.4000 0.5014
20646.2000 0.5015
20687.7000 0.5016
20687.8000 0.5017
20733.2000 0.5018
20747.2000 0.5019
20749.4000 0.5020
20752.2000 0.5021
20769.9000 0.5022
20774.6000 0.5023
20805.5000 0.5024
20819.7000 0.5025
20840.4000 0.5026
20851.1000 0.5027
20874.1000 0.5028
20893.0000 0.5029
20900.0000 0.5030
20919.0000 0.5031
20934.3000 0.5032
20938.1000 0.5033
20940.1000 0.5034
20942.2000 0.5035
20955.5000 0.5036
20955.9000 0.5038
20957.5000 0.5039
20972.4000 0.5040
20973.8000 0.5041
20984.7000 0.5042
21008.8000 0.5043
21013.8000 0.5044
21018.4000 0.5045
21033.0000 0.5046
21034.5000 0.5047
21049.0000 0.5048
21050.0000 0.5049
21073.1000 0.5050
21081.5000 0.5051
21101.8000 0.5052
21109.5000 0.5053
21122.2000 0.5054
21130.0000 0.5055
21154.8000 0.5056
21165.6000 0.5057
21173.5000 0.5058
21174.1000 0.5059
21189.3000 0.5060
21203.1000 0.5061
21248.8000 0.5063
21264.5000 0.5064
21271.6000 0.5065
21274.7000 0.5066
21288.3000 0.5067
21306.6000 0.5068
21313.2000 0.5069
21317.3000 0.5070
21321.4000 0.5071
21352.9000 0.5072
21394.0000 0.5073
21398.9000 0.5074
21430.1000 0.5075
21441.2000 0.5076
21461.3000 0.5077
21461.4000 0.5078
21471.6000 0.5079
21495.0000 0.5080
21499.1000 0.5081
21522.6000 0.5082
21539.3000 0.5083
21541.8000 0.5084
21553.9000 0.5085
21575.4000 0.5086
21577.5000 0.5088
21612.9000 0.5089
21621.0000 0.5090
21622.8000 0.5091
21626.4000 0.5092
21661.5000 0.5093
21666.6000 0.5094
21690.3000 0.5095
21770.6000 0.5096
21773.0000 0.5097
21798.6000 0.5098
21813.5000 0.5099
21832.6000 0.5100
21850.6000 0.5101
21884.6000 0.5102
21900.1000 0.5103
21935.7000 0.5104
21952.0000 0.5105
21956.8000 0.5106
21961.6000 0.5107
21979.7000 0.5108
21987.5000 0.5109
22000.4000 0.5110
22008.6000 0.5111
22010.9000 0.5113
22025.0000 0.5114
22025.2000 0.5115
22041.4000 0.5116
22060.9000 0.5117
22062.7000 0.5118
22067.8000 0.5119
22077.4000 0.5120
22129.5000 0.5121
22132.8000 0.5122
22174.5000 0.5123
22206.5000 0.5124
22212.2000 0.5125
22215.6000 0.5126
22225.6000 0.5127
22231.1000 0.5128
22239.9000 0.5129
22240.4000 0.5130
22264.4000 0.5131
22308.7000 0.5132
22315.3000 0.5133
22369.5000 0.5134
22388.7000 0.5135
22398.4000 0.5136
22429.3000 0.5138
22438.0000 0.5139
22486.1000 0.5140
22532.9000 0.5141
22535.3000 0.5142
22537.3000 0.5143
22567.2000 0.5144
22599.4000 0.5145
22622.8000 0.5146
22762.0000 0.5147
22808.5000 0.5148
22860.6000 0.5149
22861.8000 0.5150
22862.4000 0.5151
22878.9000 0.5152
22881.9000 0.5153
22907.6000 0.5154
22933.2000 0.5155
22963.0000 0.5156
22989.5000 0.5157
23004.7000 0.5158
23006.3000 0.5159
23039.2000 0.5160
23089.9000 0.5161
23120.7000 0.5163
23123.8000 0.5164
23124.6000 0.5165
23176.6000 0.5166
23204.6000 0.5167
23219.0000 0.5168
23261.3000 0.5169
23298.2000 0.5170
23301.8000 0.5171
23302.0000 0.5172
23327.7000 0.5173
23338.0000 0.5174
23343.4000 0.5175
23366.2000 0.5176
23371.9000 0.5177
23389.3000 0.5178
23396.0000 0.5179
23466.8000 0.5180
23480.8000 0.5181
23551.9000 0.5182
23561.1000 0.5183
23569.1000 0.5184
23572.2000 0.5185
23589.4000 0.5186
23596.3000 0.5188
23597.7000 0.5189
23608.1000 0.5190
23610.3000 0.5191
23696.3000 0.5192
23713.1000 0.5193
23713.7000 0.5194
23749.1000 0.5195
23801.6000 0.5196
23808.0000 0.5197
23811.9000 0.5198
23814.2000 0.5199
23820.0000 0.5200
23830.3000 0.5201
23844.7000 0.5202
23858.0000 0.5203
23866.0000 0.5204
23893.7000 0.5205
23909.0000 0.5206
23945.9000 0.5207
