# messageDelay  cumulativeProbability
0.2000 0.0002
0.2000 0.0003
0.2000 0.0005
0.2000 0.0007
0.2000 0.0009
0.2000 0.0010
0.2000 0.0012
0.2000 0.0014
0.2000 0.0016
0.2000 0.0017
0.2000 0.0019
0.2000 0.0021
0.2000 0.0023
0.2000 0.0024
0.2000 0.0026
0.2000 0.0028
0.2000 0.0030
0.2000 0.0031
0.2000 0.0033
0.2000 0.0035
7.9000 0.0036
16.9000 0.0038
24.3000 0.0040
50.8000 0.0042
58.1000 0.0043
59.1000 0.0045
75.2000 0.0047
76.7000 0.0049
77.1000 0.0050
79.2000 0.0052
79.8000 0.0054
81.4000 0.0056
83.4000 0.0057
88.3000 0.0059
91.0000 0.0061
95.0000 0.0063
99.1000 0.0064
100.4000 0.0066
104.2000 0.0068
105.5000 0.0069
108.4000 0.0071
111.3000 0.0073
116.5000 0.0075
116.8000 0.0076
128.7000 0.0078
132.0000 0.0080
144.0000 0.0082
144.3000 0.0083
145.3000 0.0085
146.7000 0.0087
151.3000 0.0089
177.1000 0.0090
178.0000 0.0092
188.0000 0.0094
194.6000 0.0095
195.8000 0.0097
196.4000 0.0099
205.5000 0.0101
206.0000 0.0102
208.5000 0.0104
221.9000 0.0106
222.3000 0.0108
225.1000 0.0109
234.6000 0.0111
237.6000 0.0113
242.4000 0.0115
244.3000 0.0116
247.3000 0.0118
249.3000 0.0120
251.5000 0.0122
256.5000 0.0123
256.9000 0.0125
259.2000 0.0127
259.4000 0.0128
267.9000 0.0130
273.1000 0.0132
274.0000 0.0134
274.1000 0.0135
283.9000 0.0137
286.4000 0.0139
303.2000 0.0141
303.6000 0.0142
305.0000 0.0144
310.7000 0.0146
311.0000 0.0148
318.2000 0.0149
319.2000 0.0151
319.4000 0.0153
320.9000 0.0155
324.1000 0.0156
328.7000 0.0158
329.9000 0.0160
330.4000 0.0161
333.5000 0.0163
335.5000 0.0165
338.9000 0.0167
341.4000 0.0168
345.2000 0.0170
345.4000 0.0172
348.9000 0.0174
349.8000 0.0175
354.4000 0.0177
356.2000 0.0179
358.8000 0.0181
360.0000 0.0182
361.0000 0.0184
368.5000 0.0186
373.6000 0.0187
375.4000 0.0189
378.4000 0.0191
380.7000 0.0193
384.3000 0.0194
388.5000 0.0196
391.7000 0.0198
392.1000 0.0200
394.6000 0.0201
399.4000 0.0203
400.7000 0.0205
401.2000 0.0207
403.0000 0.0208
404.3000 0.0210
410.1000 0.0212
411.0000 0.0214
411.2000 0.0215
412.0000 0.0217
419.6000 0.0219
420.3000 0.0220
422.3000 0.0222
422.8000 0.0224
427.1000 0.0226
428.6000 0.0227
431.4000 0.0229
435.0000 0.0231
435.0000 0.0233
435.6000 0.0234
437.7000 0.0236
438.0000 0.0238
442.0000 0.0240
443.6000 0.0241
443.8000 0.0243
444.2000 0.0245
446.5000 0.0247
451.8000 0.0248
451.9000 0.0250
454.3000 0.0252
456.3000 0.0253
462.8000 0.0255
463.5000 0.0257
463.6000 0.0259
463.7000 0.0260
463.9000 0.0262
464.9000 0.0264
465.0000 0.0266
465.6000 0.0267
470.6000 0.0269
470.6000 0.0271
474.9000 0.0273
475.1000 0.0274
479.6000 0.0276
484.9000 0.0278
489.1000 0.0280
492.5000 0.0281
494.9000 0.0283
495.8000 0.0285
497.0000 0.0286
501.5000 0.0288
505.2000 0.0290
505.7000 0.0292
509.6000 0.0293
512.0000 0.0295
513.8000 0.0297
515.9000 0.0299
516.9000 0.0300
518.5000 0.0302
521.4000 0.0304
526.4000 0.0306
529.0000 0.0307
530.0000 0.0309
530.6000 0.0311
531.2000 0.0312
533.1000 0.0314
536.6000 0.0316
537.6000 0.0318
539.6000 0.0319
540.1000 0.0321
542.2000 0.0323
546.5000 0.0325
550.9000 0.0326
551.6000 0.0328
552.4000 0.0330
553.6000 0.0332
556.8000 0.0333
557.4000 0.0335
558.9000 0.0337
562.7000 0.0339
563.2000 0.0340
564.0000 0.0342
568.4000 0.0344
568.8000 0.0345
569.5000 0.0347
570.4000 0.0349
570.6000 0.0351
576.6000 0.0352
577.0000 0.0354
578.0000 0.0356
578.7000 0.0358
582.2000 0.0359
583.3000 0.0361
586.0000 0.0363
586.5000 0.0365
589.3000 0.0366
589.5000 0.0368
599.5000 0.0370
602.9000 0.0372
604.4000 0.0373
604.6000 0.0375
605.0000 0.0377
607.9000 0.0378
613.8000 0.0380
614.0000 0.0382
615.9000 0.0384
616.9000 0.0385
618.7000 0.0387
620.4000 0.0389
621.3000 0.0391
622.9000 0.0392
624.0000 0.0394
626.3000 0.0396
627.2000 0.0398
629.7000 0.0399
629.8000 0.0401
630.9000 0.0403
632.8000 0.0405
633.8000 0.0406
637.4000 0.0408
637.5000 0.0410
641.4000 0.0411
643.1000 0.0413
643.8000 0.0415
647.9000 0.0417
648.8000 0.0418
649.8000 0.0420
650.5000 0.0422
652.9000 0.0424
653.4000 0.0425
654.8000 0.0427
661.2000 0.0429
665.1000 0.0431
666.3000 0.0432
666.9000 0.0434
667.5000 0.0436
668.8000 0.0437
671.0000 0.0439
675.9000 0.0441
677.5000 0.0443
679.1000 0.0444
679.4000 0.0446
684.3000 0.0448
685.6000 0.0450
686.5000 0.0451
689.3000 0.0453
692.7000 0.0455
692.8000 0.0457
693.6000 0.0458
694.9000 0.0460
695.5000 0.0462
695.5000 0.0464
697.0000 0.0465
698.0000 0.0467
701.7000 0.0469
702.3000 0.0470
703.7000 0.0472
703.7000 0.0474
707.3000 0.0476
712.0000 0.0477
712.0000 0.0479
716.0000 0.0481
718.4000 0.0483
718.7000 0.0484
719.4000 0.0486
722.5000 0.0488
724.1000 0.0490
735.1000 0.0491
736.8000 0.0493
750.7000 0.0495
751.9000 0.0497
752.9000 0.0498
759.2000 0.0500
759.6000 0.0502
760.7000 0.0503
760.9000 0.0505
761.3000 0.0507
761.4000 0.0509
761.4000 0.0510
763.6000 0.0512
765.3000 0.0514
766.8000 0.0516
769.7000 0.0517
770.3000 0.0519
772.0000 0.0521
773.9000 0.0523
774.8000 0.0524
776.2000 0.0526
779.3000 0.0528
780.6000 0.0530
781.8000 0.0531
781.8000 0.0533
783.4000 0.0535
787.4000 0.0536
789.9000 0.0538
791.1000 0.0540
793.4000 0.0542
795.1000 0.0543
795.3000 0.0545
796.8000 0.0547
798.5000 0.0549
800.2000 0.0550
802.7000 0.0552
803.1000 0.0554
808.9000 0.0556
809.3000 0.0557
810.0000 0.0559
812.3000 0.0561
815.7000 0.0562
816.3000 0.0564
818.5000 0.0566
818.5000 0.0568
827.7000 0.0569
828.3000 0.0571
828.9000 0.0573
833.8000 0.0575
836.6000 0.0576
836.7000 0.0578
839.1000 0.0580
840.3000 0.0582
841.2000 0.0583
844.5000 0.0585
846.3000 0.0587
846.4000 0.0589
849.4000 0.0590
852.2000 0.0592
853.6000 0.0594
854.3000 0.0595
855.6000 0.0597
856.2000 0.0599
861.9000 0.0601
862.7000 0.0602
865.5000 0.0604
869.9000 0.0606
870.9000 0.0608
871.6000 0.0609
872.5000 0.0611
875.4000 0.0613
879.1000 0.0615
882.1000 0.0616
882.6000 0.0618
887.4000 0.0620
888.2000 0.0622
889.1000 0.0623
890.3000 0.0625
892.4000 0.0627
894.0000 0.0628
897.7000 0.0630
897.9000 0.0632
904.8000 0.0634
905.8000 0.0635
908.7000 0.0637
910.6000 0.0639
915.8000 0.0641
916.1000 0.0642
919.9000 0.0644
925.6000 0.0646
926.5000 0.0648
930.7000 0.0649
931.9000 0.0651
933.1000 0.0653
934.7000 0.0655
935.8000 0.0656
936.4000 0.0658
940.2000 0.0660
944.2000 0.0661
946.9000 0.0663
948.5000 0.0665
949.4000 0.0667
950.0000 0.0668
951.2000 0.0670
951.7000 0.0672
953.5000 0.0674
953.8000 0.0675
954.6000 0.0677
958.7000 0.0679
959.6000 0.0681
965.1000 0.0682
965.4000 0.0684
968.9000 0.0686
971.8000 0.0687
974.6000 0.0689
975.1000 0.0691
981.9000 0.0693
983.5000 0.0694
987.2000 0.0696
987.8000 0.0698
991.4000 0.0700
993.5000 0.0701
994.4000 0.0703
994.6000 0.0705
998.4000 0.0707
999.0000 0.0708
1005.1000 0.0710
1005.7000 0.0712
1006.6000 0.0714
1007.9000 0.0715
1010.7000 0.0717
1016.6000 0.0719
1018.7000 0.0720
1020.4000 0.0722
1021.4000 0.0724
1022.5000 0.0726
1026.2000 0.0727
1030.5000 0.0729
1033.2000 0.0731
1034.1000 0.0733
1035.8000 0.0734
1040.0000 0.0736
1041.4000 0.0738
1048.0000 0.0740
1049.3000 0.0741
1049.3000 0.0743
1053.1000 0.0745
1058.6000 0.0747
1059.2000 0.0748
1061.1000 0.0750
1062.8000 0.0752
1062.8000 0.0753
1063.5000 0.0755
1069.0000 0.0757
1069.1000 0.0759
1069.1000 0.0760
1071.8000 0.0762
1071.9000 0.0764
1073.1000 0.0766
1076.0000 0.0767
1077.6000 0.0769
1079.0000 0.0771
1081.4000 0.0773
1086.1000 0.0774
1088.2000 0.0776
1091.7000 0.0778
1095.7000 0.0780
1096.5000 0.0781
1099.2000 0.0783
1100.0000 0.0785
1107.3000 0.0786
1110.4000 0.0788
1113.2000 0.0790
1116.8000 0.0792
1117.5000 0.0793
1123.6000 0.0795
1124.0000 0.0797
1126.4000 0.0799
1127.3000 0.0800
1128.9000 0.0802
1129.0000 0.0804
1131.3000 0.0806
1134.2000 0.0807
1136.9000 0.0809
1144.1000 0.0811
1144.4000 0.0812
1153.5000 0.0814
1153.6000 0.0816
1153.7000 0.0818
1154.3000 0.0819
1154.7000 0.0821
1154.8000 0.0823
1158.8000 0.0825
1158.9000 0.0826
1159.0000 0.0828
1159.4000 0.0830
1159.6000 0.0832
1159.8000 0.0833
1162.8000 0.0835
1163.0000 0.0837
1163.9000 0.0839
1165.1000 0.0840
1169.7000 0.0842
1170.9000 0.0844
1175.4000 0.0845
1177.1000 0.0847
1177.3000 0.0849
1185.1000 0.0851
1187.7000 0.0852
1188.5000 0.0854
1188.9000 0.0856
1190.7000 0.0858
1190.8000 0.0859
1198.2000 0.0861
1202.5000 0.0863
1205.7000 0.0865
1219.0000 0.0866
1220.3000 0.0868
1220.4000 0.0870
1222.7000 0.0872
1223.9000 0.0873
1226.2000 0.0875
1228.1000 0.0877
1228.5000 0.0878
1230.2000 0.0880
1232.3000 0.0882
1236.3000 0.0884
1244.6000 0.0885
1250.7000 0.0887
1250.9000 0.0889
1253.6000 0.0891
1256.5000 0.0892
1258.5000 0.0894
1260.7000 0.0896
1263.1000 0.0898
1264.1000 0.0899
1266.0000 0.0901
1267.0000 0.0903
1268.7000 0.0905
1269.8000 0.0906
1270.7000 0.0908
1270.8000 0.0910
1277.3000 0.0911
1289.6000 0.0913
1290.9000 0.0915
1290.9000 0.0917
1291.4000 0.0918
1299.1000 0.0920
1300.4000 0.0922
1302.0000 0.0924
1302.2000 0.0925
1304.5000 0.0927
1304.6000 0.0929
1308.6000 0.0931
1308.8000 0.0932
1309.6000 0.0934
1310.3000 0.0936
1310.9000 0.0937
1317.9000 0.0939
1319.4000 0.0941
1320.2000 0.0943
1320.9000 0.0944
1323.0000 0.0946
1324.2000 0.0948
1325.2000 0.0950
1326.6000 0.0951
1327.6000 0.0953
1327.7000 0.0955
1328.7000 0.0957
1333.7000 0.0958
1334.2000 0.0960
1334.5000 0.0962
1342.6000 0.0964
1343.7000 0.0965
1345.4000 0.0967
1347.5000 0.0969
1348.2000 0.0970
1349.5000 0.0972
1354.5000 0.0974
1362.1000 0.0976
1362.2000 0.0977
1367.0000 0.0979
1367.2000 0.0981
1374.7000 0.0983
1376.7000 0.0984
1381.1000 0.0986
1384.1000 0.0988
1386.5000 0.0990
1389.0000 0.0991
1394.5000 0.0993
1399.5000 0.0995
1405.6000 0.0997
1407.8000 0.0998
1409.7000 0.1000
1410.5000 0.1002
1413.5000 0.1003
1414.3000 0.1005
1415.6000 0.1007
1416.2000 0.1009
1418.6000 0.1010
1420.3000 0.1012
1421.6000 0.1014
1422.7000 0.1016
1422.9000 0.1017
1426.8000 0.1019
1428.8000 0.1021
1429.8000 0.1023
1430.9000 0.1024
1433.6000 0.1026
1436.3000 0.1028
1449.0000 0.1030
1449.3000 0.1031
1450.1000 0.1033
1452.3000 0.1035
1452.9000 0.1036
1456.6000 0.1038
1458.1000 0.1040
1458.6000 0.1042
1461.4000 0.1043
1466.7000 0.1045
1467.3000 0.1047
1467.8000 0.1049
1468.1000 0.1050
1471.7000 0.1052
1472.2000 0.1054
1474.2000 0.1056
1485.6000 0.1057
1486.1000 0.1059
1487.9000 0.1061
1489.3000 0.1062
1500.9000 0.1064
1509.9000 0.1066
1518.0000 0.1068
1518.9000 0.1069
1520.3000 0.1071
1520.3000 0.1073
1520.5000 0.1075
1522.3000 0.1076
1529.8000 0.1078
1537.9000 0.1080
1542.6000 0.1082
1547.3000 0.1083
1549.9000 0.1085
1550.9000 0.1087
1554.9000 0.1089
1555.8000 0.1090
1557.3000 0.1092
1559.4000 0.1094
1569.1000 0.1095
1571.2000 0.1097
1579.4000 0.1099
1580.8000 0.1101
1585.8000 0.1102
1586.1000 0.1104
1589.0000 0.1106
1591.7000 0.1108
1598.3000 0.1109
1604.0000 0.1111
1620.9000 0.1113
1621.1000 0.1115
1621.6000 0.1116
1622.9000 0.1118
1624.3000 0.1120
1627.7000 0.1122
1628.6000 0.1123
1629.7000 0.1125
1638.4000 0.1127
1643.4000 0.1128
1652.2000 0.1130
1665.7000 0.1132
1669.8000 0.1134
1674.1000 0.1135
1677.2000 0.1137
1678.0000 0.1139
1686.4000 0.1141
1691.6000 0.1142
1696.3000 0.1144
1701.3000 0.1146
1702.8000 0.1148
1707.5000 0.1149
1709.6000 0.1151
1710.6000 0.1153
1711.3000 0.1155
1714.3000 0.1156
1716.3000 0.1158
1718.5000 0.1160
1720.4000 0.1161
1725.7000 0.1163
1728.9000 0.1165
1734.3000 0.1167
1734.8000 0.1168
1757.5000 0.1170
1759.9000 0.1172
1766.4000 0.1174
1788.1000 0.1175
1789.9000 0.1177
1791.3000 0.1179
1796.2000 0.1181
1800.9000 0.1182
1801.9000 0.1184
1805.0000 0.1186
1816.2000 0.1187
1816.4000 0.1189
1818.8000 0.1191
1822.0000 0.1193
1824.5000 0.1194
1839.8000 0.1196
1847.7000 0.1198
1848.2000 0.1200
1855.2000 0.1201
1859.9000 0.1203
1860.5000 0.1205
1861.2000 0.1207
1869.0000 0.1208
1874.1000 0.1210
1878.6000 0.1212
1880.7000 0.1214
1888.8000 0.1215
1891.4000 0.1217
1894.7000 0.1219
1902.4000 0.1220
1909.4000 0.1222
1914.4000 0.1224
1917.3000 0.1226
1919.0000 0.1227
1920.1000 0.1229
1923.3000 0.1231
1939.7000 0.1233
1946.6000 0.1234
1947.7000 0.1236
1949.0000 0.1238
1950.0000 0.1240
1952.5000 0.1241
1960.6000 0.1243
1962.3000 0.1245
1963.2000 0.1247
1998.6000 0.1248
2005.6000 0.1250
2022.7000 0.1252
2024.1000 0.1253
2027.3000 0.1255
2029.2000 0.1257
2032.0000 0.1259
2036.9000 0.1260
2037.2000 0.1262
2040.4000 0.1264
2041.6000 0.1266
2043.3000 0.1267
2064.8000 0.1269
2065.6000 0.1271
2066.5000 0.1273
2070.2000 0.1274
2074.2000 0.1276
2082.4000 0.1278
2085.9000 0.1280
2091.7000 0.1281
2094.2000 0.1283
2096.1000 0.1285
2110.0000 0.1286
2124.7000 0.1288
2126.3000 0.1290
2133.8000 0.1292
2134.2000 0.1293
2137.1000 0.1295
2148.3000 0.1297
2157.3000 0.1299
2175.6000 0.1300
2178.6000 0.1302
2180.0000 0.1304
2184.7000 0.1306
2192.9000 0.1307
2193.0000 0.1309
2193.1000 0.1311
2195.0000 0.1312
2206.4000 0.1314
2207.9000 0.1316
2209.4000 0.1318
2211.2000 0.1319
2212.1000 0.1321
2219.9000 0.1323
2240.4000 0.1325
2246.1000 0.1326
2259.6000 0.1328
2268.1000 0.1330
2274.0000 0.1332
2277.6000 0.1333
2294.7000 0.1335
2300.1000 0.1337
2307.1000 0.1339
2320.3000 0.1340
2320.5000 0.1342
2329.7000 0.1344
2331.3000 0.1345
2333.3000 0.1347
2336.2000 0.1349
2339.3000 0.1351
2349.2000 0.1352
2351.2000 0.1354
2354.4000 0.1356
2358.1000 0.1358
2370.9000 0.1359
2394.3000 0.1361
2400.0000 0.1363
2417.2000 0.1365
2440.0000 0.1366
2441.7000 0.1368
2444.0000 0.1370
2455.9000 0.1372
2471.6000 0.1373
2471.8000 0.1375
2472.6000 0.1377
2483.3000 0.1378
2500.2000 0.1380
2502.9000 0.1382
2513.0000 0.1384
2524.7000 0.1385
2533.7000 0.1387
2539.5000 0.1389
2543.5000 0.1391
2573.1000 0.1392
2574.3000 0.1394
2579.8000 0.1396
2583.5000 0.1398
2591.1000 0.1399
2593.0000 0.1401
2622.8000 0.1403
2642.4000 0.1405
2658.0000 0.1406
2695.0000 0.1408
2697.4000 0.1410
2699.3000 0.1411
2702.1000 0.1413
2703.8000 0.1415
2725.0000 0.1417
2731.2000 0.1418
2746.5000 0.1420
2760.2000 0.1422
2761.8000 0.1424
2763.8000 0.1425
2764.9000 0.1427
2776.5000 0.1429
2783.3000 0.1431
2823.5000 0.1432
2833.6000 0.1434
2848.7000 0.1436
2864.6000 0.1437
2871.3000 0.1439
2872.4000 0.1441
2877.9000 0.1443
2898.5000 0.1444
2902.6000 0.1446
2908.2000 0.1448
2916.7000 0.1450
2926.8000 0.1451
2983.7000 0.1453
3000.2000 0.1455
3028.2000 0.1457
3040.7000 0.1458
3080.7000 0.1460
3081.0000 0.1462
3088.1000 0.1464
3094.0000 0.1465
3114.0000 0.1467
3129.2000 0.1469
3141.6000 0.1470
3154.9000 0.1472
3178.4000 0.1474
3190.3000 0.1476
3203.2000 0.1477
3206.4000 0.1479
3236.2000 0.1481
3255.0000 0.1483
3255.8000 0.1484
3265.4000 0.1486
3289.6000 0.1488
3299.4000 0.1490
3333.4000 0.1491
3368.6000 0.1493
3379.1000 0.1495
3417.6000 0.1497
3427.0000 0.1498
3429.9000 0.1500
3434.7000 0.1502
3447.0000 0.1503
3454.2000 0.1505
3455.6000 0.1507
3464.1000 0.1509
3466.0000 0.1510
3472.0000 0.1512
3481.3000 0.1514
3484.9000 0.1516
3527.8000 0.1517
3542.6000 0.1519
3582.1000 0.1521
3583.2000 0.1523
3596.7000 0.1524
3613.6000 0.1526
3637.3000 0.1528
3639.3000 0.1530
3646.6000 0.1531
3665.0000 0.1533
3672.5000 0.1535
3681.5000 0.1536
3694.1000 0.1538
3704.4000 0.1540
3722.5000 0.1542
3733.4000 0.1543
3734.7000 0.1545
3751.2000 0.1547
3768.6000 0.1549
3771.9000 0.1550
3803.1000 0.1552
3816.4000 0.1554
3833.0000 0.1556
3871.2000 0.1557
3879.9000 0.1559
3930.9000 0.1561
3973.9000 0.1562
3984.3000 0.1564
3998.0000 0.1566
4004.0000 0.1568
4010.2000 0.1569
4012.3000 0.1571
4014.7000 0.1573
4022.6000 0.1575
4047.2000 0.1576
4060.0000 0.1578
4072.3000 0.1580
4086.5000 0.1582
4105.8000 0.1583
4112.9000 0.1585
4123.8000 0.1587
4125.6000 0.1589
4128.5000 0.1590
4144.8000 0.1592
4151.3000 0.1594
4175.2000 0.1595
4187.2000 0.1597
4188.6000 0.1599
4254.4000 0.1601
4277.7000 0.1602
4284.4000 0.1604
4293.7000 0.1606
4294.3000 0.1608
4302.2000 0.1609
4329.0000 0.1611
4345.4000 0.1613
4377.5000 0.1615
4417.0000 0.1616
4419.4000 0.1618
4423.3000 0.1620
4449.0000 0.1622
4453.8000 0.1623
4459.0000 0.1625
4466.4000 0.1627
4470.6000 0.1628
4476.5000 0.1630
4506.8000 0.1632
4540.0000 0.1634
4545.8000 0.1635
4554.0000 0.1637
4560.5000 0.1639
4564.5000 0.1641
4647.1000 0.1642
4658.4000 0.1644
4662.3000 0.1646
4664.0000 0.1648
4672.4000 0.1649
4674.1000 0.1651
4713.3000 0.1653
4733.7000 0.1655
4741.3000 0.1656
4742.8000 0.1658
4753.3000 0.1660
4775.4000 0.1661
4782.6000 0.1663
4796.0000 0.1665
4811.7000 0.1667
4813.0000 0.1668
4835.7000 0.1670
4843.6000 0.1672
4845.9000 0.1674
4849.5000 0.1675
4855.2000 0.1677
4894.4000 0.1679
4899.0000 0.1681
4920.6000 0.1682
4939.2000 0.1684
4953.7000 0.1686
5011.0000 0.1687
5035.8000 0.1689
5038.2000 0.1691
5044.2000 0.1693
5089.5000 0.1694
5098.7000 0.1696
5178.8000 0.1698
5195.2000 0.1700
5202.8000 0.1701
5215.1000 0.1703
5234.3000 0.1705
5234.5000 0.1707
5249.7000 0.1708
5289.6000 0.1710
5294.8000 0.1712
5297.1000 0.1714
5312.3000 0.1715
5329.2000 0.1717
5349.0000 0.1719
5356.0000 0.1720
5356.9000 0.1722
5365.4000 0.1724
5365.7000 0.1726
5368.8000 0.1727
5374.6000 0.1729
5375.4000 0.1731
5378.7000 0.1733
5389.8000 0.1734
5395.4000 0.1736
5414.4000 0.1738
5435.8000 0.1740
5441.2000 0.1741
5515.9000 0.1743
5524.3000 0.1745
5526.0000 0.1747
5531.5000 0.1748
5539.8000 0.1750
5553.8000 0.1752
5573.2000 0.1753
5599.6000 0.1755
5623.3000 0.1757
5629.9000 0.1759
5647.9000 0.1760
5656.4000 0.1762
5658.8000 0.1764
5670.5000 0.1766
5689.2000 0.1767
5694.6000 0.1769
5700.9000 0.1771
5705.3000 0.1773
5739.4000 0.1774
5752.6000 0.1776
5764.7000 0.1778
5766.7000 0.1780
5829.4000 0.1781
5835.2000 0.1783
5855.4000 0.1785
5902.8000 0.1786
5935.4000 0.1788
5939.6000 0.1790
5969.4000 0.1792
5975.0000 0.1793
5980.1000 0.1795
6005.6000 0.1797
6060.5000 0.1799
6074.2000 0.1800
6079.1000 0.1802
6151.1000 0.1804
6171.9000 0.1806
6210.8000 0.1807
6211.9000 0.1809
6228.9000 0.1811
6233.2000 0.1812
6237.2000 0.1814
6239.1000 0.1816
6247.4000 0.1818
6255.6000 0.1819
6263.7000 0.1821
6264.9000 0.1823
6270.2000 0.1825
6311.2000 0.1826
6330.6000 0.1828
6384.9000 0.1830
6385.5000 0.1832
6409.3000 0.1833
6452.1000 0.1835
6486.9000 0.1837
6488.7000 0.1839
6491.3000 0.1840
6493.5000 0.1842
6508.5000 0.1844
6547.4000 0.1845
6571.4000 0.1847
6581.1000 0.1849
6581.4000 0.1851
6586.5000 0.1852
6588.9000 0.1854
6617.1000 0.1856
6630.0000 0.1858
6646.0000 0.1859
6653.8000 0.1861
6691.8000 0.1863
6698.3000 0.1865
6706.2000 0.1866
6739.8000 0.1868
6745.3000 0.1870
6749.3000 0.1872
6769.8000 0.1873
6770.0000 0.1875
6777.0000 0.1877
6783.1000 0.1878
6800.7000 0.1880
6805.7000 0.1882
6824.6000 0.1884
6828.7000 0.1885
6853.0000 0.1887
6859.9000 0.1889
6875.6000 0.1891
6899.3000 0.1892
6902.5000 0.1894
6937.8000 0.1896
6973.2000 0.1898
6982.6000 0.1899
6995.8000 0.1901
7019.4000 0.1903
7038.4000 0.1905
7094.0000 0.1906
7100.5000 0.1908
7129.9000 0.1910
7130.8000 0.1911
7148.6000 0.1913
7149.5000 0.1915
7163.5000 0.1917
7225.0000 0.1918
7279.2000 0.1920
7290.4000 0.1922
7296.6000 0.1924
7322.7000 0.1925
7325.0000 0.1927
7329.1000 0.1929
7415.7000 0.1931
7428.2000 0.1932
7456.5000 0.1934
7460.1000 0.1936
7474.0000 0.1937
7511.7000 0.1939
7527.3000 0.1941
7580.2000 0.1943
7587.5000 0.1944
7599.4000 0.1946
7619.1000 0.1948
7628.8000 0.1950
7631.4000 0.1951
7636.3000 0.1953
7638.0000 0.1955
7649.9000 0.1957
7661.3000 0.1958
7714.0000 0.1960
7726.0000 0.1962
7732.2000 0.1964
7759.0000 0.1965
7770.5000 0.1967
7772.7000 0.1969
7775.5000 0.1970
7778.9000 0.1972
7792.7000 0.1974
7802.0000 0.1976
7807.4000 0.1977
7829.4000 0.1979
7833.9000 0.1981
7834.1000 0.1983
7835.3000 0.1984
7837.1000 0.1986
7846.4000 0.1988
7885.3000 0.1990
7890.2000 0.1991
7908.9000 0.1993
7912.9000 0.1995
7920.8000 0.1997
7937.3000 0.1998
7945.1000 0.2000
7955.4000 0.2002
7960.9000 0.2003
7964.4000 0.2005
7969.1000 0.2007
7979.2000 0.2009
7997.6000 0.2010
8037.1000 0.2012
8043.9000 0.2014
8046.1000 0.2016
8054.0000 0.2017
8070.4000 0.2019
8090.1000 0.2021
8090.9000 0.2023
8128.1000 0.2024
8143.3000 0.2026
8163.8000 0.2028
8168.3000 0.2030
8170.3000 0.2031
8180.0000 0.2033
8183.6000 0.2035
8201.3000 0.2036
8254.3000 0.2038
8256.6000 0.2040
8269.8000 0.2042
8289.4000 0.2043
8316.9000 0.2045
8319.8000 0.2047
8320.1000 0.2049
8347.2000 0.2050
8355.6000 0.2052
8356.9000 0.2054
8361.0000 0.2056
8363.4000 0.2057
8367.5000 0.2059
8378.7000 0.2061
8379.8000 0.2062
8381.7000 0.2064
8395.9000 0.2066
8408.0000 0.2068
8472.6000 0.2069
8478.8000 0.2071
8479.1000 0.2073
8479.4000 0.2075
8503.4000 0.2076
8522.0000 0.2078
8552.9000 0.2080
8562.8000 0.2082
8565.2000 0.2083
8584.2000 0.2085
8599.3000 0.2087
8609.8000 0.2089
8625.1000 0.2090
8644.1000 0.2092
8662.0000 0.2094
8672.3000 0.2095
8691.9000 0.2097
8695.5000 0.2099
8697.2000 0.2101
8706.7000 0.2102
8721.2000 0.2104
8794.3000 0.2106
8811.8000 0.2108
8849.3000 0.2109
8856.2000 0.2111
8875.3000 0.2113
8879.5000 0.2115
8889.1000 0.2116
8914.7000 0.2118
8938.2000 0.2120
8945.3000 0.2122
8948.5000 0.2123
8958.1000 0.2125
8987.2000 0.2127
8998.2000 0.2128
8998.5000 0.2130
9009.5000 0.2132
9029.7000 0.2134
9047.5000 0.2135
9054.4000 0.2137
9066.2000 0.2139
9071.6000 0.2141
9085.1000 0.2142
9095.8000 0.2144
9101.2000 0.2146
9112.5000 0.2148
9125.6000 0.2149
9144.8000 0.2151
9166.9000 0.2153
9207.7000 0.2155
9215.5000 0.2156
9227.5000 0.2158
9255.7000 0.2160
9272.2000 0.2161
9306.1000 0.2163
9324.7000 0.2165
9325.4000 0.2167
9330.4000 0.2168
9366.8000 0.2170
9385.8000 0.2172
9394.8000 0.2174
9420.0000 0.2175
9455.3000 0.2177
9524.5000 0.2179
9537.7000 0.2181
9547.9000 0.2182
9564.4000 0.2184
9570.4000 0.2186
9573.8000 0.2187
9607.4000 0.2189
9610.4000 0.2191
9614.8000 0.2193
9630.7000 0.2194
9658.6000 0.2196
9667.3000 0.2198
9683.8000 0.2200
9714.3000 0.2201
9730.2000 0.2203
9733.2000 0.2205
9737.2000 0.2207
9758.4000 0.2208
9810.7000 0.2210
9817.3000 0.2212
9842.4000 0.2214
9844.6000 0.2215
9852.1000 0.2217
9861.0000 0.2219
9875.0000 0.2220
9934.8000 0.2222
9940.5000 0.2224
9951.5000 0.2226
9959.4000 0.2227
9989.2000 0.2229
10021.4000 0.2231
10039.3000 0.2233
10039.8000 0.2234
10044.5000 0.2236
10050.8000 0.2238
10102.7000 0.2240
10110.9000 0.2241
10171.0000 0.2243
10209.6000 0.2245
10233.5000 0.2247
10262.2000 0.2248
10266.3000 0.2250
10299.5000 0.2252
10380.5000 0.2253
10392.5000 0.2255
10403.7000 0.2257
10408.2000 0.2259
10419.3000 0.2260
10426.7000 0.2262
10426.9000 0.2264
10427.5000 0.2266
10431.9000 0.2267
10474.3000 0.2269
10509.5000 0.2271
10612.2000 0.2273
10647.8000 0.2274
10653.9000 0.2276
10732.2000 0.2278
10802.7000 0.2280
10853.3000 0.2281
10873.8000 0.2283
10881.1000 0.2285
10902.5000 0.2286
10906.1000 0.2288
10908.6000 0.2290
10944.8000 0.2292
10949.9000 0.2293
10966.4000 0.2295
10970.8000 0.2297
10972.8000 0.2299
10974.5000 0.2300
10993.5000 0.2302
10999.9000 0.2304
11018.3000 0.2306
11043.2000 0.2307
11059.7000 0.2309
11074.6000 0.2311
11077.2000 0.2312
11135.0000 0.2314
11144.6000 0.2316
11146.6000 0.2318
11151.2000 0.2319
11209.2000 0.2321
11220.8000 0.2323
11224.1000 0.2325
11285.1000 0.2326
11303.6000 0.2328
11344.3000 0.2330
11346.2000 0.2332
11407.0000 0.2333
11414.8000 0.2335
11415.3000 0.2337
11439.8000 0.2339
11443.0000 0.2340
11454.3000 0.2342
11579.7000 0.2344
11589.3000 0.2345
11599.9000 0.2347
11613.7000 0.2349
11629.0000 0.2351
11659.8000 0.2352
11678.7000 0.2354
11696.6000 0.2356
11711.3000 0.2358
11756.3000 0.2359
11771.7000 0.2361
11775.1000 0.2363
11828.6000 0.2365
11846.0000 0.2366
11852.6000 0.2368
11857.0000 0.2370
11880.4000 0.2372
11922.7000 0.2373
11922.9000 0.2375
11933.2000 0.2377
11934.3000 0.2378
11980.3000 0.2380
11987.1000 0.2382
11987.5000 0.2384
12014.7000 0.2385
12016.9000 0.2387
12035.2000 0.2389
12060.9000 0.2391
12068.9000 0.2392
12104.8000 0.2394
12105.7000 0.2396
12111.5000 0.2398
12122.6000 0.2399
12155.7000 0.2401
12163.9000 0.2403
12170.2000 0.2405
12195.2000 0.2406
12195.9000 0.2408
12204.7000 0.2410
12259.7000 0.2411
12274.2000 0.2413
12356.1000 0.2415
12431.5000 0.2417
12454.3000 0.2418
12457.5000 0.2420
12484.0000 0.2422
12537.7000 0.2424
12546.2000 0.2425
12572.7000 0.2427
12600.3000 0.2429
12603.8000 0.2431
12609.6000 0.2432
12616.6000 0.2434
12648.5000 0.2436
12658.7000 0.2437
12668.7000 0.2439
12694.7000 0.2441
12697.3000 0.2443
12699.8000 0.2444
12707.2000 0.2446
12714.9000 0.2448
12728.4000 0.2450
12769.8000 0.2451
12810.0000 0.2453
12825.5000 0.2455
12827.5000 0.2457
12837.9000 0.2458
12849.3000 0.2460
12889.5000 0.2462
12899.5000 0.2464
12902.8000 0.2465
12968.1000 0.2467
13003.2000 0.2469
13004.0000 0.2470
13014.4000 0.2472
13053.7000 0.2474
13054.7000 0.2476
13066.7000 0.2477
13069.8000 0.2479
13078.2000 0.2481
13115.5000 0.2483
13116.0000 0.2484
13120.5000 0.2486
13127.0000 0.2488
13180.4000 0.2490
13245.6000 0.2491
13252.1000 0.2493
13259.3000 0.2495
13266.6000 0.2497
13308.2000 0.2498
13323.9000 0.2500
13326.4000 0.2502
13361.3000 0.2503
13395.9000 0.2505
13415.5000 0.2507
13416.1000 0.2509
13423.7000 0.2510
13439.0000 0.2512
13439.4000 0.2514
13449.2000 0.2516
13450.1000 0.2517
13471.3000 0.2519
13505.5000 0.2521
13572.6000 0.2523
13584.1000 0.2524
13597.3000 0.2526
13641.9000 0.2528
13672.7000 0.2530
13694.5000 0.2531
13703.9000 0.2533
13729.0000 0.2535
13769.1000 0.2536
13866.5000 0.2538
13890.9000 0.2540
13910.0000 0.2542
13922.4000 0.2543
13976.4000 0.2545
13984.5000 0.2547
14020.7000 0.2549
14068.7000 0.2550
14082.1000 0.2552
14114.7000 0.2554
14123.8000 0.2556
14138.4000 0.2557
14156.1000 0.2559
14194.2000 0.2561
14215.6000 0.2563
14323.0000 0.2564
14350.9000 0.2566
14440.7000 0.2568
14442.8000 0.2569
14458.1000 0.2571
14469.5000 0.2573
14474.0000 0.2575
14508.5000 0.2576
14535.8000 0.2578
14574.7000 0.2580
14579.8000 0.2582
14608.5000 0.2583
14618.5000 0.2585
14669.3000 0.2587
14716.3000 0.2589
14722.9000 0.2590
14724.5000 0.2592
14755.6000 0.2594
14772.9000 0.2595
14892.9000 0.2597
14903.3000 0.2599
14944.6000 0.2601
14983.7000 0.2602
15003.0000 0.2604
15007.1000 0.2606
15018.0000 0.2608
15086.1000 0.2609
15121.2000 0.2611
15147.4000 0.2613
15159.6000 0.2615
15162.3000 0.2616
15177.8000 0.2618
15218.0000 0.2620
15319.6000 0.2622
15325.7000 0.2623
15327.4000 0.2625
15485.5000 0.2627
15502.9000 0.2628
15578.5000 0.2630
15582.7000 0.2632
15627.3000 0.2634
15639.2000 0.2635
15671.0000 0.2637
15671.3000 0.2639
15693.1000 0.2641
15723.7000 0.2642
15751.0000 0.2644
15838.5000 0.2646
15849.0000 0.2648
15855.0000 0.2649
15885.9000 0.2651
15931.0000 0.2653
16016.6000 0.2655
16025.8000 0.2656
16078.3000 0.2658
16083.6000 0.2660
16104.4000 0.2661
16125.1000 0.2663
16166.4000 0.2665
16186.2000 0.2667
16231.3000 0.2668
16249.3000 0.2670
16355.6000 0.2672
16497.8000 0.2674
16499.4000 0.2675
16559.3000 0.2677
16611.9000 0.2679
16619.8000 0.2681
16641.6000 0.2682
16676.6000 0.2684
16798.8000 0.2686
16800.8000 0.2688
16806.3000 0.2689
16854.1000 0.2691
16879.2000 0.2693
16891.2000 0.2694
16945.7000 0.2696
16949.5000 0.2698
17094.2000 0.2700
17119.9000 0.2701
17162.9000 0.2703
17284.0000 0.2705
17297.3000 0.2707
17341.6000 0.2708
17437.3000 0.2710
17437.5000 0.2712
17531.0000 0.2714
17547.1000 0.2715
17579.8000 0.2717
17678.7000 0.2719
17679.8000 0.2720
17730.8000 0.2722
17942.1000 0.2724
17948.9000 0.2726
18021.2000 0.2727
18095.5000 0.2729
18292.6000 0.2731
18386.8000 0.2733
18508.7000 0.2734
18604.5000 0.2736
18654.2000 0.2738
18711.7000 0.2740
18850.1000 0.2741
18969.7000 0.2743
18981.7000 0.2745
19225.8000 0.2747
19303.4000 0.2748
19319.5000 0.2750
19474.3000 0.2752
19498.8000 0.2753
19704.5000 0.2755
19808.8000 0.2757
19893.3000 0.2759
19922.3000 0.2760
20468.9000 0.2762
20565.0000 0.2764
20907.3000 0.2766
20970.2000 0.2767
21453.3000 0.2769
