# messageDelay  cumulativeProbability
5.0000 0.0001
5.0000 0.0002
5.0000 0.0003
5.0000 0.0004
5.0000 0.0005
5.0000 0.0006
5.0000 0.0007
5.0000 0.0008
5.0000 0.0009
5.0000 0.0010
5.0000 0.0011
5.0000 0.0013
5.0000 0.0014
5.0000 0.0015
5.0000 0.0016
5.0000 0.0017
5.0000 0.0018
5.0000 0.0019
5.0000 0.0020
5.0000 0.0021
5.0000 0.0022
5.0000 0.0023
5.0000 0.0024
5.0000 0.0025
5.0000 0.0026
5.0000 0.0027
5.0000 0.0028
5.0000 0.0029
5.0000 0.0030
5.0000 0.0031
5.0000 0.0032
5.0000 0.0033
5.0000 0.0034
7.5000 0.0035
10.1000 0.0036
24.7000 0.0037
25.7000 0.0039
51.1000 0.0040
67.7000 0.0041
70.7000 0.0042
71.4000 0.0043
81.1000 0.0044
95.0000 0.0045
98.2000 0.0046
117.1000 0.0047
117.6000 0.0048
121.2000 0.0049
130.5000 0.0050
132.6000 0.0051
141.2000 0.0052
144.3000 0.0053
149.6000 0.0054
149.9000 0.0055
151.4000 0.0056
154.9000 0.0057
171.1000 0.0058
172.1000 0.0059
172.9000 0.0060
180.4000 0.0061
185.7000 0.0062
186.7000 0.0064
200.3000 0.0065
208.6000 0.0066
212.4000 0.0067
213.0000 0.0068
219.7000 0.0069
222.6000 0.0070
229.7000 0.0071
231.4000 0.0072
232.7000 0.0073
232.7000 0.0074
233.3000 0.0075
233.8000 0.0076
233.9000 0.0077
238.5000 0.0078
242.7000 0.0079
243.3000 0.0080
248.6000 0.0081
254.7000 0.0082
261.5000 0.0083
262.7000 0.0084
265.6000 0.0085
272.4000 0.0086
280.3000 0.0087
282.4000 0.0089
284.9000 0.0090
295.0000 0.0091
295.3000 0.0092
298.7000 0.0093
304.1000 0.0094
305.7000 0.0095
307.5000 0.0096
308.4000 0.0097
321.6000 0.0098
322.0000 0.0099
326.3000 0.0100
329.4000 0.0101
334.6000 0.0102
337.8000 0.0103
339.2000 0.0104
342.0000 0.0105
342.8000 0.0106
343.8000 0.0107
345.1000 0.0108
346.3000 0.0109
347.5000 0.0110
347.8000 0.0111
350.6000 0.0113
351.1000 0.0114
353.2000 0.0115
354.1000 0.0116
354.4000 0.0117
369.9000 0.0118
373.6000 0.0119
374.5000 0.0120
377.6000 0.0121
377.7000 0.0122
379.3000 0.0123
380.5000 0.0124
382.8000 0.0125
385.6000 0.0126
387.1000 0.0127
387.5000 0.0128
389.6000 0.0129
393.6000 0.0130
395.2000 0.0131
397.0000 0.0132
398.4000 0.0133
400.2000 0.0134
401.8000 0.0135
410.4000 0.0136
411.9000 0.0138
413.4000 0.0139
413.7000 0.0140
417.9000 0.0141
419.3000 0.0142
422.5000 0.0143
424.7000 0.0144
427.4000 0.0145
432.7000 0.0146
433.8000 0.0147
434.7000 0.0148
445.0000 0.0149
445.7000 0.0150
446.8000 0.0151
447.5000 0.0152
447.8000 0.0153
450.2000 0.0154
452.1000 0.0155
453.1000 0.0156
453.3000 0.0157
454.1000 0.0158
454.3000 0.0159
456.4000 0.0160
456.6000 0.0161
461.9000 0.0163
465.9000 0.0164
466.7000 0.0165
467.4000 0.0166
468.5000 0.0167
469.7000 0.0168
469.7000 0.0169
470.2000 0.0170
470.8000 0.0171
473.7000 0.0172
474.4000 0.0173
479.7000 0.0174
480.6000 0.0175
485.5000 0.0176
486.0000 0.0177
486.9000 0.0178
488.7000 0.0179
489.9000 0.0180
490.4000 0.0181
493.2000 0.0182
493.9000 0.0183
497.4000 0.0184
498.9000 0.0185
501.6000 0.0186
502.0000 0.0188
508.0000 0.0189
508.8000 0.0190
509.2000 0.0191
511.6000 0.0192
512.0000 0.0193
515.1000 0.0194
519.5000 0.0195
520.2000 0.0196
520.8000 0.0197
524.3000 0.0198
525.2000 0.0199
525.8000 0.0200
525.9000 0.0201
530.8000 0.0202
531.1000 0.0203
531.5000 0.0204
532.1000 0.0205
534.0000 0.0206
534.2000 0.0207
537.3000 0.0208
543.6000 0.0209
545.8000 0.0210
546.4000 0.0211
551.0000 0.0212
553.4000 0.0214
554.4000 0.0215
555.5000 0.0216
556.4000 0.0217
556.9000 0.0218
564.9000 0.0219
566.4000 0.0220
567.8000 0.0221
568.4000 0.0222
573.2000 0.0223
573.3000 0.0224
581.1000 0.0225
581.4000 0.0226
582.1000 0.0227
584.5000 0.0228
584.7000 0.0229
587.4000 0.0230
587.9000 0.0231
590.4000 0.0232
592.4000 0.0233
593.6000 0.0234
594.4000 0.0235
595.1000 0.0236
595.4000 0.0237
598.6000 0.0239
600.7000 0.0240
600.8000 0.0241
603.7000 0.0242
607.0000 0.0243
608.4000 0.0244
610.5000 0.0245
610.6000 0.0246
612.6000 0.0247
615.0000 0.0248
617.3000 0.0249
617.3000 0.0250
617.7000 0.0251
618.8000 0.0252
619.7000 0.0253
622.8000 0.0254
631.3000 0.0255
631.7000 0.0256
632.5000 0.0257
636.3000 0.0258
636.6000 0.0259
636.6000 0.0260
638.0000 0.0261
639.1000 0.0262
641.8000 0.0264
642.8000 0.0265
645.8000 0.0266
651.1000 0.0267
655.9000 0.0268
657.0000 0.0269
661.4000 0.0270
666.3000 0.0271
669.4000 0.0272
669.9000 0.0273
671.7000 0.0274
671.9000 0.0275
673.0000 0.0276
674.0000 0.0277
676.6000 0.0278
677.2000 0.0279
677.6000 0.0280
680.1000 0.0281
682.3000 0.0282
687.3000 0.0283
687.6000 0.0284
694.0000 0.0285
694.9000 0.0286
695.0000 0.0287
696.1000 0.0289
697.4000 0.0290
697.7000 0.0291
699.2000 0.0292
700.5000 0.0293
701.2000 0.0294
702.8000 0.0295
703.3000 0.0296
705.1000 0.0297
705.1000 0.0298
705.3000 0.0299
706.7000 0.0300
707.7000 0.0301
710.7000 0.0302
711.3000 0.0303
714.3000 0.0304
717.0000 0.0305
718.6000 0.0306
719.1000 0.0307
725.0000 0.0308
726.8000 0.0309
729.2000 0.0310
729.7000 0.0311
729.8000 0.0312
730.9000 0.0314
733.0000 0.0315
733.4000 0.0316
738.9000 0.0317
741.8000 0.0318
742.1000 0.0319
742.9000 0.0320
745.5000 0.0321
747.2000 0.0322
748.0000 0.0323
751.4000 0.0324
753.4000 0.0325
756.0000 0.0326
756.1000 0.0327
756.6000 0.0328
756.9000 0.0329
758.6000 0.0330
759.3000 0.0331
760.2000 0.0332
763.1000 0.0333
764.6000 0.0334
767.0000 0.0335
767.5000 0.0336
768.2000 0.0337
774.7000 0.0339
775.7000 0.0340
777.2000 0.0341
778.5000 0.0342
778.9000 0.0343
779.0000 0.0344
779.9000 0.0345
780.9000 0.0346
781.8000 0.0347
783.0000 0.0348
783.8000 0.0349
784.8000 0.0350
786.1000 0.0351
788.8000 0.0352
789.4000 0.0353
790.6000 0.0354
790.8000 0.0355
795.8000 0.0356
797.6000 0.0357
798.5000 0.0358
798.7000 0.0359
803.5000 0.0360
804.1000 0.0361
805.6000 0.0362
807.1000 0.0364
811.4000 0.0365
814.5000 0.0366
814.9000 0.0367
816.4000 0.0368
820.6000 0.0369
823.0000 0.0370
824.5000 0.0371
824.7000 0.0372
825.9000 0.0373
829.8000 0.0374
833.3000 0.0375
834.3000 0.0376
837.1000 0.0377
837.3000 0.0378
840.6000 0.0379
843.0000 0.0380
848.3000 0.0381
848.8000 0.0382
850.0000 0.0383
850.0000 0.0384
851.6000 0.0385
851.7000 0.0386
852.4000 0.0388
853.3000 0.0389
859.4000 0.0390
859.9000 0.0391
871.2000 0.0392
872.2000 0.0393
872.6000 0.0394
878.7000 0.0395
882.1000 0.0396
882.9000 0.0397
885.9000 0.0398
886.7000 0.0399
891.4000 0.0400
892.6000 0.0401
897.4000 0.0402
899.1000 0.0403
899.8000 0.0404
901.9000 0.0405
902.1000 0.0406
905.6000 0.0407
908.8000 0.0408
909.7000 0.0409
910.7000 0.0410
914.3000 0.0411
919.2000 0.0413
919.4000 0.0414
922.1000 0.0415
926.3000 0.0416
926.7000 0.0417
928.0000 0.0418
928.3000 0.0419
928.6000 0.0420
932.2000 0.0421
933.1000 0.0422
940.1000 0.0423
940.2000 0.0424
940.8000 0.0425
944.6000 0.0426
946.2000 0.0427
948.6000 0.0428
949.4000 0.0429
949.7000 0.0430
950.2000 0.0431
952.0000 0.0432
952.0000 0.0433
952.1000 0.0434
953.4000 0.0435
957.8000 0.0436
960.1000 0.0438
960.4000 0.0439
960.9000 0.0440
961.9000 0.0441
961.9000 0.0442
963.8000 0.0443
965.4000 0.0444
966.4000 0.0445
969.7000 0.0446
970.9000 0.0447
971.1000 0.0448
975.0000 0.0449
975.6000 0.0450
978.6000 0.0451
981.0000 0.0452
981.1000 0.0453
985.1000 0.0454
985.4000 0.0455
985.4000 0.0456
985.9000 0.0457
987.6000 0.0458
991.6000 0.0459
992.7000 0.0460
999.4000 0.0461
999.9000 0.0463
1002.2000 0.0464
1003.8000 0.0465
1007.2000 0.0466
1007.9000 0.0467
1013.6000 0.0468
1014.8000 0.0469
1019.3000 0.0470
1021.4000 0.0471
1022.1000 0.0472
1023.0000 0.0473
1025.0000 0.0474
1027.6000 0.0475
1030.3000 0.0476
1037.3000 0.0477
1038.6000 0.0478
1041.7000 0.0479
1042.0000 0.0480
1043.7000 0.0481
1046.1000 0.0482
1047.2000 0.0483
1049.1000 0.0484
1050.9000 0.0485
1054.8000 0.0486
1070.5000 0.0488
1074.1000 0.0489
1078.3000 0.0490
1080.2000 0.0491
1081.5000 0.0492
1084.9000 0.0493
1086.4000 0.0494
1087.9000 0.0495
1088.4000 0.0496
1088.7000 0.0497
1092.0000 0.0498
1094.4000 0.0499
1096.7000 0.0500
1098.3000 0.0501
1098.7000 0.0502
1100.5000 0.0503
1100.8000 0.0504
1105.3000 0.0505
1106.3000 0.0506
1108.1000 0.0507
1109.0000 0.0508
1110.7000 0.0509
1111.2000 0.0510
1112.6000 0.0511
1114.3000 0.0513
1115.0000 0.0514
1115.5000 0.0515
1116.8000 0.0516
1117.2000 0.0517
1118.0000 0.0518
1118.5000 0.0519
1118.9000 0.0520
1120.9000 0.0521
1123.4000 0.0522
1124.7000 0.0523
1126.4000 0.0524
1126.4000 0.0525
1129.5000 0.0526
1130.7000 0.0527
1131.3000 0.0528
1131.5000 0.0529
1132.2000 0.0530
1134.3000 0.0531
1135.2000 0.0532
1137.9000 0.0533
1141.9000 0.0534
1142.4000 0.0535
1144.2000 0.0536
1145.5000 0.0538
1147.2000 0.0539
1147.5000 0.0540
1148.6000 0.0541
1154.2000 0.0542
1155.0000 0.0543
1156.8000 0.0544
1157.4000 0.0545
1157.8000 0.0546
1158.1000 0.0547
1160.6000 0.0548
1162.6000 0.0549
1163.4000 0.0550
1167.6000 0.0551
1173.3000 0.0552
1179.0000 0.0553
1180.1000 0.0554
1181.3000 0.0555
1181.3000 0.0556
1185.9000 0.0557
1186.2000 0.0558
1190.6000 0.0559
1192.2000 0.0560
1192.9000 0.0561
1196.6000 0.0563
1198.5000 0.0564
1203.6000 0.0565
1205.7000 0.0566
1206.5000 0.0567
1209.1000 0.0568
1210.5000 0.0569
1211.0000 0.0570
1211.4000 0.0571
1212.6000 0.0572
1214.5000 0.0573
1223.0000 0.0574
1227.6000 0.0575
1231.8000 0.0576
1233.5000 0.0577
1235.8000 0.0578
1238.1000 0.0579
1241.8000 0.0580
1245.5000 0.0581
1247.9000 0.0582
1250.0000 0.0583
1253.2000 0.0584
1253.6000 0.0585
1253.8000 0.0586
1253.9000 0.0588
1254.7000 0.0589
1261.0000 0.0590
1261.0000 0.0591
1262.6000 0.0592
1266.0000 0.0593
1268.1000 0.0594
1270.2000 0.0595
1270.3000 0.0596
1273.4000 0.0597
1275.9000 0.0598
1278.2000 0.0599
1279.3000 0.0600
1283.9000 0.0601
1285.9000 0.0602
1286.2000 0.0603
1287.2000 0.0604
1288.7000 0.0605
1289.8000 0.0606
1289.8000 0.0607
1294.0000 0.0608
1296.4000 0.0609
1298.1000 0.0610
1300.7000 0.0611
1303.3000 0.0613
1307.2000 0.0614
1307.2000 0.0615
1309.6000 0.0616
1314.0000 0.0617
1314.1000 0.0618
1314.2000 0.0619
1315.7000 0.0620
1319.4000 0.0621
1320.5000 0.0622
1321.1000 0.0623
1321.3000 0.0624
1326.9000 0.0625
1328.4000 0.0626
1328.8000 0.0627
1333.2000 0.0628
1336.8000 0.0629
1337.3000 0.0630
1341.9000 0.0631
1342.4000 0.0632
1349.5000 0.0633
1351.4000 0.0634
1351.6000 0.0635
1353.7000 0.0636
1354.2000 0.0638
1359.7000 0.0639
1362.1000 0.0640
1362.2000 0.0641
1363.0000 0.0642
1364.2000 0.0643
1366.1000 0.0644
1369.6000 0.0645
1369.7000 0.0646
1371.0000 0.0647
1372.4000 0.0648
1373.2000 0.0649
1374.2000 0.0650
1375.0000 0.0651
1376.3000 0.0652
1380.8000 0.0653
1381.3000 0.0654
1381.3000 0.0655
1382.1000 0.0656
1382.8000 0.0657
1383.2000 0.0658
1383.6000 0.0659
1383.6000 0.0660
1383.8000 0.0661
1386.1000 0.0663
1386.3000 0.0664
1390.4000 0.0665
1391.5000 0.0666
1400.4000 0.0667
1400.4000 0.0668
1407.9000 0.0669
1409.4000 0.0670
1410.0000 0.0671
1411.9000 0.0672
1413.8000 0.0673
1414.4000 0.0674
1416.3000 0.0675
1418.7000 0.0676
1419.0000 0.0677
1422.0000 0.0678
1423.7000 0.0679
1425.8000 0.0680
1432.4000 0.0681
1438.3000 0.0682
1445.5000 0.0683
1452.0000 0.0684
1453.0000 0.0685
1457.6000 0.0686
1462.5000 0.0688
1462.7000 0.0689
1463.0000 0.0690
1465.4000 0.0691
1466.3000 0.0692
1469.7000 0.0693
1471.0000 0.0694
1473.0000 0.0695
1475.4000 0.0696
1475.7000 0.0697
1476.8000 0.0698
1484.6000 0.0699
1488.4000 0.0700
1492.6000 0.0701
1493.0000 0.0702
1494.3000 0.0703
1503.1000 0.0704
1509.2000 0.0705
1509.6000 0.0706
1509.8000 0.0707
1510.7000 0.0708
1511.3000 0.0709
1515.4000 0.0710
1516.5000 0.0711
1518.6000 0.0713
1519.3000 0.0714
1520.7000 0.0715
1521.3000 0.0716
1522.2000 0.0717
1522.4000 0.0718
1525.0000 0.0719
1526.3000 0.0720
1526.8000 0.0721
1529.0000 0.0722
1538.8000 0.0723
1547.0000 0.0724
1549.4000 0.0725
1550.4000 0.0726
1553.0000 0.0727
1557.6000 0.0728
1560.2000 0.0729
1564.9000 0.0730
1567.0000 0.0731
1567.9000 0.0732
1570.5000 0.0733
1571.3000 0.0734
1573.1000 0.0735
1573.7000 0.0736
1574.3000 0.0738
1575.7000 0.0739
1576.3000 0.0740
1577.2000 0.0741
1581.0000 0.0742
1581.9000 0.0743
1585.3000 0.0744
1585.5000 0.0745
1588.4000 0.0746
1590.8000 0.0747
1595.6000 0.0748
1601.9000 0.0749
1602.1000 0.0750
1608.2000 0.0751
1612.8000 0.0752
1617.1000 0.0753
1617.5000 0.0754
1620.1000 0.0755
1620.3000 0.0756
1621.6000 0.0757
1622.1000 0.0758
1624.0000 0.0759
1625.3000 0.0760
1628.6000 0.0761
1635.6000 0.0763
1638.2000 0.0764
1638.5000 0.0765
1641.3000 0.0766
1649.5000 0.0767
1651.8000 0.0768
1656.3000 0.0769
1661.2000 0.0770
1665.6000 0.0771
1669.0000 0.0772
1670.6000 0.0773
1671.6000 0.0774
1676.5000 0.0775
1678.0000 0.0776
1678.1000 0.0777
1680.6000 0.0778
1680.9000 0.0779
1682.0000 0.0780
1690.4000 0.0781
1693.4000 0.0782
1695.0000 0.0783
1695.6000 0.0784
1695.7000 0.0785
1696.7000 0.0786
1697.1000 0.0788
1704.7000 0.0789
1708.6000 0.0790
1708.7000 0.0791
1708.9000 0.0792
1709.9000 0.0793
1710.3000 0.0794
1710.8000 0.0795
1715.0000 0.0796
1715.3000 0.0797
1719.8000 0.0798
1720.9000 0.0799
1721.5000 0.0800
1727.3000 0.0801
1727.7000 0.0802
1731.3000 0.0803
1732.7000 0.0804
1739.0000 0.0805
1740.0000 0.0806
1741.3000 0.0807
1750.2000 0.0808
1750.9000 0.0809
1752.7000 0.0810
1754.7000 0.0811
1756.9000 0.0813
1770.2000 0.0814
1773.0000 0.0815
1776.1000 0.0816
1777.7000 0.0817
1779.2000 0.0818
1784.1000 0.0819
1784.7000 0.0820
1785.0000 0.0821
1792.1000 0.0822
1796.8000 0.0823
1797.4000 0.0824
1800.2000 0.0825
1800.4000 0.0826
1801.4000 0.0827
1805.8000 0.0828
1806.1000 0.0829
1806.5000 0.0830
1806.8000 0.0831
1807.2000 0.0832
1807.9000 0.0833
1808.3000 0.0834
1809.5000 0.0835
1810.7000 0.0836
1814.5000 0.0838
1818.0000 0.0839
1818.7000 0.0840
1820.7000 0.0841
1822.1000 0.0842
1827.4000 0.0843
1830.6000 0.0844
1834.3000 0.0845
1834.4000 0.0846
1834.8000 0.0847
1834.8000 0.0848
1841.7000 0.0849
1844.6000 0.0850
1850.8000 0.0851
1851.4000 0.0852
1857.4000 0.0853
1857.6000 0.0854
1860.6000 0.0855
1860.7000 0.0856
1861.0000 0.0857
1861.3000 0.0858
1864.6000 0.0859
1867.0000 0.0860
1867.1000 0.0861
1869.7000 0.0863
1873.1000 0.0864
1873.4000 0.0865
1884.5000 0.0866
1885.7000 0.0867
1887.8000 0.0868
1893.8000 0.0869
1895.3000 0.0870
1897.5000 0.0871
1900.3000 0.0872
1913.1000 0.0873
1914.1000 0.0874
1922.3000 0.0875
1931.7000 0.0876
1938.7000 0.0877
1942.5000 0.0878
1945.3000 0.0879
1952.1000 0.0880
1952.1000 0.0881
1956.0000 0.0882
1961.0000 0.0883
1961.3000 0.0884
1961.4000 0.0885
1965.2000 0.0886
1974.8000 0.0888
1975.2000 0.0889
1981.8000 0.0890
1982.1000 0.0891
1982.9000 0.0892
1983.6000 0.0893
1985.1000 0.0894
1988.4000 0.0895
1989.9000 0.0896
1996.7000 0.0897
1998.5000 0.0898
2000.3000 0.0899
2001.7000 0.0900
2002.8000 0.0901
2013.1000 0.0902
2016.3000 0.0903
2017.9000 0.0904
2024.7000 0.0905
2031.9000 0.0906
2034.9000 0.0907
2040.7000 0.0908
2042.1000 0.0909
2043.8000 0.0910
2050.1000 0.0911
2069.4000 0.0913
2081.0000 0.0914
2086.3000 0.0915
2097.1000 0.0916
2098.5000 0.0917
2098.6000 0.0918
2100.3000 0.0919
2102.7000 0.0920
2108.8000 0.0921
2112.4000 0.0922
2114.6000 0.0923
2121.1000 0.0924
2123.3000 0.0925
2124.2000 0.0926
2135.5000 0.0927
2136.6000 0.0928
2138.4000 0.0929
2142.1000 0.0930
2148.7000 0.0931
2149.9000 0.0932
2151.5000 0.0933
2155.9000 0.0934
2157.2000 0.0935
2158.8000 0.0936
2165.2000 0.0938
2165.5000 0.0939
2166.3000 0.0940
2176.0000 0.0941
2177.7000 0.0942
2178.2000 0.0943
2179.2000 0.0944
2181.0000 0.0945
2181.1000 0.0946
2183.1000 0.0947
2183.6000 0.0948
2191.5000 0.0949
2191.6000 0.0950
2193.8000 0.0951
2200.0000 0.0952
2200.1000 0.0953
2203.7000 0.0954
2205.3000 0.0955
2208.5000 0.0956
2209.8000 0.0957
2221.2000 0.0958
2227.5000 0.0959
2232.2000 0.0960
2234.7000 0.0961
2236.7000 0.0963
2244.2000 0.0964
2249.3000 0.0965
2252.2000 0.0966
2253.9000 0.0967
2257.0000 0.0968
2257.1000 0.0969
2260.3000 0.0970
2262.1000 0.0971
2268.6000 0.0972
2269.0000 0.0973
2280.7000 0.0974
2284.9000 0.0975
2285.0000 0.0976
2289.5000 0.0977
2291.7000 0.0978
2294.4000 0.0979
2296.5000 0.0980
2299.7000 0.0981
2301.1000 0.0982
2303.5000 0.0983
2310.2000 0.0984
2310.5000 0.0985
2310.5000 0.0986
2316.6000 0.0988
2318.8000 0.0989
2321.3000 0.0990
2322.9000 0.0991
2335.4000 0.0992
2337.9000 0.0993
2341.3000 0.0994
2346.6000 0.0995
2354.9000 0.0996
2355.2000 0.0997
2360.3000 0.0998
2361.2000 0.0999
2364.5000 0.1000
2369.7000 0.1001
2372.4000 0.1002
2374.7000 0.1003
2377.6000 0.1004
2378.1000 0.1005
2380.9000 0.1006
2381.8000 0.1007
2389.0000 0.1008
2394.7000 0.1009
2394.8000 0.1010
2397.2000 0.1011
2401.6000 0.1013
2405.5000 0.1014
2406.7000 0.1015
2409.3000 0.1016
2410.4000 0.1017
2415.1000 0.1018
2417.3000 0.1019
2418.3000 0.1020
2419.3000 0.1021
2424.4000 0.1022
2430.2000 0.1023
2430.6000 0.1024
2431.8000 0.1025
2436.3000 0.1026
2439.4000 0.1027
2441.8000 0.1028
2449.6000 0.1029
2461.0000 0.1030
2462.4000 0.1031
2465.1000 0.1032
2473.9000 0.1033
2474.0000 0.1034
2479.4000 0.1035
2487.9000 0.1036
2492.1000 0.1038
2502.1000 0.1039
2509.4000 0.1040
2514.9000 0.1041
2515.9000 0.1042
2527.2000 0.1043
2529.2000 0.1044
2531.7000 0.1045
2535.2000 0.1046
2537.0000 0.1047
2538.1000 0.1048
2539.6000 0.1049
2545.2000 0.1050
2554.5000 0.1051
2564.7000 0.1052
2565.2000 0.1053
2567.2000 0.1054
2573.4000 0.1055
2573.8000 0.1056
2577.3000 0.1057
2579.4000 0.1058
2583.4000 0.1059
2583.8000 0.1060
2584.5000 0.1061
2590.0000 0.1063
2594.2000 0.1064
2596.8000 0.1065
2597.1000 0.1066
2603.4000 0.1067
2603.8000 0.1068
2605.2000 0.1069
2605.7000 0.1070
2618.1000 0.1071
2620.5000 0.1072
2625.4000 0.1073
2626.0000 0.1074
2626.0000 0.1075
2638.8000 0.1076
2644.5000 0.1077
2647.1000 0.1078
2655.7000 0.1079
2657.1000 0.1080
2661.3000 0.1081
2662.1000 0.1082
2664.6000 0.1083
2664.7000 0.1084
2669.7000 0.1085
2673.0000 0.1086
2678.6000 0.1088
2682.4000 0.1089
2692.5000 0.1090
2695.4000 0.1091
2696.3000 0.1092
2698.2000 0.1093
2699.2000 0.1094
2700.6000 0.1095
2703.7000 0.1096
2708.5000 0.1097
2710.5000 0.1098
2710.9000 0.1099
2711.7000 0.1100
2711.7000 0.1101
2713.6000 0.1102
2715.5000 0.1103
2718.4000 0.1104
2721.2000 0.1105
2722.2000 0.1106
2725.7000 0.1107
2731.1000 0.1108
2734.8000 0.1109
2753.4000 0.1110
2762.2000 0.1111
2768.5000 0.1113
2770.3000 0.1114
2772.6000 0.1115
2775.8000 0.1116
2783.0000 0.1117
2785.4000 0.1118
2803.2000 0.1119
2805.5000 0.1120
2805.6000 0.1121
2807.3000 0.1122
2814.5000 0.1123
2819.5000 0.1124
2819.5000 0.1125
2824.2000 0.1126
2827.7000 0.1127
2833.2000 0.1128
2833.3000 0.1129
2834.1000 0.1130
2838.6000 0.1131
2839.0000 0.1132
2843.2000 0.1133
2843.4000 0.1134
2845.6000 0.1135
2846.4000 0.1136
2849.4000 0.1138
2854.0000 0.1139
2860.1000 0.1140
2860.3000 0.1141
2865.1000 0.1142
2868.2000 0.1143
2869.3000 0.1144
2872.3000 0.1145
2873.0000 0.1146
2879.6000 0.1147
2881.3000 0.1148
2890.4000 0.1149
2890.5000 0.1150
2917.2000 0.1151
2936.0000 0.1152
2939.4000 0.1153
2940.4000 0.1154
2940.9000 0.1155
2943.1000 0.1156
2976.8000 0.1157
2983.4000 0.1158
2997.8000 0.1159
2998.4000 0.1160
3001.4000 0.1161
3004.1000 0.1163
3015.4000 0.1164
3019.2000 0.1165
3030.6000 0.1166
3030.9000 0.1167
3039.7000 0.1168
3044.3000 0.1169
3061.3000 0.1170
3062.0000 0.1171
3075.4000 0.1172
3076.9000 0.1173
3088.0000 0.1174
3091.0000 0.1175
3101.6000 0.1176
3101.8000 0.1177
3102.1000 0.1178
3104.0000 0.1179
3104.0000 0.1180
3107.7000 0.1181
3110.8000 0.1182
3114.1000 0.1183
3120.6000 0.1184
3123.9000 0.1185
3129.3000 0.1186
3139.9000 0.1188
3144.8000 0.1189
3145.4000 0.1190
3181.6000 0.1191
3199.6000 0.1192
3203.6000 0.1193
3204.9000 0.1194
3210.5000 0.1195
3217.7000 0.1196
3225.1000 0.1197
3229.1000 0.1198
3235.5000 0.1199
3251.7000 0.1200
3256.5000 0.1201
3257.6000 0.1202
3262.7000 0.1203
3278.2000 0.1204
3283.0000 0.1205
3287.1000 0.1206
3287.4000 0.1207
3292.8000 0.1208
3302.8000 0.1209
3310.3000 0.1210
3314.9000 0.1211
3337.7000 0.1213
3343.9000 0.1214
3346.9000 0.1215
3348.1000 0.1216
3358.6000 0.1217
3368.0000 0.1218
3375.6000 0.1219
3375.8000 0.1220
3378.6000 0.1221
3380.7000 0.1222
3381.7000 0.1223
3382.9000 0.1224
3389.4000 0.1225
3393.5000 0.1226
3395.1000 0.1227
3406.8000 0.1228
3415.9000 0.1229
3419.7000 0.1230
3436.8000 0.1231
3449.5000 0.1232
3451.5000 0.1233
3471.6000 0.1234
3480.3000 0.1235
3484.2000 0.1236
3485.9000 0.1238
3486.5000 0.1239
3487.8000 0.1240
3491.2000 0.1241
3493.7000 0.1242
3499.3000 0.1243
3513.2000 0.1244
3519.8000 0.1245
3527.0000 0.1246
3535.1000 0.1247
3539.2000 0.1248
3558.3000 0.1249
3566.6000 0.1250
3569.1000 0.1251
3569.8000 0.1252
3584.1000 0.1253
3587.2000 0.1254
3592.2000 0.1255
3599.3000 0.1256
3607.3000 0.1257
3608.4000 0.1258
3615.0000 0.1259
3620.9000 0.1260
3621.3000 0.1261
3627.9000 0.1263
3628.0000 0.1264
3646.4000 0.1265
3651.9000 0.1266
3654.7000 0.1267
3662.1000 0.1268
3669.2000 0.1269
3683.2000 0.1270
3685.5000 0.1271
3689.6000 0.1272
3690.7000 0.1273
3698.0000 0.1274
3707.4000 0.1275
3710.9000 0.1276
3730.6000 0.1277
3736.3000 0.1278
3737.7000 0.1279
3743.7000 0.1280
3743.9000 0.1281
3744.8000 0.1282
3746.3000 0.1283
3759.1000 0.1284
3762.9000 0.1285
3769.4000 0.1286
3773.3000 0.1288
3777.8000 0.1289
3781.9000 0.1290
3784.5000 0.1291
3789.1000 0.1292
3796.0000 0.1293
3796.5000 0.1294
3807.5000 0.1295
3808.5000 0.1296
3814.8000 0.1297
3815.7000 0.1298
3818.5000 0.1299
3828.1000 0.1300
3832.9000 0.1301
3843.9000 0.1302
3849.9000 0.1303
3862.7000 0.1304
3873.4000 0.1305
3886.8000 0.1306
3887.9000 0.1307
3888.3000 0.1308
3890.2000 0.1309
3899.7000 0.1310
3908.7000 0.1311
3915.0000 0.1313
3936.6000 0.1314
3942.5000 0.1315
3944.8000 0.1316
3947.5000 0.1317
3948.0000 0.1318
3950.2000 0.1319
3956.7000 0.1320
3959.2000 0.1321
3970.4000 0.1322
3975.0000 0.1323
3992.5000 0.1324
3993.6000 0.1325
4014.5000 0.1326
4015.8000 0.1327
4033.3000 0.1328
4033.6000 0.1329
4039.1000 0.1330
4042.6000 0.1331
4056.9000 0.1332
4057.8000 0.1333
4071.9000 0.1334
4088.2000 0.1335
4089.8000 0.1336
4093.7000 0.1338
4098.2000 0.1339
4101.0000 0.1340
4110.2000 0.1341
4111.3000 0.1342
4111.8000 0.1343
4111.9000 0.1344
4112.9000 0.1345
4115.0000 0.1346
4119.6000 0.1347
4128.2000 0.1348
4132.6000 0.1349
4135.9000 0.1350
4138.3000 0.1351
4153.0000 0.1352
4153.6000 0.1353
4155.7000 0.1354
4161.4000 0.1355
4165.4000 0.1356
4165.9000 0.1357
4168.1000 0.1358
4178.7000 0.1359
4182.1000 0.1360
4193.2000 0.1361
4203.9000 0.1363
4209.4000 0.1364
4223.6000 0.1365
4224.6000 0.1366
4231.3000 0.1367
4236.7000 0.1368
4263.3000 0.1369
4275.4000 0.1370
4306.2000 0.1371
4333.1000 0.1372
4353.7000 0.1373
4358.8000 0.1374
4370.7000 0.1375
4371.6000 0.1376
4373.3000 0.1377
4380.6000 0.1378
4381.7000 0.1379
4394.2000 0.1380
4399.1000 0.1381
4400.0000 0.1382
4401.1000 0.1383
4432.2000 0.1384
4432.4000 0.1385
4452.9000 0.1386
4475.7000 0.1388
4492.3000 0.1389
4492.3000 0.1390
4499.0000 0.1391
4504.3000 0.1392
4515.5000 0.1393
4527.9000 0.1394
4532.7000 0.1395
4559.9000 0.1396
4579.3000 0.1397
4583.9000 0.1398
4587.4000 0.1399
4592.3000 0.1400
4608.2000 0.1401
4656.4000 0.1402
4658.0000 0.1403
4659.9000 0.1404
4666.3000 0.1405
4672.8000 0.1406
4674.4000 0.1407
4674.5000 0.1408
4676.1000 0.1409
4681.4000 0.1410
4682.7000 0.1411
4683.6000 0.1413
4685.0000 0.1414
4688.6000 0.1415
4705.4000 0.1416
4708.6000 0.1417
4717.1000 0.1418
4720.7000 0.1419
4741.0000 0.1420
4742.8000 0.1421
4759.7000 0.1422
4817.7000 0.1423
4819.4000 0.1424
4827.7000 0.1425
4830.8000 0.1426
4832.1000 0.1427
4838.0000 0.1428
4859.7000 0.1429
4875.9000 0.1430
4878.7000 0.1431
4890.9000 0.1432
4891.7000 0.1433
4897.2000 0.1434
4898.6000 0.1435
4922.5000 0.1436
4924.2000 0.1437
4931.2000 0.1439
4937.8000 0.1440
4951.8000 0.1441
4957.3000 0.1442
4957.8000 0.1443
4970.7000 0.1444
4983.0000 0.1445
4991.5000 0.1446
5025.1000 0.1447
5026.9000 0.1448
5030.7000 0.1449
5031.0000 0.1450
5045.9000 0.1451
5055.2000 0.1452
5090.6000 0.1453
5097.0000 0.1454
5099.7000 0.1455
5118.1000 0.1456
5125.7000 0.1457
5134.1000 0.1458
5136.4000 0.1459
5142.2000 0.1460
5145.4000 0.1461
5152.8000 0.1462
5154.3000 0.1464
5155.0000 0.1465
5167.6000 0.1466
5172.8000 0.1467
5194.0000 0.1468
5195.1000 0.1469
5198.2000 0.1470
5198.9000 0.1471
5203.2000 0.1472
5209.7000 0.1473
5219.8000 0.1474
5219.9000 0.1475
5221.4000 0.1476
5222.2000 0.1477
5223.0000 0.1478
5253.2000 0.1479
5254.9000 0.1480
5255.2000 0.1481
5258.6000 0.1482
5268.6000 0.1483
5268.8000 0.1484
5278.1000 0.1485
5282.7000 0.1486
5290.0000 0.1487
5290.5000 0.1489
5319.8000 0.1490
5321.1000 0.1491
5325.2000 0.1492
5327.8000 0.1493
5330.1000 0.1494
5346.5000 0.1495
5348.6000 0.1496
5353.5000 0.1497
5370.0000 0.1498
5389.7000 0.1499
5400.3000 0.1500
5401.0000 0.1501
5401.4000 0.1502
5415.0000 0.1503
5419.2000 0.1504
5425.4000 0.1505
5455.7000 0.1506
5460.0000 0.1507
5469.3000 0.1508
5486.3000 0.1509
5487.8000 0.1510
5489.7000 0.1511
5506.7000 0.1512
5509.0000 0.1514
5512.5000 0.1515
5519.5000 0.1516
5522.3000 0.1517
5524.9000 0.1518
5527.0000 0.1519
5537.3000 0.1520
5554.3000 0.1521
5558.7000 0.1522
5561.9000 0.1523
5567.6000 0.1524
5567.8000 0.1525
5575.0000 0.1526
5576.3000 0.1527
5591.4000 0.1528
5592.2000 0.1529
5621.4000 0.1530
5631.9000 0.1531
5647.6000 0.1532
5648.4000 0.1533
5663.3000 0.1534
5666.1000 0.1535
5679.5000 0.1536
5689.3000 0.1537
5689.6000 0.1539
5693.1000 0.1540
5694.6000 0.1541
5708.3000 0.1542
5709.7000 0.1543
5729.9000 0.1544
5740.3000 0.1545
5755.9000 0.1546
5756.2000 0.1547
5757.1000 0.1548
5762.6000 0.1549
5763.6000 0.1550
5769.8000 0.1551
5776.6000 0.1552
5778.4000 0.1553
5803.6000 0.1554
5814.9000 0.1555
5818.7000 0.1556
5821.1000 0.1557
5832.4000 0.1558
5863.1000 0.1559
5866.2000 0.1560
5869.1000 0.1561
5882.8000 0.1562
5893.7000 0.1564
5895.5000 0.1565
5903.2000 0.1566
5924.2000 0.1567
5933.1000 0.1568
5933.4000 0.1569
5936.0000 0.1570
5991.9000 0.1571
6011.2000 0.1572
6030.7000 0.1573
6037.0000 0.1574
6040.0000 0.1575
6066.2000 0.1576
6068.2000 0.1577
6094.0000 0.1578
6108.3000 0.1579
6121.0000 0.1580
6122.4000 0.1581
6146.7000 0.1582
6147.0000 0.1583
6149.4000 0.1584
6154.6000 0.1585
6160.0000 0.1586
6172.0000 0.1587
6173.1000 0.1589
6175.7000 0.1590
6179.0000 0.1591
6179.7000 0.1592
6182.3000 0.1593
6186.0000 0.1594
6209.4000 0.1595
6216.3000 0.1596
6217.2000 0.1597
6220.8000 0.1598
6226.7000 0.1599
6241.4000 0.1600
6250.6000 0.1601
6280.3000 0.1602
6290.7000 0.1603
6294.8000 0.1604
6341.8000 0.1605
6351.0000 0.1606
6402.2000 0.1607
6405.3000 0.1608
6430.3000 0.1609
6435.7000 0.1610
6438.0000 0.1611
6438.1000 0.1612
6439.1000 0.1614
6446.6000 0.1615
6450.8000 0.1616
6453.0000 0.1617
6465.3000 0.1618
6473.0000 0.1619
6477.8000 0.1620
6485.1000 0.1621
6498.8000 0.1622
6519.2000 0.1623
6520.1000 0.1624
6533.6000 0.1625
6539.6000 0.1626
6541.1000 0.1627
6561.2000 0.1628
6565.2000 0.1629
6571.5000 0.1630
6587.7000 0.1631
6621.8000 0.1632
6662.7000 0.1633
6669.6000 0.1634
6672.3000 0.1635
6678.0000 0.1636
6697.8000 0.1637
6703.1000 0.1639
6711.5000 0.1640
6711.6000 0.1641
6712.2000 0.1642
6715.9000 0.1643
6717.8000 0.1644
6734.1000 0.1645
6745.1000 0.1646
6750.6000 0.1647
6754.0000 0.1648
6776.5000 0.1649
6793.1000 0.1650
6825.6000 0.1651
6834.2000 0.1652
6860.4000 0.1653
6884.0000 0.1654
6910.2000 0.1655
6918.3000 0.1656
6945.9000 0.1657
6959.1000 0.1658
6959.6000 0.1659
6965.9000 0.1660
6981.8000 0.1661
6983.8000 0.1662
6993.8000 0.1664
6994.0000 0.1665
7000.6000 0.1666
7019.7000 0.1667
7033.9000 0.1668
7046.4000 0.1669
7068.2000 0.1670
7070.5000 0.1671
7074.4000 0.1672
7075.2000 0.1673
7096.4000 0.1674
7098.6000 0.1675
7101.1000 0.1676
7111.2000 0.1677
7111.9000 0.1678
7117.6000 0.1679
7128.1000 0.1680
7135.9000 0.1681
7136.7000 0.1682
7141.9000 0.1683
7146.8000 0.1684
7154.1000 0.1685
7162.0000 0.1686
7187.4000 0.1687
7187.6000 0.1689
7192.8000 0.1690
7206.9000 0.1691
7216.4000 0.1692
7222.9000 0.1693
7234.0000 0.1694
7249.0000 0.1695
7267.0000 0.1696
7279.2000 0.1697
7292.7000 0.1698
7303.1000 0.1699
7311.9000 0.1700
7319.2000 0.1701
7323.0000 0.1702
7327.4000 0.1703
7333.9000 0.1704
7353.1000 0.1705
7354.3000 0.1706
7357.5000 0.1707
7393.8000 0.1708
7400.0000 0.1709
7402.0000 0.1710
7406.0000 0.1711
7416.1000 0.1712
7417.8000 0.1714
7421.5000 0.1715
7423.9000 0.1716
7432.7000 0.1717
7473.8000 0.1718
7479.0000 0.1719
7499.7000 0.1720
7500.2000 0.1721
7508.1000 0.1722
7509.2000 0.1723
7516.5000 0.1724
7517.0000 0.1725
7527.6000 0.1726
7532.0000 0.1727
7535.0000 0.1728
7543.3000 0.1729
7544.8000 0.1730
7545.7000 0.1731
7558.2000 0.1732
7558.6000 0.1733
7561.4000 0.1734
7567.3000 0.1735
7582.2000 0.1736
7588.0000 0.1737
7595.2000 0.1739
7598.1000 0.1740
7601.5000 0.1741
7602.2000 0.1742
7608.8000 0.1743
7623.3000 0.1744
7626.8000 0.1745
7637.2000 0.1746
7644.3000 0.1747
7644.6000 0.1748
7650.5000 0.1749
7652.6000 0.1750
7660.3000 0.1751
7679.3000 0.1752
7686.7000 0.1753
7693.8000 0.1754
7714.0000 0.1755
7734.7000 0.1756
7749.7000 0.1757
7765.7000 0.1758
7766.9000 0.1759
7798.5000 0.1760
7801.9000 0.1761
7805.1000 0.1762
7807.8000 0.1764
7814.7000 0.1765
7825.9000 0.1766
7832.0000 0.1767
7850.0000 0.1768
7851.9000 0.1769
7890.0000 0.1770
7900.2000 0.1771
7907.4000 0.1772
7908.9000 0.1773
7909.6000 0.1774
7912.8000 0.1775
7916.0000 0.1776
7942.6000 0.1777
7995.9000 0.1778
8004.6000 0.1779
8012.4000 0.1780
8012.5000 0.1781
8028.9000 0.1782
8042.5000 0.1783
8054.6000 0.1784
8056.8000 0.1785
8074.5000 0.1786
8078.8000 0.1787
8095.6000 0.1789
8115.5000 0.1790
8116.0000 0.1791
8117.3000 0.1792
8127.8000 0.1793
8143.5000 0.1794
8143.7000 0.1795
8174.4000 0.1796
8181.3000 0.1797
8182.4000 0.1798
8192.8000 0.1799
8246.4000 0.1800
8267.2000 0.1801
8269.1000 0.1802
8272.2000 0.1803
8283.0000 0.1804
8292.0000 0.1805
8302.3000 0.1806
8305.7000 0.1807
8309.3000 0.1808
8319.1000 0.1809
8327.3000 0.1810
8334.4000 0.1811
8361.0000 0.1812
8366.5000 0.1814
8390.5000 0.1815
8396.9000 0.1816
8404.6000 0.1817
8409.0000 0.1818
8417.5000 0.1819
8440.7000 0.1820
8444.2000 0.1821
8451.7000 0.1822
8452.4000 0.1823
8460.9000 0.1824
8461.9000 0.1825
8465.0000 0.1826
8469.9000 0.1827
8481.4000 0.1828
8489.4000 0.1829
8521.3000 0.1830
8553.5000 0.1831
8583.4000 0.1832
8593.4000 0.1833
8600.1000 0.1834
8619.2000 0.1835
8631.9000 0.1836
8636.4000 0.1837
8650.2000 0.1839
8653.2000 0.1840
8653.5000 0.1841
8682.3000 0.1842
8684.4000 0.1843
8703.4000 0.1844
8711.5000 0.1845
8712.3000 0.1846
8720.2000 0.1847
8724.8000 0.1848
8725.1000 0.1849
8737.2000 0.1850
8749.7000 0.1851
8752.6000 0.1852
8752.8000 0.1853
8753.4000 0.1854
8780.6000 0.1855
8783.3000 0.1856
8783.5000 0.1857
8807.5000 0.1858
8809.5000 0.1859
8866.6000 0.1860
8867.3000 0.1861
8877.8000 0.1862
8879.1000 0.1864
8895.0000 0.1865
8897.3000 0.1866
8902.9000 0.1867
8907.1000 0.1868
8914.5000 0.1869
8915.9000 0.1870
8923.2000 0.1871
8933.3000 0.1872
8933.9000 0.1873
8956.9000 0.1874
8972.5000 0.1875
8978.6000 0.1876
8979.3000 0.1877
8983.7000 0.1878
8985.8000 0.1879
8998.8000 0.1880
9028.5000 0.1881
9039.8000 0.1882
9071.7000 0.1883
9075.4000 0.1884
9084.6000 0.1885
9087.9000 0.1886
9095.9000 0.1887
9096.6000 0.1889
9097.2000 0.1890
9106.5000 0.1891
9123.3000 0.1892
9126.5000 0.1893
9154.1000 0.1894
9156.1000 0.1895
9163.4000 0.1896
9169.8000 0.1897
9190.8000 0.1898
9200.5000 0.1899
9224.7000 0.1900
9234.7000 0.1901
9250.2000 0.1902
9257.6000 0.1903
9261.4000 0.1904
9282.4000 0.1905
9289.4000 0.1906
9323.7000 0.1907
9325.2000 0.1908
9357.0000 0.1909
9368.0000 0.1910
9382.0000 0.1911
9382.1000 0.1912
9385.9000 0.1914
9392.3000 0.1915
9435.3000 0.1916
9457.0000 0.1917
9481.6000 0.1918
9481.9000 0.1919
9495.9000 0.1920
9515.6000 0.1921
9515.8000 0.1922
9538.0000 0.1923
9544.4000 0.1924
9556.3000 0.1925
9566.3000 0.1926
9595.1000 0.1927
9596.2000 0.1928
9598.7000 0.1929
9599.6000 0.1930
9602.2000 0.1931
9613.3000 0.1932
9618.9000 0.1933
9635.3000 0.1934
9642.4000 0.1935
9652.0000 0.1936
9666.3000 0.1937
9681.4000 0.1939
9705.5000 0.1940
9708.8000 0.1941
9715.2000 0.1942
9723.3000 0.1943
9729.3000 0.1944
9744.7000 0.1945
9745.3000 0.1946
9750.5000 0.1947
9752.4000 0.1948
9771.1000 0.1949
9772.4000 0.1950
9774.2000 0.1951
9782.6000 0.1952
9793.4000 0.1953
9802.3000 0.1954
9816.3000 0.1955
9836.8000 0.1956
9838.1000 0.1957
9840.4000 0.1958
9841.9000 0.1959
9843.8000 0.1960
9853.5000 0.1961
9872.3000 0.1962
9892.0000 0.1964
9903.5000 0.1965
9906.0000 0.1966
9939.0000 0.1967
9963.1000 0.1968
9972.2000 0.1969
9996.9000 0.1970
10011.6000 0.1971
10047.9000 0.1972
10055.6000 0.1973
10069.8000 0.1974
10098.5000 0.1975
10108.5000 0.1976
10113.5000 0.1977
10139.7000 0.1978
10145.0000 0.1979
10171.7000 0.1980
10183.6000 0.1981
10184.1000 0.1982
10190.5000 0.1983
10192.7000 0.1984
10197.2000 0.1985
10198.7000 0.1986
10214.8000 0.1987
10217.4000 0.1989
10221.5000 0.1990
10229.3000 0.1991
10242.3000 0.1992
10249.0000 0.1993
10275.0000 0.1994
10298.4000 0.1995
10303.8000 0.1996
10305.1000 0.1997
10311.0000 0.1998
10316.9000 0.1999
10321.3000 0.2000
10334.2000 0.2001
10336.4000 0.2002
10346.0000 0.2003
10350.7000 0.2004
10353.7000 0.2005
10354.6000 0.2006
10363.0000 0.2007
10375.1000 0.2008
10397.8000 0.2009
10399.3000 0.2010
10433.8000 0.2011
10441.5000 0.2012
10454.2000 0.2014
10454.7000 0.2015
10457.1000 0.2016
10457.5000 0.2017
10460.3000 0.2018
10473.0000 0.2019
10481.2000 0.2020
10482.5000 0.2021
10486.6000 0.2022
10500.2000 0.2023
10508.1000 0.2024
10513.4000 0.2025
10516.6000 0.2026
10520.5000 0.2027
10539.7000 0.2028
10540.9000 0.2029
10541.6000 0.2030
10551.1000 0.2031
10571.3000 0.2032
10585.9000 0.2033
10590.9000 0.2034
10616.1000 0.2035
10628.8000 0.2036
10658.2000 0.2037
10661.5000 0.2039
10664.2000 0.2040
10667.3000 0.2041
10670.2000 0.2042
10683.6000 0.2043
10687.4000 0.2044
10690.4000 0.2045
10698.4000 0.2046
10728.4000 0.2047
10729.0000 0.2048
10753.8000 0.2049
10760.6000 0.2050
10761.0000 0.2051
10764.1000 0.2052
10787.2000 0.2053
10788.1000 0.2054
10794.5000 0.2055
10797.4000 0.2056
10801.0000 0.2057
10814.3000 0.2058
10848.9000 0.2059
10850.9000 0.2060
10866.0000 0.2061
10874.7000 0.2062
10881.3000 0.2064
10891.9000 0.2065
10909.6000 0.2066
10913.6000 0.2067
10920.5000 0.2068
10921.4000 0.2069
10931.6000 0.2070
10952.7000 0.2071
10958.1000 0.2072
10967.6000 0.2073
10973.4000 0.2074
11011.1000 0.2075
11019.2000 0.2076
11044.2000 0.2077
11071.3000 0.2078
11088.8000 0.2079
11098.2000 0.2080
11115.2000 0.2081
11163.4000 0.2082
11172.8000 0.2083
11181.8000 0.2084
11189.6000 0.2085
11200.9000 0.2086
11211.9000 0.2087
11243.7000 0.2089
11245.2000 0.2090
11267.1000 0.2091
11272.0000 0.2092
11280.3000 0.2093
11293.2000 0.2094
11314.6000 0.2095
11315.7000 0.2096
11327.2000 0.2097
11329.1000 0.2098
11333.6000 0.2099
11352.8000 0.2100
11360.6000 0.2101
11370.3000 0.2102
11429.0000 0.2103
11430.7000 0.2104
11436.2000 0.2105
11450.2000 0.2106
11455.8000 0.2107
11464.9000 0.2108
11484.6000 0.2109
11487.1000 0.2110
11524.8000 0.2111
11529.1000 0.2112
11532.5000 0.2114
11562.5000 0.2115
11569.6000 0.2116
11575.6000 0.2117
11590.7000 0.2118
11590.8000 0.2119
11602.4000 0.2120
11608.2000 0.2121
11618.5000 0.2122
11628.5000 0.2123
11638.5000 0.2124
11648.4000 0.2125
11653.9000 0.2126
11671.7000 0.2127
11674.1000 0.2128
11692.6000 0.2129
11711.9000 0.2130
11717.3000 0.2131
11717.6000 0.2132
11729.2000 0.2133
11735.5000 0.2134
11741.8000 0.2135
11742.7000 0.2136
11750.3000 0.2137
11760.0000 0.2139
11768.2000 0.2140
11770.0000 0.2141
11783.6000 0.2142
11797.0000 0.2143
11798.0000 0.2144
11803.5000 0.2145
11805.6000 0.2146
11821.0000 0.2147
11828.3000 0.2148
11844.5000 0.2149
11844.9000 0.2150
11845.5000 0.2151
11847.4000 0.2152
11855.3000 0.2153
11861.9000 0.2154
11866.9000 0.2155
11868.3000 0.2156
11872.2000 0.2157
11900.3000 0.2158
11903.4000 0.2159
11921.1000 0.2160
11949.6000 0.2161
11963.5000 0.2162
11979.1000 0.2164
11985.8000 0.2165
11990.9000 0.2166
11995.5000 0.2167
12005.5000 0.2168
12010.0000 0.2169
12016.9000 0.2170
12032.5000 0.2171
12037.6000 0.2172
12057.9000 0.2173
12066.0000 0.2174
12070.7000 0.2175
12073.6000 0.2176
12079.5000 0.2177
12083.9000 0.2178
12089.3000 0.2179
12096.8000 0.2180
12112.4000 0.2181
12123.9000 0.2182
12125.5000 0.2183
12132.7000 0.2184
12136.1000 0.2185
12155.2000 0.2186
12156.3000 0.2187
12157.7000 0.2189
12164.0000 0.2190
12175.4000 0.2191
12175.7000 0.2192
12177.1000 0.2193
12196.7000 0.2194
12198.2000 0.2195
12205.4000 0.2196
12216.4000 0.2197
12216.7000 0.2198
12220.4000 0.2199
12223.5000 0.2200
12229.0000 0.2201
12271.7000 0.2202
12275.2000 0.2203
12294.7000 0.2204
12309.6000 0.2205
12312.1000 0.2206
12318.2000 0.2207
12349.4000 0.2208
12380.8000 0.2209
12386.9000 0.2210
12391.4000 0.2211
12396.7000 0.2212
12412.0000 0.2214
12427.9000 0.2215
12430.1000 0.2216
12439.4000 0.2217
12454.1000 0.2218
12455.5000 0.2219
12468.5000 0.2220
12468.6000 0.2221
12471.3000 0.2222
12471.7000 0.2223
12507.6000 0.2224
12511.5000 0.2225
12517.9000 0.2226
12539.1000 0.2227
12546.6000 0.2228
12549.7000 0.2229
12552.7000 0.2230
12605.4000 0.2231
12621.7000 0.2232
12628.5000 0.2233
12638.7000 0.2234
12642.5000 0.2235
12644.2000 0.2236
12654.3000 0.2237
12666.1000 0.2239
12679.3000 0.2240
12712.6000 0.2241
12713.0000 0.2242
12721.7000 0.2243
12739.2000 0.2244
12750.6000 0.2245
12763.0000 0.2246
12781.5000 0.2247
12788.5000 0.2248
12822.2000 0.2249
12822.9000 0.2250
12839.6000 0.2251
12871.5000 0.2252
12912.1000 0.2253
12912.9000 0.2254
12918.2000 0.2255
12931.2000 0.2256
12936.6000 0.2257
12939.3000 0.2258
12947.9000 0.2259
12952.6000 0.2260
12957.7000 0.2261
12962.3000 0.2262
12974.9000 0.2264
12981.3000 0.2265
12982.0000 0.2266
12987.0000 0.2267
13009.2000 0.2268
13023.6000 0.2269
13032.8000 0.2270
13055.5000 0.2271
13077.5000 0.2272
13086.6000 0.2273
13095.0000 0.2274
13106.5000 0.2275
13110.9000 0.2276
13123.2000 0.2277
13125.4000 0.2278
13140.8000 0.2279
13143.4000 0.2280
13145.9000 0.2281
13172.2000 0.2282
13182.7000 0.2283
13193.2000 0.2284
13194.9000 0.2285
13207.3000 0.2286
13207.6000 0.2287
13211.7000 0.2289
13216.3000 0.2290
13244.4000 0.2291
13254.6000 0.2292
13255.8000 0.2293
13258.1000 0.2294
13265.4000 0.2295
13277.2000 0.2296
13283.7000 0.2297
13286.1000 0.2298
13287.1000 0.2299
13288.1000 0.2300
13298.1000 0.2301
13301.1000 0.2302
13322.4000 0.2303
13335.7000 0.2304
13350.0000 0.2305
13356.8000 0.2306
13357.9000 0.2307
13362.9000 0.2308
13376.5000 0.2309
13378.8000 0.2310
13400.1000 0.2311
13412.6000 0.2312
13418.6000 0.2314
13427.6000 0.2315
13439.2000 0.2316
13444.8000 0.2317
13478.8000 0.2318
13518.4000 0.2319
13519.4000 0.2320
13521.6000 0.2321
13528.8000 0.2322
13528.9000 0.2323
13534.3000 0.2324
13539.5000 0.2325
13551.5000 0.2326
13556.9000 0.2327
13576.0000 0.2328
13591.1000 0.2329
13596.6000 0.2330
13601.9000 0.2331
13617.3000 0.2332
13624.3000 0.2333
13635.4000 0.2334
13638.0000 0.2335
13646.4000 0.2336
13680.8000 0.2337
13689.1000 0.2339
13689.5000 0.2340
13691.0000 0.2341
13702.2000 0.2342
13706.3000 0.2343
13710.4000 0.2344
13744.6000 0.2345
13775.6000 0.2346
13777.1000 0.2347
13778.2000 0.2348
13784.6000 0.2349
13788.8000 0.2350
13840.2000 0.2351
13841.4000 0.2352
13848.0000 0.2353
13849.6000 0.2354
13862.8000 0.2355
13866.4000 0.2356
13869.1000 0.2357
13875.5000 0.2358
13885.0000 0.2359
13893.6000 0.2360
13901.3000 0.2361
13911.2000 0.2362
13914.6000 0.2364
13919.4000 0.2365
13925.4000 0.2366
13953.8000 0.2367
13958.4000 0.2368
13965.8000 0.2369
13980.5000 0.2370
13983.5000 0.2371
13990.2000 0.2372
13991.9000 0.2373
13993.1000 0.2374
13996.4000 0.2375
14014.2000 0.2376
14022.4000 0.2377
14029.9000 0.2378
14038.4000 0.2379
14043.0000 0.2380
14058.2000 0.2381
14068.4000 0.2382
14073.2000 0.2383
14081.7000 0.2384
14085.7000 0.2385
14131.0000 0.2386
14152.9000 0.2387
14162.9000 0.2389
14178.3000 0.2390
14184.8000 0.2391
14187.3000 0.2392
14194.2000 0.2393
14196.9000 0.2394
14204.0000 0.2395
14215.4000 0.2396
14228.9000 0.2397
14235.3000 0.2398
14246.7000 0.2399
14260.8000 0.2400
14275.8000 0.2401
14277.9000 0.2402
14281.6000 0.2403
14283.6000 0.2404
14286.5000 0.2405
14301.2000 0.2406
14330.7000 0.2407
14341.3000 0.2408
14352.9000 0.2409
14355.8000 0.2410
14358.4000 0.2411
14359.1000 0.2412
14359.2000 0.2414
14372.0000 0.2415
14382.7000 0.2416
14383.3000 0.2417
14401.4000 0.2418
14420.6000 0.2419
14425.6000 0.2420
14437.7000 0.2421
14438.8000 0.2422
14443.9000 0.2423
14446.2000 0.2424
14490.6000 0.2425
14504.0000 0.2426
14540.5000 0.2427
14542.4000 0.2428
14562.9000 0.2429
14575.8000 0.2430
14586.8000 0.2431
14588.2000 0.2432
14589.3000 0.2433
14599.9000 0.2434
14606.0000 0.2435
14611.7000 0.2436
14613.9000 0.2437
14618.0000 0.2439
14625.7000 0.2440
14626.0000 0.2441
14627.0000 0.2442
14628.0000 0.2443
14644.6000 0.2444
14666.7000 0.2445
14672.2000 0.2446
14703.3000 0.2447
14713.8000 0.2448
14732.2000 0.2449
14739.3000 0.2450
14745.5000 0.2451
14746.8000 0.2452
14755.5000 0.2453
14761.8000 0.2454
14792.4000 0.2455
14796.4000 0.2456
14805.9000 0.2457
14818.2000 0.2458
14822.4000 0.2459
14824.3000 0.2460
14829.0000 0.2461
14856.6000 0.2462
14871.7000 0.2464
14900.7000 0.2465
14923.8000 0.2466
14929.1000 0.2467
14935.1000 0.2468
14935.9000 0.2469
14936.0000 0.2470
14942.6000 0.2471
14947.4000 0.2472
14988.3000 0.2473
15009.3000 0.2474
15010.0000 0.2475
15010.2000 0.2476
15021.1000 0.2477
15030.5000 0.2478
15048.6000 0.2479
15057.2000 0.2480
15063.3000 0.2481
15074.0000 0.2482
15109.4000 0.2483
15113.2000 0.2484
15123.1000 0.2485
15136.5000 0.2486
15142.4000 0.2487
15144.7000 0.2489
15145.3000 0.2490
15150.4000 0.2491
15171.6000 0.2492
15247.5000 0.2493
15253.7000 0.2494
15303.7000 0.2495
15323.8000 0.2496
15324.3000 0.2497
15335.5000 0.2498
15354.7000 0.2499
15357.3000 0.2500
15373.1000 0.2501
15383.6000 0.2502
15403.2000 0.2503
15416.0000 0.2504
15454.4000 0.2505
15491.6000 0.2506
15499.2000 0.2507
15501.1000 0.2508
15511.0000 0.2509
15520.3000 0.2510
15532.9000 0.2511
15541.1000 0.2512
15569.4000 0.2514
15619.0000 0.2515
15632.9000 0.2516
15638.1000 0.2517
15645.8000 0.2518
15673.6000 0.2519
15690.8000 0.2520
15699.1000 0.2521
15699.4000 0.2522
15711.6000 0.2523
15728.5000 0.2524
15754.0000 0.2525
15782.1000 0.2526
15798.7000 0.2527
15807.8000 0.2528
15828.4000 0.2529
15830.0000 0.2530
15834.6000 0.2531
15854.6000 0.2532
15857.9000 0.2533
15861.3000 0.2534
15866.7000 0.2535
15883.3000 0.2536
15884.3000 0.2537
15912.5000 0.2539
15916.5000 0.2540
15929.1000 0.2541
15938.3000 0.2542
15959.8000 0.2543
15964.9000 0.2544
15966.2000 0.2545
15978.7000 0.2546
15989.0000 0.2547
15998.9000 0.2548
16032.5000 0.2549
16032.7000 0.2550
16037.6000 0.2551
16039.4000 0.2552
16044.9000 0.2553
16055.2000 0.2554
16056.1000 0.2555
16057.9000 0.2556
16099.1000 0.2557
16104.1000 0.2558
16124.6000 0.2559
16159.3000 0.2560
16164.1000 0.2561
16166.7000 0.2562
16173.7000 0.2564
16175.4000 0.2565
16192.0000 0.2566
16288.2000 0.2567
16298.9000 0.2568
16302.2000 0.2569
16320.6000 0.2570
16333.6000 0.2571
16358.5000 0.2572
16373.9000 0.2573
16404.0000 0.2574
16404.5000 0.2575
16406.5000 0.2576
16407.8000 0.2577
16411.4000 0.2578
16459.7000 0.2579
16465.1000 0.2580
16465.9000 0.2581
16471.6000 0.2582
16486.9000 0.2583
16495.3000 0.2584
16521.7000 0.2585
16529.7000 0.2586
16572.5000 0.2587
16598.1000 0.2589
16616.7000 0.2590
16638.6000 0.2591
16672.1000 0.2592
16688.1000 0.2593
16702.3000 0.2594
16709.9000 0.2595
16719.2000 0.2596
16719.8000 0.2597
16721.8000 0.2598
16737.7000 0.2599
16742.7000 0.2600
16758.5000 0.2601
16763.0000 0.2602
16768.0000 0.2603
16769.0000 0.2604
16771.6000 0.2605
16807.7000 0.2606
16823.4000 0.2607
16865.7000 0.2608
16867.5000 0.2609
16872.0000 0.2610
16887.1000 0.2611
16898.1000 0.2612
16930.2000 0.2614
16941.7000 0.2615
16958.5000 0.2616
16987.8000 0.2617
16988.4000 0.2618
16990.1000 0.2619
16998.4000 0.2620
17031.9000 0.2621
17033.2000 0.2622
17060.9000 0.2623
17063.5000 0.2624
17063.7000 0.2625
17102.7000 0.2626
17110.0000 0.2627
17135.9000 0.2628
17170.7000 0.2629
17181.2000 0.2630
17189.5000 0.2631
17212.9000 0.2632
17230.5000 0.2633
17239.1000 0.2634
17254.3000 0.2635
17261.6000 0.2636
17264.8000 0.2637
17268.2000 0.2639
17286.7000 0.2640
17303.6000 0.2641
17334.4000 0.2642
17341.1000 0.2643
17346.6000 0.2644
17361.8000 0.2645
17365.7000 0.2646
17367.0000 0.2647
17390.3000 0.2648
17396.7000 0.2649
17401.3000 0.2650
17418.0000 0.2651
17419.1000 0.2652
17423.5000 0.2653
17429.1000 0.2654
17435.6000 0.2655
17443.7000 0.2656
17452.3000 0.2657
17463.9000 0.2658
17473.6000 0.2659
17474.9000 0.2660
17475.3000 0.2661
17478.4000 0.2662
17479.0000 0.2664
17487.4000 0.2665
17489.3000 0.2666
17515.1000 0.2667
17546.7000 0.2668
17564.1000 0.2669
17566.7000 0.2670
17580.5000 0.2671
17587.1000 0.2672
17605.3000 0.2673
17608.3000 0.2674
17631.7000 0.2675
17633.1000 0.2676
17675.1000 0.2677
17715.5000 0.2678
17736.1000 0.2679
17753.3000 0.2680
17764.7000 0.2681
17764.9000 0.2682
17771.9000 0.2683
17794.3000 0.2684
17797.4000 0.2685
17803.6000 0.2686
17805.0000 0.2687
17818.8000 0.2689
17835.3000 0.2690
17837.5000 0.2691
17846.9000 0.2692
17873.9000 0.2693
17887.3000 0.2694
17925.3000 0.2695
17947.1000 0.2696
17950.4000 0.2697
17963.8000 0.2698
17989.0000 0.2699
18003.3000 0.2700
18003.7000 0.2701
18026.1000 0.2702
18049.6000 0.2703
18051.8000 0.2704
18053.9000 0.2705
18066.0000 0.2706
18075.0000 0.2707
18082.3000 0.2708
18099.3000 0.2709
18170.1000 0.2710
18195.4000 0.2711
18201.6000 0.2712
18202.0000 0.2714
18205.0000 0.2715
18210.3000 0.2716
18234.4000 0.2717
18237.7000 0.2718
18292.5000 0.2719
18347.8000 0.2720
18372.4000 0.2721
18412.0000 0.2722
18426.6000 0.2723
18431.0000 0.2724
18444.9000 0.2725
18477.7000 0.2726
18512.8000 0.2727
18528.3000 0.2728
18541.6000 0.2729
18544.4000 0.2730
18546.3000 0.2731
18552.4000 0.2732
18574.2000 0.2733
18580.2000 0.2734
18598.7000 0.2735
18606.3000 0.2736
18618.2000 0.2737
18630.2000 0.2739
18659.6000 0.2740
18676.5000 0.2741
18698.0000 0.2742
18709.6000 0.2743
18801.0000 0.2744
18829.0000 0.2745
18829.4000 0.2746
18834.6000 0.2747
18837.6000 0.2748
18849.1000 0.2749
18856.3000 0.2750
18865.5000 0.2751
18882.2000 0.2752
18907.8000 0.2753
18916.2000 0.2754
18917.3000 0.2755
18934.8000 0.2756
18949.7000 0.2757
19000.9000 0.2758
19002.9000 0.2759
19010.7000 0.2760
19031.1000 0.2761
19044.7000 0.2762
19058.5000 0.2764
19075.1000 0.2765
19121.0000 0.2766
19135.4000 0.2767
19179.3000 0.2768
19189.1000 0.2769
19212.6000 0.2770
19230.6000 0.2771
19256.1000 0.2772
19306.9000 0.2773
19377.8000 0.2774
19386.3000 0.2775
19434.1000 0.2776
19456.9000 0.2777
19466.1000 0.2778
19469.1000 0.2779
19472.7000 0.2780
19499.0000 0.2781
19519.6000 0.2782
19529.2000 0.2783
19560.6000 0.2784
19586.0000 0.2785
19637.7000 0.2786
19660.2000 0.2787
19662.0000 0.2789
19670.9000 0.2790
19700.6000 0.2791
19712.1000 0.2792
19801.2000 0.2793
19843.3000 0.2794
19892.8000 0.2795
19948.5000 0.2796
19957.2000 0.2797
20001.4000 0.2798
20008.4000 0.2799
20015.0000 0.2800
20043.4000 0.2801
20060.1000 0.2802
20099.0000 0.2803
20118.3000 0.2804
20124.6000 0.2805
20128.6000 0.2806
20152.5000 0.2807
20156.2000 0.2808
20174.0000 0.2809
20266.9000 0.2810
20305.5000 0.2811
20323.9000 0.2812
20339.1000 0.2814
20344.4000 0.2815
20386.2000 0.2816
20391.5000 0.2817
20422.6000 0.2818
20437.0000 0.2819
20473.7000 0.2820
20566.2000 0.2821
20589.3000 0.2822
20627.7000 0.2823
20630.4000 0.2824
20639.4000 0.2825
20649.0000 0.2826
20658.5000 0.2827
20661.7000 0.2828
20663.6000 0.2829
20680.6000 0.2830
20681.6000 0.2831
20689.3000 0.2832
20715.8000 0.2833
20729.0000 0.2834
20753.3000 0.2835
20783.5000 0.2836
20783.6000 0.2837
20822.9000 0.2839
20839.4000 0.2840
20846.0000 0.2841
20875.0000 0.2842
20920.0000 0.2843
20933.3000 0.2844
20945.3000 0.2845
20963.9000 0.2846
21003.0000 0.2847
21011.5000 0.2848
21037.0000 0.2849
21061.8000 0.2850
21089.2000 0.2851
21106.5000 0.2852
21160.0000 0.2853
21174.0000 0.2854
21205.0000 0.2855
21241.5000 0.2856
21248.7000 0.2857
21292.2000 0.2858
21304.6000 0.2859
21337.8000 0.2860
21339.7000 0.2861
21347.9000 0.2862
21425.9000 0.2864
21430.9000 0.2865
21480.5000 0.2866
21557.9000 0.2867
21618.4000 0.2868
21624.1000 0.2869
21669.0000 0.2870
21695.5000 0.2871
21765.3000 0.2872
21841.2000 0.2873
21865.5000 0.2874
21911.7000 0.2875
21947.5000 0.2876
21975.7000 0.2877
22278.4000 0.2878
22293.7000 0.2879
22371.4000 0.2880
22397.8000 0.2881
22463.8000 0.2882
22556.7000 0.2883
22624.7000 0.2884
22706.6000 0.2885
22765.2000 0.2886
22827.5000 0.2887
22855.8000 0.2889
22876.0000 0.2890
22884.3000 0.2891
23064.9000 0.2892
23097.2000 0.2893
23160.1000 0.2894
23165.0000 0.2895
23291.6000 0.2896
23330.6000 0.2897
23482.8000 0.2898
23495.0000 0.2899
23521.5000 0.2900
23707.8000 0.2901
23782.9000 0.2902
23835.7000 0.2903
23847.6000 0.2904
23852.4000 0.2905
23913.3000 0.2906
24057.2000 0.2907
24148.3000 0.2908
24576.1000 0.2909
24601.2000 0.2910
24752.0000 0.2911
24773.1000 0.2912
25210.3000 0.2914
25599.8000 0.2915
26116.2000 0.2916
26219.9000 0.2917
26525.6000 0.2918
26776.8000 0.2919
26915.6000 0.2920
27258.1000 0.2921
