# messageDelay  cumulativeProbability
5.0000 0.0000
5.0000 0.0001
5.0000 0.0001
5.0000 0.0001
5.0000 0.0002
5.0000 0.0002
5.0000 0.0002
5.0000 0.0003
5.0000 0.0003
5.0000 0.0003
5.0000 0.0004
5.0000 0.0004
5.0000 0.0005
5.0000 0.0005
5.0000 0.0005
5.0000 0.0006
5.0000 0.0006
5.0000 0.0006
5.0000 0.0007
5.0000 0.0007
5.0000 0.0007
5.0000 0.0008
5.0000 0.0008
5.0000 0.0008
5.0000 0.0009
5.0000 0.0009
5.0000 0.0009
5.0000 0.0010
5.0000 0.0010
5.0000 0.0010
5.0000 0.0011
5.0000 0.0011
5.0000 0.0011
5.0000 0.0012
5.0000 0.0012
5.0000 0.0013
5.0000 0.0013
5.0000 0.0013
5.0000 0.0014
5.0000 0.0014
5.0000 0.0014
5.0000 0.0015
5.0000 0.0015
5.0000 0.0015
5.0000 0.0016
5.0000 0.0016
5.0000 0.0016
5.0000 0.0017
5.0000 0.0017
5.0000 0.0017
5.0000 0.0018
5.0000 0.0018
5.0000 0.0018
5.0000 0.0019
5.0000 0.0019
5.0000 0.0019
5.0000 0.0020
5.0000 0.0020
5.0000 0.0020
5.0000 0.0021
5.0000 0.0021
5.0000 0.0022
5.0000 0.0022
5.0000 0.0022
5.0000 0.0023
5.0000 0.0023
5.0000 0.0023
5.0000 0.0024
5.0000 0.0024
5.0000 0.0024
5.0000 0.0025
5.0000 0.0025
5.0000 0.0025
5.0000 0.0026
5.0000 0.0026
5.0000 0.0026
5.0000 0.0027
5.0000 0.0027
5.0000 0.0027
5.0000 0.0028
5.0000 0.0028
5.0000 0.0028
5.0000 0.0029
5.0000 0.0029
5.0000 0.0030
5.0000 0.0030
5.0000 0.0030
5.0000 0.0031
5.0000 0.0031
5.0000 0.0031
5.0000 0.0032
5.0000 0.0032
5.0000 0.0032
5.0000 0.0033
5.0000 0.0033
5.0000 0.0033
5.0000 0.0034
5.0000 0.0034
6.0000 0.0034
6.7000 0.0035
7.0000 0.0035
7.0000 0.0035
7.8000 0.0036
7.8000 0.0036
8.0000 0.0036
8.0000 0.0037
9.1000 0.0037
9.9000 0.0037
10.0000 0.0038
10.0000 0.0038
10.0000 0.0039
14.0000 0.0039
15.1000 0.0039
75.3000 0.0040
88.7000 0.0040
99.3000 0.0040
131.6000 0.0041
136.4000 0.0041
171.2000 0.0041
211.7000 0.0042
216.0000 0.0042
224.4000 0.0042
225.1000 0.0043
226.1000 0.0043
227.6000 0.0043
243.5000 0.0044
251.8000 0.0044
274.9000 0.0044
275.1000 0.0045
285.9000 0.0045
313.1000 0.0045
316.9000 0.0046
324.4000 0.0046
325.3000 0.0047
326.6000 0.0047
327.2000 0.0047
332.5000 0.0048
332.8000 0.0048
335.4000 0.0048
341.8000 0.0049
348.7000 0.0049
354.4000 0.0049
368.4000 0.0050
368.5000 0.0050
370.2000 0.0050
370.6000 0.0051
370.6000 0.0051
372.4000 0.0051
373.7000 0.0052
382.0000 0.0052
389.8000 0.0052
390.2000 0.0053
392.3000 0.0053
393.9000 0.0053
404.4000 0.0054
411.8000 0.0054
414.8000 0.0055
415.2000 0.0055
415.9000 0.0055
418.8000 0.0056
420.3000 0.0056
424.1000 0.0056
429.5000 0.0057
432.8000 0.0057
433.1000 0.0057
434.3000 0.0058
438.0000 0.0058
443.3000 0.0058
448.1000 0.0059
457.0000 0.0059
459.1000 0.0059
464.3000 0.0060
467.3000 0.0060
468.4000 0.0060
469.5000 0.0061
470.1000 0.0061
471.1000 0.0061
473.6000 0.0062
475.4000 0.0062
484.0000 0.0063
491.0000 0.0063
493.8000 0.0063
495.9000 0.0064
498.5000 0.0064
501.1000 0.0064
506.7000 0.0065
510.5000 0.0065
512.7000 0.0065
514.5000 0.0066
517.6000 0.0066
520.3000 0.0066
539.9000 0.0067
540.8000 0.0067
542.7000 0.0067
556.0000 0.0068
558.3000 0.0068
562.7000 0.0068
569.0000 0.0069
572.7000 0.0069
574.0000 0.0069
575.2000 0.0070
583.5000 0.0070
584.9000 0.0070
588.5000 0.0071
589.2000 0.0071
589.7000 0.0072
592.0000 0.0072
592.1000 0.0072
592.5000 0.0073
599.0000 0.0073
607.2000 0.0073
610.0000 0.0074
610.5000 0.0074
611.1000 0.0074
611.8000 0.0075
613.4000 0.0075
617.1000 0.0075
622.3000 0.0076
622.7000 0.0076
624.8000 0.0076
626.9000 0.0077
627.2000 0.0077
628.6000 0.0077
629.1000 0.0078
630.4000 0.0078
631.2000 0.0078
639.0000 0.0079
639.8000 0.0079
641.5000 0.0080
644.9000 0.0080
648.1000 0.0080
648.6000 0.0081
652.0000 0.0081
653.0000 0.0081
657.3000 0.0082
661.2000 0.0082
666.2000 0.0082
667.1000 0.0083
667.4000 0.0083
673.2000 0.0083
677.3000 0.0084
680.8000 0.0084
681.1000 0.0084
681.3000 0.0085
682.8000 0.0085
684.6000 0.0085
689.6000 0.0086
692.2000 0.0086
695.7000 0.0086
696.7000 0.0087
698.8000 0.0087
699.7000 0.0088
705.0000 0.0088
705.8000 0.0088
709.9000 0.0089
711.0000 0.0089
718.9000 0.0089
724.5000 0.0090
724.6000 0.0090
725.6000 0.0090
727.5000 0.0091
728.4000 0.0091
729.1000 0.0091
729.9000 0.0092
733.4000 0.0092
736.1000 0.0092
738.2000 0.0093
738.8000 0.0093
740.4000 0.0093
740.8000 0.0094
746.6000 0.0094
747.4000 0.0094
747.6000 0.0095
750.1000 0.0095
750.2000 0.0095
751.4000 0.0096
755.1000 0.0096
756.4000 0.0097
757.8000 0.0097
762.6000 0.0097
764.2000 0.0098
764.9000 0.0098
765.1000 0.0098
766.6000 0.0099
767.3000 0.0099
769.6000 0.0099
774.3000 0.0100
775.9000 0.0100
779.5000 0.0100
779.9000 0.0101
781.4000 0.0101
782.1000 0.0101
782.2000 0.0102
786.1000 0.0102
787.2000 0.0102
791.8000 0.0103
794.3000 0.0103
802.7000 0.0103
806.7000 0.0104
808.1000 0.0104
810.1000 0.0105
811.7000 0.0105
816.2000 0.0105
818.3000 0.0106
818.5000 0.0106
821.6000 0.0106
823.0000 0.0107
825.3000 0.0107
826.4000 0.0107
826.5000 0.0108
826.8000 0.0108
828.6000 0.0108
830.8000 0.0109
832.3000 0.0109
832.8000 0.0109
833.0000 0.0110
836.4000 0.0110
839.3000 0.0110
845.0000 0.0111
846.4000 0.0111
847.2000 0.0111
847.8000 0.0112
848.3000 0.0112
849.9000 0.0113
850.5000 0.0113
852.6000 0.0113
856.3000 0.0114
859.0000 0.0114
861.9000 0.0114
870.3000 0.0115
870.4000 0.0115
871.5000 0.0115
872.0000 0.0116
874.5000 0.0116
875.5000 0.0116
876.5000 0.0117
877.3000 0.0117
885.7000 0.0117
886.9000 0.0118
892.4000 0.0118
892.6000 0.0118
896.5000 0.0119
899.3000 0.0119
900.2000 0.0119
902.3000 0.0120
903.8000 0.0120
906.4000 0.0120
907.2000 0.0121
913.5000 0.0121
916.7000 0.0122
916.9000 0.0122
916.9000 0.0122
918.6000 0.0123
920.0000 0.0123
921.0000 0.0123
921.7000 0.0124
922.7000 0.0124
923.5000 0.0124
923.7000 0.0125
924.6000 0.0125
929.5000 0.0125
937.7000 0.0126
943.6000 0.0126
946.0000 0.0126
947.2000 0.0127
947.8000 0.0127
950.1000 0.0127
951.1000 0.0128
954.1000 0.0128
955.6000 0.0128
957.2000 0.0129
958.5000 0.0129
958.6000 0.0130
963.6000 0.0130
965.8000 0.0130
967.0000 0.0131
967.4000 0.0131
968.0000 0.0131
969.3000 0.0132
972.4000 0.0132
973.0000 0.0132
973.4000 0.0133
973.7000 0.0133
975.7000 0.0133
976.1000 0.0134
977.0000 0.0134
977.0000 0.0134
984.8000 0.0135
987.7000 0.0135
991.7000 0.0135
996.5000 0.0136
998.3000 0.0136
998.6000 0.0136
998.7000 0.0137
999.1000 0.0137
1000.5000 0.0138
1003.0000 0.0138
1004.3000 0.0138
1005.6000 0.0139
1010.3000 0.0139
1011.5000 0.0139
1011.8000 0.0140
1015.7000 0.0140
1018.4000 0.0140
1019.6000 0.0141
1020.1000 0.0141
1022.1000 0.0141
1022.3000 0.0142
1024.4000 0.0142
1024.8000 0.0142
1030.0000 0.0143
1033.6000 0.0143
1036.4000 0.0143
1036.7000 0.0144
1037.1000 0.0144
1040.3000 0.0144
1042.7000 0.0145
1043.1000 0.0145
1043.3000 0.0145
1044.1000 0.0146
1047.6000 0.0146
1049.4000 0.0147
1051.8000 0.0147
1051.9000 0.0147
1051.9000 0.0148
1052.9000 0.0148
1055.4000 0.0148
1057.1000 0.0149
1057.9000 0.0149
1058.3000 0.0149
1061.8000 0.0150
1062.0000 0.0150
1065.7000 0.0150
1068.1000 0.0151
1074.1000 0.0151
1075.2000 0.0151
1078.6000 0.0152
1079.6000 0.0152
1080.5000 0.0152
1080.9000 0.0153
1081.1000 0.0153
1081.7000 0.0153
1084.0000 0.0154
1085.7000 0.0154
1086.6000 0.0155
1087.1000 0.0155
1088.7000 0.0155
1091.9000 0.0156
1093.0000 0.0156
1093.6000 0.0156
1095.5000 0.0157
1095.5000 0.0157
1097.7000 0.0157
1098.1000 0.0158
1100.5000 0.0158
1108.5000 0.0158
1110.9000 0.0159
1112.7000 0.0159
1114.2000 0.0159
1114.7000 0.0160
1115.4000 0.0160
1118.5000 0.0160
1119.3000 0.0161
1119.4000 0.0161
1122.1000 0.0161
1127.1000 0.0162
1130.7000 0.0162
1131.4000 0.0163
1132.2000 0.0163
1132.6000 0.0163
1132.7000 0.0164
1134.9000 0.0164
1136.9000 0.0164
1138.2000 0.0165
1139.2000 0.0165
1142.5000 0.0165
1143.0000 0.0166
1144.9000 0.0166
1146.8000 0.0166
1148.0000 0.0167
1148.3000 0.0167
1148.6000 0.0167
1152.3000 0.0168
1153.0000 0.0168
1160.6000 0.0168
1160.8000 0.0169
1161.5000 0.0169
1162.7000 0.0169
1163.0000 0.0170
1163.9000 0.0170
1165.0000 0.0170
1165.0000 0.0171
1172.5000 0.0171
1173.7000 0.0172
1174.1000 0.0172
1175.1000 0.0172
1176.2000 0.0173
1181.2000 0.0173
1181.8000 0.0173
1182.6000 0.0174
1184.4000 0.0174
1186.3000 0.0174
1187.7000 0.0175
1188.8000 0.0175
1189.8000 0.0175
1192.4000 0.0176
1193.6000 0.0176
1194.4000 0.0176
1196.0000 0.0177
1196.4000 0.0177
1198.3000 0.0177
1198.5000 0.0178
1210.9000 0.0178
1212.4000 0.0178
1213.6000 0.0179
1214.4000 0.0179
1217.0000 0.0180
1217.9000 0.0180
1220.5000 0.0180
1225.4000 0.0181
1228.9000 0.0181
1230.0000 0.0181
1230.0000 0.0182
1231.5000 0.0182
1231.8000 0.0182
1232.2000 0.0183
1232.5000 0.0183
1232.6000 0.0183
1233.5000 0.0184
1235.3000 0.0184
1236.0000 0.0184
1236.7000 0.0185
1240.2000 0.0185
1241.3000 0.0185
1242.3000 0.0186
1249.0000 0.0186
1252.1000 0.0186
1252.9000 0.0187
1256.5000 0.0187
1257.1000 0.0187
1260.0000 0.0188
1260.1000 0.0188
1264.2000 0.0189
1264.6000 0.0189
1265.0000 0.0189
1265.3000 0.0190
1266.9000 0.0190
1269.0000 0.0190
1270.9000 0.0191
1272.2000 0.0191
1273.5000 0.0191
1273.7000 0.0192
1274.0000 0.0192
1275.3000 0.0192
1276.0000 0.0193
1277.7000 0.0193
1277.8000 0.0193
1278.1000 0.0194
1282.0000 0.0194
1283.4000 0.0194
1286.1000 0.0195
1286.4000 0.0195
1287.6000 0.0195
1289.1000 0.0196
1292.1000 0.0196
1292.6000 0.0197
1293.7000 0.0197
1294.0000 0.0197
1294.5000 0.0198
1296.0000 0.0198
1300.9000 0.0198
1305.1000 0.0199
1308.1000 0.0199
1309.6000 0.0199
1312.0000 0.0200
1312.5000 0.0200
1312.9000 0.0200
1313.5000 0.0201
1314.7000 0.0201
1317.7000 0.0201
1318.1000 0.0202
1318.3000 0.0202
1321.9000 0.0202
1327.1000 0.0203
1328.9000 0.0203
1331.2000 0.0203
1331.4000 0.0204
1332.8000 0.0204
1333.0000 0.0205
1334.3000 0.0205
1334.4000 0.0205
1336.1000 0.0206
1337.1000 0.0206
1340.0000 0.0206
1340.4000 0.0207
1343.8000 0.0207
1344.6000 0.0207
1347.9000 0.0208
1350.1000 0.0208
1351.2000 0.0208
1352.2000 0.0209
1356.7000 0.0209
1358.2000 0.0209
1359.0000 0.0210
1361.0000 0.0210
1362.3000 0.0210
1362.8000 0.0211
1365.2000 0.0211
1365.3000 0.0211
1365.5000 0.0212
1366.0000 0.0212
1366.6000 0.0212
1366.9000 0.0213
1369.2000 0.0213
1371.0000 0.0214
1371.5000 0.0214
1372.1000 0.0214
1373.3000 0.0215
1377.6000 0.0215
1378.1000 0.0215
1379.7000 0.0216
1381.3000 0.0216
1382.1000 0.0216
1382.9000 0.0217
1383.3000 0.0217
1384.8000 0.0217
1384.8000 0.0218
1385.1000 0.0218
1385.6000 0.0218
1388.0000 0.0219
1390.7000 0.0219
1395.7000 0.0219
1396.3000 0.0220
1396.6000 0.0220
1397.5000 0.0220
1402.3000 0.0221
1402.3000 0.0221
1405.0000 0.0222
1408.6000 0.0222
1409.9000 0.0222
1413.1000 0.0223
1413.5000 0.0223
1414.0000 0.0223
1414.4000 0.0224
1414.5000 0.0224
1415.5000 0.0224
1418.4000 0.0225
1419.6000 0.0225
1421.9000 0.0225
1422.2000 0.0226
1422.6000 0.0226
1426.0000 0.0226
1426.3000 0.0227
1427.8000 0.0227
1429.3000 0.0227
1429.4000 0.0228
1430.2000 0.0228
1436.0000 0.0228
1440.7000 0.0229
1441.0000 0.0229
1441.5000 0.0230
1442.4000 0.0230
1442.5000 0.0230
1442.8000 0.0231
1443.5000 0.0231
1443.8000 0.0231
1444.7000 0.0232
1446.5000 0.0232
1447.0000 0.0232
1447.1000 0.0233
1450.1000 0.0233
1451.2000 0.0233
1455.3000 0.0234
1456.2000 0.0234
1456.9000 0.0234
1457.3000 0.0235
1459.0000 0.0235
1460.9000 0.0235
1462.4000 0.0236
1464.4000 0.0236
1464.9000 0.0236
1465.3000 0.0237
1465.5000 0.0237
1466.3000 0.0237
1466.3000 0.0238
1470.0000 0.0238
1476.9000 0.0239
1478.2000 0.0239
1481.6000 0.0239
1486.5000 0.0240
1488.1000 0.0240
1488.3000 0.0240
1488.5000 0.0241
1490.9000 0.0241
1490.9000 0.0241
1491.7000 0.0242
1493.0000 0.0242
1493.8000 0.0242
1495.9000 0.0243
1496.5000 0.0243
1502.0000 0.0243
1502.9000 0.0244
1504.4000 0.0244
1505.0000 0.0244
1505.4000 0.0245
1505.7000 0.0245
1507.6000 0.0245
1507.8000 0.0246
1508.8000 0.0246
1513.2000 0.0247
1514.7000 0.0247
1517.4000 0.0247
1519.7000 0.0248
1520.1000 0.0248
1520.5000 0.0248
1521.5000 0.0249
1523.2000 0.0249
1523.3000 0.0249
1523.3000 0.0250
1523.7000 0.0250
1524.3000 0.0250
1528.2000 0.0251
1530.6000 0.0251
1531.1000 0.0251
1532.5000 0.0252
1532.8000 0.0252
1533.1000 0.0252
1534.7000 0.0253
1534.7000 0.0253
1534.9000 0.0253
1536.7000 0.0254
1538.7000 0.0254
1539.1000 0.0255
1539.7000 0.0255
1544.9000 0.0255
1546.6000 0.0256
1549.6000 0.0256
1550.3000 0.0256
1550.6000 0.0257
1551.8000 0.0257
1552.2000 0.0257
1552.4000 0.0258
1554.5000 0.0258
1556.0000 0.0258
1560.5000 0.0259
1562.3000 0.0259
1563.9000 0.0259
1568.3000 0.0260
1569.5000 0.0260
1570.5000 0.0260
1571.7000 0.0261
1572.3000 0.0261
1572.5000 0.0261
1573.3000 0.0262
1574.5000 0.0262
1577.7000 0.0262
1579.3000 0.0263
1582.4000 0.0263
1583.9000 0.0264
1586.4000 0.0264
1587.7000 0.0264
1588.3000 0.0265
1589.6000 0.0265
1594.4000 0.0265
1595.4000 0.0266
1597.9000 0.0266
1598.1000 0.0266
1598.3000 0.0267
1598.7000 0.0267
1600.0000 0.0267
1601.0000 0.0268
1605.0000 0.0268
1605.4000 0.0268
1606.3000 0.0269
1608.3000 0.0269
1608.7000 0.0269
1609.3000 0.0270
1609.5000 0.0270
1609.9000 0.0270
1609.9000 0.0271
1611.7000 0.0271
1612.0000 0.0272
1617.3000 0.0272
1617.3000 0.0272
1618.0000 0.0273
1626.2000 0.0273
1626.7000 0.0273
1627.9000 0.0274
1629.7000 0.0274
1634.0000 0.0274
1634.7000 0.0275
1635.8000 0.0275
1637.1000 0.0275
1639.0000 0.0276
1639.7000 0.0276
1640.2000 0.0276
1640.4000 0.0277
1640.9000 0.0277
1642.1000 0.0277
1643.0000 0.0278
1644.5000 0.0278
1646.5000 0.0278
1647.9000 0.0279
1648.1000 0.0279
1651.6000 0.0280
1652.6000 0.0280
1652.7000 0.0280
1654.8000 0.0281
1655.4000 0.0281
1655.8000 0.0281
1657.1000 0.0282
1658.8000 0.0282
1661.8000 0.0282
1664.6000 0.0283
1664.6000 0.0283
1664.6000 0.0283
1670.0000 0.0284
1671.5000 0.0284
1672.2000 0.0284
1674.9000 0.0285
1675.3000 0.0285
1676.6000 0.0285
1678.9000 0.0286
1680.0000 0.0286
1682.5000 0.0286
1683.6000 0.0287
1685.7000 0.0287
1686.5000 0.0287
1688.4000 0.0288
1688.9000 0.0288
1689.0000 0.0289
1690.5000 0.0289
1693.5000 0.0289
1694.5000 0.0290
1695.0000 0.0290
1697.8000 0.0290
1699.5000 0.0291
1702.9000 0.0291
1703.0000 0.0291
1703.1000 0.0292
1704.6000 0.0292
1706.2000 0.0292
1709.0000 0.0293
1709.1000 0.0293
1712.4000 0.0293
1713.8000 0.0294
1715.9000 0.0294
1716.3000 0.0294
1718.6000 0.0295
1725.3000 0.0295
1726.2000 0.0295
1726.9000 0.0296
1730.1000 0.0296
1733.8000 0.0297
1734.9000 0.0297
1735.2000 0.0297
1737.0000 0.0298
1737.4000 0.0298
1740.7000 0.0298
1740.8000 0.0299
1744.3000 0.0299
1745.2000 0.0299
1747.8000 0.0300
1750.0000 0.0300
1750.4000 0.0300
1750.8000 0.0301
1754.1000 0.0301
1762.8000 0.0301
1765.2000 0.0302
1765.3000 0.0302
1766.6000 0.0302
1767.8000 0.0303
1768.1000 0.0303
1769.2000 0.0303
1773.6000 0.0304
1774.4000 0.0304
1777.3000 0.0305
1778.3000 0.0305
1778.4000 0.0305
1778.6000 0.0306
1781.1000 0.0306
1781.9000 0.0306
1785.5000 0.0307
1788.4000 0.0307
1790.9000 0.0307
1793.6000 0.0308
1795.0000 0.0308
1795.0000 0.0308
1797.6000 0.0309
1799.7000 0.0309
1801.6000 0.0309
1803.9000 0.0310
1807.3000 0.0310
1807.4000 0.0310
1808.7000 0.0311
1819.1000 0.0311
1819.1000 0.0311
1821.9000 0.0312
1823.3000 0.0312
1824.5000 0.0312
1834.1000 0.0313
1835.1000 0.0313
1835.9000 0.0314
1837.9000 0.0314
1839.3000 0.0314
1840.0000 0.0315
1840.5000 0.0315
1845.4000 0.0315
1846.3000 0.0316
1847.7000 0.0316
1850.2000 0.0316
1851.3000 0.0317
1854.3000 0.0317
1856.0000 0.0317
1858.7000 0.0318
1859.7000 0.0318
1860.0000 0.0318
1860.9000 0.0319
1863.8000 0.0319
1865.9000 0.0319
1868.0000 0.0320
1869.8000 0.0320
1871.8000 0.0320
1872.9000 0.0321
1874.1000 0.0321
1881.3000 0.0322
1881.5000 0.0322
1881.7000 0.0322
1881.8000 0.0323
1882.1000 0.0323
1883.5000 0.0323
1883.8000 0.0324
1884.6000 0.0324
1884.6000 0.0324
1885.6000 0.0325
1887.1000 0.0325
1888.4000 0.0325
1892.1000 0.0326
1893.7000 0.0326
1893.8000 0.0326
1896.0000 0.0327
1896.2000 0.0327
1897.8000 0.0327
1899.0000 0.0328
1899.7000 0.0328
1900.1000 0.0328
1904.9000 0.0329
1905.0000 0.0329
1905.8000 0.0330
1908.8000 0.0330
1909.2000 0.0330
1922.2000 0.0331
1924.3000 0.0331
1924.4000 0.0331
1925.1000 0.0332
1925.6000 0.0332
1926.8000 0.0332
1931.8000 0.0333
1934.8000 0.0333
1936.0000 0.0333
1938.0000 0.0334
1938.5000 0.0334
1940.3000 0.0334
1943.4000 0.0335
1946.5000 0.0335
1949.0000 0.0335
1951.3000 0.0336
1952.1000 0.0336
1952.7000 0.0336
1956.4000 0.0337
1961.3000 0.0337
1964.6000 0.0337
1967.0000 0.0338
1967.4000 0.0338
1967.6000 0.0339
1969.9000 0.0339
1973.6000 0.0339
1974.4000 0.0340
1977.4000 0.0340
1981.0000 0.0340
1981.4000 0.0341
1981.7000 0.0341
1982.8000 0.0341
1987.0000 0.0342
1988.6000 0.0342
1988.8000 0.0342
1989.3000 0.0343
1990.6000 0.0343
1995.0000 0.0343
1995.4000 0.0344
2001.9000 0.0344
2003.0000 0.0344
2008.8000 0.0345
2009.4000 0.0345
2011.2000 0.0345
2013.6000 0.0346
2015.6000 0.0346
2018.1000 0.0347
2018.3000 0.0347
2018.8000 0.0347
2021.0000 0.0348
2021.8000 0.0348
2023.1000 0.0348
2024.9000 0.0349
2025.3000 0.0349
2028.0000 0.0349
2030.5000 0.0350
2037.4000 0.0350
2037.8000 0.0350
2038.2000 0.0351
2039.1000 0.0351
2042.4000 0.0351
2043.7000 0.0352
2044.3000 0.0352
2045.0000 0.0352
2053.1000 0.0353
2055.7000 0.0353
2056.7000 0.0353
2059.3000 0.0354
2060.1000 0.0354
2063.6000 0.0355
2067.0000 0.0355
2067.7000 0.0355
2068.2000 0.0356
2076.3000 0.0356
2077.0000 0.0356
2078.0000 0.0357
2079.8000 0.0357
2080.6000 0.0357
2081.8000 0.0358
2084.9000 0.0358
2085.4000 0.0358
2087.0000 0.0359
2088.4000 0.0359
2088.9000 0.0359
2090.5000 0.0360
2093.5000 0.0360
2094.3000 0.0360
2094.6000 0.0361
2094.7000 0.0361
2095.0000 0.0361
2096.8000 0.0362
2097.6000 0.0362
2098.6000 0.0362
2100.3000 0.0363
2101.7000 0.0363
2101.9000 0.0364
2103.5000 0.0364
2104.1000 0.0364
2106.2000 0.0365
2106.4000 0.0365
2106.5000 0.0365
2108.0000 0.0366
2108.2000 0.0366
2110.0000 0.0366
2110.8000 0.0367
2120.0000 0.0367
2128.1000 0.0367
2128.2000 0.0368
2131.3000 0.0368
2135.8000 0.0368
2138.2000 0.0369
2138.3000 0.0369
2139.8000 0.0369
2140.1000 0.0370
2140.9000 0.0370
2144.1000 0.0370
2145.7000 0.0371
2145.9000 0.0371
2146.4000 0.0372
2154.8000 0.0372
2154.8000 0.0372
2156.3000 0.0373
2158.8000 0.0373
2158.9000 0.0373
2162.0000 0.0374
2162.9000 0.0374
2163.0000 0.0374
2163.7000 0.0375
2167.6000 0.0375
2168.2000 0.0375
2170.9000 0.0376
2171.2000 0.0376
2173.5000 0.0376
2174.1000 0.0377
2184.8000 0.0377
2185.3000 0.0377
2185.5000 0.0378
2188.4000 0.0378
2189.4000 0.0378
2198.0000 0.0379
2202.0000 0.0379
2202.4000 0.0380
2203.0000 0.0380
2205.3000 0.0380
2207.2000 0.0381
2207.5000 0.0381
2208.3000 0.0381
2209.0000 0.0382
2210.7000 0.0382
2213.4000 0.0382
2214.0000 0.0383
2214.9000 0.0383
2227.0000 0.0383
2227.2000 0.0384
2227.9000 0.0384
2228.0000 0.0384
2228.0000 0.0385
2228.7000 0.0385
2230.1000 0.0385
2232.5000 0.0386
2233.0000 0.0386
2234.2000 0.0386
2238.9000 0.0387
2239.8000 0.0387
2244.0000 0.0387
2245.4000 0.0388
2250.0000 0.0388
2251.4000 0.0389
2252.6000 0.0389
2253.9000 0.0389
2254.9000 0.0390
2256.4000 0.0390
2256.8000 0.0390
2257.9000 0.0391
2258.6000 0.0391
2258.8000 0.0391
2264.9000 0.0392
2267.1000 0.0392
2267.1000 0.0392
2268.5000 0.0393
2273.3000 0.0393
2273.9000 0.0393
2275.1000 0.0394
2275.2000 0.0394
2278.4000 0.0394
2282.9000 0.0395
2292.9000 0.0395
2296.0000 0.0395
2298.0000 0.0396
2298.3000 0.0396
2301.0000 0.0397
2303.5000 0.0397
2303.6000 0.0397
2303.6000 0.0398
2307.9000 0.0398
2308.1000 0.0398
2308.8000 0.0399
2311.3000 0.0399
2312.5000 0.0399
2314.0000 0.0400
2314.7000 0.0400
2316.6000 0.0400
2316.9000 0.0401
2319.0000 0.0401
2322.7000 0.0401
2323.7000 0.0402
2324.6000 0.0402
2333.1000 0.0402
2334.4000 0.0403
2336.2000 0.0403
2336.3000 0.0403
2336.5000 0.0404
2337.4000 0.0404
2340.1000 0.0405
2342.0000 0.0405
2344.5000 0.0405
2345.5000 0.0406
2346.1000 0.0406
2346.3000 0.0406
2347.1000 0.0407
2348.3000 0.0407
2348.7000 0.0407
2350.3000 0.0408
2350.7000 0.0408
2350.9000 0.0408
2355.0000 0.0409
2355.9000 0.0409
2357.0000 0.0409
2360.4000 0.0410
2364.7000 0.0410
2370.7000 0.0410
2374.3000 0.0411
2378.5000 0.0411
2381.8000 0.0411
2382.7000 0.0412
2383.0000 0.0412
2386.0000 0.0412
2389.2000 0.0413
2389.3000 0.0413
2389.5000 0.0414
2390.1000 0.0414
2392.7000 0.0414
2393.5000 0.0415
2394.1000 0.0415
2394.9000 0.0415
2396.1000 0.0416
2397.6000 0.0416
2400.9000 0.0416
2401.9000 0.0417
2402.7000 0.0417
2406.4000 0.0417
2407.4000 0.0418
2407.8000 0.0418
2410.6000 0.0418
2411.7000 0.0419
2411.8000 0.0419
2414.0000 0.0419
2415.1000 0.0420
2415.5000 0.0420
2416.6000 0.0420
2417.1000 0.0421
2419.5000 0.0421
2419.7000 0.0422
2426.2000 0.0422
2427.6000 0.0422
2428.2000 0.0423
2428.5000 0.0423
2429.7000 0.0423
2440.7000 0.0424
2441.7000 0.0424
2447.3000 0.0424
2447.3000 0.0425
2448.4000 0.0425
2448.7000 0.0425
2450.0000 0.0426
2450.3000 0.0426
2451.5000 0.0426
2456.8000 0.0427
2457.0000 0.0427
2462.0000 0.0427
2463.0000 0.0428
2465.7000 0.0428
2465.8000 0.0428
2467.4000 0.0429
2467.6000 0.0429
2467.7000 0.0430
2468.2000 0.0430
2469.9000 0.0430
2470.0000 0.0431
2476.3000 0.0431
2476.5000 0.0431
2477.3000 0.0432
2477.5000 0.0432
2481.0000 0.0432
2483.7000 0.0433
2484.4000 0.0433
2485.1000 0.0433
2487.6000 0.0434
2489.7000 0.0434
2491.2000 0.0434
2492.4000 0.0435
2500.7000 0.0435
2503.5000 0.0435
2504.7000 0.0436
2506.7000 0.0436
2507.1000 0.0436
2508.1000 0.0437
2509.6000 0.0437
2513.4000 0.0437
2517.9000 0.0438
2521.4000 0.0438
2523.4000 0.0439
2525.3000 0.0439
2526.3000 0.0439
2526.4000 0.0440
2527.2000 0.0440
2527.6000 0.0440
2527.7000 0.0441
2528.8000 0.0441
2530.0000 0.0441
2536.5000 0.0442
2538.4000 0.0442
2540.8000 0.0442
2541.2000 0.0443
2541.4000 0.0443
2542.8000 0.0443
2543.4000 0.0444
2545.7000 0.0444
2546.6000 0.0444
2557.1000 0.0445
2561.8000 0.0445
2564.7000 0.0445
2565.5000 0.0446
2570.5000 0.0446
2573.0000 0.0447
2573.5000 0.0447
2576.0000 0.0447
2576.8000 0.0448
2579.0000 0.0448
2581.0000 0.0448
2583.3000 0.0449
2583.5000 0.0449
2585.2000 0.0449
2592.1000 0.0450
2593.5000 0.0450
2593.8000 0.0450
2595.8000 0.0451
2600.1000 0.0451
2601.1000 0.0451
2609.4000 0.0452
2610.2000 0.0452
2618.4000 0.0452
2620.7000 0.0453
2621.2000 0.0453
2626.9000 0.0453
2627.1000 0.0454
2633.0000 0.0454
2633.1000 0.0455
2634.0000 0.0455
2634.6000 0.0455
2635.8000 0.0456
2636.9000 0.0456
2636.9000 0.0456
2640.4000 0.0457
2641.7000 0.0457
2643.3000 0.0457
2644.2000 0.0458
2648.3000 0.0458
2650.8000 0.0458
2652.1000 0.0459
2652.3000 0.0459
2653.2000 0.0459
2653.8000 0.0460
2659.0000 0.0460
2659.4000 0.0460
2661.0000 0.0461
2663.1000 0.0461
2667.5000 0.0461
2670.0000 0.0462
2672.6000 0.0462
2673.8000 0.0462
2674.4000 0.0463
2675.2000 0.0463
2681.2000 0.0464
2686.4000 0.0464
2689.8000 0.0464
2694.2000 0.0465
2700.8000 0.0465
2704.9000 0.0465
2706.3000 0.0466
2707.6000 0.0466
2708.1000 0.0466
2708.3000 0.0467
2715.8000 0.0467
2717.2000 0.0467
2717.9000 0.0468
2718.3000 0.0468
2718.7000 0.0468
2719.0000 0.0469
2719.1000 0.0469
2724.2000 0.0469
2725.4000 0.0470
2727.4000 0.0470
2729.5000 0.0470
2730.0000 0.0471
2730.0000 0.0471
2733.7000 0.0472
2742.1000 0.0472
2747.0000 0.0472
2749.1000 0.0473
2750.0000 0.0473
2750.6000 0.0473
2751.5000 0.0474
2752.3000 0.0474
2758.0000 0.0474
2761.2000 0.0475
2762.7000 0.0475
2765.1000 0.0475
2767.3000 0.0476
2770.4000 0.0476
2775.6000 0.0476
2778.0000 0.0477
2779.0000 0.0477
2779.5000 0.0477
2781.8000 0.0478
2784.0000 0.0478
2785.7000 0.0478
2787.0000 0.0479
2793.0000 0.0479
2794.2000 0.0480
2794.5000 0.0480
2795.6000 0.0480
2797.8000 0.0481
2804.1000 0.0481
2808.1000 0.0481
2818.2000 0.0482
2820.2000 0.0482
2821.4000 0.0482
2821.5000 0.0483
2828.0000 0.0483
2828.4000 0.0483
2829.0000 0.0484
2845.6000 0.0484
2846.4000 0.0484
2849.7000 0.0485
2850.9000 0.0485
2851.6000 0.0485
2852.8000 0.0486
2852.9000 0.0486
2854.9000 0.0486
2856.1000 0.0487
2856.7000 0.0487
2857.6000 0.0487
2857.8000 0.0488
2860.6000 0.0488
2862.7000 0.0489
2863.0000 0.0489
2866.2000 0.0489
2867.1000 0.0490
2870.5000 0.0490
2874.1000 0.0490
2878.6000 0.0491
2883.5000 0.0491
2885.8000 0.0491
2894.8000 0.0492
2898.0000 0.0492
2901.6000 0.0492
2903.1000 0.0493
2904.5000 0.0493
2905.9000 0.0493
2908.3000 0.0494
2908.4000 0.0494
2909.1000 0.0494
2912.7000 0.0495
2917.4000 0.0495
2919.9000 0.0495
2920.0000 0.0496
2921.9000 0.0496
2924.2000 0.0497
2924.4000 0.0497
2925.6000 0.0497
2927.6000 0.0498
2929.7000 0.0498
2930.9000 0.0498
2933.6000 0.0499
2934.1000 0.0499
2934.4000 0.0499
2935.9000 0.0500
2939.0000 0.0500
2939.5000 0.0500
2941.8000 0.0501
2947.4000 0.0501
2947.5000 0.0501
2949.7000 0.0502
2950.4000 0.0502
2954.7000 0.0502
2955.9000 0.0503
2956.6000 0.0503
2962.3000 0.0503
2964.2000 0.0504
2964.5000 0.0504
2965.1000 0.0505
2966.6000 0.0505
2967.1000 0.0505
2970.8000 0.0506
2971.0000 0.0506
2976.6000 0.0506
2978.0000 0.0507
2981.0000 0.0507
2981.9000 0.0507
2983.6000 0.0508
2986.5000 0.0508
2988.4000 0.0508
2995.4000 0.0509
2996.0000 0.0509
2998.3000 0.0509
2999.5000 0.0510
3000.1000 0.0510
3001.5000 0.0510
3002.1000 0.0511
3003.6000 0.0511
3006.2000 0.0511
3012.7000 0.0512
3013.7000 0.0512
3014.6000 0.0512
3015.5000 0.0513
3022.1000 0.0513
3022.6000 0.0514
3025.5000 0.0514
3026.1000 0.0514
3028.6000 0.0515
3033.9000 0.0515
3038.5000 0.0515
3041.7000 0.0516
3041.8000 0.0516
3041.9000 0.0516
3046.6000 0.0517
3046.9000 0.0517
3051.6000 0.0517
3053.9000 0.0518
3059.5000 0.0518
3063.9000 0.0518
3065.1000 0.0519
3067.1000 0.0519
3067.4000 0.0519
3068.2000 0.0520
3070.7000 0.0520
3071.4000 0.0520
3076.5000 0.0521
3077.4000 0.0521
3078.5000 0.0522
3079.9000 0.0522
3082.9000 0.0522
3083.5000 0.0523
3085.6000 0.0523
3086.1000 0.0523
3087.0000 0.0524
3088.4000 0.0524
3090.8000 0.0524
3096.5000 0.0525
3102.5000 0.0525
3103.2000 0.0525
3105.1000 0.0526
3105.1000 0.0526
3105.4000 0.0526
3106.2000 0.0527
3107.1000 0.0527
3108.4000 0.0527
3109.0000 0.0528
3112.3000 0.0528
3113.7000 0.0528
3114.4000 0.0529
3115.0000 0.0529
3116.7000 0.0530
3123.0000 0.0530
3123.0000 0.0530
3124.9000 0.0531
3127.4000 0.0531
3131.2000 0.0531
3136.5000 0.0532
3138.1000 0.0532
3139.2000 0.0532
3143.6000 0.0533
3145.8000 0.0533
3149.1000 0.0533
3149.1000 0.0534
3151.6000 0.0534
3152.7000 0.0534
3153.1000 0.0535
3154.7000 0.0535
3157.8000 0.0535
3158.5000 0.0536
3159.5000 0.0536
3159.5000 0.0536
3162.8000 0.0537
3163.5000 0.0537
3164.0000 0.0537
3167.6000 0.0538
3168.0000 0.0538
3176.3000 0.0539
3181.4000 0.0539
3181.9000 0.0539
3183.2000 0.0540
3186.5000 0.0540
3188.4000 0.0540
3190.5000 0.0541
3193.9000 0.0541
3194.0000 0.0541
3196.9000 0.0542
3197.4000 0.0542
3197.5000 0.0542
3198.4000 0.0543
3198.5000 0.0543
3201.7000 0.0543
3204.9000 0.0544
3206.3000 0.0544
3207.4000 0.0544
3210.3000 0.0545
3211.7000 0.0545
3212.4000 0.0545
3218.8000 0.0546
3222.9000 0.0546
3224.1000 0.0547
3226.0000 0.0547
3228.5000 0.0547
3233.8000 0.0548
3237.4000 0.0548
3239.9000 0.0548
3240.3000 0.0549
3241.8000 0.0549
3242.6000 0.0549
3247.7000 0.0550
3252.3000 0.0550
3259.4000 0.0550
3260.2000 0.0551
3264.9000 0.0551
3265.0000 0.0551
3269.3000 0.0552
3275.9000 0.0552
3281.8000 0.0552
3285.8000 0.0553
3288.1000 0.0553
3290.0000 0.0553
3291.4000 0.0554
3291.8000 0.0554
3292.8000 0.0555
3295.4000 0.0555
3297.3000 0.0555
3301.7000 0.0556
3302.9000 0.0556
3305.7000 0.0556
3306.9000 0.0557
3307.0000 0.0557
3307.4000 0.0557
3308.7000 0.0558
3311.1000 0.0558
3311.1000 0.0558
3311.8000 0.0559
3314.0000 0.0559
3315.3000 0.0559
3321.3000 0.0560
3322.2000 0.0560
3328.8000 0.0560
3335.3000 0.0561
3337.2000 0.0561
3339.5000 0.0561
3339.9000 0.0562
3340.7000 0.0562
3342.8000 0.0562
3343.5000 0.0563
3345.6000 0.0563
3347.5000 0.0564
3348.2000 0.0564
3348.6000 0.0564
3349.9000 0.0565
3354.3000 0.0565
3355.1000 0.0565
3356.3000 0.0566
3360.1000 0.0566
3360.5000 0.0566
3361.8000 0.0567
3362.9000 0.0567
3363.5000 0.0567
3369.7000 0.0568
3370.3000 0.0568
3373.0000 0.0568
3373.3000 0.0569
3374.5000 0.0569
3379.6000 0.0569
3384.6000 0.0570
3392.4000 0.0570
3395.8000 0.0570
3401.5000 0.0571
3404.5000 0.0571
3407.8000 0.0572
3408.0000 0.0572
3410.1000 0.0572
3411.8000 0.0573
3420.4000 0.0573
3421.5000 0.0573
3423.1000 0.0574
3434.8000 0.0574
3442.8000 0.0574
3443.1000 0.0575
3444.2000 0.0575
3449.5000 0.0575
3453.4000 0.0576
3453.7000 0.0576
3455.1000 0.0576
3457.7000 0.0577
3457.8000 0.0577
3460.5000 0.0577
3462.6000 0.0578
3471.2000 0.0578
3473.4000 0.0578
3477.9000 0.0579
3480.4000 0.0579
3480.8000 0.0580
3482.4000 0.0580
3485.5000 0.0580
3487.6000 0.0581
3489.1000 0.0581
3490.2000 0.0581
3492.0000 0.0582
3493.3000 0.0582
3494.2000 0.0582
3497.7000 0.0583
3504.8000 0.0583
3505.9000 0.0583
3507.9000 0.0584
3516.7000 0.0584
3519.5000 0.0584
3520.4000 0.0585
3522.8000 0.0585
3523.1000 0.0585
3525.5000 0.0586
3532.8000 0.0586
3536.4000 0.0586
3545.7000 0.0587
3547.5000 0.0587
3547.6000 0.0587
3548.8000 0.0588
3549.6000 0.0588
3550.4000 0.0589
3552.3000 0.0589
3552.9000 0.0589
3553.8000 0.0590
3557.9000 0.0590
3559.7000 0.0590
3563.0000 0.0591
3564.8000 0.0591
3567.4000 0.0591
3570.0000 0.0592
3571.7000 0.0592
3571.7000 0.0592
3572.0000 0.0593
3573.8000 0.0593
3574.6000 0.0593
3576.4000 0.0594
3590.0000 0.0594
3594.2000 0.0594
3603.0000 0.0595
3604.1000 0.0595
3605.6000 0.0595
3607.8000 0.0596
3610.4000 0.0596
3610.7000 0.0597
3614.2000 0.0597
3617.4000 0.0597
3623.0000 0.0598
3624.5000 0.0598
3625.0000 0.0598
3628.3000 0.0599
3629.3000 0.0599
3638.2000 0.0599
3641.5000 0.0600
3644.8000 0.0600
3646.0000 0.0600
3647.2000 0.0601
3651.9000 0.0601
3652.2000 0.0601
3652.4000 0.0602
3654.0000 0.0602
3655.4000 0.0602
3657.4000 0.0603
3659.9000 0.0603
3665.2000 0.0603
3666.6000 0.0604
3671.6000 0.0604
3673.6000 0.0605
3683.7000 0.0605
3684.9000 0.0605
3689.1000 0.0606
3691.7000 0.0606
3693.0000 0.0606
3693.8000 0.0607
3695.0000 0.0607
3699.4000 0.0607
3700.5000 0.0608
3709.0000 0.0608
3709.9000 0.0608
3711.9000 0.0609
3713.4000 0.0609
3715.4000 0.0609
3716.8000 0.0610
3719.6000 0.0610
3722.3000 0.0610
3724.2000 0.0611
3724.5000 0.0611
3731.1000 0.0611
3732.6000 0.0612
3738.6000 0.0612
3745.0000 0.0612
3747.4000 0.0613
3747.9000 0.0613
3748.8000 0.0614
3755.8000 0.0614
3756.9000 0.0614
3759.3000 0.0615
3765.3000 0.0615
3765.7000 0.0615
3767.4000 0.0616
3771.5000 0.0616
3772.5000 0.0616
3772.6000 0.0617
3775.9000 0.0617
3778.0000 0.0617
3779.9000 0.0618
3780.1000 0.0618
3784.0000 0.0618
3786.6000 0.0619
3788.9000 0.0619
3789.0000 0.0619
3790.9000 0.0620
3805.5000 0.0620
3806.4000 0.0620
3807.2000 0.0621
3809.8000 0.0621
3811.7000 0.0622
3814.8000 0.0622
3819.2000 0.0622
3820.0000 0.0623
3822.6000 0.0623
3824.6000 0.0623
3826.4000 0.0624
3835.6000 0.0624
3845.4000 0.0624
3846.3000 0.0625
3848.8000 0.0625
3849.2000 0.0625
3859.9000 0.0626
3862.8000 0.0626
3867.8000 0.0626
3873.4000 0.0627
3874.1000 0.0627
3883.2000 0.0627
3885.1000 0.0628
3886.3000 0.0628
3890.0000 0.0628
3896.1000 0.0629
3906.2000 0.0629
3909.4000 0.0630
3910.8000 0.0630
3911.0000 0.0630
3912.5000 0.0631
3916.4000 0.0631
3919.7000 0.0631
3919.8000 0.0632
3920.7000 0.0632
3922.1000 0.0632
3929.9000 0.0633
3931.8000 0.0633
3934.5000 0.0633
3936.0000 0.0634
3940.3000 0.0634
3944.0000 0.0634
3948.4000 0.0635
3952.6000 0.0635
3959.4000 0.0635
3961.3000 0.0636
3962.1000 0.0636
3964.0000 0.0636
3966.1000 0.0637
3969.0000 0.0637
3975.7000 0.0637
3978.3000 0.0638
3988.2000 0.0638
3994.1000 0.0639
4001.1000 0.0639
4001.8000 0.0639
4003.0000 0.0640
4007.2000 0.0640
4008.9000 0.0640
4010.7000 0.0641
4012.5000 0.0641
4013.8000 0.0641
4018.0000 0.0642
4018.2000 0.0642
4018.3000 0.0642
4021.7000 0.0643
4023.8000 0.0643
4024.3000 0.0643
4026.9000 0.0644
4027.8000 0.0644
4028.6000 0.0644
4029.2000 0.0645
4030.3000 0.0645
4031.2000 0.0645
4032.1000 0.0646
4032.4000 0.0646
4032.5000 0.0647
4035.4000 0.0647
4036.7000 0.0647
4037.3000 0.0648
4039.8000 0.0648
4040.8000 0.0648
4044.6000 0.0649
4049.8000 0.0649
4054.0000 0.0649
4055.0000 0.0650
4056.0000 0.0650
4057.0000 0.0650
4063.3000 0.0651
4066.0000 0.0651
4068.1000 0.0651
4072.9000 0.0652
4074.4000 0.0652
4076.3000 0.0652
4078.2000 0.0653
4085.0000 0.0653
4097.0000 0.0653
4101.0000 0.0654
4106.0000 0.0654
4106.6000 0.0655
4107.6000 0.0655
4111.6000 0.0655
4114.2000 0.0656
4116.8000 0.0656
4120.0000 0.0656
4121.6000 0.0657
4121.7000 0.0657
4123.9000 0.0657
4130.4000 0.0658
4131.1000 0.0658
4135.6000 0.0658
4146.3000 0.0659
4147.7000 0.0659
4151.7000 0.0659
4154.6000 0.0660
4155.6000 0.0660
4156.2000 0.0660
4156.3000 0.0661
4159.4000 0.0661
4168.3000 0.0661
4168.7000 0.0662
4180.9000 0.0662
4182.7000 0.0662
4186.1000 0.0663
4193.7000 0.0663
4198.4000 0.0664
4201.5000 0.0664
4208.8000 0.0664
4209.4000 0.0665
4210.0000 0.0665
4216.5000 0.0665
4217.8000 0.0666
4225.4000 0.0666
4226.6000 0.0666
4240.3000 0.0667
4246.6000 0.0667
4247.6000 0.0667
4247.8000 0.0668
4248.4000 0.0668
4250.4000 0.0668
4250.9000 0.0669
4251.3000 0.0669
4253.8000 0.0669
4255.3000 0.0670
4256.7000 0.0670
4259.3000 0.0670
4262.0000 0.0671
4262.0000 0.0671
4264.0000 0.0672
4264.9000 0.0672
4272.7000 0.0672
4277.3000 0.0673
4281.9000 0.0673
4285.9000 0.0673
4286.3000 0.0674
4288.7000 0.0674
4289.9000 0.0674
4293.3000 0.0675
4298.5000 0.0675
4300.1000 0.0675
4300.3000 0.0676
4303.7000 0.0676
4306.2000 0.0676
4306.7000 0.0677
4308.9000 0.0677
4315.4000 0.0677
4317.0000 0.0678
4319.6000 0.0678
4320.1000 0.0678
4322.2000 0.0679
4323.9000 0.0679
4324.7000 0.0680
4324.9000 0.0680
4325.4000 0.0680
4327.4000 0.0681
4330.1000 0.0681
4335.8000 0.0681
4337.2000 0.0682
4341.3000 0.0682
4343.9000 0.0682
4349.8000 0.0683
4349.9000 0.0683
4349.9000 0.0683
4351.6000 0.0684
4357.1000 0.0684
4359.5000 0.0684
4360.4000 0.0685
4361.4000 0.0685
4361.9000 0.0685
4371.6000 0.0686
4372.6000 0.0686
4374.0000 0.0686
4374.5000 0.0687
4397.4000 0.0687
4398.9000 0.0687
4403.2000 0.0688
4406.3000 0.0688
4409.7000 0.0689
4410.3000 0.0689
4419.1000 0.0689
4419.7000 0.0690
4420.6000 0.0690
4423.8000 0.0690
4424.8000 0.0691
4425.7000 0.0691
4426.1000 0.0691
4427.4000 0.0692
4437.0000 0.0692
4442.4000 0.0692
4447.3000 0.0693
4455.1000 0.0693
4460.2000 0.0693
4464.7000 0.0694
4467.4000 0.0694
4472.0000 0.0694
4474.9000 0.0695
4475.5000 0.0695
4477.4000 0.0695
4478.8000 0.0696
4482.3000 0.0696
4489.6000 0.0697
4494.7000 0.0697
4496.3000 0.0697
4497.2000 0.0698
4497.8000 0.0698
4503.0000 0.0698
4507.8000 0.0699
4512.6000 0.0699
4514.7000 0.0699
4520.5000 0.0700
4527.0000 0.0700
4534.3000 0.0700
4539.1000 0.0701
4543.2000 0.0701
4543.7000 0.0701
4550.6000 0.0702
4560.0000 0.0702
4560.5000 0.0702
4562.0000 0.0703
4567.0000 0.0703
4570.1000 0.0703
4572.3000 0.0704
4574.0000 0.0704
4579.7000 0.0705
4582.0000 0.0705
4589.1000 0.0705
4591.2000 0.0706
4593.8000 0.0706
4600.2000 0.0706
4601.9000 0.0707
4602.0000 0.0707
4604.8000 0.0707
4606.8000 0.0708
4607.0000 0.0708
4607.8000 0.0708
4609.7000 0.0709
4612.3000 0.0709
4613.8000 0.0709
4614.6000 0.0710
4617.3000 0.0710
4620.0000 0.0710
4628.3000 0.0711
4630.7000 0.0711
4631.9000 0.0711
4633.7000 0.0712
4635.0000 0.0712
4650.5000 0.0712
4650.8000 0.0713
4654.7000 0.0713
4655.2000 0.0714
4655.7000 0.0714
4658.4000 0.0714
4671.2000 0.0715
4675.0000 0.0715
4677.8000 0.0715
4680.3000 0.0716
4687.0000 0.0716
4687.7000 0.0716
4691.5000 0.0717
4694.2000 0.0717
4702.3000 0.0717
4703.9000 0.0718
4706.4000 0.0718
4710.4000 0.0718
4711.9000 0.0719
4713.3000 0.0719
4714.3000 0.0719
4714.7000 0.0720
4716.2000 0.0720
4726.0000 0.0720
4731.7000 0.0721
4733.0000 0.0721
4733.7000 0.0722
4736.3000 0.0722
4738.2000 0.0722
4739.6000 0.0723
4740.3000 0.0723
4740.5000 0.0723
4741.8000 0.0724
4742.6000 0.0724
4745.8000 0.0724
4748.7000 0.0725
4749.9000 0.0725
4755.2000 0.0725
4759.6000 0.0726
4765.1000 0.0726
4768.7000 0.0726
4770.8000 0.0727
4774.3000 0.0727
4777.9000 0.0727
4783.0000 0.0728
4788.1000 0.0728
4789.1000 0.0728
4803.2000 0.0729
4803.3000 0.0729
4805.3000 0.0730
4806.4000 0.0730
4808.7000 0.0730
4811.9000 0.0731
4811.9000 0.0731
4815.0000 0.0731
4815.6000 0.0732
4816.9000 0.0732
4819.6000 0.0732
4828.6000 0.0733
4830.0000 0.0733
4835.6000 0.0733
4836.0000 0.0734
4836.3000 0.0734
4839.5000 0.0734
4841.4000 0.0735
4856.8000 0.0735
4862.2000 0.0735
4864.0000 0.0736
4870.2000 0.0736
4875.6000 0.0736
4882.0000 0.0737
4901.7000 0.0737
4903.2000 0.0737
4904.2000 0.0738
4909.5000 0.0738
4910.0000 0.0739
4911.6000 0.0739
4914.0000 0.0739
4919.2000 0.0740
4922.0000 0.0740
4925.0000 0.0740
4926.5000 0.0741
4932.3000 0.0741
4937.2000 0.0741
4940.0000 0.0742
4947.9000 0.0742
4950.2000 0.0742
4962.0000 0.0743
4966.9000 0.0743
4968.3000 0.0743
4974.3000 0.0744
4977.3000 0.0744
4980.2000 0.0744
4980.2000 0.0745
4980.4000 0.0745
4983.0000 0.0745
4984.7000 0.0746
4987.0000 0.0746
4989.0000 0.0747
4992.7000 0.0747
4994.0000 0.0747
4997.9000 0.0748
5001.0000 0.0748
5006.5000 0.0748
5009.0000 0.0749
5017.7000 0.0749
5017.9000 0.0749
5019.2000 0.0750
5020.6000 0.0750
5021.4000 0.0750
5027.7000 0.0751
5035.4000 0.0751
5041.9000 0.0751
5043.2000 0.0752
5044.2000 0.0752
5044.4000 0.0752
5046.1000 0.0753
5052.4000 0.0753
5052.8000 0.0753
5054.5000 0.0754
5057.0000 0.0754
5058.0000 0.0755
5061.2000 0.0755
5064.9000 0.0755
5070.6000 0.0756
5075.1000 0.0756
5082.0000 0.0756
5085.8000 0.0757
5105.1000 0.0757
5105.5000 0.0757
5111.7000 0.0758
5114.6000 0.0758
5116.3000 0.0758
5121.6000 0.0759
5128.4000 0.0759
5130.3000 0.0759
5134.0000 0.0760
5134.9000 0.0760
5135.8000 0.0760
5149.4000 0.0761
5151.7000 0.0761
5154.0000 0.0761
5154.9000 0.0762
5157.1000 0.0762
5157.4000 0.0763
5159.3000 0.0763
5162.1000 0.0763
5163.7000 0.0764
5175.5000 0.0764
5177.3000 0.0764
5182.2000 0.0765
5182.5000 0.0765
5183.7000 0.0765
5185.0000 0.0766
5186.7000 0.0766
5187.0000 0.0766
5195.1000 0.0767
5197.2000 0.0767
5199.1000 0.0767
5199.6000 0.0768
5206.9000 0.0768
5210.2000 0.0768
5222.3000 0.0769
5224.0000 0.0769
5226.7000 0.0769
5227.9000 0.0770
5229.2000 0.0770
5237.8000 0.0770
5240.0000 0.0771
5247.3000 0.0771
5261.7000 0.0772
5262.0000 0.0772
5272.6000 0.0772
5274.0000 0.0773
5278.1000 0.0773
5280.7000 0.0773
5280.8000 0.0774
5285.5000 0.0774
5286.3000 0.0774
5287.4000 0.0775
5297.9000 0.0775
5303.1000 0.0775
5307.9000 0.0776
5322.1000 0.0776
5324.4000 0.0776
5329.1000 0.0777
5329.3000 0.0777
5329.7000 0.0777
5330.1000 0.0778
5332.3000 0.0778
5332.5000 0.0778
5342.9000 0.0779
5344.5000 0.0779
5358.7000 0.0780
5359.2000 0.0780
5359.3000 0.0780
5368.2000 0.0781
5375.7000 0.0781
5375.8000 0.0781
5382.0000 0.0782
5382.6000 0.0782
5383.5000 0.0782
5385.5000 0.0783
5387.3000 0.0783
5387.6000 0.0783
5388.2000 0.0784
5391.4000 0.0784
5395.5000 0.0784
5398.4000 0.0785
5398.6000 0.0785
5400.1000 0.0785
5403.0000 0.0786
5405.5000 0.0786
5411.0000 0.0786
5420.4000 0.0787
5426.0000 0.0787
5434.4000 0.0788
5437.2000 0.0788
5440.9000 0.0788
5443.6000 0.0789
5447.9000 0.0789
5454.5000 0.0789
5458.8000 0.0790
5459.6000 0.0790
5461.5000 0.0790
5461.7000 0.0791
5465.1000 0.0791
5465.4000 0.0791
5471.5000 0.0792
5475.0000 0.0792
5484.5000 0.0792
5484.9000 0.0793
5486.4000 0.0793
5492.2000 0.0793
5492.4000 0.0794
5499.4000 0.0794
5515.7000 0.0794
5518.1000 0.0795
5521.4000 0.0795
5525.8000 0.0795
5525.9000 0.0796
5530.7000 0.0796
5537.1000 0.0797
5539.1000 0.0797
5540.6000 0.0797
5544.5000 0.0798
5556.7000 0.0798
5558.5000 0.0798
5563.5000 0.0799
5564.7000 0.0799
5566.0000 0.0799
5569.8000 0.0800
5581.1000 0.0800
5583.8000 0.0800
5583.9000 0.0801
5586.1000 0.0801
5587.6000 0.0801
5589.2000 0.0802
5597.7000 0.0802
5602.3000 0.0802
5604.1000 0.0803
5606.1000 0.0803
5609.3000 0.0803
5609.4000 0.0804
5610.3000 0.0804
5611.7000 0.0805
5614.8000 0.0805
5617.5000 0.0805
5623.0000 0.0806
5623.4000 0.0806
5624.2000 0.0806
5629.0000 0.0807
5636.0000 0.0807
5636.2000 0.0807
5637.4000 0.0808
5644.3000 0.0808
5647.1000 0.0808
5649.7000 0.0809
5651.0000 0.0809
5652.9000 0.0809
5655.6000 0.0810
5658.6000 0.0810
5661.0000 0.0810
5666.9000 0.0811
5670.8000 0.0811
5672.6000 0.0811
5676.3000 0.0812
5698.4000 0.0812
5705.0000 0.0813
5705.6000 0.0813
5707.4000 0.0813
5711.3000 0.0814
5713.0000 0.0814
5717.8000 0.0814
5718.3000 0.0815
5718.3000 0.0815
5718.3000 0.0815
5722.0000 0.0816
5725.4000 0.0816
5730.3000 0.0816
5738.1000 0.0817
5743.2000 0.0817
5756.7000 0.0817
5759.2000 0.0818
5760.7000 0.0818
5766.7000 0.0818
5766.7000 0.0819
5773.3000 0.0819
5775.4000 0.0819
5781.3000 0.0820
5797.5000 0.0820
5799.9000 0.0820
5800.7000 0.0821
5801.5000 0.0821
5802.0000 0.0822
5808.0000 0.0822
5810.6000 0.0822
5812.9000 0.0823
5813.3000 0.0823
5813.9000 0.0823
5815.1000 0.0824
5817.7000 0.0824
5823.9000 0.0824
5824.0000 0.0825
5826.5000 0.0825
5828.9000 0.0825
5829.4000 0.0826
5830.8000 0.0826
5834.7000 0.0826
5840.7000 0.0827
5843.5000 0.0827
5845.4000 0.0827
5848.7000 0.0828
5852.0000 0.0828
5863.9000 0.0828
5864.0000 0.0829
5872.2000 0.0829
5878.5000 0.0830
5888.9000 0.0830
5891.4000 0.0830
5891.8000 0.0831
5894.6000 0.0831
5894.7000 0.0831
5898.6000 0.0832
5905.4000 0.0832
5905.8000 0.0832
5909.3000 0.0833
5910.3000 0.0833
5910.6000 0.0833
5911.8000 0.0834
5915.2000 0.0834
5915.5000 0.0834
5923.3000 0.0835
5932.3000 0.0835
5938.1000 0.0835
5941.0000 0.0836
5945.9000 0.0836
5947.3000 0.0836
5948.3000 0.0837
5949.6000 0.0837
5952.4000 0.0838
5952.4000 0.0838
5958.6000 0.0838
5966.4000 0.0839
5968.5000 0.0839
5972.0000 0.0839
5974.0000 0.0840
5978.2000 0.0840
5983.6000 0.0840
5989.9000 0.0841
5994.4000 0.0841
5997.4000 0.0841
6006.2000 0.0842
6007.4000 0.0842
6015.3000 0.0842
6019.4000 0.0843
6022.7000 0.0843
6033.5000 0.0843
6035.3000 0.0844
6037.8000 0.0844
6037.9000 0.0844
6041.5000 0.0845
6051.1000 0.0845
6053.6000 0.0845
6057.3000 0.0846
6064.5000 0.0846
6066.5000 0.0847
6069.0000 0.0847
6079.1000 0.0847
6079.3000 0.0848
6084.8000 0.0848
6089.8000 0.0848
6100.3000 0.0849
6116.4000 0.0849
6121.5000 0.0849
6121.9000 0.0850
6134.7000 0.0850
6138.1000 0.0850
6142.1000 0.0851
6142.3000 0.0851
6143.2000 0.0851
6143.4000 0.0852
6144.3000 0.0852
6145.3000 0.0852
6146.9000 0.0853
6147.1000 0.0853
6152.1000 0.0853
6152.9000 0.0854
6156.8000 0.0854
6157.8000 0.0855
6158.5000 0.0855
6168.2000 0.0855
6168.4000 0.0856
6169.1000 0.0856
6176.5000 0.0856
6179.8000 0.0857
6184.1000 0.0857
6186.5000 0.0857
6193.2000 0.0858
6194.9000 0.0858
6196.9000 0.0858
6214.5000 0.0859
6214.6000 0.0859
6215.7000 0.0859
6224.4000 0.0860
6224.7000 0.0860
6225.9000 0.0860
6227.3000 0.0861
6227.7000 0.0861
6227.9000 0.0861
6232.1000 0.0862
6232.2000 0.0862
6236.9000 0.0863
6239.8000 0.0863
6241.8000 0.0863
6250.7000 0.0864
6252.6000 0.0864
6261.1000 0.0864
6269.4000 0.0865
6273.2000 0.0865
6276.9000 0.0865
6277.4000 0.0866
6277.5000 0.0866
6281.5000 0.0866
6285.0000 0.0867
6285.7000 0.0867
6286.9000 0.0867
6288.5000 0.0868
6291.2000 0.0868
6295.3000 0.0868
6304.2000 0.0869
6308.9000 0.0869
6323.2000 0.0869
6328.6000 0.0870
6330.5000 0.0870
6332.5000 0.0870
6334.5000 0.0871
6340.4000 0.0871
6349.2000 0.0872
6349.2000 0.0872
6349.3000 0.0872
6355.5000 0.0873
6364.1000 0.0873
6370.7000 0.0873
6379.0000 0.0874
6382.8000 0.0874
6394.2000 0.0874
6400.9000 0.0875
6404.0000 0.0875
6411.8000 0.0875
6418.0000 0.0876
6418.3000 0.0876
6424.4000 0.0876
6429.4000 0.0877
6429.8000 0.0877
6447.1000 0.0877
6447.9000 0.0878
6453.7000 0.0878
6455.0000 0.0878
6461.2000 0.0879
6462.0000 0.0879
6479.5000 0.0880
6485.2000 0.0880
6489.4000 0.0880
6496.0000 0.0881
6498.7000 0.0881
6502.2000 0.0881
6524.8000 0.0882
6525.0000 0.0882
6526.1000 0.0882
6528.0000 0.0883
6531.3000 0.0883
6531.8000 0.0883
6544.5000 0.0884
6549.0000 0.0884
6559.7000 0.0884
6559.9000 0.0885
6560.8000 0.0885
6561.0000 0.0885
6564.8000 0.0886
6565.4000 0.0886
6568.8000 0.0886
6569.3000 0.0887
6571.0000 0.0887
6571.1000 0.0888
6573.8000 0.0888
6580.0000 0.0888
6584.6000 0.0889
6585.1000 0.0889
6587.1000 0.0889
6590.9000 0.0890
6607.0000 0.0890
6612.1000 0.0890
6620.7000 0.0891
6621.7000 0.0891
6623.3000 0.0891
6630.6000 0.0892
6639.2000 0.0892
6641.7000 0.0892
6643.0000 0.0893
6650.5000 0.0893
6653.0000 0.0893
6653.9000 0.0894
6655.9000 0.0894
6657.7000 0.0894
6667.7000 0.0895
6670.8000 0.0895
6676.3000 0.0895
6678.6000 0.0896
6680.0000 0.0896
6683.4000 0.0897
6689.0000 0.0897
6691.4000 0.0897
6694.4000 0.0898
6695.7000 0.0898
6696.2000 0.0898
6696.5000 0.0899
6704.7000 0.0899
6716.1000 0.0899
6727.0000 0.0900
6727.5000 0.0900
6729.0000 0.0900
6736.2000 0.0901
6737.9000 0.0901
6738.6000 0.0901
6758.6000 0.0902
6770.4000 0.0902
6772.6000 0.0902
6782.3000 0.0903
6796.2000 0.0903
6796.4000 0.0903
6799.4000 0.0904
6800.5000 0.0904
6803.0000 0.0905
6805.6000 0.0905
6809.6000 0.0905
6810.6000 0.0906
6821.0000 0.0906
6824.6000 0.0906
6837.3000 0.0907
6846.8000 0.0907
6850.1000 0.0907
6853.2000 0.0908
6859.9000 0.0908
6861.5000 0.0908
6864.5000 0.0909
6866.4000 0.0909
6867.6000 0.0909
6868.3000 0.0910
6869.3000 0.0910
6870.0000 0.0910
6872.8000 0.0911
6872.9000 0.0911
6879.2000 0.0911
6883.3000 0.0912
6892.7000 0.0912
6903.1000 0.0913
6903.6000 0.0913
6903.9000 0.0913
6906.1000 0.0914
6917.2000 0.0914
6919.7000 0.0914
6929.2000 0.0915
6930.0000 0.0915
6930.6000 0.0915
6934.0000 0.0916
6934.5000 0.0916
6936.9000 0.0916
6938.5000 0.0917
6939.7000 0.0917
6945.5000 0.0917
6952.0000 0.0918
6958.5000 0.0918
6961.1000 0.0918
6965.1000 0.0919
6966.8000 0.0919
6972.0000 0.0919
6980.0000 0.0920
6985.7000 0.0920
7001.3000 0.0920
7002.2000 0.0921
7012.8000 0.0921
7016.6000 0.0922
7050.2000 0.0922
7054.8000 0.0922
7054.9000 0.0923
7055.2000 0.0923
7059.0000 0.0923
7062.5000 0.0924
7077.3000 0.0924
7083.9000 0.0924
7085.1000 0.0925
7095.5000 0.0925
7096.6000 0.0925
7105.7000 0.0926
7106.3000 0.0926
7108.7000 0.0926
7112.3000 0.0927
7118.8000 0.0927
7130.9000 0.0927
7137.4000 0.0928
7150.0000 0.0928
7150.9000 0.0928
7160.6000 0.0929
7167.0000 0.0929
7172.4000 0.0930
7175.3000 0.0930
7175.6000 0.0930
7179.5000 0.0931
7182.2000 0.0931
7185.6000 0.0931
7186.0000 0.0932
7194.1000 0.0932
7197.3000 0.0932
7198.7000 0.0933
7199.9000 0.0933
7202.1000 0.0933
7204.9000 0.0934
7214.6000 0.0934
7224.7000 0.0934
7234.4000 0.0935
7238.6000 0.0935
7242.5000 0.0935
7248.2000 0.0936
7249.4000 0.0936
7256.4000 0.0936
7256.4000 0.0937
7274.7000 0.0937
7279.9000 0.0938
7281.3000 0.0938
7284.7000 0.0938
7292.9000 0.0939
7299.4000 0.0939
7300.7000 0.0939
7303.3000 0.0940
7304.9000 0.0940
7306.6000 0.0940
7308.0000 0.0941
7316.6000 0.0941
7318.4000 0.0941
7318.9000 0.0942
7320.5000 0.0942
7327.0000 0.0942
7328.5000 0.0943
7329.0000 0.0943
7334.0000 0.0943
7335.6000 0.0944
7339.0000 0.0944
7343.3000 0.0944
7356.7000 0.0945
7358.6000 0.0945
7359.8000 0.0945
7362.6000 0.0946
7364.0000 0.0946
7371.7000 0.0947
7372.3000 0.0947
7373.7000 0.0947
7376.5000 0.0948
7378.6000 0.0948
7378.8000 0.0948
7384.5000 0.0949
7385.8000 0.0949
7393.3000 0.0949
7398.2000 0.0950
7404.9000 0.0950
7412.6000 0.0950
7413.0000 0.0951
7416.0000 0.0951
7418.7000 0.0951
7419.2000 0.0952
7422.5000 0.0952
7431.3000 0.0952
7434.8000 0.0953
7446.1000 0.0953
7447.4000 0.0953
7453.5000 0.0954
7459.5000 0.0954
7459.9000 0.0955
7466.6000 0.0955
7468.0000 0.0955
7470.2000 0.0956
7472.8000 0.0956
7484.0000 0.0956
7485.7000 0.0957
7489.2000 0.0957
7491.5000 0.0957
7493.7000 0.0958
7495.4000 0.0958
7495.5000 0.0958
7496.9000 0.0959
7500.0000 0.0959
7518.7000 0.0959
7521.2000 0.0960
7525.7000 0.0960
7538.7000 0.0960
7540.7000 0.0961
7545.9000 0.0961
7550.2000 0.0961
7554.5000 0.0962
7557.1000 0.0962
7558.6000 0.0963
7560.8000 0.0963
7564.0000 0.0963
7576.8000 0.0964
7579.3000 0.0964
7582.8000 0.0964
7583.2000 0.0965
7584.5000 0.0965
7586.6000 0.0965
7586.7000 0.0966
7588.3000 0.0966
7589.7000 0.0966
7595.0000 0.0967
7597.3000 0.0967
7604.8000 0.0967
7605.0000 0.0968
7608.1000 0.0968
7613.0000 0.0968
7613.9000 0.0969
7620.0000 0.0969
7625.2000 0.0969
7630.9000 0.0970
7631.0000 0.0970
7633.2000 0.0970
7635.7000 0.0971
7636.3000 0.0971
7641.8000 0.0972
7651.9000 0.0972
7670.1000 0.0972
7673.7000 0.0973
7673.7000 0.0973
7680.8000 0.0973
7695.6000 0.0974
7735.6000 0.0974
7739.0000 0.0974
7744.2000 0.0975
7766.0000 0.0975
7780.1000 0.0975
7793.4000 0.0976
7799.0000 0.0976
7806.4000 0.0976
7809.9000 0.0977
7811.6000 0.0977
7813.0000 0.0977
7815.1000 0.0978
7823.0000 0.0978
7841.9000 0.0978
7845.0000 0.0979
7847.3000 0.0979
7861.6000 0.0980
7863.6000 0.0980
7864.2000 0.0980
7867.7000 0.0981
7870.7000 0.0981
7876.0000 0.0981
7880.3000 0.0982
7888.1000 0.0982
7890.4000 0.0982
7890.9000 0.0983
7893.3000 0.0983
7897.6000 0.0983
7900.0000 0.0984
7903.4000 0.0984
7910.8000 0.0984
7925.7000 0.0985
7928.8000 0.0985
7938.4000 0.0985
7943.9000 0.0986
7946.6000 0.0986
7948.1000 0.0986
7957.5000 0.0987
7960.6000 0.0987
7963.5000 0.0988
7964.0000 0.0988
7977.9000 0.0988
7979.8000 0.0989
7986.1000 0.0989
7991.8000 0.0989
7993.6000 0.0990
7995.3000 0.0990
7996.0000 0.0990
7999.0000 0.0991
8004.0000 0.0991
8008.1000 0.0991
8008.3000 0.0992
8019.4000 0.0992
8024.9000 0.0992
8027.5000 0.0993
8028.4000 0.0993
8034.7000 0.0993
8035.5000 0.0994
8041.4000 0.0994
8043.0000 0.0994
8048.8000 0.0995
8054.1000 0.0995
8054.3000 0.0995
8062.0000 0.0996
8062.6000 0.0996
8072.5000 0.0997
8079.6000 0.0997
8090.1000 0.0997
8091.5000 0.0998
8091.5000 0.0998
8094.8000 0.0998
8095.7000 0.0999
8099.5000 0.0999
8100.8000 0.0999
8104.0000 0.1000
8110.5000 0.1000
8114.4000 0.1000
8115.0000 0.1001
8116.7000 0.1001
8117.5000 0.1001
8117.8000 0.1002
8119.6000 0.1002
8120.4000 0.1002
8125.2000 0.1003
8127.0000 0.1003
8130.2000 0.1003
8130.4000 0.1004
8136.7000 0.1004
8141.6000 0.1005
8142.1000 0.1005
8143.4000 0.1005
8143.8000 0.1006
8147.4000 0.1006
8152.0000 0.1006
8162.8000 0.1007
8171.7000 0.1007
8174.9000 0.1007
8181.7000 0.1008
8184.4000 0.1008
8191.7000 0.1008
8191.9000 0.1009
8195.5000 0.1009
8196.0000 0.1009
8198.0000 0.1010
8198.6000 0.1010
8200.1000 0.1010
8203.3000 0.1011
8207.3000 0.1011
8208.1000 0.1011
8208.9000 0.1012
8212.1000 0.1012
8215.6000 0.1013
8218.1000 0.1013
8221.7000 0.1013
8230.0000 0.1014
8232.6000 0.1014
8240.9000 0.1014
8248.5000 0.1015
8262.4000 0.1015
8262.6000 0.1015
8266.1000 0.1016
8269.7000 0.1016
8275.8000 0.1016
8278.4000 0.1017
8278.5000 0.1017
8287.6000 0.1017
8292.1000 0.1018
8296.3000 0.1018
8297.1000 0.1018
8311.2000 0.1019
8314.7000 0.1019
8320.0000 0.1019
8322.0000 0.1020
8322.6000 0.1020
8333.0000 0.1020
8343.6000 0.1021
8345.4000 0.1021
8350.3000 0.1022
8352.6000 0.1022
8367.3000 0.1022
8373.3000 0.1023
8377.3000 0.1023
8393.9000 0.1023
8408.2000 0.1024
8408.9000 0.1024
8410.2000 0.1024
8413.9000 0.1025
8417.0000 0.1025
8419.7000 0.1025
8420.0000 0.1026
8423.7000 0.1026
8424.0000 0.1026
8428.1000 0.1027
8446.4000 0.1027
8446.9000 0.1027
8451.7000 0.1028
8455.6000 0.1028
8458.8000 0.1028
8461.3000 0.1029
8461.5000 0.1029
8464.2000 0.1030
8469.0000 0.1030
8469.8000 0.1030
8476.3000 0.1031
8488.2000 0.1031
8493.3000 0.1031
8500.5000 0.1032
8503.3000 0.1032
8505.1000 0.1032
8514.4000 0.1033
8516.3000 0.1033
8517.3000 0.1033
8531.4000 0.1034
8532.2000 0.1034
8534.6000 0.1034
8548.2000 0.1035
8554.9000 0.1035
8560.2000 0.1035
8560.3000 0.1036
8561.1000 0.1036
8564.9000 0.1036
8574.3000 0.1037
8577.0000 0.1037
8578.6000 0.1038
8580.3000 0.1038
8584.1000 0.1038
8586.0000 0.1039
8588.2000 0.1039
8588.6000 0.1039
8601.5000 0.1040
8610.4000 0.1040
8610.5000 0.1040
8611.1000 0.1041
8616.5000 0.1041
8620.6000 0.1041
8621.7000 0.1042
8637.1000 0.1042
8644.3000 0.1042
8645.1000 0.1043
8646.5000 0.1043
8649.4000 0.1043
8649.5000 0.1044
8660.3000 0.1044
8664.9000 0.1044
8674.2000 0.1045
8674.5000 0.1045
8678.9000 0.1045
8681.5000 0.1046
8684.9000 0.1046
8686.6000 0.1047
8692.8000 0.1047
8700.5000 0.1047
8708.2000 0.1048
8713.0000 0.1048
8717.8000 0.1048
8717.8000 0.1049
8718.2000 0.1049
8728.4000 0.1049
8732.9000 0.1050
8733.3000 0.1050
8734.8000 0.1050
8739.1000 0.1051
8741.3000 0.1051
8751.3000 0.1051
8751.7000 0.1052
8752.0000 0.1052
8755.0000 0.1052
8772.3000 0.1053
8781.0000 0.1053
8782.4000 0.1053
8783.7000 0.1054
8793.3000 0.1054
8794.0000 0.1055
8794.8000 0.1055
8804.9000 0.1055
8811.1000 0.1056
8815.9000 0.1056
8825.0000 0.1056
8833.5000 0.1057
8833.5000 0.1057
8836.5000 0.1057
8845.5000 0.1058
8846.8000 0.1058
8847.3000 0.1058
8849.8000 0.1059
8854.4000 0.1059
8856.7000 0.1059
8857.6000 0.1060
8867.9000 0.1060
8873.3000 0.1060
8878.1000 0.1061
8880.3000 0.1061
8900.5000 0.1061
8903.5000 0.1062
8905.7000 0.1062
8906.9000 0.1063
8907.2000 0.1063
8909.1000 0.1063
8914.2000 0.1064
8918.7000 0.1064
8919.0000 0.1064
8919.2000 0.1065
8924.8000 0.1065
8957.5000 0.1065
8962.0000 0.1066
8963.2000 0.1066
8971.2000 0.1066
8977.4000 0.1067
8978.6000 0.1067
8995.7000 0.1067
8999.4000 0.1068
8999.9000 0.1068
9008.5000 0.1068
9011.6000 0.1069
9018.8000 0.1069
9021.7000 0.1069
9023.0000 0.1070
9024.5000 0.1070
9025.2000 0.1070
9025.5000 0.1071
9035.2000 0.1071
9038.4000 0.1072
9042.5000 0.1072
9045.3000 0.1072
9045.6000 0.1073
9055.6000 0.1073
9056.1000 0.1073
9077.3000 0.1074
9082.1000 0.1074
9091.4000 0.1074
9094.8000 0.1075
9101.3000 0.1075
9102.1000 0.1075
9102.6000 0.1076
9104.9000 0.1076
9108.5000 0.1076
9117.4000 0.1077
9118.0000 0.1077
9118.3000 0.1077
9125.9000 0.1078
9127.7000 0.1078
9128.9000 0.1078
9137.4000 0.1079
9138.9000 0.1079
9139.1000 0.1080
9145.5000 0.1080
9146.8000 0.1080
9147.5000 0.1081
9148.2000 0.1081
9148.7000 0.1081
9149.3000 0.1082
9157.8000 0.1082
9164.8000 0.1082
9179.1000 0.1083
9180.1000 0.1083
9180.3000 0.1083
9190.9000 0.1084
9191.9000 0.1084
9198.4000 0.1084
9199.8000 0.1085
9206.0000 0.1085
9208.4000 0.1085
9212.0000 0.1086
9214.1000 0.1086
9214.3000 0.1086
9218.4000 0.1087
9218.8000 0.1087
9219.0000 0.1088
9223.5000 0.1088
9225.5000 0.1088
9227.9000 0.1089
9228.5000 0.1089
9237.2000 0.1089
9241.0000 0.1090
9241.3000 0.1090
9250.8000 0.1090
9252.0000 0.1091
9269.4000 0.1091
9275.2000 0.1091
9275.8000 0.1092
9281.0000 0.1092
9283.0000 0.1092
9294.2000 0.1093
9303.8000 0.1093
9308.7000 0.1093
9311.2000 0.1094
9319.1000 0.1094
9327.1000 0.1094
9333.6000 0.1095
9334.8000 0.1095
9336.9000 0.1095
9338.1000 0.1096
9341.4000 0.1096
9349.3000 0.1097
9352.5000 0.1097
9353.2000 0.1097
9362.4000 0.1098
9363.5000 0.1098
9365.0000 0.1098
9369.7000 0.1099
9373.0000 0.1099
9375.5000 0.1099
9392.8000 0.1100
9394.5000 0.1100
9394.7000 0.1100
9399.0000 0.1101
9406.6000 0.1101
9414.4000 0.1101
9417.8000 0.1102
9432.2000 0.1102
9434.8000 0.1102
9435.8000 0.1103
9437.3000 0.1103
9448.5000 0.1103
9450.6000 0.1104
9452.0000 0.1104
9456.8000 0.1105
9457.7000 0.1105
9458.7000 0.1105
9459.6000 0.1106
9460.9000 0.1106
9465.2000 0.1106
9471.8000 0.1107
9482.0000 0.1107
9482.4000 0.1107
9486.9000 0.1108
9487.3000 0.1108
9488.7000 0.1108
9493.3000 0.1109
9494.1000 0.1109
9498.7000 0.1109
9500.6000 0.1110
9501.3000 0.1110
9503.8000 0.1110
9508.2000 0.1111
9512.9000 0.1111
9514.4000 0.1111
9516.1000 0.1112
9519.4000 0.1112
9525.1000 0.1113
9525.4000 0.1113
9530.9000 0.1113
9531.9000 0.1114
9538.7000 0.1114
9544.7000 0.1114
9569.7000 0.1115
9573.6000 0.1115
9573.9000 0.1115
9575.5000 0.1116
9575.6000 0.1116
9584.8000 0.1116
9587.8000 0.1117
9591.1000 0.1117
9592.4000 0.1117
9597.1000 0.1118
9600.4000 0.1118
9601.2000 0.1118
9601.4000 0.1119
9601.8000 0.1119
9602.1000 0.1119
9610.6000 0.1120
9614.4000 0.1120
9619.9000 0.1120
9620.7000 0.1121
9620.9000 0.1121
9622.4000 0.1122
9638.7000 0.1122
9649.2000 0.1122
9654.0000 0.1123
9654.9000 0.1123
9657.5000 0.1123
9669.6000 0.1124
9670.5000 0.1124
9683.7000 0.1124
9689.4000 0.1125
9690.6000 0.1125
9694.8000 0.1125
9698.9000 0.1126
9710.5000 0.1126
9712.6000 0.1126
9713.2000 0.1127
9714.0000 0.1127
9714.7000 0.1127
9719.5000 0.1128
9721.0000 0.1128
9724.3000 0.1128
9733.8000 0.1129
9738.5000 0.1129
9738.9000 0.1130
9742.6000 0.1130
9744.8000 0.1130
9751.8000 0.1131
9764.2000 0.1131
9773.5000 0.1131
9774.9000 0.1132
9775.1000 0.1132
9780.8000 0.1132
9781.2000 0.1133
9789.9000 0.1133
9791.2000 0.1133
9791.6000 0.1134
9797.3000 0.1134
9801.6000 0.1134
9806.0000 0.1135
9808.4000 0.1135
9813.7000 0.1135
9821.0000 0.1136
9837.1000 0.1136
9837.3000 0.1136
9843.0000 0.1137
9845.9000 0.1137
9847.3000 0.1138
9870.2000 0.1138
9878.1000 0.1138
9891.8000 0.1139
9896.1000 0.1139
9904.1000 0.1139
9905.7000 0.1140
9907.4000 0.1140
9907.9000 0.1140
9909.0000 0.1141
9914.0000 0.1141
9914.3000 0.1141
9917.4000 0.1142
9918.8000 0.1142
9923.9000 0.1142
9927.2000 0.1143
9933.1000 0.1143
9937.0000 0.1143
9944.5000 0.1144
9945.1000 0.1144
9948.3000 0.1144
9950.3000 0.1145
9952.1000 0.1145
9955.1000 0.1145
9956.3000 0.1146
9960.0000 0.1146
9961.2000 0.1147
9978.8000 0.1147
9981.2000 0.1147
9983.9000 0.1148
9987.9000 0.1148
9993.8000 0.1148
9999.0000 0.1149
10000.2000 0.1149
10001.0000 0.1149
10005.2000 0.1150
10005.5000 0.1150
10006.8000 0.1150
10009.6000 0.1151
10010.0000 0.1151
10013.5000 0.1151
10016.4000 0.1152
10016.5000 0.1152
10017.5000 0.1152
10021.6000 0.1153
10032.4000 0.1153
10041.4000 0.1153
10066.3000 0.1154
10068.1000 0.1154
10078.1000 0.1155
10079.3000 0.1155
10080.9000 0.1155
10084.2000 0.1156
10085.0000 0.1156
10086.9000 0.1156
10086.9000 0.1157
10096.9000 0.1157
10099.0000 0.1157
10104.4000 0.1158
10106.7000 0.1158
10120.3000 0.1158
10123.6000 0.1159
10139.6000 0.1159
10141.2000 0.1159
10144.9000 0.1160
10165.7000 0.1160
10168.7000 0.1160
10174.5000 0.1161
10175.2000 0.1161
10177.1000 0.1161
10177.9000 0.1162
10178.6000 0.1162
10188.0000 0.1163
10188.2000 0.1163
10189.9000 0.1163
10191.9000 0.1164
10192.0000 0.1164
10192.8000 0.1164
10195.0000 0.1165
10201.7000 0.1165
10201.9000 0.1165
10205.8000 0.1166
10223.4000 0.1166
10225.5000 0.1166
10230.3000 0.1167
10230.9000 0.1167
10241.4000 0.1167
10241.8000 0.1168
10245.0000 0.1168
10246.6000 0.1168
10255.3000 0.1169
10256.0000 0.1169
10262.1000 0.1169
10262.3000 0.1170
10265.5000 0.1170
10266.1000 0.1170
10266.2000 0.1171
10267.1000 0.1171
10269.3000 0.1172
10275.0000 0.1172
10293.3000 0.1172
10296.7000 0.1173
10303.8000 0.1173
10311.7000 0.1173
10316.6000 0.1174
10322.2000 0.1174
10325.0000 0.1174
10329.5000 0.1175
10335.0000 0.1175
10347.0000 0.1175
10350.7000 0.1176
10355.8000 0.1176
10357.1000 0.1176
10363.8000 0.1177
10364.6000 0.1177
10367.7000 0.1177
10368.5000 0.1178
10376.6000 0.1178
10395.3000 0.1178
10396.4000 0.1179
10396.9000 0.1179
10411.4000 0.1180
10422.8000 0.1180
10425.1000 0.1180
10429.6000 0.1181
10432.2000 0.1181
10435.8000 0.1181
10445.9000 0.1182
10456.0000 0.1182
10458.2000 0.1182
10462.7000 0.1183
10468.9000 0.1183
10474.8000 0.1183
10479.9000 0.1184
10488.8000 0.1184
10500.8000 0.1184
10504.5000 0.1185
10508.6000 0.1185
10510.0000 0.1185
10515.0000 0.1186
10519.1000 0.1186
10523.3000 0.1186
10525.8000 0.1187
10530.0000 0.1187
10541.5000 0.1188
10548.4000 0.1188
10550.6000 0.1188
10563.7000 0.1189
10563.8000 0.1189
10564.4000 0.1189
10567.9000 0.1190
10568.4000 0.1190
10572.5000 0.1190
10578.3000 0.1191
10583.3000 0.1191
10586.0000 0.1191
10586.4000 0.1192
10587.2000 0.1192
10587.9000 0.1192
10590.9000 0.1193
10595.6000 0.1193
10597.2000 0.1193
10598.0000 0.1194
10599.7000 0.1194
10604.7000 0.1194
10607.9000 0.1195
10610.6000 0.1195
10613.3000 0.1195
10615.3000 0.1196
10617.8000 0.1196
10623.3000 0.1197
10623.8000 0.1197
10629.5000 0.1197
10640.0000 0.1198
10643.7000 0.1198
10644.2000 0.1198
10648.0000 0.1199
10649.7000 0.1199
10656.8000 0.1199
10657.6000 0.1200
10658.4000 0.1200
10663.4000 0.1200
10673.2000 0.1201
10679.4000 0.1201
10692.9000 0.1201
10694.3000 0.1202
10696.7000 0.1202
10697.6000 0.1202
10703.7000 0.1203
10714.4000 0.1203
10715.2000 0.1203
10715.3000 0.1204
10725.8000 0.1204
10728.4000 0.1205
10731.4000 0.1205
10735.5000 0.1205
10740.0000 0.1206
10746.1000 0.1206
10748.8000 0.1206
10751.1000 0.1207
10753.9000 0.1207
10787.3000 0.1207
10797.4000 0.1208
10801.8000 0.1208
10804.4000 0.1208
10811.4000 0.1209
10815.5000 0.1209
10817.4000 0.1209
10818.2000 0.1210
10818.5000 0.1210
10819.5000 0.1210
10819.8000 0.1211
10820.4000 0.1211
10826.8000 0.1211
10836.5000 0.1212
10836.6000 0.1212
10837.2000 0.1213
10855.7000 0.1213
10858.3000 0.1213
10863.9000 0.1214
10864.4000 0.1214
10872.3000 0.1214
10878.4000 0.1215
10883.7000 0.1215
10895.1000 0.1215
10897.7000 0.1216
10903.0000 0.1216
10906.0000 0.1216
10906.3000 0.1217
10907.7000 0.1217
10909.3000 0.1217
10909.3000 0.1218
10909.6000 0.1218
10913.3000 0.1218
10923.2000 0.1219
10934.5000 0.1219
10936.8000 0.1219
10943.2000 0.1220
10948.9000 0.1220
10949.5000 0.1220
10955.1000 0.1221
10962.6000 0.1221
10965.6000 0.1222
10966.9000 0.1222
10970.3000 0.1222
10979.3000 0.1223
10988.4000 0.1223
10989.5000 0.1223
10991.8000 0.1224
11006.9000 0.1224
11024.7000 0.1224
11027.2000 0.1225
11030.9000 0.1225
11033.1000 0.1225
11033.4000 0.1226
11037.5000 0.1226
11042.0000 0.1226
11044.5000 0.1227
11051.1000 0.1227
11052.7000 0.1227
11060.3000 0.1228
11062.8000 0.1228
11075.2000 0.1228
11078.1000 0.1229
11085.0000 0.1229
11085.3000 0.1230
11087.1000 0.1230
11093.4000 0.1230
11097.7000 0.1231
11098.9000 0.1231
11101.3000 0.1231
11103.6000 0.1232
11105.7000 0.1232
11106.1000 0.1232
11108.4000 0.1233
11110.2000 0.1233
11119.5000 0.1233
11123.4000 0.1234
11125.0000 0.1234
11127.9000 0.1234
11130.1000 0.1235
11130.3000 0.1235
11133.9000 0.1235
11134.3000 0.1236
11135.3000 0.1236
11138.0000 0.1236
11138.2000 0.1237
11143.8000 0.1237
11149.5000 0.1238
11151.0000 0.1238
11155.8000 0.1238
11161.6000 0.1239
11163.1000 0.1239
11164.6000 0.1239
11167.8000 0.1240
11174.6000 0.1240
11179.7000 0.1240
11195.0000 0.1241
11196.3000 0.1241
11207.3000 0.1241
11212.0000 0.1242
11213.8000 0.1242
11214.1000 0.1242
11214.9000 0.1243
11240.4000 0.1243
11245.0000 0.1243
11247.4000 0.1244
11253.4000 0.1244
11260.6000 0.1244
11262.4000 0.1245
11265.3000 0.1245
11266.4000 0.1245
11274.3000 0.1246
11275.0000 0.1246
11278.3000 0.1247
11278.6000 0.1247
11279.0000 0.1247
11285.4000 0.1248
11294.1000 0.1248
11297.0000 0.1248
11305.5000 0.1249
11306.7000 0.1249
11323.5000 0.1249
11327.0000 0.1250
11328.5000 0.1250
11337.8000 0.1250
11344.7000 0.1251
11364.3000 0.1251
11366.5000 0.1251
11368.6000 0.1252
11369.5000 0.1252
11374.0000 0.1252
11381.5000 0.1253
11384.2000 0.1253
11388.3000 0.1253
11390.1000 0.1254
11400.0000 0.1254
11400.6000 0.1255
11401.5000 0.1255
11409.0000 0.1255
11415.9000 0.1256
11417.4000 0.1256
11423.0000 0.1256
11424.6000 0.1257
11429.4000 0.1257
11437.6000 0.1257
11439.0000 0.1258
11444.9000 0.1258
11445.5000 0.1258
11450.0000 0.1259
11450.6000 0.1259
11451.2000 0.1259
11455.1000 0.1260
11457.2000 0.1260
11459.4000 0.1260
11463.8000 0.1261
11468.5000 0.1261
11470.1000 0.1261
11476.0000 0.1262
11478.1000 0.1262
11482.5000 0.1263
11484.2000 0.1263
11485.0000 0.1263
11485.3000 0.1264
11487.4000 0.1264
11494.0000 0.1264
11497.0000 0.1265
11503.8000 0.1265
11504.4000 0.1265
11509.5000 0.1266
11510.9000 0.1266
11524.5000 0.1266
11525.3000 0.1267
11531.4000 0.1267
11536.8000 0.1267
11539.1000 0.1268
11540.8000 0.1268
11545.2000 0.1268
11562.0000 0.1269
11565.4000 0.1269
11566.7000 0.1269
11571.7000 0.1270
11582.2000 0.1270
11583.0000 0.1270
11583.5000 0.1271
11587.9000 0.1271
11590.5000 0.1272
11592.0000 0.1272
11595.6000 0.1272
11598.7000 0.1273
11599.5000 0.1273
11604.4000 0.1273
11610.9000 0.1274
11613.2000 0.1274
11616.1000 0.1274
11623.7000 0.1275
11634.6000 0.1275
11635.9000 0.1275
11663.3000 0.1276
11686.8000 0.1276
11698.1000 0.1276
11698.3000 0.1277
11698.8000 0.1277
11707.9000 0.1277
11709.4000 0.1278
11713.1000 0.1278
11720.4000 0.1278
11728.1000 0.1279
11742.3000 0.1279
11767.7000 0.1280
11768.0000 0.1280
11768.0000 0.1280
11768.2000 0.1281
11784.1000 0.1281
11789.3000 0.1281
11803.4000 0.1282
11804.0000 0.1282
11815.3000 0.1282
11817.9000 0.1283
11821.8000 0.1283
11821.9000 0.1283
11822.0000 0.1284
11829.5000 0.1284
11833.4000 0.1284
11838.6000 0.1285
11847.7000 0.1285
11850.0000 0.1285
11851.8000 0.1286
11855.4000 0.1286
11864.8000 0.1286
11870.0000 0.1287
11878.1000 0.1287
11879.9000 0.1288
11887.3000 0.1288
11889.2000 0.1288
11890.8000 0.1289
11892.3000 0.1289
11903.6000 0.1289
11903.8000 0.1290
11904.6000 0.1290
11907.1000 0.1290
11908.9000 0.1291
11919.5000 0.1291
11924.5000 0.1291
11946.6000 0.1292
11950.2000 0.1292
11951.3000 0.1292
11956.9000 0.1293
11972.8000 0.1293
11977.1000 0.1293
11980.8000 0.1294
11990.5000 0.1294
11993.6000 0.1294
12000.1000 0.1295
12001.4000 0.1295
12003.2000 0.1295
12005.2000 0.1296
12005.4000 0.1296
12010.3000 0.1297
12012.0000 0.1297
12012.0000 0.1297
12012.3000 0.1298
12017.6000 0.1298
12018.6000 0.1298
12021.6000 0.1299
12028.4000 0.1299
12029.6000 0.1299
12037.1000 0.1300
12052.7000 0.1300
12064.1000 0.1300
12067.4000 0.1301
12069.2000 0.1301
12077.4000 0.1301
12081.3000 0.1302
12084.4000 0.1302
12085.9000 0.1302
12086.1000 0.1303
12103.2000 0.1303
12103.4000 0.1303
12105.2000 0.1304
12110.0000 0.1304
12116.0000 0.1305
12117.4000 0.1305
12119.0000 0.1305
12121.9000 0.1306
12122.0000 0.1306
12123.1000 0.1306
12125.2000 0.1307
12128.8000 0.1307
12130.1000 0.1307
12132.9000 0.1308
12135.7000 0.1308
12139.8000 0.1308
12140.0000 0.1309
12141.9000 0.1309
12142.0000 0.1309
12144.7000 0.1310
12161.5000 0.1310
12162.3000 0.1310
12163.2000 0.1311
12167.2000 0.1311
12167.6000 0.1311
12169.3000 0.1312
12172.3000 0.1312
12175.3000 0.1313
12187.4000 0.1313
12187.7000 0.1313
12190.8000 0.1314
12191.4000 0.1314
12193.7000 0.1314
12194.9000 0.1315
12197.0000 0.1315
12197.2000 0.1315
12204.5000 0.1316
12222.4000 0.1316
12228.5000 0.1316
12235.7000 0.1317
12239.0000 0.1317
12240.2000 0.1317
12243.9000 0.1318
12257.7000 0.1318
12261.3000 0.1318
12262.5000 0.1319
12264.4000 0.1319
12270.2000 0.1319
12285.3000 0.1320
12289.4000 0.1320
12290.8000 0.1320
12299.1000 0.1321
12299.7000 0.1321
12306.7000 0.1322
12312.2000 0.1322
12314.9000 0.1322
12318.7000 0.1323
12325.9000 0.1323
12335.3000 0.1323
12339.6000 0.1324
12341.0000 0.1324
12342.4000 0.1324
12343.9000 0.1325
12345.7000 0.1325
12390.6000 0.1325
12393.2000 0.1326
12398.5000 0.1326
12402.8000 0.1326
12403.0000 0.1327
12409.0000 0.1327
12409.8000 0.1327
12415.8000 0.1328
12421.6000 0.1328
12430.1000 0.1328
12430.3000 0.1329
12431.9000 0.1329
12436.5000 0.1330
12438.5000 0.1330
12440.3000 0.1330
12442.8000 0.1331
12446.3000 0.1331
12456.5000 0.1331
12456.9000 0.1332
12464.6000 0.1332
12465.5000 0.1332
12465.7000 0.1333
12475.4000 0.1333
12477.3000 0.1333
12482.7000 0.1334
12483.4000 0.1334
12486.8000 0.1334
12488.5000 0.1335
12489.5000 0.1335
12508.0000 0.1335
12513.0000 0.1336
12516.2000 0.1336
12518.6000 0.1336
12524.3000 0.1337
12525.7000 0.1337
12530.9000 0.1338
12532.4000 0.1338
12537.2000 0.1338
12541.7000 0.1339
12546.9000 0.1339
12547.0000 0.1339
12552.9000 0.1340
12553.0000 0.1340
12554.6000 0.1340
12555.8000 0.1341
12561.4000 0.1341
12565.9000 0.1341
12572.5000 0.1342
12579.7000 0.1342
12581.4000 0.1342
12585.5000 0.1343
12604.2000 0.1343
12605.7000 0.1343
12615.5000 0.1344
12618.6000 0.1344
12620.1000 0.1344
12623.7000 0.1345
12629.4000 0.1345
12631.3000 0.1345
12631.5000 0.1346
12634.1000 0.1346
12638.1000 0.1347
12639.4000 0.1347
12653.4000 0.1347
12657.1000 0.1348
12657.8000 0.1348
12664.5000 0.1348
12670.5000 0.1349
12676.4000 0.1349
12676.6000 0.1349
12681.4000 0.1350
12685.2000 0.1350
12688.8000 0.1350
12690.2000 0.1351
12690.4000 0.1351
12694.9000 0.1351
12697.8000 0.1352
12708.0000 0.1352
12710.5000 0.1352
12715.4000 0.1353
12722.5000 0.1353
12728.0000 0.1353
12738.7000 0.1354
12750.9000 0.1354
12755.2000 0.1355
12763.0000 0.1355
12778.5000 0.1355
12780.8000 0.1356
12785.6000 0.1356
12793.9000 0.1356
12809.4000 0.1357
12814.3000 0.1357
12815.8000 0.1357
12816.8000 0.1358
12817.2000 0.1358
12819.1000 0.1358
12819.5000 0.1359
12823.5000 0.1359
12825.0000 0.1359
12826.6000 0.1360
12827.7000 0.1360
12828.1000 0.1360
12841.3000 0.1361
12842.0000 0.1361
12854.0000 0.1361
12854.8000 0.1362
12858.0000 0.1362
12859.5000 0.1363
12859.9000 0.1363
12888.2000 0.1363
12893.0000 0.1364
12894.0000 0.1364
12894.5000 0.1364
12896.6000 0.1365
12900.2000 0.1365
12906.1000 0.1365
12910.1000 0.1366
12917.5000 0.1366
12921.0000 0.1366
12926.5000 0.1367
12930.6000 0.1367
12934.2000 0.1367
12937.0000 0.1368
12945.0000 0.1368
12947.7000 0.1368
12958.6000 0.1369
12959.4000 0.1369
12967.4000 0.1369
12968.0000 0.1370
12972.8000 0.1370
12974.6000 0.1370
12978.3000 0.1371
12980.1000 0.1371
12985.7000 0.1372
12993.0000 0.1372
12999.4000 0.1372
13001.9000 0.1373
13008.2000 0.1373
13009.3000 0.1373
13012.2000 0.1374
13020.0000 0.1374
13022.2000 0.1374
13022.2000 0.1375
13024.6000 0.1375
13026.2000 0.1375
13031.2000 0.1376
13034.0000 0.1376
13036.2000 0.1376
13045.6000 0.1377
13070.5000 0.1377
13073.5000 0.1377
13078.5000 0.1378
13091.6000 0.1378
13091.7000 0.1378
13092.1000 0.1379
13092.7000 0.1379
13094.0000 0.1380
13100.9000 0.1380
13113.4000 0.1380
13119.3000 0.1381
13120.3000 0.1381
13125.7000 0.1381
13126.1000 0.1382
13126.8000 0.1382
13143.0000 0.1382
13143.5000 0.1383
13146.4000 0.1383
13153.5000 0.1383
13172.0000 0.1384
13173.0000 0.1384
13174.2000 0.1384
13176.6000 0.1385
13178.6000 0.1385
13219.9000 0.1385
13232.3000 0.1386
13234.2000 0.1386
13236.4000 0.1386
13243.5000 0.1387
13247.9000 0.1387
13253.8000 0.1388
13256.8000 0.1388
13259.5000 0.1388
13260.9000 0.1389
13261.0000 0.1389
13262.7000 0.1389
13269.2000 0.1390
13277.1000 0.1390
13279.6000 0.1390
13293.6000 0.1391
13301.0000 0.1391
13301.3000 0.1391
13306.5000 0.1392
13311.9000 0.1392
13314.4000 0.1392
13331.9000 0.1393
13350.7000 0.1393
13352.9000 0.1393
13353.4000 0.1394
13353.5000 0.1394
13365.4000 0.1394
13366.3000 0.1395
13368.0000 0.1395
13382.3000 0.1395
13383.4000 0.1396
13387.4000 0.1396
13389.2000 0.1397
13391.1000 0.1397
13396.0000 0.1397
13405.8000 0.1398
13407.4000 0.1398
13410.3000 0.1398
13412.3000 0.1399
13421.0000 0.1399
13430.0000 0.1399
13432.0000 0.1400
13432.2000 0.1400
13434.9000 0.1400
13436.7000 0.1401
13440.9000 0.1401
13448.7000 0.1401
13449.4000 0.1402
13450.1000 0.1402
13456.9000 0.1402
13457.4000 0.1403
13466.9000 0.1403
13485.2000 0.1403
13487.4000 0.1404
13494.1000 0.1404
13494.9000 0.1405
13505.6000 0.1405
13507.2000 0.1405
13507.9000 0.1406
13510.9000 0.1406
13511.5000 0.1406
13513.6000 0.1407
13514.0000 0.1407
13524.7000 0.1407
13534.7000 0.1408
13535.6000 0.1408
13536.2000 0.1408
13543.2000 0.1409
13546.5000 0.1409
13560.1000 0.1409
13563.4000 0.1410
13573.8000 0.1410
13577.0000 0.1410
13579.4000 0.1411
13581.9000 0.1411
13592.7000 0.1411
13593.5000 0.1412
13594.9000 0.1412
13613.5000 0.1413
13625.9000 0.1413
13627.5000 0.1413
13634.0000 0.1414
13635.2000 0.1414
13637.0000 0.1414
13637.3000 0.1415
13642.0000 0.1415
13644.4000 0.1415
13648.4000 0.1416
13652.0000 0.1416
13654.5000 0.1416
13667.1000 0.1417
13670.9000 0.1417
13673.8000 0.1417
13676.1000 0.1418
13677.5000 0.1418
13681.8000 0.1418
13683.2000 0.1419
13689.6000 0.1419
13693.0000 0.1419
13696.9000 0.1420
13706.1000 0.1420
13709.3000 0.1420
13711.3000 0.1421
13714.9000 0.1421
13722.0000 0.1422
13723.5000 0.1422
13730.4000 0.1422
13732.0000 0.1423
13737.3000 0.1423
13742.3000 0.1423
13744.2000 0.1424
13751.6000 0.1424
13752.9000 0.1424
13758.3000 0.1425
13763.2000 0.1425
13769.3000 0.1425
13779.2000 0.1426
13782.0000 0.1426
13783.0000 0.1426
13784.5000 0.1427
13800.6000 0.1427
13806.3000 0.1427
13809.6000 0.1428
13831.9000 0.1428
13835.4000 0.1428
13839.4000 0.1429
13846.2000 0.1429
13850.5000 0.1430
13855.5000 0.1430
13856.6000 0.1430
13861.2000 0.1431
13871.3000 0.1431
13876.1000 0.1431
13884.9000 0.1432
13886.0000 0.1432
13900.7000 0.1432
13912.1000 0.1433
13913.0000 0.1433
13915.9000 0.1433
13918.2000 0.1434
13919.0000 0.1434
13935.3000 0.1434
13938.6000 0.1435
13941.4000 0.1435
13942.0000 0.1435
13953.2000 0.1436
13953.7000 0.1436
13961.1000 0.1436
13969.8000 0.1437
13977.5000 0.1437
13985.3000 0.1438
13986.7000 0.1438
13995.0000 0.1438
13997.8000 0.1439
13999.4000 0.1439
14002.0000 0.1439
14006.5000 0.1440
14008.1000 0.1440
14022.4000 0.1440
14023.0000 0.1441
14027.3000 0.1441
14031.3000 0.1441
14036.0000 0.1442
14037.3000 0.1442
14046.5000 0.1442
14059.5000 0.1443
14061.6000 0.1443
14064.2000 0.1443
14068.9000 0.1444
14082.4000 0.1444
14085.1000 0.1444
14087.2000 0.1445
14090.8000 0.1445
14096.8000 0.1445
14098.8000 0.1446
14108.0000 0.1446
14109.2000 0.1447
14110.0000 0.1447
14111.9000 0.1447
14114.8000 0.1448
14116.6000 0.1448
14130.5000 0.1448
14131.6000 0.1449
14144.4000 0.1449
14146.2000 0.1449
14149.4000 0.1450
14151.4000 0.1450
14154.7000 0.1450
14156.6000 0.1451
14168.4000 0.1451
14171.9000 0.1451
14172.8000 0.1452
14174.2000 0.1452
14177.9000 0.1452
14182.3000 0.1453
14185.8000 0.1453
14188.3000 0.1453
14191.6000 0.1454
14196.0000 0.1454
14198.8000 0.1455
14199.7000 0.1455
14218.6000 0.1455
14225.6000 0.1456
14234.9000 0.1456
14252.8000 0.1456
14253.7000 0.1457
14256.0000 0.1457
14260.7000 0.1457
14267.6000 0.1458
14272.8000 0.1458
14273.3000 0.1458
14275.0000 0.1459
14277.8000 0.1459
14284.5000 0.1459
14289.8000 0.1460
14290.0000 0.1460
14290.3000 0.1460
14306.3000 0.1461
14320.9000 0.1461
14334.3000 0.1461
14343.3000 0.1462
14351.0000 0.1462
14351.1000 0.1463
14356.2000 0.1463
14358.9000 0.1463
14366.3000 0.1464
14376.1000 0.1464
14384.6000 0.1464
14389.9000 0.1465
14393.3000 0.1465
14395.4000 0.1465
14396.9000 0.1466
14397.8000 0.1466
14398.4000 0.1466
14398.9000 0.1467
14399.3000 0.1467
14405.8000 0.1467
14406.9000 0.1468
14407.8000 0.1468
14413.7000 0.1468
14413.8000 0.1469
14419.3000 0.1469
14420.3000 0.1469
14429.9000 0.1470
14432.3000 0.1470
14435.4000 0.1470
14435.5000 0.1471
14441.8000 0.1471
14451.6000 0.1472
14455.7000 0.1472
14456.8000 0.1472
14467.3000 0.1473
14470.0000 0.1473
14471.7000 0.1473
14473.2000 0.1474
14475.2000 0.1474
14479.0000 0.1474
14481.2000 0.1475
14495.6000 0.1475
14515.5000 0.1475
14516.8000 0.1476
14519.4000 0.1476
14539.9000 0.1476
14544.7000 0.1477
14545.1000 0.1477
14549.1000 0.1477
14549.7000 0.1478
14551.1000 0.1478
14551.8000 0.1478
14553.8000 0.1479
14578.8000 0.1479
14579.2000 0.1480
14585.2000 0.1480
14585.2000 0.1480
14587.9000 0.1481
14590.4000 0.1481
14592.6000 0.1481
14593.3000 0.1482
14593.9000 0.1482
14600.3000 0.1482
14600.6000 0.1483
14602.1000 0.1483
14607.4000 0.1483
14608.1000 0.1484
14614.1000 0.1484
14614.7000 0.1484
14615.9000 0.1485
14620.7000 0.1485
14621.6000 0.1485
14627.2000 0.1486
14628.0000 0.1486
14628.8000 0.1486
14631.4000 0.1487
14636.0000 0.1487
14637.1000 0.1488
14645.8000 0.1488
14648.0000 0.1488
14651.0000 0.1489
14651.3000 0.1489
14656.4000 0.1489
14659.9000 0.1490
14666.9000 0.1490
14669.8000 0.1490
14675.7000 0.1491
14680.2000 0.1491
14683.6000 0.1491
14691.6000 0.1492
14692.6000 0.1492
14693.0000 0.1492
14693.3000 0.1493
14698.0000 0.1493
14705.6000 0.1493
14707.2000 0.1494
14711.3000 0.1494
14720.4000 0.1494
14727.6000 0.1495
14731.5000 0.1495
14737.1000 0.1495
14738.4000 0.1496
14744.8000 0.1496
14747.1000 0.1497
14748.4000 0.1497
14749.9000 0.1497
14753.4000 0.1498
14754.2000 0.1498
14756.1000 0.1498
14756.6000 0.1499
14764.0000 0.1499
14768.5000 0.1499
14774.6000 0.1500
14778.0000 0.1500
14781.0000 0.1500
14782.0000 0.1501
14784.1000 0.1501
14786.1000 0.1501
14797.3000 0.1502
14800.6000 0.1502
14807.3000 0.1502
14814.8000 0.1503
14815.3000 0.1503
14817.1000 0.1503
14825.1000 0.1504
14831.3000 0.1504
14834.0000 0.1505
14839.5000 0.1505
14849.7000 0.1505
14850.2000 0.1506
14865.3000 0.1506
14871.9000 0.1506
14872.0000 0.1507
14873.9000 0.1507
14878.3000 0.1507
14889.9000 0.1508
14891.6000 0.1508
14895.3000 0.1508
14897.1000 0.1509
14900.9000 0.1509
14901.8000 0.1509
14909.8000 0.1510
14911.1000 0.1510
14920.6000 0.1510
14927.6000 0.1511
14930.0000 0.1511
14931.9000 0.1511
14933.7000 0.1512
14935.2000 0.1512
14937.3000 0.1513
14945.0000 0.1513
14952.4000 0.1513
14956.8000 0.1514
14957.8000 0.1514
14958.6000 0.1514
14962.9000 0.1515
14964.6000 0.1515
14980.1000 0.1515
14981.6000 0.1516
14986.2000 0.1516
14991.2000 0.1516
14991.8000 0.1517
14997.5000 0.1517
15004.2000 0.1517
15016.2000 0.1518
15018.2000 0.1518
15022.3000 0.1518
15030.7000 0.1519
15032.0000 0.1519
15032.4000 0.1519
15034.5000 0.1520
15041.4000 0.1520
15043.0000 0.1520
15048.8000 0.1521
15052.9000 0.1521
15059.4000 0.1522
15061.3000 0.1522
15068.0000 0.1522
15075.4000 0.1523
15083.8000 0.1523
15092.7000 0.1523
15099.6000 0.1524
15104.4000 0.1524
15104.9000 0.1524
15109.3000 0.1525
15110.2000 0.1525
15115.7000 0.1525
15123.3000 0.1526
15125.0000 0.1526
15135.5000 0.1526
15143.8000 0.1527
15145.1000 0.1527
15162.5000 0.1527
15165.7000 0.1528
15174.3000 0.1528
15179.8000 0.1528
15183.0000 0.1529
15184.6000 0.1529
15204.1000 0.1530
15207.0000 0.1530
15225.2000 0.1530
15228.0000 0.1531
15233.3000 0.1531
15237.0000 0.1531
15243.5000 0.1532
15246.6000 0.1532
15254.8000 0.1532
15260.3000 0.1533
15262.6000 0.1533
15264.4000 0.1533
15272.5000 0.1534
15277.0000 0.1534
15279.7000 0.1534
15283.0000 0.1535
15288.7000 0.1535
15305.0000 0.1535
15308.4000 0.1536
15312.0000 0.1536
15315.8000 0.1536
15328.0000 0.1537
15335.6000 0.1537
15335.9000 0.1538
15341.3000 0.1538
15347.9000 0.1538
15350.5000 0.1539
15358.2000 0.1539
15360.5000 0.1539
15369.5000 0.1540
15370.0000 0.1540
15372.6000 0.1540
15381.7000 0.1541
15389.3000 0.1541
15389.5000 0.1541
15389.9000 0.1542
15393.5000 0.1542
15396.2000 0.1542
15407.9000 0.1543
15411.7000 0.1543
15419.5000 0.1543
15429.9000 0.1544
15444.5000 0.1544
15452.7000 0.1544
15456.2000 0.1545
15462.0000 0.1545
15473.1000 0.1545
15476.1000 0.1546
15481.4000 0.1546
15482.7000 0.1547
15485.0000 0.1547
15488.8000 0.1547
15489.7000 0.1548
15490.6000 0.1548
15496.2000 0.1548
15517.1000 0.1549
15520.6000 0.1549
15531.6000 0.1549
15533.4000 0.1550
15533.6000 0.1550
15537.6000 0.1550
15538.1000 0.1551
15546.0000 0.1551
15550.5000 0.1551
15553.5000 0.1552
15554.2000 0.1552
15562.8000 0.1552
15565.0000 0.1553
15575.7000 0.1553
15588.6000 0.1553
15594.9000 0.1554
15597.1000 0.1554
15603.5000 0.1555
15618.2000 0.1555
15626.9000 0.1555
15626.9000 0.1556
15631.9000 0.1556
15632.0000 0.1556
15632.7000 0.1557
15641.0000 0.1557
15643.4000 0.1557
15644.9000 0.1558
15646.5000 0.1558
15647.1000 0.1558
15647.2000 0.1559
15651.7000 0.1559
15651.9000 0.1559
15653.0000 0.1560
15663.2000 0.1560
15668.2000 0.1560
15668.5000 0.1561
15672.1000 0.1561
15673.7000 0.1561
15674.1000 0.1562
15676.0000 0.1562
15680.6000 0.1563
15689.7000 0.1563
15695.0000 0.1563
15695.0000 0.1564
15697.0000 0.1564
15697.9000 0.1564
15702.5000 0.1565
15712.1000 0.1565
15718.5000 0.1565
15731.0000 0.1566
15732.3000 0.1566
15732.6000 0.1566
15733.5000 0.1567
15739.3000 0.1567
15743.4000 0.1567
15746.4000 0.1568
15752.0000 0.1568
15754.3000 0.1568
15756.0000 0.1569
15756.4000 0.1569
15765.3000 0.1569
15766.6000 0.1570
15767.0000 0.1570
15771.0000 0.1570
15775.0000 0.1571
15787.4000 0.1571
15788.3000 0.1572
15794.2000 0.1572
15812.6000 0.1572
15815.2000 0.1573
15816.6000 0.1573
15819.6000 0.1573
15824.1000 0.1574
15836.9000 0.1574
15837.4000 0.1574
15851.9000 0.1575
15875.4000 0.1575
15883.3000 0.1575
15885.8000 0.1576
15891.3000 0.1576
15900.6000 0.1576
15903.6000 0.1577
15907.6000 0.1577
15909.5000 0.1577
15910.1000 0.1578
15910.9000 0.1578
15920.3000 0.1578
15929.0000 0.1579
15929.4000 0.1579
15930.8000 0.1580
15938.1000 0.1580
15947.1000 0.1580
15952.0000 0.1581
15963.8000 0.1581
15984.3000 0.1581
15988.6000 0.1582
15991.1000 0.1582
15992.3000 0.1582
16011.6000 0.1583
16014.3000 0.1583
16015.9000 0.1583
16020.9000 0.1584
16023.3000 0.1584
16026.2000 0.1584
16028.6000 0.1585
16032.3000 0.1585
16046.4000 0.1585
16049.4000 0.1586
16051.2000 0.1586
16052.8000 0.1586
16055.2000 0.1587
16057.0000 0.1587
16058.7000 0.1588
16059.4000 0.1588
16060.6000 0.1588
16063.2000 0.1589
16065.8000 0.1589
16068.2000 0.1589
16082.1000 0.1590
16084.1000 0.1590
16086.2000 0.1590
16086.8000 0.1591
16087.0000 0.1591
16088.6000 0.1591
16091.4000 0.1592
16091.6000 0.1592
16105.6000 0.1592
16105.9000 0.1593
16112.7000 0.1593
16114.8000 0.1593
16115.2000 0.1594
16125.5000 0.1594
16133.6000 0.1594
16135.0000 0.1595
16135.0000 0.1595
16138.9000 0.1595
16144.6000 0.1596
16161.6000 0.1596
16165.9000 0.1597
16167.6000 0.1597
16182.9000 0.1597
16197.4000 0.1598
16198.4000 0.1598
16198.5000 0.1598
16214.3000 0.1599
16215.9000 0.1599
16227.1000 0.1599
16229.4000 0.1600
16239.0000 0.1600
16240.3000 0.1600
16251.6000 0.1601
16257.8000 0.1601
16258.7000 0.1601
16265.8000 0.1602
16266.1000 0.1602
16271.4000 0.1602
16276.2000 0.1603
16284.5000 0.1603
16285.7000 0.1603
16287.2000 0.1604
16291.6000 0.1604
16294.4000 0.1605
16301.7000 0.1605
16303.1000 0.1605
16304.3000 0.1606
16305.2000 0.1606
16305.4000 0.1606
16308.5000 0.1607
16316.7000 0.1607
16331.8000 0.1607
16335.4000 0.1608
16344.6000 0.1608
16345.6000 0.1608
16352.1000 0.1609
16354.0000 0.1609
16357.9000 0.1609
16358.2000 0.1610
16371.9000 0.1610
16383.6000 0.1610
16388.9000 0.1611
16390.5000 0.1611
16393.3000 0.1611
16393.9000 0.1612
16397.3000 0.1612
16401.3000 0.1613
16413.5000 0.1613
16417.6000 0.1613
16432.9000 0.1614
16444.0000 0.1614
16454.9000 0.1614
16456.5000 0.1615
16465.9000 0.1615
16474.0000 0.1615
16474.6000 0.1616
16485.2000 0.1616
16495.0000 0.1616
16503.3000 0.1617
16506.3000 0.1617
16510.8000 0.1617
16513.6000 0.1618
16518.7000 0.1618
16519.0000 0.1618
16528.9000 0.1619
16544.8000 0.1619
16546.0000 0.1619
16553.9000 0.1620
16555.0000 0.1620
16560.2000 0.1620
16560.6000 0.1621
16565.2000 0.1621
16570.8000 0.1622
16591.4000 0.1622
16593.0000 0.1622
16596.3000 0.1623
16597.7000 0.1623
16612.4000 0.1623
16617.8000 0.1624
16625.5000 0.1624
16625.5000 0.1624
16630.9000 0.1625
16638.4000 0.1625
16642.6000 0.1625
16656.5000 0.1626
16659.4000 0.1626
16673.2000 0.1626
16674.2000 0.1627
16678.3000 0.1627
16697.4000 0.1627
16697.9000 0.1628
16698.1000 0.1628
16707.8000 0.1628
16711.2000 0.1629
16712.2000 0.1629
16723.7000 0.1630
16723.8000 0.1630
16735.3000 0.1630
16739.1000 0.1631
16740.4000 0.1631
16746.1000 0.1631
16748.3000 0.1632
16755.0000 0.1632
16756.7000 0.1632
16767.8000 0.1633
16775.8000 0.1633
16776.8000 0.1633
16785.0000 0.1634
16787.6000 0.1634
16789.8000 0.1634
16791.3000 0.1635
16794.2000 0.1635
16799.4000 0.1635
16814.4000 0.1636
16815.5000 0.1636
16819.9000 0.1636
16821.2000 0.1637
16824.8000 0.1637
16825.4000 0.1638
16826.9000 0.1638
16837.9000 0.1638
16841.4000 0.1639
16842.1000 0.1639
16847.4000 0.1639
16851.8000 0.1640
16853.1000 0.1640
16856.0000 0.1640
16859.5000 0.1641
16861.2000 0.1641
16861.8000 0.1641
16872.4000 0.1642
16876.6000 0.1642
16876.8000 0.1642
16895.7000 0.1643
16896.2000 0.1643
16902.5000 0.1643
16911.6000 0.1644
16917.4000 0.1644
16920.8000 0.1644
16932.5000 0.1645
16934.0000 0.1645
16935.7000 0.1645
16936.5000 0.1646
16940.4000 0.1646
16952.2000 0.1647
16952.5000 0.1647
16953.4000 0.1647
16963.3000 0.1648
16963.7000 0.1648
16970.1000 0.1648
16977.5000 0.1649
16979.0000 0.1649
16980.6000 0.1649
16987.4000 0.1650
16996.9000 0.1650
17000.2000 0.1650
17006.7000 0.1651
17025.4000 0.1651
17027.1000 0.1651
17028.0000 0.1652
17028.3000 0.1652
17051.8000 0.1652
17058.8000 0.1653
17065.3000 0.1653
17074.3000 0.1653
17084.2000 0.1654
17095.0000 0.1654
17113.4000 0.1655
17121.7000 0.1655
17122.3000 0.1655
17131.0000 0.1656
17132.3000 0.1656
17136.2000 0.1656
17141.9000 0.1657
17142.3000 0.1657
17143.8000 0.1657
17144.1000 0.1658
17148.1000 0.1658
17160.1000 0.1658
17163.8000 0.1659
17166.3000 0.1659
17182.7000 0.1659
17183.4000 0.1660
17185.5000 0.1660
17190.0000 0.1660
17192.7000 0.1661
17193.1000 0.1661
17196.9000 0.1661
17202.6000 0.1662
17209.1000 0.1662
17210.7000 0.1663
17214.7000 0.1663
17217.1000 0.1663
17231.9000 0.1664
17233.8000 0.1664
17234.3000 0.1664
17235.7000 0.1665
17236.4000 0.1665
17237.5000 0.1665
17240.1000 0.1666
17243.3000 0.1666
17252.4000 0.1666
17253.9000 0.1667
17262.5000 0.1667
17266.0000 0.1667
17274.0000 0.1668
17279.6000 0.1668
17284.0000 0.1668
17294.6000 0.1669
17303.2000 0.1669
17306.5000 0.1669
17312.9000 0.1670
17317.0000 0.1670
17321.0000 0.1670
17327.8000 0.1671
17345.2000 0.1671
17350.2000 0.1672
17355.7000 0.1672
17363.1000 0.1672
17369.3000 0.1673
17371.6000 0.1673
17381.3000 0.1673
17383.1000 0.1674
17388.6000 0.1674
17389.3000 0.1674
17391.0000 0.1675
17391.8000 0.1675
17401.6000 0.1675
17405.8000 0.1676
17406.3000 0.1676
17407.9000 0.1676
17418.3000 0.1677
17424.6000 0.1677
17437.4000 0.1677
17443.5000 0.1678
17446.8000 0.1678
17450.5000 0.1678
17450.9000 0.1679
17452.7000 0.1679
17463.0000 0.1680
17465.3000 0.1680
17471.9000 0.1680
17474.2000 0.1681
17474.5000 0.1681
17478.2000 0.1681
17482.2000 0.1682
17482.3000 0.1682
17494.3000 0.1682
17494.4000 0.1683
17495.3000 0.1683
17496.5000 0.1683
17496.9000 0.1684
17498.9000 0.1684
17503.7000 0.1684
17504.2000 0.1685
17513.6000 0.1685
17518.2000 0.1685
17526.0000 0.1686
17531.9000 0.1686
17532.0000 0.1686
17533.1000 0.1687
17538.4000 0.1687
17538.4000 0.1688
17542.0000 0.1688
17544.1000 0.1688
17555.7000 0.1689
17558.0000 0.1689
17567.5000 0.1689
17572.2000 0.1690
17578.5000 0.1690
17585.6000 0.1690
17586.0000 0.1691
17588.1000 0.1691
17588.8000 0.1691
17596.3000 0.1692
17599.1000 0.1692
17600.1000 0.1692
17601.0000 0.1693
17604.8000 0.1693
17605.8000 0.1693
17606.1000 0.1694
17612.6000 0.1694
17614.2000 0.1694
17627.5000 0.1695
17628.5000 0.1695
17636.0000 0.1695
17638.8000 0.1696
17645.4000 0.1696
17645.4000 0.1697
17654.6000 0.1697
17657.4000 0.1697
17657.9000 0.1698
17661.4000 0.1698
17661.5000 0.1698
17670.7000 0.1699
17676.6000 0.1699
17677.4000 0.1699
17689.1000 0.1700
17692.5000 0.1700
17695.4000 0.1700
17698.0000 0.1701
17706.3000 0.1701
17712.3000 0.1701
17720.8000 0.1702
17725.9000 0.1702
17726.6000 0.1702
17739.0000 0.1703
17741.1000 0.1703
17749.2000 0.1703
17751.5000 0.1704
17757.2000 0.1704
17768.6000 0.1705
17771.9000 0.1705
17773.6000 0.1705
17773.6000 0.1706
17780.7000 0.1706
17788.8000 0.1706
17805.6000 0.1707
17805.7000 0.1707
17817.4000 0.1707
17821.3000 0.1708
17822.5000 0.1708
17823.2000 0.1708
17828.1000 0.1709
17828.6000 0.1709
17830.0000 0.1709
17843.7000 0.1710
17851.2000 0.1710
17853.3000 0.1710
17860.3000 0.1711
17868.4000 0.1711
17878.6000 0.1711
17884.8000 0.1712
17888.0000 0.1712
17895.5000 0.1713
17905.0000 0.1713
17907.0000 0.1713
17907.0000 0.1714
17909.3000 0.1714
17909.3000 0.1714
17912.8000 0.1715
17913.6000 0.1715
17920.9000 0.1715
17921.5000 0.1716
17929.8000 0.1716
17938.8000 0.1716
17940.4000 0.1717
17941.4000 0.1717
17944.1000 0.1717
17951.4000 0.1718
17955.0000 0.1718
17955.7000 0.1718
17955.8000 0.1719
17956.1000 0.1719
17973.7000 0.1719
17975.0000 0.1720
17978.3000 0.1720
17989.5000 0.1720
17990.9000 0.1721
17991.6000 0.1721
17997.5000 0.1722
17998.8000 0.1722
18003.2000 0.1722
18018.0000 0.1723
18018.4000 0.1723
18019.5000 0.1723
18030.6000 0.1724
18039.7000 0.1724
18044.7000 0.1724
18051.7000 0.1725
18065.3000 0.1725
18072.2000 0.1725
18074.9000 0.1726
18075.6000 0.1726
18075.9000 0.1726
18080.4000 0.1727
18091.7000 0.1727
18095.0000 0.1727
18095.3000 0.1728
18096.6000 0.1728
18097.6000 0.1728
18116.7000 0.1729
18117.0000 0.1729
18117.3000 0.1730
18136.6000 0.1730
18144.0000 0.1730
18146.7000 0.1731
18148.8000 0.1731
18167.8000 0.1731
18172.0000 0.1732
18173.7000 0.1732
18177.8000 0.1732
18180.2000 0.1733
18182.0000 0.1733
18187.1000 0.1733
18190.6000 0.1734
18218.1000 0.1734
18222.2000 0.1734
18232.2000 0.1735
18235.1000 0.1735
18247.6000 0.1735
18250.1000 0.1736
18265.1000 0.1736
18270.2000 0.1736
18295.8000 0.1737
18299.3000 0.1737
18308.1000 0.1738
18308.4000 0.1738
18313.1000 0.1738
18325.8000 0.1739
18326.0000 0.1739
18332.2000 0.1739
18342.2000 0.1740
18344.0000 0.1740
18344.7000 0.1740
18350.1000 0.1741
18359.7000 0.1741
18365.7000 0.1741
18366.0000 0.1742
18377.4000 0.1742
18377.5000 0.1742
18381.2000 0.1743
18381.7000 0.1743
18395.5000 0.1743
18398.9000 0.1744
18402.2000 0.1744
18409.0000 0.1744
18412.5000 0.1745
18417.0000 0.1745
18418.4000 0.1745
18418.5000 0.1746
18420.2000 0.1746
18422.0000 0.1747
18429.7000 0.1747
18439.9000 0.1747
18443.5000 0.1748
18446.2000 0.1748
18449.4000 0.1748
18462.2000 0.1749
18464.3000 0.1749
18476.3000 0.1749
18487.3000 0.1750
18488.5000 0.1750
18505.2000 0.1750
18513.7000 0.1751
18529.0000 0.1751
18537.1000 0.1751
18539.4000 0.1752
18540.0000 0.1752
18540.7000 0.1752
18548.6000 0.1753
18556.5000 0.1753
18563.3000 0.1753
18568.7000 0.1754
18570.1000 0.1754
18570.4000 0.1755
18573.0000 0.1755
18602.3000 0.1755
18604.1000 0.1756
18610.5000 0.1756
18619.4000 0.1756
18628.6000 0.1757
18629.0000 0.1757
18632.1000 0.1757
18642.7000 0.1758
18642.9000 0.1758
18644.7000 0.1758
18648.4000 0.1759
18656.1000 0.1759
18658.8000 0.1759
18665.3000 0.1760
18666.3000 0.1760
18667.3000 0.1760
18668.2000 0.1761
18689.6000 0.1761
18695.9000 0.1761
18699.0000 0.1762
18703.1000 0.1762
18703.3000 0.1763
18715.2000 0.1763
18718.4000 0.1763
18721.5000 0.1764
18723.0000 0.1764
18728.9000 0.1764
18753.1000 0.1765
18754.1000 0.1765
18790.5000 0.1765
18804.6000 0.1766
18821.4000 0.1766
18827.4000 0.1766
18828.1000 0.1767
18830.9000 0.1767
18835.5000 0.1767
18852.1000 0.1768
18853.8000 0.1768
18858.9000 0.1768
18872.6000 0.1769
18875.4000 0.1769
18876.2000 0.1769
18884.6000 0.1770
18888.2000 0.1770
18889.0000 0.1770
18893.5000 0.1771
18893.9000 0.1771
18900.0000 0.1772
18904.3000 0.1772
18918.2000 0.1772
18934.9000 0.1773
18935.3000 0.1773
18944.9000 0.1773
18945.4000 0.1774
18961.1000 0.1774
18982.9000 0.1774
18986.4000 0.1775
18987.0000 0.1775
18995.0000 0.1775
19003.0000 0.1776
19003.7000 0.1776
19004.2000 0.1776
19010.7000 0.1777
19021.5000 0.1777
19022.9000 0.1777
19028.5000 0.1778
19034.7000 0.1778
19043.0000 0.1778
19043.1000 0.1779
19044.9000 0.1779
19054.2000 0.1780
19056.6000 0.1780
19061.0000 0.1780
19069.2000 0.1781
19073.4000 0.1781
19075.4000 0.1781
19076.5000 0.1782
19084.3000 0.1782
19087.6000 0.1782
19093.3000 0.1783
19094.2000 0.1783
19100.6000 0.1783
19121.3000 0.1784
19123.2000 0.1784
19124.0000 0.1784
19125.0000 0.1785
19126.1000 0.1785
19127.4000 0.1785
19131.4000 0.1786
19131.9000 0.1786
19134.3000 0.1786
19134.6000 0.1787
19138.7000 0.1787
19150.0000 0.1788
19152.2000 0.1788
19154.0000 0.1788
19157.1000 0.1789
19162.6000 0.1789
19167.7000 0.1789
19173.1000 0.1790
19174.6000 0.1790
19183.8000 0.1790
19184.7000 0.1791
19187.6000 0.1791
19194.2000 0.1791
19203.8000 0.1792
19206.3000 0.1792
19206.4000 0.1792
19209.2000 0.1793
19211.0000 0.1793
19217.1000 0.1793
19224.0000 0.1794
19226.7000 0.1794
19232.2000 0.1794
19237.0000 0.1795
19238.6000 0.1795
19252.5000 0.1795
19257.2000 0.1796
19258.9000 0.1796
19270.0000 0.1797
19273.3000 0.1797
19276.1000 0.1797
19280.5000 0.1798
19281.8000 0.1798
19284.6000 0.1798
19293.8000 0.1799
19304.9000 0.1799
19341.4000 0.1799
19344.0000 0.1800
19347.3000 0.1800
19350.7000 0.1800
19354.8000 0.1801
19362.0000 0.1801
19364.3000 0.1801
19367.4000 0.1802
19371.8000 0.1802
19390.0000 0.1802
19398.6000 0.1803
19399.2000 0.1803
19405.0000 0.1803
19410.0000 0.1804
19413.6000 0.1804
19421.7000 0.1805
19427.7000 0.1805
19429.2000 0.1805
19440.9000 0.1806
19441.4000 0.1806
19441.7000 0.1806
19442.4000 0.1807
19451.2000 0.1807
19478.3000 0.1807
19483.0000 0.1808
19490.1000 0.1808
19492.6000 0.1808
19493.4000 0.1809
19499.9000 0.1809
19503.6000 0.1809
19504.8000 0.1810
19509.5000 0.1810
19510.3000 0.1810
19515.0000 0.1811
19515.5000 0.1811
19520.9000 0.1811
19529.4000 0.1812
19529.7000 0.1812
19532.4000 0.1813
19536.4000 0.1813
19546.8000 0.1813
19552.7000 0.1814
19557.0000 0.1814
19572.1000 0.1814
19580.8000 0.1815
19591.1000 0.1815
19593.1000 0.1815
19595.0000 0.1816
19595.5000 0.1816
19598.6000 0.1816
19599.6000 0.1817
19606.2000 0.1817
19627.5000 0.1817
19629.1000 0.1818
19630.3000 0.1818
19635.7000 0.1818
19637.0000 0.1819
19648.5000 0.1819
19648.6000 0.1819
19650.4000 0.1820
19650.8000 0.1820
19655.6000 0.1820
19662.0000 0.1821
19668.2000 0.1821
19672.9000 0.1822
19675.8000 0.1822
19679.7000 0.1822
19702.9000 0.1823
19708.0000 0.1823
19717.8000 0.1823
19741.1000 0.1824
19744.1000 0.1824
19792.0000 0.1824
19796.1000 0.1825
19799.1000 0.1825
19806.3000 0.1825
19825.7000 0.1826
19846.5000 0.1826
19850.6000 0.1826
19867.6000 0.1827
19877.3000 0.1827
19890.8000 0.1827
19892.0000 0.1828
19894.3000 0.1828
19910.1000 0.1828
19923.0000 0.1829
19925.6000 0.1829
19938.1000 0.1830
19939.0000 0.1830
19949.8000 0.1830
19953.0000 0.1831
19956.3000 0.1831
19965.8000 0.1831
19967.1000 0.1832
19970.1000 0.1832
19970.6000 0.1832
19980.1000 0.1833
19982.3000 0.1833
19989.1000 0.1833
19989.4000 0.1834
19994.0000 0.1834
19994.9000 0.1834
20001.3000 0.1835
20002.3000 0.1835
20006.7000 0.1835
20012.5000 0.1836
20027.5000 0.1836
20035.7000 0.1836
20037.1000 0.1837
20047.0000 0.1837
20064.3000 0.1838
20069.4000 0.1838
20078.2000 0.1838
20079.9000 0.1839
20088.4000 0.1839
20100.8000 0.1839
20102.0000 0.1840
20110.7000 0.1840
20113.3000 0.1840
20124.6000 0.1841
20133.7000 0.1841
20148.4000 0.1841
20175.0000 0.1842
20180.6000 0.1842
20196.1000 0.1842
20205.9000 0.1843
20207.0000 0.1843
20220.2000 0.1843
20223.3000 0.1844
20225.3000 0.1844
20227.5000 0.1844
20235.1000 0.1845
20240.5000 0.1845
20248.0000 0.1845
20251.0000 0.1846
20252.9000 0.1846
20275.0000 0.1847
20279.7000 0.1847
20304.7000 0.1847
20308.8000 0.1848
20308.9000 0.1848
20313.1000 0.1848
20316.0000 0.1849
20326.6000 0.1849
20332.1000 0.1849
20334.5000 0.1850
20335.1000 0.1850
20359.6000 0.1850
20360.6000 0.1851
20361.4000 0.1851
20372.0000 0.1851
20373.6000 0.1852
20375.5000 0.1852
20379.6000 0.1852
20387.8000 0.1853
20406.3000 0.1853
20409.7000 0.1853
20414.5000 0.1854
20415.3000 0.1854
20418.1000 0.1855
20423.6000 0.1855
20424.4000 0.1855
20426.7000 0.1856
20427.8000 0.1856
20433.0000 0.1856
20445.8000 0.1857
20454.8000 0.1857
20460.8000 0.1857
20464.3000 0.1858
20471.2000 0.1858
20475.6000 0.1858
20479.2000 0.1859
20482.9000 0.1859
20486.0000 0.1859
20486.2000 0.1860
20496.1000 0.1860
20500.4000 0.1860
20511.0000 0.1861
20524.0000 0.1861
20525.6000 0.1861
20531.2000 0.1862
20539.8000 0.1862
20544.3000 0.1863
20547.5000 0.1863
20548.0000 0.1863
20559.1000 0.1864
20563.2000 0.1864
20569.6000 0.1864
20575.2000 0.1865
20586.2000 0.1865
20597.3000 0.1865
20600.4000 0.1866
20603.0000 0.1866
20603.5000 0.1866
20613.5000 0.1867
20663.5000 0.1867
20664.5000 0.1867
20665.0000 0.1868
20667.6000 0.1868
20694.8000 0.1868
20713.0000 0.1869
20716.8000 0.1869
20721.9000 0.1869
20737.7000 0.1870
20740.8000 0.1870
20742.2000 0.1870
20744.4000 0.1871
20764.2000 0.1871
20767.0000 0.1872
20767.5000 0.1872
20774.8000 0.1872
20778.0000 0.1873
20806.0000 0.1873
20811.1000 0.1873
20814.5000 0.1874
20840.2000 0.1874
20845.3000 0.1874
20855.6000 0.1875
20855.6000 0.1875
20870.5000 0.1875
20871.6000 0.1876
20875.2000 0.1876
20892.3000 0.1876
20892.5000 0.1877
20906.4000 0.1877
20915.3000 0.1877
20920.3000 0.1878
20922.0000 0.1878
20940.5000 0.1878
20965.6000 0.1879
20967.2000 0.1879
20980.8000 0.1880
20985.2000 0.1880
20989.9000 0.1880
20990.1000 0.1881
20990.5000 0.1881
20996.7000 0.1881
20999.8000 0.1882
21009.6000 0.1882
21009.8000 0.1882
21033.8000 0.1883
21044.0000 0.1883
21048.6000 0.1883
21060.2000 0.1884
21065.1000 0.1884
21070.2000 0.1884
21073.4000 0.1885
21092.5000 0.1885
21102.8000 0.1885
21102.9000 0.1886
21114.2000 0.1886
21118.8000 0.1886
21119.6000 0.1887
21121.3000 0.1887
21142.3000 0.1888
21143.1000 0.1888
21159.4000 0.1888
21161.3000 0.1889
21214.0000 0.1889
21220.0000 0.1889
21223.9000 0.1890
21237.3000 0.1890
21262.3000 0.1890
21291.7000 0.1891
21298.1000 0.1891
21321.7000 0.1891
21341.5000 0.1892
21357.0000 0.1892
21362.0000 0.1892
21378.0000 0.1893
21379.5000 0.1893
21391.2000 0.1893
21401.9000 0.1894
21405.7000 0.1894
21416.3000 0.1894
21422.2000 0.1895
21424.6000 0.1895
21426.1000 0.1895
21441.7000 0.1896
21444.9000 0.1896
21451.8000 0.1897
21456.5000 0.1897
21458.9000 0.1897
21476.4000 0.1898
21476.6000 0.1898
21479.8000 0.1898
21483.8000 0.1899
21486.9000 0.1899
21492.6000 0.1899
21492.8000 0.1900
21500.9000 0.1900
21506.0000 0.1900
21511.3000 0.1901
21511.6000 0.1901
21530.9000 0.1901
21540.8000 0.1902
21571.1000 0.1902
21581.3000 0.1902
21581.5000 0.1903
21584.4000 0.1903
21599.4000 0.1903
21604.8000 0.1904
21640.7000 0.1904
21659.2000 0.1905
21665.1000 0.1905
21665.9000 0.1905
21669.0000 0.1906
21686.7000 0.1906
21687.5000 0.1906
21691.6000 0.1907
21706.6000 0.1907
21706.8000 0.1907
21707.9000 0.1908
21725.5000 0.1908
21764.7000 0.1908
21829.3000 0.1909
21836.4000 0.1909
21841.2000 0.1909
21857.6000 0.1910
21858.4000 0.1910
21860.0000 0.1910
21860.7000 0.1911
21865.7000 0.1911
21873.1000 0.1911
21895.6000 0.1912
21906.4000 0.1912
21915.6000 0.1913
21923.9000 0.1913
21924.6000 0.1913
21954.2000 0.1914
21964.0000 0.1914
21979.6000 0.1914
22002.2000 0.1915
22002.3000 0.1915
22019.1000 0.1915
22067.0000 0.1916
22072.6000 0.1916
22086.3000 0.1916
22092.0000 0.1917
22094.5000 0.1917
22097.3000 0.1917
22113.3000 0.1918
22121.7000 0.1918
22127.6000 0.1918
22170.9000 0.1919
22180.0000 0.1919
22197.4000 0.1919
22217.8000 0.1920
22221.9000 0.1920
22247.8000 0.1920
22258.7000 0.1921
22259.5000 0.1921
22262.3000 0.1922
22268.3000 0.1922
22290.1000 0.1922
22296.4000 0.1923
22312.0000 0.1923
22362.9000 0.1923
22364.3000 0.1924
22369.7000 0.1924
22394.5000 0.1924
22414.7000 0.1925
22420.4000 0.1925
22435.3000 0.1925
22457.1000 0.1926
22463.6000 0.1926
22500.4000 0.1926
22502.3000 0.1927
22508.0000 0.1927
22511.4000 0.1927
22515.2000 0.1928
22531.4000 0.1928
22558.5000 0.1928
22571.5000 0.1929
22572.0000 0.1929
22590.7000 0.1930
22596.7000 0.1930
22599.7000 0.1930
22621.0000 0.1931
22641.2000 0.1931
22669.7000 0.1931
22683.8000 0.1932
22686.8000 0.1932
22693.5000 0.1932
22700.2000 0.1933
22707.3000 0.1933
22761.2000 0.1933
22796.9000 0.1934
22823.6000 0.1934
22828.9000 0.1934
22853.0000 0.1935
22858.2000 0.1935
22896.6000 0.1935
22902.4000 0.1936
22956.3000 0.1936
22966.7000 0.1936
22972.7000 0.1937
22978.7000 0.1937
22996.9000 0.1938
23015.2000 0.1938
23036.4000 0.1938
23037.8000 0.1939
23038.7000 0.1939
23046.8000 0.1939
23062.9000 0.1940
23070.9000 0.1940
23074.7000 0.1940
23075.0000 0.1941
23075.4000 0.1941
23079.6000 0.1941
23091.5000 0.1942
23095.1000 0.1942
23108.4000 0.1942
23126.8000 0.1943
23132.4000 0.1943
23156.6000 0.1943
23172.6000 0.1944
23205.9000 0.1944
23208.9000 0.1944
23244.5000 0.1945
23253.1000 0.1945
23274.5000 0.1945
23336.7000 0.1946
23351.2000 0.1946
23364.0000 0.1947
23365.7000 0.1947
23372.7000 0.1947
23390.3000 0.1948
23408.5000 0.1948
23417.7000 0.1948
23440.0000 0.1949
23445.9000 0.1949
23448.5000 0.1949
23460.0000 0.1950
23473.3000 0.1950
23474.0000 0.1950
23480.4000 0.1951
23480.8000 0.1951
23495.3000 0.1951
23549.8000 0.1952
23552.0000 0.1952
23557.0000 0.1952
23567.5000 0.1953
23623.5000 0.1953
23633.3000 0.1953
23641.5000 0.1954
23691.7000 0.1954
23705.7000 0.1955
23730.3000 0.1955
23755.3000 0.1955
23762.0000 0.1956
23764.8000 0.1956
23784.6000 0.1956
23785.9000 0.1957
23825.6000 0.1957
23865.4000 0.1957
23872.8000 0.1958
23889.6000 0.1958
23900.5000 0.1958
23945.7000 0.1959
23976.5000 0.1959
23979.7000 0.1959
