# messageDelay  cumulativeProbability
0.2000 0.0002
0.2000 0.0003
0.2000 0.0005
0.2000 0.0007
0.2000 0.0009
0.2000 0.0010
0.2000 0.0012
0.2000 0.0014
0.2000 0.0016
0.2000 0.0017
0.2000 0.0019
0.2000 0.0021
0.2000 0.0023
0.2000 0.0024
0.2000 0.0026
0.2000 0.0028
0.2000 0.0030
0.2000 0.0031
0.2000 0.0033
0.2000 0.0035
1.0000 0.0036
6.1000 0.0038
7.9000 0.0040
22.9000 0.0042
24.3000 0.0043
48.3000 0.0045
51.5000 0.0047
51.9000 0.0049
72.2000 0.0050
75.2000 0.0052
75.4000 0.0054
79.2000 0.0056
79.9000 0.0057
81.3000 0.0059
81.4000 0.0061
83.4000 0.0063
88.3000 0.0064
95.0000 0.0066
99.4000 0.0068
100.4000 0.0069
104.2000 0.0071
105.5000 0.0073
108.6000 0.0075
111.3000 0.0076
116.5000 0.0078
116.8000 0.0080
118.9000 0.0082
126.4000 0.0083
132.0000 0.0085
144.0000 0.0087
144.6000 0.0089
145.3000 0.0090
146.7000 0.0092
151.3000 0.0094
165.4000 0.0095
175.8000 0.0097
177.1000 0.0099
178.0000 0.0101
184.7000 0.0102
187.7000 0.0104
187.8000 0.0106
194.6000 0.0108
195.8000 0.0109
196.3000 0.0111
199.0000 0.0113
199.2000 0.0115
204.3000 0.0116
204.7000 0.0118
205.9000 0.0120
206.2000 0.0122
207.0000 0.0123
216.0000 0.0125
219.3000 0.0127
234.6000 0.0128
237.4000 0.0130
242.4000 0.0132
244.6000 0.0134
249.0000 0.0135
249.3000 0.0137
249.7000 0.0139
251.1000 0.0141
251.5000 0.0142
256.3000 0.0144
256.9000 0.0146
259.2000 0.0148
259.8000 0.0149
272.0000 0.0151
273.1000 0.0153
274.0000 0.0155
274.1000 0.0156
283.9000 0.0158
290.2000 0.0160
293.1000 0.0161
297.3000 0.0163
298.2000 0.0165
303.2000 0.0167
305.5000 0.0168
310.7000 0.0170
311.0000 0.0172
312.6000 0.0174
318.8000 0.0175
319.2000 0.0177
319.4000 0.0179
320.9000 0.0181
321.6000 0.0182
324.1000 0.0184
328.0000 0.0186
328.7000 0.0187
328.8000 0.0189
329.9000 0.0191
333.5000 0.0193
335.5000 0.0194
336.5000 0.0196
338.9000 0.0198
339.3000 0.0200
340.8000 0.0201
349.8000 0.0203
351.8000 0.0205
354.4000 0.0207
355.9000 0.0208
358.7000 0.0210
360.0000 0.0212
361.0000 0.0214
368.5000 0.0215
369.4000 0.0217
373.6000 0.0219
375.4000 0.0220
376.9000 0.0222
378.4000 0.0224
379.0000 0.0226
379.8000 0.0227
380.6000 0.0229
380.7000 0.0231
380.9000 0.0233
387.2000 0.0234
388.5000 0.0236
388.6000 0.0238
391.7000 0.0240
393.9000 0.0241
394.6000 0.0243
397.0000 0.0245
400.9000 0.0247
401.2000 0.0248
403.0000 0.0250
405.4000 0.0252
406.9000 0.0253
407.9000 0.0255
408.4000 0.0257
409.3000 0.0259
410.1000 0.0260
411.0000 0.0262
411.2000 0.0264
411.4000 0.0266
415.9000 0.0267
418.0000 0.0269
419.6000 0.0271
420.3000 0.0273
422.6000 0.0274
425.5000 0.0276
427.1000 0.0278
428.6000 0.0280
431.4000 0.0281
432.1000 0.0283
435.0000 0.0285
435.0000 0.0286
435.7000 0.0288
438.1000 0.0290
438.2000 0.0292
438.7000 0.0293
439.8000 0.0295
442.0000 0.0297
443.6000 0.0299
443.8000 0.0300
444.4000 0.0302
446.8000 0.0304
447.7000 0.0306
448.4000 0.0307
448.7000 0.0309
449.7000 0.0311
450.5000 0.0312
451.6000 0.0314
451.9000 0.0316
454.3000 0.0318
457.1000 0.0319
458.3000 0.0321
462.8000 0.0323
463.5000 0.0325
463.7000 0.0326
463.9000 0.0328
464.9000 0.0330
465.0000 0.0332
465.4000 0.0333
465.6000 0.0335
466.8000 0.0337
470.6000 0.0339
470.6000 0.0340
474.9000 0.0342
475.3000 0.0344
476.8000 0.0345
478.3000 0.0347
479.6000 0.0349
485.0000 0.0351
485.7000 0.0352
487.9000 0.0354
489.1000 0.0356
490.1000 0.0358
491.1000 0.0359
492.3000 0.0361
494.2000 0.0363
494.9000 0.0365
495.7000 0.0366
495.8000 0.0368
497.0000 0.0370
497.9000 0.0372
504.1000 0.0373
505.0000 0.0375
505.7000 0.0377
509.3000 0.0378
509.6000 0.0380
510.5000 0.0382
512.0000 0.0384
513.8000 0.0385
515.6000 0.0387
516.5000 0.0389
516.9000 0.0391
519.3000 0.0392
520.6000 0.0394
521.4000 0.0396
522.0000 0.0398
523.4000 0.0399
525.7000 0.0401
526.4000 0.0403
530.0000 0.0405
530.6000 0.0406
532.3000 0.0408
536.6000 0.0410
537.6000 0.0411
538.0000 0.0413
538.8000 0.0415
539.3000 0.0417
539.8000 0.0418
542.2000 0.0420
542.6000 0.0422
543.9000 0.0424
546.5000 0.0425
550.9000 0.0427
551.6000 0.0429
552.4000 0.0431
552.6000 0.0432
553.6000 0.0434
557.1000 0.0436
557.4000 0.0437
558.9000 0.0439
563.2000 0.0441
564.0000 0.0443
564.1000 0.0444
564.2000 0.0446
564.3000 0.0448
564.5000 0.0450
568.2000 0.0451
568.4000 0.0453
568.8000 0.0455
569.3000 0.0457
569.5000 0.0458
570.4000 0.0460
570.8000 0.0462
573.2000 0.0464
576.5000 0.0465
576.5000 0.0467
576.6000 0.0469
577.0000 0.0470
578.0000 0.0472
578.7000 0.0474
582.2000 0.0476
583.2000 0.0477
583.3000 0.0479
584.1000 0.0481
586.0000 0.0483
586.5000 0.0484
589.0000 0.0486
589.3000 0.0488
589.5000 0.0490
590.1000 0.0491
590.8000 0.0493
592.3000 0.0495
592.5000 0.0497
594.8000 0.0498
598.5000 0.0500
599.5000 0.0502
601.4000 0.0503
604.4000 0.0505
604.6000 0.0507
604.7000 0.0509
605.0000 0.0510
607.5000 0.0512
607.9000 0.0514
613.9000 0.0516
615.2000 0.0517
615.8000 0.0519
615.9000 0.0521
616.9000 0.0523
620.4000 0.0524
621.6000 0.0526
622.9000 0.0528
623.9000 0.0530
624.0000 0.0531
626.3000 0.0533
626.8000 0.0535
627.2000 0.0536
628.3000 0.0538
629.3000 0.0540
629.4000 0.0542
629.8000 0.0543
630.9000 0.0545
633.2000 0.0547
633.7000 0.0549
633.8000 0.0550
634.9000 0.0552
637.6000 0.0554
638.9000 0.0556
641.4000 0.0557
643.1000 0.0559
643.4000 0.0561
643.9000 0.0562
644.0000 0.0564
645.6000 0.0566
647.9000 0.0568
648.3000 0.0569
648.4000 0.0571
648.7000 0.0573
648.8000 0.0575
649.0000 0.0576
650.3000 0.0578
652.8000 0.0580
652.9000 0.0582
654.0000 0.0583
654.7000 0.0585
654.8000 0.0587
658.8000 0.0589
660.5000 0.0590
661.5000 0.0592
665.3000 0.0594
666.9000 0.0595
668.7000 0.0597
668.8000 0.0599
668.9000 0.0601
670.2000 0.0602
670.4000 0.0604
670.8000 0.0606
671.0000 0.0608
674.5000 0.0609
676.0000 0.0611
676.2000 0.0613
678.6000 0.0615
679.1000 0.0616
679.7000 0.0618
682.8000 0.0620
684.3000 0.0622
686.5000 0.0623
688.8000 0.0625
689.0000 0.0627
689.1000 0.0628
690.9000 0.0630
692.1000 0.0632
692.8000 0.0634
692.8000 0.0635
693.3000 0.0637
693.4000 0.0639
694.1000 0.0641
694.9000 0.0642
695.5000 0.0644
695.5000 0.0646
696.9000 0.0648
697.0000 0.0649
698.0000 0.0651
698.2000 0.0653
698.5000 0.0655
700.2000 0.0656
701.4000 0.0658
701.7000 0.0660
702.8000 0.0661
703.9000 0.0663
704.0000 0.0665
704.4000 0.0667
704.8000 0.0668
707.3000 0.0670
709.1000 0.0672
710.3000 0.0674
710.8000 0.0675
711.8000 0.0677
712.0000 0.0679
714.8000 0.0681
716.0000 0.0682
716.5000 0.0684
717.6000 0.0686
718.4000 0.0687
718.7000 0.0689
718.7000 0.0691
718.7000 0.0693
719.8000 0.0694
720.9000 0.0696
720.9000 0.0698
722.5000 0.0700
724.8000 0.0701
725.5000 0.0703
726.3000 0.0705
735.1000 0.0707
735.2000 0.0708
735.5000 0.0710
735.7000 0.0712
736.9000 0.0714
740.0000 0.0715
741.1000 0.0717
743.3000 0.0719
746.0000 0.0720
750.7000 0.0722
750.8000 0.0724
751.2000 0.0726
751.9000 0.0727
752.9000 0.0729
754.6000 0.0731
755.2000 0.0733
759.2000 0.0734
759.6000 0.0736
760.9000 0.0738
760.9000 0.0740
761.3000 0.0741
761.4000 0.0743
761.5000 0.0745
763.6000 0.0747
765.3000 0.0748
767.2000 0.0750
769.0000 0.0752
769.7000 0.0753
770.5000 0.0755
770.9000 0.0757
771.6000 0.0759
771.9000 0.0760
773.9000 0.0762
774.5000 0.0764
774.6000 0.0766
774.8000 0.0767
776.2000 0.0769
777.0000 0.0771
778.8000 0.0773
779.3000 0.0774
779.4000 0.0776
779.5000 0.0778
780.6000 0.0780
781.1000 0.0781
781.8000 0.0783
781.8000 0.0785
782.3000 0.0786
782.9000 0.0788
783.4000 0.0790
783.6000 0.0792
784.8000 0.0793
785.0000 0.0795
787.4000 0.0797
789.7000 0.0799
789.9000 0.0800
790.7000 0.0802
790.8000 0.0804
791.1000 0.0806
792.5000 0.0807
793.4000 0.0809
795.3000 0.0811
795.3000 0.0812
795.8000 0.0814
796.8000 0.0816
796.8000 0.0818
798.2000 0.0819
798.5000 0.0821
800.2000 0.0823
800.3000 0.0825
801.7000 0.0826
802.7000 0.0828
803.1000 0.0830
803.1000 0.0832
805.2000 0.0833
806.8000 0.0835
808.9000 0.0837
809.3000 0.0839
810.0000 0.0840
811.3000 0.0842
812.1000 0.0844
812.3000 0.0845
813.0000 0.0847
814.4000 0.0849
815.7000 0.0851
816.3000 0.0852
818.5000 0.0854
818.7000 0.0856
818.8000 0.0858
822.9000 0.0859
825.8000 0.0861
827.6000 0.0863
828.1000 0.0865
828.9000 0.0866
833.6000 0.0868
833.8000 0.0870
836.4000 0.0872
836.7000 0.0873
836.8000 0.0875
839.1000 0.0877
841.2000 0.0878
844.5000 0.0880
845.5000 0.0882
846.3000 0.0884
846.4000 0.0885
848.7000 0.0887
849.5000 0.0889
851.2000 0.0891
852.2000 0.0892
853.6000 0.0894
854.3000 0.0896
855.8000 0.0898
856.2000 0.0899
861.7000 0.0901
862.7000 0.0903
864.5000 0.0905
865.5000 0.0906
869.9000 0.0908
871.0000 0.0910
872.3000 0.0911
872.6000 0.0913
872.7000 0.0915
875.4000 0.0917
877.8000 0.0918
879.1000 0.0920
880.3000 0.0922
882.1000 0.0924
882.6000 0.0925
882.9000 0.0927
883.4000 0.0929
884.4000 0.0931
885.2000 0.0932
887.7000 0.0934
888.4000 0.0936
889.1000 0.0937
889.8000 0.0939
890.3000 0.0941
891.8000 0.0943
892.4000 0.0944
894.0000 0.0946
894.3000 0.0948
894.9000 0.0950
897.9000 0.0951
898.6000 0.0953
904.9000 0.0955
905.8000 0.0957
910.3000 0.0958
910.6000 0.0960
911.3000 0.0962
911.9000 0.0964
914.1000 0.0965
916.2000 0.0967
918.0000 0.0969
919.9000 0.0970
920.1000 0.0972
921.0000 0.0974
923.6000 0.0976
925.6000 0.0977
926.5000 0.0979
926.7000 0.0981
931.9000 0.0983
933.3000 0.0984
934.7000 0.0986
935.8000 0.0988
936.1000 0.0990
936.4000 0.0991
940.2000 0.0993
940.7000 0.0995
944.2000 0.0997
946.6000 0.0998
947.0000 0.1000
947.1000 0.1002
948.0000 0.1003
948.5000 0.1005
949.4000 0.1007
950.0000 0.1009
950.9000 0.1010
953.0000 0.1012
953.5000 0.1014
954.6000 0.1016
955.8000 0.1017
956.6000 0.1019
958.7000 0.1021
962.1000 0.1023
965.0000 0.1024
966.3000 0.1026
966.8000 0.1028
968.0000 0.1030
968.6000 0.1031
969.2000 0.1033
969.2000 0.1035
969.3000 0.1036
971.3000 0.1038
971.8000 0.1040
974.6000 0.1042
975.3000 0.1043
975.3000 0.1045
975.6000 0.1047
975.9000 0.1049
980.8000 0.1050
981.9000 0.1052
983.5000 0.1054
984.0000 0.1056
987.4000 0.1057
987.8000 0.1059
990.7000 0.1061
993.2000 0.1062
993.5000 0.1064
994.4000 0.1066
994.6000 0.1068
994.8000 0.1069
994.9000 0.1071
998.4000 0.1073
999.0000 0.1075
1000.0000 0.1076
1000.5000 0.1078
1000.8000 0.1080
1002.7000 0.1082
1004.1000 0.1083
1004.3000 0.1085
1005.1000 0.1087
1006.6000 0.1089
1008.1000 0.1090
1009.5000 0.1092
1010.1000 0.1094
1010.7000 0.1095
1015.8000 0.1097
1016.6000 0.1099
1018.3000 0.1101
1018.7000 0.1102
1021.4000 0.1104
1023.6000 0.1106
1024.3000 0.1108
1026.2000 0.1109
1026.5000 0.1111
1030.0000 0.1113
1030.1000 0.1115
1030.5000 0.1116
1033.2000 0.1118
1034.1000 0.1120
1035.8000 0.1122
1040.1000 0.1123
1041.4000 0.1125
1044.2000 0.1127
1044.2000 0.1128
1044.4000 0.1130
1045.7000 0.1132
1047.0000 0.1134
1048.0000 0.1135
1048.6000 0.1137
1048.8000 0.1139
1049.3000 0.1141
1049.3000 0.1142
1049.4000 0.1144
1052.0000 0.1146
1052.9000 0.1148
1053.1000 0.1149
1053.9000 0.1151
1058.6000 0.1153
1059.1000 0.1155
1059.2000 0.1156
1060.2000 0.1158
1061.2000 0.1160
1062.8000 0.1161
1062.8000 0.1163
1063.5000 0.1165
1063.7000 0.1167
1067.5000 0.1168
1068.0000 0.1170
1068.8000 0.1172
1069.0000 0.1174
1069.0000 0.1175
1069.1000 0.1177
1069.1000 0.1179
1072.2000 0.1181
1072.6000 0.1182
1072.8000 0.1184
1075.1000 0.1186
1076.0000 0.1187
1077.6000 0.1189
1078.8000 0.1191
1081.4000 0.1193
1087.5000 0.1194
1087.6000 0.1196
1087.9000 0.1198
1088.2000 0.1200
1090.0000 0.1201
1091.8000 0.1203
1093.5000 0.1205
1095.7000 0.1207
1099.1000 0.1208
1099.2000 0.1210
1100.0000 0.1212
1102.2000 0.1214
1102.3000 0.1215
1103.7000 0.1217
1105.1000 0.1219
1105.9000 0.1220
1107.3000 0.1222
1107.5000 0.1224
1108.2000 0.1226
1110.2000 0.1227
1110.4000 0.1229
1114.5000 0.1231
1114.8000 0.1233
1115.9000 0.1234
1116.8000 0.1236
1117.3000 0.1238
1120.3000 0.1240
1123.6000 0.1241
1124.0000 0.1243
1126.4000 0.1245
1126.6000 0.1247
1127.5000 0.1248
1128.6000 0.1250
1128.9000 0.1252
1129.0000 0.1253
1129.4000 0.1255
1130.6000 0.1257
1132.5000 0.1259
1133.8000 0.1260
1134.0000 0.1262
1134.0000 0.1264
1136.2000 0.1266
1136.5000 0.1267
1136.9000 0.1269
1137.3000 0.1271
1139.0000 0.1273
1140.3000 0.1274
1140.5000 0.1276
1143.0000 0.1278
1144.1000 0.1280
1144.4000 0.1281
1146.2000 0.1283
1151.5000 0.1285
1152.4000 0.1286
1153.9000 0.1288
1154.3000 0.1290
1154.3000 0.1292
1155.4000 0.1293
1156.4000 0.1295
1156.6000 0.1297
1158.8000 0.1299
1158.9000 0.1300
1159.0000 0.1302
1159.4000 0.1304
1159.6000 0.1306
1159.8000 0.1307
1161.8000 0.1309
1162.8000 0.1311
1163.0000 0.1312
1163.1000 0.1314
1163.9000 0.1316
1165.1000 0.1318
1168.5000 0.1319
1168.7000 0.1321
1169.3000 0.1323
1169.7000 0.1325
1170.5000 0.1326
1170.9000 0.1328
1171.5000 0.1330
1172.7000 0.1332
1175.4000 0.1333
1177.4000 0.1335
1181.4000 0.1337
1185.1000 0.1339
1185.4000 0.1340
1188.3000 0.1342
1188.9000 0.1344
1190.5000 0.1345
1190.8000 0.1347
1198.2000 0.1349
1200.9000 0.1351
1202.5000 0.1352
1203.9000 0.1354
1205.1000 0.1356
1211.1000 0.1358
1220.3000 0.1359
1220.8000 0.1361
1222.7000 0.1363
1223.5000 0.1365
1223.9000 0.1366
1225.8000 0.1368
1226.2000 0.1370
1228.1000 0.1372
1228.1000 0.1373
1229.4000 0.1375
1230.2000 0.1377
1230.4000 0.1378
1232.3000 0.1380
1236.5000 0.1382
1237.5000 0.1384
1242.4000 0.1385
1243.0000 0.1387
1244.6000 0.1389
1247.2000 0.1391
1247.9000 0.1392
1248.2000 0.1394
1249.3000 0.1396
1250.1000 0.1398
1250.9000 0.1399
1250.9000 0.1401
1252.2000 0.1403
1254.0000 0.1405
1257.1000 0.1406
1258.5000 0.1408
1260.3000 0.1410
1260.7000 0.1411
1262.9000 0.1413
1263.1000 0.1415
1264.3000 0.1417
1264.7000 0.1418
1266.0000 0.1420
1266.5000 0.1422
1268.0000 0.1424
1268.5000 0.1425
1268.8000 0.1427
1270.3000 0.1429
1270.7000 0.1431
1270.8000 0.1432
1275.9000 0.1434
1277.5000 0.1436
1280.3000 0.1437
1287.6000 0.1439
1288.7000 0.1441
1289.6000 0.1443
1290.9000 0.1444
1290.9000 0.1446
1290.9000 0.1448
1299.1000 0.1450
1300.4000 0.1451
1300.7000 0.1453
1302.0000 0.1455
1303.6000 0.1457
1304.1000 0.1458
1304.4000 0.1460
1304.6000 0.1462
1308.4000 0.1464
1308.6000 0.1465
1310.1000 0.1467
1310.9000 0.1469
1313.0000 0.1470
1320.2000 0.1472
1320.9000 0.1474
1321.5000 0.1476
1323.0000 0.1477
1323.8000 0.1479
1324.2000 0.1481
1326.4000 0.1483
1326.6000 0.1484
1327.6000 0.1486
1327.7000 0.1488
1329.3000 0.1490
1330.1000 0.1491
1331.8000 0.1493
1333.2000 0.1495
1333.7000 0.1497
1334.2000 0.1498
1335.8000 0.1500
1335.9000 0.1502
1342.6000 0.1503
1343.7000 0.1505
1344.3000 0.1507
1345.4000 0.1509
1345.8000 0.1510
1346.4000 0.1512
1348.2000 0.1514
1349.0000 0.1516
1349.5000 0.1517
1351.7000 0.1519
1357.6000 0.1521
1358.6000 0.1523
1359.0000 0.1524
1360.6000 0.1526
1360.9000 0.1528
1362.0000 0.1530
1362.1000 0.1531
1365.8000 0.1533
1365.9000 0.1535
1367.2000 0.1536
1368.4000 0.1538
1368.8000 0.1540
1371.9000 0.1542
1375.0000 0.1543
1376.3000 0.1545
1378.8000 0.1547
1381.1000 0.1549
1381.2000 0.1550
1381.4000 0.1552
1381.6000 0.1554
1381.9000 0.1556
1382.4000 0.1557
1383.3000 0.1559
1386.7000 0.1561
1389.9000 0.1562
1392.1000 0.1564
1394.5000 0.1566
1396.9000 0.1568
1397.8000 0.1569
1398.6000 0.1571
1398.9000 0.1573
1399.5000 0.1575
1400.2000 0.1576
1403.2000 0.1578
1403.8000 0.1580
1405.6000 0.1582
1408.2000 0.1583
1410.5000 0.1585
1410.5000 0.1587
1412.2000 0.1589
1413.1000 0.1590
1414.3000 0.1592
1415.6000 0.1594
1417.1000 0.1595
1418.8000 0.1597
1418.8000 0.1599
1420.3000 0.1601
1421.6000 0.1602
1422.9000 0.1604
1424.2000 0.1606
1425.3000 0.1608
1426.8000 0.1609
1427.0000 0.1611
1428.8000 0.1613
1429.8000 0.1615
1431.2000 0.1616
1431.8000 0.1618
1431.9000 0.1620
1436.3000 0.1622
1441.4000 0.1623
1449.3000 0.1625
1452.4000 0.1627
1452.9000 0.1628
1453.6000 0.1630
1453.9000 0.1632
1454.0000 0.1634
1456.6000 0.1635
1458.1000 0.1637
1458.6000 0.1639
1458.8000 0.1641
1459.4000 0.1642
1462.2000 0.1644
1465.7000 0.1646
1466.9000 0.1648
1467.3000 0.1649
1467.8000 0.1651
1468.1000 0.1653
1471.7000 0.1655
1472.2000 0.1656
1477.8000 0.1658
1479.1000 0.1660
1480.2000 0.1661
1480.2000 0.1663
1480.5000 0.1665
1481.3000 0.1667
1482.6000 0.1668
1485.2000 0.1670
1486.1000 0.1672
1487.9000 0.1674
1489.5000 0.1675
1492.9000 0.1677
1495.6000 0.1679
1498.7000 0.1681
1500.0000 0.1682
1500.9000 0.1684
1502.6000 0.1686
1505.7000 0.1687
1508.4000 0.1689
1509.9000 0.1691
1515.6000 0.1693
1516.2000 0.1694
1518.0000 0.1696
1518.9000 0.1698
1520.3000 0.1700
1520.3000 0.1701
1520.7000 0.1703
1521.3000 0.1705
1522.3000 0.1707
1526.7000 0.1708
1529.1000 0.1710
1529.7000 0.1712
1530.5000 0.1714
1531.9000 0.1715
1537.9000 0.1717
1539.4000 0.1719
1539.4000 0.1720
1539.8000 0.1722
1542.5000 0.1724
1542.6000 0.1726
1544.4000 0.1727
1546.8000 0.1729
1547.3000 0.1731
1549.9000 0.1733
1550.9000 0.1734
1551.8000 0.1736
1554.9000 0.1738
1555.3000 0.1740
1555.8000 0.1741
1557.5000 0.1743
1559.6000 0.1745
1568.0000 0.1747
1568.5000 0.1748
1569.1000 0.1750
1571.2000 0.1752
1579.4000 0.1753
1580.8000 0.1755
1581.6000 0.1757
1585.4000 0.1759
1586.0000 0.1760
1586.3000 0.1762
1586.5000 0.1764
1586.5000 0.1766
1589.0000 0.1767
1591.7000 0.1769
1591.8000 0.1771
1598.0000 0.1773
1598.3000 0.1774
1601.1000 0.1776
1602.4000 0.1778
1604.0000 0.1780
1609.5000 0.1781
1609.5000 0.1783
1610.9000 0.1785
1611.6000 0.1786
1611.8000 0.1788
1614.7000 0.1790
1615.9000 0.1792
1617.2000 0.1793
1620.9000 0.1795
1621.2000 0.1797
1622.0000 0.1799
1622.9000 0.1800
1623.9000 0.1802
1624.0000 0.1804
1624.3000 0.1806
1627.7000 0.1807
1629.1000 0.1809
1629.4000 0.1811
1629.9000 0.1812
1630.8000 0.1814
1633.3000 0.1816
1634.4000 0.1818
1639.6000 0.1819
1639.7000 0.1821
1640.4000 0.1823
1643.4000 0.1825
1647.3000 0.1826
1651.1000 0.1828
1651.3000 0.1830
1652.0000 0.1832
1660.4000 0.1833
1660.9000 0.1835
1661.9000 0.1837
1662.7000 0.1839
1663.4000 0.1840
1665.5000 0.1842
1666.3000 0.1844
1669.8000 0.1845
1670.4000 0.1847
1670.7000 0.1849
1671.2000 0.1851
1672.5000 0.1852
1674.3000 0.1854
1676.3000 0.1856
1677.2000 0.1858
1678.0000 0.1859
1678.7000 0.1861
1686.6000 0.1863
1696.3000 0.1865
1697.8000 0.1866
1701.3000 0.1868
1702.8000 0.1870
1703.4000 0.1872
1707.5000 0.1873
1709.6000 0.1875
1711.2000 0.1877
1711.4000 0.1878
1711.6000 0.1880
1713.3000 0.1882
1713.5000 0.1884
1714.3000 0.1885
1714.4000 0.1887
1716.1000 0.1889
1718.5000 0.1891
1721.4000 0.1892
1721.5000 0.1894
1725.9000 0.1896
1728.7000 0.1898
1729.6000 0.1899
1734.6000 0.1901
1734.8000 0.1903
1735.0000 0.1905
1737.0000 0.1906
1738.7000 0.1908
1741.4000 0.1910
1745.7000 0.1911
1748.5000 0.1913
1749.1000 0.1915
1749.7000 0.1917
1751.1000 0.1918
1751.4000 0.1920
1756.8000 0.1922
1757.5000 0.1924
1759.9000 0.1925
1764.2000 0.1927
1764.3000 0.1929
1766.6000 0.1931
1771.7000 0.1932
1782.9000 0.1934
1787.0000 0.1936
1787.3000 0.1937
1791.5000 0.1939
1793.6000 0.1941
1794.2000 0.1943
1796.1000 0.1944
1796.2000 0.1946
1797.5000 0.1948
1800.9000 0.1950
1801.1000 0.1951
1804.7000 0.1953
1805.0000 0.1955
1811.8000 0.1957
1816.4000 0.1958
1816.6000 0.1960
1817.3000 0.1962
1819.2000 0.1964
1821.2000 0.1965
1822.2000 0.1967
1822.6000 0.1969
1824.5000 0.1970
1825.6000 0.1972
1828.9000 0.1974
1832.4000 0.1976
1833.1000 0.1977
1839.8000 0.1979
1840.3000 0.1981
1848.2000 0.1983
1852.5000 0.1984
1855.2000 0.1986
1859.9000 0.1988
1860.6000 0.1990
1861.4000 0.1991
1862.3000 0.1993
1863.0000 0.1995
1865.9000 0.1997
1873.1000 0.1998
1874.1000 0.2000
1878.3000 0.2002
1878.6000 0.2003
1880.2000 0.2005
1884.0000 0.2007
1884.2000 0.2009
1888.4000 0.2010
1889.0000 0.2012
1891.4000 0.2014
1894.3000 0.2016
1894.7000 0.2017
1894.8000 0.2019
1896.0000 0.2021
1902.4000 0.2023
1909.4000 0.2024
1914.6000 0.2026
1917.3000 0.2028
1918.4000 0.2030
1918.8000 0.2031
1920.1000 0.2033
1920.3000 0.2035
1923.4000 0.2036
1926.4000 0.2038
1928.2000 0.2040
1935.5000 0.2042
1942.0000 0.2043
1942.3000 0.2045
1943.1000 0.2047
1943.3000 0.2049
1944.2000 0.2050
1946.3000 0.2052
1946.9000 0.2054
1947.5000 0.2056
1947.7000 0.2057
1948.7000 0.2059
1949.0000 0.2061
1950.0000 0.2062
1952.3000 0.2064
1960.5000 0.2066
1963.2000 0.2068
1967.4000 0.2069
1975.1000 0.2071
1977.1000 0.2073
1980.8000 0.2075
1983.4000 0.2076
1985.9000 0.2078
1989.4000 0.2080
1994.9000 0.2082
1995.6000 0.2083
1996.4000 0.2085
1998.6000 0.2087
2005.6000 0.2089
2012.5000 0.2090
2013.1000 0.2092
2013.3000 0.2094
2019.1000 0.2095
2023.1000 0.2097
2024.1000 0.2099
2027.3000 0.2101
2032.0000 0.2102
2036.9000 0.2104
2037.2000 0.2106
2040.3000 0.2108
2040.3000 0.2109
2040.5000 0.2111
2040.9000 0.2113
2041.6000 0.2115
2043.4000 0.2116
2043.9000 0.2118
2054.0000 0.2120
2058.6000 0.2122
2060.7000 0.2123
2064.8000 0.2125
2065.6000 0.2127
2066.7000 0.2128
2070.0000 0.2130
2072.4000 0.2132
2074.8000 0.2134
2075.5000 0.2135
2082.4000 0.2137
2084.5000 0.2139
2084.6000 0.2141
2096.1000 0.2142
2097.9000 0.2144
2099.3000 0.2146
2100.0000 0.2148
2102.7000 0.2149
2110.0000 0.2151
2114.3000 0.2153
2117.8000 0.2155
2120.0000 0.2156
2120.3000 0.2158
2127.8000 0.2160
2128.0000 0.2161
2129.8000 0.2163
2132.4000 0.2165
2134.2000 0.2167
2134.5000 0.2168
2135.3000 0.2170
2135.9000 0.2172
2137.3000 0.2174
2141.0000 0.2175
2142.6000 0.2177
2146.1000 0.2179
2148.3000 0.2181
2152.3000 0.2182
2153.4000 0.2184
2153.9000 0.2186
2154.2000 0.2187
2157.3000 0.2189
2159.4000 0.2191
2168.4000 0.2193
2176.7000 0.2194
2180.3000 0.2196
2180.4000 0.2198
2180.4000 0.2200
2183.0000 0.2201
2192.2000 0.2203
2194.3000 0.2205
2194.5000 0.2207
2195.0000 0.2208
2197.7000 0.2210
2205.6000 0.2212
2206.2000 0.2214
2206.4000 0.2215
2207.2000 0.2217
2207.7000 0.2219
2208.7000 0.2220
2209.4000 0.2222
2212.1000 0.2224
2219.9000 0.2226
2221.8000 0.2227
2222.3000 0.2229
2239.3000 0.2231
2240.4000 0.2233
2241.5000 0.2234
2242.4000 0.2236
2245.9000 0.2238
2246.3000 0.2240
2247.4000 0.2241
2253.2000 0.2243
2256.8000 0.2245
2258.8000 0.2247
2266.7000 0.2248
2268.3000 0.2250
2277.6000 0.2252
2279.1000 0.2253
2294.7000 0.2255
2297.0000 0.2257
2303.7000 0.2259
2306.5000 0.2260
2313.0000 0.2262
2313.8000 0.2264
2315.6000 0.2266
2317.1000 0.2267
2320.5000 0.2269
2321.7000 0.2271
2324.9000 0.2273
2329.1000 0.2274
2331.3000 0.2276
2333.1000 0.2278
2336.2000 0.2280
2337.3000 0.2281
2340.2000 0.2283
2348.8000 0.2285
2349.6000 0.2286
2350.0000 0.2288
2354.4000 0.2290
2358.2000 0.2292
2359.2000 0.2293
2360.8000 0.2295
2364.1000 0.2297
2369.3000 0.2299
2375.8000 0.2300
2382.8000 0.2302
2385.0000 0.2304
2385.9000 0.2306
2391.1000 0.2307
2394.3000 0.2309
2396.5000 0.2311
2400.0000 0.2312
2417.2000 0.2314
2423.8000 0.2316
2426.0000 0.2318
2426.2000 0.2319
2430.1000 0.2321
2432.6000 0.2323
2441.6000 0.2325
2441.7000 0.2326
2443.8000 0.2328
2447.1000 0.2330
2455.9000 0.2332
2456.4000 0.2333
2457.2000 0.2335
2466.5000 0.2337
2471.8000 0.2339
2474.2000 0.2340
2475.8000 0.2342
2480.4000 0.2344
2483.3000 0.2345
2485.1000 0.2347
2487.3000 0.2349
2502.9000 0.2351
2504.3000 0.2352
2506.4000 0.2354
2509.6000 0.2356
2510.6000 0.2358
2530.7000 0.2359
2531.9000 0.2361
2533.7000 0.2363
2539.7000 0.2365
2541.4000 0.2366
2543.5000 0.2368
2552.6000 0.2370
2573.8000 0.2372
2574.4000 0.2373
2574.6000 0.2375
2574.6000 0.2377
2577.9000 0.2378
2583.2000 0.2380
2583.6000 0.2382
2583.6000 0.2384
2589.7000 0.2385
2591.6000 0.2387
2594.4000 0.2389
2595.8000 0.2391
2603.8000 0.2392
2619.0000 0.2394
2624.8000 0.2396
2631.9000 0.2398
2640.5000 0.2399
2642.1000 0.2401
2644.6000 0.2403
2658.0000 0.2405
2682.6000 0.2406
2684.1000 0.2408
2692.0000 0.2410
2692.7000 0.2411
2713.1000 0.2413
2717.8000 0.2415
2718.7000 0.2417
2723.6000 0.2418
2723.9000 0.2420
2728.3000 0.2422
2731.4000 0.2424
2746.3000 0.2425
2753.9000 0.2427
2758.4000 0.2429
2761.1000 0.2431
2763.6000 0.2432
2764.7000 0.2434
2764.9000 0.2436
2772.6000 0.2437
2774.0000 0.2439
2786.8000 0.2441
2799.5000 0.2443
2813.3000 0.2444
2814.9000 0.2446
2815.5000 0.2448
2826.7000 0.2450
2832.0000 0.2451
2837.3000 0.2453
2838.1000 0.2455
2846.3000 0.2457
2849.5000 0.2458
2866.6000 0.2460
2869.3000 0.2462
2869.4000 0.2464
2872.4000 0.2465
2877.7000 0.2467
2882.8000 0.2469
2884.3000 0.2470
2890.0000 0.2472
2907.3000 0.2474
2908.8000 0.2476
2916.5000 0.2477
2916.9000 0.2479
2919.0000 0.2481
2926.2000 0.2483
2927.5000 0.2484
2928.9000 0.2486
2944.3000 0.2488
2945.4000 0.2490
2949.8000 0.2491
2961.8000 0.2493
2965.6000 0.2495
2967.7000 0.2497
2981.4000 0.2498
2996.6000 0.2500
3000.2000 0.2502
3002.5000 0.2503
3003.6000 0.2505
3011.1000 0.2507
3019.1000 0.2509
3020.7000 0.2510
3028.1000 0.2512
3037.4000 0.2514
3039.7000 0.2516
3054.4000 0.2517
3058.5000 0.2519
3059.7000 0.2521
3070.3000 0.2523
3071.3000 0.2524
3071.4000 0.2526
3080.8000 0.2528
3081.0000 0.2530
3082.8000 0.2531
3084.0000 0.2533
3085.1000 0.2535
3102.3000 0.2536
3110.1000 0.2538
3112.3000 0.2540
3114.2000 0.2542
3123.6000 0.2543
3129.4000 0.2545
3129.8000 0.2547
3135.5000 0.2549
3136.8000 0.2550
3139.5000 0.2552
3139.8000 0.2554
3145.0000 0.2556
3155.7000 0.2557
3161.6000 0.2559
3178.4000 0.2561
3196.4000 0.2563
3206.7000 0.2564
3220.0000 0.2566
3224.7000 0.2568
3230.3000 0.2569
3235.4000 0.2571
3235.9000 0.2573
3237.6000 0.2575
3251.5000 0.2576
3255.8000 0.2578
3259.3000 0.2580
3262.5000 0.2582
3268.1000 0.2583
3275.6000 0.2585
3293.0000 0.2587
3293.4000 0.2589
3299.4000 0.2590
3301.1000 0.2592
3302.2000 0.2594
3309.3000 0.2595
3322.4000 0.2597
3328.7000 0.2599
3329.1000 0.2601
3333.4000 0.2602
3334.3000 0.2604
3353.4000 0.2606
3370.9000 0.2608
3377.9000 0.2609
3386.2000 0.2611
3392.7000 0.2613
3401.4000 0.2615
3402.2000 0.2616
3407.3000 0.2618
3417.6000 0.2620
3419.7000 0.2622
3429.9000 0.2623
3434.7000 0.2625
3446.8000 0.2627
3448.5000 0.2628
3458.8000 0.2630
3459.4000 0.2632
3465.1000 0.2634
3467.4000 0.2635
3471.1000 0.2637
3475.4000 0.2639
3477.5000 0.2641
3480.6000 0.2642
3481.1000 0.2644
3484.8000 0.2646
3484.9000 0.2648
3487.6000 0.2649
3489.1000 0.2651
3516.9000 0.2653
3518.7000 0.2655
3519.2000 0.2656
3520.9000 0.2658
3528.5000 0.2660
3530.0000 0.2661
3533.4000 0.2663
3536.8000 0.2665
3540.8000 0.2667
3543.4000 0.2668
3552.6000 0.2670
3582.1000 0.2672
3583.2000 0.2674
3590.6000 0.2675
3596.6000 0.2677
3598.4000 0.2679
3604.3000 0.2681
3613.8000 0.2682
3615.3000 0.2684
3618.0000 0.2686
3636.1000 0.2688
3639.5000 0.2689
3641.3000 0.2691
3643.6000 0.2693
3652.2000 0.2694
3652.8000 0.2696
3664.0000 0.2698
3672.7000 0.2700
3679.1000 0.2701
3681.7000 0.2703
3694.4000 0.2705
3704.6000 0.2707
3714.8000 0.2708
3721.2000 0.2710
3722.9000 0.2712
3725.1000 0.2714
3731.3000 0.2715
3733.4000 0.2717
3735.0000 0.2719
3735.1000 0.2720
3736.9000 0.2722
3736.9000 0.2724
3737.4000 0.2726
3744.0000 0.2727
3748.4000 0.2729
3751.0000 0.2731
3754.1000 0.2733
3767.2000 0.2734
3775.7000 0.2736
3793.4000 0.2738
3805.9000 0.2740
3816.5000 0.2741
3824.6000 0.2743
3825.5000 0.2745
3834.0000 0.2747
3834.7000 0.2748
3842.2000 0.2750
3843.8000 0.2752
3858.9000 0.2753
3860.4000 0.2755
3871.4000 0.2757
3875.3000 0.2759
3879.9000 0.2760
3886.2000 0.2762
3900.0000 0.2764
3900.4000 0.2766
3929.5000 0.2767
3930.9000 0.2769
3932.4000 0.2771
3933.8000 0.2773
3934.6000 0.2774
3954.9000 0.2776
3965.5000 0.2778
3979.5000 0.2780
3981.9000 0.2781
3984.0000 0.2783
3992.8000 0.2785
3993.0000 0.2786
3993.5000 0.2788
3995.5000 0.2790
4005.0000 0.2792
4006.5000 0.2793
4009.2000 0.2795
4010.2000 0.2797
4012.1000 0.2799
4014.0000 0.2800
4021.3000 0.2802
4040.0000 0.2804
4055.5000 0.2806
4060.4000 0.2807
4071.5000 0.2809
4086.7000 0.2811
4106.0000 0.2813
4112.9000 0.2814
4114.1000 0.2816
4115.0000 0.2818
4116.5000 0.2819
4120.5000 0.2821
4125.4000 0.2823
4128.5000 0.2825
4133.6000 0.2826
4139.7000 0.2828
4143.2000 0.2830
4149.3000 0.2832
4151.3000 0.2833
4152.8000 0.2835
4155.9000 0.2837
4165.5000 0.2839
4176.0000 0.2840
4188.4000 0.2842
4203.4000 0.2844
4204.0000 0.2845
4207.1000 0.2847
4223.9000 0.2849
4255.0000 0.2851
4264.8000 0.2852
4268.0000 0.2854
4277.9000 0.2856
4291.9000 0.2858
4293.4000 0.2859
4293.7000 0.2861
4304.2000 0.2863
4304.5000 0.2865
4309.0000 0.2866
4314.0000 0.2868
4328.6000 0.2870
4329.0000 0.2872
4345.6000 0.2873
4348.7000 0.2875
4350.9000 0.2877
4362.3000 0.2878
4375.8000 0.2880
4378.5000 0.2882
4381.1000 0.2884
4389.2000 0.2885
4405.5000 0.2887
4406.5000 0.2889
4413.1000 0.2891
4418.7000 0.2892
4422.1000 0.2894
4423.3000 0.2896
4423.3000 0.2898
4424.8000 0.2899
4433.8000 0.2901
4437.7000 0.2903
4441.5000 0.2905
4449.0000 0.2906
4450.1000 0.2908
4454.0000 0.2910
4468.1000 0.2911
4473.9000 0.2913
4475.1000 0.2915
4476.5000 0.2917
4487.6000 0.2918
4492.0000 0.2920
4496.1000 0.2922
4506.8000 0.2924
4508.2000 0.2925
4515.7000 0.2927
4533.9000 0.2929
4536.6000 0.2931
4539.8000 0.2932
4561.2000 0.2934
4565.1000 0.2936
4568.2000 0.2938
4577.4000 0.2939
4600.6000 0.2941
4601.2000 0.2943
4616.3000 0.2944
4624.7000 0.2946
4627.1000 0.2948
4630.6000 0.2950
4643.0000 0.2951
4644.8000 0.2953
4649.8000 0.2955
4653.5000 0.2957
4658.4000 0.2958
4662.7000 0.2960
4672.4000 0.2962
4675.3000 0.2964
4702.4000 0.2965
4706.4000 0.2967
4711.3000 0.2969
4713.1000 0.2970
4713.6000 0.2972
4724.9000 0.2974
4725.8000 0.2976
4733.7000 0.2977
4734.5000 0.2979
4741.5000 0.2981
4741.6000 0.2983
4742.8000 0.2984
4753.2000 0.2986
4757.8000 0.2988
4759.2000 0.2990
4762.2000 0.2991
4773.7000 0.2993
4774.6000 0.2995
4774.8000 0.2997
4782.8000 0.2998
4796.0000 0.3000
4798.1000 0.3002
4799.5000 0.3003
4801.6000 0.3005
4805.2000 0.3007
4807.6000 0.3009
4811.7000 0.3010
4813.0000 0.3012
4819.0000 0.3014
4825.3000 0.3016
4834.4000 0.3017
4835.7000 0.3019
4835.8000 0.3021
4841.1000 0.3023
4842.4000 0.3024
4843.6000 0.3026
4844.6000 0.3028
4850.9000 0.3030
4869.4000 0.3031
4880.7000 0.3033
4886.6000 0.3035
4899.0000 0.3036
4900.7000 0.3038
4905.6000 0.3040
4909.9000 0.3042
4914.1000 0.3043
4916.4000 0.3045
4933.8000 0.3047
4939.7000 0.3049
4952.8000 0.3050
4953.7000 0.3052
4954.4000 0.3054
4961.8000 0.3056
4977.4000 0.3057
5011.6000 0.3059
5021.8000 0.3061
5026.7000 0.3063
5029.7000 0.3064
5029.7000 0.3066
5038.2000 0.3068
5040.6000 0.3069
5070.6000 0.3071
5089.5000 0.3073
5090.3000 0.3075
5117.8000 0.3076
5117.9000 0.3078
5178.8000 0.3080
5187.7000 0.3082
5195.4000 0.3083
5202.8000 0.3085
5208.6000 0.3087
5218.7000 0.3089
5221.1000 0.3090
5224.3000 0.3092
5239.6000 0.3094
5240.6000 0.3095
5240.7000 0.3097
5250.8000 0.3099
5277.3000 0.3101
5294.8000 0.3102
5295.7000 0.3104
5315.9000 0.3106
5324.4000 0.3108
5325.8000 0.3109
5329.2000 0.3111
5341.9000 0.3113
5347.7000 0.3115
5358.4000 0.3116
5360.8000 0.3118
5362.8000 0.3120
5364.5000 0.3122
5366.0000 0.3123
5373.7000 0.3125
5374.4000 0.3127
5375.0000 0.3128
5376.1000 0.3130
5381.8000 0.3132
5383.0000 0.3134
5388.4000 0.3135
5389.8000 0.3137
5395.4000 0.3139
5414.4000 0.3141
5414.5000 0.3142
5416.3000 0.3144
5419.4000 0.3146
5435.8000 0.3148
5440.3000 0.3149
5441.2000 0.3151
5443.1000 0.3153
5464.2000 0.3155
5475.7000 0.3156
5479.8000 0.3158
5497.2000 0.3160
5505.6000 0.3161
5506.7000 0.3163
5522.6000 0.3165
5524.3000 0.3167
5526.0000 0.3168
5531.7000 0.3170
5539.8000 0.3172
5544.0000 0.3174
5554.4000 0.3175
5554.5000 0.3177
5562.2000 0.3179
5571.6000 0.3181
5573.2000 0.3182
5607.5000 0.3184
5608.1000 0.3186
5616.3000 0.3188
5616.9000 0.3189
5624.3000 0.3191
5630.0000 0.3193
5635.7000 0.3194
5644.1000 0.3196
5647.9000 0.3198
5658.8000 0.3200
5670.9000 0.3201
5677.6000 0.3203
5683.8000 0.3205
5684.1000 0.3207
5690.0000 0.3208
5696.6000 0.3210
5697.5000 0.3212
5703.2000 0.3214
5704.6000 0.3215
5705.4000 0.3217
5709.9000 0.3219
5713.2000 0.3220
5736.4000 0.3222
5739.2000 0.3224
5752.6000 0.3226
5756.5000 0.3227
5762.1000 0.3229
5764.9000 0.3231
5766.9000 0.3233
5774.0000 0.3234
5783.9000 0.3236
5785.1000 0.3238
5787.9000 0.3240
5803.2000 0.3241
5829.4000 0.3243
5839.4000 0.3245
5840.4000 0.3247
5855.4000 0.3248
5857.5000 0.3250
5870.2000 0.3252
5890.2000 0.3253
5898.8000 0.3255
5904.9000 0.3257
5931.3000 0.3259
5935.0000 0.3260
5939.6000 0.3262
5941.2000 0.3264
5955.5000 0.3266
5971.0000 0.3267
5975.2000 0.3269
5975.6000 0.3271
5980.1000 0.3273
5993.2000 0.3274
6003.0000 0.3276
6005.8000 0.3278
6009.6000 0.3280
6024.7000 0.3281
6051.9000 0.3283
6060.5000 0.3285
6061.8000 0.3286
6074.9000 0.3288
6079.1000 0.3290
6084.2000 0.3292
6099.6000 0.3293
6101.4000 0.3295
6130.7000 0.3297
6143.1000 0.3299
6145.3000 0.3300
6149.2000 0.3302
6150.8000 0.3304
6171.4000 0.3306
6180.2000 0.3307
6184.9000 0.3309
6190.3000 0.3311
6212.1000 0.3313
6214.7000 0.3314
6217.3000 0.3316
6222.7000 0.3318
6224.0000 0.3319
6228.4000 0.3321
6233.4000 0.3323
6234.2000 0.3325
6238.7000 0.3326
6244.4000 0.3328
6252.3000 0.3330
6253.0000 0.3332
6255.7000 0.3333
6255.8000 0.3335
6259.0000 0.3337
6263.3000 0.3339
6264.9000 0.3340
6270.2000 0.3342
6273.4000 0.3344
6279.1000 0.3345
6296.8000 0.3347
6311.3000 0.3349
6311.6000 0.3351
6311.8000 0.3352
6331.0000 0.3354
6334.2000 0.3356
6359.1000 0.3358
6371.5000 0.3359
6374.1000 0.3361
6376.3000 0.3363
6379.4000 0.3365
6380.4000 0.3366
6384.9000 0.3368
6385.7000 0.3370
6401.9000 0.3372
6408.8000 0.3373
6409.3000 0.3375
6415.0000 0.3377
6419.7000 0.3378
6425.0000 0.3380
6444.8000 0.3382
6452.5000 0.3384
6460.5000 0.3385
6467.6000 0.3387
6472.6000 0.3389
6484.0000 0.3391
6487.2000 0.3392
6488.9000 0.3394
6489.2000 0.3396
6491.3000 0.3398
6493.9000 0.3399
6510.9000 0.3401
6540.3000 0.3403
6547.4000 0.3405
6581.3000 0.3406
6586.5000 0.3408
6589.1000 0.3410
6617.1000 0.3411
6620.7000 0.3413
6629.8000 0.3415
6647.5000 0.3417
6654.2000 0.3418
6656.8000 0.3420
6665.3000 0.3422
6671.2000 0.3424
6678.3000 0.3425
6679.9000 0.3427
6683.3000 0.3429
6685.5000 0.3431
6698.7000 0.3432
6706.4000 0.3434
6719.6000 0.3436
6725.4000 0.3438
6740.0000 0.3439
6749.7000 0.3441
6750.2000 0.3443
6752.5000 0.3444
6770.0000 0.3446
6772.5000 0.3448
6773.9000 0.3450
6774.3000 0.3451
6775.0000 0.3453
6777.0000 0.3455
6783.0000 0.3457
6793.5000 0.3458
6798.4000 0.3460
6806.1000 0.3462
6811.3000 0.3464
6844.0000 0.3465
6851.3000 0.3467
6853.0000 0.3469
6853.4000 0.3470
6857.0000 0.3472
6859.3000 0.3474
6859.9000 0.3476
6864.1000 0.3477
6872.3000 0.3479
6873.0000 0.3481
6874.6000 0.3483
6875.4000 0.3484
6876.5000 0.3486
6879.1000 0.3488
6897.1000 0.3490
6902.7000 0.3491
6905.8000 0.3493
6916.6000 0.3495
6920.2000 0.3497
6923.6000 0.3498
6959.5000 0.3500
6964.8000 0.3502
6965.5000 0.3503
6982.6000 0.3505
6989.4000 0.3507
7000.0000 0.3509
7003.1000 0.3510
7006.3000 0.3512
7008.5000 0.3514
7009.5000 0.3516
7010.8000 0.3517
7013.1000 0.3519
7019.4000 0.3521
7042.3000 0.3523
7044.1000 0.3524
7056.6000 0.3526
7063.6000 0.3528
7070.0000 0.3530
7073.3000 0.3531
7093.8000 0.3533
7100.5000 0.3535
7120.8000 0.3536
7129.9000 0.3538
7131.0000 0.3540
7131.6000 0.3542
7145.0000 0.3543
7148.8000 0.3545
7149.6000 0.3547
7153.4000 0.3549
7153.6000 0.3550
7163.5000 0.3552
7180.1000 0.3554
7180.8000 0.3556
7181.0000 0.3557
7185.2000 0.3559
7201.5000 0.3561
7202.0000 0.3563
7204.8000 0.3564
7220.8000 0.3566
7221.2000 0.3568
7225.2000 0.3569
7233.2000 0.3571
7254.8000 0.3573
7279.2000 0.3575
7290.6000 0.3576
7306.6000 0.3578
7306.7000 0.3580
7316.4000 0.3582
7320.2000 0.3583
7322.8000 0.3585
7325.2000 0.3587
7331.5000 0.3589
7332.3000 0.3590
7333.8000 0.3592
7338.6000 0.3594
7340.4000 0.3595
7361.9000 0.3597
7363.8000 0.3599
7368.3000 0.3601
7376.7000 0.3602
7379.9000 0.3604
7402.6000 0.3606
7404.2000 0.3608
7409.1000 0.3609
7411.7000 0.3611
7415.7000 0.3613
7425.5000 0.3615
7426.2000 0.3616
7428.2000 0.3618
7433.2000 0.3620
7439.3000 0.3622
7444.7000 0.3623
7449.2000 0.3625
7456.5000 0.3627
7459.7000 0.3628
7460.6000 0.3630
7510.3000 0.3632
7512.2000 0.3634
7525.9000 0.3635
7530.0000 0.3637
7534.9000 0.3639
7539.1000 0.3641
7541.9000 0.3642
7561.3000 0.3644
7565.8000 0.3646
7570.6000 0.3648
7580.1000 0.3649
7587.7000 0.3651
7599.2000 0.3653
7599.7000 0.3655
7610.7000 0.3656
7612.3000 0.3658
7628.6000 0.3660
7631.0000 0.3661
7636.4000 0.3663
7644.8000 0.3665
7650.3000 0.3667
7661.3000 0.3668
7670.3000 0.3670
7675.4000 0.3672
7703.0000 0.3674
7714.2000 0.3675
7726.0000 0.3677
7732.2000 0.3679
7745.1000 0.3681
7757.5000 0.3682
7758.3000 0.3684
7759.5000 0.3686
7761.9000 0.3688
7762.9000 0.3689
7770.5000 0.3691
7775.2000 0.3693
7775.5000 0.3694
7775.7000 0.3696
7777.7000 0.3698
7779.2000 0.3700
7788.6000 0.3701
7790.2000 0.3703
7802.4000 0.3705
7807.6000 0.3707
7812.3000 0.3708
7819.1000 0.3710
7824.3000 0.3712
7829.4000 0.3714
7834.1000 0.3715
7835.3000 0.3717
7838.2000 0.3719
7844.1000 0.3720
7844.5000 0.3722
7846.6000 0.3724
7866.4000 0.3726
7876.0000 0.3727
7887.8000 0.3729
7887.8000 0.3731
7891.3000 0.3733
7907.7000 0.3734
7913.2000 0.3736
7929.5000 0.3738
7939.7000 0.3740
7945.3000 0.3741
7955.4000 0.3743
7969.2000 0.3745
7970.9000 0.3747
7979.0000 0.3748
7997.6000 0.3750
8001.8000 0.3752
8002.4000 0.3753
8010.8000 0.3755
8037.5000 0.3757
8044.1000 0.3759
8046.5000 0.3760
8047.3000 0.3762
8053.2000 0.3764
8053.8000 0.3766
8058.3000 0.3767
8070.4000 0.3769
8090.1000 0.3771
8090.9000 0.3773
8120.1000 0.3774
8128.5000 0.3776
8130.6000 0.3778
8134.3000 0.3780
8134.9000 0.3781
8140.5000 0.3783
8145.3000 0.3785
8164.0000 0.3786
8168.1000 0.3788
8175.1000 0.3790
8176.1000 0.3792
8180.0000 0.3793
8184.6000 0.3795
8188.4000 0.3797
8191.0000 0.3799
8193.4000 0.3800
8201.5000 0.3802
8208.7000 0.3804
8213.1000 0.3806
8221.5000 0.3807
8254.7000 0.3809
8257.0000 0.3811
8267.1000 0.3813
8268.1000 0.3814
8268.1000 0.3816
8278.9000 0.3818
8288.6000 0.3819
8289.2000 0.3821
8309.4000 0.3823
8316.8000 0.3825
8319.4000 0.3826
8320.0000 0.3828
8320.2000 0.3830
8321.4000 0.3832
8338.3000 0.3833
8347.0000 0.3835
8351.6000 0.3837
8355.6000 0.3839
8356.9000 0.3840
8364.8000 0.3842
8373.1000 0.3844
8375.3000 0.3845
8379.8000 0.3847
8380.4000 0.3849
8380.7000 0.3851
8381.8000 0.3852
8384.3000 0.3854
8396.1000 0.3856
8401.5000 0.3858
8408.0000 0.3859
8427.9000 0.3861
8431.2000 0.3863
8451.0000 0.3865
8453.1000 0.3866
8462.3000 0.3868
8472.6000 0.3870
8478.8000 0.3872
8479.4000 0.3873
8479.6000 0.3875
8491.1000 0.3877
8503.4000 0.3878
8518.5000 0.3880
8522.0000 0.3882
8535.6000 0.3884
8537.3000 0.3885
8553.2000 0.3887
8562.8000 0.3889
8566.1000 0.3891
8566.5000 0.3892
8571.5000 0.3894
8572.0000 0.3896
8586.0000 0.3898
8588.4000 0.3899
8609.8000 0.3901
8617.2000 0.3903
8623.6000 0.3905
8626.3000 0.3906
8640.6000 0.3908
8657.2000 0.3910
8658.8000 0.3911
8662.2000 0.3913
8672.3000 0.3915
8691.9000 0.3917
8695.3000 0.3918
8695.7000 0.3920
8697.2000 0.3922
8706.4000 0.3924
8706.7000 0.3925
8721.2000 0.3927
8723.8000 0.3929
8745.6000 0.3931
8749.2000 0.3932
8754.9000 0.3934
8757.1000 0.3936
8767.8000 0.3938
8771.9000 0.3939
8773.9000 0.3941
8779.5000 0.3943
8786.2000 0.3944
8793.0000 0.3946
8796.9000 0.3948
8798.2000 0.3950
8812.0000 0.3951
8849.3000 0.3953
8859.0000 0.3955
8889.1000 0.3957
8895.8000 0.3958
8900.9000 0.3960
8913.5000 0.3962
8914.0000 0.3964
8915.6000 0.3965
8934.5000 0.3967
8941.5000 0.3969
8942.3000 0.3970
8944.9000 0.3972
8948.5000 0.3974
8964.5000 0.3976
8968.5000 0.3977
8979.7000 0.3979
8987.2000 0.3981
8992.9000 0.3983
8998.2000 0.3984
8998.6000 0.3986
9017.1000 0.3988
9029.9000 0.3990
9047.5000 0.3991
9048.9000 0.3993
9054.6000 0.3995
9066.6000 0.3997
9085.3000 0.3998
9104.3000 0.4000
9109.8000 0.4002
9120.1000 0.4003
9126.4000 0.4005
9131.3000 0.4007
9153.4000 0.4009
9154.0000 0.4010
9165.3000 0.4012
9165.4000 0.4014
9166.7000 0.4016
9188.9000 0.4017
9200.7000 0.4019
9207.5000 0.4021
9217.2000 0.4023
9227.9000 0.4024
9229.6000 0.4026
9230.0000 0.4028
9231.4000 0.4030
9238.6000 0.4031
9255.4000 0.4033
9255.7000 0.4035
9257.9000 0.4036
9268.6000 0.4038
9272.2000 0.4040
9284.6000 0.4042
9291.9000 0.4043
9299.8000 0.4045
9309.4000 0.4047
9322.5000 0.4049
9324.7000 0.4050
9325.6000 0.4052
9330.8000 0.4054
9370.9000 0.4056
9379.9000 0.4057
9381.0000 0.4059
9381.5000 0.4061
9386.3000 0.4063
9394.7000 0.4064
9394.8000 0.4066
9399.2000 0.4068
9408.7000 0.4069
9420.2000 0.4071
9424.1000 0.4073
9428.5000 0.4075
9455.4000 0.4076
9465.8000 0.4078
9484.5000 0.4080
9520.6000 0.4082
9524.5000 0.4083
9524.9000 0.4085
9530.7000 0.4087
9537.5000 0.4089
9538.2000 0.4090
9547.9000 0.4092
9564.4000 0.4094
9573.8000 0.4095
9579.5000 0.4097
9590.6000 0.4099
9593.6000 0.4101
9600.2000 0.4102
9607.4000 0.4104
9607.4000 0.4106
9614.8000 0.4108
9623.3000 0.4109
9625.2000 0.4111
9630.8000 0.4113
9656.7000 0.4115
9667.5000 0.4116
9684.4000 0.4118
9687.4000 0.4120
9690.4000 0.4122
9714.7000 0.4123
9730.4000 0.4125
9733.2000 0.4127
9737.2000 0.4128
9749.3000 0.4130
9751.3000 0.4132
9753.4000 0.4134
9764.8000 0.4135
9775.6000 0.4137
9782.8000 0.4139
9811.6000 0.4141
9817.5000 0.4142
9818.6000 0.4144
9832.2000 0.4146
9833.7000 0.4148
9842.8000 0.4149
9844.6000 0.4151
9854.9000 0.4153
9858.6000 0.4155
9861.1000 0.4156
9870.6000 0.4158
9873.8000 0.4160
9876.5000 0.4161
9879.8000 0.4163
9890.8000 0.4165
9892.1000 0.4167
9896.6000 0.4168
9897.3000 0.4170
9905.4000 0.4172
9916.5000 0.4174
9921.1000 0.4175
9930.0000 0.4177
9941.4000 0.4179
9951.5000 0.4181
9959.2000 0.4182
9963.9000 0.4184
9976.3000 0.4186
9977.3000 0.4188
9989.2000 0.4189
10000.6000 0.4191
10007.9000 0.4193
10021.2000 0.4194
10039.5000 0.4196
10039.8000 0.4198
10044.6000 0.4200
10050.6000 0.4201
10085.2000 0.4203
10099.6000 0.4205
10102.7000 0.4207
10110.2000 0.4208
10110.5000 0.4210
10115.0000 0.4212
10116.2000 0.4214
10118.3000 0.4215
10119.0000 0.4217
10129.7000 0.4219
10144.1000 0.4220
10146.0000 0.4222
10152.2000 0.4224
10152.4000 0.4226
10168.2000 0.4227
10170.5000 0.4229
10171.2000 0.4231
10179.5000 0.4233
10199.6000 0.4234
10200.2000 0.4236
10209.0000 0.4238
10211.2000 0.4240
10213.2000 0.4241
10233.5000 0.4243
10240.5000 0.4245
10244.2000 0.4247
10254.2000 0.4248
10263.9000 0.4250
10266.3000 0.4252
10281.0000 0.4253
10295.3000 0.4255
10300.9000 0.4257
10311.2000 0.4259
10312.3000 0.4260
10315.4000 0.4262
10370.8000 0.4264
10380.5000 0.4266
10382.5000 0.4267
10394.1000 0.4269
10404.3000 0.4271
10408.5000 0.4273
10411.2000 0.4274
10419.6000 0.4276
10419.8000 0.4278
10430.8000 0.4280
10432.2000 0.4281
10435.6000 0.4283
10439.2000 0.4285
10471.4000 0.4286
10473.9000 0.4288
10474.7000 0.4290
10483.7000 0.4292
10503.8000 0.4293
10509.1000 0.4295
10509.5000 0.4297
10540.0000 0.4299
10550.8000 0.4300
10571.8000 0.4302
10580.4000 0.4304
10580.9000 0.4306
10586.5000 0.4307
10595.5000 0.4309
10625.8000 0.4311
10631.2000 0.4313
10632.5000 0.4314
10648.0000 0.4316
10648.9000 0.4318
10651.1000 0.4319
10667.0000 0.4321
10670.4000 0.4323
10695.8000 0.4325
10706.0000 0.4326
10739.3000 0.4328
10742.5000 0.4330
10747.4000 0.4332
10770.0000 0.4333
10772.6000 0.4335
10802.5000 0.4337
10834.5000 0.4339
10836.4000 0.4340
10839.4000 0.4342
10846.4000 0.4344
10850.8000 0.4345
10851.0000 0.4347
10857.5000 0.4349
10873.8000 0.4351
10875.6000 0.4352
10881.1000 0.4354
10902.4000 0.4356
10902.5000 0.4358
10906.1000 0.4359
10908.8000 0.4361
10908.9000 0.4363
10919.2000 0.4365
10920.6000 0.4366
10935.4000 0.4368
10936.9000 0.4370
10944.8000 0.4372
10953.1000 0.4373
10953.2000 0.4375
10954.3000 0.4377
10954.5000 0.4378
10965.5000 0.4380
10966.4000 0.4382
10966.4000 0.4384
10974.5000 0.4385
10979.5000 0.4387
10981.5000 0.4389
11001.3000 0.4391
11012.8000 0.4392
11027.0000 0.4394
11029.1000 0.4396
11043.2000 0.4398
11072.5000 0.4399
11074.4000 0.4401
11077.2000 0.4403
11089.7000 0.4405
11094.7000 0.4406
11113.2000 0.4408
11116.0000 0.4410
11119.8000 0.4411
11145.1000 0.4413
11146.0000 0.4415
11149.0000 0.4417
11151.4000 0.4418
11162.4000 0.4420
11169.6000 0.4422
11178.9000 0.4424
11209.4000 0.4425
11211.3000 0.4427
11224.7000 0.4429
11229.1000 0.4431
11235.5000 0.4432
11253.9000 0.4434
11256.2000 0.4436
11257.5000 0.4438
11260.8000 0.4439
11276.6000 0.4441
11300.6000 0.4443
11304.0000 0.4444
11316.4000 0.4446
11329.7000 0.4448
11332.4000 0.4450
11339.6000 0.4451
11341.5000 0.4453
11343.2000 0.4455
11345.7000 0.4457
11402.2000 0.4458
11402.8000 0.4460
11407.2000 0.4462
11411.1000 0.4464
11413.3000 0.4465
11414.9000 0.4467
11415.3000 0.4469
11415.7000 0.4470
11434.3000 0.4472
11439.8000 0.4474
11443.4000 0.4476
11443.8000 0.4477
11449.0000 0.4479
11459.5000 0.4481
11474.9000 0.4483
11481.8000 0.4484
11498.0000 0.4486
11502.6000 0.4488
11504.1000 0.4490
11505.4000 0.4491
11509.3000 0.4493
11517.3000 0.4495
11534.6000 0.4497
11547.0000 0.4498
11551.5000 0.4500
11553.7000 0.4502
11581.5000 0.4503
11589.3000 0.4505
11593.6000 0.4507
11612.2000 0.4509
11613.9000 0.4510
11628.6000 0.4512
11630.1000 0.4514
11635.8000 0.4516
11637.1000 0.4517
11637.8000 0.4519
11639.7000 0.4521
11652.7000 0.4523
11659.8000 0.4524
11679.5000 0.4526
11696.5000 0.4528
11706.0000 0.4530
11708.2000 0.4531
11711.7000 0.4533
11712.4000 0.4535
11725.8000 0.4536
11727.9000 0.4538
11736.5000 0.4540
11756.1000 0.4542
11775.1000 0.4543
11786.7000 0.4545
11792.8000 0.4547
11806.4000 0.4549
11821.2000 0.4550
11825.3000 0.4552
11828.6000 0.4554
11841.5000 0.4556
11849.1000 0.4557
11851.5000 0.4559
11853.0000 0.4561
11860.0000 0.4563
11867.8000 0.4564
11875.7000 0.4566
11878.6000 0.4568
11880.8000 0.4569
11885.5000 0.4571
11886.9000 0.4573
11915.5000 0.4575
11920.9000 0.4576
11922.5000 0.4578
11926.4000 0.4580
11931.1000 0.4582
11933.5000 0.4583
11934.0000 0.4585
11946.5000 0.4587
11950.6000 0.4589
11968.3000 0.4590
11980.5000 0.4592
11983.4000 0.4594
11987.3000 0.4595
11987.6000 0.4597
12024.2000 0.4599
12026.4000 0.4601
12033.9000 0.4602
12049.3000 0.4604
12051.2000 0.4606
12057.1000 0.4608
12060.7000 0.4609
12068.5000 0.4611
12077.2000 0.4613
12083.5000 0.4615
12104.5000 0.4616
12104.6000 0.4618
12105.5000 0.4620
12111.5000 0.4622
12113.1000 0.4623
12113.7000 0.4625
12126.9000 0.4627
12136.0000 0.4628
12152.2000 0.4630
12155.7000 0.4632
12164.3000 0.4634
12174.0000 0.4635
12176.7000 0.4637
12178.6000 0.4639
12201.3000 0.4641
12204.7000 0.4642
12206.6000 0.4644
12208.7000 0.4646
12248.6000 0.4648
12254.6000 0.4649
12259.7000 0.4651
12260.0000 0.4653
12263.6000 0.4655
12266.2000 0.4656
12274.0000 0.4658
12274.4000 0.4660
12315.4000 0.4661
12321.7000 0.4663
12328.4000 0.4665
12336.7000 0.4667
12356.2000 0.4668
12371.0000 0.4670
12386.2000 0.4672
12402.1000 0.4674
12427.2000 0.4675
12454.3000 0.4677
12455.8000 0.4679
12457.1000 0.4681
12459.3000 0.4682
12462.6000 0.4684
12471.8000 0.4686
12475.9000 0.4688
12482.7000 0.4689
12484.0000 0.4691
12484.6000 0.4693
12491.5000 0.4694
12509.8000 0.4696
12514.8000 0.4698
12525.8000 0.4700
12525.9000 0.4701
12534.3000 0.4703
12537.7000 0.4705
12540.9000 0.4707
12544.9000 0.4708
12546.2000 0.4710
12546.7000 0.4712
12571.6000 0.4714
12583.9000 0.4715
12600.5000 0.4717
12604.6000 0.4719
12609.6000 0.4720
12616.4000 0.4722
12623.9000 0.4724
12636.8000 0.4726
12650.3000 0.4727
12658.2000 0.4729
12668.7000 0.4731
12675.8000 0.4733
12676.2000 0.4734
12695.9000 0.4736
12697.5000 0.4738
12699.8000 0.4740
12704.2000 0.4741
12707.0000 0.4743
12715.2000 0.4745
12718.0000 0.4747
12718.6000 0.4748
12728.4000 0.4750
12729.0000 0.4752
12730.3000 0.4753
12742.7000 0.4755
12751.3000 0.4757
12763.3000 0.4759
12796.5000 0.4760
12798.7000 0.4762
12809.6000 0.4764
12810.0000 0.4766
12810.0000 0.4767
12829.3000 0.4769
12830.8000 0.4771
12838.6000 0.4773
12850.2000 0.4774
12851.6000 0.4776
12889.7000 0.4778
12899.2000 0.4780
12905.5000 0.4781
12911.6000 0.4783
12915.9000 0.4785
12916.5000 0.4786
12921.6000 0.4788
12933.1000 0.4790
12946.1000 0.4792
12950.8000 0.4793
12955.7000 0.4795
12957.6000 0.4797
12968.3000 0.4799
12988.2000 0.4800
12990.3000 0.4802
12995.8000 0.4804
13004.2000 0.4806
13005.6000 0.4807
13011.9000 0.4809
13013.4000 0.4811
13030.3000 0.4813
13040.9000 0.4814
13043.1000 0.4816
13054.7000 0.4818
13066.7000 0.4819
13078.7000 0.4821
13101.8000 0.4823
13115.5000 0.4825
13116.3000 0.4826
13119.4000 0.4828
13122.8000 0.4830
13128.4000 0.4832
13140.1000 0.4833
13152.7000 0.4835
13181.0000 0.4837
13188.4000 0.4839
13190.7000 0.4840
13207.5000 0.4842
13216.6000 0.4844
13235.7000 0.4845
13248.1000 0.4847
13251.4000 0.4849
13253.1000 0.4851
13256.0000 0.4852
13259.9000 0.4854
13266.2000 0.4856
13278.2000 0.4858
13308.4000 0.4859
13308.9000 0.4861
13323.7000 0.4863
13326.8000 0.4865
13336.7000 0.4866
13345.4000 0.4868
13352.8000 0.4870
13359.2000 0.4872
13361.7000 0.4873
13362.2000 0.4875
13372.7000 0.4877
13377.2000 0.4878
13413.7000 0.4880
13423.9000 0.4882
13439.2000 0.4884
13439.2000 0.4885
13449.2000 0.4887
13452.4000 0.4889
13465.7000 0.4891
13471.3000 0.4892
13471.5000 0.4894
13499.1000 0.4896
13505.1000 0.4898
13513.6000 0.4899
13536.4000 0.4901
13556.6000 0.4903
13566.7000 0.4905
13572.9000 0.4906
13576.4000 0.4908
13585.1000 0.4910
13611.0000 0.4911
13616.6000 0.4913
13620.7000 0.4915
13626.2000 0.4917
13628.9000 0.4918
13631.3000 0.4920
13638.8000 0.4922
13642.1000 0.4924
13647.0000 0.4925
13653.6000 0.4927
13666.0000 0.4929
13666.6000 0.4931
13683.7000 0.4932
13684.8000 0.4934
13686.6000 0.4936
13694.7000 0.4938
13704.1000 0.4939
13706.7000 0.4941
13708.3000 0.4943
13718.9000 0.4944
13719.7000 0.4946
13729.0000 0.4948
13734.3000 0.4950
13768.7000 0.4951
13771.4000 0.4953
13772.0000 0.4955
13788.9000 0.4957
13813.6000 0.4958
13857.8000 0.4960
13863.5000 0.4962
13866.8000 0.4964
13892.1000 0.4965
13910.2000 0.4967
13922.4000 0.4969
13928.7000 0.4970
13931.5000 0.4972
13958.6000 0.4974
13978.3000 0.4976
13995.1000 0.4977
13999.1000 0.4979
14003.2000 0.4981
14004.3000 0.4983
14013.3000 0.4984
14020.9000 0.4986
14035.7000 0.4988
14041.3000 0.4990
14042.9000 0.4991
14058.1000 0.4993
14068.7000 0.4995
14100.8000 0.4997
14106.7000 0.4998
14110.8000 0.5000
14114.3000 0.5002
14119.6000 0.5003
14124.2000 0.5005
14139.0000 0.5007
14140.6000 0.5009
14156.7000 0.5010
14184.6000 0.5012
14194.2000 0.5014
14197.0000 0.5016
14215.9000 0.5017
14216.6000 0.5019
14232.1000 0.5021
14261.3000 0.5023
14261.8000 0.5024
14281.4000 0.5026
14304.5000 0.5028
14318.8000 0.5030
14322.3000 0.5031
14323.2000 0.5033
14327.5000 0.5035
14330.1000 0.5036
14331.3000 0.5038
14331.9000 0.5040
14356.8000 0.5042
14368.7000 0.5043
14376.8000 0.5045
14382.6000 0.5047
14417.5000 0.5049
14429.5000 0.5050
14431.4000 0.5052
14442.4000 0.5054
14471.3000 0.5056
14474.1000 0.5057
14476.2000 0.5059
14482.5000 0.5061
14488.6000 0.5063
14489.1000 0.5064
14497.8000 0.5066
14508.8000 0.5068
14509.1000 0.5069
14530.7000 0.5071
14535.7000 0.5073
14537.0000 0.5075
14572.3000 0.5076
14574.7000 0.5078
14575.7000 0.5080
14580.0000 0.5082
14582.0000 0.5083
14583.9000 0.5085
14589.5000 0.5087
14599.6000 0.5089
14607.8000 0.5090
14616.0000 0.5092
14624.3000 0.5094
14625.0000 0.5095
14625.6000 0.5097
14659.0000 0.5099
14670.1000 0.5101
14690.1000 0.5102
14691.5000 0.5104
14699.4000 0.5106
14739.1000 0.5108
14751.9000 0.5109
14753.0000 0.5111
14756.4000 0.5113
14771.8000 0.5115
14772.9000 0.5116
14782.9000 0.5118
14784.2000 0.5120
14800.5000 0.5122
14818.4000 0.5123
14819.5000 0.5125
14832.1000 0.5127
14847.1000 0.5128
14893.1000 0.5130
14925.1000 0.5132
14925.7000 0.5134
14942.6000 0.5135
14982.2000 0.5137
15006.7000 0.5139
15032.6000 0.5141
15049.2000 0.5142
15049.4000 0.5144
15059.6000 0.5146
15067.2000 0.5148
15068.6000 0.5149
15069.1000 0.5151
15069.9000 0.5153
15086.1000 0.5155
15104.8000 0.5156
15112.1000 0.5158
15118.8000 0.5160
15121.2000 0.5161
15123.7000 0.5163
15132.1000 0.5165
15148.6000 0.5167
15159.6000 0.5168
15162.3000 0.5170
15165.5000 0.5172
15166.9000 0.5174
15178.0000 0.5175
15183.8000 0.5177
15226.1000 0.5179
15226.8000 0.5181
15231.5000 0.5182
15248.2000 0.5184
15269.0000 0.5186
15297.3000 0.5188
15297.5000 0.5189
15311.1000 0.5191
15319.6000 0.5193
15352.8000 0.5194
15365.0000 0.5196
15372.1000 0.5198
15420.5000 0.5200
15427.7000 0.5201
15438.8000 0.5203
15439.1000 0.5205
15440.4000 0.5207
15447.7000 0.5208
15460.9000 0.5210
15475.6000 0.5212
15502.7000 0.5214
15510.5000 0.5215
15512.6000 0.5217
15552.2000 0.5219
15565.3000 0.5220
15569.1000 0.5222
15582.5000 0.5224
15586.0000 0.5226
15627.3000 0.5227
15633.3000 0.5229
15634.4000 0.5231
15637.3000 0.5233
15693.3000 0.5234
15696.3000 0.5236
15719.0000 0.5238
15721.3000 0.5240
15722.8000 0.5241
15723.9000 0.5243
15732.2000 0.5245
15767.2000 0.5247
15771.8000 0.5248
15780.4000 0.5250
15788.2000 0.5252
15796.0000 0.5253
15818.6000 0.5255
15843.2000 0.5257
15851.6000 0.5259
15855.0000 0.5260
15860.3000 0.5262
15895.8000 0.5264
15896.5000 0.5266
15898.4000 0.5267
15916.9000 0.5269
15921.6000 0.5271
15941.3000 0.5273
15953.0000 0.5274
15956.2000 0.5276
16009.9000 0.5278
16031.0000 0.5280
16074.2000 0.5281
16079.5000 0.5283
16083.5000 0.5285
16083.6000 0.5286
16086.5000 0.5288
16099.0000 0.5290
16104.2000 0.5292
16129.5000 0.5293
16175.2000 0.5295
16175.9000 0.5297
16178.3000 0.5299
16197.9000 0.5300
16204.2000 0.5302
16219.6000 0.5304
16235.5000 0.5306
16253.9000 0.5307
16274.0000 0.5309
16309.3000 0.5311
16365.7000 0.5313
16386.3000 0.5314
16401.5000 0.5316
16412.8000 0.5318
16431.0000 0.5319
16443.6000 0.5321
16469.1000 0.5323
16483.7000 0.5325
16497.9000 0.5326
16500.9000 0.5328
16512.1000 0.5330
16518.8000 0.5332
16544.3000 0.5333
16552.0000 0.5335
16557.8000 0.5337
16572.0000 0.5339
16602.4000 0.5340
16613.3000 0.5342
16634.6000 0.5344
16649.8000 0.5345
16671.9000 0.5347
16702.4000 0.5349
16707.1000 0.5351
16754.8000 0.5352
16788.7000 0.5354
16790.8000 0.5356
16806.3000 0.5358
16815.8000 0.5359
16835.4000 0.5361
16856.8000 0.5363
16868.4000 0.5365
16870.0000 0.5366
16872.4000 0.5368
16879.3000 0.5370
16879.3000 0.5372
16904.3000 0.5373
16914.1000 0.5375
16925.1000 0.5377
16926.1000 0.5378
16931.9000 0.5380
16937.7000 0.5382
16941.4000 0.5384
16946.0000 0.5385
16951.1000 0.5387
17041.4000 0.5389
17045.2000 0.5391
17072.6000 0.5392
17094.2000 0.5394
17100.2000 0.5396
17102.4000 0.5398
17105.2000 0.5399
17121.6000 0.5401
17153.7000 0.5403
17177.0000 0.5405
17191.0000 0.5406
17229.8000 0.5408
17238.4000 0.5410
17280.1000 0.5411
17284.1000 0.5413
17286.2000 0.5415
17292.8000 0.5417
17294.9000 0.5418
17296.8000 0.5420
17315.2000 0.5422
17327.2000 0.5424
17337.4000 0.5425
17380.6000 0.5427
17406.1000 0.5429
17407.7000 0.5431
17409.3000 0.5432
17459.3000 0.5434
17506.1000 0.5436
17506.9000 0.5438
17522.7000 0.5439
17561.9000 0.5441
17576.4000 0.5443
17578.2000 0.5444
17600.9000 0.5446
17629.0000 0.5448
17648.8000 0.5450
17657.2000 0.5451
17659.2000 0.5453
17668.1000 0.5455
17680.4000 0.5457
17697.8000 0.5458
17707.5000 0.5460
17745.2000 0.5462
17747.7000 0.5464
17891.3000 0.5465
17914.3000 0.5467
17935.3000 0.5469
17942.0000 0.5470
17949.1000 0.5472
17964.2000 0.5474
18019.1000 0.5476
18032.9000 0.5477
18052.5000 0.5479
18086.3000 0.5481
18095.5000 0.5483
18141.0000 0.5484
18160.9000 0.5486
18177.5000 0.5488
18196.4000 0.5490
18202.4000 0.5491
18225.6000 0.5493
18251.6000 0.5495
18261.4000 0.5497
18292.6000 0.5498
18298.8000 0.5500
18362.9000 0.5502
18380.9000 0.5503
18405.8000 0.5505
18419.9000 0.5507
18455.0000 0.5509
18467.9000 0.5510
18491.7000 0.5512
18492.7000 0.5514
18508.7000 0.5516
18522.7000 0.5517
18525.5000 0.5519
18529.8000 0.5521
18552.6000 0.5523
18556.3000 0.5524
18575.9000 0.5526
18590.8000 0.5528
18605.1000 0.5530
18627.4000 0.5531
18629.2000 0.5533
18654.4000 0.5535
18662.1000 0.5536
18670.4000 0.5538
18707.4000 0.5540
18711.7000 0.5542
18713.6000 0.5543
18725.2000 0.5545
18744.0000 0.5547
18754.2000 0.5549
18797.5000 0.5550
18833.1000 0.5552
18852.0000 0.5554
18919.9000 0.5556
18920.7000 0.5557
18938.0000 0.5559
18948.6000 0.5561
18952.9000 0.5563
18969.7000 0.5564
18981.7000 0.5566
18983.0000 0.5568
18994.1000 0.5569
19004.5000 0.5571
19011.8000 0.5573
19017.5000 0.5575
19021.8000 0.5576
19046.9000 0.5578
19082.1000 0.5580
19103.8000 0.5582
19155.8000 0.5583
19157.5000 0.5585
19170.0000 0.5587
19176.8000 0.5589
19181.3000 0.5590
19186.6000 0.5592
19196.3000 0.5594
19203.7000 0.5595
19209.4000 0.5597
19248.8000 0.5599
19303.4000 0.5601
19361.3000 0.5602
19376.3000 0.5604
19433.4000 0.5606
19436.2000 0.5608
19450.6000 0.5609
19479.3000 0.5611
19487.1000 0.5613
19553.1000 0.5615
19578.4000 0.5616
19598.2000 0.5618
19614.6000 0.5620
19628.1000 0.5622
19640.7000 0.5623
19645.2000 0.5625
19686.9000 0.5627
19709.4000 0.5628
19782.1000 0.5630
19823.1000 0.5632
19827.0000 0.5634
19858.5000 0.5635
19880.2000 0.5637
19893.1000 0.5639
19924.3000 0.5641
19929.1000 0.5642
19931.7000 0.5644
19937.2000 0.5646
19946.1000 0.5648
19959.5000 0.5649
19985.3000 0.5651
19990.7000 0.5653
20000.7000 0.5655
20014.2000 0.5656
20023.0000 0.5658
20025.0000 0.5660
20038.9000 0.5661
20048.8000 0.5663
20087.0000 0.5665
20123.5000 0.5667
20165.4000 0.5668
20170.3000 0.5670
20243.4000 0.5672
20258.5000 0.5674
20262.3000 0.5675
20270.7000 0.5677
20272.9000 0.5679
20301.9000 0.5681
20306.5000 0.5682
20347.4000 0.5684
20371.1000 0.5686
20378.0000 0.5688
20384.5000 0.5689
20449.4000 0.5691
20458.3000 0.5693
20507.8000 0.5694
20537.1000 0.5696
20579.9000 0.5698
20654.5000 0.5700
20657.7000 0.5701
20684.1000 0.5703
20705.9000 0.5705
20723.4000 0.5707
20740.3000 0.5708
20743.9000 0.5710
20754.2000 0.5712
20803.2000 0.5714
20821.9000 0.5715
20901.6000 0.5717
20938.9000 0.5719
20946.6000 0.5720
20970.2000 0.5722
20975.4000 0.5724
20985.2000 0.5726
20997.8000 0.5727
21052.6000 0.5729
21085.0000 0.5731
21147.1000 0.5733
21160.5000 0.5734
21185.9000 0.5736
21200.1000 0.5738
21240.7000 0.5740
21279.3000 0.5741
21280.0000 0.5743
21286.3000 0.5745
21372.8000 0.5747
21373.6000 0.5748
21378.1000 0.5750
21393.7000 0.5752
21570.2000 0.5753
21587.5000 0.5755
21614.6000 0.5757
21628.2000 0.5759
21632.8000 0.5760
21649.8000 0.5762
21693.5000 0.5764
21717.0000 0.5766
21733.7000 0.5767
21748.4000 0.5769
21792.9000 0.5771
21833.0000 0.5773
21834.1000 0.5774
21837.8000 0.5776
21846.8000 0.5778
21893.1000 0.5780
21933.5000 0.5781
21993.0000 0.5783
22011.7000 0.5785
22030.1000 0.5786
22091.5000 0.5788
22095.4000 0.5790
22115.6000 0.5792
22179.8000 0.5793
22200.7000 0.5795
22258.8000 0.5797
22293.7000 0.5799
22297.6000 0.5800
22317.8000 0.5802
22407.3000 0.5804
22430.3000 0.5806
22451.3000 0.5807
22463.8000 0.5809
22557.7000 0.5811
22562.8000 0.5813
22568.1000 0.5814
22589.3000 0.5816
22659.4000 0.5818
22716.1000 0.5819
22757.7000 0.5821
23064.2000 0.5823
23259.1000 0.5825
23266.1000 0.5826
23341.0000 0.5828
23381.1000 0.5830
23419.1000 0.5832
23514.3000 0.5833
23980.7000 0.5835
