# messageDelay  cumulativeProbability
5.0000 0.0002
5.0000 0.0003
5.0000 0.0005
5.0000 0.0007
5.0000 0.0009
5.0000 0.0010
5.0000 0.0012
5.0000 0.0014
5.0000 0.0016
5.0000 0.0017
5.0000 0.0019
5.0000 0.0021
5.0000 0.0023
5.0000 0.0024
5.0000 0.0026
5.0000 0.0028
5.0000 0.0030
7.7000 0.0031
31.8000 0.0033
82.2000 0.0035
105.2000 0.0036
148.8000 0.0038
199.4000 0.0040
205.9000 0.0042
239.4000 0.0043
266.7000 0.0045
325.7000 0.0047
341.6000 0.0049
345.8000 0.0050
400.3000 0.0052
416.0000 0.0054
421.2000 0.0056
425.1000 0.0057
435.2000 0.0059
438.6000 0.0061
459.1000 0.0063
467.6000 0.0064
471.8000 0.0066
479.7000 0.0068
497.1000 0.0069
500.6000 0.0071
505.6000 0.0073
538.8000 0.0075
555.7000 0.0076
557.5000 0.0078
561.1000 0.0080
578.0000 0.0082
583.1000 0.0083
587.0000 0.0085
594.1000 0.0087
595.0000 0.0089
627.7000 0.0090
638.6000 0.0092
639.0000 0.0094
650.1000 0.0095
662.4000 0.0097
675.7000 0.0099
680.6000 0.0101
685.4000 0.0102
694.6000 0.0104
696.4000 0.0106
706.5000 0.0108
708.5000 0.0109
746.1000 0.0111
755.5000 0.0113
765.5000 0.0115
766.2000 0.0116
767.7000 0.0118
776.8000 0.0120
779.6000 0.0122
791.4000 0.0123
794.7000 0.0125
798.9000 0.0127
800.1000 0.0128
803.0000 0.0130
805.0000 0.0132
805.8000 0.0134
818.5000 0.0135
819.7000 0.0137
832.9000 0.0139
833.7000 0.0141
852.6000 0.0142
868.7000 0.0144
874.7000 0.0146
897.2000 0.0148
898.8000 0.0149
904.3000 0.0151
915.0000 0.0153
915.4000 0.0155
932.9000 0.0156
935.8000 0.0158
944.1000 0.0160
945.8000 0.0161
948.8000 0.0163
957.3000 0.0165
962.2000 0.0167
962.5000 0.0168
971.2000 0.0170
986.7000 0.0172
992.7000 0.0174
997.1000 0.0175
1002.9000 0.0177
1004.9000 0.0179
1008.0000 0.0181
1012.7000 0.0182
1021.4000 0.0184
1024.9000 0.0186
1026.2000 0.0187
1038.3000 0.0189
1048.8000 0.0191
1053.2000 0.0193
1061.2000 0.0194
1061.4000 0.0196
1063.4000 0.0198
1074.6000 0.0200
1076.8000 0.0201
1081.5000 0.0203
1082.4000 0.0205
1082.8000 0.0207
1093.0000 0.0208
1100.5000 0.0210
1105.8000 0.0212
1112.3000 0.0214
1115.2000 0.0215
1141.0000 0.0217
1152.5000 0.0219
1173.5000 0.0220
1174.5000 0.0222
1174.6000 0.0224
1175.2000 0.0226
1181.9000 0.0227
1186.2000 0.0229
1194.1000 0.0231
1197.8000 0.0233
1210.9000 0.0234
1214.7000 0.0236
1224.3000 0.0238
1230.4000 0.0240
1231.0000 0.0241
1231.1000 0.0243
1232.7000 0.0245
1238.6000 0.0247
1259.3000 0.0248
1265.4000 0.0250
1265.5000 0.0252
1266.9000 0.0253
1268.2000 0.0255
1277.5000 0.0257
1291.2000 0.0259
1305.7000 0.0260
1306.3000 0.0262
1308.5000 0.0264
1315.7000 0.0266
1317.0000 0.0267
1325.0000 0.0269
1327.9000 0.0271
1354.5000 0.0273
1355.6000 0.0274
1373.9000 0.0276
1382.6000 0.0278
1383.1000 0.0280
1383.4000 0.0281
1392.1000 0.0283
1395.7000 0.0285
1399.3000 0.0286
1402.6000 0.0288
1408.0000 0.0290
1410.4000 0.0292
1418.6000 0.0293
1420.4000 0.0295
1425.6000 0.0297
1426.4000 0.0299
1431.6000 0.0300
1451.5000 0.0302
1451.8000 0.0304
1463.2000 0.0306
1463.4000 0.0307
1467.3000 0.0309
1482.6000 0.0311
1493.9000 0.0312
1501.7000 0.0314
1502.3000 0.0316
1504.8000 0.0318
1515.7000 0.0319
1517.9000 0.0321
1523.7000 0.0323
1527.1000 0.0325
1532.0000 0.0326
1533.7000 0.0328
1533.9000 0.0330
1537.0000 0.0332
1543.6000 0.0333
1550.4000 0.0335
1572.3000 0.0337
1576.0000 0.0339
1578.3000 0.0340
1579.7000 0.0342
1589.2000 0.0344
1596.2000 0.0345
1597.8000 0.0347
1602.7000 0.0349
1608.8000 0.0351
1618.0000 0.0352
1620.7000 0.0354
1623.3000 0.0356
1623.5000 0.0358
1630.0000 0.0359
1630.5000 0.0361
1632.5000 0.0363
1648.6000 0.0365
1669.1000 0.0366
1672.5000 0.0368
1675.3000 0.0370
1675.5000 0.0372
1677.3000 0.0373
1685.5000 0.0375
1687.6000 0.0377
1692.4000 0.0378
1695.1000 0.0380
1697.4000 0.0382
1706.1000 0.0384
1709.8000 0.0385
1710.0000 0.0387
1718.0000 0.0389
1720.9000 0.0391
1727.6000 0.0392
1729.3000 0.0394
1738.5000 0.0396
1745.5000 0.0398
1753.2000 0.0399
1754.3000 0.0401
1755.1000 0.0403
1761.9000 0.0405
1764.7000 0.0406
1769.8000 0.0408
1771.6000 0.0410
1773.8000 0.0411
1774.2000 0.0413
1778.2000 0.0415
1785.8000 0.0417
1793.5000 0.0418
1811.9000 0.0420
1823.3000 0.0422
1824.7000 0.0424
1829.3000 0.0425
1830.2000 0.0427
1848.7000 0.0429
1862.6000 0.0431
1864.7000 0.0432
1873.0000 0.0434
1874.8000 0.0436
1878.5000 0.0437
1884.4000 0.0439
1889.0000 0.0441
1890.7000 0.0443
1893.9000 0.0444
1899.4000 0.0446
1902.6000 0.0448
1903.6000 0.0450
1904.7000 0.0451
1907.2000 0.0453
1910.7000 0.0455
1913.5000 0.0457
1916.7000 0.0458
1917.2000 0.0460
1923.6000 0.0462
1923.6000 0.0464
1924.9000 0.0465
1929.1000 0.0467
1929.5000 0.0469
1946.8000 0.0470
1953.3000 0.0472
1953.8000 0.0474
1957.3000 0.0476
1958.3000 0.0477
1966.4000 0.0479
1971.7000 0.0481
1972.9000 0.0483
1981.2000 0.0484
1986.2000 0.0486
1995.1000 0.0488
2007.7000 0.0490
2025.9000 0.0491
2029.2000 0.0493
2032.4000 0.0495
2033.0000 0.0497
2041.3000 0.0498
2041.7000 0.0500
2046.2000 0.0502
2046.2000 0.0503
2047.1000 0.0505
2049.9000 0.0507
2051.2000 0.0509
2062.9000 0.0510
2063.4000 0.0512
2070.6000 0.0514
2079.0000 0.0516
2087.2000 0.0517
2100.9000 0.0519
2117.1000 0.0521
2130.0000 0.0523
2135.7000 0.0524
2138.5000 0.0526
2144.2000 0.0528
2148.7000 0.0530
2148.8000 0.0531
2153.1000 0.0533
2154.4000 0.0535
2159.1000 0.0536
2160.2000 0.0538
2162.1000 0.0540
2172.3000 0.0542
2181.9000 0.0543
2186.2000 0.0545
2199.8000 0.0547
2201.6000 0.0549
2201.8000 0.0550
2206.2000 0.0552
2211.0000 0.0554
2214.2000 0.0556
2220.5000 0.0557
2222.6000 0.0559
2234.2000 0.0561
2238.7000 0.0562
2244.7000 0.0564
2258.0000 0.0566
2267.4000 0.0568
2277.4000 0.0569
2282.4000 0.0571
2305.7000 0.0573
2321.2000 0.0575
2328.6000 0.0576
2336.1000 0.0578
2345.9000 0.0580
2363.5000 0.0582
2375.7000 0.0583
2379.1000 0.0585
2383.3000 0.0587
2389.0000 0.0589
2402.8000 0.0590
2421.6000 0.0592
2422.6000 0.0594
2423.4000 0.0595
2438.7000 0.0597
2440.6000 0.0599
2450.0000 0.0601
2451.8000 0.0602
2458.4000 0.0604
2460.7000 0.0606
2460.8000 0.0608
2465.1000 0.0609
2479.2000 0.0611
2482.8000 0.0613
2492.7000 0.0615
2498.7000 0.0616
2499.0000 0.0618
2508.0000 0.0620
2527.8000 0.0622
2538.4000 0.0623
2540.6000 0.0625
2541.5000 0.0627
2542.4000 0.0628
2545.3000 0.0630
2553.4000 0.0632
2554.2000 0.0634
2584.7000 0.0635
2600.0000 0.0637
2600.2000 0.0639
2602.1000 0.0641
2626.7000 0.0642
2630.4000 0.0644
2634.7000 0.0646
2648.5000 0.0648
2650.1000 0.0649
2663.4000 0.0651
2668.5000 0.0653
2674.2000 0.0655
2692.8000 0.0656
2693.8000 0.0658
2701.8000 0.0660
2702.2000 0.0661
2702.5000 0.0663
2705.5000 0.0665
2717.9000 0.0667
2723.5000 0.0668
2732.8000 0.0670
2750.6000 0.0672
2755.5000 0.0674
2756.1000 0.0675
2761.6000 0.0677
2772.2000 0.0679
2773.2000 0.0681
2775.3000 0.0682
2794.1000 0.0684
2797.4000 0.0686
2803.3000 0.0687
2804.5000 0.0689
2820.4000 0.0691
2832.8000 0.0693
2834.5000 0.0694
2839.8000 0.0696
2873.2000 0.0698
2878.3000 0.0700
2880.7000 0.0701
2896.8000 0.0703
2901.7000 0.0705
2910.5000 0.0707
2912.4000 0.0708
2915.4000 0.0710
2917.7000 0.0712
2932.3000 0.0714
2939.7000 0.0715
2948.2000 0.0717
2950.2000 0.0719
2952.0000 0.0720
2967.4000 0.0722
2976.9000 0.0724
2977.1000 0.0726
2979.7000 0.0727
2980.3000 0.0729
2984.2000 0.0731
2992.6000 0.0733
2992.8000 0.0734
2993.1000 0.0736
3013.9000 0.0738
3014.3000 0.0740
3022.1000 0.0741
3035.3000 0.0743
3038.1000 0.0745
3060.9000 0.0747
3068.4000 0.0748
3069.1000 0.0750
3074.2000 0.0752
3075.3000 0.0753
3076.0000 0.0755
3088.5000 0.0757
3089.1000 0.0759
3097.2000 0.0760
3099.9000 0.0762
3107.4000 0.0764
3113.0000 0.0766
3122.2000 0.0767
3135.9000 0.0769
3144.5000 0.0771
3147.8000 0.0773
3159.2000 0.0774
3168.1000 0.0776
3175.3000 0.0778
3184.7000 0.0780
3207.8000 0.0781
3233.4000 0.0783
3237.6000 0.0785
3239.7000 0.0786
3241.9000 0.0788
3246.9000 0.0790
3248.5000 0.0792
3254.0000 0.0793
3260.9000 0.0795
3271.7000 0.0797
3275.3000 0.0799
3312.0000 0.0800
3319.1000 0.0802
3328.0000 0.0804
3336.1000 0.0806
3337.6000 0.0807
3341.8000 0.0809
3360.6000 0.0811
3378.6000 0.0812
3386.0000 0.0814
3397.4000 0.0816
3397.9000 0.0818
3401.9000 0.0819
3408.5000 0.0821
3410.0000 0.0823
3442.5000 0.0825
3450.6000 0.0826
3478.4000 0.0828
3481.0000 0.0830
3484.7000 0.0832
3486.8000 0.0833
3492.5000 0.0835
3510.2000 0.0837
3512.6000 0.0839
3521.0000 0.0840
3522.5000 0.0842
3524.5000 0.0844
3536.8000 0.0845
3553.5000 0.0847
3564.8000 0.0849
3564.9000 0.0851
3567.9000 0.0852
3568.1000 0.0854
3569.9000 0.0856
3571.0000 0.0858
3571.0000 0.0859
3572.5000 0.0861
3582.3000 0.0863
3593.0000 0.0865
3599.8000 0.0866
3650.3000 0.0868
3653.2000 0.0870
3656.7000 0.0872
3659.4000 0.0873
3674.8000 0.0875
3677.8000 0.0877
3683.7000 0.0878
3685.0000 0.0880
3712.7000 0.0882
3731.3000 0.0884
3732.3000 0.0885
3737.8000 0.0887
3742.3000 0.0889
3743.9000 0.0891
3744.6000 0.0892
3748.5000 0.0894
3750.1000 0.0896
3767.4000 0.0898
3771.8000 0.0899
3780.4000 0.0901
3781.6000 0.0903
3787.4000 0.0905
3791.9000 0.0906
3798.2000 0.0908
3809.5000 0.0910
3830.3000 0.0911
3836.3000 0.0913
3839.0000 0.0915
3842.5000 0.0917
3852.7000 0.0918
3863.4000 0.0920
3883.3000 0.0922
3908.7000 0.0924
3910.6000 0.0925
3919.3000 0.0927
3938.0000 0.0929
3948.7000 0.0931
3953.6000 0.0932
3967.6000 0.0934
3981.0000 0.0936
3985.7000 0.0937
3991.2000 0.0939
3993.6000 0.0941
4018.2000 0.0943
4027.4000 0.0944
4036.4000 0.0946
4070.2000 0.0948
4076.5000 0.0950
4078.1000 0.0951
4078.5000 0.0953
4101.7000 0.0955
4121.5000 0.0957
4130.8000 0.0958
4136.6000 0.0960
4157.6000 0.0962
4158.5000 0.0964
4180.6000 0.0965
4188.9000 0.0967
4192.0000 0.0969
4193.8000 0.0970
4202.2000 0.0972
4206.3000 0.0974
4215.8000 0.0976
4216.5000 0.0977
4235.0000 0.0979
4235.8000 0.0981
4243.6000 0.0983
4272.6000 0.0984
4284.3000 0.0986
4289.7000 0.0988
4290.0000 0.0990
4307.7000 0.0991
4321.5000 0.0993
4323.2000 0.0995
4332.8000 0.0997
4352.8000 0.0998
4356.3000 0.1000
4369.8000 0.1002
4378.7000 0.1003
4383.3000 0.1005
4387.4000 0.1007
4395.8000 0.1009
4399.9000 0.1010
4404.7000 0.1012
4410.4000 0.1014
4424.5000 0.1016
4425.0000 0.1017
4428.1000 0.1019
4430.8000 0.1021
4453.8000 0.1023
4468.3000 0.1024
4479.2000 0.1026
4487.2000 0.1028
4507.9000 0.1030
4524.0000 0.1031
4531.7000 0.1033
4535.0000 0.1035
4544.6000 0.1036
4563.1000 0.1038
4585.5000 0.1040
4587.6000 0.1042
4587.6000 0.1043
4588.1000 0.1045
4590.9000 0.1047
4605.7000 0.1049
4608.4000 0.1050
4612.4000 0.1052
4617.0000 0.1054
4638.0000 0.1056
4668.2000 0.1057
4670.7000 0.1059
4674.6000 0.1061
4681.0000 0.1062
4687.4000 0.1064
4697.1000 0.1066
4700.6000 0.1068
4700.6000 0.1069
4723.6000 0.1071
4726.0000 0.1073
4728.0000 0.1075
4762.9000 0.1076
4772.0000 0.1078
4792.1000 0.1080
4794.5000 0.1082
4856.8000 0.1083
4860.8000 0.1085
4868.5000 0.1087
4878.1000 0.1089
4879.0000 0.1090
4885.5000 0.1092
4890.0000 0.1094
4902.4000 0.1095
4924.8000 0.1097
4932.9000 0.1099
4933.0000 0.1101
4934.7000 0.1102
4940.4000 0.1104
4954.9000 0.1106
4957.4000 0.1108
4957.8000 0.1109
4965.8000 0.1111
4978.7000 0.1113
4982.1000 0.1115
4993.8000 0.1116
4999.1000 0.1118
4999.5000 0.1120
5018.2000 0.1122
5031.4000 0.1123
5037.7000 0.1125
5043.0000 0.1127
5063.6000 0.1128
5095.4000 0.1130
5099.3000 0.1132
5123.2000 0.1134
5131.7000 0.1135
5156.4000 0.1137
5164.2000 0.1139
5202.4000 0.1141
5215.1000 0.1142
5223.5000 0.1144
5249.1000 0.1146
5296.9000 0.1148
5297.6000 0.1149
5299.6000 0.1151
5329.7000 0.1153
5330.9000 0.1155
5341.8000 0.1156
5370.2000 0.1158
5376.5000 0.1160
5389.9000 0.1161
5413.8000 0.1163
5439.5000 0.1165
5449.6000 0.1167
5477.3000 0.1168
5484.0000 0.1170
5496.1000 0.1172
5506.6000 0.1174
5513.9000 0.1175
5524.3000 0.1177
5542.4000 0.1179
5542.5000 0.1181
5544.7000 0.1182
5545.3000 0.1184
5561.6000 0.1186
5566.8000 0.1187
5571.7000 0.1189
5574.4000 0.1191
5574.6000 0.1193
5610.9000 0.1194
5620.2000 0.1196
5625.1000 0.1198
5642.1000 0.1200
5653.6000 0.1201
5654.8000 0.1203
5671.0000 0.1205
5678.2000 0.1207
5701.1000 0.1208
5705.6000 0.1210
5706.5000 0.1212
5741.5000 0.1214
5757.4000 0.1215
5758.7000 0.1217
5768.7000 0.1219
5795.0000 0.1220
5799.8000 0.1222
5801.7000 0.1224
5803.6000 0.1226
5808.5000 0.1227
5842.6000 0.1229
5844.7000 0.1231
5860.2000 0.1233
5865.3000 0.1234
5878.4000 0.1236
5895.5000 0.1238
5933.1000 0.1240
5954.8000 0.1241
5965.4000 0.1243
5966.9000 0.1245
5972.8000 0.1247
5974.2000 0.1248
5983.1000 0.1250
5984.4000 0.1252
5991.9000 0.1253
6002.3000 0.1255
6008.4000 0.1257
6017.1000 0.1259
6050.1000 0.1260
6050.3000 0.1262
6079.2000 0.1264
6094.2000 0.1266
6103.2000 0.1267
6129.4000 0.1269
6132.2000 0.1271
6142.4000 0.1273
6143.8000 0.1274
6166.2000 0.1276
6177.8000 0.1278
6201.9000 0.1280
6234.0000 0.1281
6254.8000 0.1283
6266.6000 0.1285
6303.1000 0.1286
6308.2000 0.1288
6329.9000 0.1290
6344.5000 0.1292
6357.4000 0.1293
6386.3000 0.1295
6414.2000 0.1297
6420.7000 0.1299
6437.4000 0.1300
6443.4000 0.1302
6464.1000 0.1304
6466.4000 0.1306
6468.3000 0.1307
6473.0000 0.1309
6473.2000 0.1311
6489.5000 0.1312
6495.1000 0.1314
6499.6000 0.1316
6552.0000 0.1318
6567.9000 0.1319
6570.3000 0.1321
6578.7000 0.1323
6611.9000 0.1325
6617.3000 0.1326
6636.8000 0.1328
6639.6000 0.1330
6645.4000 0.1332
6660.0000 0.1333
6671.6000 0.1335
6673.9000 0.1337
6676.6000 0.1339
6697.6000 0.1340
6727.4000 0.1342
6733.7000 0.1344
6740.8000 0.1345
6775.0000 0.1347
6779.7000 0.1349
6817.1000 0.1351
6818.2000 0.1352
6836.5000 0.1354
6867.3000 0.1356
6874.2000 0.1358
6881.4000 0.1359
6934.1000 0.1361
6944.7000 0.1363
6947.9000 0.1365
6951.4000 0.1366
6960.6000 0.1368
6964.9000 0.1370
6969.6000 0.1372
6977.9000 0.1373
6982.0000 0.1375
6997.9000 0.1377
7027.1000 0.1378
7045.5000 0.1380
7046.6000 0.1382
7051.3000 0.1384
7076.4000 0.1385
7080.2000 0.1387
7083.6000 0.1389
7094.3000 0.1391
7125.0000 0.1392
7134.3000 0.1394
7163.2000 0.1396
7171.7000 0.1398
7187.6000 0.1399
7209.2000 0.1401
7225.9000 0.1403
7228.4000 0.1405
7240.4000 0.1406
7242.8000 0.1408
7262.6000 0.1410
7316.8000 0.1411
7330.8000 0.1413
7338.6000 0.1415
7353.0000 0.1417
7384.8000 0.1418
7387.7000 0.1420
7410.8000 0.1422
7432.8000 0.1424
7451.0000 0.1425
7452.9000 0.1427
7462.3000 0.1429
7531.0000 0.1431
7539.7000 0.1432
7545.7000 0.1434
7546.7000 0.1436
7554.2000 0.1437
7564.7000 0.1439
7564.8000 0.1441
7570.0000 0.1443
7580.2000 0.1444
7585.5000 0.1446
7587.1000 0.1448
7601.1000 0.1450
7614.8000 0.1451
7626.3000 0.1453
7645.7000 0.1455
7657.1000 0.1457
7676.1000 0.1458
7677.8000 0.1460
7692.7000 0.1462
7693.4000 0.1464
7702.5000 0.1465
7722.4000 0.1467
7727.1000 0.1469
7730.6000 0.1470
7741.1000 0.1472
7761.0000 0.1474
7779.4000 0.1476
7792.6000 0.1477
7806.8000 0.1479
7839.7000 0.1481
7841.1000 0.1483
7869.4000 0.1484
7883.1000 0.1486
7921.0000 0.1488
8005.7000 0.1490
8011.9000 0.1491
8026.9000 0.1493
8041.9000 0.1495
8049.3000 0.1497
8062.6000 0.1498
8074.0000 0.1500
8100.2000 0.1502
8107.0000 0.1503
8182.0000 0.1505
8186.5000 0.1507
8216.6000 0.1509
8223.4000 0.1510
8239.8000 0.1512
8252.1000 0.1514
8301.0000 0.1516
8310.0000 0.1517
8353.5000 0.1519
8388.1000 0.1521
8439.2000 0.1523
8451.3000 0.1524
8452.9000 0.1526
8464.2000 0.1528
8477.3000 0.1530
8478.1000 0.1531
8491.6000 0.1533
8500.8000 0.1535
8514.4000 0.1536
8532.6000 0.1538
8571.8000 0.1540
8579.7000 0.1542
8586.9000 0.1543
8598.6000 0.1545
8598.8000 0.1547
8624.6000 0.1549
8648.5000 0.1550
8677.0000 0.1552
8677.2000 0.1554
8700.3000 0.1556
8711.5000 0.1557
8738.9000 0.1559
8746.5000 0.1561
8759.8000 0.1562
8760.4000 0.1564
8772.4000 0.1566
8782.6000 0.1568
8789.0000 0.1569
8791.5000 0.1571
8802.2000 0.1573
8803.0000 0.1575
8818.8000 0.1576
8823.0000 0.1578
8838.3000 0.1580
8849.0000 0.1582
8865.3000 0.1583
8865.7000 0.1585
8879.4000 0.1587
8891.9000 0.1589
8893.9000 0.1590
8896.9000 0.1592
8903.2000 0.1594
8905.7000 0.1595
8914.9000 0.1597
8919.5000 0.1599
8934.8000 0.1601
8953.3000 0.1602
8976.7000 0.1604
8980.3000 0.1606
8991.0000 0.1608
8991.6000 0.1609
8992.0000 0.1611
8993.5000 0.1613
9022.7000 0.1615
9025.4000 0.1616
9047.0000 0.1618
9054.9000 0.1620
9061.9000 0.1622
9065.4000 0.1623
9067.6000 0.1625
9067.9000 0.1627
9078.9000 0.1628
9086.5000 0.1630
9104.7000 0.1632
9118.0000 0.1634
9129.1000 0.1635
9135.6000 0.1637
9148.4000 0.1639
9195.2000 0.1641
9196.5000 0.1642
9217.0000 0.1644
9227.6000 0.1646
9261.6000 0.1648
9265.0000 0.1649
9271.1000 0.1651
9273.4000 0.1653
9273.7000 0.1655
9329.6000 0.1656
9332.3000 0.1658
9335.5000 0.1660
9349.8000 0.1661
9408.1000 0.1663
9416.9000 0.1665
9418.2000 0.1667
9428.3000 0.1668
9437.3000 0.1670
9462.4000 0.1672
9465.0000 0.1674
9473.9000 0.1675
9474.8000 0.1677
9481.4000 0.1679
9491.2000 0.1681
9492.8000 0.1682
9498.5000 0.1684
9520.7000 0.1686
9523.1000 0.1687
9551.9000 0.1689
9566.4000 0.1691
9587.3000 0.1693
9587.9000 0.1694
9592.6000 0.1696
9609.5000 0.1698
9658.9000 0.1700
9670.7000 0.1701
9677.6000 0.1703
9750.4000 0.1705
9758.5000 0.1707
9772.7000 0.1708
9774.9000 0.1710
9788.8000 0.1712
9799.8000 0.1714
9803.4000 0.1715
9807.8000 0.1717
9823.4000 0.1719
9837.5000 0.1720
9847.2000 0.1722
9860.4000 0.1724
9867.5000 0.1726
9870.0000 0.1727
9879.4000 0.1729
9879.6000 0.1731
9901.4000 0.1733
9909.4000 0.1734
9919.0000 0.1736
9935.2000 0.1738
9945.1000 0.1740
9979.3000 0.1741
9981.8000 0.1743
10019.6000 0.1745
10028.2000 0.1747
10053.2000 0.1748
10076.5000 0.1750
10084.9000 0.1752
10108.1000 0.1753
10120.4000 0.1755
10130.3000 0.1757
10135.4000 0.1759
10144.9000 0.1760
10152.4000 0.1762
10192.8000 0.1764
10194.2000 0.1766
10205.5000 0.1767
10218.3000 0.1769
10234.8000 0.1771
10252.9000 0.1773
10284.6000 0.1774
10285.1000 0.1776
10293.1000 0.1778
10298.7000 0.1780
10352.4000 0.1781
10359.7000 0.1783
10385.3000 0.1785
10392.3000 0.1786
10397.1000 0.1788
10421.9000 0.1790
10425.7000 0.1792
10430.1000 0.1793
10437.7000 0.1795
10449.8000 0.1797
10459.5000 0.1799
10460.5000 0.1800
10483.3000 0.1802
10486.2000 0.1804
10487.2000 0.1806
10503.8000 0.1807
10552.2000 0.1809
10613.5000 0.1811
10618.4000 0.1812
10661.2000 0.1814
10680.2000 0.1816
10687.8000 0.1818
10702.5000 0.1819
10720.4000 0.1821
10755.7000 0.1823
10757.9000 0.1825
10775.9000 0.1826
10776.1000 0.1828
10777.1000 0.1830
10779.8000 0.1832
10817.9000 0.1833
10856.6000 0.1835
10899.6000 0.1837
10916.4000 0.1839
10923.0000 0.1840
10923.1000 0.1842
10927.3000 0.1844
10937.5000 0.1845
10959.3000 0.1847
10964.4000 0.1849
10965.3000 0.1851
10966.0000 0.1852
11000.7000 0.1854
11015.4000 0.1856
11025.7000 0.1858
11051.9000 0.1859
11060.3000 0.1861
11069.6000 0.1863
11074.9000 0.1865
11108.1000 0.1866
11117.4000 0.1868
11129.1000 0.1870
11140.6000 0.1872
11160.8000 0.1873
11165.0000 0.1875
11169.2000 0.1877
11183.7000 0.1878
11199.4000 0.1880
11202.2000 0.1882
11227.8000 0.1884
11230.1000 0.1885
11248.1000 0.1887
11255.6000 0.1889
11293.9000 0.1891
11350.3000 0.1892
11417.2000 0.1894
11422.2000 0.1896
11444.6000 0.1898
11499.3000 0.1899
11522.4000 0.1901
11531.6000 0.1903
11543.7000 0.1905
11585.3000 0.1906
11592.3000 0.1908
11607.5000 0.1910
11616.8000 0.1911
11622.7000 0.1913
11635.0000 0.1915
11644.3000 0.1917
11652.6000 0.1918
11678.6000 0.1920
11705.0000 0.1922
11714.1000 0.1924
11716.1000 0.1925
11718.4000 0.1927
11718.6000 0.1929
11722.3000 0.1931
11730.5000 0.1932
11756.1000 0.1934
11758.3000 0.1936
11798.8000 0.1937
11802.5000 0.1939
11805.4000 0.1941
11809.6000 0.1943
11814.0000 0.1944
11830.2000 0.1946
11846.6000 0.1948
11852.4000 0.1950
11866.0000 0.1951
11870.9000 0.1953
11878.7000 0.1955
11918.3000 0.1957
11933.2000 0.1958
11941.5000 0.1960
11948.4000 0.1962
11975.1000 0.1964
12001.2000 0.1965
12021.4000 0.1967
12061.5000 0.1969
12069.0000 0.1970
12073.6000 0.1972
12083.2000 0.1974
12121.5000 0.1976
12127.9000 0.1977
12147.1000 0.1979
12162.7000 0.1981
12181.1000 0.1983
12224.0000 0.1984
12236.4000 0.1986
12305.5000 0.1988
12322.8000 0.1990
12334.8000 0.1991
12366.4000 0.1993
12377.5000 0.1995
12383.0000 0.1997
12385.4000 0.1998
12387.6000 0.2000
12397.4000 0.2002
12416.9000 0.2003
12423.2000 0.2005
12432.1000 0.2007
12465.9000 0.2009
12488.8000 0.2010
12492.7000 0.2012
12503.2000 0.2014
12504.5000 0.2016
12508.3000 0.2017
12509.1000 0.2019
12519.3000 0.2021
12584.1000 0.2023
12613.1000 0.2024
12624.8000 0.2026
12659.5000 0.2028
12664.9000 0.2030
12684.0000 0.2031
12696.6000 0.2033
12727.3000 0.2035
12735.4000 0.2036
12741.6000 0.2038
12743.3000 0.2040
12751.9000 0.2042
12766.9000 0.2043
12780.0000 0.2045
12784.9000 0.2047
12794.0000 0.2049
12806.1000 0.2050
12823.2000 0.2052
12847.1000 0.2054
12894.1000 0.2056
12895.2000 0.2057
12898.0000 0.2059
12898.7000 0.2061
12909.1000 0.2062
12926.2000 0.2064
12945.5000 0.2066
12959.0000 0.2068
12970.6000 0.2069
12998.1000 0.2071
12999.2000 0.2073
12999.6000 0.2075
13030.5000 0.2076
13038.7000 0.2078
13078.9000 0.2080
13083.0000 0.2082
13126.5000 0.2083
13129.6000 0.2085
13158.6000 0.2087
13165.7000 0.2089
13173.1000 0.2090
13182.9000 0.2092
13183.4000 0.2094
13187.3000 0.2095
13213.3000 0.2097
13239.0000 0.2099
13256.7000 0.2101
13284.4000 0.2102
13290.8000 0.2104
13309.7000 0.2106
13312.3000 0.2108
13343.0000 0.2109
13352.9000 0.2111
13367.5000 0.2113
13400.7000 0.2115
13418.6000 0.2116
13429.6000 0.2118
13431.9000 0.2120
13459.4000 0.2122
13460.1000 0.2123
13476.1000 0.2125
13483.7000 0.2127
13514.7000 0.2128
13521.7000 0.2130
13533.6000 0.2132
13534.4000 0.2134
13537.2000 0.2135
13543.6000 0.2137
13548.1000 0.2139
13571.3000 0.2141
13587.1000 0.2142
13588.4000 0.2144
13590.9000 0.2146
13595.3000 0.2148
13596.7000 0.2149
13612.7000 0.2151
13646.1000 0.2153
13651.5000 0.2155
13653.4000 0.2156
13658.5000 0.2158
13667.0000 0.2160
13669.2000 0.2161
13682.9000 0.2163
13708.9000 0.2165
13720.0000 0.2167
13733.6000 0.2168
13747.2000 0.2170
13769.6000 0.2172
13779.5000 0.2174
13782.7000 0.2175
13792.6000 0.2177
13801.8000 0.2179
13805.1000 0.2181
13805.2000 0.2182
13816.2000 0.2184
13817.9000 0.2186
13824.3000 0.2187
13836.0000 0.2189
13881.2000 0.2191
13882.1000 0.2193
13941.6000 0.2194
13955.3000 0.2196
13959.7000 0.2198
14011.6000 0.2200
14022.3000 0.2201
14041.0000 0.2203
14042.3000 0.2205
14076.6000 0.2207
14138.5000 0.2208
14152.1000 0.2210
14155.2000 0.2212
14159.4000 0.2214
14165.5000 0.2215
14168.6000 0.2217
14198.3000 0.2219
14202.3000 0.2220
14209.7000 0.2222
14211.9000 0.2224
14232.0000 0.2226
14239.2000 0.2227
14254.9000 0.2229
14263.0000 0.2231
14331.6000 0.2233
14365.0000 0.2234
14366.1000 0.2236
14416.7000 0.2238
14423.1000 0.2240
14431.9000 0.2241
14436.2000 0.2243
14447.4000 0.2245
14463.1000 0.2247
14480.3000 0.2248
14489.4000 0.2250
14499.5000 0.2252
14499.7000 0.2253
14518.2000 0.2255
14525.8000 0.2257
14573.9000 0.2259
14575.7000 0.2260
14581.1000 0.2262
14582.8000 0.2264
14598.4000 0.2266
14619.8000 0.2267
14629.2000 0.2269
14639.0000 0.2271
14656.4000 0.2273
14686.7000 0.2274
14691.8000 0.2276
14700.0000 0.2278
14721.9000 0.2280
14740.0000 0.2281
14742.3000 0.2283
14751.7000 0.2285
14772.1000 0.2286
14804.9000 0.2288
14828.3000 0.2290
14832.4000 0.2292
14834.7000 0.2293
14850.3000 0.2295
14864.3000 0.2297
14865.5000 0.2299
14867.0000 0.2300
14885.2000 0.2302
14898.2000 0.2304
14903.4000 0.2306
14940.0000 0.2307
14941.6000 0.2309
14947.6000 0.2311
14962.4000 0.2312
14987.5000 0.2314
15001.7000 0.2316
15051.9000 0.2318
15055.3000 0.2319
15080.0000 0.2321
15086.6000 0.2323
15107.2000 0.2325
15109.1000 0.2326
15120.2000 0.2328
15157.4000 0.2330
15168.9000 0.2332
15176.1000 0.2333
15182.4000 0.2335
15197.2000 0.2337
15215.1000 0.2339
15236.4000 0.2340
15239.2000 0.2342
15251.1000 0.2344
15251.1000 0.2345
15263.9000 0.2347
15276.5000 0.2349
15301.5000 0.2351
15304.0000 0.2352
15313.4000 0.2354
15322.0000 0.2356
15336.7000 0.2358
15361.8000 0.2359
15417.4000 0.2361
15421.0000 0.2363
15441.3000 0.2365
15444.8000 0.2366
15448.0000 0.2368
15450.1000 0.2370
15450.7000 0.2372
15462.6000 0.2373
15484.1000 0.2375
15544.2000 0.2377
15550.6000 0.2378
15560.8000 0.2380
15562.6000 0.2382
15577.6000 0.2384
15592.4000 0.2385
15602.9000 0.2387
15614.7000 0.2389
15638.1000 0.2391
15649.5000 0.2392
15653.5000 0.2394
15662.8000 0.2396
15677.8000 0.2398
15684.0000 0.2399
15705.2000 0.2401
15722.7000 0.2403
15737.2000 0.2405
15742.4000 0.2406
15769.8000 0.2408
15771.7000 0.2410
15775.5000 0.2411
15776.4000 0.2413
15776.7000 0.2415
15801.1000 0.2417
15813.3000 0.2418
15815.1000 0.2420
15825.1000 0.2422
15884.4000 0.2424
15895.6000 0.2425
15923.5000 0.2427
15929.1000 0.2429
15930.2000 0.2431
15941.5000 0.2432
15951.9000 0.2434
15952.6000 0.2436
15965.2000 0.2437
15981.0000 0.2439
16029.1000 0.2441
16030.6000 0.2443
16040.2000 0.2444
16056.2000 0.2446
16085.1000 0.2448
16088.2000 0.2450
16133.5000 0.2451
16144.1000 0.2453
16190.1000 0.2455
16202.3000 0.2457
16204.5000 0.2458
16217.1000 0.2460
16227.8000 0.2462
16256.7000 0.2464
16269.2000 0.2465
16294.3000 0.2467
16298.5000 0.2469
16302.6000 0.2470
16307.0000 0.2472
16344.9000 0.2474
16352.0000 0.2476
16356.0000 0.2477
16358.0000 0.2479
16361.9000 0.2481
16363.5000 0.2483
16373.7000 0.2484
16378.0000 0.2486
16390.1000 0.2488
16398.4000 0.2490
16399.5000 0.2491
16402.3000 0.2493
16407.0000 0.2495
16420.8000 0.2497
16422.4000 0.2498
16431.0000 0.2500
16452.2000 0.2502
16454.4000 0.2503
16473.9000 0.2505
16504.4000 0.2507
16521.0000 0.2509
16555.6000 0.2510
16580.0000 0.2512
16593.3000 0.2514
16617.1000 0.2516
16632.5000 0.2517
16633.6000 0.2519
16659.8000 0.2521
16699.0000 0.2523
16700.7000 0.2524
16729.0000 0.2526
16775.8000 0.2528
16797.5000 0.2530
16804.8000 0.2531
16807.3000 0.2533
16829.4000 0.2535
16849.2000 0.2536
16850.9000 0.2538
16855.0000 0.2540
16865.5000 0.2542
16879.0000 0.2543
16885.8000 0.2545
16908.1000 0.2547
16910.1000 0.2549
17003.4000 0.2550
17017.6000 0.2552
17070.1000 0.2554
17071.3000 0.2556
17096.4000 0.2557
17112.5000 0.2559
17117.4000 0.2561
17155.6000 0.2563
17169.1000 0.2564
17178.3000 0.2566
17194.5000 0.2568
17207.9000 0.2569
17208.8000 0.2571
17226.0000 0.2573
17277.3000 0.2575
17285.1000 0.2576
17285.5000 0.2578
17288.0000 0.2580
17292.8000 0.2582
17297.0000 0.2583
17305.1000 0.2585
17308.1000 0.2587
17312.8000 0.2589
17332.1000 0.2590
17337.9000 0.2592
17369.1000 0.2594
17372.1000 0.2595
17382.0000 0.2597
17397.5000 0.2599
17397.6000 0.2601
17436.1000 0.2602
17450.2000 0.2604
17464.0000 0.2606
17474.4000 0.2608
17501.1000 0.2609
17526.1000 0.2611
17539.9000 0.2613
17540.4000 0.2615
17543.9000 0.2616
17551.2000 0.2618
17587.8000 0.2620
17597.5000 0.2622
17599.3000 0.2623
17605.8000 0.2625
17610.0000 0.2627
17633.2000 0.2628
17669.0000 0.2630
17671.8000 0.2632
17682.2000 0.2634
17683.2000 0.2635
17687.8000 0.2637
17720.5000 0.2639
17729.4000 0.2641
17769.1000 0.2642
17793.4000 0.2644
17808.3000 0.2646
17819.1000 0.2648
17825.4000 0.2649
17834.5000 0.2651
17850.7000 0.2653
17854.0000 0.2655
17860.2000 0.2656
17861.1000 0.2658
17867.6000 0.2660
17895.3000 0.2661
17896.2000 0.2663
17909.6000 0.2665
17913.6000 0.2667
17919.2000 0.2668
17947.5000 0.2670
17953.7000 0.2672
17962.8000 0.2674
17969.8000 0.2675
17995.2000 0.2677
18004.1000 0.2679
18014.3000 0.2681
18037.8000 0.2682
18055.6000 0.2684
18070.5000 0.2686
18076.4000 0.2688
18085.4000 0.2689
18124.4000 0.2691
18126.3000 0.2693
18130.4000 0.2694
18144.7000 0.2696
18147.8000 0.2698
18156.5000 0.2700
18170.9000 0.2701
18177.1000 0.2703
18193.4000 0.2705
18203.4000 0.2707
18227.9000 0.2708
18260.6000 0.2710
18278.0000 0.2712
18297.5000 0.2714
18315.3000 0.2715
18340.4000 0.2717
18344.7000 0.2719
18367.2000 0.2720
18367.9000 0.2722
18375.2000 0.2724
18397.4000 0.2726
18401.2000 0.2727
18405.4000 0.2729
18436.0000 0.2731
18470.3000 0.2733
18478.2000 0.2734
18481.6000 0.2736
18505.2000 0.2738
18511.2000 0.2740
18557.9000 0.2741
18572.4000 0.2743
18579.1000 0.2745
18612.2000 0.2747
18619.9000 0.2748
18656.6000 0.2750
18676.0000 0.2752
18676.0000 0.2753
18694.8000 0.2755
18703.0000 0.2757
18720.2000 0.2759
18740.0000 0.2760
18774.7000 0.2762
18779.6000 0.2764
18820.6000 0.2766
18822.4000 0.2767
18888.0000 0.2769
18910.2000 0.2771
18912.8000 0.2773
18949.0000 0.2774
18950.5000 0.2776
18963.3000 0.2778
18965.4000 0.2780
18970.8000 0.2781
18974.5000 0.2783
18976.5000 0.2785
18987.6000 0.2786
18991.8000 0.2788
19023.0000 0.2790
19046.1000 0.2792
19047.9000 0.2793
19055.2000 0.2795
19057.6000 0.2797
19062.9000 0.2799
19083.4000 0.2800
19169.9000 0.2802
19193.8000 0.2804
19204.5000 0.2806
19205.1000 0.2807
19209.2000 0.2809
19225.0000 0.2811
19238.2000 0.2813
19277.5000 0.2814
19281.3000 0.2816
19282.4000 0.2818
19297.5000 0.2819
19324.0000 0.2821
19349.8000 0.2823
19388.9000 0.2825
19400.8000 0.2826
19427.1000 0.2828
19456.3000 0.2830
19464.5000 0.2832
19470.1000 0.2833
19474.1000 0.2835
19503.4000 0.2837
19523.2000 0.2839
19548.4000 0.2840
19550.3000 0.2842
19551.1000 0.2844
19597.9000 0.2845
19608.7000 0.2847
19633.8000 0.2849
19634.5000 0.2851
19674.9000 0.2852
19711.8000 0.2854
19737.8000 0.2856
19746.1000 0.2858
19755.3000 0.2859
19767.5000 0.2861
19822.5000 0.2863
19825.6000 0.2865
19827.4000 0.2866
19857.8000 0.2868
19863.0000 0.2870
19872.5000 0.2872
19877.6000 0.2873
19877.8000 0.2875
19897.7000 0.2877
19916.2000 0.2878
19940.6000 0.2880
19963.5000 0.2882
19989.1000 0.2884
20001.4000 0.2885
20003.3000 0.2887
20034.6000 0.2889
20045.7000 0.2891
20053.0000 0.2892
20065.3000 0.2894
20102.7000 0.2896
20112.4000 0.2898
20119.6000 0.2899
20128.4000 0.2901
20174.1000 0.2903
20174.2000 0.2905
20175.9000 0.2906
20179.3000 0.2908
20183.8000 0.2910
20249.8000 0.2911
20254.8000 0.2913
20262.9000 0.2915
20279.1000 0.2917
20304.3000 0.2918
20305.5000 0.2920
20319.9000 0.2922
20326.9000 0.2924
20332.4000 0.2925
20354.5000 0.2927
20497.9000 0.2929
20503.9000 0.2931
20506.5000 0.2932
20528.2000 0.2934
20581.5000 0.2936
20650.0000 0.2938
20666.4000 0.2939
20741.3000 0.2941
20743.4000 0.2943
20773.7000 0.2944
20780.2000 0.2946
20808.3000 0.2948
20854.3000 0.2950
20855.1000 0.2951
20903.1000 0.2953
20925.2000 0.2955
20938.8000 0.2957
20945.4000 0.2958
20963.5000 0.2960
20975.0000 0.2962
20978.3000 0.2964
21023.8000 0.2965
21026.3000 0.2967
21049.4000 0.2969
21084.4000 0.2970
21173.9000 0.2972
21193.0000 0.2974
21204.8000 0.2976
21243.8000 0.2977
21247.2000 0.2979
21258.0000 0.2981
21285.7000 0.2983
21307.3000 0.2984
21317.5000 0.2986
21329.7000 0.2988
21333.0000 0.2990
21363.9000 0.2991
21421.5000 0.2993
21422.4000 0.2995
21431.4000 0.2997
21433.9000 0.2998
21487.6000 0.3000
21501.9000 0.3002
21542.6000 0.3003
21557.6000 0.3005
21621.2000 0.3007
21637.6000 0.3009
21666.1000 0.3010
21701.2000 0.3012
21705.8000 0.3014
21706.3000 0.3016
21710.4000 0.3017
21785.5000 0.3019
21856.2000 0.3021
21857.4000 0.3023
21860.0000 0.3024
21891.6000 0.3026
21920.2000 0.3028
21921.5000 0.3030
21922.9000 0.3031
22003.4000 0.3033
22047.3000 0.3035
22064.2000 0.3036
22110.4000 0.3038
22132.6000 0.3040
22141.7000 0.3042
22245.2000 0.3043
22278.6000 0.3045
22286.2000 0.3047
22301.7000 0.3049
22333.7000 0.3050
22345.9000 0.3052
22388.0000 0.3054
22405.9000 0.3056
22416.5000 0.3057
22456.0000 0.3059
22456.1000 0.3061
22484.7000 0.3063
22494.1000 0.3064
22521.8000 0.3066
22524.4000 0.3068
22527.4000 0.3069
22609.1000 0.3071
22618.5000 0.3073
22668.5000 0.3075
22684.0000 0.3076
22687.0000 0.3078
22810.8000 0.3080
22845.2000 0.3082
22897.4000 0.3083
22905.6000 0.3085
22936.6000 0.3087
22963.5000 0.3089
23072.8000 0.3090
23081.0000 0.3092
23081.0000 0.3094
23085.7000 0.3095
23123.1000 0.3097
23154.4000 0.3099
23196.4000 0.3101
23256.7000 0.3102
23325.2000 0.3104
23349.9000 0.3106
23428.6000 0.3108
23429.2000 0.3109
23476.1000 0.3111
23541.0000 0.3113
23570.2000 0.3115
23588.5000 0.3116
23595.9000 0.3118
23602.9000 0.3120
23629.6000 0.3122
23726.0000 0.3123
23743.1000 0.3125
23863.6000 0.3127
23963.6000 0.3128
23975.2000 0.3130
24082.5000 0.3132
24158.3000 0.3134
24230.5000 0.3135
24253.7000 0.3137
24263.0000 0.3139
24342.2000 0.3141
24586.7000 0.3142
24619.6000 0.3144
24670.8000 0.3146
24802.8000 0.3148
24804.2000 0.3149
24810.5000 0.3151
25168.4000 0.3153
25186.8000 0.3155
25274.6000 0.3156
25345.9000 0.3158
25609.0000 0.3160
25834.4000 0.3161
25856.7000 0.3163
26063.6000 0.3165
26134.0000 0.3167
26498.1000 0.3168
26670.0000 0.3170
26732.2000 0.3172
27041.1000 0.3174
27583.6000 0.3175
27668.1000 0.3177
