# messageDelay  cumulativeProbability
0.2000 0.0001
0.2000 0.0002
0.2000 0.0003
0.2000 0.0004
0.2000 0.0005
0.2000 0.0006
0.2000 0.0007
0.2000 0.0008
0.2000 0.0009
0.2000 0.0010
0.2000 0.0011
0.2000 0.0013
0.2000 0.0014
0.2000 0.0015
0.2000 0.0016
0.2000 0.0017
0.2000 0.0018
0.2000 0.0019
0.2000 0.0020
0.2000 0.0021
0.2000 0.0022
0.2000 0.0023
0.2000 0.0024
0.2000 0.0025
0.2000 0.0026
0.2000 0.0027
0.2000 0.0028
0.2000 0.0029
0.2000 0.0030
0.2000 0.0031
0.2000 0.0032
0.2000 0.0033
0.2000 0.0034
0.2000 0.0035
0.2000 0.0036
0.2000 0.0037
0.2000 0.0039
1.3000 0.0040
3.8000 0.0041
11.4000 0.0042
17.4000 0.0043
23.8000 0.0044
33.8000 0.0045
36.1000 0.0046
42.5000 0.0047
44.5000 0.0048
46.1000 0.0049
55.1000 0.0050
55.9000 0.0051
63.8000 0.0052
73.6000 0.0053
74.1000 0.0054
74.8000 0.0055
74.9000 0.0056
81.2000 0.0057
81.7000 0.0058
90.0000 0.0059
93.4000 0.0060
99.3000 0.0061
100.5000 0.0062
103.2000 0.0064
105.4000 0.0065
110.6000 0.0066
116.2000 0.0067
121.8000 0.0068
124.3000 0.0069
125.3000 0.0070
127.8000 0.0071
135.2000 0.0072
135.5000 0.0073
136.4000 0.0074
139.5000 0.0075
141.9000 0.0076
142.5000 0.0077
145.1000 0.0078
146.6000 0.0079
146.7000 0.0080
150.1000 0.0081
150.5000 0.0082
153.3000 0.0083
153.5000 0.0084
161.2000 0.0085
166.2000 0.0086
166.5000 0.0087
167.1000 0.0089
167.2000 0.0090
169.5000 0.0091
172.5000 0.0092
177.1000 0.0093
178.0000 0.0094
179.9000 0.0095
180.9000 0.0096
181.7000 0.0097
182.4000 0.0098
186.2000 0.0099
186.3000 0.0100
188.0000 0.0101
189.0000 0.0102
191.0000 0.0103
191.1000 0.0104
193.4000 0.0105
193.8000 0.0106
197.3000 0.0107
200.5000 0.0108
203.6000 0.0109
203.8000 0.0110
204.3000 0.0111
205.6000 0.0113
207.3000 0.0114
208.5000 0.0115
209.2000 0.0116
211.1000 0.0117
214.2000 0.0118
215.5000 0.0119
217.4000 0.0120
219.6000 0.0121
225.1000 0.0122
226.6000 0.0123
227.2000 0.0124
227.9000 0.0125
227.9000 0.0126
228.5000 0.0127
229.1000 0.0128
233.2000 0.0129
235.8000 0.0130
235.9000 0.0131
237.9000 0.0132
238.5000 0.0133
239.7000 0.0134
240.1000 0.0135
240.2000 0.0136
243.7000 0.0138
243.8000 0.0139
244.2000 0.0140
248.4000 0.0141
253.5000 0.0142
253.6000 0.0143
257.0000 0.0144
260.1000 0.0145
266.0000 0.0146
268.3000 0.0147
271.4000 0.0148
272.1000 0.0149
273.0000 0.0150
273.1000 0.0151
273.2000 0.0152
275.5000 0.0153
279.4000 0.0154
280.1000 0.0155
280.5000 0.0156
281.2000 0.0157
281.2000 0.0158
281.9000 0.0159
284.6000 0.0160
285.4000 0.0161
286.8000 0.0163
290.0000 0.0164
290.2000 0.0165
290.4000 0.0166
292.0000 0.0167
292.3000 0.0168
293.9000 0.0169
295.3000 0.0170
296.6000 0.0171
298.6000 0.0172
299.5000 0.0173
300.9000 0.0174
301.4000 0.0175
302.9000 0.0176
304.2000 0.0177
304.5000 0.0178
305.5000 0.0179
308.6000 0.0180
310.9000 0.0181
313.7000 0.0182
314.1000 0.0183
315.6000 0.0184
317.2000 0.0185
321.1000 0.0186
321.5000 0.0188
323.2000 0.0189
324.8000 0.0190
327.6000 0.0191
327.9000 0.0192
329.8000 0.0193
329.8000 0.0194
330.1000 0.0195
331.4000 0.0196
333.0000 0.0197
334.4000 0.0198
335.6000 0.0199
335.8000 0.0200
336.7000 0.0201
338.0000 0.0202
338.3000 0.0203
340.3000 0.0204
340.3000 0.0205
341.0000 0.0206
343.0000 0.0207
344.8000 0.0208
346.6000 0.0209
347.7000 0.0210
348.4000 0.0211
348.5000 0.0212
349.3000 0.0214
350.8000 0.0215
353.6000 0.0216
353.8000 0.0217
354.1000 0.0218
361.4000 0.0219
361.5000 0.0220
362.2000 0.0221
366.0000 0.0222
366.1000 0.0223
368.4000 0.0224
370.7000 0.0225
372.9000 0.0226
374.5000 0.0227
374.8000 0.0228
374.8000 0.0229
375.7000 0.0230
375.9000 0.0231
377.2000 0.0232
378.0000 0.0233
379.0000 0.0234
379.2000 0.0235
382.3000 0.0236
382.7000 0.0237
383.3000 0.0239
385.8000 0.0240
388.1000 0.0241
390.8000 0.0242
391.1000 0.0243
391.5000 0.0244
393.8000 0.0245
394.6000 0.0246
395.6000 0.0247
396.3000 0.0248
396.5000 0.0249
397.2000 0.0250
398.5000 0.0251
401.0000 0.0252
401.6000 0.0253
403.1000 0.0254
403.4000 0.0255
403.7000 0.0256
403.9000 0.0257
406.9000 0.0258
407.1000 0.0259
407.9000 0.0260
409.0000 0.0261
413.1000 0.0262
413.8000 0.0264
414.5000 0.0265
416.9000 0.0266
419.1000 0.0267
420.2000 0.0268
420.2000 0.0269
423.8000 0.0270
427.8000 0.0271
427.9000 0.0272
429.0000 0.0273
430.8000 0.0274
431.1000 0.0275
435.9000 0.0276
436.1000 0.0277
436.8000 0.0278
437.0000 0.0279
439.0000 0.0280
440.2000 0.0281
440.2000 0.0282
440.9000 0.0283
441.8000 0.0284
442.6000 0.0285
442.8000 0.0286
442.9000 0.0287
445.6000 0.0289
447.3000 0.0290
447.5000 0.0291
448.4000 0.0292
450.6000 0.0293
450.7000 0.0294
451.6000 0.0295
453.0000 0.0296
453.7000 0.0297
454.4000 0.0298
456.1000 0.0299
456.3000 0.0300
457.6000 0.0301
457.9000 0.0302
458.6000 0.0303
461.1000 0.0304
461.1000 0.0305
461.9000 0.0306
462.8000 0.0307
463.0000 0.0308
463.7000 0.0309
464.3000 0.0310
464.6000 0.0311
464.7000 0.0312
466.2000 0.0314
468.9000 0.0315
469.6000 0.0316
469.9000 0.0317
470.9000 0.0318
475.8000 0.0319
476.0000 0.0320
477.9000 0.0321
478.3000 0.0322
478.9000 0.0323
479.8000 0.0324
480.7000 0.0325
481.2000 0.0326
483.1000 0.0327
483.1000 0.0328
484.3000 0.0329
485.8000 0.0330
486.8000 0.0331
487.4000 0.0332
487.8000 0.0333
489.6000 0.0334
489.7000 0.0335
489.8000 0.0336
490.7000 0.0337
491.1000 0.0339
491.6000 0.0340
491.8000 0.0341
492.4000 0.0342
493.0000 0.0343
493.7000 0.0344
494.1000 0.0345
496.5000 0.0346
496.8000 0.0347
498.0000 0.0348
498.5000 0.0349
499.4000 0.0350
500.6000 0.0351
501.4000 0.0352
502.1000 0.0353
502.8000 0.0354
502.9000 0.0355
503.1000 0.0356
506.8000 0.0357
507.2000 0.0358
507.2000 0.0359
508.8000 0.0360
509.0000 0.0361
514.3000 0.0362
514.9000 0.0364
515.4000 0.0365
516.0000 0.0366
516.2000 0.0367
519.5000 0.0368
519.8000 0.0369
520.0000 0.0370
520.4000 0.0371
521.0000 0.0372
521.1000 0.0373
521.1000 0.0374
521.3000 0.0375
523.2000 0.0376
523.3000 0.0377
523.5000 0.0378
524.1000 0.0379
524.7000 0.0380
526.0000 0.0381
526.3000 0.0382
526.7000 0.0383
527.4000 0.0384
528.7000 0.0385
529.4000 0.0386
529.7000 0.0388
529.9000 0.0389
531.9000 0.0390
532.5000 0.0391
534.6000 0.0392
535.1000 0.0393
535.9000 0.0394
541.0000 0.0395
541.6000 0.0396
542.1000 0.0397
542.8000 0.0398
543.0000 0.0399
546.2000 0.0400
546.7000 0.0401
546.8000 0.0402
548.3000 0.0403
548.4000 0.0404
549.6000 0.0405
550.7000 0.0406
551.6000 0.0407
551.6000 0.0408
551.9000 0.0409
552.1000 0.0410
553.5000 0.0411
555.4000 0.0413
560.1000 0.0414
561.3000 0.0415
562.0000 0.0416
562.1000 0.0417
562.4000 0.0418
562.8000 0.0419
563.0000 0.0420
563.6000 0.0421
563.7000 0.0422
565.9000 0.0423
568.1000 0.0424
568.1000 0.0425
568.4000 0.0426
568.5000 0.0427
570.5000 0.0428
570.8000 0.0429
573.2000 0.0430
573.8000 0.0431
576.0000 0.0432
576.3000 0.0433
576.6000 0.0434
576.6000 0.0435
576.9000 0.0436
578.2000 0.0438
579.3000 0.0439
579.7000 0.0440
580.9000 0.0441
581.4000 0.0442
582.2000 0.0443
585.1000 0.0444
585.6000 0.0445
586.9000 0.0446
588.0000 0.0447
588.8000 0.0448
588.9000 0.0449
589.1000 0.0450
589.6000 0.0451
590.0000 0.0452
590.6000 0.0453
591.3000 0.0454
593.8000 0.0455
595.2000 0.0456
596.0000 0.0457
596.6000 0.0458
597.8000 0.0459
598.3000 0.0460
598.8000 0.0461
598.9000 0.0463
600.1000 0.0464
601.6000 0.0465
601.9000 0.0466
602.4000 0.0467
604.7000 0.0468
605.2000 0.0469
609.4000 0.0470
610.1000 0.0471
612.5000 0.0472
613.6000 0.0473
614.0000 0.0474
614.9000 0.0475
617.7000 0.0476
618.0000 0.0477
618.1000 0.0478
620.4000 0.0479
622.6000 0.0480
623.9000 0.0481
626.5000 0.0482
627.7000 0.0483
628.3000 0.0484
628.9000 0.0485
629.5000 0.0486
629.6000 0.0488
630.5000 0.0489
630.9000 0.0490
631.5000 0.0491
631.8000 0.0492
631.8000 0.0493
634.3000 0.0494
634.8000 0.0495
635.0000 0.0496
637.4000 0.0497
637.7000 0.0498
638.0000 0.0499
639.8000 0.0500
641.5000 0.0501
642.7000 0.0502
644.3000 0.0503
644.8000 0.0504
645.4000 0.0505
646.1000 0.0506
647.4000 0.0507
649.5000 0.0508
650.5000 0.0509
652.2000 0.0510
652.4000 0.0511
655.4000 0.0513
656.8000 0.0514
657.8000 0.0515
658.5000 0.0516
659.7000 0.0517
660.5000 0.0518
664.2000 0.0519
664.7000 0.0520
665.0000 0.0521
665.1000 0.0522
665.3000 0.0523
665.4000 0.0524
666.2000 0.0525
666.2000 0.0526
667.6000 0.0527
667.7000 0.0528
669.2000 0.0529
671.1000 0.0530
671.3000 0.0531
671.8000 0.0532
672.9000 0.0533
675.3000 0.0534
676.3000 0.0535
680.1000 0.0536
680.6000 0.0538
682.5000 0.0539
682.5000 0.0540
682.8000 0.0541
684.4000 0.0542
685.2000 0.0543
685.9000 0.0544
687.5000 0.0545
688.4000 0.0546
692.6000 0.0547
695.7000 0.0548
696.4000 0.0549
698.0000 0.0550
698.4000 0.0551
699.0000 0.0552
700.5000 0.0553
701.4000 0.0554
701.9000 0.0555
702.9000 0.0556
705.6000 0.0557
706.8000 0.0558
709.3000 0.0559
710.1000 0.0560
712.3000 0.0561
712.5000 0.0563
712.9000 0.0564
713.4000 0.0565
717.0000 0.0566
717.2000 0.0567
718.2000 0.0568
719.1000 0.0569
720.2000 0.0570
721.4000 0.0571
721.4000 0.0572
723.0000 0.0573
724.1000 0.0574
724.3000 0.0575
725.3000 0.0576
726.1000 0.0577
728.6000 0.0578
730.7000 0.0579
731.3000 0.0580
733.5000 0.0581
734.7000 0.0582
735.0000 0.0583
735.7000 0.0584
735.7000 0.0585
736.6000 0.0586
737.3000 0.0588
737.6000 0.0589
738.7000 0.0590
738.8000 0.0591
739.3000 0.0592
739.5000 0.0593
739.6000 0.0594
739.7000 0.0595
740.9000 0.0596
741.7000 0.0597
741.7000 0.0598
742.1000 0.0599
742.4000 0.0600
743.7000 0.0601
744.4000 0.0602
745.8000 0.0603
746.7000 0.0604
748.6000 0.0605
749.2000 0.0606
749.9000 0.0607
750.7000 0.0608
751.3000 0.0609
751.4000 0.0610
751.8000 0.0611
752.1000 0.0613
754.4000 0.0614
754.5000 0.0615
755.4000 0.0616
755.5000 0.0617
755.9000 0.0618
758.3000 0.0619
759.8000 0.0620
761.7000 0.0621
762.2000 0.0622
762.6000 0.0623
762.7000 0.0624
763.2000 0.0625
763.4000 0.0626
765.1000 0.0627
767.5000 0.0628
768.5000 0.0629
770.6000 0.0630
771.7000 0.0631
771.8000 0.0632
771.8000 0.0633
773.3000 0.0634
774.1000 0.0635
774.2000 0.0636
775.1000 0.0638
775.2000 0.0639
779.5000 0.0640
779.8000 0.0641
781.3000 0.0642
782.1000 0.0643
782.8000 0.0644
782.9000 0.0645
782.9000 0.0646
783.8000 0.0647
784.0000 0.0648
784.4000 0.0649
784.7000 0.0650
785.8000 0.0651
786.5000 0.0652
787.1000 0.0653
787.3000 0.0654
790.6000 0.0655
791.7000 0.0656
793.0000 0.0657
793.7000 0.0658
797.5000 0.0659
797.6000 0.0660
798.1000 0.0661
798.1000 0.0663
798.8000 0.0664
799.3000 0.0665
800.2000 0.0666
804.0000 0.0667
806.6000 0.0668
810.1000 0.0669
810.8000 0.0670
811.5000 0.0671
811.6000 0.0672
811.8000 0.0673
812.0000 0.0674
813.7000 0.0675
815.9000 0.0676
816.0000 0.0677
817.1000 0.0678
818.3000 0.0679
818.9000 0.0680
819.7000 0.0681
819.7000 0.0682
819.8000 0.0683
820.5000 0.0684
820.9000 0.0685
820.9000 0.0686
825.0000 0.0688
827.9000 0.0689
828.5000 0.0690
829.5000 0.0691
830.6000 0.0692
830.8000 0.0693
832.0000 0.0694
834.7000 0.0695
837.7000 0.0696
838.2000 0.0697
838.6000 0.0698
840.2000 0.0699
840.3000 0.0700
840.4000 0.0701
840.8000 0.0702
842.1000 0.0703
842.3000 0.0704
842.4000 0.0705
842.8000 0.0706
843.5000 0.0707
843.6000 0.0708
845.2000 0.0709
845.2000 0.0710
845.4000 0.0711
845.6000 0.0713
846.6000 0.0714
847.6000 0.0715
848.2000 0.0716
849.8000 0.0717
850.5000 0.0718
851.9000 0.0719
855.4000 0.0720
856.0000 0.0721
859.8000 0.0722
860.3000 0.0723
866.3000 0.0724
869.1000 0.0725
869.6000 0.0726
870.1000 0.0727
873.9000 0.0728
874.6000 0.0729
878.5000 0.0730
878.6000 0.0731
878.6000 0.0732
880.2000 0.0733
880.8000 0.0734
881.7000 0.0735
883.8000 0.0736
885.8000 0.0738
886.6000 0.0739
888.2000 0.0740
889.8000 0.0741
889.9000 0.0742
892.8000 0.0743
894.2000 0.0744
894.3000 0.0745
894.9000 0.0746
895.0000 0.0747
896.7000 0.0748
897.3000 0.0749
898.9000 0.0750
900.0000 0.0751
900.3000 0.0752
903.9000 0.0753
904.1000 0.0754
904.1000 0.0755
904.4000 0.0756
906.5000 0.0757
906.8000 0.0758
907.4000 0.0759
910.3000 0.0760
910.5000 0.0761
912.8000 0.0763
912.8000 0.0764
914.3000 0.0765
914.6000 0.0766
918.5000 0.0767
918.7000 0.0768
919.0000 0.0769
920.8000 0.0770
921.0000 0.0771
921.2000 0.0772
921.5000 0.0773
921.7000 0.0774
922.1000 0.0775
923.8000 0.0776
925.9000 0.0777
926.8000 0.0778
928.3000 0.0779
928.7000 0.0780
930.2000 0.0781
935.7000 0.0782
936.4000 0.0783
936.8000 0.0784
937.2000 0.0785
940.1000 0.0786
940.2000 0.0788
941.4000 0.0789
941.4000 0.0790
941.6000 0.0791
941.8000 0.0792
941.8000 0.0793
942.8000 0.0794
944.6000 0.0795
945.4000 0.0796
945.5000 0.0797
946.1000 0.0798
946.8000 0.0799
947.2000 0.0800
948.1000 0.0801
949.5000 0.0802
951.4000 0.0803
952.8000 0.0804
954.3000 0.0805
955.3000 0.0806
956.7000 0.0807
956.8000 0.0808
958.0000 0.0809
959.0000 0.0810
960.0000 0.0811
960.1000 0.0813
960.3000 0.0814
960.6000 0.0815
961.3000 0.0816
961.9000 0.0817
961.9000 0.0818
962.0000 0.0819
962.6000 0.0820
963.1000 0.0821
965.4000 0.0822
967.6000 0.0823
967.7000 0.0824
968.9000 0.0825
972.5000 0.0826
972.6000 0.0827
973.8000 0.0828
975.1000 0.0829
975.8000 0.0830
976.3000 0.0831
980.3000 0.0832
980.6000 0.0833
980.6000 0.0834
981.1000 0.0835
981.6000 0.0836
983.7000 0.0838
984.1000 0.0839
985.9000 0.0840
986.8000 0.0841
987.1000 0.0842
988.0000 0.0843
990.1000 0.0844
992.6000 0.0845
993.9000 0.0846
994.2000 0.0847
994.2000 0.0848
995.1000 0.0849
997.0000 0.0850
997.4000 0.0851
997.6000 0.0852
999.0000 0.0853
999.9000 0.0854
1001.5000 0.0855
1002.0000 0.0856
1002.4000 0.0857
1007.3000 0.0858
1007.8000 0.0859
1008.4000 0.0860
1013.3000 0.0861
1013.4000 0.0863
1013.7000 0.0864
1015.9000 0.0865
1016.3000 0.0866
1016.6000 0.0867
1019.2000 0.0868
1020.2000 0.0869
1020.6000 0.0870
1022.6000 0.0871
1025.5000 0.0872
1027.3000 0.0873
1032.5000 0.0874
1033.8000 0.0875
1035.0000 0.0876
1035.7000 0.0877
1035.8000 0.0878
1036.0000 0.0879
1036.2000 0.0880
1036.9000 0.0881
1038.8000 0.0882
1039.3000 0.0883
1039.5000 0.0884
1042.4000 0.0885
1044.8000 0.0886
1046.1000 0.0888
1046.9000 0.0889
1049.5000 0.0890
1051.7000 0.0891
1052.6000 0.0892
1053.3000 0.0893
1054.5000 0.0894
1061.8000 0.0895
1063.7000 0.0896
1064.3000 0.0897
1065.2000 0.0898
1065.9000 0.0899
1066.1000 0.0900
1068.3000 0.0901
1072.4000 0.0902
1075.4000 0.0903
1075.7000 0.0904
1076.7000 0.0905
1080.1000 0.0906
1081.0000 0.0907
1082.3000 0.0908
1082.5000 0.0909
1083.1000 0.0910
1083.9000 0.0911
1084.8000 0.0913
1085.0000 0.0914
1085.6000 0.0915
1086.7000 0.0916
1086.9000 0.0917
1087.8000 0.0918
1090.7000 0.0919
1091.8000 0.0920
1092.1000 0.0921
1093.2000 0.0922
1093.5000 0.0923
1093.8000 0.0924
1093.9000 0.0925
1094.2000 0.0926
1098.0000 0.0927
1100.5000 0.0928
1100.6000 0.0929
1101.4000 0.0930
1101.5000 0.0931
1101.5000 0.0932
1103.3000 0.0933
1104.8000 0.0934
1105.9000 0.0935
1106.2000 0.0936
1107.7000 0.0938
1111.8000 0.0939
1113.4000 0.0940
1113.7000 0.0941
1114.1000 0.0942
1114.3000 0.0943
1114.4000 0.0944
1115.3000 0.0945
1116.1000 0.0946
1116.2000 0.0947
1116.2000 0.0948
1118.2000 0.0949
1118.6000 0.0950
1119.9000 0.0951
1121.1000 0.0952
1121.6000 0.0953
1121.7000 0.0954
1121.8000 0.0955
1122.6000 0.0956
1123.8000 0.0957
1126.7000 0.0958
1127.9000 0.0959
1130.4000 0.0960
1131.0000 0.0961
1131.1000 0.0963
1131.8000 0.0964
1133.9000 0.0965
1134.4000 0.0966
1134.4000 0.0967
1137.1000 0.0968
1139.7000 0.0969
1140.0000 0.0970
1140.9000 0.0971
1143.8000 0.0972
1148.0000 0.0973
1149.1000 0.0974
1149.4000 0.0975
1150.5000 0.0976
1151.3000 0.0977
1151.8000 0.0978
1152.0000 0.0979
1152.6000 0.0980
1153.8000 0.0981
1154.5000 0.0982
1154.9000 0.0983
1155.2000 0.0984
1155.6000 0.0985
1158.6000 0.0986
1166.6000 0.0988
1166.7000 0.0989
1166.8000 0.0990
1167.0000 0.0991
1167.4000 0.0992
1167.8000 0.0993
1170.2000 0.0994
1170.2000 0.0995
1170.9000 0.0996
1171.6000 0.0997
1172.8000 0.0998
1174.2000 0.0999
1174.3000 0.1000
1174.6000 0.1001
1175.3000 0.1002
1176.2000 0.1003
1176.5000 0.1004
1177.5000 0.1005
1178.4000 0.1006
1178.5000 0.1007
1179.7000 0.1008
1180.8000 0.1009
1181.4000 0.1010
1181.4000 0.1011
1182.6000 0.1013
1183.8000 0.1014
1184.5000 0.1015
1184.7000 0.1016
1185.5000 0.1017
1186.0000 0.1018
1186.8000 0.1019
1187.4000 0.1020
1187.9000 0.1021
1188.4000 0.1022
1188.7000 0.1023
1191.6000 0.1024
1192.7000 0.1025
1193.7000 0.1026
1194.3000 0.1027
1194.8000 0.1028
1196.3000 0.1029
1196.6000 0.1030
1196.9000 0.1031
1198.0000 0.1032
1198.0000 0.1033
1198.2000 0.1034
1198.6000 0.1035
1198.8000 0.1036
1199.6000 0.1038
1201.7000 0.1039
1201.7000 0.1040
1201.9000 0.1041
1202.6000 0.1042
1203.4000 0.1043
1205.2000 0.1044
1205.7000 0.1045
1206.2000 0.1046
1207.8000 0.1047
1208.7000 0.1048
1211.7000 0.1049
1211.9000 0.1050
1219.0000 0.1051
1219.1000 0.1052
1223.4000 0.1053
1225.0000 0.1054
1226.2000 0.1055
1226.8000 0.1056
1226.9000 0.1057
1227.0000 0.1058
1228.7000 0.1059
1236.0000 0.1060
1236.0000 0.1061
1237.0000 0.1063
1239.5000 0.1064
1240.3000 0.1065
1243.1000 0.1066
1243.4000 0.1067
1244.2000 0.1068
1244.4000 0.1069
1245.0000 0.1070
1245.4000 0.1071
1246.1000 0.1072
1246.7000 0.1073
1248.2000 0.1074
1248.4000 0.1075
1249.0000 0.1076
1250.5000 0.1077
1251.8000 0.1078
1252.0000 0.1079
1252.4000 0.1080
1254.0000 0.1081
1255.3000 0.1082
1256.2000 0.1083
1256.6000 0.1084
1258.5000 0.1085
1258.7000 0.1086
1259.4000 0.1088
1259.9000 0.1089
1261.5000 0.1090
1265.4000 0.1091
1265.4000 0.1092
1265.5000 0.1093
1266.2000 0.1094
1268.6000 0.1095
1270.7000 0.1096
1273.4000 0.1097
1275.2000 0.1098
1275.3000 0.1099
1277.4000 0.1100
1279.1000 0.1101
1279.7000 0.1102
1281.6000 0.1103
1285.0000 0.1104
1291.1000 0.1105
1291.6000 0.1106
1292.2000 0.1107
1292.9000 0.1108
1293.3000 0.1109
1295.2000 0.1110
1295.4000 0.1111
1295.4000 0.1113
1296.8000 0.1114
1297.1000 0.1115
1297.4000 0.1116
1298.8000 0.1117
1299.5000 0.1118
1299.8000 0.1119
1300.6000 0.1120
1302.0000 0.1121
1305.6000 0.1122
1306.0000 0.1123
1308.1000 0.1124
1309.2000 0.1125
1310.9000 0.1126
1313.2000 0.1127
1313.3000 0.1128
1315.7000 0.1129
1315.8000 0.1130
1316.3000 0.1131
1316.5000 0.1132
1316.7000 0.1133
1319.6000 0.1134
1319.8000 0.1135
1319.9000 0.1136
1321.5000 0.1138
1324.0000 0.1139
1325.8000 0.1140
1327.1000 0.1141
1328.1000 0.1142
1328.4000 0.1143
1328.5000 0.1144
1328.7000 0.1145
1329.2000 0.1146
1330.0000 0.1147
1333.7000 0.1148
1334.9000 0.1149
1335.1000 0.1150
1339.5000 0.1151
1339.5000 0.1152
1344.4000 0.1153
1344.6000 0.1154
1345.2000 0.1155
1346.9000 0.1156
1347.2000 0.1157
1349.6000 0.1158
1349.7000 0.1159
1352.0000 0.1160
1352.4000 0.1161
1355.0000 0.1163
1356.0000 0.1164
1356.3000 0.1165
1356.7000 0.1166
1356.9000 0.1167
1358.2000 0.1168
1359.4000 0.1169
1360.5000 0.1170
1360.5000 0.1171
1361.3000 0.1172
1362.1000 0.1173
1363.5000 0.1174
1364.9000 0.1175
1367.2000 0.1176
1368.4000 0.1177
1370.2000 0.1178
1371.8000 0.1179
1374.0000 0.1180
1376.5000 0.1181
1377.9000 0.1182
1378.4000 0.1183
1378.7000 0.1184
1379.2000 0.1185
1380.2000 0.1186
1383.0000 0.1188
1384.6000 0.1189
1385.8000 0.1190
1387.8000 0.1191
1388.1000 0.1192
1388.6000 0.1193
1389.0000 0.1194
1391.5000 0.1195
1392.7000 0.1196
1395.4000 0.1197
1395.6000 0.1198
1395.6000 0.1199
1395.6000 0.1200
1398.4000 0.1201
1399.9000 0.1202
1400.3000 0.1203
1400.3000 0.1204
1402.7000 0.1205
1404.6000 0.1206
1406.7000 0.1207
1407.0000 0.1208
1407.1000 0.1209
1407.1000 0.1210
1409.1000 0.1211
1409.6000 0.1213
1411.2000 0.1214
1411.7000 0.1215
1412.1000 0.1216
1413.2000 0.1217
1413.7000 0.1218
1413.9000 0.1219
1418.4000 0.1220
1419.5000 0.1221
1420.7000 0.1222
1421.5000 0.1223
1426.2000 0.1224
1428.0000 0.1225
1428.4000 0.1226
1429.1000 0.1227
1430.8000 0.1228
1432.1000 0.1229
1432.7000 0.1230
1433.8000 0.1231
1435.6000 0.1232
1436.2000 0.1233
1437.4000 0.1234
1438.0000 0.1235
1439.0000 0.1236
1439.2000 0.1238
1440.3000 0.1239
1440.6000 0.1240
1440.8000 0.1241
1443.8000 0.1242
1448.5000 0.1243
1448.7000 0.1244
1450.0000 0.1245
1450.2000 0.1246
1451.1000 0.1247
1453.3000 0.1248
1456.6000 0.1249
1457.9000 0.1250
1458.2000 0.1251
1458.6000 0.1252
1460.7000 0.1253
1462.1000 0.1254
1465.5000 0.1255
1468.4000 0.1256
1468.5000 0.1257
1472.0000 0.1258
1475.5000 0.1259
1477.5000 0.1260
1478.3000 0.1261
1479.1000 0.1263
1479.7000 0.1264
1480.0000 0.1265
1480.2000 0.1266
1481.0000 0.1267
1483.6000 0.1268
1486.3000 0.1269
1487.1000 0.1270
1487.8000 0.1271
1488.6000 0.1272
1489.8000 0.1273
1492.2000 0.1274
1492.9000 0.1275
1495.8000 0.1276
1495.8000 0.1277
1495.8000 0.1278
1497.1000 0.1279
1499.1000 0.1280
1500.1000 0.1281
1502.2000 0.1282
1503.8000 0.1283
1505.6000 0.1284
1507.9000 0.1285
1509.4000 0.1286
1511.3000 0.1288
1512.3000 0.1289
1513.2000 0.1290
1513.4000 0.1291
1514.4000 0.1292
1514.5000 0.1293
1514.5000 0.1294
1517.8000 0.1295
1518.5000 0.1296
1519.5000 0.1297
1519.9000 0.1298
1520.2000 0.1299
1520.9000 0.1300
1521.0000 0.1301
1522.0000 0.1302
1522.7000 0.1303
1523.3000 0.1304
1529.4000 0.1305
1529.6000 0.1306
1531.6000 0.1307
1532.8000 0.1308
1533.6000 0.1309
1534.0000 0.1310
1534.0000 0.1311
1536.3000 0.1313
1539.9000 0.1314
1540.6000 0.1315
1542.2000 0.1316
1542.8000 0.1317
1545.0000 0.1318
1547.8000 0.1319
1548.9000 0.1320
1551.4000 0.1321
1552.8000 0.1322
1555.4000 0.1323
1557.3000 0.1324
1557.4000 0.1325
1557.5000 0.1326
1558.2000 0.1327
1558.4000 0.1328
1560.0000 0.1329
1561.6000 0.1330
1564.5000 0.1331
1565.7000 0.1332
1566.4000 0.1333
1566.7000 0.1334
1568.3000 0.1335
1569.5000 0.1336
1572.3000 0.1338
1572.4000 0.1339
1572.8000 0.1340
1577.1000 0.1341
1579.4000 0.1342
1580.5000 0.1343
1582.4000 0.1344
1583.6000 0.1345
1588.6000 0.1346
1590.0000 0.1347
1590.8000 0.1348
1592.0000 0.1349
1593.3000 0.1350
1593.4000 0.1351
1596.0000 0.1352
1596.9000 0.1353
1597.1000 0.1354
1601.0000 0.1355
1601.5000 0.1356
1602.7000 0.1357
1603.3000 0.1358
1603.7000 0.1359
1607.4000 0.1360
1610.6000 0.1361
1611.1000 0.1363
1612.7000 0.1364
1613.1000 0.1365
1615.3000 0.1366
1619.4000 0.1367
1621.0000 0.1368
1621.9000 0.1369
1622.8000 0.1370
1623.9000 0.1371
1624.4000 0.1372
1625.5000 0.1373
1625.8000 0.1374
1626.5000 0.1375
1632.9000 0.1376
1633.4000 0.1377
1633.7000 0.1378
1634.4000 0.1379
1636.0000 0.1380
1637.2000 0.1381
1639.8000 0.1382
1640.1000 0.1383
1640.5000 0.1384
1641.4000 0.1385
1641.6000 0.1386
1643.8000 0.1388
1647.0000 0.1389
1650.8000 0.1390
1652.1000 0.1391
1655.0000 0.1392
1655.0000 0.1393
1657.4000 0.1394
1666.0000 0.1395
1667.8000 0.1396
1670.3000 0.1397
1671.7000 0.1398
1672.9000 0.1399
1673.2000 0.1400
1674.2000 0.1401
1675.1000 0.1402
1676.1000 0.1403
1676.3000 0.1404
1676.5000 0.1405
1677.5000 0.1406
1677.5000 0.1407
1678.7000 0.1408
1680.9000 0.1409
1681.4000 0.1410
1683.3000 0.1411
1683.8000 0.1413
1688.3000 0.1414
1690.2000 0.1415
1690.4000 0.1416
1694.2000 0.1417
1698.8000 0.1418
1699.3000 0.1419
1699.9000 0.1420
1703.4000 0.1421
1703.5000 0.1422
1703.8000 0.1423
1706.1000 0.1424
1706.7000 0.1425
1707.1000 0.1426
1708.1000 0.1427
1708.2000 0.1428
1712.4000 0.1429
1712.9000 0.1430
1713.0000 0.1431
1714.3000 0.1432
1714.9000 0.1433
1718.8000 0.1434
1721.7000 0.1435
1724.3000 0.1436
1727.6000 0.1437
1729.1000 0.1439
1731.6000 0.1440
1732.2000 0.1441
1733.7000 0.1442
1734.2000 0.1443
1735.2000 0.1444
1737.1000 0.1445
1742.6000 0.1446
1743.5000 0.1447
1746.1000 0.1448
1747.4000 0.1449
1747.9000 0.1450
1750.2000 0.1451
1752.1000 0.1452
1757.2000 0.1453
1758.8000 0.1454
1760.6000 0.1455
1760.6000 0.1456
1764.7000 0.1457
1765.5000 0.1458
1767.7000 0.1459
1769.2000 0.1460
1771.8000 0.1461
1773.4000 0.1462
1777.7000 0.1464
1787.0000 0.1465
1787.3000 0.1466
1788.1000 0.1467
1788.8000 0.1468
1789.8000 0.1469
1790.2000 0.1470
1790.8000 0.1471
1795.6000 0.1472
1795.6000 0.1473
1797.3000 0.1474
1800.0000 0.1475
1802.2000 0.1476
1803.1000 0.1477
1803.8000 0.1478
1806.1000 0.1479
1809.7000 0.1480
1811.9000 0.1481
1814.5000 0.1482
1815.4000 0.1483
1816.1000 0.1484
1819.0000 0.1485
1824.5000 0.1486
1828.5000 0.1487
1829.5000 0.1489
1829.6000 0.1490
1830.0000 0.1491
1833.1000 0.1492
1836.0000 0.1493
1839.8000 0.1494
1843.6000 0.1495
1844.7000 0.1496
1844.8000 0.1497
1845.3000 0.1498
1852.8000 0.1499
1856.2000 0.1500
1857.1000 0.1501
1862.3000 0.1502
1862.6000 0.1503
1868.6000 0.1504
1876.0000 0.1505
1879.6000 0.1506
1880.6000 0.1507
1883.0000 0.1508
1884.4000 0.1509
1892.7000 0.1510
1892.9000 0.1511
1895.1000 0.1512
1896.1000 0.1514
1901.6000 0.1515
1901.8000 0.1516
1902.5000 0.1517
1903.0000 0.1518
1904.6000 0.1519
1905.7000 0.1520
1908.3000 0.1521
1915.6000 0.1522
1923.2000 0.1523
1924.0000 0.1524
1926.0000 0.1525
1928.7000 0.1526
1931.3000 0.1527
1938.3000 0.1528
1941.1000 0.1529
1941.5000 0.1530
1942.3000 0.1531
1956.6000 0.1532
1961.1000 0.1533
1963.4000 0.1534
1964.6000 0.1535
1964.9000 0.1536
1968.3000 0.1537
1974.6000 0.1539
1977.0000 0.1540
1977.3000 0.1541
1987.3000 0.1542
1987.3000 0.1543
1989.5000 0.1544
1989.6000 0.1545
1992.1000 0.1546
1993.6000 0.1547
1996.4000 0.1548
1998.0000 0.1549
1999.1000 0.1550
2004.4000 0.1551
2008.3000 0.1552
2013.1000 0.1553
2019.9000 0.1554
2022.3000 0.1555
2024.3000 0.1556
2025.0000 0.1557
2031.8000 0.1558
2032.4000 0.1559
2039.4000 0.1560
2043.6000 0.1561
2044.7000 0.1562
2045.0000 0.1564
2052.1000 0.1565
2054.4000 0.1566
2058.8000 0.1567
2059.7000 0.1568
2068.5000 0.1569
2070.8000 0.1570
2070.9000 0.1571
2071.3000 0.1572
2072.6000 0.1573
2073.4000 0.1574
2083.9000 0.1575
2087.5000 0.1576
2090.4000 0.1577
2092.2000 0.1578
2095.4000 0.1579
2099.1000 0.1580
2101.0000 0.1581
2106.3000 0.1582
2115.5000 0.1583
2123.2000 0.1584
2127.8000 0.1585
2128.9000 0.1586
2130.3000 0.1587
2130.7000 0.1589
2130.8000 0.1590
2137.3000 0.1591
2139.6000 0.1592
2141.5000 0.1593
2152.2000 0.1594
2154.0000 0.1595
2161.3000 0.1596
2162.3000 0.1597
2162.6000 0.1598
2168.7000 0.1599
2169.8000 0.1600
2180.0000 0.1601
2202.6000 0.1602
2204.9000 0.1603
2214.6000 0.1604
2215.4000 0.1605
2216.4000 0.1606
2217.4000 0.1607
2231.3000 0.1608
2239.7000 0.1609
2244.0000 0.1610
2249.3000 0.1611
2250.5000 0.1612
2252.3000 0.1614
2254.6000 0.1615
2257.3000 0.1616
2270.6000 0.1617
2276.4000 0.1618
2279.1000 0.1619
2282.2000 0.1620
2282.5000 0.1621
2287.4000 0.1622
2294.9000 0.1623
2295.6000 0.1624
2296.3000 0.1625
2304.6000 0.1626
2305.4000 0.1627
2310.7000 0.1628
2314.6000 0.1629
2320.3000 0.1630
2333.1000 0.1631
2333.7000 0.1632
2337.2000 0.1633
2347.8000 0.1634
2347.9000 0.1635
2353.0000 0.1636
2353.7000 0.1637
2354.1000 0.1639
2354.9000 0.1640
2355.6000 0.1641
2361.6000 0.1642
2361.9000 0.1643
2362.8000 0.1644
2364.7000 0.1645
2367.1000 0.1646
2371.5000 0.1647
2378.6000 0.1648
2389.9000 0.1649
2391.2000 0.1650
2403.6000 0.1651
2404.8000 0.1652
2405.9000 0.1653
2409.9000 0.1654
2415.3000 0.1655
2444.4000 0.1656
2457.2000 0.1657
2459.8000 0.1658
2460.0000 0.1659
2474.6000 0.1660
2487.5000 0.1661
2490.0000 0.1662
2490.6000 0.1664
2501.7000 0.1665
2505.6000 0.1666
2505.7000 0.1667
2510.8000 0.1668
2517.7000 0.1669
2522.4000 0.1670
2528.5000 0.1671
2529.4000 0.1672
2555.3000 0.1673
2561.5000 0.1674
2563.5000 0.1675
2569.6000 0.1676
2572.4000 0.1677
2573.4000 0.1678
2576.0000 0.1679
2588.3000 0.1680
2589.1000 0.1681
2597.0000 0.1682
2613.4000 0.1683
2615.7000 0.1684
2625.8000 0.1685
2627.8000 0.1686
2632.2000 0.1687
2638.3000 0.1689
2639.5000 0.1690
2642.4000 0.1691
2643.0000 0.1692
2646.0000 0.1693
2647.2000 0.1694
2647.4000 0.1695
2663.3000 0.1696
2668.0000 0.1697
2668.2000 0.1698
2669.8000 0.1699
2674.9000 0.1700
2677.6000 0.1701
2689.0000 0.1702
2695.2000 0.1703
2702.0000 0.1704
2704.7000 0.1705
2706.3000 0.1706
2707.0000 0.1707
2711.3000 0.1708
2730.3000 0.1709
2738.9000 0.1710
2739.1000 0.1711
2742.3000 0.1712
2748.6000 0.1714
2757.4000 0.1715
2763.8000 0.1716
2769.4000 0.1717
2770.8000 0.1718
2776.2000 0.1719
2780.6000 0.1720
2799.6000 0.1721
2806.2000 0.1722
2813.8000 0.1723
2814.7000 0.1724
2827.8000 0.1725
2862.1000 0.1726
2873.3000 0.1727
2880.1000 0.1728
2881.1000 0.1729
2882.3000 0.1730
2886.2000 0.1731
2889.7000 0.1732
2896.1000 0.1733
2897.6000 0.1734
2897.8000 0.1735
2904.8000 0.1736
2906.0000 0.1737
2917.7000 0.1739
2928.2000 0.1740
2949.5000 0.1741
2954.8000 0.1742
2967.2000 0.1743
2984.8000 0.1744
2986.6000 0.1745
2992.1000 0.1746
3013.7000 0.1747
3013.8000 0.1748
3014.8000 0.1749
3023.9000 0.1750
3046.2000 0.1751
3056.7000 0.1752
3059.2000 0.1753
3064.5000 0.1754
3069.4000 0.1755
3074.6000 0.1756
3084.9000 0.1757
3087.4000 0.1758
3101.6000 0.1759
3103.1000 0.1760
3106.3000 0.1761
3110.7000 0.1762
3115.8000 0.1764
3118.5000 0.1765
3119.4000 0.1766
3172.1000 0.1767
3191.4000 0.1768
3212.5000 0.1769
3239.8000 0.1770
3253.7000 0.1771
3260.2000 0.1772
3261.4000 0.1773
3271.5000 0.1774
3279.3000 0.1775
3285.1000 0.1776
3291.1000 0.1777
3293.0000 0.1778
3298.0000 0.1779
3298.5000 0.1780
3306.1000 0.1781
3314.7000 0.1782
3328.2000 0.1783
3330.0000 0.1784
3332.9000 0.1785
3333.0000 0.1786
3343.8000 0.1787
3348.2000 0.1789
3349.4000 0.1790
3351.5000 0.1791
3371.0000 0.1792
3373.3000 0.1793
3380.0000 0.1794
3381.8000 0.1795
3383.6000 0.1796
3400.0000 0.1797
3411.8000 0.1798
3425.7000 0.1799
3432.0000 0.1800
3434.7000 0.1801
3434.9000 0.1802
3440.0000 0.1803
3446.2000 0.1804
3447.0000 0.1805
3452.1000 0.1806
3455.5000 0.1807
3467.1000 0.1808
3474.0000 0.1809
3490.0000 0.1810
3496.1000 0.1811
3501.5000 0.1812
3506.5000 0.1814
3507.2000 0.1815
3507.7000 0.1816
3512.5000 0.1817
3516.6000 0.1818
3518.7000 0.1819
3532.1000 0.1820
3541.9000 0.1821
3570.2000 0.1822
3587.4000 0.1823
3598.6000 0.1824
3606.3000 0.1825
3612.0000 0.1826
3614.5000 0.1827
3620.0000 0.1828
3620.2000 0.1829
3634.8000 0.1830
3647.4000 0.1831
3661.5000 0.1832
3662.4000 0.1833
3664.7000 0.1834
3667.4000 0.1835
3681.4000 0.1836
3682.7000 0.1837
3687.9000 0.1839
3690.0000 0.1840
3703.1000 0.1841
3715.4000 0.1842
3726.0000 0.1843
3731.7000 0.1844
3736.8000 0.1845
3754.3000 0.1846
3757.3000 0.1847
3762.7000 0.1848
3777.0000 0.1849
3779.7000 0.1850
3792.5000 0.1851
3794.4000 0.1852
3795.3000 0.1853
3797.9000 0.1854
3800.5000 0.1855
3801.5000 0.1856
3806.4000 0.1857
3807.2000 0.1858
3807.9000 0.1859
3818.9000 0.1860
3820.3000 0.1861
3820.4000 0.1862
3843.4000 0.1864
3844.6000 0.1865
3844.6000 0.1866
3854.5000 0.1867
3862.8000 0.1868
3868.6000 0.1869
3871.1000 0.1870
3871.6000 0.1871
3872.0000 0.1872
3873.2000 0.1873
3887.7000 0.1874
3895.2000 0.1875
3911.4000 0.1876
3933.7000 0.1877
3940.3000 0.1878
3943.4000 0.1879
3947.0000 0.1880
3958.7000 0.1881
3962.1000 0.1882
3978.7000 0.1883
3979.9000 0.1884
3990.3000 0.1885
3993.4000 0.1886
3994.6000 0.1887
3998.6000 0.1889
4002.1000 0.1890
4007.2000 0.1891
4016.2000 0.1892
4018.3000 0.1893
4019.0000 0.1894
4020.7000 0.1895
4026.2000 0.1896
4027.6000 0.1897
4033.8000 0.1898
4037.3000 0.1899
4049.1000 0.1900
4050.0000 0.1901
4054.8000 0.1902
4084.1000 0.1903
4090.6000 0.1904
4100.0000 0.1905
4100.5000 0.1906
4104.2000 0.1907
4106.9000 0.1908
4109.6000 0.1909
4113.1000 0.1910
4115.2000 0.1911
4115.9000 0.1912
4118.4000 0.1914
4120.8000 0.1915
4122.8000 0.1916
4127.5000 0.1917
4129.4000 0.1918
4134.4000 0.1919
4135.5000 0.1920
4139.0000 0.1921
4145.1000 0.1922
4151.5000 0.1923
4151.6000 0.1924
4161.1000 0.1925
4166.9000 0.1926
4173.0000 0.1927
4177.9000 0.1928
4178.8000 0.1929
4186.1000 0.1930
4195.3000 0.1931
4217.8000 0.1932
4221.9000 0.1933
4238.6000 0.1934
4239.0000 0.1935
4254.0000 0.1936
4256.0000 0.1937
4275.0000 0.1939
4277.3000 0.1940
4290.6000 0.1941
4298.7000 0.1942
4300.2000 0.1943
4307.4000 0.1944
4308.1000 0.1945
4316.4000 0.1946
4331.0000 0.1947
4335.2000 0.1948
4340.3000 0.1949
4351.4000 0.1950
4359.2000 0.1951
4361.9000 0.1952
4370.4000 0.1953
4373.3000 0.1954
4380.7000 0.1955
4380.9000 0.1956
4388.7000 0.1957
4389.4000 0.1958
4395.6000 0.1959
4400.2000 0.1960
4402.4000 0.1961
4404.7000 0.1962
4412.5000 0.1964
4413.6000 0.1965
4420.2000 0.1966
4425.8000 0.1967
4426.3000 0.1968
4427.3000 0.1969
4432.2000 0.1970
4445.5000 0.1971
4463.1000 0.1972
4464.7000 0.1973
4466.1000 0.1974
4470.4000 0.1975
4473.8000 0.1976
4483.1000 0.1977
4487.1000 0.1978
4501.6000 0.1979
4527.1000 0.1980
4539.5000 0.1981
4552.7000 0.1982
4555.5000 0.1983
4559.4000 0.1984
4559.4000 0.1985
4560.6000 0.1986
4563.8000 0.1987
4588.4000 0.1989
4590.0000 0.1990
4594.3000 0.1991
4597.7000 0.1992
4604.5000 0.1993
4620.9000 0.1994
4640.0000 0.1995
4650.2000 0.1996
4658.2000 0.1997
4663.6000 0.1998
4671.3000 0.1999
4673.8000 0.2000
4677.9000 0.2001
4677.9000 0.2002
4681.1000 0.2003
4699.2000 0.2004
4700.7000 0.2005
4714.4000 0.2006
4715.9000 0.2007
4722.1000 0.2008
4724.1000 0.2009
4736.2000 0.2010
4752.2000 0.2011
4765.6000 0.2012
4778.7000 0.2014
4802.6000 0.2015
4806.6000 0.2016
4813.0000 0.2017
4823.1000 0.2018
4830.6000 0.2019
4845.6000 0.2020
4855.3000 0.2021
4860.3000 0.2022
4866.5000 0.2023
4875.2000 0.2024
4881.8000 0.2025
4909.2000 0.2026
4928.0000 0.2027
4928.0000 0.2028
4929.3000 0.2029
4932.8000 0.2030
4942.1000 0.2031
4958.9000 0.2032
4963.9000 0.2033
4965.6000 0.2034
4967.7000 0.2035
4970.2000 0.2036
4994.0000 0.2037
4994.1000 0.2039
4998.6000 0.2040
5017.5000 0.2041
5026.2000 0.2042
5032.5000 0.2043
5037.8000 0.2044
5039.2000 0.2045
5053.3000 0.2046
5056.0000 0.2047
5061.9000 0.2048
5066.0000 0.2049
5074.2000 0.2050
5084.4000 0.2051
5087.5000 0.2052
5111.5000 0.2053
5112.2000 0.2054
5116.8000 0.2055
5125.4000 0.2056
5144.7000 0.2057
5157.9000 0.2058
5163.4000 0.2059
5172.2000 0.2060
5180.5000 0.2061
5198.4000 0.2062
5198.8000 0.2064
5207.0000 0.2065
5207.3000 0.2066
5211.0000 0.2067
5220.9000 0.2068
5222.9000 0.2069
5237.8000 0.2070
5239.7000 0.2071
5249.8000 0.2072
5265.7000 0.2073
5271.3000 0.2074
5311.4000 0.2075
5313.2000 0.2076
5324.6000 0.2077
5327.6000 0.2078
5328.0000 0.2079
5345.1000 0.2080
5352.0000 0.2081
5362.5000 0.2082
5364.8000 0.2083
5381.9000 0.2084
5391.6000 0.2085
5397.4000 0.2086
5400.2000 0.2087
5402.6000 0.2089
5411.4000 0.2090
5422.3000 0.2091
5449.7000 0.2092
5451.6000 0.2093
5452.5000 0.2094
5501.7000 0.2095
5506.7000 0.2096
5514.5000 0.2097
5516.4000 0.2098
5523.4000 0.2099
5528.3000 0.2100
5551.0000 0.2101
5557.5000 0.2102
5602.3000 0.2103
5606.3000 0.2104
5614.6000 0.2105
5631.0000 0.2106
5635.5000 0.2107
5642.1000 0.2108
5660.5000 0.2109
5676.6000 0.2110
5704.7000 0.2111
5715.8000 0.2112
5724.1000 0.2114
5726.8000 0.2115
5740.2000 0.2116
5748.3000 0.2117
5748.3000 0.2118
5764.0000 0.2119
5767.0000 0.2120
5770.9000 0.2121
5772.3000 0.2122
5786.3000 0.2123
5806.8000 0.2124
5816.2000 0.2125
5817.6000 0.2126
5828.4000 0.2127
5830.9000 0.2128
5836.1000 0.2129
5840.7000 0.2130
5840.7000 0.2131
5846.2000 0.2132
5851.8000 0.2133
5859.9000 0.2134
5860.9000 0.2135
5886.5000 0.2136
5900.3000 0.2137
5901.5000 0.2139
5901.6000 0.2140
5902.4000 0.2141
5909.9000 0.2142
5921.4000 0.2143
5933.4000 0.2144
5939.7000 0.2145
5945.2000 0.2146
5949.3000 0.2147
5954.1000 0.2148
5969.4000 0.2149
5973.6000 0.2150
5997.1000 0.2151
6000.8000 0.2152
6010.6000 0.2153
6052.8000 0.2154
6072.4000 0.2155
6095.1000 0.2156
6098.6000 0.2157
6106.1000 0.2158
6110.9000 0.2159
6112.8000 0.2160
6114.0000 0.2161
6116.0000 0.2162
6118.4000 0.2164
6122.2000 0.2165
6145.0000 0.2166
6147.4000 0.2167
6165.7000 0.2168
6177.1000 0.2169
6185.4000 0.2170
6189.3000 0.2171
6208.1000 0.2172
6230.0000 0.2173
6230.2000 0.2174
6234.3000 0.2175
6241.2000 0.2176
6249.5000 0.2177
6257.0000 0.2178
6257.2000 0.2179
6269.5000 0.2180
6300.9000 0.2181
6301.2000 0.2182
6311.1000 0.2183
6313.7000 0.2184
6325.5000 0.2185
6328.7000 0.2186
6345.5000 0.2187
6371.9000 0.2189
6386.6000 0.2190
6386.7000 0.2191
6400.7000 0.2192
6405.1000 0.2193
6421.4000 0.2194
6430.8000 0.2195
6436.5000 0.2196
6445.7000 0.2197
6448.7000 0.2198
6451.1000 0.2199
6458.4000 0.2200
6460.5000 0.2201
6464.3000 0.2202
6465.4000 0.2203
6468.7000 0.2204
6470.2000 0.2205
6471.6000 0.2206
6475.5000 0.2207
6491.9000 0.2208
6493.9000 0.2209
6504.6000 0.2210
6508.5000 0.2211
6519.3000 0.2212
6526.5000 0.2214
6528.4000 0.2215
6548.1000 0.2216
6549.2000 0.2217
6556.8000 0.2218
6560.7000 0.2219
6561.8000 0.2220
6572.9000 0.2221
6586.4000 0.2222
6591.5000 0.2223
6612.1000 0.2224
6618.2000 0.2225
6630.7000 0.2226
6652.6000 0.2227
6654.7000 0.2228
6658.1000 0.2229
6675.8000 0.2230
6694.9000 0.2231
6699.2000 0.2232
6707.8000 0.2233
6710.0000 0.2234
6740.2000 0.2235
6747.3000 0.2236
6755.5000 0.2237
6757.9000 0.2239
6801.0000 0.2240
6805.0000 0.2241
6805.8000 0.2242
6818.0000 0.2243
6823.5000 0.2244
6836.3000 0.2245
6839.5000 0.2246
6872.8000 0.2247
6874.4000 0.2248
6881.5000 0.2249
6889.2000 0.2250
6893.2000 0.2251
6900.8000 0.2252
6902.3000 0.2253
6921.1000 0.2254
6932.2000 0.2255
6933.8000 0.2256
6933.9000 0.2257
6936.2000 0.2258
6946.7000 0.2259
6948.0000 0.2260
6958.1000 0.2261
6959.5000 0.2262
6973.4000 0.2264
6998.6000 0.2265
7023.3000 0.2266
7027.3000 0.2267
7042.0000 0.2268
7063.4000 0.2269
7065.4000 0.2270
7070.6000 0.2271
7078.0000 0.2272
7094.7000 0.2273
7132.1000 0.2274
7138.1000 0.2275
7146.2000 0.2276
7154.1000 0.2277
7163.6000 0.2278
7163.7000 0.2279
7165.9000 0.2280
7169.2000 0.2281
7175.2000 0.2282
7197.9000 0.2283
7201.5000 0.2284
7212.8000 0.2285
7245.8000 0.2286
7251.4000 0.2287
7259.5000 0.2289
7260.1000 0.2290
7302.6000 0.2291
7302.6000 0.2292
7304.5000 0.2293
7307.7000 0.2294
7307.8000 0.2295
7313.8000 0.2296
7319.8000 0.2297
7329.0000 0.2298
7330.8000 0.2299
7338.5000 0.2300
7340.5000 0.2301
7341.8000 0.2302
7351.4000 0.2303
7358.5000 0.2304
7390.8000 0.2305
7397.2000 0.2306
7408.7000 0.2307
7415.8000 0.2308
7418.5000 0.2309
7430.2000 0.2310
7436.3000 0.2311
7443.4000 0.2312
7447.8000 0.2314
7449.4000 0.2315
7455.3000 0.2316
7463.2000 0.2317
7464.4000 0.2318
7470.1000 0.2319
7471.0000 0.2320
7475.3000 0.2321
7479.9000 0.2322
7496.4000 0.2323
7540.3000 0.2324
7542.3000 0.2325
7557.4000 0.2326
7572.9000 0.2327
7574.6000 0.2328
7585.1000 0.2329
7586.4000 0.2330
7590.4000 0.2331
7592.9000 0.2332
7593.5000 0.2333
7595.1000 0.2334
7615.9000 0.2335
7621.7000 0.2336
7635.2000 0.2337
7636.5000 0.2339
7636.7000 0.2340
7643.1000 0.2341
7649.8000 0.2342
7650.1000 0.2343
7656.3000 0.2344
7663.6000 0.2345
7665.8000 0.2346
7667.7000 0.2347
7674.9000 0.2348
7679.4000 0.2349
7681.9000 0.2350
7729.9000 0.2351
7750.8000 0.2352
7754.6000 0.2353
7755.9000 0.2354
7765.9000 0.2355
7774.2000 0.2356
7777.9000 0.2357
7780.0000 0.2358
7784.9000 0.2359
7786.8000 0.2360
7790.8000 0.2361
7794.5000 0.2362
7803.8000 0.2364
7813.0000 0.2365
7816.1000 0.2366
7823.8000 0.2367
7833.9000 0.2368
7835.6000 0.2369
7838.9000 0.2370
7846.7000 0.2371
7852.9000 0.2372
7859.3000 0.2373
7861.0000 0.2374
7869.6000 0.2375
7879.2000 0.2376
7893.7000 0.2377
7904.8000 0.2378
7922.2000 0.2379
7940.6000 0.2380
7945.4000 0.2381
7958.3000 0.2382
7973.0000 0.2383
7974.5000 0.2384
7981.5000 0.2385
7993.3000 0.2386
8007.9000 0.2387
8017.7000 0.2389
8026.1000 0.2390
8028.8000 0.2391
8031.0000 0.2392
8036.9000 0.2393
8052.2000 0.2394
8069.0000 0.2395
8076.7000 0.2396
8083.8000 0.2397
8111.9000 0.2398
8150.4000 0.2399
8161.9000 0.2400
8169.5000 0.2401
8179.5000 0.2402
8179.8000 0.2403
8185.0000 0.2404
8195.8000 0.2405
8196.4000 0.2406
8199.3000 0.2407
8226.1000 0.2408
8239.6000 0.2409
8250.4000 0.2410
8271.4000 0.2411
8289.3000 0.2412
8307.1000 0.2414
8310.3000 0.2415
8314.0000 0.2416
8323.4000 0.2417
8325.7000 0.2418
8345.1000 0.2419
8348.8000 0.2420
8359.8000 0.2421
8386.7000 0.2422
8387.6000 0.2423
8400.0000 0.2424
8405.2000 0.2425
8428.8000 0.2426
8436.8000 0.2427
8442.1000 0.2428
8458.8000 0.2429
8503.7000 0.2430
8510.5000 0.2431
8521.3000 0.2432
8521.7000 0.2433
8537.6000 0.2434
8545.5000 0.2435
8554.5000 0.2436
8564.3000 0.2437
8570.7000 0.2439
8572.9000 0.2440
8620.9000 0.2441
8626.6000 0.2442
8640.4000 0.2443
8648.9000 0.2444
8654.2000 0.2445
8655.9000 0.2446
8662.6000 0.2447
8665.7000 0.2448
8671.5000 0.2449
8682.1000 0.2450
8700.2000 0.2451
8702.2000 0.2452
8708.1000 0.2453
8709.1000 0.2454
8710.2000 0.2455
8722.2000 0.2456
8752.0000 0.2457
8753.8000 0.2458
8763.8000 0.2459
8773.2000 0.2460
8792.0000 0.2461
8792.5000 0.2462
8819.7000 0.2464
8830.3000 0.2465
8830.7000 0.2466
8836.2000 0.2467
8845.2000 0.2468
8849.8000 0.2469
8864.2000 0.2470
8864.4000 0.2471
8887.2000 0.2472
8943.5000 0.2473
8949.6000 0.2474
8956.8000 0.2475
8958.8000 0.2476
8961.2000 0.2477
8967.5000 0.2478
8969.2000 0.2479
8979.9000 0.2480
8981.5000 0.2481
8984.0000 0.2482
8986.0000 0.2483
8989.7000 0.2484
9004.0000 0.2485
9012.2000 0.2486
9017.2000 0.2487
9022.1000 0.2489
9047.6000 0.2490
9057.9000 0.2491
9058.3000 0.2492
9062.0000 0.2493
9079.4000 0.2494
9086.3000 0.2495
9090.2000 0.2496
9113.1000 0.2497
9122.2000 0.2498
9137.1000 0.2499
9142.6000 0.2500
9144.6000 0.2501
9145.7000 0.2502
9157.3000 0.2503
9160.2000 0.2504
9162.3000 0.2505
9212.9000 0.2506
9213.2000 0.2507
9219.2000 0.2508
9233.2000 0.2509
9236.5000 0.2510
9242.5000 0.2511
9253.0000 0.2512
9264.8000 0.2514
9284.2000 0.2515
9298.2000 0.2516
9304.7000 0.2517
9308.2000 0.2518
9318.1000 0.2519
9318.4000 0.2520
9320.4000 0.2521
9345.1000 0.2522
9368.4000 0.2523
9376.9000 0.2524
9378.1000 0.2525
9423.1000 0.2526
9445.0000 0.2527
9470.5000 0.2528
9470.6000 0.2529
9484.4000 0.2530
9505.9000 0.2531
9534.4000 0.2532
9538.9000 0.2533
9568.5000 0.2534
9568.6000 0.2535
9571.5000 0.2536
9575.6000 0.2537
9576.5000 0.2539
9579.7000 0.2540
9592.1000 0.2541
9592.2000 0.2542
9594.7000 0.2543
9596.7000 0.2544
9604.4000 0.2545
9607.6000 0.2546
9627.8000 0.2547
9633.4000 0.2548
9636.7000 0.2549
9637.8000 0.2550
9645.9000 0.2551
9662.9000 0.2552
9668.1000 0.2553
9698.5000 0.2554
9709.9000 0.2555
9714.3000 0.2556
9725.5000 0.2557
9728.4000 0.2558
9741.1000 0.2559
9743.1000 0.2560
9753.1000 0.2561
9753.9000 0.2562
9755.2000 0.2564
9768.3000 0.2565
9793.0000 0.2566
9794.2000 0.2567
9797.5000 0.2568
9803.7000 0.2569
9807.7000 0.2570
9829.0000 0.2571
9832.0000 0.2572
9836.2000 0.2573
9841.4000 0.2574
9852.3000 0.2575
9855.4000 0.2576
9860.1000 0.2577
9860.3000 0.2578
9863.8000 0.2579
9887.2000 0.2580
9894.6000 0.2581
9896.1000 0.2582
9910.4000 0.2583
9913.6000 0.2584
9944.9000 0.2585
9954.2000 0.2586
9954.6000 0.2587
9974.4000 0.2589
9995.4000 0.2590
10010.9000 0.2591
10011.2000 0.2592
10012.9000 0.2593
10023.3000 0.2594
10030.3000 0.2595
10037.2000 0.2596
10062.9000 0.2597
10070.4000 0.2598
10081.6000 0.2599
10090.0000 0.2600
10108.9000 0.2601
10114.1000 0.2602
10124.7000 0.2603
10136.3000 0.2604
10148.7000 0.2605
10149.6000 0.2606
10169.2000 0.2607
10171.8000 0.2608
10183.0000 0.2609
10186.9000 0.2610
10200.1000 0.2611
10204.4000 0.2612
10206.9000 0.2614
10220.5000 0.2615
10224.0000 0.2616
10237.7000 0.2617
10241.6000 0.2618
10248.3000 0.2619
10269.3000 0.2620
10274.8000 0.2621
10275.7000 0.2622
10303.5000 0.2623
10307.0000 0.2624
10310.1000 0.2625
10310.3000 0.2626
10315.8000 0.2627
10321.0000 0.2628
10328.3000 0.2629
10336.7000 0.2630
10338.4000 0.2631
10347.9000 0.2632
10390.8000 0.2633
10399.4000 0.2634
10436.1000 0.2635
10442.0000 0.2636
10450.6000 0.2637
10454.6000 0.2639
10462.2000 0.2640
10464.2000 0.2641
10467.6000 0.2642
10483.2000 0.2643
10483.4000 0.2644
10514.6000 0.2645
10514.8000 0.2646
10515.7000 0.2647
10531.4000 0.2648
10546.1000 0.2649
10549.5000 0.2650
10555.4000 0.2651
10555.9000 0.2652
10559.6000 0.2653
10560.7000 0.2654
10569.7000 0.2655
10570.6000 0.2656
10579.3000 0.2657
10580.4000 0.2658
10585.1000 0.2659
10588.2000 0.2660
10588.4000 0.2661
10604.7000 0.2662
10613.2000 0.2664
10632.5000 0.2665
10636.7000 0.2666
10646.9000 0.2667
10654.7000 0.2668
10655.6000 0.2669
10657.3000 0.2670
10663.6000 0.2671
10671.0000 0.2672
10683.3000 0.2673
10693.8000 0.2674
10708.5000 0.2675
10721.9000 0.2676
10723.8000 0.2677
10748.7000 0.2678
10754.2000 0.2679
10758.3000 0.2680
10759.3000 0.2681
10775.6000 0.2682
10783.9000 0.2683
10802.3000 0.2684
10810.5000 0.2685
10811.4000 0.2686
10823.8000 0.2687
10841.2000 0.2689
10846.5000 0.2690
10860.9000 0.2691
10867.2000 0.2692
10878.0000 0.2693
10880.1000 0.2694
10932.9000 0.2695
10938.9000 0.2696
10945.9000 0.2697
10948.4000 0.2698
10953.5000 0.2699
10956.9000 0.2700
10966.1000 0.2701
10985.4000 0.2702
10992.1000 0.2703
10992.5000 0.2704
11003.4000 0.2705
11005.1000 0.2706
11008.2000 0.2707
11008.9000 0.2708
11036.8000 0.2709
11045.4000 0.2710
11066.5000 0.2711
11069.1000 0.2712
11083.6000 0.2714
11088.6000 0.2715
11088.6000 0.2716
11098.6000 0.2717
11099.5000 0.2718
11114.7000 0.2719
11132.8000 0.2720
11141.0000 0.2721
11149.8000 0.2722
11165.5000 0.2723
11165.7000 0.2724
11177.0000 0.2725
11184.3000 0.2726
11195.3000 0.2727
11224.8000 0.2728
11248.7000 0.2729
11263.3000 0.2730
11263.3000 0.2731
11275.2000 0.2732
11276.9000 0.2733
11283.2000 0.2734
11293.1000 0.2735
11314.2000 0.2736
11330.3000 0.2737
11333.7000 0.2739
11348.2000 0.2740
11356.6000 0.2741
11372.6000 0.2742
11398.8000 0.2743
11411.4000 0.2744
11420.7000 0.2745
11425.8000 0.2746
11435.7000 0.2747
11441.6000 0.2748
11450.4000 0.2749
11457.3000 0.2750
11457.8000 0.2751
11469.8000 0.2752
11471.6000 0.2753
11479.9000 0.2754
11492.8000 0.2755
11502.5000 0.2756
11505.5000 0.2757
11508.0000 0.2758
11510.0000 0.2759
11511.8000 0.2760
11513.3000 0.2761
11523.1000 0.2762
11530.8000 0.2764
11534.5000 0.2765
11559.3000 0.2766
11561.3000 0.2767
11582.4000 0.2768
11587.4000 0.2769
11591.9000 0.2770
11603.4000 0.2771
11603.5000 0.2772
11636.5000 0.2773
11643.6000 0.2774
11649.2000 0.2775
11653.8000 0.2776
11666.1000 0.2777
11677.8000 0.2778
11702.2000 0.2779
11704.3000 0.2780
11714.6000 0.2781
11723.1000 0.2782
11725.1000 0.2783
11740.3000 0.2784
11741.6000 0.2785
11755.2000 0.2786
11763.4000 0.2787
11764.8000 0.2789
11773.1000 0.2790
11773.6000 0.2791
11778.3000 0.2792
11785.8000 0.2793
11787.9000 0.2794
11788.6000 0.2795
11811.2000 0.2796
11812.4000 0.2797
11821.3000 0.2798
11823.9000 0.2799
11831.7000 0.2800
11840.7000 0.2801
11841.8000 0.2802
11869.1000 0.2803
11873.8000 0.2804
11900.6000 0.2805
11926.4000 0.2806
11927.3000 0.2807
11935.9000 0.2808
11937.0000 0.2809
11938.2000 0.2810
11941.8000 0.2811
11958.8000 0.2812
11979.8000 0.2814
12003.5000 0.2815
12005.2000 0.2816
12037.6000 0.2817
12040.5000 0.2818
12048.6000 0.2819
12054.9000 0.2820
12056.7000 0.2821
12062.2000 0.2822
12083.3000 0.2823
12090.9000 0.2824
12098.9000 0.2825
12099.1000 0.2826
12112.9000 0.2827
12132.1000 0.2828
12162.1000 0.2829
12174.0000 0.2830
12175.0000 0.2831
12179.2000 0.2832
12179.4000 0.2833
12196.5000 0.2834
12203.2000 0.2835
12213.7000 0.2836
12215.8000 0.2837
12216.4000 0.2839
12217.0000 0.2840
12221.4000 0.2841
12241.3000 0.2842
12252.9000 0.2843
12256.5000 0.2844
12266.9000 0.2845
12269.7000 0.2846
12270.6000 0.2847
12289.4000 0.2848
12332.5000 0.2849
12338.4000 0.2850
12354.4000 0.2851
12373.4000 0.2852
12377.0000 0.2853
12379.6000 0.2854
12404.8000 0.2855
12407.2000 0.2856
12410.7000 0.2857
12412.2000 0.2858
12419.7000 0.2859
12421.3000 0.2860
12422.0000 0.2861
12422.6000 0.2862
12434.8000 0.2864
12455.7000 0.2865
12458.9000 0.2866
12459.0000 0.2867
12467.7000 0.2868
12477.3000 0.2869
12510.6000 0.2870
12536.7000 0.2871
12541.5000 0.2872
12554.3000 0.2873
12561.2000 0.2874
12562.3000 0.2875
12567.9000 0.2876
12594.5000 0.2877
12595.7000 0.2878
12605.7000 0.2879
12628.2000 0.2880
12629.6000 0.2881
12692.3000 0.2882
12698.3000 0.2883
12703.0000 0.2884
12716.6000 0.2885
12717.1000 0.2886
12723.2000 0.2887
12726.4000 0.2889
12752.9000 0.2890
12753.0000 0.2891
12764.0000 0.2892
12774.3000 0.2893
12783.4000 0.2894
12789.4000 0.2895
12795.2000 0.2896
12821.8000 0.2897
12848.7000 0.2898
12874.0000 0.2899
12874.0000 0.2900
12879.5000 0.2901
12880.6000 0.2902
12884.4000 0.2903
12933.3000 0.2904
12938.4000 0.2905
12940.4000 0.2906
12945.2000 0.2907
12948.3000 0.2908
12949.6000 0.2909
12951.5000 0.2910
12963.2000 0.2911
12967.7000 0.2912
12973.8000 0.2914
12980.4000 0.2915
13022.2000 0.2916
13031.3000 0.2917
13044.8000 0.2918
13046.6000 0.2919
13064.2000 0.2920
13067.4000 0.2921
13074.0000 0.2922
13086.9000 0.2923
13090.3000 0.2924
13114.5000 0.2925
13126.4000 0.2926
13140.1000 0.2927
13142.8000 0.2928
13143.4000 0.2929
13153.1000 0.2930
13156.5000 0.2931
13162.8000 0.2932
13167.4000 0.2933
13179.2000 0.2934
13224.5000 0.2935
13252.0000 0.2936
13253.2000 0.2937
13259.5000 0.2939
13261.7000 0.2940
13287.6000 0.2941
13292.6000 0.2942
13295.0000 0.2943
13296.3000 0.2944
13297.1000 0.2945
13309.0000 0.2946
13325.9000 0.2947
13344.6000 0.2948
13356.2000 0.2949
13365.4000 0.2950
13389.0000 0.2951
13393.2000 0.2952
13401.6000 0.2953
13406.6000 0.2954
13436.2000 0.2955
13445.4000 0.2956
13458.8000 0.2957
13474.0000 0.2958
13484.8000 0.2959
13485.7000 0.2960
13490.6000 0.2961
13501.5000 0.2962
13508.6000 0.2964
13508.7000 0.2965
13510.5000 0.2966
13515.4000 0.2967
13525.1000 0.2968
13543.6000 0.2969
13609.4000 0.2970
13655.3000 0.2971
13658.7000 0.2972
13678.9000 0.2973
13711.3000 0.2974
13721.1000 0.2975
13726.4000 0.2976
13752.5000 0.2977
13762.7000 0.2978
13763.6000 0.2979
13796.6000 0.2980
13797.6000 0.2981
13831.1000 0.2982
13835.4000 0.2983
13840.2000 0.2984
13841.8000 0.2985
13845.0000 0.2986
13857.4000 0.2987
13857.7000 0.2989
13861.9000 0.2990
13881.9000 0.2991
13885.5000 0.2992
13885.5000 0.2993
13909.0000 0.2994
13910.4000 0.2995
13917.3000 0.2996
13929.2000 0.2997
13959.4000 0.2998
13985.8000 0.2999
14000.7000 0.3000
14023.3000 0.3001
14047.0000 0.3002
14064.5000 0.3003
14103.7000 0.3004
14121.9000 0.3005
14152.7000 0.3006
14166.8000 0.3007
14181.5000 0.3008
14196.6000 0.3009
14199.9000 0.3010
14206.5000 0.3011
14211.3000 0.3012
14213.5000 0.3014
14221.6000 0.3015
14221.7000 0.3016
14237.1000 0.3017
14240.7000 0.3018
14257.1000 0.3019
14280.6000 0.3020
14294.4000 0.3021
14307.2000 0.3022
14346.6000 0.3023
14371.3000 0.3024
14412.9000 0.3025
14415.8000 0.3026
14435.4000 0.3027
14480.2000 0.3028
14507.9000 0.3029
14532.8000 0.3030
14532.9000 0.3031
14535.5000 0.3032
14538.1000 0.3033
14546.8000 0.3034
14553.4000 0.3035
14639.8000 0.3036
14654.0000 0.3037
14676.9000 0.3039
14684.4000 0.3040
14723.0000 0.3041
14776.8000 0.3042
14778.3000 0.3043
14783.5000 0.3044
14790.0000 0.3045
14794.6000 0.3046
14809.6000 0.3047
14839.4000 0.3048
14891.3000 0.3049
14900.9000 0.3050
14904.1000 0.3051
14904.8000 0.3052
14919.8000 0.3053
14925.7000 0.3054
14941.7000 0.3055
14950.1000 0.3056
15012.5000 0.3057
15062.6000 0.3058
15107.9000 0.3059
15115.7000 0.3060
15130.9000 0.3061
15140.9000 0.3062
15153.7000 0.3064
15253.3000 0.3065
15257.3000 0.3066
15265.1000 0.3067
15275.6000 0.3068
15278.2000 0.3069
15306.6000 0.3070
15320.7000 0.3071
15414.6000 0.3072
15477.2000 0.3073
15510.4000 0.3074
15513.8000 0.3075
15559.7000 0.3076
15561.3000 0.3077
15596.3000 0.3078
15606.8000 0.3079
15611.0000 0.3080
15626.2000 0.3081
15631.8000 0.3082
15639.0000 0.3083
15655.5000 0.3084
15658.9000 0.3085
15659.3000 0.3086
15671.2000 0.3087
15692.8000 0.3089
15727.3000 0.3090
15744.6000 0.3091
15800.6000 0.3092
15804.5000 0.3093
15912.7000 0.3094
15916.4000 0.3095
15960.3000 0.3096
15973.9000 0.3097
15984.6000 0.3098
15997.3000 0.3099
16006.9000 0.3100
16033.0000 0.3101
16038.9000 0.3102
16052.4000 0.3103
16061.7000 0.3104
16112.6000 0.3105
16118.4000 0.3106
16137.0000 0.3107
16188.7000 0.3108
16228.7000 0.3109
16240.7000 0.3110
16261.2000 0.3111
16263.1000 0.3112
16264.7000 0.3114
16280.1000 0.3115
16320.1000 0.3116
16350.4000 0.3117
16356.7000 0.3118
16370.8000 0.3119
16385.7000 0.3120
16399.8000 0.3121
16496.9000 0.3122
16508.1000 0.3123
16524.4000 0.3124
16543.6000 0.3125
16544.4000 0.3126
16576.1000 0.3127
16626.8000 0.3128
16627.6000 0.3129
16636.8000 0.3130
16682.5000 0.3131
16701.9000 0.3132
16725.7000 0.3133
16737.5000 0.3134
16739.4000 0.3135
16808.6000 0.3136
16819.7000 0.3137
16907.1000 0.3139
16934.6000 0.3140
16986.9000 0.3141
16990.8000 0.3142
17026.1000 0.3143
17038.0000 0.3144
17038.2000 0.3145
17038.3000 0.3146
17067.0000 0.3147
17095.5000 0.3148
17176.2000 0.3149
17181.0000 0.3150
17195.1000 0.3151
17198.5000 0.3152
17256.7000 0.3153
17265.7000 0.3154
17267.3000 0.3155
17277.0000 0.3156
17305.5000 0.3157
17316.1000 0.3158
17320.1000 0.3159
17323.2000 0.3160
17355.5000 0.3161
17359.2000 0.3162
17360.8000 0.3164
17374.6000 0.3165
17443.9000 0.3166
17458.9000 0.3167
17460.1000 0.3168
17473.7000 0.3169
17476.8000 0.3170
17485.6000 0.3171
17509.5000 0.3172
17554.5000 0.3173
17564.5000 0.3174
17575.2000 0.3175
17575.9000 0.3176
17603.5000 0.3177
17605.9000 0.3178
17628.3000 0.3179
17646.1000 0.3180
17671.6000 0.3181
17682.5000 0.3182
17701.8000 0.3183
17731.3000 0.3184
17734.5000 0.3185
17796.7000 0.3186
17827.6000 0.3187
17832.7000 0.3189
17835.4000 0.3190
17852.1000 0.3191
17853.3000 0.3192
17890.1000 0.3193
17932.4000 0.3194
17974.2000 0.3195
17994.9000 0.3196
17996.8000 0.3197
18019.4000 0.3198
18024.8000 0.3199
18025.1000 0.3200
18067.3000 0.3201
18077.5000 0.3202
18109.0000 0.3203
18117.4000 0.3204
18147.7000 0.3205
18148.3000 0.3206
18152.7000 0.3207
18159.7000 0.3208
18205.7000 0.3209
18284.9000 0.3210
18331.1000 0.3211
18332.3000 0.3212
18335.8000 0.3214
18343.6000 0.3215
18375.5000 0.3216
18423.2000 0.3217
18424.4000 0.3218
18535.8000 0.3219
18548.4000 0.3220
18551.7000 0.3221
18553.5000 0.3222
18569.4000 0.3223
18619.0000 0.3224
18624.6000 0.3225
18731.6000 0.3226
18742.2000 0.3227
18819.6000 0.3228
18831.7000 0.3229
18896.0000 0.3230
18897.1000 0.3231
18941.1000 0.3232
19039.3000 0.3233
19140.2000 0.3234
19154.6000 0.3235
19183.4000 0.3236
19183.8000 0.3237
19216.6000 0.3239
19251.3000 0.3240
19271.7000 0.3241
19283.9000 0.3242
19287.7000 0.3243
19336.8000 0.3244
19426.8000 0.3245
19453.7000 0.3246
19462.6000 0.3247
19484.8000 0.3248
19654.5000 0.3249
19660.9000 0.3250
19724.7000 0.3251
19765.2000 0.3252
19811.7000 0.3253
19843.9000 0.3254
19853.0000 0.3255
19987.5000 0.3256
20015.5000 0.3257
20058.5000 0.3258
20113.5000 0.3259
20121.6000 0.3260
20184.1000 0.3261
20206.3000 0.3263
20250.3000 0.3264
20275.7000 0.3265
20501.2000 0.3266
20581.7000 0.3267
20683.0000 0.3268
20765.2000 0.3269
20936.0000 0.3270
20953.5000 0.3271
21011.9000 0.3272
21032.4000 0.3273
21057.0000 0.3274
21138.2000 0.3275
21180.3000 0.3276
21409.3000 0.3277
21426.8000 0.3278
21670.6000 0.3279
22348.6000 0.3280
23463.0000 0.3281
