# messageDelay  cumulativeProbability
5.0000 0.0002
5.0000 0.0003
5.0000 0.0005
5.0000 0.0007
5.0000 0.0009
5.0000 0.0010
5.0000 0.0012
5.0000 0.0014
5.0000 0.0016
5.0000 0.0017
5.0000 0.0019
5.0000 0.0021
5.0000 0.0023
5.0000 0.0024
100.0000 0.0026
217.9000 0.0028
237.2000 0.0030
243.1000 0.0031
262.6000 0.0033
308.8000 0.0035
324.8000 0.0036
354.6000 0.0038
363.2000 0.0040
390.5000 0.0042
412.5000 0.0043
461.2000 0.0045
471.2000 0.0047
483.6000 0.0049
488.9000 0.0050
499.1000 0.0052
502.2000 0.0054
502.4000 0.0056
530.3000 0.0057
570.8000 0.0059
588.1000 0.0061
599.0000 0.0063
605.1000 0.0064
610.5000 0.0066
611.7000 0.0068
615.3000 0.0069
625.2000 0.0071
628.4000 0.0073
657.9000 0.0075
661.6000 0.0076
677.4000 0.0078
689.7000 0.0080
692.3000 0.0082
711.0000 0.0083
723.9000 0.0085
731.5000 0.0087
741.4000 0.0089
786.3000 0.0090
811.8000 0.0092
847.9000 0.0094
863.0000 0.0095
883.2000 0.0097
885.0000 0.0099
898.7000 0.0101
911.5000 0.0102
913.0000 0.0104
918.1000 0.0106
920.4000 0.0108
949.5000 0.0109
964.0000 0.0111
974.7000 0.0113
998.2000 0.0115
1016.3000 0.0116
1017.6000 0.0118
1022.8000 0.0120
1024.4000 0.0122
1033.5000 0.0123
1040.6000 0.0125
1052.3000 0.0127
1064.5000 0.0128
1070.3000 0.0130
1076.4000 0.0132
1086.4000 0.0134
1092.3000 0.0135
1096.8000 0.0137
1103.7000 0.0139
1106.6000 0.0141
1139.5000 0.0142
1140.2000 0.0144
1145.6000 0.0146
1153.8000 0.0148
1153.9000 0.0149
1154.6000 0.0151
1167.6000 0.0153
1173.7000 0.0155
1177.8000 0.0156
1200.6000 0.0158
1205.8000 0.0160
1212.2000 0.0161
1244.7000 0.0163
1245.3000 0.0165
1247.7000 0.0167
1282.6000 0.0168
1286.8000 0.0170
1301.1000 0.0172
1301.9000 0.0174
1304.5000 0.0175
1313.9000 0.0177
1345.2000 0.0179
1351.5000 0.0181
1352.4000 0.0182
1359.5000 0.0184
1367.4000 0.0186
1368.7000 0.0187
1384.8000 0.0189
1387.3000 0.0191
1404.7000 0.0193
1409.4000 0.0194
1425.6000 0.0196
1430.2000 0.0198
1436.8000 0.0200
1438.2000 0.0201
1453.6000 0.0203
1482.5000 0.0205
1489.3000 0.0207
1496.5000 0.0208
1497.0000 0.0210
1500.4000 0.0212
1520.0000 0.0214
1525.2000 0.0215
1529.2000 0.0217
1535.2000 0.0219
1550.1000 0.0220
1556.6000 0.0222
1564.0000 0.0224
1567.9000 0.0226
1572.8000 0.0227
1573.8000 0.0229
1581.4000 0.0231
1591.6000 0.0233
1597.3000 0.0234
1603.5000 0.0236
1626.2000 0.0238
1632.9000 0.0240
1633.7000 0.0241
1636.6000 0.0243
1657.5000 0.0245
1681.9000 0.0247
1689.2000 0.0248
1709.3000 0.0250
1717.3000 0.0252
1718.5000 0.0253
1726.6000 0.0255
1731.8000 0.0257
1739.5000 0.0259
1753.2000 0.0260
1761.6000 0.0262
1765.8000 0.0264
1769.9000 0.0266
1787.2000 0.0267
1792.2000 0.0269
1792.7000 0.0271
1796.6000 0.0273
1801.6000 0.0274
1805.7000 0.0276
1813.9000 0.0278
1814.0000 0.0280
1814.1000 0.0281
1822.4000 0.0283
1822.9000 0.0285
1827.3000 0.0286
1827.8000 0.0288
1828.8000 0.0290
1868.6000 0.0292
1877.5000 0.0293
1882.8000 0.0295
1886.5000 0.0297
1898.3000 0.0299
1906.1000 0.0300
1912.5000 0.0302
1918.7000 0.0304
1922.1000 0.0306
1922.6000 0.0307
1924.7000 0.0309
1933.1000 0.0311
1934.5000 0.0312
1935.3000 0.0314
1936.6000 0.0316
1937.2000 0.0318
1942.2000 0.0319
1947.2000 0.0321
1948.5000 0.0323
1954.8000 0.0325
1959.0000 0.0326
1976.6000 0.0328
1977.7000 0.0330
1983.5000 0.0332
1991.7000 0.0333
1993.0000 0.0335
2005.8000 0.0337
2009.4000 0.0339
2011.6000 0.0340
2014.4000 0.0342
2024.8000 0.0344
2029.7000 0.0345
2031.7000 0.0347
2039.6000 0.0349
2058.2000 0.0351
2070.7000 0.0352
2080.6000 0.0354
2093.0000 0.0356
2093.5000 0.0358
2094.2000 0.0359
2097.7000 0.0361
2098.7000 0.0363
2099.1000 0.0365
2112.5000 0.0366
2116.9000 0.0368
2138.9000 0.0370
2154.9000 0.0372
2166.5000 0.0373
2185.9000 0.0375
2191.4000 0.0377
2192.9000 0.0378
2206.4000 0.0380
2209.5000 0.0382
2211.1000 0.0384
2214.5000 0.0385
2237.1000 0.0387
2250.5000 0.0389
2253.5000 0.0391
2254.4000 0.0392
2255.4000 0.0394
2256.6000 0.0396
2265.5000 0.0398
2276.3000 0.0399
2287.6000 0.0401
2293.8000 0.0403
2303.9000 0.0405
2306.7000 0.0406
2306.8000 0.0408
2311.6000 0.0410
2312.3000 0.0411
2319.7000 0.0413
2321.5000 0.0415
2321.7000 0.0417
2324.4000 0.0418
2341.3000 0.0420
2346.7000 0.0422
2346.7000 0.0424
2350.8000 0.0425
2351.0000 0.0427
2356.2000 0.0429
2361.1000 0.0431
2382.5000 0.0432
2383.1000 0.0434
2384.6000 0.0436
2391.1000 0.0437
2392.4000 0.0439
2406.7000 0.0441
2412.6000 0.0443
2425.2000 0.0444
2430.3000 0.0446
2431.4000 0.0448
2437.5000 0.0450
2437.7000 0.0451
2442.2000 0.0453
2443.6000 0.0455
2448.9000 0.0457
2453.1000 0.0458
2456.1000 0.0460
2484.5000 0.0462
2501.4000 0.0464
2534.7000 0.0465
2550.8000 0.0467
2553.8000 0.0469
2561.4000 0.0470
2573.4000 0.0472
2584.7000 0.0474
2596.7000 0.0476
2612.4000 0.0477
2626.7000 0.0479
2642.2000 0.0481
2642.8000 0.0483
2643.4000 0.0484
2645.2000 0.0486
2656.2000 0.0488
2661.5000 0.0490
2676.5000 0.0491
2680.8000 0.0493
2695.7000 0.0495
2710.5000 0.0497
2714.5000 0.0498
2726.7000 0.0500
2732.8000 0.0502
2736.4000 0.0503
2736.5000 0.0505
2758.3000 0.0507
2772.6000 0.0509
2772.9000 0.0510
2787.3000 0.0512
2793.1000 0.0514
2793.7000 0.0516
2798.4000 0.0517
2798.4000 0.0519
2799.1000 0.0521
2802.1000 0.0523
2811.2000 0.0524
2811.7000 0.0526
2811.8000 0.0528
2829.6000 0.0530
2847.7000 0.0531
2857.3000 0.0533
2866.7000 0.0535
2866.9000 0.0536
2871.4000 0.0538
2878.5000 0.0540
2915.4000 0.0542
2919.2000 0.0543
2929.4000 0.0545
2933.8000 0.0547
2946.9000 0.0549
2952.3000 0.0550
2957.9000 0.0552
2961.5000 0.0554
2962.6000 0.0556
2972.0000 0.0557
2989.2000 0.0559
3013.9000 0.0561
3021.4000 0.0562
3030.3000 0.0564
3032.8000 0.0566
3040.5000 0.0568
3041.9000 0.0569
3049.0000 0.0571
3057.2000 0.0573
3073.6000 0.0575
3078.9000 0.0576
3093.0000 0.0578
3095.6000 0.0580
3099.7000 0.0582
3133.1000 0.0583
3133.4000 0.0585
3138.9000 0.0587
3140.0000 0.0589
3147.7000 0.0590
3163.3000 0.0592
3179.5000 0.0594
3192.3000 0.0595
3196.8000 0.0597
3216.3000 0.0599
3217.2000 0.0601
3221.7000 0.0602
3235.0000 0.0604
3235.6000 0.0606
3244.7000 0.0608
3245.3000 0.0609
3247.5000 0.0611
3251.6000 0.0613
3257.1000 0.0615
3266.3000 0.0616
3286.9000 0.0618
3289.5000 0.0620
3291.7000 0.0622
3292.0000 0.0623
3292.8000 0.0625
3295.7000 0.0627
3314.5000 0.0628
3329.5000 0.0630
3331.9000 0.0632
3353.1000 0.0634
3354.1000 0.0635
3365.2000 0.0637
3369.0000 0.0639
3372.4000 0.0641
3377.6000 0.0642
3391.7000 0.0644
3403.6000 0.0646
3407.3000 0.0648
3413.9000 0.0649
3421.1000 0.0651
3446.1000 0.0653
3459.7000 0.0655
3460.4000 0.0656
3473.9000 0.0658
3477.8000 0.0660
3478.9000 0.0661
3486.7000 0.0663
3491.5000 0.0665
3505.8000 0.0667
3512.1000 0.0668
3512.7000 0.0670
3539.7000 0.0672
3541.4000 0.0674
3546.6000 0.0675
3562.6000 0.0677
3564.3000 0.0679
3564.3000 0.0681
3571.6000 0.0682
3582.3000 0.0684
3588.6000 0.0686
3608.6000 0.0687
3617.2000 0.0689
3624.2000 0.0691
3631.7000 0.0693
3639.6000 0.0694
3649.4000 0.0696
3652.9000 0.0698
3654.7000 0.0700
3674.8000 0.0701
3698.4000 0.0703
3699.6000 0.0705
3702.4000 0.0707
3702.9000 0.0708
3703.9000 0.0710
3709.6000 0.0712
3738.8000 0.0714
3739.8000 0.0715
3742.8000 0.0717
3746.9000 0.0719
3761.1000 0.0720
3762.2000 0.0722
3772.1000 0.0724
3787.6000 0.0726
3807.5000 0.0727
3815.4000 0.0729
3828.4000 0.0731
3838.8000 0.0733
3841.2000 0.0734
3841.6000 0.0736
3866.6000 0.0738
3876.1000 0.0740
3897.9000 0.0741
3902.6000 0.0743
3906.7000 0.0745
3916.5000 0.0747
3924.6000 0.0748
3945.8000 0.0750
3958.1000 0.0752
3961.5000 0.0753
3961.6000 0.0755
3967.3000 0.0757
3972.3000 0.0759
3981.5000 0.0760
3992.9000 0.0762
4018.5000 0.0764
4019.1000 0.0766
4052.4000 0.0767
4058.0000 0.0769
4062.1000 0.0771
4066.6000 0.0773
4076.3000 0.0774
4083.2000 0.0776
4112.3000 0.0778
4144.3000 0.0780
4149.3000 0.0781
4171.5000 0.0783
4195.3000 0.0785
4205.4000 0.0786
4208.6000 0.0788
4224.8000 0.0790
4234.7000 0.0792
4239.6000 0.0793
4252.0000 0.0795
4253.3000 0.0797
4283.5000 0.0799
4287.2000 0.0800
4318.1000 0.0802
4323.5000 0.0804
4347.3000 0.0806
4362.2000 0.0807
4364.5000 0.0809
4369.8000 0.0811
4384.7000 0.0812
4385.2000 0.0814
4407.8000 0.0816
4410.5000 0.0818
4424.0000 0.0819
4426.9000 0.0821
4427.7000 0.0823
4447.5000 0.0825
4456.4000 0.0826
4495.2000 0.0828
4496.4000 0.0830
4500.4000 0.0832
4541.7000 0.0833
4552.2000 0.0835
4567.2000 0.0837
4574.7000 0.0839
4584.8000 0.0840
4597.0000 0.0842
4598.2000 0.0844
4600.5000 0.0845
4601.8000 0.0847
4641.5000 0.0849
4653.1000 0.0851
4659.5000 0.0852
4667.3000 0.0854
4684.5000 0.0856
4687.2000 0.0858
4688.6000 0.0859
4691.5000 0.0861
4711.9000 0.0863
4714.6000 0.0865
4721.7000 0.0866
4751.7000 0.0868
4758.7000 0.0870
4775.5000 0.0872
4784.7000 0.0873
4790.2000 0.0875
4806.8000 0.0877
4814.6000 0.0878
4828.9000 0.0880
4848.9000 0.0882
4854.9000 0.0884
4857.0000 0.0885
4860.9000 0.0887
4873.4000 0.0889
4882.9000 0.0891
4884.1000 0.0892
4886.9000 0.0894
4921.7000 0.0896
4923.8000 0.0898
4933.0000 0.0899
4943.8000 0.0901
4949.0000 0.0903
4953.6000 0.0905
4968.8000 0.0906
4969.5000 0.0908
4970.0000 0.0910
4984.3000 0.0911
4991.7000 0.0913
5002.3000 0.0915
5005.9000 0.0917
5006.0000 0.0918
5041.5000 0.0920
5049.3000 0.0922
5054.9000 0.0924
5074.6000 0.0925
5077.7000 0.0927
5084.4000 0.0929
5091.1000 0.0931
5097.5000 0.0932
5102.2000 0.0934
5103.3000 0.0936
5106.3000 0.0937
5113.2000 0.0939
5116.4000 0.0941
5122.7000 0.0943
5128.9000 0.0944
5134.3000 0.0946
5143.1000 0.0948
5156.5000 0.0950
5178.6000 0.0951
5180.5000 0.0953
5182.8000 0.0955
5185.2000 0.0957
5200.0000 0.0958
5232.4000 0.0960
5243.5000 0.0962
5243.6000 0.0964
5244.8000 0.0965
5252.3000 0.0967
5254.8000 0.0969
5256.6000 0.0970
5268.7000 0.0972
5289.5000 0.0974
5331.4000 0.0976
5348.6000 0.0977
5353.8000 0.0979
5363.0000 0.0981
5374.1000 0.0983
5382.6000 0.0984
5387.0000 0.0986
5392.4000 0.0988
5392.9000 0.0990
5409.2000 0.0991
5409.6000 0.0993
5412.7000 0.0995
5418.8000 0.0997
5425.2000 0.0998
5426.7000 0.1000
5427.7000 0.1002
5437.8000 0.1003
5439.7000 0.1005
5490.2000 0.1007
5493.8000 0.1009
5517.9000 0.1010
5519.9000 0.1012
5557.9000 0.1014
5577.4000 0.1016
5577.6000 0.1017
5587.2000 0.1019
5595.6000 0.1021
5637.8000 0.1023
5648.3000 0.1024
5658.3000 0.1026
5666.2000 0.1028
5676.1000 0.1030
5679.4000 0.1031
5681.5000 0.1033
5684.0000 0.1035
5697.9000 0.1036
5730.4000 0.1038
5739.8000 0.1040
5757.7000 0.1042
5761.5000 0.1043
5767.5000 0.1045
5785.2000 0.1047
5786.1000 0.1049
5788.1000 0.1050
5801.4000 0.1052
5808.9000 0.1054
5817.4000 0.1056
5825.8000 0.1057
5841.8000 0.1059
5878.5000 0.1061
5878.9000 0.1062
5884.8000 0.1064
5893.0000 0.1066
5896.8000 0.1068
5923.0000 0.1069
5989.9000 0.1071
6002.1000 0.1073
6018.1000 0.1075
6026.8000 0.1076
6050.7000 0.1078
6054.2000 0.1080
6083.4000 0.1082
6110.5000 0.1083
6113.0000 0.1085
6113.0000 0.1087
6113.6000 0.1089
6134.0000 0.1090
6137.9000 0.1092
6145.8000 0.1094
6148.3000 0.1095
6162.7000 0.1097
6163.1000 0.1099
6167.5000 0.1101
6176.4000 0.1102
6178.5000 0.1104
6209.8000 0.1106
6210.3000 0.1108
6210.3000 0.1109
6232.9000 0.1111
6241.3000 0.1113
6250.6000 0.1115
6254.7000 0.1116
6266.8000 0.1118
6269.0000 0.1120
6308.1000 0.1122
6311.5000 0.1123
6335.7000 0.1125
6339.8000 0.1127
6341.1000 0.1128
6348.7000 0.1130
6393.1000 0.1132
6394.0000 0.1134
6407.6000 0.1135
6428.6000 0.1137
6431.7000 0.1139
6436.2000 0.1141
6442.4000 0.1142
6448.3000 0.1144
6470.7000 0.1146
6481.6000 0.1148
6485.3000 0.1149
6487.5000 0.1151
6499.1000 0.1153
6511.6000 0.1155
6514.0000 0.1156
6516.6000 0.1158
6519.6000 0.1160
6526.8000 0.1161
6527.0000 0.1163
6542.1000 0.1165
6547.9000 0.1167
6566.5000 0.1168
6569.5000 0.1170
6603.5000 0.1172
6607.7000 0.1174
6613.8000 0.1175
6618.4000 0.1177
6634.3000 0.1179
6651.4000 0.1181
6661.5000 0.1182
6671.3000 0.1184
6678.6000 0.1186
6711.7000 0.1187
6712.5000 0.1189
6716.3000 0.1191
6722.2000 0.1193
6762.2000 0.1194
6762.3000 0.1196
6762.9000 0.1198
6767.8000 0.1200
6792.2000 0.1201
6807.7000 0.1203
6818.5000 0.1205
6820.1000 0.1207
6842.8000 0.1208
6853.3000 0.1210
6872.7000 0.1212
6909.9000 0.1214
6931.9000 0.1215
6957.6000 0.1217
6959.7000 0.1219
6962.5000 0.1220
6967.8000 0.1222
6994.5000 0.1224
7002.2000 0.1226
7039.0000 0.1227
7042.4000 0.1229
7043.6000 0.1231
7064.0000 0.1233
7069.9000 0.1234
7082.3000 0.1236
7113.8000 0.1238
7140.5000 0.1240
7140.6000 0.1241
7188.2000 0.1243
7190.3000 0.1245
7192.7000 0.1247
7208.9000 0.1248
7220.8000 0.1250
7285.5000 0.1252
7288.2000 0.1253
7316.7000 0.1255
7321.4000 0.1257
7338.5000 0.1259
7352.2000 0.1260
7356.4000 0.1262
7398.6000 0.1264
7441.4000 0.1266
7443.6000 0.1267
7443.9000 0.1269
7454.7000 0.1271
7455.5000 0.1273
7473.0000 0.1274
7480.7000 0.1276
7486.5000 0.1278
7490.5000 0.1280
7509.5000 0.1281
7540.8000 0.1283
7548.0000 0.1285
7558.9000 0.1286
7581.6000 0.1288
7608.6000 0.1290
7612.9000 0.1292
7614.8000 0.1293
7618.2000 0.1295
7657.3000 0.1297
7661.7000 0.1299
7672.3000 0.1300
7676.3000 0.1302
7687.1000 0.1304
7705.3000 0.1306
7720.3000 0.1307
7742.9000 0.1309
7755.7000 0.1311
7757.3000 0.1312
7777.7000 0.1314
7803.8000 0.1316
7811.7000 0.1318
7816.4000 0.1319
7829.1000 0.1321
7833.5000 0.1323
7837.2000 0.1325
7855.2000 0.1326
7855.3000 0.1328
7862.5000 0.1330
7868.1000 0.1332
7880.2000 0.1333
7881.7000 0.1335
7883.5000 0.1337
7900.5000 0.1339
7912.2000 0.1340
7921.7000 0.1342
7923.4000 0.1344
7939.4000 0.1345
7963.9000 0.1347
7989.8000 0.1349
8018.9000 0.1351
8027.1000 0.1352
8028.3000 0.1354
8051.3000 0.1356
8055.5000 0.1358
8057.8000 0.1359
8062.5000 0.1361
8073.0000 0.1363
8096.4000 0.1365
8122.1000 0.1366
8139.3000 0.1368
8143.3000 0.1370
8152.9000 0.1372
8208.0000 0.1373
8209.9000 0.1375
8237.4000 0.1377
8291.5000 0.1378
8296.5000 0.1380
8301.8000 0.1382
8337.3000 0.1384
8366.8000 0.1385
8372.6000 0.1387
8382.6000 0.1389
8385.7000 0.1391
8454.7000 0.1392
8456.6000 0.1394
8457.4000 0.1396
8489.0000 0.1398
8492.8000 0.1399
8501.5000 0.1401
8506.4000 0.1403
8508.0000 0.1405
8519.6000 0.1406
8526.9000 0.1408
8544.0000 0.1410
8545.2000 0.1411
8546.2000 0.1413
8583.6000 0.1415
8584.7000 0.1417
8608.1000 0.1418
8608.9000 0.1420
8627.6000 0.1422
8656.4000 0.1424
8661.9000 0.1425
8665.4000 0.1427
8667.0000 0.1429
8669.1000 0.1431
8682.4000 0.1432
8708.3000 0.1434
8724.3000 0.1436
8739.2000 0.1437
8741.4000 0.1439
8745.0000 0.1441
8780.2000 0.1443
8786.7000 0.1444
8792.8000 0.1446
8801.9000 0.1448
8806.9000 0.1450
8813.1000 0.1451
8820.3000 0.1453
8831.5000 0.1455
8845.0000 0.1457
8855.3000 0.1458
8907.4000 0.1460
8913.1000 0.1462
8933.3000 0.1464
8947.0000 0.1465
8972.5000 0.1467
8996.3000 0.1469
8999.7000 0.1470
9009.0000 0.1472
9021.5000 0.1474
9022.3000 0.1476
9024.7000 0.1477
9034.0000 0.1479
9038.8000 0.1481
9075.0000 0.1483
9083.1000 0.1484
9133.8000 0.1486
9140.3000 0.1488
9154.7000 0.1490
9188.9000 0.1491
9198.0000 0.1493
9214.0000 0.1495
9222.2000 0.1497
9250.3000 0.1498
9254.7000 0.1500
9266.5000 0.1502
9270.8000 0.1503
9276.7000 0.1505
9279.3000 0.1507
9290.2000 0.1509
9291.7000 0.1510
9292.6000 0.1512
9305.9000 0.1514
9332.4000 0.1516
9332.9000 0.1517
9337.3000 0.1519
9349.9000 0.1521
9352.8000 0.1523
9371.2000 0.1524
9381.1000 0.1526
9383.1000 0.1528
9411.5000 0.1530
9442.6000 0.1531
9453.2000 0.1533
9462.7000 0.1535
9468.4000 0.1536
9487.0000 0.1538
9498.6000 0.1540
9548.1000 0.1542
9549.0000 0.1543
9595.0000 0.1545
9597.6000 0.1547
9611.3000 0.1549
9611.7000 0.1550
9663.8000 0.1552
9680.3000 0.1554
9697.1000 0.1556
9726.1000 0.1557
9733.2000 0.1559
9774.7000 0.1561
9808.3000 0.1562
9827.4000 0.1564
9830.2000 0.1566
9845.7000 0.1568
9854.7000 0.1569
9861.4000 0.1571
9876.5000 0.1573
9887.2000 0.1575
9892.9000 0.1576
9932.6000 0.1578
9934.0000 0.1580
9941.8000 0.1582
9964.0000 0.1583
9966.7000 0.1585
9972.7000 0.1587
9986.6000 0.1589
9992.6000 0.1590
10013.5000 0.1592
10018.9000 0.1594
10019.1000 0.1595
10054.0000 0.1597
10057.7000 0.1599
10059.5000 0.1601
10066.4000 0.1602
10082.9000 0.1604
10092.2000 0.1606
10116.8000 0.1608
10166.1000 0.1609
10178.2000 0.1611
10181.8000 0.1613
10185.0000 0.1615
10193.6000 0.1616
10222.6000 0.1618
10246.5000 0.1620
10264.7000 0.1622
10295.9000 0.1623
10306.4000 0.1625
10333.6000 0.1627
10341.3000 0.1628
10366.7000 0.1630
10370.8000 0.1632
10376.3000 0.1634
10401.8000 0.1635
10442.3000 0.1637
10451.7000 0.1639
10469.0000 0.1641
10501.3000 0.1642
10502.0000 0.1644
10504.2000 0.1646
10509.0000 0.1648
10556.7000 0.1649
10566.7000 0.1651
10579.5000 0.1653
10594.6000 0.1655
10620.0000 0.1656
10654.4000 0.1658
10660.4000 0.1660
10695.1000 0.1661
10702.4000 0.1663
10705.3000 0.1665
10706.7000 0.1667
10732.6000 0.1668
10744.0000 0.1670
10747.7000 0.1672
10768.1000 0.1674
10778.8000 0.1675
10780.4000 0.1677
10809.6000 0.1679
10816.6000 0.1681
10826.5000 0.1682
10826.6000 0.1684
10848.0000 0.1686
10868.0000 0.1687
10875.6000 0.1689
10883.9000 0.1691
10902.9000 0.1693
10915.8000 0.1694
10943.1000 0.1696
10955.1000 0.1698
10967.4000 0.1700
10973.9000 0.1701
10976.2000 0.1703
10990.2000 0.1705
11002.0000 0.1707
11002.9000 0.1708
11022.0000 0.1710
11036.6000 0.1712
11037.8000 0.1714
11052.6000 0.1715
11143.0000 0.1717
11149.2000 0.1719
11154.1000 0.1720
11174.1000 0.1722
11187.5000 0.1724
11214.3000 0.1726
11248.4000 0.1727
11248.9000 0.1729
11257.3000 0.1731
11261.0000 0.1733
11271.4000 0.1734
11272.6000 0.1736
11276.7000 0.1738
11278.3000 0.1740
11302.5000 0.1741
11327.3000 0.1743
11331.4000 0.1745
11403.0000 0.1747
11407.7000 0.1748
11417.9000 0.1750
11432.5000 0.1752
11448.1000 0.1753
11502.9000 0.1755
11563.8000 0.1757
11567.1000 0.1759
11578.9000 0.1760
11604.5000 0.1762
11636.5000 0.1764
11640.2000 0.1766
11657.9000 0.1767
11658.2000 0.1769
11724.7000 0.1771
11737.1000 0.1773
11741.5000 0.1774
11756.9000 0.1776
11777.6000 0.1778
11797.0000 0.1780
11814.7000 0.1781
11835.4000 0.1783
11839.8000 0.1785
11882.1000 0.1786
11917.9000 0.1788
11934.5000 0.1790
11937.2000 0.1792
11941.2000 0.1793
11941.5000 0.1795
11953.8000 0.1797
15805.0000 0.1799
16750.0000 0.1800
