# messageDelay  cumulativeProbability
1.0000 0.0001
1.0000 0.0002
1.0000 0.0003
1.0000 0.0004
1.0000 0.0005
1.0000 0.0006
1.0000 0.0007
1.0000 0.0008
1.0000 0.0009
1.0000 0.0010
1.0000 0.0011
1.0000 0.0013
1.0000 0.0014
1.0000 0.0015
1.0000 0.0016
1.0000 0.0017
1.0000 0.0018
1.0000 0.0019
1.0000 0.0020
1.0000 0.0021
1.0000 0.0022
1.0000 0.0023
1.1000 0.0024
1.1000 0.0025
1.6000 0.0026
53.6000 0.0027
59.6000 0.0028
70.2000 0.0029
88.6000 0.0030
111.5000 0.0031
116.3000 0.0032
118.5000 0.0033
123.7000 0.0034
124.6000 0.0035
130.6000 0.0036
131.8000 0.0037
137.8000 0.0039
137.9000 0.0040
139.8000 0.0041
141.3000 0.0042
147.8000 0.0043
149.8000 0.0044
161.6000 0.0045
162.2000 0.0046
163.9000 0.0047
164.1000 0.0048
164.6000 0.0049
167.2000 0.0050
167.9000 0.0051
167.9000 0.0052
168.2000 0.0053
168.4000 0.0054
171.3000 0.0055
171.3000 0.0056
174.8000 0.0057
175.5000 0.0058
176.4000 0.0059
179.9000 0.0060
185.1000 0.0061
187.8000 0.0062
189.2000 0.0064
189.5000 0.0065
191.5000 0.0066
192.1000 0.0067
197.0000 0.0068
197.6000 0.0069
197.8000 0.0070
200.3000 0.0071
201.3000 0.0072
202.7000 0.0073
203.8000 0.0074
206.5000 0.0075
207.7000 0.0076
209.2000 0.0077
209.2000 0.0078
210.3000 0.0079
210.5000 0.0080
215.3000 0.0081
215.4000 0.0082
217.2000 0.0083
218.1000 0.0084
218.6000 0.0085
218.9000 0.0086
219.7000 0.0087
221.9000 0.0089
222.6000 0.0090
224.0000 0.0091
225.2000 0.0092
225.5000 0.0093
233.3000 0.0094
234.0000 0.0095
235.9000 0.0096
236.3000 0.0097
236.7000 0.0098
239.3000 0.0099
240.2000 0.0100
241.1000 0.0101
241.8000 0.0102
246.1000 0.0103
246.4000 0.0104
247.6000 0.0105
250.5000 0.0106
251.0000 0.0107
253.9000 0.0108
257.5000 0.0109
258.5000 0.0110
261.4000 0.0111
268.3000 0.0113
271.4000 0.0114
271.5000 0.0115
273.4000 0.0116
274.6000 0.0117
278.1000 0.0118
279.2000 0.0119
285.0000 0.0120
285.0000 0.0121
285.6000 0.0122
287.7000 0.0123
288.2000 0.0124
289.1000 0.0125
291.9000 0.0126
292.3000 0.0127
293.9000 0.0128
295.9000 0.0129
296.3000 0.0130
298.0000 0.0131
298.7000 0.0132
305.6000 0.0133
307.6000 0.0134
308.6000 0.0135
311.1000 0.0136
311.5000 0.0138
319.6000 0.0139
324.1000 0.0140
325.9000 0.0141
326.0000 0.0142
327.1000 0.0143
332.6000 0.0144
333.3000 0.0145
333.5000 0.0146
338.8000 0.0147
339.4000 0.0148
341.7000 0.0149
342.2000 0.0150
344.5000 0.0151
344.8000 0.0152
351.3000 0.0153
352.1000 0.0154
352.6000 0.0155
357.8000 0.0156
358.6000 0.0157
359.6000 0.0158
360.2000 0.0159
361.7000 0.0160
365.6000 0.0161
366.9000 0.0163
367.2000 0.0164
370.4000 0.0165
375.9000 0.0166
376.5000 0.0167
380.7000 0.0168
381.6000 0.0169
383.8000 0.0170
385.4000 0.0171
390.5000 0.0172
392.7000 0.0173
393.7000 0.0174
396.2000 0.0175
396.6000 0.0176
398.4000 0.0177
399.0000 0.0178
399.2000 0.0179
399.4000 0.0180
399.9000 0.0181
400.7000 0.0182
404.0000 0.0183
404.9000 0.0184
409.3000 0.0185
412.1000 0.0186
412.7000 0.0188
414.3000 0.0189
420.2000 0.0190
420.6000 0.0191
420.7000 0.0192
423.2000 0.0193
423.4000 0.0194
423.7000 0.0195
426.3000 0.0196
428.4000 0.0197
428.5000 0.0198
434.6000 0.0199
436.2000 0.0200
437.6000 0.0201
439.6000 0.0202
443.3000 0.0203
449.7000 0.0204
450.5000 0.0205
450.6000 0.0206
453.2000 0.0207
457.8000 0.0208
458.2000 0.0209
458.8000 0.0210
460.9000 0.0211
461.7000 0.0212
463.2000 0.0214
463.6000 0.0215
465.4000 0.0216
466.1000 0.0217
467.1000 0.0218
467.3000 0.0219
467.4000 0.0220
468.0000 0.0221
470.4000 0.0222
471.3000 0.0223
475.7000 0.0224
479.2000 0.0225
479.8000 0.0226
480.7000 0.0227
480.9000 0.0228
481.9000 0.0229
482.3000 0.0230
482.8000 0.0231
483.5000 0.0232
483.7000 0.0233
486.1000 0.0234
486.3000 0.0235
488.1000 0.0236
490.9000 0.0237
492.5000 0.0239
496.5000 0.0240
497.6000 0.0241
500.8000 0.0242
501.7000 0.0243
503.0000 0.0244
509.2000 0.0245
510.1000 0.0246
513.0000 0.0247
513.3000 0.0248
516.7000 0.0249
518.2000 0.0250
520.3000 0.0251
520.8000 0.0252
521.2000 0.0253
521.4000 0.0254
522.0000 0.0255
522.8000 0.0256
528.9000 0.0257
529.6000 0.0258
531.8000 0.0259
532.5000 0.0260
535.9000 0.0261
536.8000 0.0262
537.6000 0.0264
538.5000 0.0265
538.9000 0.0266
539.1000 0.0267
540.8000 0.0268
547.5000 0.0269
551.2000 0.0270
551.4000 0.0271
551.9000 0.0272
552.2000 0.0273
557.7000 0.0274
558.8000 0.0275
559.1000 0.0276
560.3000 0.0277
561.0000 0.0278
561.4000 0.0279
561.8000 0.0280
565.0000 0.0281
567.9000 0.0282
568.8000 0.0283
570.5000 0.0284
572.2000 0.0285
572.2000 0.0286
573.5000 0.0287
573.5000 0.0289
575.9000 0.0290
576.0000 0.0291
576.2000 0.0292
576.6000 0.0293
576.8000 0.0294
578.3000 0.0295
579.5000 0.0296
579.9000 0.0297
580.5000 0.0298
581.0000 0.0299
581.7000 0.0300
583.9000 0.0301
584.8000 0.0302
585.5000 0.0303
585.7000 0.0304
594.3000 0.0305
594.5000 0.0306
594.6000 0.0307
595.7000 0.0308
596.5000 0.0309
597.1000 0.0310
598.6000 0.0311
599.6000 0.0312
602.4000 0.0314
602.7000 0.0315
603.5000 0.0316
607.0000 0.0317
607.1000 0.0318
609.0000 0.0319
610.6000 0.0320
612.8000 0.0321
614.0000 0.0322
614.3000 0.0323
615.5000 0.0324
616.8000 0.0325
617.1000 0.0326
617.7000 0.0327
619.4000 0.0328
619.4000 0.0329
621.2000 0.0330
622.3000 0.0331
623.0000 0.0332
624.4000 0.0333
624.6000 0.0334
627.7000 0.0335
627.7000 0.0336
627.8000 0.0337
631.7000 0.0339
632.2000 0.0340
633.1000 0.0341
635.4000 0.0342
641.4000 0.0343
641.5000 0.0344
643.7000 0.0345
644.0000 0.0346
647.0000 0.0347
648.8000 0.0348
651.9000 0.0349
653.1000 0.0350
654.7000 0.0351
657.1000 0.0352
657.7000 0.0353
659.6000 0.0354
662.2000 0.0355
663.6000 0.0356
664.1000 0.0357
664.9000 0.0358
664.9000 0.0359
666.4000 0.0360
669.2000 0.0361
671.3000 0.0362
672.0000 0.0364
675.2000 0.0365
675.9000 0.0366
676.6000 0.0367
677.4000 0.0368
678.9000 0.0369
680.3000 0.0370
683.8000 0.0371
686.5000 0.0372
687.5000 0.0373
689.5000 0.0374
689.5000 0.0375
690.5000 0.0376
690.7000 0.0377
691.0000 0.0378
692.5000 0.0379
694.2000 0.0380
695.5000 0.0381
695.8000 0.0382
696.8000 0.0383
697.1000 0.0384
697.5000 0.0385
699.2000 0.0386
700.4000 0.0388
700.6000 0.0389
700.9000 0.0390
701.0000 0.0391
701.4000 0.0392
703.7000 0.0393
707.3000 0.0394
708.1000 0.0395
709.1000 0.0396
709.4000 0.0397
709.8000 0.0398
710.4000 0.0399
710.5000 0.0400
713.3000 0.0401
714.1000 0.0402
715.7000 0.0403
715.9000 0.0404
717.5000 0.0405
719.0000 0.0406
720.7000 0.0407
723.6000 0.0408
727.8000 0.0409
728.4000 0.0410
728.7000 0.0411
729.6000 0.0413
732.7000 0.0414
732.8000 0.0415
734.7000 0.0416
734.7000 0.0417
736.3000 0.0418
737.6000 0.0419
738.7000 0.0420
740.1000 0.0421
740.2000 0.0422
740.5000 0.0423
740.9000 0.0424
741.3000 0.0425
742.2000 0.0426
744.4000 0.0427
746.0000 0.0428
747.9000 0.0429
749.6000 0.0430
751.7000 0.0431
751.8000 0.0432
752.9000 0.0433
755.5000 0.0434
756.7000 0.0435
758.1000 0.0436
758.6000 0.0438
761.5000 0.0439
764.9000 0.0440
765.5000 0.0441
766.0000 0.0442
768.6000 0.0443
769.0000 0.0444
769.6000 0.0445
771.3000 0.0446
774.2000 0.0447
774.4000 0.0448
775.4000 0.0449
775.9000 0.0450
776.0000 0.0451
778.4000 0.0452
778.6000 0.0453
778.8000 0.0454
782.4000 0.0455
783.5000 0.0456
783.8000 0.0457
783.9000 0.0458
788.8000 0.0459
789.2000 0.0460
789.4000 0.0461
791.3000 0.0463
793.9000 0.0464
796.5000 0.0465
796.6000 0.0466
798.0000 0.0467
798.7000 0.0468
799.3000 0.0469
801.2000 0.0470
801.4000 0.0471
803.3000 0.0472
804.8000 0.0473
807.7000 0.0474
809.8000 0.0475
809.9000 0.0476
812.1000 0.0477
812.8000 0.0478
815.1000 0.0479
815.9000 0.0480
819.9000 0.0481
820.8000 0.0482
822.5000 0.0483
824.8000 0.0484
825.1000 0.0485
828.0000 0.0486
828.1000 0.0488
828.4000 0.0489
829.8000 0.0490
829.9000 0.0491
831.3000 0.0492
836.1000 0.0493
836.2000 0.0494
836.3000 0.0495
836.6000 0.0496
837.5000 0.0497
840.4000 0.0498
841.9000 0.0499
843.8000 0.0500
848.4000 0.0501
848.7000 0.0502
849.2000 0.0503
851.4000 0.0504
853.5000 0.0505
854.3000 0.0506
854.4000 0.0507
854.5000 0.0508
857.2000 0.0509
859.6000 0.0510
860.9000 0.0511
861.2000 0.0513
862.0000 0.0514
863.6000 0.0515
864.4000 0.0516
865.7000 0.0517
867.6000 0.0518
868.1000 0.0519
869.5000 0.0520
869.9000 0.0521
871.0000 0.0522
872.2000 0.0523
873.6000 0.0524
874.8000 0.0525
875.4000 0.0526
878.0000 0.0527
878.3000 0.0528
878.9000 0.0529
879.0000 0.0530
880.3000 0.0531
880.6000 0.0532
881.3000 0.0533
881.7000 0.0534
882.3000 0.0535
882.6000 0.0536
883.0000 0.0538
885.6000 0.0539
886.8000 0.0540
887.4000 0.0541
887.6000 0.0542
890.0000 0.0543
893.9000 0.0544
894.4000 0.0545
896.0000 0.0546
896.5000 0.0547
899.8000 0.0548
903.6000 0.0549
904.0000 0.0550
906.8000 0.0551
908.0000 0.0552
908.8000 0.0553
909.4000 0.0554
910.1000 0.0555
910.4000 0.0556
911.2000 0.0557
911.8000 0.0558
912.2000 0.0559
914.3000 0.0560
914.4000 0.0561
916.4000 0.0563
916.6000 0.0564
917.8000 0.0565
918.6000 0.0566
918.7000 0.0567
919.5000 0.0568
920.0000 0.0569
921.0000 0.0570
921.0000 0.0571
921.8000 0.0572
925.5000 0.0573
928.6000 0.0574
928.7000 0.0575
930.2000 0.0576
932.4000 0.0577
932.4000 0.0578
932.9000 0.0579
933.3000 0.0580
935.9000 0.0581
938.8000 0.0582
939.5000 0.0583
939.6000 0.0584
940.0000 0.0585
940.2000 0.0586
940.7000 0.0588
940.8000 0.0589
942.6000 0.0590
943.8000 0.0591
945.3000 0.0592
945.8000 0.0593
947.8000 0.0594
949.7000 0.0595
950.3000 0.0596
951.0000 0.0597
951.4000 0.0598
952.8000 0.0599
955.0000 0.0600
957.2000 0.0601
958.0000 0.0602
959.4000 0.0603
959.5000 0.0604
960.3000 0.0605
962.6000 0.0606
962.6000 0.0607
965.3000 0.0608
966.9000 0.0609
969.6000 0.0610
975.3000 0.0611
975.6000 0.0613
977.9000 0.0614
977.9000 0.0615
978.6000 0.0616
979.2000 0.0617
979.5000 0.0618
980.2000 0.0619
982.1000 0.0620
982.9000 0.0621
983.0000 0.0622
983.8000 0.0623
986.1000 0.0624
986.3000 0.0625
987.7000 0.0626
988.7000 0.0627
989.7000 0.0628
991.5000 0.0629
992.7000 0.0630
993.2000 0.0631
993.4000 0.0632
993.8000 0.0633
994.1000 0.0634
994.5000 0.0635
998.2000 0.0636
998.3000 0.0638
1001.3000 0.0639
1004.0000 0.0640
1004.6000 0.0641
1006.3000 0.0642
1010.1000 0.0643
1012.1000 0.0644
1013.3000 0.0645
1014.6000 0.0646
1016.1000 0.0647
1016.3000 0.0648
1019.6000 0.0649
1022.5000 0.0650
1023.4000 0.0651
1023.4000 0.0652
1023.6000 0.0653
1023.7000 0.0654
1023.9000 0.0655
1024.7000 0.0656
1025.0000 0.0657
1026.8000 0.0658
1027.5000 0.0659
1030.5000 0.0660
1030.9000 0.0661
1031.8000 0.0663
1032.1000 0.0664
1032.7000 0.0665
1033.8000 0.0666
1034.8000 0.0667
1036.6000 0.0668
1036.6000 0.0669
1037.0000 0.0670
1042.4000 0.0671
1045.4000 0.0672
1046.0000 0.0673
1046.6000 0.0674
1047.3000 0.0675
1047.4000 0.0676
1047.8000 0.0677
1048.6000 0.0678
1051.1000 0.0679
1052.6000 0.0680
1053.2000 0.0681
1056.4000 0.0682
1058.0000 0.0683
1059.9000 0.0684
1062.4000 0.0685
1062.6000 0.0686
1063.0000 0.0688
1069.5000 0.0689
1069.8000 0.0690
1070.4000 0.0691
1070.7000 0.0692
1070.8000 0.0693
1071.9000 0.0694
1073.1000 0.0695
1073.3000 0.0696
1073.9000 0.0697
1074.2000 0.0698
1076.7000 0.0699
1078.8000 0.0700
1079.7000 0.0701
1081.9000 0.0702
1082.8000 0.0703
1082.9000 0.0704
1086.4000 0.0705
1089.0000 0.0706
1094.2000 0.0707
1096.7000 0.0708
1097.8000 0.0709
1100.0000 0.0710
1101.0000 0.0711
1101.4000 0.0713
1102.7000 0.0714
1103.2000 0.0715
1103.3000 0.0716
1105.3000 0.0717
1106.9000 0.0718
1108.1000 0.0719
1110.5000 0.0720
1110.7000 0.0721
1110.9000 0.0722
1111.1000 0.0723
1112.2000 0.0724
1115.7000 0.0725
1116.3000 0.0726
1116.8000 0.0727
1119.6000 0.0728
1119.9000 0.0729
1121.6000 0.0730
1122.0000 0.0731
1123.5000 0.0732
1123.6000 0.0733
1123.8000 0.0734
1126.5000 0.0735
1127.7000 0.0736
1130.7000 0.0738
1130.9000 0.0739
1131.8000 0.0740
1135.7000 0.0741
1136.4000 0.0742
1136.9000 0.0743
1138.1000 0.0744
1138.6000 0.0745
1141.9000 0.0746
1143.3000 0.0747
1145.0000 0.0748
1145.3000 0.0749
1146.4000 0.0750
1146.9000 0.0751
1147.6000 0.0752
1149.1000 0.0753
1149.3000 0.0754
1149.6000 0.0755
1149.6000 0.0756
1151.4000 0.0757
1153.7000 0.0758
1156.6000 0.0759
1157.4000 0.0760
1157.5000 0.0761
1158.1000 0.0763
1160.8000 0.0764
1161.2000 0.0765
1163.0000 0.0766
1163.9000 0.0767
1164.5000 0.0768
1165.2000 0.0769
1165.3000 0.0770
1166.7000 0.0771
1167.3000 0.0772
1168.3000 0.0773
1169.4000 0.0774
1171.6000 0.0775
1172.3000 0.0776
1176.0000 0.0777
1179.4000 0.0778
1185.2000 0.0779
1187.0000 0.0780
1187.7000 0.0781
1189.3000 0.0782
1189.4000 0.0783
1190.3000 0.0784
1191.0000 0.0785
1191.7000 0.0786
1192.2000 0.0788
1192.4000 0.0789
1194.5000 0.0790
1195.1000 0.0791
1195.9000 0.0792
1197.4000 0.0793
1199.2000 0.0794
1200.6000 0.0795
1202.9000 0.0796
1204.8000 0.0797
1205.3000 0.0798
1205.5000 0.0799
1206.2000 0.0800
1206.2000 0.0801
1208.4000 0.0802
1209.1000 0.0803
1210.1000 0.0804
1212.4000 0.0805
1212.6000 0.0806
1213.6000 0.0807
1213.8000 0.0808
1226.1000 0.0809
1227.3000 0.0810
1227.4000 0.0811
1227.7000 0.0813
1228.1000 0.0814
1233.3000 0.0815
1233.6000 0.0816
1237.0000 0.0817
1238.3000 0.0818
1238.3000 0.0819
1240.8000 0.0820
1242.7000 0.0821
1243.6000 0.0822
1245.6000 0.0823
1246.2000 0.0824
1248.0000 0.0825
1249.0000 0.0826
1249.2000 0.0827
1249.8000 0.0828
1250.3000 0.0829
1250.6000 0.0830
1251.2000 0.0831
1255.7000 0.0832
1255.8000 0.0833
1257.7000 0.0834
1261.6000 0.0835
1262.8000 0.0836
1267.0000 0.0838
1268.9000 0.0839
1271.0000 0.0840
1271.3000 0.0841
1278.6000 0.0842
1279.5000 0.0843
1280.8000 0.0844
1281.1000 0.0845
1281.7000 0.0846
1281.8000 0.0847
1282.0000 0.0848
1282.4000 0.0849
1282.5000 0.0850
1285.1000 0.0851
1286.1000 0.0852
1286.1000 0.0853
1286.4000 0.0854
1288.2000 0.0855
1292.4000 0.0856
1294.0000 0.0857
1294.8000 0.0858
1297.1000 0.0859
1302.9000 0.0860
1304.7000 0.0861
1306.6000 0.0863
1308.6000 0.0864
1309.1000 0.0865
1311.5000 0.0866
1313.0000 0.0867
1315.6000 0.0868
1316.2000 0.0869
1316.7000 0.0870
1317.4000 0.0871
1317.6000 0.0872
1319.8000 0.0873
1320.5000 0.0874
1321.7000 0.0875
1322.8000 0.0876
1324.8000 0.0877
1324.9000 0.0878
1325.1000 0.0879
1325.3000 0.0880
1325.8000 0.0881
1327.0000 0.0882
1333.4000 0.0883
1334.5000 0.0884
1334.6000 0.0885
1335.5000 0.0886
1341.4000 0.0888
1345.5000 0.0889
1345.5000 0.0890
1348.1000 0.0891
1348.6000 0.0892
1348.9000 0.0893
1350.2000 0.0894
1351.2000 0.0895
1352.3000 0.0896
1355.6000 0.0897
1356.3000 0.0898
1361.4000 0.0899
1361.6000 0.0900
1361.7000 0.0901
1365.4000 0.0902
1366.7000 0.0903
1368.4000 0.0904
1369.8000 0.0905
1370.5000 0.0906
1370.7000 0.0907
1370.9000 0.0908
1373.0000 0.0909
1373.0000 0.0910
1374.5000 0.0911
1374.7000 0.0913
1374.9000 0.0914
1375.3000 0.0915
1377.0000 0.0916
1377.4000 0.0917
1377.9000 0.0918
1383.6000 0.0919
1386.9000 0.0920
1389.1000 0.0921
1391.0000 0.0922
1391.5000 0.0923
1391.6000 0.0924
1391.7000 0.0925
1391.7000 0.0926
1394.1000 0.0927
1395.8000 0.0928
1397.5000 0.0929
1398.1000 0.0930
1398.4000 0.0931
1399.1000 0.0932
1400.2000 0.0933
1401.7000 0.0934
1401.7000 0.0935
1403.2000 0.0936
1405.5000 0.0938
1406.3000 0.0939
1406.5000 0.0940
1407.1000 0.0941
1410.3000 0.0942
1414.3000 0.0943
1415.1000 0.0944
1416.5000 0.0945
1418.2000 0.0946
1419.8000 0.0947
1422.9000 0.0948
1423.2000 0.0949
1425.6000 0.0950
1430.0000 0.0951
1430.0000 0.0952
1432.6000 0.0953
1433.4000 0.0954
1433.5000 0.0955
1434.2000 0.0956
1434.6000 0.0957
1436.5000 0.0958
1438.1000 0.0959
1439.6000 0.0960
1443.2000 0.0961
1443.5000 0.0963
1444.7000 0.0964
1446.1000 0.0965
1446.5000 0.0966
1450.1000 0.0967
1450.5000 0.0968
1452.5000 0.0969
1460.7000 0.0970
1461.4000 0.0971
1462.5000 0.0972
1463.6000 0.0973
1464.8000 0.0974
1465.3000 0.0975
1465.7000 0.0976
1467.9000 0.0977
1471.8000 0.0978
1472.0000 0.0979
1474.0000 0.0980
1474.3000 0.0981
1476.7000 0.0982
1479.6000 0.0983
1484.1000 0.0984
1485.0000 0.0985
1487.7000 0.0986
1489.1000 0.0988
1490.4000 0.0989
1492.1000 0.0990
1493.7000 0.0991
1494.4000 0.0992
1497.3000 0.0993
1498.7000 0.0994
1498.9000 0.0995
1500.9000 0.0996
1506.1000 0.0997
1506.4000 0.0998
1507.6000 0.0999
1509.6000 0.1000
1515.1000 0.1001
1515.6000 0.1002
1516.6000 0.1003
1517.7000 0.1004
1518.4000 0.1005
1518.4000 0.1006
1519.1000 0.1007
1525.9000 0.1008
1526.4000 0.1009
1526.6000 0.1010
1527.6000 0.1011
1527.9000 0.1013
1528.5000 0.1014
1530.9000 0.1015
1531.2000 0.1016
1532.0000 0.1017
1534.5000 0.1018
1537.5000 0.1019
1542.8000 0.1020
1543.2000 0.1021
1543.5000 0.1022
1543.9000 0.1023
1545.6000 0.1024
1550.8000 0.1025
1552.8000 0.1026
1555.6000 0.1027
1556.0000 0.1028
1560.0000 0.1029
1562.5000 0.1030
1564.2000 0.1031
1564.9000 0.1032
1567.4000 0.1033
1571.7000 0.1034
1572.1000 0.1035
1581.9000 0.1036
1583.8000 0.1038
1584.6000 0.1039
1584.9000 0.1040
1586.3000 0.1041
1587.3000 0.1042
1588.0000 0.1043
1588.2000 0.1044
1592.6000 0.1045
1593.6000 0.1046
1595.3000 0.1047
1597.4000 0.1048
1598.3000 0.1049
1598.4000 0.1050
1602.7000 0.1051
1603.8000 0.1052
1605.2000 0.1053
1608.1000 0.1054
1613.2000 0.1055
1613.4000 0.1056
1614.2000 0.1057
1617.6000 0.1058
1618.0000 0.1059
1627.5000 0.1060
1628.0000 0.1061
1629.2000 0.1063
1633.6000 0.1064
1635.1000 0.1065
1636.2000 0.1066
1636.9000 0.1067
1637.6000 0.1068
1641.7000 0.1069
1642.6000 0.1070
1643.2000 0.1071
1643.9000 0.1072
1648.5000 0.1073
1648.6000 0.1074
1648.8000 0.1075
1649.4000 0.1076
1652.6000 0.1077
1655.6000 0.1078
1657.3000 0.1079
1659.5000 0.1080
1660.6000 0.1081
1662.0000 0.1082
1666.3000 0.1083
1668.1000 0.1084
1673.3000 0.1085
1674.8000 0.1086
1674.9000 0.1088
1679.3000 0.1089
1681.3000 0.1090
1681.8000 0.1091
1683.0000 0.1092
1685.6000 0.1093
1686.2000 0.1094
1686.2000 0.1095
1687.3000 0.1096
1690.7000 0.1097
1690.8000 0.1098
1690.9000 0.1099
1690.9000 0.1100
1691.9000 0.1101
1696.0000 0.1102
1697.9000 0.1103
1702.4000 0.1104
1703.8000 0.1105
1705.5000 0.1106
1705.5000 0.1107
1710.0000 0.1108
1711.5000 0.1109
1712.4000 0.1110
1712.4000 0.1111
1714.1000 0.1113
1714.8000 0.1114
1715.4000 0.1115
1721.5000 0.1116
1721.9000 0.1117
1722.6000 0.1118
1724.9000 0.1119
1725.3000 0.1120
1727.4000 0.1121
1727.5000 0.1122
1729.4000 0.1123
1730.7000 0.1124
1734.1000 0.1125
1735.8000 0.1126
1737.5000 0.1127
1738.6000 0.1128
1745.5000 0.1129
1745.6000 0.1130
1746.5000 0.1131
1748.3000 0.1132
1750.6000 0.1133
1751.8000 0.1134
1752.5000 0.1135
1753.4000 0.1136
1755.2000 0.1138
1755.3000 0.1139
1755.7000 0.1140
1755.9000 0.1141
1757.2000 0.1142
1757.7000 0.1143
1764.0000 0.1144
1767.4000 0.1145
1767.6000 0.1146
1770.6000 0.1147
1773.2000 0.1148
1773.5000 0.1149
1773.6000 0.1150
1773.7000 0.1151
1773.8000 0.1152
1774.3000 0.1153
1777.0000 0.1154
1779.8000 0.1155
1781.7000 0.1156
1782.0000 0.1157
1784.5000 0.1158
1790.4000 0.1159
1791.0000 0.1160
1792.8000 0.1161
1793.7000 0.1163
1795.3000 0.1164
1798.2000 0.1165
1799.1000 0.1166
1802.6000 0.1167
1808.0000 0.1168
1808.7000 0.1169
1809.0000 0.1170
1809.7000 0.1171
1809.8000 0.1172
1809.9000 0.1173
1813.6000 0.1174
1813.8000 0.1175
1814.4000 0.1176
1815.5000 0.1177
1815.7000 0.1178
1820.8000 0.1179
1824.4000 0.1180
1826.3000 0.1181
1830.9000 0.1182
1832.3000 0.1183
1834.4000 0.1184
1834.7000 0.1185
1838.3000 0.1186
1839.0000 0.1188
1840.1000 0.1189
1840.7000 0.1190
1841.9000 0.1191
1842.3000 0.1192
1842.6000 0.1193
1843.3000 0.1194
1844.5000 0.1195
1845.9000 0.1196
1846.5000 0.1197
1847.2000 0.1198
1854.0000 0.1199
1857.0000 0.1200
1857.5000 0.1201
1858.1000 0.1202
1862.2000 0.1203
1865.1000 0.1204
1867.5000 0.1205
1869.2000 0.1206
1869.6000 0.1207
1871.0000 0.1208
1875.1000 0.1209
1879.9000 0.1210
1881.3000 0.1211
1885.5000 0.1213
1886.5000 0.1214
1886.7000 0.1215
1888.6000 0.1216
1889.2000 0.1217
1889.4000 0.1218
1891.2000 0.1219
1893.0000 0.1220
1896.3000 0.1221
1898.2000 0.1222
1901.9000 0.1223
1902.5000 0.1224
1905.9000 0.1225
1906.1000 0.1226
1909.3000 0.1227
1913.7000 0.1228
1918.3000 0.1229
1918.5000 0.1230
1919.2000 0.1231
1919.8000 0.1232
1928.5000 0.1233
1928.7000 0.1234
1929.4000 0.1235
1931.2000 0.1236
1932.3000 0.1238
1934.9000 0.1239
1940.4000 0.1240
1941.5000 0.1241
1943.7000 0.1242
1946.8000 0.1243
1949.4000 0.1244
1950.1000 0.1245
1952.4000 0.1246
1953.5000 0.1247
1955.0000 0.1248
1956.6000 0.1249
1957.5000 0.1250
1958.2000 0.1251
1958.3000 0.1252
1962.5000 0.1253
1966.0000 0.1254
1970.3000 0.1255
1970.9000 0.1256
1975.4000 0.1257
1975.4000 0.1258
1977.3000 0.1259
1981.5000 0.1260
1983.0000 0.1261
1983.5000 0.1263
1983.9000 0.1264
1985.4000 0.1265
1986.6000 0.1266
1987.2000 0.1267
1988.5000 0.1268
1990.2000 0.1269
1990.5000 0.1270
1990.7000 0.1271
1994.4000 0.1272
1995.6000 0.1273
1999.9000 0.1274
2001.4000 0.1275
2005.2000 0.1276
2007.2000 0.1277
2010.1000 0.1278
2010.5000 0.1279
2011.7000 0.1280
2016.0000 0.1281
2018.3000 0.1282
2023.4000 0.1283
2023.6000 0.1284
2023.9000 0.1285
2024.0000 0.1286
2025.6000 0.1288
2026.4000 0.1289
2030.3000 0.1290
2033.3000 0.1291
2037.6000 0.1292
2039.0000 0.1293
2043.6000 0.1294
2044.9000 0.1295
2045.0000 0.1296
2046.3000 0.1297
2050.6000 0.1298
2051.8000 0.1299
2054.4000 0.1300
2059.3000 0.1301
2059.5000 0.1302
2061.8000 0.1303
2062.6000 0.1304
2064.4000 0.1305
2064.5000 0.1306
2064.9000 0.1307
2065.5000 0.1308
2069.3000 0.1309
2074.3000 0.1310
2080.6000 0.1311
2084.7000 0.1313
2090.4000 0.1314
2092.6000 0.1315
2094.3000 0.1316
2094.5000 0.1317
2095.3000 0.1318
2097.6000 0.1319
2099.6000 0.1320
2101.4000 0.1321
2108.9000 0.1322
2109.9000 0.1323
2115.9000 0.1324
2116.1000 0.1325
2117.0000 0.1326
2117.5000 0.1327
2117.6000 0.1328
2121.2000 0.1329
2123.7000 0.1330
2126.5000 0.1331
2126.7000 0.1332
2130.0000 0.1333
2131.0000 0.1334
2134.6000 0.1335
2137.4000 0.1336
2142.9000 0.1338
2143.6000 0.1339
2143.8000 0.1340
2148.0000 0.1341
2154.5000 0.1342
2158.1000 0.1343
2161.0000 0.1344
2161.2000 0.1345
2161.9000 0.1346
2164.3000 0.1347
2164.3000 0.1348
2168.6000 0.1349
2168.9000 0.1350
2170.8000 0.1351
2172.3000 0.1352
2176.8000 0.1353
2178.4000 0.1354
2178.5000 0.1355
2179.5000 0.1356
2179.6000 0.1357
2182.1000 0.1358
2184.0000 0.1359
2184.2000 0.1360
2185.0000 0.1361
2186.3000 0.1363
2193.2000 0.1364
2201.6000 0.1365
2204.6000 0.1366
2205.3000 0.1367
2205.8000 0.1368
2215.9000 0.1369
2217.9000 0.1370
2218.1000 0.1371
2218.9000 0.1372
2220.7000 0.1373
2222.4000 0.1374
2231.8000 0.1375
2237.6000 0.1376
2239.3000 0.1377
2239.4000 0.1378
2255.4000 0.1379
2263.3000 0.1380
2265.9000 0.1381
2267.2000 0.1382
2273.7000 0.1383
2281.1000 0.1384
2281.4000 0.1385
2283.0000 0.1386
2284.5000 0.1388
2286.2000 0.1389
2289.4000 0.1390
2300.4000 0.1391
2302.2000 0.1392
2311.4000 0.1393
2312.2000 0.1394
2313.9000 0.1395
2316.0000 0.1396
2318.2000 0.1397
2322.8000 0.1398
2327.8000 0.1399
2328.6000 0.1400
2330.9000 0.1401
2332.0000 0.1402
2337.4000 0.1403
2339.7000 0.1404
2344.7000 0.1405
2347.6000 0.1406
2347.6000 0.1407
2348.3000 0.1408
2348.9000 0.1409
2350.4000 0.1410
2351.4000 0.1411
2352.3000 0.1413
2352.5000 0.1414
2353.5000 0.1415
2354.1000 0.1416
2354.3000 0.1417
2361.5000 0.1418
2367.8000 0.1419
2369.0000 0.1420
2370.2000 0.1421
2374.2000 0.1422
2379.2000 0.1423
2390.7000 0.1424
2393.1000 0.1425
2398.1000 0.1426
2399.5000 0.1427
2400.8000 0.1428
2402.5000 0.1429
2406.2000 0.1430
2406.6000 0.1431
2412.5000 0.1432
2415.3000 0.1433
2417.5000 0.1434
2420.9000 0.1435
2423.5000 0.1436
2429.5000 0.1437
2431.5000 0.1439
2438.3000 0.1440
2439.1000 0.1441
2439.6000 0.1442
2440.4000 0.1443
2440.6000 0.1444
2442.4000 0.1445
2449.7000 0.1446
2451.6000 0.1447
2455.7000 0.1448
2456.1000 0.1449
2457.2000 0.1450
2457.5000 0.1451
2458.1000 0.1452
2462.4000 0.1453
2463.4000 0.1454
2465.7000 0.1455
2466.4000 0.1456
2467.1000 0.1457
2467.4000 0.1458
2470.4000 0.1459
2471.4000 0.1460
2471.5000 0.1461
2475.6000 0.1462
2477.2000 0.1464
2477.5000 0.1465
2477.6000 0.1466
2480.9000 0.1467
2482.8000 0.1468
2487.9000 0.1469
2487.9000 0.1470
2491.3000 0.1471
2494.3000 0.1472
2495.9000 0.1473
2503.6000 0.1474
2504.2000 0.1475
2509.1000 0.1476
2510.2000 0.1477
2510.4000 0.1478
2514.2000 0.1479
2516.2000 0.1480
2516.8000 0.1481
2520.3000 0.1482
2523.1000 0.1483
2526.8000 0.1484
2529.5000 0.1485
2530.5000 0.1486
2533.7000 0.1487
2535.5000 0.1489
2545.5000 0.1490
2549.6000 0.1491
2553.4000 0.1492
2557.9000 0.1493
2569.0000 0.1494
2569.5000 0.1495
2573.7000 0.1496
2579.7000 0.1497
2582.5000 0.1498
2587.8000 0.1499
2591.2000 0.1500
2591.5000 0.1501
2593.0000 0.1502
2595.0000 0.1503
2601.6000 0.1504
2605.3000 0.1505
2608.3000 0.1506
2608.5000 0.1507
2609.4000 0.1508
2611.3000 0.1509
2611.4000 0.1510
2616.1000 0.1511
2625.7000 0.1512
2626.3000 0.1514
2626.6000 0.1515
2628.4000 0.1516
2633.1000 0.1517
2641.6000 0.1518
2643.2000 0.1519
2645.7000 0.1520
2646.3000 0.1521
2650.3000 0.1522
2652.4000 0.1523
2663.1000 0.1524
2667.3000 0.1525
2682.8000 0.1526
2698.5000 0.1527
2699.4000 0.1528
2701.2000 0.1529
2702.8000 0.1530
2708.7000 0.1531
2709.6000 0.1532
2710.6000 0.1533
2715.7000 0.1534
2716.0000 0.1535
2717.8000 0.1536
2718.9000 0.1537
2724.8000 0.1539
2725.7000 0.1540
2728.4000 0.1541
2728.6000 0.1542
2748.0000 0.1543
2758.6000 0.1544
2760.2000 0.1545
2760.7000 0.1546
2766.8000 0.1547
2768.2000 0.1548
2769.2000 0.1549
2770.9000 0.1550
2771.4000 0.1551
2773.8000 0.1552
2775.4000 0.1553
2776.4000 0.1554
2777.4000 0.1555
2781.1000 0.1556
2787.4000 0.1557
2791.6000 0.1558
2799.4000 0.1559
2802.2000 0.1560
2803.2000 0.1561
2810.5000 0.1562
2812.2000 0.1564
2814.3000 0.1565
2814.5000 0.1566
2817.6000 0.1567
2822.3000 0.1568
2826.5000 0.1569
2826.6000 0.1570
2831.2000 0.1571
2833.7000 0.1572
2836.0000 0.1573
2839.6000 0.1574
2840.3000 0.1575
2843.6000 0.1576
2850.1000 0.1577
2851.9000 0.1578
2852.2000 0.1579
2854.6000 0.1580
2861.7000 0.1581
2865.0000 0.1582
2870.7000 0.1583
2871.0000 0.1584
2873.5000 0.1585
2877.1000 0.1586
2880.4000 0.1587
2884.4000 0.1589
2889.8000 0.1590
2890.0000 0.1591
2893.9000 0.1592
2895.5000 0.1593
2895.8000 0.1594
2900.4000 0.1595
2901.7000 0.1596
2904.4000 0.1597
2911.5000 0.1598
2921.2000 0.1599
2928.8000 0.1600
2931.7000 0.1601
2934.1000 0.1602
2941.4000 0.1603
2948.4000 0.1604
2949.4000 0.1605
2949.4000 0.1606
2955.7000 0.1607
2956.2000 0.1608
2959.8000 0.1609
2960.3000 0.1610
2962.8000 0.1611
2966.6000 0.1612
2969.8000 0.1614
2971.6000 0.1615
2976.4000 0.1616
2979.6000 0.1617
2986.6000 0.1618
2988.5000 0.1619
2996.2000 0.1620
3004.3000 0.1621
3008.6000 0.1622
3011.2000 0.1623
3014.7000 0.1624
3016.7000 0.1625
3031.9000 0.1626
3035.5000 0.1627
3036.5000 0.1628
3038.4000 0.1629
3043.8000 0.1630
3045.6000 0.1631
3045.7000 0.1632
3048.7000 0.1633
3053.8000 0.1634
3058.5000 0.1635
3074.2000 0.1636
3074.3000 0.1637
3083.2000 0.1639
3083.5000 0.1640
3087.8000 0.1641
3089.6000 0.1642
3106.8000 0.1643
3112.6000 0.1644
3134.2000 0.1645
3138.4000 0.1646
3141.7000 0.1647
3149.6000 0.1648
3156.2000 0.1649
3162.5000 0.1650
3167.7000 0.1651
3168.6000 0.1652
3174.0000 0.1653
3175.2000 0.1654
3175.4000 0.1655
3181.7000 0.1656
3185.7000 0.1657
3191.6000 0.1658
3199.2000 0.1659
3205.0000 0.1660
3205.4000 0.1661
3212.6000 0.1662
3214.3000 0.1664
3222.2000 0.1665
3223.9000 0.1666
3238.4000 0.1667
3239.5000 0.1668
3240.5000 0.1669
3242.9000 0.1670
3248.7000 0.1671
3261.7000 0.1672
3271.1000 0.1673
3275.3000 0.1674
3275.9000 0.1675
3280.7000 0.1676
3293.5000 0.1677
3295.4000 0.1678
3296.7000 0.1679
3297.8000 0.1680
3299.9000 0.1681
3302.8000 0.1682
3321.1000 0.1683
3323.5000 0.1684
3324.2000 0.1685
3331.4000 0.1686
3345.8000 0.1687
3363.3000 0.1689
3363.8000 0.1690
3366.6000 0.1691
3371.0000 0.1692
3377.5000 0.1693
3383.2000 0.1694
3384.3000 0.1695
3384.9000 0.1696
3393.7000 0.1697
3394.1000 0.1698
3398.7000 0.1699
3401.1000 0.1700
3405.5000 0.1701
3411.6000 0.1702
3414.5000 0.1703
3416.0000 0.1704
3422.8000 0.1705
3431.4000 0.1706
3432.6000 0.1707
3438.1000 0.1708
3439.0000 0.1709
3443.9000 0.1710
3446.5000 0.1711
3451.6000 0.1712
3456.7000 0.1714
3457.1000 0.1715
3462.5000 0.1716
3469.4000 0.1717
3471.3000 0.1718
3479.0000 0.1719
3482.7000 0.1720
3486.7000 0.1721
3488.6000 0.1722
3492.9000 0.1723
3493.7000 0.1724
3495.4000 0.1725
3496.8000 0.1726
3500.9000 0.1727
3517.6000 0.1728
3526.7000 0.1729
3527.8000 0.1730
3531.6000 0.1731
3538.1000 0.1732
3542.5000 0.1733
3546.0000 0.1734
3547.4000 0.1735
3549.8000 0.1736
3557.6000 0.1737
3573.6000 0.1739
3591.0000 0.1740
3591.7000 0.1741
3595.1000 0.1742
3595.4000 0.1743
3598.1000 0.1744
3607.0000 0.1745
3607.5000 0.1746
3613.9000 0.1747
3615.5000 0.1748
3635.5000 0.1749
3639.4000 0.1750
3643.4000 0.1751
3644.6000 0.1752
3648.2000 0.1753
3651.3000 0.1754
3663.0000 0.1755
3678.1000 0.1756
3682.2000 0.1757
3686.2000 0.1758
3689.6000 0.1759
3693.3000 0.1760
3695.5000 0.1761
3709.5000 0.1762
3712.7000 0.1764
3724.2000 0.1765
3727.0000 0.1766
3733.6000 0.1767
3742.7000 0.1768
3756.7000 0.1769
3760.3000 0.1770
3762.6000 0.1771
3782.7000 0.1772
3787.2000 0.1773
3787.5000 0.1774
3788.1000 0.1775
3788.7000 0.1776
3792.9000 0.1777
3794.7000 0.1778
3798.0000 0.1779
3800.0000 0.1780
3803.3000 0.1781
3803.9000 0.1782
3804.0000 0.1783
3816.1000 0.1784
3819.8000 0.1785
3820.6000 0.1786
3826.5000 0.1787
3831.7000 0.1789
3836.1000 0.1790
3840.4000 0.1791
3846.7000 0.1792
3850.2000 0.1793
3859.4000 0.1794
3867.6000 0.1795
3871.3000 0.1796
3873.5000 0.1797
3874.9000 0.1798
3883.7000 0.1799
3887.3000 0.1800
3888.0000 0.1801
3895.6000 0.1802
3896.5000 0.1803
3903.8000 0.1804
3927.3000 0.1805
3931.8000 0.1806
3932.7000 0.1807
3934.4000 0.1808
3949.1000 0.1809
3950.0000 0.1810
3963.2000 0.1811
3967.3000 0.1812
3967.8000 0.1814
3975.2000 0.1815
3976.8000 0.1816
3982.7000 0.1817
3984.8000 0.1818
3985.3000 0.1819
3991.1000 0.1820
3997.9000 0.1821
4011.2000 0.1822
4032.1000 0.1823
4044.1000 0.1824
4046.1000 0.1825
4049.1000 0.1826
4050.1000 0.1827
4065.9000 0.1828
4066.1000 0.1829
4071.2000 0.1830
4083.5000 0.1831
4092.5000 0.1832
4094.7000 0.1833
4095.8000 0.1834
4096.1000 0.1835
4098.6000 0.1836
4105.3000 0.1837
4105.9000 0.1839
4107.3000 0.1840
4107.5000 0.1841
4112.1000 0.1842
4114.5000 0.1843
4114.9000 0.1844
4119.8000 0.1845
4119.9000 0.1846
4123.7000 0.1847
4128.8000 0.1848
4149.3000 0.1849
4150.2000 0.1850
4150.4000 0.1851
4156.4000 0.1852
4159.3000 0.1853
4168.3000 0.1854
4181.8000 0.1855
4183.0000 0.1856
4184.0000 0.1857
4187.6000 0.1858
4199.3000 0.1859
4200.2000 0.1860
4204.3000 0.1861
4205.7000 0.1862
4207.0000 0.1864
4217.5000 0.1865
4226.7000 0.1866
4240.7000 0.1867
4241.2000 0.1868
4248.2000 0.1869
4249.4000 0.1870
4252.7000 0.1871
4264.3000 0.1872
4268.3000 0.1873
4274.2000 0.1874
4274.3000 0.1875
4280.5000 0.1876
4282.6000 0.1877
4287.9000 0.1878
4289.3000 0.1879
4292.5000 0.1880
4299.7000 0.1881
4301.1000 0.1882
4302.7000 0.1883
4305.2000 0.1884
4306.8000 0.1885
4310.1000 0.1886
4312.3000 0.1887
4316.0000 0.1889
4316.0000 0.1890
4330.0000 0.1891
4330.6000 0.1892
4330.7000 0.1893
4344.2000 0.1894
4346.5000 0.1895
4350.2000 0.1896
4356.9000 0.1897
4357.7000 0.1898
4373.8000 0.1899
4374.6000 0.1900
4383.9000 0.1901
4384.1000 0.1902
4390.8000 0.1903
4395.5000 0.1904
4401.4000 0.1905
4408.2000 0.1906
4424.2000 0.1907
4427.3000 0.1908
4428.4000 0.1909
4436.0000 0.1910
4448.9000 0.1911
4454.6000 0.1912
4454.9000 0.1914
4464.2000 0.1915
4465.2000 0.1916
4467.3000 0.1917
4479.4000 0.1918
4485.9000 0.1919
4490.3000 0.1920
4494.1000 0.1921
4512.3000 0.1922
4523.5000 0.1923
4542.1000 0.1924
4543.5000 0.1925
4544.6000 0.1926
4545.9000 0.1927
4549.6000 0.1928
4554.4000 0.1929
4559.6000 0.1930
4562.8000 0.1931
4565.8000 0.1932
4568.9000 0.1933
4571.9000 0.1934
4574.5000 0.1935
4576.6000 0.1936
4576.6000 0.1937
4577.5000 0.1939
4579.9000 0.1940
4584.6000 0.1941
4592.6000 0.1942
4597.1000 0.1943
4604.8000 0.1944
4607.7000 0.1945
4609.3000 0.1946
4616.8000 0.1947
4618.8000 0.1948
4622.1000 0.1949
4633.8000 0.1950
4634.6000 0.1951
4638.8000 0.1952
4643.7000 0.1953
4650.5000 0.1954
4654.6000 0.1955
4659.6000 0.1956
4664.2000 0.1957
4664.7000 0.1958
4670.3000 0.1959
4679.9000 0.1960
4681.1000 0.1961
4684.7000 0.1962
4684.8000 0.1964
4690.5000 0.1965
4705.7000 0.1966
4724.1000 0.1967
4730.2000 0.1968
4736.2000 0.1969
4738.1000 0.1970
4742.6000 0.1971
4746.8000 0.1972
4750.5000 0.1973
4751.4000 0.1974
4760.8000 0.1975
4779.3000 0.1976
4781.2000 0.1977
4784.6000 0.1978
4787.9000 0.1979
4789.8000 0.1980
4801.6000 0.1981
4814.4000 0.1982
4836.6000 0.1983
4840.5000 0.1984
4854.6000 0.1985
4856.2000 0.1986
4858.7000 0.1987
4863.5000 0.1989
4868.5000 0.1990
4880.7000 0.1991
4883.2000 0.1992
4897.7000 0.1993
4908.1000 0.1994
4913.7000 0.1995
4948.8000 0.1996
4950.6000 0.1997
4958.3000 0.1998
4969.8000 0.1999
4974.7000 0.2000
4979.5000 0.2001
4988.4000 0.2002
4992.1000 0.2003
4994.8000 0.2004
4998.8000 0.2005
5022.0000 0.2006
5022.2000 0.2007
5025.1000 0.2008
5052.2000 0.2009
5058.7000 0.2010
5059.9000 0.2011
5061.3000 0.2012
5068.9000 0.2014
5072.4000 0.2015
5077.8000 0.2016
5080.0000 0.2017
5084.4000 0.2018
5088.3000 0.2019
5100.5000 0.2020
5105.1000 0.2021
5134.9000 0.2022
5136.0000 0.2023
5137.4000 0.2024
5140.2000 0.2025
5141.3000 0.2026
5157.4000 0.2027
5194.5000 0.2028
5196.0000 0.2029
5197.1000 0.2030
5204.2000 0.2031
5204.8000 0.2032
5206.2000 0.2033
5220.1000 0.2034
5249.5000 0.2035
5250.7000 0.2036
5253.3000 0.2037
5254.2000 0.2039
5254.4000 0.2040
5258.0000 0.2041
5258.9000 0.2042
5274.6000 0.2043
5275.5000 0.2044
5331.5000 0.2045
5340.5000 0.2046
5345.7000 0.2047
5356.7000 0.2048
5360.5000 0.2049
5366.8000 0.2050
5377.9000 0.2051
5381.0000 0.2052
5383.4000 0.2053
5386.1000 0.2054
5389.0000 0.2055
5405.1000 0.2056
5415.2000 0.2057
5419.3000 0.2058
5437.5000 0.2059
5445.0000 0.2060
5445.6000 0.2061
5446.5000 0.2062
5461.1000 0.2064
5465.7000 0.2065
5477.6000 0.2066
5480.5000 0.2067
5491.7000 0.2068
5501.4000 0.2069
5505.3000 0.2070
5509.9000 0.2071
5516.0000 0.2072
5519.7000 0.2073
5521.3000 0.2074
5524.5000 0.2075
5525.2000 0.2076
5527.7000 0.2077
5539.1000 0.2078
5542.3000 0.2079
5546.0000 0.2080
5554.6000 0.2081
5569.0000 0.2082
5583.3000 0.2083
5583.6000 0.2084
5593.8000 0.2085
5594.1000 0.2086
5612.8000 0.2087
5615.8000 0.2089
5627.7000 0.2090
5638.3000 0.2091
5642.2000 0.2092
5646.6000 0.2093
5649.7000 0.2094
5661.5000 0.2095
5666.9000 0.2096
5678.5000 0.2097
5684.5000 0.2098
5687.2000 0.2099
5700.4000 0.2100
5723.3000 0.2101
5725.6000 0.2102
5725.7000 0.2103
5735.9000 0.2104
5739.7000 0.2105
5748.6000 0.2106
5750.4000 0.2107
5760.7000 0.2108
5762.6000 0.2109
5764.7000 0.2110
5770.5000 0.2111
5779.7000 0.2112
5785.4000 0.2114
5789.4000 0.2115
5790.2000 0.2116
5796.6000 0.2117
5814.2000 0.2118
5815.2000 0.2119
5820.8000 0.2120
5823.6000 0.2121
5826.3000 0.2122
5835.2000 0.2123
5836.2000 0.2124
5843.7000 0.2125
5846.3000 0.2126
5851.4000 0.2127
5852.6000 0.2128
5861.5000 0.2129
5888.6000 0.2130
5898.2000 0.2131
5903.8000 0.2132
5909.2000 0.2133
5925.6000 0.2134
5940.0000 0.2135
5946.6000 0.2136
5955.5000 0.2137
5958.8000 0.2139
5962.1000 0.2140
6053.4000 0.2141
6054.3000 0.2142
6064.5000 0.2143
6072.6000 0.2144
6076.5000 0.2145
6080.2000 0.2146
6093.9000 0.2147
6100.2000 0.2148
6114.3000 0.2149
6117.4000 0.2150
6135.4000 0.2151
6166.3000 0.2152
6168.3000 0.2153
6178.9000 0.2154
6186.6000 0.2155
6189.2000 0.2156
6191.1000 0.2157
6191.6000 0.2158
6199.3000 0.2159
6221.8000 0.2160
6226.2000 0.2161
6227.7000 0.2162
6237.1000 0.2164
6237.5000 0.2165
6256.5000 0.2166
6262.7000 0.2167
6266.0000 0.2168
6268.6000 0.2169
6271.9000 0.2170
6273.2000 0.2171
6273.8000 0.2172
6275.2000 0.2173
6279.4000 0.2174
6286.9000 0.2175
6288.5000 0.2176
6302.3000 0.2177
6312.6000 0.2178
6319.1000 0.2179
6345.1000 0.2180
6348.9000 0.2181
6365.2000 0.2182
6379.9000 0.2183
6383.9000 0.2184
6391.4000 0.2185
6394.3000 0.2186
6401.3000 0.2187
6403.1000 0.2189
6404.8000 0.2190
6413.3000 0.2191
6416.5000 0.2192
6422.6000 0.2193
6423.1000 0.2194
6424.9000 0.2195
6441.0000 0.2196
6455.9000 0.2197
6456.1000 0.2198
6466.5000 0.2199
6466.8000 0.2200
6478.8000 0.2201
6488.5000 0.2202
6489.3000 0.2203
6491.9000 0.2204
6492.7000 0.2205
6496.2000 0.2206
6497.4000 0.2207
6507.6000 0.2208
6514.7000 0.2209
6526.9000 0.2210
6534.7000 0.2211
6538.7000 0.2212
6540.1000 0.2214
6544.1000 0.2215
6569.3000 0.2216
6575.6000 0.2217
6576.5000 0.2218
6585.8000 0.2219
6615.9000 0.2220
6620.4000 0.2221
6622.2000 0.2222
6622.5000 0.2223
6623.5000 0.2224
6629.7000 0.2225
6631.6000 0.2226
6635.1000 0.2227
6642.9000 0.2228
6645.9000 0.2229
6653.2000 0.2230
6657.2000 0.2231
6674.8000 0.2232
6676.1000 0.2233
6676.4000 0.2234
6676.7000 0.2235
6694.2000 0.2236
6699.3000 0.2237
6712.7000 0.2239
6716.8000 0.2240
6716.9000 0.2241
6728.6000 0.2242
6743.6000 0.2243
6761.1000 0.2244
6773.7000 0.2245
6776.4000 0.2246
6777.9000 0.2247
6802.5000 0.2248
6804.3000 0.2249
6804.3000 0.2250
6811.9000 0.2251
6816.5000 0.2252
6816.7000 0.2253
6833.6000 0.2254
6839.6000 0.2255
6839.9000 0.2256
6843.7000 0.2257
6858.7000 0.2258
6863.9000 0.2259
6871.1000 0.2260
6878.4000 0.2261
6880.7000 0.2262
6898.2000 0.2264
6910.8000 0.2265
6931.5000 0.2266
6935.5000 0.2267
6936.5000 0.2268
6945.4000 0.2269
6965.5000 0.2270
6975.7000 0.2271
6976.8000 0.2272
6982.8000 0.2273
6987.0000 0.2274
6992.2000 0.2275
6992.8000 0.2276
7004.5000 0.2277
7005.4000 0.2278
7011.5000 0.2279
7012.4000 0.2280
7038.7000 0.2281
7059.3000 0.2282
7087.2000 0.2283
7092.8000 0.2284
7097.4000 0.2285
7110.9000 0.2286
7127.6000 0.2287
7149.8000 0.2289
7160.0000 0.2290
7191.3000 0.2291
7193.5000 0.2292
7196.5000 0.2293
7201.8000 0.2294
7204.7000 0.2295
7211.8000 0.2296
7214.7000 0.2297
7219.7000 0.2298
7223.0000 0.2299
7224.8000 0.2300
7227.1000 0.2301
7237.7000 0.2302
7238.2000 0.2303
7244.4000 0.2304
7252.4000 0.2305
7274.0000 0.2306
7275.4000 0.2307
7279.5000 0.2308
7283.2000 0.2309
7321.4000 0.2310
7322.1000 0.2311
7326.4000 0.2312
7344.4000 0.2314
7344.5000 0.2315
7356.5000 0.2316
7362.1000 0.2317
7363.5000 0.2318
7363.9000 0.2319
7365.1000 0.2320
7365.4000 0.2321
7386.2000 0.2322
7388.8000 0.2323
7416.9000 0.2324
7441.4000 0.2325
7449.5000 0.2326
7483.9000 0.2327
7502.2000 0.2328
7505.2000 0.2329
7505.4000 0.2330
7507.2000 0.2331
7526.6000 0.2332
7531.7000 0.2333
7538.1000 0.2334
7550.4000 0.2335
7552.7000 0.2336
7562.8000 0.2337
7579.1000 0.2339
7579.7000 0.2340
7620.6000 0.2341
7634.5000 0.2342
7661.9000 0.2343
7667.3000 0.2344
7673.4000 0.2345
7673.8000 0.2346
7675.4000 0.2347
7685.7000 0.2348
7694.7000 0.2349
7708.6000 0.2350
7709.8000 0.2351
7715.9000 0.2352
7718.3000 0.2353
7732.4000 0.2354
7733.0000 0.2355
7733.1000 0.2356
7738.8000 0.2357
7742.2000 0.2358
7763.0000 0.2359
7774.4000 0.2360
7776.4000 0.2361
7788.2000 0.2362
7788.6000 0.2364
7806.3000 0.2365
7808.9000 0.2366
7824.6000 0.2367
7828.2000 0.2368
7839.2000 0.2369
7857.4000 0.2370
7873.9000 0.2371
7881.7000 0.2372
7892.6000 0.2373
7901.6000 0.2374
7911.1000 0.2375
7911.4000 0.2376
7931.8000 0.2377
7934.3000 0.2378
7936.2000 0.2379
7945.2000 0.2380
7949.3000 0.2381
7951.4000 0.2382
7952.2000 0.2383
7952.7000 0.2384
7953.9000 0.2385
7958.6000 0.2386
7959.3000 0.2387
7962.4000 0.2389
7963.2000 0.2390
7971.9000 0.2391
7977.5000 0.2392
7983.2000 0.2393
7984.0000 0.2394
7984.1000 0.2395
8008.7000 0.2396
8015.8000 0.2397
8016.1000 0.2398
8019.7000 0.2399
8020.7000 0.2400
8035.9000 0.2401
8037.8000 0.2402
8046.6000 0.2403
8063.7000 0.2404
8090.0000 0.2405
8105.3000 0.2406
8114.6000 0.2407
8115.2000 0.2408
8115.7000 0.2409
8116.1000 0.2410
8118.9000 0.2411
8129.2000 0.2412
8131.7000 0.2414
8133.1000 0.2415
8146.7000 0.2416
8149.5000 0.2417
8157.4000 0.2418
8165.9000 0.2419
8182.4000 0.2420
8187.3000 0.2421
8194.7000 0.2422
8204.6000 0.2423
8213.4000 0.2424
8214.8000 0.2425
8221.0000 0.2426
8223.2000 0.2427
8226.2000 0.2428
8229.0000 0.2429
8231.2000 0.2430
8231.3000 0.2431
8256.3000 0.2432
8264.9000 0.2433
8265.8000 0.2434
8289.0000 0.2435
8297.7000 0.2436
8299.3000 0.2437
8300.6000 0.2439
8301.9000 0.2440
8311.9000 0.2441
8317.5000 0.2442
8323.3000 0.2443
8325.7000 0.2444
8342.4000 0.2445
8345.8000 0.2446
8350.2000 0.2447
8359.5000 0.2448
8370.8000 0.2449
8375.1000 0.2450
8378.3000 0.2451
8379.8000 0.2452
8386.2000 0.2453
8386.4000 0.2454
8405.7000 0.2455
8406.5000 0.2456
8406.7000 0.2457
8408.5000 0.2458
8414.5000 0.2459
8416.7000 0.2460
8416.8000 0.2461
8424.0000 0.2462
8429.9000 0.2464
8470.5000 0.2465
8472.8000 0.2466
8473.5000 0.2467
8479.1000 0.2468
8492.1000 0.2469
8492.6000 0.2470
8494.8000 0.2471
8499.6000 0.2472
8501.7000 0.2473
8502.0000 0.2474
8512.9000 0.2475
8515.4000 0.2476
8547.5000 0.2477
8559.4000 0.2478
8574.4000 0.2479
8576.0000 0.2480
8586.4000 0.2481
8590.3000 0.2482
8591.9000 0.2483
8600.4000 0.2484
8601.5000 0.2485
8603.3000 0.2486
8607.3000 0.2487
8616.6000 0.2489
8634.3000 0.2490
8653.2000 0.2491
8654.3000 0.2492
8654.9000 0.2493
8672.6000 0.2494
8678.1000 0.2495
8680.0000 0.2496
8680.4000 0.2497
8687.3000 0.2498
8687.9000 0.2499
8690.6000 0.2500
8703.8000 0.2501
8712.5000 0.2502
8718.3000 0.2503
8727.7000 0.2504
8733.4000 0.2505
8744.6000 0.2506
8757.5000 0.2507
8761.6000 0.2508
8762.7000 0.2509
8767.4000 0.2510
8767.5000 0.2511
8777.4000 0.2512
8790.9000 0.2514
8793.6000 0.2515
8794.8000 0.2516
8800.1000 0.2517
8820.7000 0.2518
8823.1000 0.2519
8826.6000 0.2520
8831.2000 0.2521
8835.1000 0.2522
8839.3000 0.2523
8852.2000 0.2524
8853.7000 0.2525
8858.9000 0.2526
8868.4000 0.2527
8874.6000 0.2528
8877.9000 0.2529
8907.0000 0.2530
8909.8000 0.2531
8919.3000 0.2532
8919.5000 0.2533
8921.7000 0.2534
8933.0000 0.2535
8933.2000 0.2536
8950.5000 0.2537
8950.7000 0.2539
8951.8000 0.2540
8954.4000 0.2541
8962.4000 0.2542
8968.6000 0.2543
8982.3000 0.2544
8983.2000 0.2545
8984.5000 0.2546
8989.5000 0.2547
8996.7000 0.2548
9001.9000 0.2549
9003.2000 0.2550
9017.6000 0.2551
9018.1000 0.2552
9018.5000 0.2553
9022.6000 0.2554
9026.9000 0.2555
9027.4000 0.2556
9032.2000 0.2557
9043.7000 0.2558
9045.1000 0.2559
9050.2000 0.2560
9061.3000 0.2561
9062.2000 0.2562
9068.5000 0.2564
9074.4000 0.2565
9080.8000 0.2566
9083.3000 0.2567
9088.0000 0.2568
9088.6000 0.2569
9103.3000 0.2570
9120.6000 0.2571
9132.7000 0.2572
9137.3000 0.2573
9156.1000 0.2574
9159.0000 0.2575
9159.1000 0.2576
9162.4000 0.2577
9175.3000 0.2578
9175.5000 0.2579
9177.8000 0.2580
9179.6000 0.2581
9181.6000 0.2582
9183.5000 0.2583
9185.5000 0.2584
9214.0000 0.2585
9216.9000 0.2586
9219.6000 0.2587
9228.4000 0.2589
9240.6000 0.2590
9264.5000 0.2591
9274.3000 0.2592
9286.0000 0.2593
9288.9000 0.2594
9295.6000 0.2595
9314.6000 0.2596
9315.8000 0.2597
9320.4000 0.2598
9320.7000 0.2599
9327.7000 0.2600
9331.6000 0.2601
9349.3000 0.2602
9352.6000 0.2603
9356.2000 0.2604
9356.2000 0.2605
9360.4000 0.2606
9376.3000 0.2607
9376.6000 0.2608
9389.5000 0.2609
9397.6000 0.2610
9397.9000 0.2611
9398.7000 0.2612
9404.3000 0.2614
9414.2000 0.2615
9421.8000 0.2616
9428.6000 0.2617
9432.4000 0.2618
9432.5000 0.2619
9441.2000 0.2620
9441.5000 0.2621
9476.7000 0.2622
9479.0000 0.2623
9484.4000 0.2624
9493.6000 0.2625
9498.5000 0.2626
9503.4000 0.2627
9509.4000 0.2628
9510.3000 0.2629
9531.7000 0.2630
9533.9000 0.2631
9561.4000 0.2632
9571.5000 0.2633
9586.9000 0.2634
9594.5000 0.2635
9597.5000 0.2636
9608.2000 0.2637
9610.7000 0.2639
9615.1000 0.2640
9616.3000 0.2641
9616.8000 0.2642
9619.3000 0.2643
9624.7000 0.2644
9631.7000 0.2645
9632.5000 0.2646
9634.0000 0.2647
9636.7000 0.2648
9643.6000 0.2649
9651.5000 0.2650
9652.3000 0.2651
9656.9000 0.2652
9658.1000 0.2653
9660.6000 0.2654
9668.4000 0.2655
9671.2000 0.2656
9674.5000 0.2657
9675.6000 0.2658
9676.7000 0.2659
9686.4000 0.2660
9698.9000 0.2661
9700.7000 0.2662
9701.7000 0.2664
9708.6000 0.2665
9713.5000 0.2666
9716.5000 0.2667
9721.2000 0.2668
9721.7000 0.2669
9734.4000 0.2670
9743.6000 0.2671
9746.6000 0.2672
9747.7000 0.2673
9759.4000 0.2674
9761.2000 0.2675
9763.3000 0.2676
9764.8000 0.2677
9767.0000 0.2678
9772.9000 0.2679
9777.3000 0.2680
9778.5000 0.2681
9792.5000 0.2682
9797.6000 0.2683
9797.9000 0.2684
9800.3000 0.2685
9804.1000 0.2686
9808.2000 0.2687
9824.2000 0.2689
9840.1000 0.2690
9840.8000 0.2691
9859.0000 0.2692
9864.6000 0.2693
9866.4000 0.2694
9867.1000 0.2695
9870.2000 0.2696
9880.6000 0.2697
9881.4000 0.2698
9885.6000 0.2699
9887.3000 0.2700
9888.5000 0.2701
9896.3000 0.2702
9899.4000 0.2703
9939.3000 0.2704
9943.4000 0.2705
9947.9000 0.2706
9963.5000 0.2707
9964.4000 0.2708
9973.4000 0.2709
9988.4000 0.2710
9996.2000 0.2711
10001.5000 0.2712
10022.5000 0.2714
10022.6000 0.2715
10025.7000 0.2716
10034.6000 0.2717
10058.2000 0.2718
10067.5000 0.2719
10086.4000 0.2720
10093.8000 0.2721
10110.8000 0.2722
10115.8000 0.2723
10116.4000 0.2724
10118.5000 0.2725
10121.1000 0.2726
10127.7000 0.2727
10134.5000 0.2728
10146.7000 0.2729
10150.0000 0.2730
10163.7000 0.2731
10167.9000 0.2732
10171.5000 0.2733
10180.5000 0.2734
10191.1000 0.2735
10192.4000 0.2736
10204.6000 0.2737
10206.4000 0.2739
10223.2000 0.2740
10241.9000 0.2741
10249.2000 0.2742
10251.5000 0.2743
10267.4000 0.2744
10268.3000 0.2745
10270.0000 0.2746
10274.5000 0.2747
10277.6000 0.2748
10278.4000 0.2749
10286.1000 0.2750
10306.7000 0.2751
10311.4000 0.2752
10331.2000 0.2753
10337.1000 0.2754
10341.0000 0.2755
10349.9000 0.2756
10370.7000 0.2757
10374.8000 0.2758
10378.7000 0.2759
10399.4000 0.2760
10401.5000 0.2761
10406.7000 0.2762
10438.0000 0.2764
10441.9000 0.2765
10452.6000 0.2766
10453.7000 0.2767
10459.5000 0.2768
10461.3000 0.2769
10483.5000 0.2770
10491.4000 0.2771
10536.5000 0.2772
10539.7000 0.2773
10550.2000 0.2774
10567.0000 0.2775
10567.2000 0.2776
10573.9000 0.2777
10579.5000 0.2778
10582.3000 0.2779
10582.5000 0.2780
10585.8000 0.2781
10593.5000 0.2782
10594.8000 0.2783
10604.4000 0.2784
10617.9000 0.2785
10619.4000 0.2786
10622.4000 0.2787
10626.2000 0.2789
10631.6000 0.2790
10645.3000 0.2791
10645.6000 0.2792
10655.0000 0.2793
10655.4000 0.2794
10666.0000 0.2795
10667.4000 0.2796
10674.5000 0.2797
10675.3000 0.2798
10679.8000 0.2799
10684.1000 0.2800
10690.6000 0.2801
10692.0000 0.2802
10696.6000 0.2803
10723.5000 0.2804
10724.0000 0.2805
10729.3000 0.2806
10734.0000 0.2807
10747.2000 0.2808
10762.5000 0.2809
10764.5000 0.2810
10765.0000 0.2811
10767.3000 0.2812
10781.8000 0.2814
10787.7000 0.2815
10800.9000 0.2816
10810.4000 0.2817
10816.4000 0.2818
10828.0000 0.2819
10832.0000 0.2820
10833.2000 0.2821
10858.3000 0.2822
10863.8000 0.2823
10871.4000 0.2824
10898.3000 0.2825
10915.3000 0.2826
10923.4000 0.2827
10938.9000 0.2828
10941.8000 0.2829
10943.8000 0.2830
10947.8000 0.2831
10963.9000 0.2832
10976.7000 0.2833
10977.1000 0.2834
10984.3000 0.2835
11008.8000 0.2836
11055.6000 0.2837
11071.6000 0.2839
11077.5000 0.2840
11086.5000 0.2841
11086.7000 0.2842
11087.8000 0.2843
11110.6000 0.2844
11111.1000 0.2845
11114.9000 0.2846
11129.5000 0.2847
11152.7000 0.2848
11154.8000 0.2849
11157.7000 0.2850
11166.7000 0.2851
11171.4000 0.2852
11180.7000 0.2853
11201.4000 0.2854
11207.7000 0.2855
11214.4000 0.2856
11216.1000 0.2857
11227.9000 0.2858
11233.7000 0.2859
11234.7000 0.2860
11247.6000 0.2861
11248.6000 0.2862
11250.2000 0.2864
11256.9000 0.2865
11266.4000 0.2866
11294.6000 0.2867
11312.6000 0.2868
11318.2000 0.2869
11330.3000 0.2870
11346.6000 0.2871
11362.6000 0.2872
11367.2000 0.2873
11377.2000 0.2874
11380.3000 0.2875
11381.8000 0.2876
11383.8000 0.2877
11387.8000 0.2878
11390.9000 0.2879
11394.1000 0.2880
11400.8000 0.2881
11406.5000 0.2882
11407.8000 0.2883
11415.0000 0.2884
11425.2000 0.2885
11425.6000 0.2886
11435.3000 0.2887
11435.3000 0.2889
11456.5000 0.2890
11467.6000 0.2891
11475.8000 0.2892
11477.3000 0.2893
11486.0000 0.2894
11486.6000 0.2895
11488.7000 0.2896
11490.5000 0.2897
11494.0000 0.2898
11495.1000 0.2899
11498.7000 0.2900
11499.1000 0.2901
11502.1000 0.2902
11502.3000 0.2903
11508.7000 0.2904
11519.1000 0.2905
11519.8000 0.2906
11528.2000 0.2907
11531.7000 0.2908
11534.2000 0.2909
11542.5000 0.2910
11543.8000 0.2911
11544.3000 0.2912
11552.1000 0.2914
11559.8000 0.2915
11572.0000 0.2916
11577.9000 0.2917
11597.2000 0.2918
11610.9000 0.2919
11613.6000 0.2920
11625.3000 0.2921
11635.1000 0.2922
11662.8000 0.2923
11666.4000 0.2924
11668.4000 0.2925
11684.6000 0.2926
11721.2000 0.2927
11732.8000 0.2928
11744.2000 0.2929
11746.7000 0.2930
11749.0000 0.2931
11754.7000 0.2932
11766.2000 0.2933
11766.8000 0.2934
11768.3000 0.2935
11768.5000 0.2936
11769.2000 0.2937
11786.0000 0.2939
11789.3000 0.2940
11805.5000 0.2941
11809.5000 0.2942
11853.4000 0.2943
11860.4000 0.2944
11871.4000 0.2945
11881.8000 0.2946
11910.0000 0.2947
11910.6000 0.2948
11917.9000 0.2949
11920.3000 0.2950
11930.7000 0.2951
11936.2000 0.2952
11941.7000 0.2953
11946.5000 0.2954
11954.6000 0.2955
11967.0000 0.2956
11994.4000 0.2957
12001.6000 0.2958
12002.5000 0.2959
12049.5000 0.2960
12053.1000 0.2961
12063.4000 0.2962
12064.5000 0.2964
12069.4000 0.2965
12074.9000 0.2966
12083.4000 0.2967
12084.8000 0.2968
12085.2000 0.2969
12098.5000 0.2970
12107.1000 0.2971
12116.3000 0.2972
12127.1000 0.2973
12146.1000 0.2974
12148.7000 0.2975
12155.0000 0.2976
12177.4000 0.2977
12179.7000 0.2978
12194.3000 0.2979
12214.7000 0.2980
12234.8000 0.2981
12249.7000 0.2982
12257.7000 0.2983
12294.4000 0.2984
12323.0000 0.2985
12341.4000 0.2986
12350.2000 0.2987
12351.5000 0.2989
12351.7000 0.2990
12362.7000 0.2991
12367.0000 0.2992
12372.4000 0.2993
12384.2000 0.2994
12385.7000 0.2995
12396.8000 0.2996
12404.6000 0.2997
12414.5000 0.2998
12414.7000 0.2999
12415.3000 0.3000
12416.1000 0.3001
12455.5000 0.3002
12457.3000 0.3003
12481.7000 0.3004
12483.1000 0.3005
12505.7000 0.3006
12507.3000 0.3007
12509.4000 0.3008
12511.2000 0.3009
12526.4000 0.3010
12536.6000 0.3011
12548.4000 0.3012
12558.7000 0.3014
12559.2000 0.3015
12562.3000 0.3016
12592.9000 0.3017
12605.1000 0.3018
12605.8000 0.3019
12606.0000 0.3020
12611.5000 0.3021
12628.0000 0.3022
12629.1000 0.3023
12640.8000 0.3024
12645.7000 0.3025
12648.0000 0.3026
12654.7000 0.3027
12662.9000 0.3028
12667.5000 0.3029
12675.3000 0.3030
12677.1000 0.3031
12677.4000 0.3032
12680.6000 0.3033
12698.2000 0.3034
12705.5000 0.3035
12740.3000 0.3036
12757.0000 0.3037
12765.6000 0.3039
12767.4000 0.3040
12783.2000 0.3041
12792.4000 0.3042
12792.7000 0.3043
12796.6000 0.3044
12797.0000 0.3045
12808.7000 0.3046
12808.7000 0.3047
12812.5000 0.3048
12834.3000 0.3049
12853.3000 0.3050
12858.2000 0.3051
12861.8000 0.3052
12867.2000 0.3053
12890.8000 0.3054
12912.7000 0.3055
12920.4000 0.3056
12926.6000 0.3057
12936.5000 0.3058
12944.4000 0.3059
12945.7000 0.3060
12956.7000 0.3061
12958.0000 0.3062
12962.1000 0.3064
12963.3000 0.3065
12973.5000 0.3066
12978.9000 0.3067
12986.8000 0.3068
12987.0000 0.3069
12989.4000 0.3070
13000.5000 0.3071
13010.5000 0.3072
13015.0000 0.3073
13026.0000 0.3074
13026.5000 0.3075
13027.2000 0.3076
13031.1000 0.3077
13048.1000 0.3078
13061.4000 0.3079
13074.9000 0.3080
13076.8000 0.3081
13080.7000 0.3082
13081.5000 0.3083
13081.7000 0.3084
13092.8000 0.3085
13093.1000 0.3086
13098.7000 0.3087
13112.0000 0.3089
13115.6000 0.3090
13117.0000 0.3091
13156.2000 0.3092
13161.5000 0.3093
13161.6000 0.3094
13174.9000 0.3095
13195.3000 0.3096
13197.2000 0.3097
13201.3000 0.3098
13202.1000 0.3099
13208.5000 0.3100
13215.7000 0.3101
13233.8000 0.3102
13236.6000 0.3103
13240.8000 0.3104
13241.1000 0.3105
13242.7000 0.3106
13244.4000 0.3107
13246.2000 0.3108
13251.3000 0.3109
13259.7000 0.3110
13260.3000 0.3111
13260.7000 0.3112
13265.4000 0.3114
13275.3000 0.3115
13279.4000 0.3116
13287.3000 0.3117
13292.7000 0.3118
13311.5000 0.3119
13313.9000 0.3120
13317.0000 0.3121
13322.9000 0.3122
13333.8000 0.3123
13341.4000 0.3124
13348.7000 0.3125
13354.5000 0.3126
13356.5000 0.3127
13357.1000 0.3128
13361.5000 0.3129
13363.0000 0.3130
13372.1000 0.3131
13379.9000 0.3132
13395.6000 0.3133
13401.6000 0.3134
13409.8000 0.3135
13459.5000 0.3136
13460.1000 0.3137
13488.4000 0.3139
13524.3000 0.3140
13529.4000 0.3141
13529.5000 0.3142
13590.4000 0.3143
13593.6000 0.3144
13594.8000 0.3145
13608.8000 0.3146
13616.8000 0.3147
13620.3000 0.3148
13647.3000 0.3149
13656.3000 0.3150
13658.5000 0.3151
13677.0000 0.3152
13690.4000 0.3153
13697.5000 0.3154
13698.7000 0.3155
13743.2000 0.3156
13752.0000 0.3157
13767.1000 0.3158
13778.3000 0.3159
13784.2000 0.3160
13791.3000 0.3161
13819.3000 0.3162
13823.9000 0.3164
13827.3000 0.3165
13848.3000 0.3166
13853.5000 0.3167
13854.9000 0.3168
13870.9000 0.3169
13875.7000 0.3170
13888.7000 0.3171
13894.6000 0.3172
13910.1000 0.3173
13913.0000 0.3174
13913.7000 0.3175
13916.1000 0.3176
13923.2000 0.3177
13928.1000 0.3178
13932.0000 0.3179
13940.0000 0.3180
13948.0000 0.3181
13977.4000 0.3182
14014.5000 0.3183
14020.5000 0.3184
14027.4000 0.3185
14035.1000 0.3186
14039.3000 0.3187
14042.1000 0.3189
14049.1000 0.3190
14053.6000 0.3191
14053.8000 0.3192
14058.9000 0.3193
14066.1000 0.3194
14070.8000 0.3195
14073.3000 0.3196
14074.3000 0.3197
14082.7000 0.3198
14085.3000 0.3199
14104.1000 0.3200
14142.2000 0.3201
14157.7000 0.3202
14176.3000 0.3203
14187.6000 0.3204
14195.9000 0.3205
14202.9000 0.3206
14208.0000 0.3207
14211.1000 0.3208
14214.0000 0.3209
14218.5000 0.3210
14225.6000 0.3211
14232.7000 0.3212
14241.5000 0.3214
14244.6000 0.3215
14271.3000 0.3216
14271.9000 0.3217
14274.3000 0.3218
14281.6000 0.3219
14314.2000 0.3220
14316.6000 0.3221
14319.3000 0.3222
14320.2000 0.3223
14346.2000 0.3224
14350.8000 0.3225
14355.7000 0.3226
14364.7000 0.3227
14372.6000 0.3228
14376.3000 0.3229
14391.5000 0.3230
14392.4000 0.3231
14393.6000 0.3232
14394.6000 0.3233
14394.6000 0.3234
14396.7000 0.3235
14407.5000 0.3236
14408.1000 0.3237
14410.2000 0.3239
14415.5000 0.3240
14417.4000 0.3241
14423.3000 0.3242
14423.6000 0.3243
14448.3000 0.3244
14453.5000 0.3245
14469.9000 0.3246
14472.6000 0.3247
14483.1000 0.3248
14488.3000 0.3249
14490.0000 0.3250
14493.7000 0.3251
14495.6000 0.3252
14496.9000 0.3253
14506.6000 0.3254
14519.7000 0.3255
14526.6000 0.3256
14535.9000 0.3257
14538.6000 0.3258
14558.0000 0.3259
14560.6000 0.3260
14570.5000 0.3261
14577.8000 0.3263
14593.4000 0.3264
14650.8000 0.3265
14660.5000 0.3266
14671.7000 0.3267
14672.1000 0.3268
14680.6000 0.3269
14700.5000 0.3270
14715.7000 0.3271
14715.8000 0.3272
14718.4000 0.3273
14722.5000 0.3274
14725.5000 0.3275
14728.7000 0.3276
14735.1000 0.3277
14736.2000 0.3278
14736.8000 0.3279
14742.5000 0.3280
14744.2000 0.3281
14746.1000 0.3282
14747.2000 0.3283
14750.3000 0.3284
14756.5000 0.3285
14765.9000 0.3286
14806.0000 0.3288
14810.3000 0.3289
14812.5000 0.3290
14821.4000 0.3291
14824.2000 0.3292
14827.3000 0.3293
14832.3000 0.3294
14838.7000 0.3295
14839.0000 0.3296
14841.6000 0.3297
14847.3000 0.3298
14850.4000 0.3299
14854.4000 0.3300
14859.4000 0.3301
14875.9000 0.3302
14878.2000 0.3303
14879.1000 0.3304
14907.7000 0.3305
14925.3000 0.3306
14940.3000 0.3307
14957.6000 0.3308
14958.8000 0.3309
14967.8000 0.3310
14969.4000 0.3311
14975.3000 0.3313
14979.2000 0.3314
14980.6000 0.3315
14996.7000 0.3316
15006.4000 0.3317
15016.5000 0.3318
15023.3000 0.3319
15029.3000 0.3320
15039.6000 0.3321
15041.4000 0.3322
15046.5000 0.3323
15057.2000 0.3324
15067.0000 0.3325
15070.3000 0.3326
15080.5000 0.3327
15091.8000 0.3328
15094.0000 0.3329
15116.5000 0.3330
15120.5000 0.3331
15148.2000 0.3332
15153.3000 0.3333
15161.9000 0.3334
15162.7000 0.3335
15182.8000 0.3336
15190.0000 0.3338
15198.2000 0.3339
15217.4000 0.3340
15219.1000 0.3341
15219.1000 0.3342
15223.2000 0.3343
15226.8000 0.3344
15230.1000 0.3345
15232.1000 0.3346
15234.6000 0.3347
15244.7000 0.3348
15247.5000 0.3349
15251.5000 0.3350
15252.8000 0.3351
15254.3000 0.3352
15254.8000 0.3353
15272.0000 0.3354
15311.5000 0.3355
15319.7000 0.3356
15326.6000 0.3357
15365.2000 0.3358
15369.1000 0.3359
15369.9000 0.3360
15374.3000 0.3361
15393.3000 0.3363
15404.6000 0.3364
15405.1000 0.3365
15407.5000 0.3366
15409.2000 0.3367
15420.1000 0.3368
15424.0000 0.3369
15424.6000 0.3370
15446.4000 0.3371
15473.4000 0.3372
15477.6000 0.3373
15482.2000 0.3374
15511.8000 0.3375
15517.0000 0.3376
15517.0000 0.3377
15520.2000 0.3378
15533.4000 0.3379
15547.8000 0.3380
15548.2000 0.3381
15556.4000 0.3382
15560.2000 0.3383
15560.7000 0.3384
15560.8000 0.3385
15562.4000 0.3386
15569.5000 0.3388
15576.9000 0.3389
15577.4000 0.3390
15578.6000 0.3391
15581.5000 0.3392
15589.6000 0.3393
15595.5000 0.3394
15610.0000 0.3395
15611.7000 0.3396
15613.2000 0.3397
15618.6000 0.3398
15618.8000 0.3399
15619.8000 0.3400
15639.8000 0.3401
15646.7000 0.3402
15653.5000 0.3403
15657.0000 0.3404
15660.0000 0.3405
15668.6000 0.3406
15671.5000 0.3407
15684.4000 0.3408
15694.6000 0.3409
15701.6000 0.3410
15705.3000 0.3411
15713.7000 0.3413
15722.6000 0.3414
15740.1000 0.3415
15742.4000 0.3416
15746.3000 0.3417
15753.5000 0.3418
15756.5000 0.3419
15770.1000 0.3420
15770.6000 0.3421
15771.1000 0.3422
15779.9000 0.3423
15781.3000 0.3424
15789.3000 0.3425
15795.9000 0.3426
15812.0000 0.3427
15815.3000 0.3428
15816.5000 0.3429
15817.9000 0.3430
15825.4000 0.3431
15841.8000 0.3432
15845.2000 0.3433
15847.1000 0.3434
15849.2000 0.3435
15857.5000 0.3436
15858.5000 0.3438
15861.5000 0.3439
15864.9000 0.3440
15869.5000 0.3441
15893.7000 0.3442
15894.2000 0.3443
15902.1000 0.3444
15905.3000 0.3445
15910.8000 0.3446
15913.9000 0.3447
15920.0000 0.3448
15933.5000 0.3449
15935.2000 0.3450
15938.4000 0.3451
15943.4000 0.3452
15947.7000 0.3453
15955.4000 0.3454
15960.2000 0.3455
15967.7000 0.3456
15971.5000 0.3457
15972.7000 0.3458
15979.2000 0.3459
15985.4000 0.3460
15985.5000 0.3461
16001.1000 0.3463
16008.5000 0.3464
16010.0000 0.3465
16042.0000 0.3466
16043.7000 0.3467
16048.2000 0.3468
16050.4000 0.3469
16055.6000 0.3470
16057.9000 0.3471
16063.8000 0.3472
16071.2000 0.3473
16097.9000 0.3474
16097.9000 0.3475
16103.5000 0.3476
16107.6000 0.3477
16115.1000 0.3478
16125.3000 0.3479
16130.4000 0.3480
16139.5000 0.3481
16160.7000 0.3482
16171.0000 0.3483
16173.6000 0.3484
16177.1000 0.3485
16184.1000 0.3486
16188.3000 0.3488
16198.5000 0.3489
16202.6000 0.3490
16205.7000 0.3491
16226.3000 0.3492
16230.4000 0.3493
16234.6000 0.3494
16235.3000 0.3495
16236.2000 0.3496
16246.3000 0.3497
16249.4000 0.3498
16250.5000 0.3499
16251.7000 0.3500
16264.5000 0.3501
16267.4000 0.3502
16270.6000 0.3503
16272.5000 0.3504
16272.5000 0.3505
16272.6000 0.3506
16274.2000 0.3507
16286.5000 0.3508
16296.6000 0.3509
16298.6000 0.3510
16301.0000 0.3511
16304.1000 0.3513
16304.3000 0.3514
16307.2000 0.3515
16313.3000 0.3516
16313.9000 0.3517
16318.3000 0.3518
16335.0000 0.3519
16341.7000 0.3520
16350.7000 0.3521
16353.2000 0.3522
16354.3000 0.3523
16359.9000 0.3524
16363.5000 0.3525
16363.6000 0.3526
16403.2000 0.3527
16412.8000 0.3528
16413.0000 0.3529
16413.4000 0.3530
16416.1000 0.3531
16416.4000 0.3532
16423.2000 0.3533
16423.8000 0.3534
16424.0000 0.3535
16433.6000 0.3536
16438.6000 0.3538
16442.4000 0.3539
16443.3000 0.3540
16445.1000 0.3541
16459.9000 0.3542
16465.1000 0.3543
16465.3000 0.3544
16468.7000 0.3545
16490.7000 0.3546
16498.6000 0.3547
16508.1000 0.3548
16513.1000 0.3549
16517.7000 0.3550
16519.8000 0.3551
16520.3000 0.3552
16538.1000 0.3553
16538.8000 0.3554
16540.0000 0.3555
16545.5000 0.3556
16548.5000 0.3557
16549.3000 0.3558
16554.0000 0.3559
16588.5000 0.3560
16596.1000 0.3561
16598.6000 0.3563
16604.7000 0.3564
16605.6000 0.3565
16606.9000 0.3566
16615.0000 0.3567
16622.7000 0.3568
16625.9000 0.3569
16626.2000 0.3570
16641.4000 0.3571
16644.0000 0.3572
16645.8000 0.3573
16646.8000 0.3574
16657.6000 0.3575
16663.3000 0.3576
16668.4000 0.3577
16670.1000 0.3578
16672.4000 0.3579
16680.7000 0.3580
16689.5000 0.3581
16694.0000 0.3582
16702.8000 0.3583
16705.1000 0.3584
16707.5000 0.3585
16714.1000 0.3586
16734.0000 0.3588
16735.1000 0.3589
16740.6000 0.3590
16742.6000 0.3591
16743.2000 0.3592
16743.6000 0.3593
16749.2000 0.3594
16750.0000 0.3595
16753.6000 0.3596
16760.3000 0.3597
16760.6000 0.3598
16762.1000 0.3599
16763.2000 0.3600
16767.3000 0.3601
16773.5000 0.3602
16782.3000 0.3603
16783.7000 0.3604
16787.4000 0.3605
16787.7000 0.3606
16788.4000 0.3607
16790.8000 0.3608
16793.2000 0.3609
16805.9000 0.3610
16806.3000 0.3611
16806.4000 0.3613
16813.0000 0.3614
16822.3000 0.3615
16825.3000 0.3616
16835.4000 0.3617
16843.3000 0.3618
16856.2000 0.3619
16858.4000 0.3620
16861.3000 0.3621
16864.3000 0.3622
16865.6000 0.3623
16871.3000 0.3624
16883.4000 0.3625
16892.2000 0.3626
16893.4000 0.3627
16898.7000 0.3628
16898.8000 0.3629
16907.6000 0.3630
16910.3000 0.3631
16912.6000 0.3632
16912.8000 0.3633
16919.3000 0.3634
16933.4000 0.3635
16936.5000 0.3636
16966.3000 0.3638
16972.8000 0.3639
16980.9000 0.3640
16986.1000 0.3641
16990.0000 0.3642
17003.8000 0.3643
17007.7000 0.3644
17015.2000 0.3645
17016.2000 0.3646
17026.4000 0.3647
17038.7000 0.3648
17040.4000 0.3649
17045.7000 0.3650
17047.5000 0.3651
17055.2000 0.3652
17066.5000 0.3653
17082.6000 0.3654
17086.6000 0.3655
17090.3000 0.3656
17102.7000 0.3657
17103.0000 0.3658
17122.0000 0.3659
17123.1000 0.3660
17129.8000 0.3661
17133.9000 0.3663
17137.9000 0.3664
17140.1000 0.3665
17142.5000 0.3666
17146.7000 0.3667
17149.1000 0.3668
17153.6000 0.3669
17160.4000 0.3670
17167.5000 0.3671
17177.8000 0.3672
17179.2000 0.3673
17184.4000 0.3674
17197.3000 0.3675
17197.6000 0.3676
17201.5000 0.3677
17206.7000 0.3678
17214.7000 0.3679
17216.6000 0.3680
17217.4000 0.3681
17225.5000 0.3682
17235.2000 0.3683
17249.0000 0.3684
17265.1000 0.3685
17268.5000 0.3686
17269.4000 0.3688
17274.1000 0.3689
17282.7000 0.3690
17291.4000 0.3691
17297.3000 0.3692
17304.9000 0.3693
17330.7000 0.3694
17335.4000 0.3695
17341.6000 0.3696
17365.8000 0.3697
17375.3000 0.3698
17377.0000 0.3699
17377.5000 0.3700
17380.9000 0.3701
17382.4000 0.3702
17391.2000 0.3703
17405.7000 0.3704
17406.4000 0.3705
17409.8000 0.3706
17410.2000 0.3707
17413.4000 0.3708
17419.1000 0.3709
17429.5000 0.3710
17430.8000 0.3711
17455.6000 0.3713
17462.5000 0.3714
17489.4000 0.3715
17506.0000 0.3716
17548.1000 0.3717
17580.8000 0.3718
17603.8000 0.3719
17604.8000 0.3720
17613.4000 0.3721
17613.8000 0.3722
17618.8000 0.3723
17653.1000 0.3724
17664.6000 0.3725
17673.2000 0.3726
17689.6000 0.3727
17693.1000 0.3728
17707.1000 0.3729
17720.5000 0.3730
17723.6000 0.3731
17731.9000 0.3732
17733.4000 0.3733
17751.8000 0.3734
17753.5000 0.3735
17753.5000 0.3736
17760.4000 0.3738
17764.0000 0.3739
17764.6000 0.3740
17790.8000 0.3741
17799.7000 0.3742
17805.0000 0.3743
17817.1000 0.3744
17823.9000 0.3745
17840.3000 0.3746
17845.5000 0.3747
17849.0000 0.3748
17849.2000 0.3749
17853.1000 0.3750
17855.7000 0.3751
17859.6000 0.3752
17860.5000 0.3753
17864.4000 0.3754
17872.3000 0.3755
17894.3000 0.3756
17907.4000 0.3757
17909.9000 0.3758
17923.7000 0.3759
17924.6000 0.3760
17948.3000 0.3761
17949.6000 0.3763
17959.5000 0.3764
17990.8000 0.3765
18018.1000 0.3766
18027.5000 0.3767
18040.5000 0.3768
18058.9000 0.3769
18069.5000 0.3770
18076.6000 0.3771
18077.5000 0.3772
18078.9000 0.3773
18098.4000 0.3774
18103.7000 0.3775
18152.3000 0.3776
18175.4000 0.3777
18210.3000 0.3778
18215.2000 0.3779
18267.5000 0.3780
18339.6000 0.3781
18376.4000 0.3782
18387.4000 0.3783
18397.6000 0.3784
18422.2000 0.3785
18427.6000 0.3786
18429.4000 0.3788
18439.2000 0.3789
18492.8000 0.3790
18504.0000 0.3791
18515.8000 0.3792
18539.2000 0.3793
18546.7000 0.3794
18591.7000 0.3795
18600.0000 0.3796
18602.8000 0.3797
18619.9000 0.3798
18630.2000 0.3799
18648.4000 0.3800
18651.2000 0.3801
18717.3000 0.3802
18747.0000 0.3803
18749.3000 0.3804
18750.5000 0.3805
18839.1000 0.3806
18888.0000 0.3807
18900.2000 0.3808
18926.1000 0.3809
18967.7000 0.3810
18994.7000 0.3811
19005.6000 0.3813
19014.2000 0.3814
19050.0000 0.3815
19085.7000 0.3816
19108.9000 0.3817
19132.8000 0.3818
19142.6000 0.3819
19184.8000 0.3820
19204.5000 0.3821
19213.1000 0.3822
19221.5000 0.3823
19229.3000 0.3824
19278.3000 0.3825
19278.4000 0.3826
19280.3000 0.3827
19282.4000 0.3828
19298.1000 0.3829
19325.6000 0.3830
19414.0000 0.3831
19435.4000 0.3832
19513.9000 0.3833
19514.3000 0.3834
19552.2000 0.3835
19596.9000 0.3836
19756.2000 0.3838
19771.5000 0.3839
19870.3000 0.3840
19912.8000 0.3841
19928.1000 0.3842
19962.5000 0.3843
19975.8000 0.3844
19993.7000 0.3845
20039.6000 0.3846
20043.5000 0.3847
20045.8000 0.3848
20058.3000 0.3849
20097.0000 0.3850
20189.1000 0.3851
20206.7000 0.3852
20212.3000 0.3853
20275.6000 0.3854
20280.6000 0.3855
20348.3000 0.3856
20377.0000 0.3857
20531.8000 0.3858
20534.4000 0.3859
20584.6000 0.3860
20637.1000 0.3861
20656.2000 0.3863
21384.4000 0.3864
21619.6000 0.3865
21687.9000 0.3866
21723.3000 0.3867
21903.5000 0.3868
22075.9000 0.3869
