# messageDelay  cumulativeProbability
0.2000 0.0001
0.2000 0.0002
0.2000 0.0003
0.2000 0.0004
0.2000 0.0005
0.2000 0.0006
0.2000 0.0007
0.2000 0.0008
0.2000 0.0009
0.2000 0.0010
0.2000 0.0011
0.2000 0.0013
0.2000 0.0014
0.2000 0.0015
0.2000 0.0016
0.2000 0.0017
0.2000 0.0018
0.2000 0.0019
0.2000 0.0020
0.2000 0.0021
0.2000 0.0022
0.2000 0.0023
0.2000 0.0024
0.2000 0.0025
0.2000 0.0026
52.2000 0.0027
58.6000 0.0028
67.3000 0.0029
69.5000 0.0030
76.4000 0.0031
83.0000 0.0032
87.7000 0.0033
93.1000 0.0034
103.8000 0.0035
107.0000 0.0036
107.2000 0.0037
110.4000 0.0039
115.1000 0.0040
116.7000 0.0041
117.2000 0.0042
119.9000 0.0043
121.0000 0.0044
124.1000 0.0045
124.4000 0.0046
124.5000 0.0047
125.7000 0.0048
133.6000 0.0049
135.2000 0.0050
137.0000 0.0051
137.0000 0.0052
139.5000 0.0053
139.5000 0.0054
143.0000 0.0055
147.2000 0.0056
155.5000 0.0057
157.3000 0.0058
157.6000 0.0059
157.8000 0.0060
158.6000 0.0061
160.6000 0.0062
161.7000 0.0064
161.8000 0.0065
162.1000 0.0066
163.2000 0.0067
163.8000 0.0068
165.5000 0.0069
166.2000 0.0070
167.0000 0.0071
167.4000 0.0072
168.0000 0.0073
170.5000 0.0074
170.6000 0.0075
173.7000 0.0076
173.8000 0.0077
174.5000 0.0078
175.1000 0.0079
177.5000 0.0080
179.0000 0.0081
184.5000 0.0082
187.2000 0.0083
187.6000 0.0084
188.1000 0.0085
188.8000 0.0086
191.2000 0.0087
196.2000 0.0089
196.7000 0.0090
196.8000 0.0091
199.7000 0.0092
200.5000 0.0093
201.7000 0.0094
202.1000 0.0095
202.3000 0.0096
203.0000 0.0097
203.0000 0.0098
205.6000 0.0099
206.0000 0.0100
206.1000 0.0101
206.5000 0.0102
207.9000 0.0103
208.1000 0.0104
209.3000 0.0105
209.9000 0.0106
210.4000 0.0107
211.7000 0.0108
211.7000 0.0109
212.5000 0.0110
213.4000 0.0111
214.9000 0.0113
216.3000 0.0114
216.9000 0.0115
217.4000 0.0116
218.6000 0.0117
219.6000 0.0118
221.0000 0.0119
221.1000 0.0120
221.6000 0.0121
223.6000 0.0122
224.5000 0.0123
226.4000 0.0124
227.5000 0.0125
229.9000 0.0126
233.1000 0.0127
233.1000 0.0128
233.3000 0.0129
234.6000 0.0130
235.0000 0.0131
235.2000 0.0132
235.4000 0.0133
235.4000 0.0134
236.4000 0.0135
237.0000 0.0136
237.5000 0.0138
238.6000 0.0139
238.7000 0.0140
239.4000 0.0141
239.5000 0.0142
239.7000 0.0143
240.4000 0.0144
243.5000 0.0145
243.7000 0.0146
244.2000 0.0147
245.3000 0.0148
245.4000 0.0149
246.4000 0.0150
247.1000 0.0151
248.2000 0.0152
248.7000 0.0153
249.5000 0.0154
250.3000 0.0155
250.5000 0.0156
252.7000 0.0157
254.0000 0.0158
257.6000 0.0159
259.3000 0.0160
260.0000 0.0161
260.6000 0.0163
262.8000 0.0164
264.4000 0.0165
267.7000 0.0166
268.3000 0.0167
270.4000 0.0168
270.6000 0.0169
272.6000 0.0170
273.5000 0.0171
273.9000 0.0172
275.7000 0.0173
275.9000 0.0174
277.1000 0.0175
277.3000 0.0176
277.4000 0.0177
278.3000 0.0178
284.2000 0.0179
284.5000 0.0180
284.6000 0.0181
286.8000 0.0182
287.2000 0.0183
287.2000 0.0184
287.6000 0.0185
291.1000 0.0186
291.3000 0.0188
291.5000 0.0189
294.0000 0.0190
295.3000 0.0191
295.9000 0.0192
296.5000 0.0193
297.2000 0.0194
298.2000 0.0195
298.4000 0.0196
298.8000 0.0197
301.2000 0.0198
303.0000 0.0199
303.2000 0.0200
304.0000 0.0201
304.6000 0.0202
304.8000 0.0203
304.9000 0.0204
305.6000 0.0205
306.0000 0.0206
306.7000 0.0207
306.9000 0.0208
307.8000 0.0209
308.1000 0.0210
309.4000 0.0211
309.7000 0.0212
310.4000 0.0214
310.6000 0.0215
310.7000 0.0216
311.8000 0.0217
316.3000 0.0218
317.8000 0.0219
318.9000 0.0220
319.5000 0.0221
320.2000 0.0222
321.0000 0.0223
323.4000 0.0224
324.0000 0.0225
324.4000 0.0226
324.8000 0.0227
325.1000 0.0228
325.2000 0.0229
326.4000 0.0230
326.8000 0.0231
327.2000 0.0232
331.5000 0.0233
331.8000 0.0234
332.4000 0.0235
332.7000 0.0236
332.9000 0.0237
334.6000 0.0239
336.1000 0.0240
336.1000 0.0241
339.2000 0.0242
339.6000 0.0243
340.1000 0.0244
341.5000 0.0245
342.0000 0.0246
342.9000 0.0247
343.4000 0.0248
343.5000 0.0249
343.8000 0.0250
346.2000 0.0251
346.3000 0.0252
349.6000 0.0253
349.9000 0.0254
350.1000 0.0255
350.5000 0.0256
351.7000 0.0257
356.9000 0.0258
357.6000 0.0259
358.9000 0.0260
360.5000 0.0261
364.3000 0.0262
364.7000 0.0264
365.6000 0.0265
366.0000 0.0266
366.8000 0.0267
367.8000 0.0268
369.7000 0.0269
371.8000 0.0270
373.1000 0.0271
374.6000 0.0272
374.8000 0.0273
379.3000 0.0274
379.5000 0.0275
379.8000 0.0276
380.2000 0.0277
381.4000 0.0278
384.7000 0.0279
385.4000 0.0280
389.6000 0.0281
390.4000 0.0282
391.5000 0.0283
391.9000 0.0284
392.0000 0.0285
392.3000 0.0286
392.8000 0.0287
394.5000 0.0289
395.2000 0.0290
396.0000 0.0291
397.7000 0.0292
397.8000 0.0293
398.2000 0.0294
398.4000 0.0295
398.4000 0.0296
398.9000 0.0297
399.0000 0.0298
400.1000 0.0299
401.0000 0.0300
402.9000 0.0301
404.0000 0.0302
404.2000 0.0303
404.7000 0.0304
407.2000 0.0305
408.4000 0.0306
408.4000 0.0307
409.4000 0.0308
410.3000 0.0309
410.9000 0.0310
412.0000 0.0311
412.8000 0.0312
414.1000 0.0314
414.4000 0.0315
417.5000 0.0316
417.6000 0.0317
417.9000 0.0318
419.4000 0.0319
420.7000 0.0320
420.8000 0.0321
422.9000 0.0322
424.8000 0.0323
425.4000 0.0324
425.4000 0.0325
426.2000 0.0326
427.5000 0.0327
433.7000 0.0328
433.7000 0.0329
435.8000 0.0330
436.0000 0.0331
436.6000 0.0332
438.7000 0.0333
441.6000 0.0334
442.3000 0.0335
448.8000 0.0336
448.9000 0.0337
449.6000 0.0339
450.2000 0.0340
451.5000 0.0341
451.7000 0.0342
451.8000 0.0343
452.3000 0.0344
454.3000 0.0345
456.0000 0.0346
456.6000 0.0347
456.7000 0.0348
457.6000 0.0349
458.1000 0.0350
458.4000 0.0351
459.9000 0.0352
460.1000 0.0353
460.2000 0.0354
462.5000 0.0355
462.9000 0.0356
462.9000 0.0357
464.2000 0.0358
465.0000 0.0359
466.5000 0.0360
467.4000 0.0361
468.0000 0.0362
469.3000 0.0364
469.4000 0.0365
469.7000 0.0366
470.1000 0.0367
470.2000 0.0368
472.2000 0.0369
473.7000 0.0370
474.0000 0.0371
474.1000 0.0372
474.3000 0.0373
474.9000 0.0374
475.2000 0.0375
478.7000 0.0376
480.1000 0.0377
480.3000 0.0378
481.1000 0.0379
481.8000 0.0380
482.0000 0.0381
482.5000 0.0382
482.7000 0.0383
482.9000 0.0384
483.1000 0.0385
483.3000 0.0386
485.2000 0.0388
486.5000 0.0389
487.2000 0.0390
488.1000 0.0391
488.1000 0.0392
488.8000 0.0393
492.7000 0.0394
493.4000 0.0395
494.8000 0.0396
495.6000 0.0397
495.8000 0.0398
496.8000 0.0399
496.8000 0.0400
499.1000 0.0401
500.0000 0.0402
500.3000 0.0403
500.7000 0.0404
500.8000 0.0405
501.6000 0.0406
502.0000 0.0407
503.5000 0.0408
503.6000 0.0409
506.1000 0.0410
506.5000 0.0411
506.8000 0.0413
507.4000 0.0414
508.4000 0.0415
509.6000 0.0416
509.8000 0.0417
510.2000 0.0418
511.4000 0.0419
511.6000 0.0420
512.5000 0.0421
512.6000 0.0422
515.2000 0.0423
515.7000 0.0424
517.9000 0.0425
518.5000 0.0426
519.3000 0.0427
519.5000 0.0428
519.6000 0.0429
520.2000 0.0430
520.5000 0.0431
522.1000 0.0432
524.4000 0.0433
525.0000 0.0434
527.5000 0.0435
528.0000 0.0436
528.1000 0.0438
528.3000 0.0439
530.3000 0.0440
530.7000 0.0441
531.1000 0.0442
533.4000 0.0443
533.5000 0.0444
535.0000 0.0445
535.6000 0.0446
535.7000 0.0447
537.7000 0.0448
538.2000 0.0449
538.4000 0.0450
538.6000 0.0451
539.4000 0.0452
540.8000 0.0453
541.2000 0.0454
542.9000 0.0455
543.2000 0.0456
544.2000 0.0457
545.5000 0.0458
545.7000 0.0459
547.2000 0.0460
548.7000 0.0461
548.8000 0.0463
549.9000 0.0464
551.1000 0.0465
551.3000 0.0466
551.6000 0.0467
553.8000 0.0468
555.8000 0.0469
556.0000 0.0470
556.8000 0.0471
557.4000 0.0472
557.7000 0.0473
559.9000 0.0474
560.2000 0.0475
560.7000 0.0476
563.0000 0.0477
563.8000 0.0478
564.2000 0.0479
566.2000 0.0480
566.2000 0.0481
566.5000 0.0482
567.0000 0.0483
567.1000 0.0484
568.8000 0.0485
569.5000 0.0486
569.5000 0.0488
571.4000 0.0489
571.4000 0.0490
571.5000 0.0491
571.8000 0.0492
572.2000 0.0493
572.3000 0.0494
572.6000 0.0495
573.9000 0.0496
574.6000 0.0497
574.8000 0.0498
575.1000 0.0499
575.2000 0.0500
575.8000 0.0501
576.2000 0.0502
577.6000 0.0503
578.2000 0.0504
578.7000 0.0505
578.9000 0.0506
579.7000 0.0507
580.2000 0.0508
580.8000 0.0509
580.8000 0.0510
581.2000 0.0511
581.9000 0.0513
583.1000 0.0514
583.5000 0.0515
584.0000 0.0516
589.4000 0.0517
590.8000 0.0518
593.4000 0.0519
593.7000 0.0520
593.7000 0.0521
594.1000 0.0522
595.0000 0.0523
595.0000 0.0524
595.6000 0.0525
595.7000 0.0526
595.8000 0.0527
599.0000 0.0528
601.0000 0.0529
602.0000 0.0530
602.1000 0.0531
602.1000 0.0532
602.4000 0.0533
603.9000 0.0534
605.1000 0.0535
605.2000 0.0536
605.9000 0.0538
606.1000 0.0539
606.1000 0.0540
607.3000 0.0541
609.9000 0.0542
610.6000 0.0543
613.2000 0.0544
613.6000 0.0545
614.5000 0.0546
614.6000 0.0547
614.7000 0.0548
616.0000 0.0549
616.1000 0.0550
616.7000 0.0551
618.5000 0.0552
619.1000 0.0553
619.4000 0.0554
620.1000 0.0555
620.8000 0.0556
622.5000 0.0557
623.7000 0.0558
625.8000 0.0559
626.1000 0.0560
626.2000 0.0561
627.0000 0.0563
627.0000 0.0564
627.2000 0.0565
627.8000 0.0566
630.2000 0.0567
631.4000 0.0568
633.4000 0.0569
633.6000 0.0570
635.2000 0.0571
639.9000 0.0572
640.5000 0.0573
640.6000 0.0574
641.0000 0.0575
642.3000 0.0576
643.2000 0.0577
644.4000 0.0578
645.2000 0.0579
648.3000 0.0580
649.2000 0.0581
651.0000 0.0582
652.2000 0.0583
653.7000 0.0584
653.9000 0.0585
654.1000 0.0586
655.1000 0.0588
655.5000 0.0589
656.0000 0.0590
657.1000 0.0591
657.4000 0.0592
657.5000 0.0593
659.5000 0.0594
661.4000 0.0595
661.6000 0.0596
662.9000 0.0597
663.1000 0.0598
664.5000 0.0599
665.5000 0.0600
667.6000 0.0601
668.5000 0.0602
668.6000 0.0603
668.6000 0.0604
669.0000 0.0605
670.7000 0.0606
673.4000 0.0607
674.1000 0.0608
674.3000 0.0609
675.8000 0.0610
677.1000 0.0611
677.1000 0.0613
679.4000 0.0614
680.2000 0.0615
680.7000 0.0616
681.1000 0.0617
681.1000 0.0618
684.8000 0.0619
685.2000 0.0620
685.8000 0.0621
685.8000 0.0622
686.1000 0.0623
686.5000 0.0624
688.9000 0.0625
689.6000 0.0626
690.2000 0.0627
690.3000 0.0628
691.6000 0.0629
694.9000 0.0630
696.1000 0.0631
696.9000 0.0632
697.8000 0.0633
698.5000 0.0634
698.8000 0.0635
699.0000 0.0636
699.3000 0.0638
700.5000 0.0639
701.1000 0.0640
701.2000 0.0641
701.8000 0.0642
701.9000 0.0643
703.9000 0.0644
707.1000 0.0645
707.1000 0.0646
707.6000 0.0647
707.9000 0.0648
708.0000 0.0649
708.3000 0.0650
708.4000 0.0651
709.1000 0.0652
709.8000 0.0653
710.9000 0.0654
712.7000 0.0655
712.8000 0.0656
712.9000 0.0657
712.9000 0.0658
713.0000 0.0659
713.2000 0.0660
713.3000 0.0661
713.3000 0.0663
715.2000 0.0664
715.4000 0.0665
716.6000 0.0666
717.3000 0.0667
718.1000 0.0668
719.8000 0.0669
719.8000 0.0670
721.9000 0.0671
722.1000 0.0672
722.6000 0.0673
722.8000 0.0674
723.9000 0.0675
724.4000 0.0676
724.6000 0.0677
725.1000 0.0678
725.8000 0.0679
727.4000 0.0680
727.7000 0.0681
730.5000 0.0682
731.6000 0.0683
732.1000 0.0684
733.7000 0.0685
734.0000 0.0686
734.0000 0.0688
735.4000 0.0689
736.6000 0.0690
736.9000 0.0691
737.8000 0.0692
738.4000 0.0693
739.6000 0.0694
740.2000 0.0695
740.5000 0.0696
740.9000 0.0697
741.2000 0.0698
743.6000 0.0699
744.4000 0.0700
744.5000 0.0701
746.8000 0.0702
746.9000 0.0703
747.3000 0.0704
747.3000 0.0705
748.5000 0.0706
749.6000 0.0707
750.2000 0.0708
751.0000 0.0709
751.4000 0.0710
751.8000 0.0711
751.9000 0.0713
752.4000 0.0714
752.5000 0.0715
755.6000 0.0716
755.9000 0.0717
756.5000 0.0718
756.5000 0.0719
757.0000 0.0720
757.1000 0.0721
757.7000 0.0722
758.2000 0.0723
759.5000 0.0724
760.1000 0.0725
760.8000 0.0726
761.0000 0.0727
762.0000 0.0728
764.1000 0.0729
764.9000 0.0730
764.9000 0.0731
765.2000 0.0732
768.2000 0.0733
769.5000 0.0734
770.6000 0.0735
771.0000 0.0736
771.9000 0.0738
772.7000 0.0739
773.3000 0.0740
774.8000 0.0741
775.0000 0.0742
775.5000 0.0743
775.6000 0.0744
778.4000 0.0745
778.7000 0.0746
779.1000 0.0747
779.2000 0.0748
781.8000 0.0749
782.0000 0.0750
782.0000 0.0751
782.2000 0.0752
782.5000 0.0753
782.6000 0.0754
783.2000 0.0755
784.4000 0.0756
785.7000 0.0757
786.3000 0.0758
787.4000 0.0759
788.4000 0.0760
788.5000 0.0761
788.9000 0.0763
789.2000 0.0764
790.8000 0.0765
792.0000 0.0766
793.4000 0.0767
794.4000 0.0768
795.9000 0.0769
796.3000 0.0770
797.1000 0.0771
797.3000 0.0772
797.9000 0.0773
798.0000 0.0774
800.3000 0.0775
800.6000 0.0776
801.1000 0.0777
801.4000 0.0778
802.5000 0.0779
802.6000 0.0780
802.8000 0.0781
803.0000 0.0782
804.9000 0.0783
806.7000 0.0784
807.2000 0.0785
807.3000 0.0786
808.3000 0.0788
808.5000 0.0789
809.0000 0.0790
810.1000 0.0791
811.1000 0.0792
811.2000 0.0793
814.1000 0.0794
814.9000 0.0795
815.0000 0.0796
815.2000 0.0797
817.1000 0.0798
821.6000 0.0799
824.3000 0.0800
824.3000 0.0801
825.6000 0.0802
826.1000 0.0803
826.9000 0.0804
827.1000 0.0805
827.4000 0.0806
827.4000 0.0807
827.6000 0.0808
829.4000 0.0809
834.4000 0.0810
834.8000 0.0811
834.9000 0.0813
835.1000 0.0814
836.9000 0.0815
837.3000 0.0816
840.9000 0.0817
842.6000 0.0818
842.8000 0.0819
843.2000 0.0820
843.2000 0.0821
843.9000 0.0822
844.7000 0.0823
846.2000 0.0824
848.6000 0.0825
848.8000 0.0826
849.6000 0.0827
851.0000 0.0828
851.9000 0.0829
852.7000 0.0830
852.7000 0.0831
852.8000 0.0832
853.5000 0.0833
854.0000 0.0834
854.5000 0.0835
855.8000 0.0836
858.6000 0.0838
859.2000 0.0839
861.2000 0.0840
863.0000 0.0841
863.6000 0.0842
863.7000 0.0843
864.0000 0.0844
864.9000 0.0845
866.6000 0.0846
866.9000 0.0847
868.0000 0.0848
868.1000 0.0849
868.2000 0.0850
868.4000 0.0851
868.7000 0.0852
869.3000 0.0853
872.6000 0.0854
873.8000 0.0855
877.6000 0.0856
878.2000 0.0857
878.7000 0.0858
879.4000 0.0859
879.6000 0.0860
880.5000 0.0861
882.2000 0.0863
882.2000 0.0864
882.4000 0.0865
882.5000 0.0866
883.9000 0.0867
884.7000 0.0868
885.3000 0.0869
885.8000 0.0870
886.1000 0.0871
886.3000 0.0872
887.4000 0.0873
888.8000 0.0874
889.5000 0.0875
889.9000 0.0876
892.9000 0.0877
893.1000 0.0878
893.4000 0.0879
893.4000 0.0880
894.1000 0.0881
894.5000 0.0882
895.4000 0.0883
895.5000 0.0884
896.6000 0.0885
898.8000 0.0886
899.0000 0.0888
902.1000 0.0889
902.4000 0.0890
902.8000 0.0891
903.2000 0.0892
906.5000 0.0893
906.9000 0.0894
908.4000 0.0895
908.7000 0.0896
908.9000 0.0897
909.1000 0.0898
909.4000 0.0899
909.9000 0.0900
913.7000 0.0901
914.4000 0.0902
917.6000 0.0903
918.1000 0.0904
918.3000 0.0905
918.3000 0.0906
918.4000 0.0907
918.6000 0.0908
918.7000 0.0909
919.1000 0.0910
919.5000 0.0911
920.5000 0.0913
921.9000 0.0914
924.2000 0.0915
924.9000 0.0916
925.0000 0.0917
925.6000 0.0918
929.4000 0.0919
930.2000 0.0920
930.2000 0.0921
930.5000 0.0922
930.7000 0.0923
930.8000 0.0924
931.3000 0.0925
931.6000 0.0926
932.1000 0.0927
932.1000 0.0928
933.2000 0.0929
937.0000 0.0930
937.4000 0.0931
938.0000 0.0932
938.0000 0.0933
938.7000 0.0934
939.8000 0.0935
940.0000 0.0936
941.2000 0.0938
941.4000 0.0939
943.1000 0.0940
943.7000 0.0941
944.4000 0.0942
944.4000 0.0943
944.6000 0.0944
948.8000 0.0945
949.3000 0.0946
950.6000 0.0947
952.8000 0.0948
954.2000 0.0949
954.8000 0.0950
955.1000 0.0951
956.0000 0.0952
957.3000 0.0953
957.9000 0.0954
958.1000 0.0955
958.3000 0.0956
958.5000 0.0957
958.9000 0.0958
959.4000 0.0959
960.5000 0.0960
962.2000 0.0961
963.8000 0.0963
965.0000 0.0964
966.7000 0.0965
966.9000 0.0966
968.6000 0.0967
968.8000 0.0968
970.4000 0.0969
974.0000 0.0970
974.5000 0.0971
974.8000 0.0972
976.9000 0.0973
977.0000 0.0974
977.0000 0.0975
977.3000 0.0976
977.6000 0.0977
977.7000 0.0978
977.7000 0.0979
977.7000 0.0980
978.6000 0.0981
980.3000 0.0982
982.2000 0.0983
983.0000 0.0984
983.1000 0.0985
983.5000 0.0986
984.4000 0.0988
984.9000 0.0989
986.0000 0.0990
986.0000 0.0991
986.8000 0.0992
988.9000 0.0993
989.0000 0.0994
990.3000 0.0995
992.5000 0.0996
993.5000 0.0997
993.8000 0.0998
994.6000 0.0999
997.3000 0.1000
997.9000 0.1001
998.6000 0.1002
1002.7000 0.1003
1003.2000 0.1004
1003.8000 0.1005
1004.1000 0.1006
1007.5000 0.1007
1008.0000 0.1008
1008.6000 0.1009
1009.4000 0.1010
1009.5000 0.1011
1010.2000 0.1013
1012.6000 0.1014
1013.4000 0.1015
1013.6000 0.1016
1014.1000 0.1017
1014.6000 0.1018
1015.3000 0.1019
1015.8000 0.1020
1015.9000 0.1021
1017.1000 0.1022
1018.9000 0.1023
1018.9000 0.1024
1019.9000 0.1025
1020.6000 0.1026
1021.8000 0.1027
1023.4000 0.1028
1023.6000 0.1029
1023.8000 0.1030
1026.1000 0.1031
1026.2000 0.1032
1028.6000 0.1033
1029.6000 0.1034
1030.8000 0.1035
1030.9000 0.1036
1030.9000 0.1038
1031.4000 0.1039
1033.4000 0.1040
1033.8000 0.1041
1035.9000 0.1042
1039.0000 0.1043
1040.8000 0.1044
1041.2000 0.1045
1043.7000 0.1046
1045.6000 0.1047
1046.9000 0.1048
1047.0000 0.1049
1047.9000 0.1050
1048.4000 0.1051
1050.4000 0.1052
1051.7000 0.1053
1051.9000 0.1054
1052.5000 0.1055
1055.1000 0.1056
1055.7000 0.1057
1055.8000 0.1058
1057.4000 0.1059
1058.7000 0.1060
1061.2000 0.1061
1061.3000 0.1063
1061.4000 0.1064
1063.3000 0.1065
1064.8000 0.1066
1065.2000 0.1067
1065.5000 0.1068
1065.9000 0.1069
1066.9000 0.1070
1067.8000 0.1071
1067.9000 0.1072
1068.0000 0.1073
1068.1000 0.1074
1068.8000 0.1075
1069.0000 0.1076
1069.7000 0.1077
1069.8000 0.1078
1070.1000 0.1079
1071.0000 0.1080
1071.8000 0.1081
1072.4000 0.1082
1075.3000 0.1083
1076.9000 0.1084
1077.0000 0.1085
1078.9000 0.1086
1079.9000 0.1088
1080.0000 0.1089
1080.3000 0.1090
1082.6000 0.1091
1084.1000 0.1092
1084.4000 0.1093
1085.2000 0.1094
1085.8000 0.1095
1086.7000 0.1096
1088.5000 0.1097
1090.2000 0.1098
1090.8000 0.1099
1093.1000 0.1100
1093.4000 0.1101
1093.9000 0.1102
1094.4000 0.1103
1095.2000 0.1104
1097.0000 0.1105
1097.8000 0.1106
1099.4000 0.1107
1099.6000 0.1108
1101.2000 0.1109
1102.3000 0.1110
1103.0000 0.1111
1103.2000 0.1113
1103.7000 0.1114
1104.3000 0.1115
1105.6000 0.1116
1107.2000 0.1117
1107.5000 0.1118
1108.5000 0.1119
1108.8000 0.1120
1109.2000 0.1121
1109.9000 0.1122
1109.9000 0.1123
1111.2000 0.1124
1111.3000 0.1125
1113.2000 0.1126
1113.9000 0.1127
1115.8000 0.1128
1116.7000 0.1129
1117.3000 0.1130
1122.5000 0.1131
1124.8000 0.1132
1125.1000 0.1133
1125.5000 0.1134
1126.0000 0.1135
1127.5000 0.1136
1127.8000 0.1138
1129.2000 0.1139
1129.3000 0.1140
1129.9000 0.1141
1131.0000 0.1142
1133.4000 0.1143
1135.9000 0.1144
1137.3000 0.1145
1139.2000 0.1146
1139.8000 0.1147
1140.1000 0.1148
1142.0000 0.1149
1142.1000 0.1150
1142.9000 0.1151
1146.3000 0.1152
1147.0000 0.1153
1147.6000 0.1154
1148.7000 0.1155
1150.8000 0.1156
1151.6000 0.1157
1153.5000 0.1158
1153.6000 0.1159
1155.7000 0.1160
1155.7000 0.1161
1156.0000 0.1163
1156.2000 0.1164
1159.4000 0.1165
1159.5000 0.1166
1160.5000 0.1167
1161.4000 0.1168
1162.8000 0.1169
1162.8000 0.1170
1163.0000 0.1171
1164.8000 0.1172
1165.8000 0.1173
1167.1000 0.1174
1171.1000 0.1175
1171.4000 0.1176
1174.7000 0.1177
1177.7000 0.1178
1180.4000 0.1179
1184.2000 0.1180
1185.9000 0.1181
1186.5000 0.1182
1186.5000 0.1183
1188.1000 0.1184
1190.6000 0.1185
1190.6000 0.1186
1192.0000 0.1188
1192.9000 0.1189
1193.2000 0.1190
1193.4000 0.1191
1196.6000 0.1192
1198.9000 0.1193
1199.8000 0.1194
1200.7000 0.1195
1204.1000 0.1196
1204.8000 0.1197
1205.1000 0.1198
1207.3000 0.1199
1208.4000 0.1200
1211.8000 0.1201
1212.5000 0.1202
1213.0000 0.1203
1214.9000 0.1204
1225.4000 0.1205
1225.7000 0.1206
1225.9000 0.1207
1226.8000 0.1208
1232.3000 0.1209
1232.4000 0.1210
1234.2000 0.1211
1235.9000 0.1213
1240.2000 0.1214
1241.9000 0.1215
1244.2000 0.1216
1244.8000 0.1217
1244.9000 0.1218
1245.2000 0.1219
1245.3000 0.1220
1247.4000 0.1221
1247.4000 0.1222
1247.9000 0.1223
1247.9000 0.1224
1248.6000 0.1225
1249.5000 0.1226
1249.6000 0.1227
1249.9000 0.1228
1250.4000 0.1229
1253.7000 0.1230
1255.9000 0.1231
1256.1000 0.1232
1259.0000 0.1233
1261.4000 0.1234
1262.8000 0.1235
1264.7000 0.1236
1264.9000 0.1238
1266.3000 0.1239
1267.7000 0.1240
1268.1000 0.1241
1270.0000 0.1242
1274.7000 0.1243
1275.7000 0.1244
1277.6000 0.1245
1277.9000 0.1246
1278.8000 0.1247
1279.1000 0.1248
1279.4000 0.1249
1279.6000 0.1250
1279.8000 0.1251
1280.8000 0.1252
1284.4000 0.1253
1285.0000 0.1254
1285.5000 0.1255
1289.7000 0.1256
1289.8000 0.1257
1293.1000 0.1258
1293.2000 0.1259
1294.7000 0.1260
1295.5000 0.1261
1296.0000 0.1263
1296.4000 0.1264
1296.7000 0.1265
1301.3000 0.1266
1301.9000 0.1267
1302.1000 0.1268
1302.5000 0.1269
1302.9000 0.1270
1303.3000 0.1271
1303.3000 0.1272
1307.6000 0.1273
1307.8000 0.1274
1308.2000 0.1275
1311.9000 0.1276
1312.1000 0.1277
1315.7000 0.1278
1315.8000 0.1279
1317.2000 0.1280
1319.8000 0.1281
1320.8000 0.1282
1321.6000 0.1283
1324.4000 0.1284
1324.5000 0.1285
1325.4000 0.1286
1326.5000 0.1288
1326.7000 0.1289
1327.3000 0.1290
1328.5000 0.1291
1330.1000 0.1292
1331.8000 0.1293
1332.1000 0.1294
1336.6000 0.1295
1337.2000 0.1296
1339.1000 0.1297
1339.4000 0.1298
1340.9000 0.1299
1341.7000 0.1300
1342.8000 0.1301
1343.1000 0.1302
1346.2000 0.1303
1347.2000 0.1304
1347.9000 0.1305
1349.0000 0.1306
1350.4000 0.1307
1350.8000 0.1308
1351.6000 0.1309
1353.4000 0.1310
1354.7000 0.1311
1356.8000 0.1313
1358.3000 0.1314
1360.7000 0.1315
1361.0000 0.1316
1363.2000 0.1317
1371.3000 0.1318
1374.4000 0.1319
1376.6000 0.1320
1377.6000 0.1321
1378.1000 0.1322
1379.9000 0.1323
1380.1000 0.1324
1387.4000 0.1325
1387.5000 0.1326
1387.5000 0.1327
1388.0000 0.1328
1391.0000 0.1329
1392.0000 0.1330
1393.1000 0.1331
1395.1000 0.1332
1396.5000 0.1333
1396.8000 0.1334
1397.6000 0.1335
1398.2000 0.1336
1401.5000 0.1338
1403.1000 0.1339
1404.7000 0.1340
1405.5000 0.1341
1407.3000 0.1342
1408.6000 0.1343
1408.9000 0.1344
1413.4000 0.1345
1414.3000 0.1346
1414.8000 0.1347
1415.0000 0.1348
1415.3000 0.1349
1417.8000 0.1350
1419.5000 0.1351
1421.5000 0.1352
1421.9000 0.1353
1422.2000 0.1354
1422.8000 0.1355
1424.6000 0.1356
1425.4000 0.1357
1427.9000 0.1358
1430.0000 0.1359
1430.9000 0.1360
1432.7000 0.1361
1433.7000 0.1363
1436.0000 0.1364
1438.1000 0.1365
1440.8000 0.1366
1441.0000 0.1367
1441.8000 0.1368
1443.7000 0.1369
1446.5000 0.1370
1448.6000 0.1371
1449.7000 0.1372
1450.9000 0.1373
1451.2000 0.1374
1453.2000 0.1375
1454.8000 0.1376
1456.7000 0.1377
1457.0000 0.1378
1457.9000 0.1379
1458.4000 0.1380
1458.6000 0.1381
1460.2000 0.1382
1461.0000 0.1383
1461.9000 0.1384
1462.4000 0.1385
1464.1000 0.1386
1464.5000 0.1388
1466.4000 0.1389
1466.5000 0.1390
1466.8000 0.1391
1466.8000 0.1392
1471.1000 0.1393
1473.2000 0.1394
1475.5000 0.1395
1478.9000 0.1396
1479.8000 0.1397
1480.3000 0.1398
1491.0000 0.1399
1491.2000 0.1400
1493.6000 0.1401
1496.7000 0.1402
1498.5000 0.1403
1498.5000 0.1404
1499.6000 0.1405
1502.1000 0.1406
1502.3000 0.1407
1504.5000 0.1408
1505.6000 0.1409
1505.9000 0.1410
1507.0000 0.1411
1509.8000 0.1413
1509.9000 0.1414
1510.0000 0.1415
1510.3000 0.1416
1511.7000 0.1417
1513.3000 0.1418
1514.2000 0.1419
1514.3000 0.1420
1514.9000 0.1421
1515.2000 0.1422
1515.7000 0.1423
1516.3000 0.1424
1519.4000 0.1425
1520.6000 0.1426
1524.1000 0.1427
1525.4000 0.1428
1525.7000 0.1429
1535.8000 0.1430
1537.0000 0.1431
1537.9000 0.1432
1541.7000 0.1433
1542.6000 0.1434
1543.1000 0.1435
1543.1000 0.1436
1543.5000 0.1437
1549.7000 0.1439
1551.5000 0.1440
1553.6000 0.1441
1554.2000 0.1442
1555.0000 0.1443
1561.5000 0.1444
1563.5000 0.1445
1563.6000 0.1446
1566.4000 0.1447
1568.6000 0.1448
1569.0000 0.1449
1570.3000 0.1450
1574.4000 0.1451
1575.3000 0.1452
1575.7000 0.1453
1578.8000 0.1454
1584.1000 0.1455
1584.9000 0.1456
1586.2000 0.1457
1587.1000 0.1458
1590.9000 0.1459
1594.4000 0.1460
1596.4000 0.1461
1596.8000 0.1462
1598.0000 0.1464
1602.5000 0.1465
1602.9000 0.1466
1603.9000 0.1467
1604.2000 0.1468
1606.8000 0.1469
1612.3000 0.1470
1612.3000 0.1471
1615.5000 0.1472
1616.9000 0.1473
1619.0000 0.1474
1619.0000 0.1475
1619.5000 0.1476
1621.6000 0.1477
1622.3000 0.1478
1624.1000 0.1479
1625.5000 0.1480
1625.8000 0.1481
1628.7000 0.1482
1629.4000 0.1483
1630.1000 0.1484
1635.6000 0.1485
1635.7000 0.1486
1636.6000 0.1487
1637.1000 0.1489
1637.7000 0.1490
1641.3000 0.1491
1641.4000 0.1492
1641.7000 0.1493
1642.2000 0.1494
1647.3000 0.1495
1650.0000 0.1496
1651.2000 0.1497
1653.1000 0.1498
1653.9000 0.1499
1658.0000 0.1500
1660.3000 0.1501
1660.4000 0.1502
1661.0000 0.1503
1661.5000 0.1504
1664.8000 0.1505
1667.4000 0.1506
1670.4000 0.1507
1670.5000 0.1508
1672.7000 0.1509
1672.9000 0.1510
1673.0000 0.1511
1674.8000 0.1512
1677.0000 0.1514
1678.7000 0.1515
1679.7000 0.1516
1683.5000 0.1517
1686.4000 0.1518
1687.6000 0.1519
1688.7000 0.1520
1689.5000 0.1521
1690.1000 0.1522
1690.1000 0.1523
1690.8000 0.1524
1695.0000 0.1525
1697.2000 0.1526
1698.5000 0.1527
1698.8000 0.1528
1700.9000 0.1529
1703.5000 0.1530
1703.7000 0.1531
1706.8000 0.1532
1707.5000 0.1533
1710.4000 0.1534
1716.9000 0.1535
1719.5000 0.1536
1721.1000 0.1537
1724.0000 0.1539
1724.3000 0.1540
1724.7000 0.1541
1725.8000 0.1542
1726.0000 0.1543
1726.9000 0.1544
1728.0000 0.1545
1729.5000 0.1546
1730.8000 0.1547
1732.6000 0.1548
1733.9000 0.1549
1735.1000 0.1550
1736.9000 0.1551
1738.2000 0.1552
1744.2000 0.1553
1744.6000 0.1554
1748.6000 0.1555
1749.3000 0.1556
1751.0000 0.1557
1752.4000 0.1558
1753.7000 0.1559
1755.0000 0.1560
1759.2000 0.1561
1759.3000 0.1562
1762.8000 0.1564
1763.1000 0.1565
1767.2000 0.1566
1769.6000 0.1567
1770.1000 0.1568
1772.7000 0.1569
1774.6000 0.1570
1781.0000 0.1571
1784.3000 0.1572
1789.4000 0.1573
1790.1000 0.1574
1791.1000 0.1575
1791.8000 0.1576
1793.0000 0.1577
1793.2000 0.1578
1796.8000 0.1579
1797.5000 0.1580
1799.9000 0.1581
1805.3000 0.1582
1805.6000 0.1583
1806.1000 0.1584
1808.4000 0.1585
1809.5000 0.1586
1812.3000 0.1587
1814.8000 0.1589
1815.3000 0.1590
1815.9000 0.1591
1816.3000 0.1592
1817.8000 0.1593
1820.3000 0.1594
1822.6000 0.1595
1825.1000 0.1596
1825.1000 0.1597
1825.7000 0.1598
1829.5000 0.1599
1837.4000 0.1600
1839.6000 0.1601
1839.8000 0.1602
1842.4000 0.1603
1842.6000 0.1604
1845.0000 0.1605
1845.4000 0.1606
1846.9000 0.1607
1847.7000 0.1608
1852.5000 0.1609
1858.8000 0.1610
1861.3000 0.1611
1861.9000 0.1612
1865.1000 0.1614
1865.6000 0.1615
1866.0000 0.1616
1868.1000 0.1617
1870.8000 0.1618
1871.2000 0.1619
1871.4000 0.1620
1871.6000 0.1621
1872.4000 0.1622
1876.1000 0.1623
1877.1000 0.1624
1877.7000 0.1625
1877.8000 0.1626
1878.0000 0.1627
1880.2000 0.1628
1882.3000 0.1629
1882.6000 0.1630
1884.7000 0.1631
1888.9000 0.1632
1889.6000 0.1633
1890.0000 0.1634
1891.8000 0.1635
1893.1000 0.1636
1897.6000 0.1637
1897.6000 0.1639
1900.2000 0.1640
1900.6000 0.1641
1901.9000 0.1642
1908.8000 0.1643
1923.4000 0.1644
1930.2000 0.1645
1937.9000 0.1646
1938.8000 0.1647
1939.6000 0.1648
1947.9000 0.1649
1949.1000 0.1650
1949.2000 0.1651
1949.4000 0.1652
1951.8000 0.1653
1954.5000 0.1654
1957.4000 0.1655
1958.4000 0.1656
1961.6000 0.1657
1961.8000 0.1658
1962.4000 0.1659
1967.6000 0.1660
1968.8000 0.1661
1974.4000 0.1662
1974.8000 0.1664
1977.2000 0.1665
1980.3000 0.1666
1980.5000 0.1667
1984.7000 0.1668
1984.7000 0.1669
1986.5000 0.1670
1989.7000 0.1671
1992.6000 0.1672
1993.4000 0.1673
1994.9000 0.1674
1996.8000 0.1675
2001.2000 0.1676
2003.5000 0.1677
2003.5000 0.1678
2006.7000 0.1679
2010.4000 0.1680
2013.5000 0.1681
2014.2000 0.1682
2014.8000 0.1683
2015.3000 0.1684
2020.0000 0.1685
2024.6000 0.1686
2024.6000 0.1687
2027.2000 0.1689
2029.2000 0.1690
2031.0000 0.1691
2031.6000 0.1692
2034.6000 0.1693
2036.2000 0.1694
2045.4000 0.1695
2045.8000 0.1696
2046.8000 0.1697
2048.9000 0.1698
2052.5000 0.1699
2055.2000 0.1700
2064.9000 0.1701
2070.2000 0.1702
2070.6000 0.1703
2073.7000 0.1704
2081.3000 0.1705
2089.7000 0.1706
2091.7000 0.1707
2093.1000 0.1708
2097.1000 0.1709
2097.7000 0.1710
2099.8000 0.1711
2101.7000 0.1712
2115.1000 0.1714
2115.2000 0.1715
2116.8000 0.1716
2120.2000 0.1717
2120.6000 0.1718
2136.6000 0.1719
2137.7000 0.1720
2138.5000 0.1721
2147.2000 0.1722
2147.3000 0.1723
2154.5000 0.1724
2156.9000 0.1725
2157.3000 0.1726
2160.0000 0.1727
2161.9000 0.1728
2164.4000 0.1729
2166.8000 0.1730
2167.5000 0.1731
2168.4000 0.1732
2169.0000 0.1733
2172.7000 0.1734
2181.5000 0.1735
2184.0000 0.1736
2189.5000 0.1737
2192.7000 0.1739
2197.1000 0.1740
2202.6000 0.1741
2204.3000 0.1742
2213.1000 0.1743
2217.2000 0.1744
2220.0000 0.1745
2228.0000 0.1746
2233.3000 0.1747
2240.1000 0.1748
2246.8000 0.1749
2254.5000 0.1750
2267.2000 0.1751
2268.8000 0.1752
2274.0000 0.1753
2278.8000 0.1754
2279.8000 0.1755
2282.8000 0.1756
2287.7000 0.1757
2295.6000 0.1758
2297.6000 0.1759
2301.4000 0.1760
2304.9000 0.1761
2307.0000 0.1762
2310.7000 0.1764
2320.2000 0.1765
2331.4000 0.1766
2334.4000 0.1767
2337.0000 0.1768
2344.4000 0.1769
2345.9000 0.1770
2349.3000 0.1771
2349.9000 0.1772
2350.4000 0.1773
2353.7000 0.1774
2355.1000 0.1775
2359.3000 0.1776
2361.1000 0.1777
2370.2000 0.1778
2376.6000 0.1779
2381.6000 0.1780
2383.8000 0.1781
2385.7000 0.1782
2385.7000 0.1783
2389.8000 0.1784
2391.0000 0.1785
2392.5000 0.1786
2394.2000 0.1787
2396.6000 0.1789
2426.8000 0.1790
2454.5000 0.1791
2455.3000 0.1792
2455.5000 0.1793
2464.4000 0.1794
2481.1000 0.1795
2484.9000 0.1796
2489.8000 0.1797
2490.2000 0.1798
2495.7000 0.1799
2498.9000 0.1800
2500.9000 0.1801
2509.0000 0.1802
2511.7000 0.1803
2518.4000 0.1804
2518.7000 0.1805
2523.8000 0.1806
2531.6000 0.1807
2545.8000 0.1808
2554.7000 0.1809
2554.9000 0.1810
2565.3000 0.1811
2569.0000 0.1812
2573.3000 0.1814
2578.9000 0.1815
2580.7000 0.1816
2580.8000 0.1817
2589.0000 0.1818
2593.7000 0.1819
2599.3000 0.1820
2608.2000 0.1821
2610.0000 0.1822
2629.7000 0.1823
2656.5000 0.1824
2658.7000 0.1825
2667.8000 0.1826
2670.4000 0.1827
2673.8000 0.1828
2675.5000 0.1829
2681.2000 0.1830
2686.1000 0.1831
2688.4000 0.1832
2694.7000 0.1833
2696.3000 0.1834
2700.5000 0.1835
2706.9000 0.1836
2707.0000 0.1837
2711.0000 0.1839
2716.8000 0.1840
2718.3000 0.1841
2722.7000 0.1842
2726.4000 0.1843
2728.6000 0.1844
2728.7000 0.1845
2738.2000 0.1846
2742.2000 0.1847
2743.5000 0.1848
2744.7000 0.1849
2753.3000 0.1850
2756.6000 0.1851
2764.8000 0.1852
2768.4000 0.1853
2771.7000 0.1854
2774.4000 0.1855
2782.6000 0.1856
2788.6000 0.1857
2789.5000 0.1858
2793.3000 0.1859
2797.0000 0.1860
2797.1000 0.1861
2802.3000 0.1862
2804.9000 0.1864
2809.8000 0.1865
2812.4000 0.1866
2815.3000 0.1867
2822.7000 0.1868
2839.0000 0.1869
2846.9000 0.1870
2854.8000 0.1871
2860.8000 0.1872
2868.1000 0.1873
2868.3000 0.1874
2879.9000 0.1875
2879.9000 0.1876
2892.4000 0.1877
2896.5000 0.1878
2897.1000 0.1879
2903.4000 0.1880
2915.7000 0.1881
2917.3000 0.1882
2930.5000 0.1883
2931.3000 0.1884
2937.7000 0.1885
2937.9000 0.1886
2942.3000 0.1887
2946.5000 0.1889
2953.0000 0.1890
2956.3000 0.1891
2968.7000 0.1892
2974.9000 0.1893
2981.6000 0.1894
2981.9000 0.1895
2984.1000 0.1896
2990.4000 0.1897
3000.1000 0.1898
3004.8000 0.1899
3006.0000 0.1900
3008.5000 0.1901
3013.5000 0.1902
3028.8000 0.1903
3035.6000 0.1904
3035.8000 0.1905
3038.5000 0.1906
3039.2000 0.1907
3040.6000 0.1908
3044.7000 0.1909
3047.8000 0.1910
3051.1000 0.1911
3061.0000 0.1912
3062.2000 0.1914
3067.1000 0.1915
3073.3000 0.1916
3099.2000 0.1917
3110.5000 0.1918
3117.2000 0.1919
3128.1000 0.1920
3129.4000 0.1921
3141.2000 0.1922
3150.0000 0.1923
3150.8000 0.1924
3152.8000 0.1925
3161.7000 0.1926
3161.7000 0.1927
3162.6000 0.1928
3172.5000 0.1929
3179.0000 0.1930
3184.5000 0.1931
3202.4000 0.1932
3213.5000 0.1933
3214.1000 0.1934
3218.1000 0.1935
3218.2000 0.1936
3223.1000 0.1937
3227.0000 0.1939
3231.1000 0.1940
3234.1000 0.1941
3234.4000 0.1942
3243.2000 0.1943
3248.5000 0.1944
3258.2000 0.1945
3263.6000 0.1946
3271.6000 0.1947
3291.2000 0.1948
3299.6000 0.1949
3315.1000 0.1950
3322.0000 0.1951
3332.4000 0.1952
3333.4000 0.1953
3335.5000 0.1954
3341.4000 0.1955
3357.9000 0.1956
3363.8000 0.1957
3365.0000 0.1958
3369.4000 0.1959
3370.2000 0.1960
3374.0000 0.1961
3380.3000 0.1962
3383.7000 0.1964
3386.7000 0.1965
3390.1000 0.1966
3392.4000 0.1967
3422.7000 0.1968
3423.6000 0.1969
3431.7000 0.1970
3435.6000 0.1971
3442.0000 0.1972
3444.1000 0.1973
3447.4000 0.1974
3450.2000 0.1975
3450.9000 0.1976
3451.9000 0.1977
3459.1000 0.1978
3463.6000 0.1979
3468.2000 0.1980
3479.6000 0.1981
3492.2000 0.1982
3495.6000 0.1983
3495.6000 0.1984
3502.2000 0.1985
3513.6000 0.1986
3523.4000 0.1987
3529.1000 0.1989
3542.2000 0.1990
3558.1000 0.1991
3558.2000 0.1992
3560.3000 0.1993
3560.7000 0.1994
3565.1000 0.1995
3578.7000 0.1996
3579.7000 0.1997
3583.2000 0.1998
3606.2000 0.1999
3607.3000 0.2000
3614.6000 0.2001
3616.1000 0.2002
3617.1000 0.2003
3633.1000 0.2004
3638.3000 0.2005
3645.9000 0.2006
3649.4000 0.2007
3656.5000 0.2008
3670.8000 0.2009
3677.0000 0.2010
3682.5000 0.2011
3694.2000 0.2012
3704.4000 0.2014
3711.9000 0.2015
3722.2000 0.2016
3727.0000 0.2017
3733.7000 0.2018
3748.6000 0.2019
3764.5000 0.2020
3771.7000 0.2021
3781.4000 0.2022
3783.9000 0.2023
3786.8000 0.2024
3788.5000 0.2025
3793.7000 0.2026
3800.0000 0.2027
3803.4000 0.2028
3804.3000 0.2029
3810.5000 0.2030
3817.9000 0.2031
3829.6000 0.2032
3831.0000 0.2033
3844.2000 0.2034
3858.7000 0.2035
3890.0000 0.2036
3896.0000 0.2037
3903.2000 0.2039
3913.6000 0.2040
3920.7000 0.2041
3922.3000 0.2042
3928.0000 0.2043
3931.1000 0.2044
3940.7000 0.2045
3947.6000 0.2046
3948.2000 0.2047
3949.6000 0.2048
3950.6000 0.2049
3956.1000 0.2050
3958.4000 0.2051
3962.8000 0.2052
3968.5000 0.2053
3969.0000 0.2054
3978.2000 0.2055
3983.8000 0.2056
3986.4000 0.2057
3991.0000 0.2058
3992.7000 0.2059
3993.0000 0.2060
3999.0000 0.2061
4000.2000 0.2062
4016.1000 0.2064
4031.8000 0.2065
4031.9000 0.2066
4040.9000 0.2067
4042.5000 0.2068
4044.6000 0.2069
4045.7000 0.2070
4046.8000 0.2071
4048.7000 0.2072
4069.9000 0.2073
4070.3000 0.2074
4072.9000 0.2075
4084.6000 0.2076
4089.1000 0.2077
4089.3000 0.2078
4090.6000 0.2079
4091.4000 0.2080
4093.2000 0.2081
4095.2000 0.2082
4102.1000 0.2083
4105.4000 0.2084
4108.8000 0.2085
4124.1000 0.2086
4125.3000 0.2087
4127.6000 0.2089
4140.0000 0.2090
4142.0000 0.2091
4142.0000 0.2092
4142.4000 0.2093
4150.1000 0.2094
4156.5000 0.2095
4165.8000 0.2096
4182.8000 0.2097
4183.5000 0.2098
4186.1000 0.2099
4200.1000 0.2100
4211.6000 0.2101
4216.5000 0.2102
4227.6000 0.2103
4238.8000 0.2104
4240.2000 0.2105
4244.4000 0.2106
4245.0000 0.2107
4251.4000 0.2108
4264.2000 0.2109
4281.0000 0.2110
4286.9000 0.2111
4295.9000 0.2112
4298.2000 0.2114
4301.2000 0.2115
4303.7000 0.2116
4308.9000 0.2117
4317.0000 0.2118
4318.7000 0.2119
4332.3000 0.2120
4334.7000 0.2121
4337.3000 0.2122
4341.8000 0.2123
4352.6000 0.2124
4358.3000 0.2125
4365.4000 0.2126
4371.9000 0.2127
4393.3000 0.2128
4401.6000 0.2129
4406.5000 0.2130
4408.0000 0.2131
4427.1000 0.2132
4429.4000 0.2133
4452.5000 0.2134
4458.5000 0.2135
4459.5000 0.2136
4460.8000 0.2137
4467.4000 0.2139
4469.6000 0.2140
4471.3000 0.2141
4484.8000 0.2142
4508.1000 0.2143
4531.3000 0.2144
4535.2000 0.2145
4548.2000 0.2146
4559.4000 0.2147
4569.3000 0.2148
4575.9000 0.2149
4579.0000 0.2150
4589.4000 0.2151
4594.6000 0.2152
4601.8000 0.2153
4605.6000 0.2154
4607.9000 0.2155
4609.9000 0.2156
4613.2000 0.2157
4622.8000 0.2158
4626.5000 0.2159
4633.8000 0.2160
4650.1000 0.2161
4652.6000 0.2162
4653.7000 0.2164
4668.9000 0.2165
4678.0000 0.2166
4678.4000 0.2167
4679.0000 0.2168
4680.0000 0.2169
4681.3000 0.2170
4684.4000 0.2171
4690.2000 0.2172
4691.7000 0.2173
4705.9000 0.2174
4723.2000 0.2175
4724.8000 0.2176
4735.1000 0.2177
4737.6000 0.2178
4747.7000 0.2179
4754.0000 0.2180
4768.2000 0.2181
4768.6000 0.2182
4785.3000 0.2183
4799.6000 0.2184
4803.8000 0.2185
4824.0000 0.2186
4835.5000 0.2187
4837.7000 0.2189
4841.0000 0.2190
4842.5000 0.2191
4847.8000 0.2192
4853.9000 0.2193
4855.6000 0.2194
4859.7000 0.2195
4867.6000 0.2196
4870.9000 0.2197
4879.2000 0.2198
4885.8000 0.2199
4898.3000 0.2200
4898.7000 0.2201
4915.5000 0.2202
4915.9000 0.2203
4949.6000 0.2204
4965.1000 0.2205
4966.1000 0.2206
4972.9000 0.2207
4983.4000 0.2208
4990.3000 0.2209
5001.9000 0.2210
5013.6000 0.2211
5032.1000 0.2212
5035.7000 0.2214
5049.2000 0.2215
5050.2000 0.2216
5061.6000 0.2217
5062.7000 0.2218
5074.2000 0.2219
5076.3000 0.2220
5083.1000 0.2221
5123.6000 0.2222
5123.8000 0.2223
5135.4000 0.2224
5139.8000 0.2225
5156.3000 0.2226
5166.2000 0.2227
5183.3000 0.2228
5191.5000 0.2229
5191.6000 0.2230
5194.9000 0.2231
5198.8000 0.2232
5208.3000 0.2233
5209.0000 0.2234
5209.3000 0.2235
5217.9000 0.2236
5230.4000 0.2237
5245.3000 0.2239
5248.2000 0.2240
5250.8000 0.2241
5279.3000 0.2242
5309.8000 0.2243
5310.6000 0.2244
5314.0000 0.2245
5315.6000 0.2246
5335.0000 0.2247
5335.7000 0.2248
5336.3000 0.2249
5353.4000 0.2250
5357.2000 0.2251
5375.1000 0.2252
5382.4000 0.2253
5383.8000 0.2254
5385.3000 0.2255
5405.1000 0.2256
5415.0000 0.2257
5418.4000 0.2258
5420.2000 0.2259
5422.1000 0.2260
5439.5000 0.2261
5454.3000 0.2262
5463.1000 0.2264
5474.3000 0.2265
5513.5000 0.2266
5516.2000 0.2267
5518.4000 0.2268
5541.0000 0.2269
5543.1000 0.2270
5550.6000 0.2271
5557.3000 0.2272
5557.9000 0.2273
5561.1000 0.2274
5568.6000 0.2275
5581.6000 0.2276
5590.8000 0.2277
5592.6000 0.2278
5603.8000 0.2279
5605.0000 0.2280
5629.6000 0.2281
5633.0000 0.2282
5640.9000 0.2283
5641.1000 0.2284
5647.7000 0.2285
5666.5000 0.2286
5667.7000 0.2287
5668.1000 0.2289
5684.7000 0.2290
5703.5000 0.2291
5705.4000 0.2292
5714.0000 0.2293
5714.5000 0.2294
5715.6000 0.2295
5725.7000 0.2296
5736.5000 0.2297
5737.4000 0.2298
5741.9000 0.2299
5746.3000 0.2300
5757.3000 0.2301
5760.9000 0.2302
5774.5000 0.2303
5775.4000 0.2304
5780.3000 0.2305
5782.9000 0.2306
5810.8000 0.2307
5819.2000 0.2308
5826.8000 0.2309
5831.3000 0.2310
5838.1000 0.2311
5854.6000 0.2312
5854.9000 0.2314
5855.3000 0.2315
5876.3000 0.2316
5877.1000 0.2317
5899.5000 0.2318
5912.5000 0.2319
5930.6000 0.2320
5932.7000 0.2321
5934.1000 0.2322
5950.1000 0.2323
5954.5000 0.2324
5958.6000 0.2325
5971.0000 0.2326
5985.0000 0.2327
5988.1000 0.2328
5992.8000 0.2329
5999.5000 0.2330
6005.3000 0.2331
6008.0000 0.2332
6017.0000 0.2333
6019.6000 0.2334
6026.1000 0.2335
6026.7000 0.2336
6046.9000 0.2337
6072.7000 0.2339
6074.2000 0.2340
6076.2000 0.2341
6098.8000 0.2342
6102.8000 0.2343
6111.6000 0.2344
6123.8000 0.2345
6124.7000 0.2346
6126.4000 0.2347
6164.6000 0.2348
6179.5000 0.2349
6194.2000 0.2350
6195.9000 0.2351
6206.3000 0.2352
6213.6000 0.2353
6216.1000 0.2354
6225.9000 0.2355
6245.4000 0.2356
6248.9000 0.2357
6268.3000 0.2358
6273.4000 0.2359
6282.4000 0.2360
6284.1000 0.2361
6285.9000 0.2362
6296.6000 0.2364
6296.8000 0.2365
6298.3000 0.2366
6301.7000 0.2367
6317.2000 0.2368
6335.6000 0.2369
6344.4000 0.2370
6345.2000 0.2371
6345.5000 0.2372
6358.0000 0.2373
6362.9000 0.2374
6373.1000 0.2375
6391.0000 0.2376
6396.4000 0.2377
6397.9000 0.2378
6399.5000 0.2379
6403.2000 0.2380
6403.9000 0.2381
6404.0000 0.2382
6407.0000 0.2383
6422.7000 0.2384
6423.6000 0.2385
6428.2000 0.2386
6430.8000 0.2387
6432.1000 0.2389
6451.5000 0.2390
6461.9000 0.2391
6463.4000 0.2392
6467.8000 0.2393
6470.2000 0.2394
6474.6000 0.2395
6489.8000 0.2396
6496.9000 0.2397
6498.5000 0.2398
6504.4000 0.2399
6506.4000 0.2400
6567.8000 0.2401
6575.6000 0.2402
6578.9000 0.2403
6587.4000 0.2404
6614.8000 0.2405
6617.0000 0.2406
6619.2000 0.2407
6626.8000 0.2408
6673.5000 0.2409
6673.8000 0.2410
6691.3000 0.2411
6702.9000 0.2412
6713.9000 0.2414
6715.7000 0.2415
6720.3000 0.2416
6721.1000 0.2417
6723.9000 0.2418
6738.7000 0.2419
6740.3000 0.2420
6750.1000 0.2421
6758.3000 0.2422
6773.9000 0.2423
6774.2000 0.2424
6774.6000 0.2425
6783.4000 0.2426
6785.1000 0.2427
6785.2000 0.2428
6790.6000 0.2429
6790.8000 0.2430
6802.2000 0.2431
6811.5000 0.2432
6835.2000 0.2433
6876.6000 0.2434
6879.7000 0.2435
6886.7000 0.2436
6901.7000 0.2437
6904.9000 0.2439
6905.3000 0.2440
6906.8000 0.2441
6910.3000 0.2442
6917.7000 0.2443
6926.5000 0.2444
6934.4000 0.2445
6951.0000 0.2446
6954.2000 0.2447
6954.5000 0.2448
6957.4000 0.2449
6959.9000 0.2450
6965.7000 0.2451
6973.7000 0.2452
6977.7000 0.2453
7005.8000 0.2454
7010.6000 0.2455
7024.6000 0.2456
7033.9000 0.2457
7036.6000 0.2458
7051.5000 0.2459
7060.1000 0.2460
7067.8000 0.2461
7071.3000 0.2462
7072.9000 0.2464
7073.2000 0.2465
7074.2000 0.2466
7087.1000 0.2467
7093.5000 0.2468
7110.7000 0.2469
7147.4000 0.2470
7148.1000 0.2471
7150.8000 0.2472
7159.7000 0.2473
7190.0000 0.2474
7190.8000 0.2475
7198.0000 0.2476
7201.9000 0.2477
7202.1000 0.2478
7203.3000 0.2479
7205.6000 0.2480
7215.0000 0.2481
7216.2000 0.2482
7223.4000 0.2483
7228.8000 0.2484
7251.7000 0.2485
7261.0000 0.2486
7266.9000 0.2487
7271.2000 0.2489
7282.8000 0.2490
7282.8000 0.2491
7293.8000 0.2492
7303.8000 0.2493
7309.3000 0.2494
7313.2000 0.2495
7318.1000 0.2496
7318.7000 0.2497
7322.7000 0.2498
7334.7000 0.2499
7335.6000 0.2500
7337.4000 0.2501
7343.7000 0.2502
7349.6000 0.2503
7357.7000 0.2504
7376.3000 0.2505
7389.2000 0.2506
7396.9000 0.2507
7410.1000 0.2508
7411.7000 0.2509
7440.3000 0.2510
7454.8000 0.2511
7471.2000 0.2512
7475.7000 0.2514
7485.3000 0.2515
7491.9000 0.2516
7502.0000 0.2517
7510.2000 0.2518
7512.5000 0.2519
7517.4000 0.2520
7518.0000 0.2521
7534.3000 0.2522
7549.9000 0.2523
7556.1000 0.2524
7560.2000 0.2525
7570.5000 0.2526
7580.0000 0.2527
7606.2000 0.2528
7608.7000 0.2529
7625.8000 0.2530
7661.7000 0.2531
7675.2000 0.2532
7677.5000 0.2533
7678.5000 0.2534
7685.3000 0.2535
7685.4000 0.2536
7690.1000 0.2537
7692.2000 0.2539
7700.5000 0.2540
7703.1000 0.2541
7706.2000 0.2542
7706.9000 0.2543
7708.1000 0.2544
7708.7000 0.2545
7716.6000 0.2546
7725.7000 0.2547
7732.2000 0.2548
7739.9000 0.2549
7742.0000 0.2550
7749.1000 0.2551
7761.4000 0.2552
7766.0000 0.2553
7770.9000 0.2554
7773.5000 0.2555
7780.0000 0.2556
7785.3000 0.2557
7808.1000 0.2558
7812.1000 0.2559
7816.3000 0.2560
7817.2000 0.2561
7820.7000 0.2562
7823.4000 0.2564
7824.7000 0.2565
7832.2000 0.2566
7834.0000 0.2567
7840.5000 0.2568
7843.5000 0.2569
7848.9000 0.2570
7850.5000 0.2571
7866.4000 0.2572
7869.8000 0.2573
7872.0000 0.2574
7880.9000 0.2575
7891.1000 0.2576
7892.2000 0.2577
7893.0000 0.2578
7898.7000 0.2579
7906.8000 0.2580
7910.1000 0.2581
7910.1000 0.2582
7921.4000 0.2583
7936.0000 0.2584
7941.0000 0.2585
7951.4000 0.2586
7953.7000 0.2587
7961.9000 0.2589
7962.8000 0.2590
7974.3000 0.2591
7974.3000 0.2592
7980.6000 0.2593
7986.8000 0.2594
8000.5000 0.2595
8008.3000 0.2596
8013.2000 0.2597
8015.8000 0.2598
8018.2000 0.2599
8022.9000 0.2600
8026.0000 0.2601
8033.8000 0.2602
8037.4000 0.2603
8072.3000 0.2604
8083.7000 0.2605
8099.6000 0.2606
8106.8000 0.2607
8107.0000 0.2608
8114.3000 0.2609
8118.6000 0.2610
8123.9000 0.2611
8126.8000 0.2612
8127.5000 0.2614
8130.2000 0.2615
8132.5000 0.2616
8155.6000 0.2617
8158.1000 0.2618
8159.9000 0.2619
8166.1000 0.2620
8183.4000 0.2621
8189.8000 0.2622
8193.0000 0.2623
8197.8000 0.2624
8213.2000 0.2625
8220.4000 0.2626
8227.6000 0.2627
8228.3000 0.2628
8229.7000 0.2629
8234.5000 0.2630
8234.7000 0.2631
8234.8000 0.2632
8237.4000 0.2633
8248.7000 0.2634
8271.0000 0.2635
8276.9000 0.2636
8286.5000 0.2637
8291.0000 0.2639
8298.3000 0.2640
8302.0000 0.2641
8312.6000 0.2642
8315.6000 0.2643
8321.1000 0.2644
8330.9000 0.2645
8342.8000 0.2646
8348.7000 0.2647
8356.6000 0.2648
8359.9000 0.2649
8381.4000 0.2650
8389.4000 0.2651
8393.0000 0.2652
8401.0000 0.2653
8406.4000 0.2654
8406.4000 0.2655
8407.9000 0.2656
8415.9000 0.2657
8415.9000 0.2658
8416.6000 0.2659
8424.6000 0.2660
8426.2000 0.2661
8443.8000 0.2662
8467.1000 0.2664
8468.8000 0.2665
8469.0000 0.2666
8471.4000 0.2667
8480.4000 0.2668
8480.7000 0.2669
8485.5000 0.2670
8494.6000 0.2671
8496.1000 0.2672
8502.8000 0.2673
8514.7000 0.2674
8519.4000 0.2675
8545.0000 0.2676
8568.5000 0.2677
8571.5000 0.2678
8576.2000 0.2679
8578.9000 0.2680
8586.0000 0.2681
8596.5000 0.2682
8598.4000 0.2683
8599.1000 0.2684
8605.2000 0.2685
8607.0000 0.2686
8612.5000 0.2687
8615.1000 0.2689
8620.0000 0.2690
8628.4000 0.2691
8641.9000 0.2692
8643.7000 0.2693
8660.0000 0.2694
8664.8000 0.2695
8667.4000 0.2696
8669.3000 0.2697
8677.7000 0.2698
8680.4000 0.2699
8682.1000 0.2700
8688.0000 0.2701
8692.2000 0.2702
8701.1000 0.2703
8710.5000 0.2704
8720.7000 0.2705
8725.5000 0.2706
8733.8000 0.2707
8737.9000 0.2708
8748.1000 0.2709
8757.0000 0.2710
8775.2000 0.2711
8775.4000 0.2712
8790.2000 0.2714
8792.6000 0.2715
8792.8000 0.2716
8797.5000 0.2717
8798.3000 0.2718
8801.5000 0.2719
8820.1000 0.2720
8822.4000 0.2721
8828.0000 0.2722
8840.3000 0.2723
8858.2000 0.2724
8876.2000 0.2725
8882.3000 0.2726
8899.3000 0.2727
8913.8000 0.2728
8917.2000 0.2729
8917.2000 0.2730
8917.8000 0.2731
8927.5000 0.2732
8939.2000 0.2733
8943.1000 0.2734
8960.0000 0.2735
8978.4000 0.2736
8982.9000 0.2737
8983.9000 0.2739
8988.6000 0.2740
8990.4000 0.2741
8993.9000 0.2742
8995.2000 0.2743
9002.3000 0.2744
9002.4000 0.2745
9017.2000 0.2746
9017.6000 0.2747
9027.7000 0.2748
9028.9000 0.2749
9032.1000 0.2750
9036.7000 0.2751
9039.2000 0.2752
9042.2000 0.2753
9052.9000 0.2754
9053.6000 0.2755
9060.7000 0.2756
9070.4000 0.2757
9070.6000 0.2758
9071.0000 0.2759
9073.9000 0.2760
9083.9000 0.2761
9084.4000 0.2762
9087.3000 0.2764
9097.1000 0.2765
9100.4000 0.2766
9115.3000 0.2767
9115.6000 0.2768
9126.2000 0.2769
9140.9000 0.2770
9145.2000 0.2771
9149.6000 0.2772
9155.4000 0.2773
9157.7000 0.2774
9160.5000 0.2775
9173.5000 0.2776
9176.4000 0.2777
9184.8000 0.2778
9191.4000 0.2779
9199.3000 0.2780
9204.9000 0.2781
9224.0000 0.2782
9237.2000 0.2783
9238.1000 0.2784
9258.4000 0.2785
9265.8000 0.2786
9290.2000 0.2787
9306.3000 0.2789
9313.1000 0.2790
9315.7000 0.2791
9335.2000 0.2792
9343.5000 0.2793
9348.9000 0.2794
9354.3000 0.2795
9354.5000 0.2796
9357.6000 0.2797
9358.4000 0.2798
9376.5000 0.2799
9393.3000 0.2800
9404.0000 0.2801
9414.2000 0.2802
9421.7000 0.2803
9436.4000 0.2804
9457.6000 0.2805
9465.4000 0.2806
9481.3000 0.2807
9500.4000 0.2808
9507.6000 0.2809
9509.3000 0.2810
9517.1000 0.2811
9518.6000 0.2812
9535.3000 0.2814
9544.7000 0.2815
9569.7000 0.2816
9584.6000 0.2817
9586.9000 0.2818
9588.7000 0.2819
9607.4000 0.2820
9613.3000 0.2821
9616.0000 0.2822
9627.2000 0.2823
9635.0000 0.2824
9642.9000 0.2825
9648.2000 0.2826
9650.7000 0.2827
9655.8000 0.2828
9665.9000 0.2829
9667.1000 0.2830
9673.5000 0.2831
9673.8000 0.2832
9694.0000 0.2833
9700.5000 0.2834
9715.0000 0.2835
9728.5000 0.2836
9732.3000 0.2837
9736.4000 0.2839
9740.1000 0.2840
9740.6000 0.2841
9762.4000 0.2842
9772.4000 0.2843
9775.6000 0.2844
9790.4000 0.2845
9807.3000 0.2846
9808.7000 0.2847
9813.8000 0.2848
9834.1000 0.2849
9849.2000 0.2850
9851.6000 0.2851
9854.0000 0.2852
9855.7000 0.2853
9876.6000 0.2854
9879.2000 0.2855
9881.3000 0.2856
9884.8000 0.2857
9886.8000 0.2858
9893.8000 0.2859
9909.6000 0.2860
9911.8000 0.2861
9919.4000 0.2862
9922.2000 0.2864
9939.1000 0.2865
9944.8000 0.2866
9953.0000 0.2867
9962.1000 0.2868
9971.6000 0.2869
9972.5000 0.2870
9980.3000 0.2871
9983.4000 0.2872
9992.6000 0.2873
9995.6000 0.2874
9996.4000 0.2875
9997.2000 0.2876
10002.9000 0.2877
10023.4000 0.2878
10031.8000 0.2879
10032.7000 0.2880
10058.4000 0.2881
10060.8000 0.2882
10083.8000 0.2883
10090.0000 0.2884
10109.4000 0.2885
10114.2000 0.2886
10115.6000 0.2887
10127.8000 0.2889
10139.9000 0.2890
10140.5000 0.2891
10147.9000 0.2892
10150.4000 0.2893
10158.8000 0.2894
10161.2000 0.2895
10162.1000 0.2896
10163.4000 0.2897
10176.9000 0.2898
10178.1000 0.2899
10180.2000 0.2900
10182.3000 0.2901
10183.8000 0.2902
10186.9000 0.2903
10214.2000 0.2904
10228.6000 0.2905
10230.0000 0.2906
10232.9000 0.2907
10239.9000 0.2908
10241.9000 0.2909
10265.8000 0.2910
10273.9000 0.2911
10285.9000 0.2912
10289.1000 0.2914
10293.2000 0.2915
10294.3000 0.2916
10303.9000 0.2917
10304.9000 0.2918
10313.0000 0.2919
10316.9000 0.2920
10319.0000 0.2921
10321.9000 0.2922
10331.2000 0.2923
10346.6000 0.2924
10347.1000 0.2925
10354.5000 0.2926
10355.9000 0.2927
10373.7000 0.2928
10404.3000 0.2929
10404.6000 0.2930
10459.8000 0.2931
10466.1000 0.2932
10490.3000 0.2933
10495.1000 0.2934
10495.3000 0.2935
10509.4000 0.2936
10523.6000 0.2937
10532.8000 0.2939
10537.7000 0.2940
10539.3000 0.2941
10545.2000 0.2942
10548.0000 0.2943
10553.3000 0.2944
10553.9000 0.2945
10554.6000 0.2946
10556.7000 0.2947
10560.2000 0.2948
10562.3000 0.2949
10565.9000 0.2950
10566.0000 0.2951
10583.7000 0.2952
10592.0000 0.2953
10595.9000 0.2954
10598.8000 0.2955
10603.8000 0.2956
10608.9000 0.2957
10610.4000 0.2958
10613.3000 0.2959
10634.1000 0.2960
10640.0000 0.2961
10644.7000 0.2962
10654.8000 0.2964
10655.3000 0.2965
10655.4000 0.2966
10655.8000 0.2967
10657.2000 0.2968
10675.6000 0.2969
10686.0000 0.2970
10686.7000 0.2971
10699.6000 0.2972
10701.0000 0.2973
10704.9000 0.2974
10709.0000 0.2975
10731.8000 0.2976
10739.1000 0.2977
10744.7000 0.2978
10746.4000 0.2979
10748.0000 0.2980
10759.8000 0.2981
10761.7000 0.2982
10766.6000 0.2983
10794.3000 0.2984
10801.8000 0.2985
10802.2000 0.2986
10805.0000 0.2987
10818.5000 0.2989
10831.4000 0.2990
10832.5000 0.2991
10855.7000 0.2992
10856.8000 0.2993
10874.5000 0.2994
10874.7000 0.2995
10877.8000 0.2996
10891.4000 0.2997
10896.3000 0.2998
10914.7000 0.2999
10936.4000 0.3000
10940.2000 0.3001
10940.9000 0.3002
10941.2000 0.3003
10942.5000 0.3004
10948.5000 0.3005
10955.5000 0.3006
10957.4000 0.3007
10963.7000 0.3008
10971.9000 0.3009
10973.7000 0.3010
10975.5000 0.3011
10985.0000 0.3012
10996.9000 0.3014
11005.6000 0.3015
11026.4000 0.3016
11067.4000 0.3017
11082.7000 0.3018
11089.8000 0.3019
11132.7000 0.3020
11133.9000 0.3021
11143.3000 0.3022
11156.2000 0.3023
11169.7000 0.3024
11171.1000 0.3025
11171.1000 0.3026
11201.9000 0.3027
11217.1000 0.3028
11228.7000 0.3029
11248.6000 0.3030
11250.5000 0.3031
11266.9000 0.3032
11268.2000 0.3033
11280.7000 0.3034
11297.7000 0.3035
11328.4000 0.3036
11346.1000 0.3037
11349.0000 0.3039
11359.4000 0.3040
11363.6000 0.3041
11379.1000 0.3042
11382.5000 0.3043
11387.0000 0.3044
11388.4000 0.3045
11389.9000 0.3046
11406.6000 0.3047
11418.1000 0.3048
11429.0000 0.3049
11440.3000 0.3050
11440.9000 0.3051
11460.6000 0.3052
11463.8000 0.3053
11476.0000 0.3054
11476.5000 0.3055
11481.6000 0.3056
11485.1000 0.3057
11495.9000 0.3058
11513.1000 0.3059
11513.2000 0.3060
11514.0000 0.3061
11532.3000 0.3062
11533.8000 0.3064
11533.9000 0.3065
11560.5000 0.3066
11575.7000 0.3067
11577.0000 0.3068
11577.9000 0.3069
11603.5000 0.3070
11604.0000 0.3071
11609.7000 0.3072
11625.5000 0.3073
11634.8000 0.3074
11656.7000 0.3075
11657.4000 0.3076
11662.3000 0.3077
11678.2000 0.3078
11686.0000 0.3079
11705.5000 0.3080
11720.5000 0.3081
11733.0000 0.3082
11737.3000 0.3083
11742.4000 0.3084
11745.2000 0.3085
11756.8000 0.3086
11760.5000 0.3087
11801.8000 0.3089
11809.8000 0.3090
11821.9000 0.3091
11834.6000 0.3092
11863.9000 0.3093
11871.7000 0.3094
11878.1000 0.3095
11905.9000 0.3096
11911.3000 0.3097
11927.3000 0.3098
11934.0000 0.3099
11935.0000 0.3100
11939.1000 0.3101
11944.0000 0.3102
11945.0000 0.3103
11951.9000 0.3104
11953.8000 0.3105
11958.6000 0.3106
11963.8000 0.3107
11978.9000 0.3108
11978.9000 0.3109
11984.2000 0.3110
11994.7000 0.3111
