# messageDelay  cumulativeProbability
1.0000 0.0001
1.0000 0.0002
1.0000 0.0003
1.0000 0.0004
1.0000 0.0005
1.0000 0.0006
1.0000 0.0007
1.0000 0.0008
1.0000 0.0009
1.0000 0.0010
1.0000 0.0011
1.0000 0.0013
1.0000 0.0014
1.0000 0.0015
1.0000 0.0016
1.0000 0.0017
1.0000 0.0018
1.0000 0.0019
1.0000 0.0020
1.0000 0.0021
1.0000 0.0022
1.0000 0.0023
2.1000 0.0024
2.7000 0.0025
11.7000 0.0026
53.0000 0.0027
59.4000 0.0028
69.1000 0.0029
70.3000 0.0030
77.8000 0.0031
78.5000 0.0032
88.5000 0.0033
108.8000 0.0034
111.2000 0.0035
115.9000 0.0036
117.5000 0.0037
118.0000 0.0039
121.7000 0.0040
124.9000 0.0041
130.9000 0.0042
134.2000 0.0043
136.0000 0.0044
137.8000 0.0045
138.8000 0.0046
140.3000 0.0047
141.3000 0.0048
148.0000 0.0049
156.3000 0.0050
158.1000 0.0051
161.4000 0.0052
162.4000 0.0053
162.5000 0.0054
164.0000 0.0055
164.6000 0.0056
165.9000 0.0057
167.3000 0.0058
167.8000 0.0059
168.2000 0.0060
168.3000 0.0061
168.8000 0.0062
171.3000 0.0064
171.4000 0.0065
174.3000 0.0066
174.6000 0.0067
175.3000 0.0068
175.9000 0.0069
176.2000 0.0070
178.3000 0.0071
179.8000 0.0072
185.2000 0.0073
188.0000 0.0074
188.5000 0.0075
190.2000 0.0076
192.0000 0.0077
195.3000 0.0078
197.5000 0.0079
197.6000 0.0080
200.5000 0.0081
201.3000 0.0082
203.5000 0.0083
203.8000 0.0084
203.8000 0.0085
204.7000 0.0086
206.4000 0.0087
206.8000 0.0089
208.9000 0.0090
209.3000 0.0091
209.3000 0.0092
210.1000 0.0093
210.7000 0.0094
212.5000 0.0095
215.5000 0.0096
215.7000 0.0097
216.1000 0.0098
216.6000 0.0099
217.1000 0.0100
218.2000 0.0101
218.3000 0.0102
219.4000 0.0103
219.5000 0.0104
221.8000 0.0105
221.9000 0.0106
222.4000 0.0107
224.3000 0.0108
224.4000 0.0109
225.3000 0.0110
227.2000 0.0111
228.3000 0.0113
234.1000 0.0114
234.7000 0.0115
235.8000 0.0116
236.0000 0.0117
236.2000 0.0118
236.2000 0.0119
238.3000 0.0120
239.2000 0.0121
240.2000 0.0122
240.3000 0.0123
240.7000 0.0124
241.2000 0.0125
241.8000 0.0126
242.6000 0.0127
245.0000 0.0128
247.9000 0.0129
249.0000 0.0130
250.3000 0.0131
251.1000 0.0132
251.1000 0.0133
258.4000 0.0134
260.1000 0.0135
260.8000 0.0136
261.4000 0.0138
266.2000 0.0139
269.1000 0.0140
269.3000 0.0141
271.2000 0.0142
271.4000 0.0143
273.4000 0.0144
274.6000 0.0145
274.7000 0.0146
277.5000 0.0147
278.1000 0.0148
279.1000 0.0149
280.2000 0.0150
284.8000 0.0151
285.3000 0.0152
285.4000 0.0153
285.5000 0.0154
287.6000 0.0155
288.0000 0.0156
288.0000 0.0157
288.2000 0.0158
292.3000 0.0159
293.8000 0.0160
296.1000 0.0161
297.6000 0.0163
298.1000 0.0164
299.2000 0.0165
299.8000 0.0166
303.8000 0.0167
304.0000 0.0168
307.5000 0.0169
307.7000 0.0170
308.9000 0.0171
310.2000 0.0172
310.5000 0.0173
311.4000 0.0174
311.5000 0.0175
311.6000 0.0176
312.6000 0.0177
317.1000 0.0178
318.4000 0.0179
320.3000 0.0180
321.2000 0.0181
325.2000 0.0182
325.8000 0.0183
326.0000 0.0184
327.2000 0.0185
329.0000 0.0186
332.6000 0.0188
333.1000 0.0189
333.2000 0.0190
333.5000 0.0191
334.5000 0.0192
335.4000 0.0193
337.7000 0.0194
338.2000 0.0195
340.0000 0.0196
342.3000 0.0197
343.7000 0.0198
344.2000 0.0199
344.3000 0.0200
344.6000 0.0201
350.7000 0.0202
351.3000 0.0203
353.5000 0.0204
358.4000 0.0205
360.5000 0.0206
361.3000 0.0207
364.6000 0.0208
365.5000 0.0209
366.4000 0.0210
366.8000 0.0211
368.6000 0.0212
370.5000 0.0214
376.4000 0.0215
380.3000 0.0216
380.6000 0.0217
381.2000 0.0218
382.2000 0.0219
386.1000 0.0220
390.4000 0.0221
391.2000 0.0222
392.3000 0.0223
393.6000 0.0224
394.5000 0.0225
395.3000 0.0226
396.8000 0.0227
398.5000 0.0228
399.0000 0.0229
399.2000 0.0230
399.2000 0.0231
399.4000 0.0232
399.8000 0.0233
400.9000 0.0234
404.6000 0.0235
404.8000 0.0236
406.5000 0.0237
406.7000 0.0239
409.2000 0.0240
410.0000 0.0241
412.8000 0.0242
414.6000 0.0243
419.4000 0.0244
420.2000 0.0245
423.3000 0.0246
423.7000 0.0247
427.6000 0.0248
428.9000 0.0249
434.5000 0.0250
436.6000 0.0251
437.4000 0.0252
439.5000 0.0253
444.0000 0.0254
449.6000 0.0255
450.4000 0.0256
451.4000 0.0257
452.5000 0.0258
453.1000 0.0259
454.5000 0.0260
455.1000 0.0261
457.5000 0.0262
458.5000 0.0264
458.9000 0.0265
460.5000 0.0266
460.7000 0.0267
463.1000 0.0268
463.7000 0.0269
465.4000 0.0270
465.6000 0.0271
465.8000 0.0272
467.3000 0.0273
468.0000 0.0274
468.2000 0.0275
470.1000 0.0276
471.7000 0.0277
473.9000 0.0278
474.5000 0.0279
479.6000 0.0280
480.9000 0.0281
481.8000 0.0282
483.5000 0.0283
483.7000 0.0284
483.8000 0.0285
485.5000 0.0286
485.9000 0.0287
486.0000 0.0289
489.6000 0.0290
489.6000 0.0291
490.9000 0.0292
493.5000 0.0293
494.1000 0.0294
496.6000 0.0295
497.6000 0.0296
497.6000 0.0297
500.8000 0.0298
501.1000 0.0299
502.4000 0.0300
502.8000 0.0301
503.0000 0.0302
504.3000 0.0303
505.6000 0.0304
506.7000 0.0305
507.6000 0.0306
508.7000 0.0307
509.2000 0.0308
509.6000 0.0309
511.0000 0.0310
511.2000 0.0311
511.6000 0.0312
512.2000 0.0314
513.3000 0.0315
516.8000 0.0316
517.5000 0.0317
518.7000 0.0318
520.3000 0.0319
521.2000 0.0320
521.3000 0.0321
521.4000 0.0322
523.7000 0.0323
528.7000 0.0324
530.2000 0.0325
531.9000 0.0326
532.7000 0.0327
534.2000 0.0328
535.8000 0.0329
536.4000 0.0330
537.4000 0.0331
539.0000 0.0332
539.1000 0.0333
539.2000 0.0334
539.4000 0.0335
540.8000 0.0336
541.6000 0.0337
541.8000 0.0339
547.5000 0.0340
548.3000 0.0341
549.6000 0.0342
550.6000 0.0343
552.1000 0.0344
552.9000 0.0345
556.6000 0.0346
557.7000 0.0347
558.2000 0.0348
558.4000 0.0349
558.5000 0.0350
558.6000 0.0351
561.5000 0.0352
562.8000 0.0353
563.5000 0.0354
564.6000 0.0355
567.3000 0.0356
567.8000 0.0357
567.8000 0.0358
568.0000 0.0359
568.0000 0.0360
568.8000 0.0361
569.0000 0.0362
571.3000 0.0364
571.3000 0.0365
572.2000 0.0366
572.2000 0.0367
572.3000 0.0368
574.6000 0.0369
574.9000 0.0370
575.4000 0.0371
575.6000 0.0372
575.9000 0.0373
576.0000 0.0374
576.6000 0.0375
576.8000 0.0376
579.0000 0.0377
579.2000 0.0378
579.5000 0.0379
579.7000 0.0380
581.5000 0.0381
582.0000 0.0382
582.8000 0.0383
583.3000 0.0384
583.3000 0.0385
584.8000 0.0386
588.4000 0.0388
591.6000 0.0389
594.2000 0.0390
594.5000 0.0391
594.5000 0.0392
595.8000 0.0393
595.8000 0.0394
596.6000 0.0395
596.9000 0.0396
599.8000 0.0397
603.2000 0.0398
606.9000 0.0399
606.9000 0.0400
607.3000 0.0401
607.7000 0.0402
609.1000 0.0403
610.7000 0.0404
614.4000 0.0405
615.3000 0.0406
615.4000 0.0407
615.5000 0.0408
616.8000 0.0409
616.9000 0.0410
617.5000 0.0411
619.3000 0.0413
619.5000 0.0414
620.7000 0.0415
621.5000 0.0416
621.6000 0.0417
621.7000 0.0418
624.1000 0.0419
624.5000 0.0420
626.2000 0.0421
626.9000 0.0422
627.8000 0.0423
627.8000 0.0424
628.0000 0.0425
632.2000 0.0426
640.7000 0.0427
642.2000 0.0428
644.0000 0.0429
644.6000 0.0430
645.8000 0.0431
650.0000 0.0432
651.8000 0.0433
653.0000 0.0434
654.5000 0.0435
654.7000 0.0436
656.8000 0.0438
656.9000 0.0439
658.3000 0.0440
662.2000 0.0441
663.7000 0.0442
663.9000 0.0443
668.3000 0.0444
669.4000 0.0445
669.6000 0.0446
670.8000 0.0447
671.5000 0.0448
672.0000 0.0449
675.1000 0.0450
676.3000 0.0451
677.9000 0.0452
677.9000 0.0453
685.6000 0.0454
686.0000 0.0455
686.6000 0.0456
687.3000 0.0457
687.7000 0.0458
688.6000 0.0459
689.7000 0.0460
690.4000 0.0461
691.1000 0.0463
692.4000 0.0464
695.7000 0.0465
696.9000 0.0466
697.6000 0.0467
699.3000 0.0468
699.4000 0.0469
700.4000 0.0470
701.0000 0.0471
701.3000 0.0472
702.4000 0.0473
702.5000 0.0474
704.5000 0.0475
705.0000 0.0476
708.4000 0.0477
708.7000 0.0478
709.1000 0.0479
709.2000 0.0480
709.7000 0.0481
710.4000 0.0482
710.7000 0.0483
712.5000 0.0484
713.5000 0.0485
713.7000 0.0486
713.8000 0.0488
714.1000 0.0489
714.7000 0.0490
714.9000 0.0491
717.4000 0.0492
717.4000 0.0493
718.0000 0.0494
718.9000 0.0495
720.6000 0.0496
722.1000 0.0497
723.4000 0.0498
724.7000 0.0499
727.2000 0.0500
728.4000 0.0501
728.5000 0.0502
731.0000 0.0503
731.3000 0.0504
733.7000 0.0505
734.8000 0.0506
734.8000 0.0507
737.0000 0.0508
738.4000 0.0509
738.6000 0.0510
739.2000 0.0511
740.2000 0.0513
742.0000 0.0514
742.7000 0.0515
744.4000 0.0516
745.0000 0.0517
746.7000 0.0518
747.7000 0.0519
749.3000 0.0520
751.8000 0.0521
752.7000 0.0522
753.2000 0.0523
754.3000 0.0524
756.5000 0.0525
757.9000 0.0526
759.0000 0.0527
759.3000 0.0528
759.3000 0.0529
761.6000 0.0530
762.4000 0.0531
765.5000 0.0532
766.3000 0.0533
767.7000 0.0534
769.0000 0.0535
770.1000 0.0536
771.4000 0.0538
773.5000 0.0539
774.1000 0.0540
776.4000 0.0541
779.8000 0.0542
782.6000 0.0543
782.8000 0.0544
782.8000 0.0545
783.0000 0.0546
783.0000 0.0547
783.7000 0.0548
784.3000 0.0549
786.1000 0.0550
787.1000 0.0551
787.6000 0.0552
788.2000 0.0553
789.3000 0.0554
789.5000 0.0555
790.0000 0.0556
791.6000 0.0557
794.2000 0.0558
796.6000 0.0559
796.7000 0.0560
797.9000 0.0561
798.1000 0.0563
798.7000 0.0564
801.1000 0.0565
801.4000 0.0566
803.2000 0.0567
803.3000 0.0568
803.4000 0.0569
804.4000 0.0570
807.5000 0.0571
809.3000 0.0572
809.8000 0.0573
810.5000 0.0574
811.7000 0.0575
812.0000 0.0576
812.2000 0.0577
814.5000 0.0578
815.7000 0.0579
816.1000 0.0580
816.7000 0.0581
817.9000 0.0582
818.9000 0.0583
819.4000 0.0584
821.9000 0.0585
822.4000 0.0586
825.1000 0.0588
827.9000 0.0589
828.2000 0.0590
828.8000 0.0591
829.2000 0.0592
835.9000 0.0593
838.7000 0.0594
840.7000 0.0595
842.9000 0.0596
843.4000 0.0597
844.0000 0.0598
847.9000 0.0599
848.3000 0.0600
849.3000 0.0601
849.4000 0.0602
850.6000 0.0603
851.8000 0.0604
853.5000 0.0605
853.7000 0.0606
854.2000 0.0607
854.3000 0.0608
855.3000 0.0609
856.4000 0.0610
859.7000 0.0611
860.0000 0.0613
860.2000 0.0614
864.0000 0.0615
864.4000 0.0616
864.6000 0.0617
867.4000 0.0618
867.7000 0.0619
868.7000 0.0620
869.8000 0.0621
875.4000 0.0622
878.4000 0.0623
879.0000 0.0624
880.2000 0.0625
880.4000 0.0626
881.3000 0.0627
883.0000 0.0628
883.0000 0.0629
885.3000 0.0630
886.9000 0.0631
887.1000 0.0632
890.1000 0.0633
891.7000 0.0634
893.7000 0.0635
893.8000 0.0636
894.9000 0.0638
895.3000 0.0639
895.5000 0.0640
896.3000 0.0641
896.3000 0.0642
896.5000 0.0643
899.6000 0.0644
899.8000 0.0645
901.1000 0.0646
902.9000 0.0647
903.6000 0.0648
905.4000 0.0649
907.9000 0.0650
909.5000 0.0651
910.5000 0.0652
911.0000 0.0653
911.5000 0.0654
914.2000 0.0655
914.5000 0.0656
917.0000 0.0657
918.9000 0.0658
919.2000 0.0659
919.4000 0.0660
919.5000 0.0661
919.7000 0.0663
920.7000 0.0664
926.4000 0.0665
928.2000 0.0666
930.2000 0.0667
931.0000 0.0668
931.1000 0.0669
931.6000 0.0670
932.4000 0.0671
932.5000 0.0672
932.9000 0.0673
933.1000 0.0674
933.4000 0.0675
938.8000 0.0676
939.0000 0.0677
939.3000 0.0678
940.4000 0.0679
940.8000 0.0680
943.9000 0.0681
945.2000 0.0682
946.3000 0.0683
946.8000 0.0684
948.7000 0.0685
950.1000 0.0686
950.8000 0.0688
951.4000 0.0689
955.0000 0.0690
955.9000 0.0691
958.1000 0.0692
958.9000 0.0693
959.7000 0.0694
960.1000 0.0695
960.2000 0.0696
962.2000 0.0697
964.6000 0.0698
965.2000 0.0699
966.3000 0.0700
967.3000 0.0701
967.7000 0.0702
970.0000 0.0703
974.8000 0.0704
976.6000 0.0705
977.8000 0.0706
978.1000 0.0707
980.2000 0.0708
981.9000 0.0709
983.0000 0.0710
984.3000 0.0711
984.6000 0.0713
985.2000 0.0714
986.3000 0.0715
988.9000 0.0716
989.7000 0.0717
994.3000 0.0718
994.6000 0.0719
999.2000 0.0720
999.7000 0.0721
1004.0000 0.0722
1004.5000 0.0723
1004.6000 0.0724
1006.3000 0.0725
1010.2000 0.0726
1010.3000 0.0727
1010.6000 0.0728
1011.0000 0.0729
1011.2000 0.0730
1011.5000 0.0731
1013.3000 0.0732
1014.2000 0.0733
1014.4000 0.0734
1015.2000 0.0735
1016.0000 0.0736
1016.1000 0.0738
1016.2000 0.0739
1017.0000 0.0740
1017.9000 0.0741
1018.7000 0.0742
1020.7000 0.0743
1021.1000 0.0744
1021.7000 0.0745
1022.2000 0.0746
1023.4000 0.0747
1024.4000 0.0748
1025.0000 0.0749
1026.9000 0.0750
1027.0000 0.0751
1029.3000 0.0752
1030.4000 0.0753
1031.7000 0.0754
1031.7000 0.0755
1032.2000 0.0756
1034.0000 0.0757
1034.2000 0.0758
1034.4000 0.0759
1036.7000 0.0760
1038.9000 0.0761
1041.4000 0.0763
1047.4000 0.0764
1048.6000 0.0765
1051.2000 0.0766
1054.3000 0.0767
1056.6000 0.0768
1058.1000 0.0769
1058.2000 0.0770
1058.6000 0.0771
1059.8000 0.0772
1060.6000 0.0773
1062.1000 0.0774
1062.2000 0.0775
1067.7000 0.0776
1067.7000 0.0777
1068.7000 0.0778
1069.4000 0.0779
1069.6000 0.0780
1070.3000 0.0781
1070.5000 0.0782
1073.2000 0.0783
1074.9000 0.0784
1075.2000 0.0785
1077.7000 0.0786
1078.6000 0.0788
1078.7000 0.0789
1080.3000 0.0790
1081.1000 0.0791
1081.2000 0.0792
1081.5000 0.0793
1082.8000 0.0794
1083.4000 0.0795
1084.9000 0.0796
1085.2000 0.0797
1086.0000 0.0798
1089.3000 0.0799
1089.5000 0.0800
1094.2000 0.0801
1095.2000 0.0802
1098.8000 0.0803
1100.0000 0.0804
1100.2000 0.0805
1102.8000 0.0806
1103.1000 0.0807
1103.6000 0.0808
1103.8000 0.0809
1104.1000 0.0810
1105.2000 0.0811
1107.2000 0.0813
1108.0000 0.0814
1108.8000 0.0815
1111.5000 0.0816
1112.0000 0.0817
1116.6000 0.0818
1116.7000 0.0819
1119.5000 0.0820
1121.3000 0.0821
1122.2000 0.0822
1123.3000 0.0823
1125.6000 0.0824
1128.6000 0.0825
1129.7000 0.0826
1130.7000 0.0827
1132.4000 0.0828
1133.4000 0.0829
1135.7000 0.0830
1138.1000 0.0831
1139.4000 0.0832
1140.0000 0.0833
1142.7000 0.0834
1142.7000 0.0835
1142.9000 0.0836
1144.9000 0.0838
1145.1000 0.0839
1145.4000 0.0840
1146.9000 0.0841
1148.4000 0.0842
1148.9000 0.0843
1149.2000 0.0844
1154.4000 0.0845
1156.8000 0.0846
1157.3000 0.0847
1158.3000 0.0848
1160.6000 0.0849
1161.0000 0.0850
1163.7000 0.0851
1165.2000 0.0852
1165.3000 0.0853
1165.6000 0.0854
1166.4000 0.0855
1168.9000 0.0856
1174.9000 0.0857
1182.6000 0.0858
1187.7000 0.0859
1188.1000 0.0860
1191.4000 0.0861
1193.7000 0.0863
1194.2000 0.0864
1198.0000 0.0865
1198.8000 0.0866
1199.9000 0.0867
1200.6000 0.0868
1201.5000 0.0869
1205.6000 0.0870
1206.9000 0.0871
1206.9000 0.0872
1208.1000 0.0873
1212.1000 0.0874
1212.6000 0.0875
1213.9000 0.0876
1214.8000 0.0877
1215.6000 0.0878
1226.5000 0.0879
1226.7000 0.0880
1226.9000 0.0881
1227.3000 0.0882
1227.6000 0.0883
1232.8000 0.0884
1233.2000 0.0885
1236.7000 0.0886
1241.0000 0.0888
1243.0000 0.0889
1244.7000 0.0890
1245.8000 0.0891
1248.2000 0.0892
1248.7000 0.0893
1249.4000 0.0894
1251.8000 0.0895
1252.6000 0.0896
1253.8000 0.0897
1257.2000 0.0898
1257.6000 0.0899
1257.8000 0.0900
1263.2000 0.0901
1264.4000 0.0902
1265.5000 0.0903
1265.7000 0.0904
1268.9000 0.0905
1270.8000 0.0906
1276.5000 0.0907
1278.7000 0.0908
1278.9000 0.0909
1279.6000 0.0910
1279.9000 0.0911
1280.2000 0.0913
1280.6000 0.0914
1281.6000 0.0915
1282.0000 0.0916
1286.3000 0.0917
1287.2000 0.0918
1294.0000 0.0919
1295.9000 0.0920
1297.2000 0.0921
1302.9000 0.0922
1303.4000 0.0923
1304.1000 0.0924
1304.1000 0.0925
1304.9000 0.0926
1305.0000 0.0927
1305.6000 0.0928
1308.7000 0.0929
1309.0000 0.0930
1312.5000 0.0931
1312.9000 0.0932
1318.5000 0.0933
1320.3000 0.0934
1321.6000 0.0935
1322.4000 0.0936
1325.0000 0.0938
1325.8000 0.0939
1325.9000 0.0940
1327.3000 0.0941
1329.3000 0.0942
1329.4000 0.0943
1329.7000 0.0944
1330.7000 0.0945
1332.6000 0.0946
1335.3000 0.0947
1338.4000 0.0948
1340.0000 0.0949
1340.2000 0.0950
1344.5000 0.0951
1345.6000 0.0952
1349.1000 0.0953
1349.2000 0.0954
1349.8000 0.0955
1351.7000 0.0956
1355.0000 0.0957
1356.0000 0.0958
1356.9000 0.0959
1357.6000 0.0960
1359.5000 0.0961
1361.8000 0.0963
1364.9000 0.0964
1366.4000 0.0965
1366.7000 0.0966
1366.8000 0.0967
1367.3000 0.0968
1370.5000 0.0969
1372.2000 0.0970
1375.2000 0.0971
1382.7000 0.0972
1386.3000 0.0973
1387.4000 0.0974
1388.3000 0.0975
1388.8000 0.0976
1389.6000 0.0977
1392.1000 0.0978
1393.9000 0.0979
1395.1000 0.0980
1396.7000 0.0981
1397.6000 0.0982
1398.8000 0.0983
1401.5000 0.0984
1403.3000 0.0985
1403.7000 0.0986
1406.3000 0.0988
1407.6000 0.0989
1409.6000 0.0990
1410.4000 0.0991
1413.4000 0.0992
1414.2000 0.0993
1414.4000 0.0994
1414.8000 0.0995
1415.1000 0.0996
1416.1000 0.0997
1418.3000 0.0998
1419.6000 0.0999
1422.7000 0.1000
1422.8000 0.1001
1422.8000 0.1002
1426.1000 0.1003
1426.4000 0.1004
1427.3000 0.1005
1428.7000 0.1006
1431.8000 0.1007
1433.5000 0.1008
1433.8000 0.1009
1442.3000 0.1010
1443.2000 0.1011
1446.9000 0.1013
1449.6000 0.1014
1450.2000 0.1015
1451.1000 0.1016
1452.4000 0.1017
1453.9000 0.1018
1455.4000 0.1019
1455.9000 0.1020
1458.6000 0.1021
1463.6000 0.1022
1464.9000 0.1023
1468.0000 0.1024
1468.3000 0.1025
1469.5000 0.1026
1474.0000 0.1027
1478.6000 0.1028
1479.7000 0.1029
1480.6000 0.1030
1486.4000 0.1031
1492.0000 0.1032
1492.1000 0.1033
1494.2000 0.1034
1494.3000 0.1035
1503.4000 0.1036
1505.3000 0.1038
1506.4000 0.1039
1507.5000 0.1040
1507.7000 0.1041
1510.6000 0.1042
1511.7000 0.1043
1511.9000 0.1044
1513.0000 0.1045
1513.5000 0.1046
1514.1000 0.1047
1514.7000 0.1048
1515.7000 0.1049
1516.5000 0.1050
1516.9000 0.1051
1520.0000 0.1052
1523.6000 0.1053
1526.2000 0.1054
1527.5000 0.1055
1529.6000 0.1056
1532.6000 0.1057
1532.6000 0.1058
1535.3000 0.1059
1542.5000 0.1060
1543.7000 0.1061
1544.1000 0.1063
1545.8000 0.1064
1550.5000 0.1065
1551.0000 0.1066
1555.0000 0.1067
1555.8000 0.1068
1561.6000 0.1069
1564.3000 0.1070
1568.8000 0.1071
1569.8000 0.1072
1570.1000 0.1073
1570.9000 0.1074
1571.9000 0.1075
1579.4000 0.1076
1584.9000 0.1077
1586.1000 0.1078
1588.4000 0.1079
1589.9000 0.1080
1592.7000 0.1081
1593.0000 0.1082
1595.2000 0.1083
1597.3000 0.1084
1597.4000 0.1085
1600.0000 0.1086
1601.0000 0.1088
1603.3000 0.1089
1603.7000 0.1090
1605.0000 0.1091
1607.4000 0.1092
1611.4000 0.1093
1613.1000 0.1094
1617.3000 0.1095
1617.3000 0.1096
1617.7000 0.1097
1617.8000 0.1098
1619.1000 0.1099
1619.5000 0.1100
1622.2000 0.1101
1625.9000 0.1102
1626.3000 0.1103
1626.3000 0.1104
1627.4000 0.1105
1630.3000 0.1106
1631.7000 0.1107
1634.9000 0.1108
1636.4000 0.1109
1637.6000 0.1110
1641.5000 0.1111
1641.5000 0.1113
1642.2000 0.1114
1642.9000 0.1115
1644.2000 0.1116
1644.5000 0.1117
1649.4000 0.1118
1651.8000 0.1119
1656.5000 0.1120
1662.0000 0.1121
1666.2000 0.1122
1671.4000 0.1123
1671.5000 0.1124
1672.2000 0.1125
1673.5000 0.1126
1673.7000 0.1127
1674.8000 0.1128
1675.1000 0.1129
1676.7000 0.1130
1677.8000 0.1131
1679.8000 0.1132
1681.3000 0.1133
1681.5000 0.1134
1681.9000 0.1135
1686.3000 0.1136
1687.4000 0.1138
1688.2000 0.1139
1689.3000 0.1140
1690.3000 0.1141
1690.8000 0.1142
1690.9000 0.1143
1691.9000 0.1144
1695.8000 0.1145
1698.0000 0.1146
1702.5000 0.1147
1704.4000 0.1148
1705.5000 0.1149
1705.5000 0.1150
1707.8000 0.1151
1708.9000 0.1152
1710.7000 0.1153
1711.2000 0.1154
1711.3000 0.1155
1714.0000 0.1156
1719.0000 0.1157
1721.2000 0.1158
1721.9000 0.1159
1726.6000 0.1160
1727.6000 0.1161
1734.2000 0.1163
1734.7000 0.1164
1735.9000 0.1165
1736.3000 0.1166
1737.4000 0.1167
1738.6000 0.1168
1741.5000 0.1169
1744.0000 0.1170
1745.6000 0.1171
1746.6000 0.1172
1747.3000 0.1173
1749.4000 0.1174
1751.1000 0.1175
1751.8000 0.1176
1752.1000 0.1177
1752.9000 0.1178
1754.5000 0.1179
1756.4000 0.1180
1759.7000 0.1181
1759.8000 0.1182
1760.7000 0.1183
1768.1000 0.1184
1770.3000 0.1185
1770.4000 0.1186
1772.3000 0.1188
1775.5000 0.1189
1777.0000 0.1190
1779.8000 0.1191
1781.4000 0.1192
1781.8000 0.1193
1781.8000 0.1194
1784.4000 0.1195
1784.6000 0.1196
1787.8000 0.1197
1788.2000 0.1198
1789.5000 0.1199
1790.9000 0.1200
1791.9000 0.1201
1793.8000 0.1202
1795.0000 0.1203
1797.6000 0.1204
1802.1000 0.1205
1808.7000 0.1206
1812.1000 0.1207
1812.2000 0.1208
1815.7000 0.1209
1817.7000 0.1210
1819.5000 0.1211
1819.6000 0.1213
1821.1000 0.1214
1823.2000 0.1215
1826.5000 0.1216
1829.9000 0.1217
1830.3000 0.1218
1830.8000 0.1219
1841.6000 0.1220
1843.4000 0.1221
1846.8000 0.1222
1852.1000 0.1223
1859.6000 0.1224
1861.9000 0.1225
1862.1000 0.1226
1864.7000 0.1227
1866.4000 0.1228
1866.6000 0.1229
1868.5000 0.1230
1870.4000 0.1231
1873.2000 0.1232
1873.8000 0.1233
1876.9000 0.1234
1879.7000 0.1235
1880.4000 0.1236
1883.4000 0.1238
1884.0000 0.1239
1886.1000 0.1240
1889.5000 0.1241
1892.3000 0.1242
1892.6000 0.1243
1894.9000 0.1244
1897.6000 0.1245
1897.8000 0.1246
1898.4000 0.1247
1899.2000 0.1248
1899.7000 0.1249
1899.9000 0.1250
1900.8000 0.1251
1901.4000 0.1252
1902.0000 0.1253
1910.9000 0.1254
1914.5000 0.1255
1918.3000 0.1256
1924.2000 0.1257
1926.1000 0.1258
1929.3000 0.1259
1931.7000 0.1260
1938.2000 0.1261
1938.7000 0.1263
1949.5000 0.1264
1950.0000 0.1265
1950.2000 0.1266
1952.6000 0.1267
1954.7000 0.1268
1955.3000 0.1269
1960.7000 0.1270
1962.4000 0.1271
1964.6000 0.1272
1965.3000 0.1273
1965.5000 0.1274
1967.4000 0.1275
1970.0000 0.1276
1975.2000 0.1277
1975.6000 0.1278
1976.0000 0.1279
1976.9000 0.1280
1979.3000 0.1281
1987.3000 0.1282
1988.6000 0.1283
1990.5000 0.1284
1992.7000 0.1285
1992.7000 0.1286
1994.0000 0.1288
1995.0000 0.1289
1995.7000 0.1290
2000.3000 0.1291
2010.6000 0.1292
2012.6000 0.1293
2016.1000 0.1294
2025.4000 0.1295
2027.7000 0.1296
2030.4000 0.1297
2030.4000 0.1298
2031.3000 0.1299
2031.4000 0.1300
2033.3000 0.1301
2035.1000 0.1302
2043.7000 0.1303
2046.2000 0.1304
2050.5000 0.1305
2052.3000 0.1306
2052.7000 0.1307
2053.1000 0.1308
2061.1000 0.1309
2064.4000 0.1310
2064.7000 0.1311
2065.0000 0.1313
2065.3000 0.1314
2065.7000 0.1315
2067.1000 0.1316
2071.9000 0.1317
2072.4000 0.1318
2074.5000 0.1319
2075.1000 0.1320
2085.8000 0.1321
2085.9000 0.1322
2087.8000 0.1323
2090.7000 0.1324
2090.8000 0.1325
2090.9000 0.1326
2093.3000 0.1327
2095.3000 0.1328
2095.6000 0.1329
2098.4000 0.1330
2107.0000 0.1331
2108.8000 0.1332
2110.5000 0.1333
2115.3000 0.1334
2115.9000 0.1335
2116.8000 0.1336
2122.3000 0.1338
2122.8000 0.1339
2123.3000 0.1340
2132.1000 0.1341
2132.2000 0.1342
2136.7000 0.1343
2137.4000 0.1344
2138.3000 0.1345
2139.3000 0.1346
2139.9000 0.1347
2148.9000 0.1348
2158.1000 0.1349
2167.2000 0.1350
2167.6000 0.1351
2167.6000 0.1352
2167.7000 0.1353
2169.2000 0.1354
2173.5000 0.1355
2178.5000 0.1356
2184.1000 0.1357
2184.8000 0.1358
2192.8000 0.1359
2193.7000 0.1360
2196.1000 0.1361
2202.2000 0.1363
2204.3000 0.1364
2214.1000 0.1365
2217.2000 0.1366
2220.6000 0.1367
2222.7000 0.1368
2223.8000 0.1369
2230.9000 0.1370
2231.9000 0.1371
2243.9000 0.1372
2246.7000 0.1373
2255.8000 0.1374
2256.1000 0.1375
2262.7000 0.1376
2263.3000 0.1377
2265.7000 0.1378
2265.8000 0.1379
2267.2000 0.1380
2270.2000 0.1381
2272.1000 0.1382
2274.0000 0.1383
2275.2000 0.1384
2280.6000 0.1385
2288.5000 0.1386
2291.1000 0.1388
2297.3000 0.1389
2297.8000 0.1390
2298.3000 0.1391
2302.2000 0.1392
2309.8000 0.1393
2311.5000 0.1394
2314.1000 0.1395
2314.6000 0.1396
2316.4000 0.1397
2319.6000 0.1398
2324.6000 0.1399
2325.1000 0.1400
2328.7000 0.1401
2332.2000 0.1402
2338.1000 0.1403
2338.6000 0.1404
2346.9000 0.1405
2347.4000 0.1406
2350.5000 0.1407
2352.3000 0.1408
2356.1000 0.1409
2359.1000 0.1410
2363.7000 0.1411
2363.7000 0.1413
2368.1000 0.1414
2373.4000 0.1415
2373.7000 0.1416
2374.5000 0.1417
2376.6000 0.1418
2390.6000 0.1419
2400.3000 0.1420
2402.6000 0.1421
2403.6000 0.1422
2415.3000 0.1423
2420.0000 0.1424
2428.3000 0.1425
2429.0000 0.1426
2430.3000 0.1427
2435.4000 0.1428
2440.6000 0.1429
2440.7000 0.1430
2445.5000 0.1431
2455.1000 0.1432
2455.5000 0.1433
2457.5000 0.1434
2459.2000 0.1435
2465.2000 0.1436
2467.4000 0.1437
2470.8000 0.1439
2472.9000 0.1440
2473.7000 0.1441
2478.7000 0.1442
2481.0000 0.1443
2492.3000 0.1444
2495.5000 0.1445
2500.3000 0.1446
2514.5000 0.1447
2519.4000 0.1448
2522.0000 0.1449
2522.8000 0.1450
2525.5000 0.1451
2535.7000 0.1452
2541.4000 0.1453
2549.5000 0.1454
2550.9000 0.1455
2551.2000 0.1456
2553.5000 0.1457
2555.6000 0.1458
2557.6000 0.1459
2565.5000 0.1460
2566.7000 0.1461
2579.4000 0.1462
2579.7000 0.1464
2580.7000 0.1465
2586.0000 0.1466
2590.6000 0.1467
2598.5000 0.1468
2598.6000 0.1469
2601.5000 0.1470
2601.7000 0.1471
2602.2000 0.1472
2602.8000 0.1473
2603.7000 0.1474
2603.8000 0.1475
2606.7000 0.1476
2611.1000 0.1477
2612.1000 0.1478
2614.6000 0.1479
2618.6000 0.1480
2625.5000 0.1481
2625.7000 0.1482
2627.2000 0.1483
2644.7000 0.1484
2645.9000 0.1485
2647.3000 0.1486
2648.5000 0.1487
2652.3000 0.1489
2655.3000 0.1490
2665.7000 0.1491
2671.5000 0.1492
2675.7000 0.1493
2695.5000 0.1494
2696.5000 0.1495
2697.6000 0.1496
2698.4000 0.1497
2702.8000 0.1498
2707.8000 0.1499
2709.5000 0.1500
2713.6000 0.1501
2715.2000 0.1502
2717.8000 0.1503
2725.7000 0.1504
2732.5000 0.1505
2740.8000 0.1506
2743.5000 0.1507
2747.0000 0.1508
2747.8000 0.1509
2751.3000 0.1510
2764.0000 0.1511
2769.6000 0.1512
2773.8000 0.1514
2774.9000 0.1515
2776.8000 0.1516
2779.4000 0.1517
2784.0000 0.1518
2789.7000 0.1519
2800.6000 0.1520
2802.7000 0.1521
2815.5000 0.1522
2815.7000 0.1523
2826.6000 0.1524
2832.4000 0.1525
2832.5000 0.1526
2837.7000 0.1527
2838.9000 0.1528
2839.8000 0.1529
2840.3000 0.1530
2847.2000 0.1531
2857.3000 0.1532
2858.2000 0.1533
2861.6000 0.1534
2870.0000 0.1535
2885.0000 0.1536
2897.9000 0.1537
2918.3000 0.1539
2920.5000 0.1540
2921.3000 0.1541
2926.8000 0.1542
2938.3000 0.1543
2939.7000 0.1544
2949.6000 0.1545
2953.3000 0.1546
2953.8000 0.1547
2954.3000 0.1548
2962.5000 0.1549
2968.1000 0.1550
2968.7000 0.1551
2969.3000 0.1552
2978.6000 0.1553
2988.1000 0.1554
2991.2000 0.1555
2992.7000 0.1556
2993.3000 0.1557
2999.9000 0.1558
3001.6000 0.1559
3008.5000 0.1560
3009.5000 0.1561
3011.7000 0.1562
3017.6000 0.1564
3019.1000 0.1565
3032.1000 0.1566
3032.8000 0.1567
3041.7000 0.1568
3048.0000 0.1569
3048.8000 0.1570
3049.6000 0.1571
3056.4000 0.1572
3061.2000 0.1573
3061.3000 0.1574
3074.4000 0.1575
3079.5000 0.1576
3080.3000 0.1577
3086.7000 0.1578
3088.5000 0.1579
3090.5000 0.1580
3090.7000 0.1581
3091.2000 0.1582
3091.5000 0.1583
3106.5000 0.1584
3117.0000 0.1585
3117.6000 0.1586
3117.6000 0.1587
3125.2000 0.1589
3135.0000 0.1590
3148.7000 0.1591
3150.4000 0.1592
3156.8000 0.1593
3161.5000 0.1594
3162.5000 0.1595
3162.6000 0.1596
3162.8000 0.1597
3169.8000 0.1598
3176.5000 0.1599
3186.7000 0.1600
3188.8000 0.1601
3191.4000 0.1602
3194.4000 0.1603
3198.5000 0.1604
3231.5000 0.1605
3231.7000 0.1606
3233.9000 0.1607
3237.6000 0.1608
3243.0000 0.1609
3246.4000 0.1610
3246.8000 0.1611
3249.5000 0.1612
3255.9000 0.1614
3256.3000 0.1615
3258.4000 0.1616
3263.1000 0.1617
3267.2000 0.1618
3267.9000 0.1619
3275.9000 0.1620
3276.3000 0.1621
3276.3000 0.1622
3281.4000 0.1623
3298.6000 0.1624
3315.1000 0.1625
3320.4000 0.1626
3334.6000 0.1627
3341.2000 0.1628
3341.7000 0.1629
3343.6000 0.1630
3344.5000 0.1631
3346.1000 0.1632
3357.0000 0.1633
3358.7000 0.1634
3373.2000 0.1635
3373.4000 0.1636
3378.3000 0.1637
3383.9000 0.1639
3384.3000 0.1640
3385.2000 0.1641
3387.8000 0.1642
3393.0000 0.1643
3394.0000 0.1644
3394.9000 0.1645
3400.8000 0.1646
3404.0000 0.1647
3412.7000 0.1648
3420.6000 0.1649
3432.5000 0.1650
3436.0000 0.1651
3436.4000 0.1652
3439.6000 0.1653
3442.8000 0.1654
3448.2000 0.1655
3449.2000 0.1656
3456.4000 0.1657
3464.2000 0.1658
3465.8000 0.1659
3469.2000 0.1660
3470.7000 0.1661
3476.1000 0.1662
3480.4000 0.1664
3495.3000 0.1665
3495.8000 0.1666
3501.9000 0.1667
3507.7000 0.1668
3518.9000 0.1669
3519.3000 0.1670
3525.4000 0.1671
3526.0000 0.1672
3529.3000 0.1673
3530.7000 0.1674
3533.1000 0.1675
3539.5000 0.1676
3546.2000 0.1677
3549.2000 0.1678
3554.6000 0.1679
3558.7000 0.1680
3559.6000 0.1681
3559.9000 0.1682
3561.1000 0.1683
3561.4000 0.1684
3561.5000 0.1685
3561.6000 0.1686
3567.7000 0.1687
3568.3000 0.1689
3580.5000 0.1690
3580.9000 0.1691
3581.0000 0.1692
3583.3000 0.1693
3585.1000 0.1694
3586.0000 0.1695
3597.4000 0.1696
3598.1000 0.1697
3603.2000 0.1698
3605.4000 0.1699
3607.2000 0.1700
3614.9000 0.1701
3619.8000 0.1702
3629.4000 0.1703
3634.7000 0.1704
3636.2000 0.1705
3639.5000 0.1706
3655.0000 0.1707
3655.5000 0.1708
3668.5000 0.1709
3676.6000 0.1710
3681.5000 0.1711
3685.9000 0.1712
3695.6000 0.1714
3702.0000 0.1715
3705.2000 0.1716
3707.6000 0.1717
3721.1000 0.1718
3724.1000 0.1719
3727.6000 0.1720
3729.0000 0.1721
3731.4000 0.1722
3734.3000 0.1723
3756.6000 0.1724
3757.3000 0.1725
3762.2000 0.1726
3777.6000 0.1727
3778.0000 0.1728
3781.1000 0.1729
3782.4000 0.1730
3785.2000 0.1731
3787.4000 0.1732
3803.9000 0.1733
3812.5000 0.1734
3817.3000 0.1735
3818.3000 0.1736
3823.0000 0.1737
3823.5000 0.1739
3829.6000 0.1740
3830.2000 0.1741
3833.9000 0.1742
3838.7000 0.1743
3840.5000 0.1744
3842.7000 0.1745
3846.7000 0.1746
3859.3000 0.1747
3866.5000 0.1748
3869.1000 0.1749
3870.5000 0.1750
3872.6000 0.1751
3876.3000 0.1752
3879.6000 0.1753
3881.4000 0.1754
3888.0000 0.1755
3891.2000 0.1756
3922.2000 0.1757
3922.9000 0.1758
3934.8000 0.1759
3940.4000 0.1760
3941.5000 0.1761
3950.4000 0.1762
3961.9000 0.1764
3962.9000 0.1765
3963.2000 0.1766
3975.2000 0.1767
3984.2000 0.1768
3990.2000 0.1769
3994.3000 0.1770
3998.0000 0.1771
4001.3000 0.1772
4004.8000 0.1773
4009.2000 0.1774
4011.7000 0.1775
4013.9000 0.1776
4029.3000 0.1777
4034.5000 0.1778
4043.1000 0.1779
4046.6000 0.1780
4047.1000 0.1781
4051.1000 0.1782
4070.2000 0.1783
4073.8000 0.1784
4085.8000 0.1785
4089.8000 0.1786
4090.5000 0.1787
4096.0000 0.1789
4097.4000 0.1790
4097.9000 0.1791
4115.3000 0.1792
4120.5000 0.1793
4124.6000 0.1794
4126.7000 0.1795
4135.8000 0.1796
4140.2000 0.1797
4142.8000 0.1798
4146.3000 0.1799
4149.8000 0.1800
4153.3000 0.1801
4161.9000 0.1802
4175.0000 0.1803
4181.0000 0.1804
4184.8000 0.1805
4187.7000 0.1806
4204.7000 0.1807
4206.3000 0.1808
4207.1000 0.1809
4208.0000 0.1810
4208.6000 0.1811
4219.0000 0.1812
4227.6000 0.1814
4227.6000 0.1815
4234.5000 0.1816
4245.5000 0.1817
4250.6000 0.1818
4254.0000 0.1819
4257.2000 0.1820
4261.3000 0.1821
4278.5000 0.1822
4290.6000 0.1823
4290.7000 0.1824
4293.0000 0.1825
4301.4000 0.1826
4307.0000 0.1827
4309.7000 0.1828
4312.3000 0.1829
4313.3000 0.1830
4329.9000 0.1831
4351.3000 0.1832
4354.0000 0.1833
4366.6000 0.1834
4379.8000 0.1835
4380.4000 0.1836
4380.5000 0.1837
4384.6000 0.1839
4427.4000 0.1840
4427.7000 0.1841
4431.3000 0.1842
4431.7000 0.1843
4435.5000 0.1844
4435.9000 0.1845
4437.6000 0.1846
4439.4000 0.1847
4450.1000 0.1848
4450.8000 0.1849
4471.5000 0.1850
4477.2000 0.1851
4480.7000 0.1852
4485.4000 0.1853
4496.5000 0.1854
4508.1000 0.1855
4508.5000 0.1856
4517.6000 0.1857
4522.6000 0.1858
4525.2000 0.1859
4535.4000 0.1860
4537.8000 0.1861
4540.3000 0.1862
4548.4000 0.1864
4556.7000 0.1865
4569.1000 0.1866
4580.3000 0.1867
4587.2000 0.1868
4587.6000 0.1869
4596.2000 0.1870
4600.9000 0.1871
4601.8000 0.1872
4608.1000 0.1873
4611.8000 0.1874
4645.4000 0.1875
4647.1000 0.1876
4651.6000 0.1877
4653.7000 0.1878
4685.2000 0.1879
4689.5000 0.1880
4692.7000 0.1881
4715.0000 0.1882
4731.0000 0.1883
4732.6000 0.1884
4738.0000 0.1885
4755.8000 0.1886
4759.9000 0.1887
4761.4000 0.1889
4780.2000 0.1890
4793.2000 0.1891
4799.1000 0.1892
4800.8000 0.1893
4804.3000 0.1894
4805.4000 0.1895
4808.9000 0.1896
4815.4000 0.1897
4816.4000 0.1898
4823.3000 0.1899
4837.6000 0.1900
4839.9000 0.1901
4842.8000 0.1902
4852.0000 0.1903
4858.3000 0.1904
4865.0000 0.1905
4870.3000 0.1906
4880.1000 0.1907
4892.4000 0.1908
4893.6000 0.1909
4898.3000 0.1910
4907.9000 0.1911
4911.5000 0.1912
4916.7000 0.1914
4929.3000 0.1915
4972.8000 0.1916
4973.9000 0.1917
4975.6000 0.1918
4980.0000 0.1919
4980.4000 0.1920
4981.9000 0.1921
4984.8000 0.1922
4990.5000 0.1923
5003.0000 0.1924
5007.3000 0.1925
5015.2000 0.1926
5023.5000 0.1927
5030.2000 0.1928
5031.6000 0.1929
5031.7000 0.1930
5038.8000 0.1931
5042.1000 0.1932
5047.8000 0.1933
5051.8000 0.1934
5058.0000 0.1935
5059.2000 0.1936
5061.2000 0.1937
5069.4000 0.1939
5071.3000 0.1940
5078.9000 0.1941
5084.5000 0.1942
5100.7000 0.1943
5101.4000 0.1944
5103.2000 0.1945
5107.7000 0.1946
5108.3000 0.1947
5115.4000 0.1948
5120.0000 0.1949
5125.5000 0.1950
5148.5000 0.1951
5150.1000 0.1952
5156.0000 0.1953
5161.5000 0.1954
5165.0000 0.1955
5173.1000 0.1956
5178.8000 0.1957
5179.2000 0.1958
5182.8000 0.1959
5189.7000 0.1960
5192.3000 0.1961
5194.6000 0.1962
5207.3000 0.1964
5210.1000 0.1965
5221.9000 0.1966
5225.0000 0.1967
5228.1000 0.1968
5240.8000 0.1969
5250.4000 0.1970
5250.6000 0.1971
5252.8000 0.1972
5270.4000 0.1973
5278.9000 0.1974
5280.1000 0.1975
5283.8000 0.1976
5285.6000 0.1977
5298.1000 0.1978
5298.4000 0.1979
5305.2000 0.1980
5305.8000 0.1981
5306.7000 0.1982
5309.0000 0.1983
5324.0000 0.1984
5343.6000 0.1985
5344.8000 0.1986
5354.6000 0.1987
5382.0000 0.1989
5384.5000 0.1990
5389.4000 0.1991
5398.2000 0.1992
5407.5000 0.1993
5409.4000 0.1994
5412.3000 0.1995
5413.6000 0.1996
5417.3000 0.1997
5435.7000 0.1998
5437.6000 0.1999
5444.5000 0.2000
5444.7000 0.2001
5448.5000 0.2002
5454.8000 0.2003
5455.4000 0.2004
5463.5000 0.2005
5478.5000 0.2006
5482.3000 0.2007
5491.7000 0.2008
5497.6000 0.2009
5498.7000 0.2010
5511.0000 0.2011
5515.8000 0.2012
5517.2000 0.2014
5521.8000 0.2015
5523.5000 0.2016
5527.8000 0.2017
5538.5000 0.2018
5556.3000 0.2019
5557.0000 0.2020
5559.7000 0.2021
5560.3000 0.2022
5586.4000 0.2023
5595.0000 0.2024
5600.9000 0.2025
5611.0000 0.2026
5614.1000 0.2027
5628.1000 0.2028
5641.3000 0.2029
5653.0000 0.2030
5659.3000 0.2031
5669.1000 0.2032
5675.6000 0.2033
5713.6000 0.2034
5715.4000 0.2035
5716.3000 0.2036
5735.4000 0.2037
5741.3000 0.2039
5741.6000 0.2040
5750.0000 0.2041
5756.2000 0.2042
5758.8000 0.2043
5758.9000 0.2044
5765.8000 0.2045
5769.0000 0.2046
5769.5000 0.2047
5783.2000 0.2048
5784.9000 0.2049
5797.4000 0.2050
5801.0000 0.2051
5803.9000 0.2052
5822.9000 0.2053
5830.9000 0.2054
5839.5000 0.2055
5848.8000 0.2056
5852.4000 0.2057
5856.2000 0.2058
5857.2000 0.2059
5857.6000 0.2060
5863.2000 0.2061
5867.4000 0.2062
5885.0000 0.2064
5909.8000 0.2065
5917.3000 0.2066
5921.5000 0.2067
5922.9000 0.2068
5929.2000 0.2069
5930.4000 0.2070
5950.3000 0.2071
5959.1000 0.2072
5961.2000 0.2073
5978.2000 0.2074
5983.5000 0.2075
6007.5000 0.2076
6014.6000 0.2077
6016.4000 0.2078
6021.2000 0.2079
6040.6000 0.2080
6042.1000 0.2081
6044.1000 0.2082
6045.4000 0.2083
6046.7000 0.2084
6046.9000 0.2085
6047.7000 0.2086
6047.9000 0.2087
6073.9000 0.2089
6086.0000 0.2090
6094.0000 0.2091
6113.3000 0.2092
6113.4000 0.2093
6116.3000 0.2094
6124.5000 0.2095
6141.2000 0.2096
6165.6000 0.2097
6174.3000 0.2098
6175.6000 0.2099
6186.9000 0.2100
6189.3000 0.2101
6194.0000 0.2102
6202.6000 0.2103
6206.9000 0.2104
6213.8000 0.2105
6226.7000 0.2106
6230.7000 0.2107
6235.2000 0.2108
6237.6000 0.2109
6255.3000 0.2110
6268.9000 0.2111
6274.5000 0.2112
6277.6000 0.2114
6292.1000 0.2115
6304.1000 0.2116
6311.2000 0.2117
6313.3000 0.2118
6327.4000 0.2119
6363.7000 0.2120
6368.5000 0.2121
6377.8000 0.2122
6381.3000 0.2123
6390.2000 0.2124
6395.3000 0.2125
6404.4000 0.2126
6405.5000 0.2127
6417.0000 0.2128
6419.7000 0.2129
6432.8000 0.2130
6437.4000 0.2131
6438.3000 0.2132
6451.1000 0.2133
6454.3000 0.2134
6466.4000 0.2135
6470.2000 0.2136
6487.6000 0.2137
6511.3000 0.2139
6513.7000 0.2140
6529.4000 0.2141
6537.0000 0.2142
6538.2000 0.2143
6553.8000 0.2144
6568.0000 0.2145
6575.4000 0.2146
6576.8000 0.2147
6585.9000 0.2148
6588.0000 0.2149
6591.7000 0.2150
6592.4000 0.2151
6607.5000 0.2152
6617.8000 0.2153
6620.5000 0.2154
6621.1000 0.2155
6623.0000 0.2156
6624.3000 0.2157
6625.3000 0.2158
6627.8000 0.2159
6645.1000 0.2160
6657.0000 0.2161
6657.7000 0.2162
6667.1000 0.2164
6669.4000 0.2165
6670.5000 0.2166
6674.7000 0.2167
6676.3000 0.2168
6677.7000 0.2169
6690.6000 0.2170
6702.7000 0.2171
6709.7000 0.2172
6714.3000 0.2173
6714.4000 0.2174
6727.7000 0.2175
6738.5000 0.2176
6743.5000 0.2177
6753.6000 0.2178
6753.7000 0.2179
6762.4000 0.2180
6776.0000 0.2181
6779.5000 0.2182
6782.3000 0.2183
6784.0000 0.2184
6795.8000 0.2185
6798.0000 0.2186
6802.8000 0.2187
6813.1000 0.2189
6817.0000 0.2190
6819.5000 0.2191
6831.9000 0.2192
6842.9000 0.2193
6843.8000 0.2194
6845.3000 0.2195
6851.0000 0.2196
6863.6000 0.2197
6869.6000 0.2198
6873.7000 0.2199
6884.9000 0.2200
6887.6000 0.2201
6903.3000 0.2202
6906.0000 0.2203
6917.7000 0.2204
6918.3000 0.2205
6924.7000 0.2206
6926.7000 0.2207
6930.5000 0.2208
6930.7000 0.2209
6952.7000 0.2210
6955.0000 0.2211
6958.6000 0.2212
6960.7000 0.2214
6963.6000 0.2215
6971.6000 0.2216
6985.7000 0.2217
6989.8000 0.2218
6992.2000 0.2219
6997.4000 0.2220
7003.5000 0.2221
7006.8000 0.2222
7009.8000 0.2223
7026.5000 0.2224
7031.5000 0.2225
7038.4000 0.2226
7050.3000 0.2227
7050.6000 0.2228
7053.3000 0.2229
7056.3000 0.2230
7065.9000 0.2231
7072.4000 0.2232
7084.5000 0.2233
7093.8000 0.2234
7111.5000 0.2235
7115.3000 0.2236
7118.3000 0.2237
7138.7000 0.2239
7142.4000 0.2240
7187.7000 0.2241
7188.0000 0.2242
7194.6000 0.2243
7201.8000 0.2244
7202.3000 0.2245
7203.2000 0.2246
7214.5000 0.2247
7217.0000 0.2248
7217.0000 0.2249
7237.9000 0.2250
7274.2000 0.2251
7301.2000 0.2252
7301.6000 0.2253
7311.6000 0.2254
7314.7000 0.2255
7321.0000 0.2256
7322.2000 0.2257
7327.7000 0.2258
7335.6000 0.2259
7337.7000 0.2260
7339.2000 0.2261
7350.7000 0.2262
7375.2000 0.2264
7376.6000 0.2265
7384.1000 0.2266
7386.7000 0.2267
7389.3000 0.2268
7392.8000 0.2269
7396.4000 0.2270
7398.3000 0.2271
7399.0000 0.2272
7410.8000 0.2273
7412.1000 0.2274
7420.4000 0.2275
7432.6000 0.2276
7434.5000 0.2277
7443.3000 0.2278
7449.5000 0.2279
7466.4000 0.2280
7476.5000 0.2281
7483.7000 0.2282
7495.4000 0.2283
7496.1000 0.2284
7502.6000 0.2285
7503.8000 0.2286
7511.6000 0.2287
7513.6000 0.2289
7516.0000 0.2290
7523.2000 0.2291
7526.5000 0.2292
7528.4000 0.2293
7535.9000 0.2294
7536.6000 0.2295
7541.3000 0.2296
7549.7000 0.2297
7564.0000 0.2298
7574.7000 0.2299
7577.6000 0.2300
7583.0000 0.2301
7589.1000 0.2302
7590.8000 0.2303
7604.6000 0.2304
7608.7000 0.2305
7617.1000 0.2306
7620.5000 0.2307
7626.2000 0.2308
7634.6000 0.2309
7644.3000 0.2310
7667.2000 0.2311
7670.6000 0.2312
7678.7000 0.2314
7680.6000 0.2315
7686.0000 0.2316
7695.6000 0.2317
7697.7000 0.2318
7709.1000 0.2319
7709.2000 0.2320
7710.8000 0.2321
7725.9000 0.2322
7726.2000 0.2323
7732.3000 0.2324
7739.2000 0.2325
7746.4000 0.2326
7752.1000 0.2327
7760.0000 0.2328
7768.8000 0.2329
7772.7000 0.2330
7776.1000 0.2331
7785.4000 0.2332
7788.2000 0.2333
7788.8000 0.2334
7792.3000 0.2335
7804.9000 0.2336
7808.9000 0.2337
7809.3000 0.2339
7812.5000 0.2340
7813.6000 0.2341
7820.0000 0.2342
7828.2000 0.2343
7841.7000 0.2344
7842.1000 0.2345
7845.4000 0.2346
7849.2000 0.2347
7861.0000 0.2348
7864.6000 0.2349
7867.6000 0.2350
7870.7000 0.2351
7875.8000 0.2352
7877.5000 0.2353
7881.5000 0.2354
7886.3000 0.2355
7891.8000 0.2356
7892.8000 0.2357
7898.3000 0.2358
7910.9000 0.2359
7920.1000 0.2360
7922.9000 0.2361
7933.6000 0.2362
7951.4000 0.2364
7958.5000 0.2365
7963.2000 0.2366
7963.5000 0.2367
7974.3000 0.2368
7986.1000 0.2369
7986.5000 0.2370
7992.7000 0.2371
7994.7000 0.2372
8000.7000 0.2373
8001.7000 0.2374
8004.6000 0.2375
8006.7000 0.2376
8019.8000 0.2377
8026.4000 0.2378
8027.0000 0.2379
8027.2000 0.2380
8029.2000 0.2381
8044.3000 0.2382
8055.7000 0.2383
8056.5000 0.2384
8082.6000 0.2385
8084.9000 0.2386
8098.8000 0.2387
8118.2000 0.2389
8121.8000 0.2390
8131.7000 0.2391
8133.4000 0.2392
8146.7000 0.2393
8151.7000 0.2394
8170.7000 0.2395
8174.6000 0.2396
8176.8000 0.2397
8177.2000 0.2398
8178.2000 0.2399
8180.7000 0.2400
8193.5000 0.2401
8197.0000 0.2402
8207.9000 0.2403
8229.1000 0.2404
8231.4000 0.2405
8231.7000 0.2406
8233.0000 0.2407
8235.3000 0.2408
8246.3000 0.2409
8249.7000 0.2410
8251.2000 0.2411
8262.4000 0.2412
8265.8000 0.2414
8268.8000 0.2415
8276.7000 0.2416
8296.9000 0.2417
8299.4000 0.2418
8305.0000 0.2419
8321.7000 0.2420
8331.2000 0.2421
8333.0000 0.2422
8334.3000 0.2423
8336.8000 0.2424
8342.3000 0.2425
8359.5000 0.2426
8359.9000 0.2427
8364.6000 0.2428
8386.8000 0.2429
8393.9000 0.2430
8394.6000 0.2431
8404.7000 0.2432
8405.0000 0.2433
8408.1000 0.2434
8417.4000 0.2435
8417.5000 0.2436
8424.2000 0.2437
8424.7000 0.2439
8424.8000 0.2440
8429.4000 0.2441
8451.1000 0.2442
8469.4000 0.2443
8472.4000 0.2444
8479.6000 0.2445
8480.7000 0.2446
8493.3000 0.2447
8499.6000 0.2448
8510.4000 0.2449
8515.5000 0.2450
8534.2000 0.2451
8545.6000 0.2452
8576.5000 0.2453
8587.5000 0.2454
8590.1000 0.2455
8593.4000 0.2456
8597.3000 0.2457
8604.2000 0.2458
8607.4000 0.2459
8612.8000 0.2460
8629.1000 0.2461
8643.0000 0.2462
8652.9000 0.2464
8661.0000 0.2465
8664.3000 0.2466
8668.4000 0.2467
8679.1000 0.2468
8707.0000 0.2469
8728.7000 0.2470
8733.1000 0.2471
8733.8000 0.2472
8734.0000 0.2473
8746.0000 0.2474
8746.3000 0.2475
8748.5000 0.2476
8755.0000 0.2477
8757.3000 0.2478
8767.0000 0.2479
8781.4000 0.2480
8783.6000 0.2481
8783.8000 0.2482
8786.0000 0.2483
8798.7000 0.2484
8800.2000 0.2485
8816.5000 0.2486
8819.6000 0.2487
8828.3000 0.2489
8842.1000 0.2490
8846.4000 0.2491
8863.6000 0.2492
8866.4000 0.2493
8876.1000 0.2494
8879.0000 0.2495
8883.7000 0.2496
8883.9000 0.2497
8893.8000 0.2498
8897.4000 0.2499
8901.3000 0.2500
8905.3000 0.2501
8906.0000 0.2502
8909.1000 0.2503
8909.8000 0.2504
8914.3000 0.2505
8916.6000 0.2506
8918.0000 0.2507
8928.3000 0.2508
8952.1000 0.2509
8952.6000 0.2510
8955.4000 0.2511
8968.9000 0.2512
8994.2000 0.2514
9017.6000 0.2515
9017.8000 0.2516
9018.2000 0.2517
9021.5000 0.2518
9029.3000 0.2519
9030.3000 0.2520
9032.9000 0.2521
9043.6000 0.2522
9072.8000 0.2523
9074.5000 0.2524
9080.4000 0.2525
9080.5000 0.2526
9082.3000 0.2527
9082.3000 0.2528
9083.4000 0.2529
9096.5000 0.2530
9114.0000 0.2531
9119.6000 0.2532
9126.9000 0.2533
9142.6000 0.2534
9144.8000 0.2535
9151.2000 0.2536
9159.6000 0.2537
9159.9000 0.2539
9160.4000 0.2540
9164.3000 0.2541
9175.0000 0.2542
9176.7000 0.2543
9181.7000 0.2544
9184.4000 0.2545
9186.5000 0.2546
9195.3000 0.2547
9197.3000 0.2548
9201.4000 0.2549
9214.1000 0.2550
9224.8000 0.2551
9259.6000 0.2552
9268.4000 0.2553
9269.7000 0.2554
9280.5000 0.2555
9284.1000 0.2556
9290.0000 0.2557
9295.9000 0.2558
9300.8000 0.2559
9305.7000 0.2560
9306.4000 0.2561
9311.3000 0.2562
9316.9000 0.2564
9337.0000 0.2565
9337.0000 0.2566
9348.2000 0.2567
9349.4000 0.2568
9351.8000 0.2569
9355.1000 0.2570
9356.5000 0.2571
9358.4000 0.2572
9367.4000 0.2573
9372.3000 0.2574
9393.6000 0.2575
9398.5000 0.2576
9405.6000 0.2577
9422.5000 0.2578
9438.4000 0.2579
9453.0000 0.2580
9460.0000 0.2581
9471.7000 0.2582
9472.1000 0.2583
9472.4000 0.2584
9475.4000 0.2585
9513.9000 0.2586
9514.3000 0.2587
9528.7000 0.2589
9529.2000 0.2590
9534.0000 0.2591
9534.1000 0.2592
9540.8000 0.2593
9542.8000 0.2594
9549.5000 0.2595
9562.5000 0.2596
9565.9000 0.2597
9590.7000 0.2598
9592.7000 0.2599
9609.5000 0.2600
9615.9000 0.2601
9625.8000 0.2602
9637.2000 0.2603
9645.7000 0.2604
9648.6000 0.2605
9652.1000 0.2606
9660.9000 0.2607
9668.5000 0.2608
9670.5000 0.2609
9672.3000 0.2610
9673.7000 0.2611
9694.8000 0.2612
9715.8000 0.2614
9717.6000 0.2615
9724.9000 0.2616
9732.0000 0.2617
9732.0000 0.2618
9744.0000 0.2619
9747.6000 0.2620
9752.8000 0.2621
9760.5000 0.2622
9766.8000 0.2623
9768.6000 0.2624
9777.4000 0.2625
9784.3000 0.2626
9785.6000 0.2627
9791.3000 0.2628
9808.9000 0.2629
9810.9000 0.2630
9815.8000 0.2631
9839.1000 0.2632
9848.6000 0.2633
9853.2000 0.2634
9859.6000 0.2635
9863.0000 0.2636
9873.0000 0.2637
9879.2000 0.2639
9880.0000 0.2640
9910.6000 0.2641
9914.6000 0.2642
9915.3000 0.2643
9918.3000 0.2644
9934.2000 0.2645
9939.9000 0.2646
9941.6000 0.2647
9945.6000 0.2648
9951.3000 0.2649
9964.7000 0.2650
9976.4000 0.2651
9986.8000 0.2652
9996.2000 0.2653
9996.2000 0.2654
9997.6000 0.2655
10001.5000 0.2656
10004.7000 0.2657
10035.1000 0.2658
10065.4000 0.2659
10067.7000 0.2660
10078.7000 0.2661
10086.8000 0.2662
10109.4000 0.2664
10113.9000 0.2665
10117.0000 0.2666
10118.4000 0.2667
10131.4000 0.2668
10137.4000 0.2669
10150.4000 0.2670
10162.4000 0.2671
10162.9000 0.2672
10174.5000 0.2673
10177.1000 0.2674
10180.3000 0.2675
10181.4000 0.2676
10190.3000 0.2677
10210.6000 0.2678
10212.0000 0.2679
10213.0000 0.2680
10214.4000 0.2681
10230.4000 0.2682
10230.6000 0.2683
10234.9000 0.2684
10240.1000 0.2685
10251.7000 0.2686
10267.4000 0.2687
10267.6000 0.2689
10269.2000 0.2690
10272.2000 0.2691
10274.3000 0.2692
10274.7000 0.2693
10302.5000 0.2694
10303.9000 0.2695
10304.7000 0.2696
10306.2000 0.2697
10329.0000 0.2698
10337.1000 0.2699
10356.3000 0.2700
10374.6000 0.2701
10389.9000 0.2702
10396.0000 0.2703
10401.7000 0.2704
10406.8000 0.2705
10410.4000 0.2706
10413.8000 0.2707
10444.1000 0.2708
10444.7000 0.2709
10479.7000 0.2710
10481.9000 0.2711
10487.2000 0.2712
10492.7000 0.2714
10497.5000 0.2715
10503.2000 0.2716
10506.6000 0.2717
10510.1000 0.2718
10522.2000 0.2719
10523.6000 0.2720
10526.5000 0.2721
10537.4000 0.2722
10541.9000 0.2723
10551.2000 0.2724
10556.6000 0.2725
10557.4000 0.2726
10568.1000 0.2727
10573.8000 0.2728
10574.9000 0.2729
10584.3000 0.2730
10594.7000 0.2731
10594.7000 0.2732
10596.3000 0.2733
10620.4000 0.2734
10628.0000 0.2735
10633.3000 0.2736
10633.9000 0.2737
10643.2000 0.2739
10645.5000 0.2740
10660.1000 0.2741
10666.7000 0.2742
10667.4000 0.2743
10681.9000 0.2744
10683.0000 0.2745
10688.5000 0.2746
10690.7000 0.2747
10691.7000 0.2748
10694.7000 0.2749
10699.2000 0.2750
10713.2000 0.2751
10714.9000 0.2752
10746.5000 0.2753
10748.4000 0.2754
10760.8000 0.2755
10763.9000 0.2756
10766.9000 0.2757
10778.6000 0.2758
10780.2000 0.2759
10783.9000 0.2760
10791.9000 0.2761
10794.1000 0.2762
10802.5000 0.2764
10817.5000 0.2765
10833.9000 0.2766
10834.8000 0.2767
10834.9000 0.2768
10854.6000 0.2769
10856.3000 0.2770
10856.7000 0.2771
10856.7000 0.2772
10859.3000 0.2773
10860.9000 0.2774
10870.3000 0.2775
10875.8000 0.2776
10876.3000 0.2777
10877.4000 0.2778
10892.6000 0.2779
10899.5000 0.2780
10901.8000 0.2781
10902.0000 0.2782
10915.7000 0.2783
10934.3000 0.2784
10938.8000 0.2785
10941.0000 0.2786
10964.4000 0.2787
10968.3000 0.2789
10978.2000 0.2790
10979.5000 0.2791
10980.3000 0.2792
10980.3000 0.2793
10982.8000 0.2794
11003.0000 0.2795
11013.4000 0.2796
11019.1000 0.2797
11033.8000 0.2798
11037.5000 0.2799
11054.0000 0.2800
11058.5000 0.2801
11062.9000 0.2802
11065.5000 0.2803
11066.4000 0.2804
11067.4000 0.2805
11069.4000 0.2806
11071.0000 0.2807
11071.3000 0.2808
11120.9000 0.2809
11132.4000 0.2810
11134.1000 0.2811
11137.4000 0.2812
11138.2000 0.2814
11154.9000 0.2815
11163.0000 0.2816
11178.0000 0.2817
11204.6000 0.2818
11207.1000 0.2819
11214.5000 0.2820
11224.0000 0.2821
11256.1000 0.2822
11265.1000 0.2823
11267.1000 0.2824
11274.6000 0.2825
11283.0000 0.2826
11294.0000 0.2827
11298.1000 0.2828
11304.1000 0.2829
11317.5000 0.2830
11319.2000 0.2831
11320.6000 0.2832
11335.1000 0.2833
11336.5000 0.2834
11336.5000 0.2835
11345.7000 0.2836
11346.4000 0.2837
11348.4000 0.2839
11362.7000 0.2840
11370.9000 0.2841
11380.8000 0.2842
11385.1000 0.2843
11400.1000 0.2844
11402.9000 0.2845
11414.5000 0.2846
11417.4000 0.2847
11420.0000 0.2848
11429.3000 0.2849
11430.4000 0.2850
11441.3000 0.2851
11457.5000 0.2852
11459.7000 0.2853
11466.4000 0.2854
11477.0000 0.2855
11482.7000 0.2856
11482.9000 0.2857
11485.3000 0.2858
11493.9000 0.2859
11512.7000 0.2860
11520.8000 0.2861
11527.0000 0.2862
11532.7000 0.2864
11532.8000 0.2865
11535.7000 0.2866
11544.5000 0.2867
11562.7000 0.2868
11564.3000 0.2869
11576.0000 0.2870
11585.0000 0.2871
11596.7000 0.2872
11608.9000 0.2873
11610.9000 0.2874
11634.3000 0.2875
11657.6000 0.2876
11666.2000 0.2877
11672.2000 0.2878
11684.2000 0.2879
11695.5000 0.2880
11704.9000 0.2881
11712.2000 0.2882
11723.9000 0.2883
11725.3000 0.2884
11741.6000 0.2885
11748.1000 0.2886
11749.1000 0.2887
11757.5000 0.2889
11791.5000 0.2890
11801.4000 0.2891
11804.7000 0.2892
11814.7000 0.2893
11817.6000 0.2894
11822.6000 0.2895
11826.6000 0.2896
11850.7000 0.2897
11864.5000 0.2898
11867.5000 0.2899
11867.8000 0.2900
11872.3000 0.2901
11880.8000 0.2902
11882.7000 0.2903
11885.3000 0.2904
11909.1000 0.2905
11912.9000 0.2906
11920.0000 0.2907
11920.3000 0.2908
11925.2000 0.2909
11927.9000 0.2910
11928.3000 0.2911
11950.2000 0.2912
11958.5000 0.2914
11969.5000 0.2915
11981.1000 0.2916
