# messageDelay  cumulativeProbability
5.0000 0.0000
5.0000 0.0001
5.0000 0.0001
5.0000 0.0001
5.0000 0.0002
5.0000 0.0002
5.0000 0.0002
5.0000 0.0003
5.0000 0.0003
5.0000 0.0003
5.0000 0.0004
5.0000 0.0004
5.0000 0.0005
5.0000 0.0005
5.0000 0.0005
5.0000 0.0006
5.0000 0.0006
5.0000 0.0006
5.0000 0.0007
5.0000 0.0007
5.0000 0.0007
5.0000 0.0008
5.0000 0.0008
5.0000 0.0008
5.0000 0.0009
5.0000 0.0009
5.0000 0.0009
5.0000 0.0010
5.0000 0.0010
5.0000 0.0010
5.0000 0.0011
5.0000 0.0011
5.0000 0.0011
5.0000 0.0012
5.0000 0.0012
5.0000 0.0013
5.0000 0.0013
5.9000 0.0013
6.0000 0.0014
6.2000 0.0014
6.6000 0.0014
7.1000 0.0015
7.2000 0.0015
8.0000 0.0015
8.0000 0.0016
8.0000 0.0016
8.7000 0.0016
9.0000 0.0017
9.0000 0.0017
9.5000 0.0017
11.0000 0.0018
11.6000 0.0018
13.6000 0.0018
18.4000 0.0019
22.3000 0.0019
23.2000 0.0019
59.0000 0.0020
114.2000 0.0020
171.9000 0.0020
201.1000 0.0021
230.3000 0.0021
272.9000 0.0022
308.7000 0.0022
311.7000 0.0022
332.7000 0.0023
334.2000 0.0023
337.0000 0.0023
398.9000 0.0024
399.0000 0.0024
404.3000 0.0024
416.4000 0.0025
430.0000 0.0025
437.7000 0.0025
456.7000 0.0026
460.7000 0.0026
477.8000 0.0026
486.8000 0.0027
491.0000 0.0027
492.7000 0.0027
498.3000 0.0028
506.0000 0.0028
508.5000 0.0028
512.7000 0.0029
539.9000 0.0029
540.9000 0.0030
553.3000 0.0030
580.4000 0.0030
585.3000 0.0031
592.7000 0.0031
594.7000 0.0031
619.7000 0.0032
622.5000 0.0032
624.0000 0.0032
624.5000 0.0033
641.3000 0.0033
648.7000 0.0033
651.2000 0.0034
669.3000 0.0034
674.1000 0.0034
685.4000 0.0035
691.0000 0.0035
694.7000 0.0035
699.9000 0.0036
703.0000 0.0036
709.7000 0.0036
724.2000 0.0037
724.3000 0.0037
733.3000 0.0037
746.6000 0.0038
755.8000 0.0038
759.9000 0.0039
762.3000 0.0039
774.0000 0.0039
775.4000 0.0040
787.4000 0.0040
790.0000 0.0040
797.7000 0.0041
798.8000 0.0041
802.3000 0.0041
806.3000 0.0042
825.7000 0.0042
836.0000 0.0042
845.8000 0.0043
845.8000 0.0043
850.3000 0.0043
854.2000 0.0044
854.6000 0.0044
859.3000 0.0044
861.5000 0.0045
868.5000 0.0045
869.6000 0.0045
876.1000 0.0046
879.5000 0.0046
885.9000 0.0047
891.3000 0.0047
896.9000 0.0047
909.7000 0.0048
926.6000 0.0048
929.0000 0.0048
930.3000 0.0049
932.0000 0.0049
938.8000 0.0049
941.9000 0.0050
947.9000 0.0050
949.5000 0.0050
949.7000 0.0051
951.4000 0.0051
951.6000 0.0051
954.0000 0.0052
958.0000 0.0052
966.7000 0.0052
971.1000 0.0053
977.1000 0.0053
979.1000 0.0053
980.3000 0.0054
982.0000 0.0054
986.4000 0.0055
988.3000 0.0055
989.6000 0.0055
993.3000 0.0056
996.5000 0.0056
1002.0000 0.0056
1008.2000 0.0057
1011.4000 0.0057
1013.0000 0.0057
1015.5000 0.0058
1020.8000 0.0058
1023.2000 0.0058
1029.7000 0.0059
1041.6000 0.0059
1046.2000 0.0059
1046.7000 0.0060
1050.5000 0.0060
1052.6000 0.0060
1054.1000 0.0061
1063.8000 0.0061
1070.0000 0.0061
1072.7000 0.0062
1075.4000 0.0062
1080.6000 0.0063
1083.8000 0.0063
1090.4000 0.0063
1090.8000 0.0064
1093.0000 0.0064
1097.3000 0.0064
1103.4000 0.0065
1110.6000 0.0065
1120.8000 0.0065
1127.6000 0.0066
1128.0000 0.0066
1137.4000 0.0066
1148.4000 0.0067
1152.4000 0.0067
1155.7000 0.0067
1162.2000 0.0068
1171.1000 0.0068
1172.3000 0.0068
1172.4000 0.0069
1174.0000 0.0069
1174.4000 0.0069
1180.5000 0.0070
1193.3000 0.0070
1195.7000 0.0070
1209.1000 0.0071
1215.8000 0.0071
1217.0000 0.0072
1221.8000 0.0072
1226.5000 0.0072
1229.2000 0.0073
1233.4000 0.0073
1233.8000 0.0073
1237.6000 0.0074
1237.7000 0.0074
1243.3000 0.0074
1248.5000 0.0075
1250.3000 0.0075
1256.4000 0.0075
1265.2000 0.0076
1266.2000 0.0076
1271.0000 0.0076
1282.6000 0.0077
1286.8000 0.0077
1287.9000 0.0077
1291.6000 0.0078
1293.2000 0.0078
1304.3000 0.0078
1305.0000 0.0079
1312.7000 0.0079
1314.5000 0.0080
1334.0000 0.0080
1351.5000 0.0080
1358.1000 0.0081
1362.3000 0.0081
1362.6000 0.0081
1367.7000 0.0082
1387.3000 0.0082
1403.4000 0.0082
1406.7000 0.0083
1411.7000 0.0083
1421.6000 0.0083
1425.6000 0.0084
1428.5000 0.0084
1430.5000 0.0084
1451.2000 0.0085
1460.2000 0.0085
1465.9000 0.0085
1466.0000 0.0086
1470.3000 0.0086
1476.6000 0.0086
1478.1000 0.0087
1483.7000 0.0087
1489.9000 0.0088
1499.8000 0.0088
1503.6000 0.0088
1504.7000 0.0089
1528.4000 0.0089
1528.7000 0.0089
1530.1000 0.0090
1531.7000 0.0090
1536.2000 0.0090
1542.4000 0.0091
1544.0000 0.0091
1554.5000 0.0091
1555.7000 0.0092
1558.2000 0.0092
1560.1000 0.0092
1560.2000 0.0093
1566.6000 0.0093
1571.4000 0.0093
1572.0000 0.0094
1575.5000 0.0094
1575.6000 0.0094
1577.7000 0.0095
1585.9000 0.0095
1587.4000 0.0095
1590.5000 0.0096
1597.2000 0.0096
1597.3000 0.0097
1601.0000 0.0097
1611.8000 0.0097
1612.7000 0.0098
1619.6000 0.0098
1626.6000 0.0098
1628.8000 0.0099
1629.2000 0.0099
1629.2000 0.0099
1635.9000 0.0100
1639.2000 0.0100
1644.5000 0.0100
1645.6000 0.0101
1651.7000 0.0101
1654.3000 0.0101
1657.6000 0.0102
1658.3000 0.0102
1661.7000 0.0102
1663.6000 0.0103
1669.0000 0.0103
1675.2000 0.0103
1676.8000 0.0104
1683.4000 0.0104
1689.4000 0.0105
1689.8000 0.0105
1690.0000 0.0105
1690.3000 0.0106
1694.3000 0.0106
1700.9000 0.0106
1702.0000 0.0107
1703.3000 0.0107
1709.6000 0.0107
1715.3000 0.0108
1718.4000 0.0108
1722.1000 0.0108
1723.6000 0.0109
1728.2000 0.0109
1729.2000 0.0109
1741.1000 0.0110
1744.6000 0.0110
1745.6000 0.0110
1746.8000 0.0111
1753.1000 0.0111
1754.6000 0.0111
1756.3000 0.0112
1763.7000 0.0112
1766.6000 0.0113
1770.4000 0.0113
1774.7000 0.0113
1777.6000 0.0114
1784.7000 0.0114
1792.6000 0.0114
1795.2000 0.0115
1795.6000 0.0115
1799.2000 0.0115
1799.4000 0.0116
1800.3000 0.0116
1803.6000 0.0116
1823.8000 0.0117
1826.1000 0.0117
1826.3000 0.0117
1827.5000 0.0118
1829.1000 0.0118
1837.5000 0.0118
1839.6000 0.0119
1841.1000 0.0119
1844.4000 0.0119
1848.8000 0.0120
1850.7000 0.0120
1856.4000 0.0120
1856.5000 0.0121
1857.4000 0.0121
1864.6000 0.0122
1866.1000 0.0122
1868.6000 0.0122
1879.9000 0.0123
1883.9000 0.0123
1885.9000 0.0123
1890.1000 0.0124
1894.7000 0.0124
1903.0000 0.0124
1927.9000 0.0125
1933.8000 0.0125
1939.6000 0.0125
1942.7000 0.0126
1944.1000 0.0126
1954.8000 0.0126
1955.6000 0.0127
1958.3000 0.0127
1963.5000 0.0127
1967.7000 0.0128
1978.4000 0.0128
1982.4000 0.0128
1984.9000 0.0129
1988.2000 0.0129
1988.5000 0.0130
1988.7000 0.0130
1990.3000 0.0130
1991.9000 0.0131
1995.6000 0.0131
2003.9000 0.0131
2004.8000 0.0132
2012.0000 0.0132
2018.7000 0.0132
2028.5000 0.0133
2029.5000 0.0133
2030.4000 0.0133
2031.2000 0.0134
2036.8000 0.0134
2038.4000 0.0134
2041.2000 0.0135
2042.1000 0.0135
2046.2000 0.0135
2048.7000 0.0136
2051.2000 0.0136
2055.6000 0.0136
2056.3000 0.0137
2056.9000 0.0137
2058.4000 0.0138
2058.8000 0.0138
2060.6000 0.0138
2063.2000 0.0139
2074.3000 0.0139
2076.5000 0.0139
2087.7000 0.0140
2089.6000 0.0140
2095.0000 0.0140
2102.5000 0.0141
2107.4000 0.0141
2107.6000 0.0141
2111.5000 0.0142
2114.5000 0.0142
2116.9000 0.0142
2119.1000 0.0143
2120.1000 0.0143
2127.6000 0.0143
2133.0000 0.0144
2141.3000 0.0144
2145.8000 0.0144
2151.5000 0.0145
2154.0000 0.0145
2170.2000 0.0145
2173.3000 0.0146
2173.9000 0.0146
2182.7000 0.0147
2183.9000 0.0147
2184.0000 0.0147
2192.5000 0.0148
2193.1000 0.0148
2195.7000 0.0148
2200.7000 0.0149
2203.6000 0.0149
2208.4000 0.0149
2220.6000 0.0150
2223.2000 0.0150
2224.8000 0.0150
2233.2000 0.0151
2236.1000 0.0151
2248.9000 0.0151
2251.8000 0.0152
2255.1000 0.0152
2255.9000 0.0152
2264.8000 0.0153
2265.5000 0.0153
2269.7000 0.0153
2285.8000 0.0154
2293.9000 0.0154
2295.4000 0.0155
2298.0000 0.0155
2300.5000 0.0155
2301.7000 0.0156
2303.6000 0.0156
2305.9000 0.0156
2316.9000 0.0157
2329.3000 0.0157
2336.8000 0.0157
2345.1000 0.0158
2346.7000 0.0158
2348.8000 0.0158
2349.2000 0.0159
2352.5000 0.0159
2355.3000 0.0159
2359.3000 0.0160
2375.5000 0.0160
2380.5000 0.0160
2380.6000 0.0161
2388.6000 0.0161
2391.8000 0.0161
2394.7000 0.0162
2397.2000 0.0162
2398.5000 0.0163
2399.1000 0.0163
2411.1000 0.0163
2411.2000 0.0164
2412.7000 0.0164
2415.0000 0.0164
2417.1000 0.0165
2422.6000 0.0165
2426.9000 0.0165
2429.9000 0.0166
2440.1000 0.0166
2444.0000 0.0166
2447.1000 0.0167
2452.6000 0.0167
2453.3000 0.0167
2455.4000 0.0168
2456.4000 0.0168
2459.8000 0.0168
2466.3000 0.0169
2469.6000 0.0169
2472.9000 0.0169
2472.9000 0.0170
2475.5000 0.0170
2481.0000 0.0170
2483.6000 0.0171
2484.8000 0.0171
2488.7000 0.0172
2490.0000 0.0172
2490.6000 0.0172
2495.7000 0.0173
2501.2000 0.0173
2510.6000 0.0173
2520.0000 0.0174
2525.7000 0.0174
2538.9000 0.0174
2540.2000 0.0175
2546.0000 0.0175
2555.5000 0.0175
2558.8000 0.0176
2559.8000 0.0176
2560.0000 0.0176
2563.6000 0.0177
2566.4000 0.0177
2571.5000 0.0177
2572.8000 0.0178
2579.4000 0.0178
2587.1000 0.0178
2601.1000 0.0179
2602.2000 0.0179
2609.3000 0.0180
2609.6000 0.0180
2610.0000 0.0180
2614.1000 0.0181
2620.7000 0.0181
2629.7000 0.0181
2641.0000 0.0182
2643.2000 0.0182
2644.2000 0.0182
2647.8000 0.0183
2648.7000 0.0183
2651.1000 0.0183
2659.7000 0.0184
2660.9000 0.0184
2683.6000 0.0184
2684.8000 0.0185
2698.0000 0.0185
2698.2000 0.0185
2700.3000 0.0186
2704.7000 0.0186
2726.2000 0.0186
2729.7000 0.0187
2733.5000 0.0187
2735.4000 0.0187
2737.7000 0.0188
2742.2000 0.0188
2755.2000 0.0189
2772.3000 0.0189
2772.8000 0.0189
2785.4000 0.0190
2787.9000 0.0190
2790.5000 0.0190
2801.8000 0.0191
2802.7000 0.0191
2809.6000 0.0191
2810.5000 0.0192
2817.6000 0.0192
2822.7000 0.0192
2836.4000 0.0193
2839.7000 0.0193
2848.1000 0.0193
2852.0000 0.0194
2863.8000 0.0194
2873.5000 0.0194
2881.3000 0.0195
2887.9000 0.0195
2888.3000 0.0195
2891.8000 0.0196
2895.3000 0.0196
2896.6000 0.0197
2901.2000 0.0197
2902.7000 0.0197
2904.6000 0.0198
2905.9000 0.0198
2907.5000 0.0198
2909.0000 0.0199
2909.4000 0.0199
2910.0000 0.0199
2916.8000 0.0200
2920.5000 0.0200
2921.2000 0.0200
2925.0000 0.0201
2927.5000 0.0201
2927.7000 0.0201
2932.2000 0.0202
2938.4000 0.0202
2939.3000 0.0202
2940.1000 0.0203
2954.9000 0.0203
2955.9000 0.0203
2957.2000 0.0204
2957.2000 0.0204
2966.6000 0.0205
2967.0000 0.0205
2969.7000 0.0205
2978.7000 0.0206
2979.7000 0.0206
2986.3000 0.0206
2993.0000 0.0207
2996.9000 0.0207
3000.6000 0.0207
3008.4000 0.0208
3008.7000 0.0208
3013.5000 0.0208
3014.1000 0.0209
3021.0000 0.0209
3027.3000 0.0209
3032.1000 0.0210
3059.7000 0.0210
3059.9000 0.0210
3060.4000 0.0211
3066.6000 0.0211
3077.0000 0.0211
3080.1000 0.0212
3080.6000 0.0212
3080.9000 0.0212
3081.3000 0.0213
3081.8000 0.0213
3081.8000 0.0214
3087.6000 0.0214
3093.5000 0.0214
3098.8000 0.0215
3100.6000 0.0215
3106.9000 0.0215
3109.4000 0.0216
3113.8000 0.0216
3117.4000 0.0216
3121.5000 0.0217
3126.8000 0.0217
3128.4000 0.0217
3142.5000 0.0218
3143.1000 0.0218
3144.6000 0.0218
3170.6000 0.0219
3175.2000 0.0219
3181.5000 0.0219
3186.2000 0.0220
3188.1000 0.0220
3188.5000 0.0220
3191.7000 0.0221
3201.4000 0.0221
3208.8000 0.0222
3232.2000 0.0222
3236.3000 0.0222
3236.4000 0.0223
3237.9000 0.0223
3238.0000 0.0223
3238.7000 0.0224
3252.7000 0.0224
3254.0000 0.0224
3267.0000 0.0225
3267.2000 0.0225
3272.6000 0.0225
3274.5000 0.0226
3279.3000 0.0226
3283.5000 0.0226
3284.7000 0.0227
3285.0000 0.0227
3285.5000 0.0227
3287.5000 0.0228
3294.3000 0.0228
3299.0000 0.0228
3307.7000 0.0229
3308.3000 0.0229
3308.6000 0.0230
3310.7000 0.0230
3311.8000 0.0230
3315.6000 0.0231
3316.9000 0.0231
3319.6000 0.0231
3327.4000 0.0232
3328.7000 0.0232
3330.3000 0.0232
3336.3000 0.0233
3340.0000 0.0233
3345.6000 0.0233
3346.4000 0.0234
3348.2000 0.0234
3354.3000 0.0234
3355.9000 0.0235
3357.7000 0.0235
3361.7000 0.0235
3362.2000 0.0236
3369.8000 0.0236
3374.1000 0.0236
3375.6000 0.0237
3376.5000 0.0237
3382.2000 0.0237
3388.0000 0.0238
3397.6000 0.0238
3398.8000 0.0239
3398.9000 0.0239
3399.4000 0.0239
3400.3000 0.0240
3401.7000 0.0240
3403.4000 0.0240
3405.3000 0.0241
3405.8000 0.0241
3406.9000 0.0241
3407.3000 0.0242
3410.2000 0.0242
3411.4000 0.0242
3415.7000 0.0243
3417.1000 0.0243
3417.1000 0.0243
3418.6000 0.0244
3430.1000 0.0244
3434.3000 0.0244
3444.1000 0.0245
3448.8000 0.0245
3454.0000 0.0245
3456.5000 0.0246
3459.7000 0.0246
3465.8000 0.0247
3468.6000 0.0247
3473.5000 0.0247
3476.2000 0.0248
3476.3000 0.0248
3481.1000 0.0248
3481.8000 0.0249
3481.9000 0.0249
3489.2000 0.0249
3492.0000 0.0250
3494.7000 0.0250
3496.0000 0.0250
3502.1000 0.0251
3505.0000 0.0251
3511.6000 0.0251
3512.7000 0.0252
3515.9000 0.0252
3521.6000 0.0252
3522.3000 0.0253
3528.2000 0.0253
3529.2000 0.0253
3532.1000 0.0254
3533.1000 0.0254
3547.9000 0.0255
3557.2000 0.0255
3570.3000 0.0255
3577.2000 0.0256
3584.0000 0.0256
3585.6000 0.0256
3586.0000 0.0257
3586.5000 0.0257
3588.4000 0.0257
3589.0000 0.0258
3590.4000 0.0258
3591.5000 0.0258
3592.4000 0.0259
3599.5000 0.0259
3600.1000 0.0259
3605.1000 0.0260
3608.6000 0.0260
3622.7000 0.0260
3626.3000 0.0261
3628.5000 0.0261
3632.0000 0.0261
3636.7000 0.0262
3638.2000 0.0262
3642.0000 0.0262
3645.1000 0.0263
3646.0000 0.0263
3648.4000 0.0264
3650.3000 0.0264
3652.6000 0.0264
3656.3000 0.0265
3657.1000 0.0265
3658.5000 0.0265
3660.3000 0.0266
3662.2000 0.0266
3662.7000 0.0266
3662.9000 0.0267
3665.9000 0.0267
3666.2000 0.0267
3671.7000 0.0268
3681.4000 0.0268
3687.6000 0.0268
3687.9000 0.0269
3689.4000 0.0269
3694.6000 0.0269
3716.6000 0.0270
3724.9000 0.0270
3725.7000 0.0270
3729.5000 0.0271
3730.6000 0.0271
3731.6000 0.0272
3736.5000 0.0272
3749.9000 0.0272
3754.8000 0.0273
3756.3000 0.0273
3758.9000 0.0273
3759.1000 0.0274
3762.3000 0.0274
3762.4000 0.0274
3768.4000 0.0275
3772.7000 0.0275
3773.9000 0.0275
3775.2000 0.0276
3785.6000 0.0276
3796.8000 0.0276
3796.9000 0.0277
3798.7000 0.0277
3805.4000 0.0277
3808.4000 0.0278
3811.4000 0.0278
3824.6000 0.0278
3828.5000 0.0279
3830.2000 0.0279
3835.3000 0.0280
3838.4000 0.0280
3838.7000 0.0280
3839.4000 0.0281
3842.4000 0.0281
3846.3000 0.0281
3855.3000 0.0282
3873.0000 0.0282
3873.4000 0.0282
3875.7000 0.0283
3879.6000 0.0283
3883.5000 0.0283
3885.5000 0.0284
3895.1000 0.0284
3896.5000 0.0284
3897.5000 0.0285
3901.3000 0.0285
3902.6000 0.0285
3905.6000 0.0286
3908.7000 0.0286
3908.8000 0.0286
3910.1000 0.0287
3910.8000 0.0287
3914.9000 0.0287
3916.3000 0.0288
3919.6000 0.0288
3920.9000 0.0289
3926.6000 0.0289
3927.3000 0.0289
3936.1000 0.0290
3938.8000 0.0290
3939.3000 0.0290
3940.4000 0.0291
3944.7000 0.0291
3948.0000 0.0291
3953.0000 0.0292
3953.4000 0.0292
3956.1000 0.0292
3970.5000 0.0293
3971.2000 0.0293
3973.1000 0.0293
3975.4000 0.0294
3975.8000 0.0294
3976.7000 0.0294
3977.2000 0.0295
3978.3000 0.0295
3978.7000 0.0295
3985.1000 0.0296
3988.2000 0.0296
3989.0000 0.0297
3990.1000 0.0297
3996.9000 0.0297
3996.9000 0.0298
3999.9000 0.0298
4002.7000 0.0298
4014.9000 0.0299
4027.3000 0.0299
4030.8000 0.0299
4033.8000 0.0300
4035.0000 0.0300
4040.2000 0.0300
4044.5000 0.0301
4051.0000 0.0301
4053.7000 0.0301
4055.5000 0.0302
4062.4000 0.0302
4076.6000 0.0302
4079.1000 0.0303
4081.5000 0.0303
4084.0000 0.0303
4091.5000 0.0304
4104.6000 0.0304
4112.3000 0.0305
4113.3000 0.0305
4113.6000 0.0305
4121.9000 0.0306
4124.1000 0.0306
4127.9000 0.0306
4134.3000 0.0307
4138.2000 0.0307
4138.4000 0.0307
4138.9000 0.0308
4142.2000 0.0308
4148.2000 0.0308
4150.6000 0.0309
4150.8000 0.0309
4154.4000 0.0309
4156.1000 0.0310
4159.0000 0.0310
4176.6000 0.0310
4178.4000 0.0311
4187.0000 0.0311
4187.9000 0.0311
4189.0000 0.0312
4190.8000 0.0312
4191.3000 0.0312
4196.2000 0.0313
4199.8000 0.0313
4206.6000 0.0314
4209.2000 0.0314
4209.4000 0.0314
4209.7000 0.0315
4217.3000 0.0315
4221.6000 0.0315
4242.2000 0.0316
4245.2000 0.0316
4252.7000 0.0316
4259.9000 0.0317
4261.0000 0.0317
4269.8000 0.0317
4270.6000 0.0318
4271.4000 0.0318
4285.6000 0.0318
4286.8000 0.0319
4293.2000 0.0319
4305.5000 0.0319
4315.0000 0.0320
4319.3000 0.0320
4321.5000 0.0320
4323.5000 0.0321
4332.3000 0.0321
4335.6000 0.0322
4337.3000 0.0322
4342.6000 0.0322
4344.7000 0.0323
4352.6000 0.0323
4352.8000 0.0323
4355.0000 0.0324
4356.6000 0.0324
4359.2000 0.0324
4365.1000 0.0325
4365.4000 0.0325
4366.0000 0.0325
4367.8000 0.0326
4375.8000 0.0326
4376.4000 0.0326
4377.1000 0.0327
4380.5000 0.0327
4383.0000 0.0327
4389.3000 0.0328
4393.8000 0.0328
4394.3000 0.0328
4395.3000 0.0329
4395.5000 0.0329
4395.9000 0.0330
4396.5000 0.0330
4411.8000 0.0330
4412.3000 0.0331
4421.5000 0.0331
4426.0000 0.0331
4429.5000 0.0332
4445.9000 0.0332
4455.0000 0.0332
4455.2000 0.0333
4466.4000 0.0333
4471.6000 0.0333
4473.2000 0.0334
4475.4000 0.0334
4478.1000 0.0334
4480.6000 0.0335
4483.9000 0.0335
4486.8000 0.0335
4487.0000 0.0336
4491.8000 0.0336
4492.5000 0.0336
4494.5000 0.0337
4495.7000 0.0337
4496.7000 0.0337
4508.7000 0.0338
4513.7000 0.0338
4517.0000 0.0339
4517.9000 0.0339
4529.2000 0.0339
4532.6000 0.0340
4543.6000 0.0340
4548.3000 0.0340
4551.5000 0.0341
4552.6000 0.0341
4558.6000 0.0341
4571.3000 0.0342
4579.8000 0.0342
4596.3000 0.0342
4596.7000 0.0343
4598.4000 0.0343
4602.7000 0.0343
4607.4000 0.0344
4607.4000 0.0344
4608.7000 0.0344
4614.3000 0.0345
4614.5000 0.0345
4616.3000 0.0345
4619.4000 0.0346
4621.2000 0.0346
4627.2000 0.0347
4627.2000 0.0347
4640.2000 0.0347
4640.9000 0.0348
4648.7000 0.0348
4651.1000 0.0348
4655.3000 0.0349
4655.5000 0.0349
4656.2000 0.0349
4666.7000 0.0350
4667.9000 0.0350
4674.1000 0.0350
4675.3000 0.0351
4679.8000 0.0351
4686.4000 0.0351
4687.3000 0.0352
4692.6000 0.0352
4703.5000 0.0352
4704.0000 0.0353
4707.5000 0.0353
4710.8000 0.0353
4714.6000 0.0354
4715.7000 0.0354
4718.7000 0.0355
4730.6000 0.0355
4731.0000 0.0355
4733.9000 0.0356
4736.7000 0.0356
4740.0000 0.0356
4741.3000 0.0357
4751.3000 0.0357
4753.7000 0.0357
4763.9000 0.0358
4770.5000 0.0358
4770.9000 0.0358
4773.7000 0.0359
4776.6000 0.0359
4781.6000 0.0359
4786.6000 0.0360
4792.5000 0.0360
4796.9000 0.0360
4798.0000 0.0361
4798.6000 0.0361
4799.9000 0.0361
4804.5000 0.0362
4805.5000 0.0362
4813.6000 0.0362
4814.9000 0.0363
4817.4000 0.0363
4818.5000 0.0364
4818.7000 0.0364
4822.1000 0.0364
4822.8000 0.0365
4825.8000 0.0365
4834.4000 0.0365
4836.5000 0.0366
4841.3000 0.0366
4846.9000 0.0366
4849.4000 0.0367
4851.8000 0.0367
4856.3000 0.0367
4856.9000 0.0368
4857.2000 0.0368
4861.1000 0.0368
4867.8000 0.0369
4875.9000 0.0369
4878.5000 0.0369
4879.6000 0.0370
4881.6000 0.0370
4883.4000 0.0370
4884.9000 0.0371
4891.7000 0.0371
4891.9000 0.0372
4895.5000 0.0372
4907.8000 0.0372
4913.7000 0.0373
4917.3000 0.0373
4919.9000 0.0373
4920.2000 0.0374
4927.8000 0.0374
4928.7000 0.0374
4930.5000 0.0375
4931.0000 0.0375
4931.6000 0.0375
4935.4000 0.0376
4951.8000 0.0376
4952.3000 0.0376
4953.4000 0.0377
4953.4000 0.0377
4955.6000 0.0377
4955.6000 0.0378
4956.5000 0.0378
4961.2000 0.0378
4967.7000 0.0379
4969.3000 0.0379
4973.1000 0.0380
4977.9000 0.0380
4998.9000 0.0380
5000.1000 0.0381
5007.0000 0.0381
5009.6000 0.0381
5012.1000 0.0382
5016.1000 0.0382
5024.8000 0.0382
5031.2000 0.0383
5034.5000 0.0383
5038.6000 0.0383
5041.5000 0.0384
5053.5000 0.0384
5055.5000 0.0384
5067.4000 0.0385
5074.5000 0.0385
5076.2000 0.0385
5092.0000 0.0386
5095.5000 0.0386
5117.6000 0.0386
5118.1000 0.0387
5121.3000 0.0387
5123.3000 0.0387
5125.9000 0.0388
5127.6000 0.0388
5129.1000 0.0389
5129.7000 0.0389
5130.8000 0.0389
5134.7000 0.0390
5138.5000 0.0390
5151.7000 0.0390
5158.0000 0.0391
5162.6000 0.0391
5163.2000 0.0391
5165.0000 0.0392
5171.7000 0.0392
5171.7000 0.0392
5172.3000 0.0393
5176.9000 0.0393
5179.4000 0.0393
5184.4000 0.0394
5186.6000 0.0394
5187.1000 0.0394
5194.8000 0.0395
5196.8000 0.0395
5208.9000 0.0395
5209.5000 0.0396
5212.6000 0.0396
5212.7000 0.0397
5222.7000 0.0397
5226.2000 0.0397
5226.4000 0.0398
5228.6000 0.0398
5229.1000 0.0398
5240.2000 0.0399
5241.7000 0.0399
5242.3000 0.0399
5244.1000 0.0400
5247.0000 0.0400
5247.1000 0.0400
5249.9000 0.0401
5251.8000 0.0401
5260.6000 0.0401
5262.7000 0.0402
5268.9000 0.0402
5270.4000 0.0402
5273.6000 0.0403
5283.2000 0.0403
5287.5000 0.0403
5289.0000 0.0404
5290.4000 0.0404
5293.3000 0.0405
5298.5000 0.0405
5301.3000 0.0405
5302.8000 0.0406
5303.3000 0.0406
5328.4000 0.0406
5330.3000 0.0407
5333.9000 0.0407
5337.2000 0.0407
5338.7000 0.0408
5341.5000 0.0408
5343.1000 0.0408
5347.8000 0.0409
5356.5000 0.0409
5359.1000 0.0409
5360.4000 0.0410
5367.1000 0.0410
5368.2000 0.0410
5369.4000 0.0411
5372.0000 0.0411
5377.0000 0.0411
5380.7000 0.0412
5383.4000 0.0412
5387.0000 0.0412
5393.7000 0.0413
5394.8000 0.0413
5411.6000 0.0414
5415.8000 0.0414
5430.3000 0.0414
5430.4000 0.0415
5436.8000 0.0415
5458.9000 0.0415
5466.0000 0.0416
5466.9000 0.0416
5470.3000 0.0416
5481.8000 0.0417
5489.5000 0.0417
5489.7000 0.0417
5500.6000 0.0418
5501.5000 0.0418
5503.8000 0.0418
5505.7000 0.0419
5510.1000 0.0419
5512.4000 0.0419
5518.5000 0.0420
5530.2000 0.0420
5537.3000 0.0420
5540.7000 0.0421
5548.9000 0.0421
5554.3000 0.0422
5555.7000 0.0422
5557.6000 0.0422
5560.8000 0.0423
5577.4000 0.0423
5577.8000 0.0423
5582.5000 0.0424
5584.5000 0.0424
5585.6000 0.0424
5589.0000 0.0425
5599.7000 0.0425
5610.5000 0.0425
5611.9000 0.0426
5617.8000 0.0426
5629.7000 0.0426
5629.9000 0.0427
5632.0000 0.0427
5636.3000 0.0427
5644.7000 0.0428
5657.5000 0.0428
5664.6000 0.0428
5664.6000 0.0429
5668.3000 0.0429
5678.1000 0.0430
5680.2000 0.0430
5681.3000 0.0430
5685.6000 0.0431
5686.7000 0.0431
5687.6000 0.0431
5688.9000 0.0432
5689.0000 0.0432
5691.1000 0.0432
5692.4000 0.0433
5694.8000 0.0433
5698.0000 0.0433
5699.2000 0.0434
5704.4000 0.0434
5714.2000 0.0434
5717.5000 0.0435
5727.0000 0.0435
5731.4000 0.0435
5735.4000 0.0436
5739.8000 0.0436
5747.2000 0.0436
5751.6000 0.0437
5754.8000 0.0437
5757.6000 0.0437
5771.3000 0.0438
5773.8000 0.0438
5774.2000 0.0439
5785.4000 0.0439
5788.5000 0.0439
5793.7000 0.0440
5798.2000 0.0440
5801.6000 0.0440
5803.5000 0.0441
5806.1000 0.0441
5819.3000 0.0441
5819.3000 0.0442
5819.9000 0.0442
5823.4000 0.0442
5845.2000 0.0443
5848.3000 0.0443
5852.3000 0.0443
5857.8000 0.0444
5858.4000 0.0444
5870.4000 0.0444
5874.8000 0.0445
5875.6000 0.0445
5913.2000 0.0445
5923.8000 0.0446
5926.5000 0.0446
5945.2000 0.0447
5952.3000 0.0447
5954.4000 0.0447
5963.2000 0.0448
5968.3000 0.0448
5980.0000 0.0448
5985.7000 0.0449
5985.7000 0.0449
5992.5000 0.0449
5993.3000 0.0450
5996.3000 0.0450
5996.4000 0.0450
5997.7000 0.0451
6024.9000 0.0451
6030.8000 0.0451
6044.4000 0.0452
6046.4000 0.0452
6053.4000 0.0452
6064.0000 0.0453
6068.3000 0.0453
6074.3000 0.0453
6092.4000 0.0454
6102.0000 0.0454
6107.9000 0.0455
6108.8000 0.0455
6117.9000 0.0455
6120.0000 0.0456
6122.0000 0.0456
6125.7000 0.0456
6136.2000 0.0457
6137.5000 0.0457
6141.3000 0.0457
6144.6000 0.0458
6158.9000 0.0458
6162.2000 0.0458
6163.1000 0.0459
6164.8000 0.0459
6165.2000 0.0459
6165.4000 0.0460
6165.9000 0.0460
6166.1000 0.0460
6166.8000 0.0461
6168.9000 0.0461
6179.6000 0.0461
6181.2000 0.0462
6186.7000 0.0462
6187.9000 0.0462
6192.8000 0.0463
6202.2000 0.0463
6205.6000 0.0464
6212.5000 0.0464
6213.7000 0.0464
6219.2000 0.0465
6220.4000 0.0465
6224.4000 0.0465
6235.5000 0.0466
6239.9000 0.0466
6240.2000 0.0466
6242.3000 0.0467
6246.0000 0.0467
6249.6000 0.0467
6250.7000 0.0468
6261.8000 0.0468
6267.9000 0.0468
6267.9000 0.0469
6268.8000 0.0469
6287.5000 0.0469
6301.1000 0.0470
6306.5000 0.0470
6308.7000 0.0470
6315.8000 0.0471
6319.5000 0.0471
6320.5000 0.0472
6322.7000 0.0472
6325.8000 0.0472
6333.0000 0.0473
6335.2000 0.0473
6338.1000 0.0473
6339.7000 0.0474
6342.4000 0.0474
6348.9000 0.0474
6352.5000 0.0475
6354.7000 0.0475
6358.6000 0.0475
6358.9000 0.0476
6359.4000 0.0476
6361.9000 0.0476
6362.9000 0.0477
6365.1000 0.0477
6371.9000 0.0477
6376.4000 0.0478
6378.2000 0.0478
6378.8000 0.0478
6380.1000 0.0479
6393.3000 0.0479
6395.1000 0.0480
6414.7000 0.0480
6415.3000 0.0480
6419.1000 0.0481
6426.1000 0.0481
6436.4000 0.0481
6446.6000 0.0482
6458.7000 0.0482
6463.8000 0.0482
6480.7000 0.0483
6482.5000 0.0483
6488.2000 0.0483
6489.6000 0.0484
6491.7000 0.0484
6494.6000 0.0484
6494.9000 0.0485
6498.0000 0.0485
6507.0000 0.0485
6508.5000 0.0486
6519.0000 0.0486
6520.8000 0.0486
6521.4000 0.0487
6522.7000 0.0487
6525.2000 0.0487
6526.6000 0.0488
6528.2000 0.0488
6533.2000 0.0489
6537.5000 0.0489
6566.5000 0.0489
6570.8000 0.0490
6578.4000 0.0490
6578.9000 0.0490
6582.0000 0.0491
6582.6000 0.0491
6582.7000 0.0491
6584.3000 0.0492
6585.5000 0.0492
6597.9000 0.0492
6611.5000 0.0493
6611.7000 0.0493
6613.1000 0.0493
6618.5000 0.0494
6622.6000 0.0494
6623.6000 0.0494
6625.4000 0.0495
6629.4000 0.0495
6645.7000 0.0495
6664.5000 0.0496
6676.0000 0.0496
6693.3000 0.0497
6693.4000 0.0497
6694.1000 0.0497
6709.9000 0.0498
6712.7000 0.0498
6716.6000 0.0498
6717.4000 0.0499
6717.6000 0.0499
6719.9000 0.0499
6725.8000 0.0500
6727.5000 0.0500
6734.7000 0.0500
6739.8000 0.0501
6741.2000 0.0501
6750.0000 0.0501
6760.9000 0.0502
6763.5000 0.0502
6766.2000 0.0502
6766.9000 0.0503
6781.2000 0.0503
6784.0000 0.0503
6785.7000 0.0504
6792.1000 0.0504
6794.9000 0.0505
6798.0000 0.0505
6799.9000 0.0505
6809.1000 0.0506
6810.3000 0.0506
6811.2000 0.0506
6815.6000 0.0507
6816.7000 0.0507
6817.7000 0.0507
6822.8000 0.0508
6827.7000 0.0508
6830.4000 0.0508
6831.6000 0.0509
6833.6000 0.0509
6837.5000 0.0509
6840.7000 0.0510
6842.5000 0.0510
6843.8000 0.0510
6845.2000 0.0511
6845.7000 0.0511
6848.9000 0.0511
6851.0000 0.0512
6854.9000 0.0512
6856.5000 0.0512
6865.0000 0.0513
6865.9000 0.0513
6872.4000 0.0514
6874.2000 0.0514
6884.3000 0.0514
6889.4000 0.0515
6898.1000 0.0515
6905.7000 0.0515
6906.0000 0.0516
6908.8000 0.0516
6913.4000 0.0516
6924.4000 0.0517
6929.9000 0.0517
6936.4000 0.0517
6937.2000 0.0518
6938.2000 0.0518
6942.5000 0.0518
6945.9000 0.0519
6949.7000 0.0519
6963.0000 0.0519
6963.6000 0.0520
6964.0000 0.0520
6964.7000 0.0520
6970.8000 0.0521
6972.6000 0.0521
6978.8000 0.0522
6983.9000 0.0522
6984.9000 0.0522
6996.5000 0.0523
6996.5000 0.0523
7004.0000 0.0523
7005.8000 0.0524
7014.7000 0.0524
7026.4000 0.0524
7029.3000 0.0525
7037.7000 0.0525
7050.0000 0.0525
7052.3000 0.0526
7059.5000 0.0526
7068.4000 0.0526
7087.5000 0.0527
7090.7000 0.0527
7095.2000 0.0527
7097.1000 0.0528
7101.0000 0.0528
7101.4000 0.0528
7111.3000 0.0529
7111.7000 0.0529
7119.5000 0.0530
7125.6000 0.0530
7139.9000 0.0530
7142.2000 0.0531
7145.6000 0.0531
7158.0000 0.0531
7167.6000 0.0532
7169.9000 0.0532
7171.7000 0.0532
7174.5000 0.0533
7180.9000 0.0533
7183.3000 0.0533
7187.5000 0.0534
7195.7000 0.0534
7197.2000 0.0534
7199.5000 0.0535
7205.0000 0.0535
7216.5000 0.0535
7230.3000 0.0536
7230.9000 0.0536
7236.3000 0.0536
7243.1000 0.0537
7253.4000 0.0537
7258.4000 0.0537
7259.5000 0.0538
7262.7000 0.0538
7272.1000 0.0539
7274.9000 0.0539
7277.2000 0.0539
7278.7000 0.0540
7284.7000 0.0540
7285.5000 0.0540
7292.0000 0.0541
7292.2000 0.0541
7293.7000 0.0541
7294.5000 0.0542
7300.5000 0.0542
7301.1000 0.0542
7315.2000 0.0543
7316.6000 0.0543
7319.4000 0.0543
7325.7000 0.0544
7326.4000 0.0544
7331.8000 0.0544
7332.7000 0.0545
7336.2000 0.0545
7340.4000 0.0545
7349.7000 0.0546
7352.0000 0.0546
7353.7000 0.0547
7355.9000 0.0547
7363.1000 0.0547
7367.1000 0.0548
7372.9000 0.0548
7373.1000 0.0548
7380.0000 0.0549
7391.0000 0.0549
7395.0000 0.0549
7395.1000 0.0550
7396.5000 0.0550
7404.2000 0.0550
7405.8000 0.0551
7406.1000 0.0551
7411.9000 0.0551
7416.6000 0.0552
7416.8000 0.0552
7417.0000 0.0552
7422.5000 0.0553
7427.8000 0.0553
7431.7000 0.0553
7433.5000 0.0554
7435.0000 0.0554
7437.0000 0.0555
7440.2000 0.0555
7451.6000 0.0555
7454.7000 0.0556
7484.8000 0.0556
7488.3000 0.0556
7491.6000 0.0557
7500.9000 0.0557
7505.9000 0.0557
7512.5000 0.0558
7517.2000 0.0558
7536.4000 0.0558
7541.6000 0.0559
7543.0000 0.0559
7544.8000 0.0559
7550.1000 0.0560
7552.1000 0.0560
7554.3000 0.0560
7559.2000 0.0561
7560.9000 0.0561
7563.3000 0.0561
7563.8000 0.0562
7572.0000 0.0562
7573.6000 0.0562
7575.5000 0.0563
7575.9000 0.0563
7575.9000 0.0564
7578.3000 0.0564
7581.3000 0.0564
7583.8000 0.0565
7585.5000 0.0565
7586.8000 0.0565
7587.2000 0.0566
7597.6000 0.0566
7602.6000 0.0566
7611.1000 0.0567
7613.4000 0.0567
7615.6000 0.0567
7617.4000 0.0568
7625.6000 0.0568
7627.4000 0.0568
7629.8000 0.0569
7633.7000 0.0569
7635.9000 0.0569
7660.7000 0.0570
7667.9000 0.0570
7674.7000 0.0570
7675.2000 0.0571
7678.5000 0.0571
7687.5000 0.0572
7690.7000 0.0572
7691.0000 0.0572
7693.6000 0.0573
7697.0000 0.0573
7705.3000 0.0573
7705.8000 0.0574
7716.0000 0.0574
7736.4000 0.0574
7737.4000 0.0575
7744.2000 0.0575
7757.6000 0.0575
7758.4000 0.0576
7760.1000 0.0576
7773.4000 0.0576
7784.7000 0.0577
7791.6000 0.0577
7798.3000 0.0577
7807.4000 0.0578
7811.6000 0.0578
7813.7000 0.0578
7814.7000 0.0579
7814.9000 0.0579
7816.5000 0.0580
7824.0000 0.0580
7826.2000 0.0580
7827.4000 0.0581
7829.2000 0.0581
7829.2000 0.0581
7833.0000 0.0582
7834.2000 0.0582
7850.3000 0.0582
7851.0000 0.0583
7856.7000 0.0583
7858.9000 0.0583
7868.9000 0.0584
7874.6000 0.0584
7874.8000 0.0584
7889.1000 0.0585
7890.6000 0.0585
7892.4000 0.0585
7902.8000 0.0586
7902.9000 0.0586
7903.4000 0.0586
7904.0000 0.0587
7911.8000 0.0587
7912.6000 0.0587
7920.0000 0.0588
7922.0000 0.0588
7956.2000 0.0589
7957.6000 0.0589
7958.4000 0.0589
7961.1000 0.0590
7962.3000 0.0590
7970.0000 0.0590
7980.4000 0.0591
8003.5000 0.0591
8006.7000 0.0591
8007.2000 0.0592
8010.1000 0.0592
8013.0000 0.0592
8021.4000 0.0593
8036.2000 0.0593
8038.8000 0.0593
8039.1000 0.0594
8044.2000 0.0594
8069.3000 0.0594
8075.6000 0.0595
8082.4000 0.0595
8082.9000 0.0595
8083.4000 0.0596
8087.7000 0.0596
8093.5000 0.0597
8096.0000 0.0597
8096.8000 0.0597
8099.6000 0.0598
8101.9000 0.0598
8103.7000 0.0598
8104.9000 0.0599
8109.6000 0.0599
8109.9000 0.0599
8111.7000 0.0600
8113.2000 0.0600
8121.8000 0.0600
8130.8000 0.0601
8137.9000 0.0601
8149.1000 0.0601
8165.2000 0.0602
8170.4000 0.0602
8174.2000 0.0602
8177.7000 0.0603
8181.5000 0.0603
8192.7000 0.0603
8200.9000 0.0604
8212.0000 0.0604
8216.2000 0.0605
8218.0000 0.0605
8225.0000 0.0605
8234.0000 0.0606
8237.4000 0.0606
8242.5000 0.0606
8242.6000 0.0607
8255.3000 0.0607
8255.4000 0.0607
8255.5000 0.0608
8260.8000 0.0608
8268.6000 0.0608
8275.4000 0.0609
8283.6000 0.0609
8284.2000 0.0609
8296.2000 0.0610
8300.2000 0.0610
8300.3000 0.0610
8310.0000 0.0611
8310.0000 0.0611
8310.4000 0.0611
8314.0000 0.0612
8315.2000 0.0612
8317.3000 0.0612
8319.6000 0.0613
8320.4000 0.0613
8321.2000 0.0614
8355.3000 0.0614
8357.0000 0.0614
8358.5000 0.0615
8363.4000 0.0615
8368.9000 0.0615
8369.8000 0.0616
8374.8000 0.0616
8376.6000 0.0616
8397.3000 0.0617
8401.1000 0.0617
8427.6000 0.0617
8430.8000 0.0618
8432.6000 0.0618
8435.4000 0.0618
8441.5000 0.0619
8446.9000 0.0619
8466.8000 0.0619
8467.3000 0.0620
8471.9000 0.0620
8472.2000 0.0620
8479.5000 0.0621
8482.6000 0.0621
8490.6000 0.0622
8500.2000 0.0622
8505.1000 0.0622
8513.4000 0.0623
8526.4000 0.0623
8539.0000 0.0623
8539.1000 0.0624
8539.5000 0.0624
8544.8000 0.0624
8563.5000 0.0625
8563.7000 0.0625
8565.5000 0.0625
8575.8000 0.0626
8598.8000 0.0626
8601.8000 0.0626
8606.2000 0.0627
8607.8000 0.0627
8618.1000 0.0627
8622.5000 0.0628
8623.3000 0.0628
8637.9000 0.0628
8647.5000 0.0629
8648.2000 0.0629
8649.0000 0.0630
8661.7000 0.0630
8662.0000 0.0630
8666.2000 0.0631
8667.1000 0.0631
8676.4000 0.0631
8684.1000 0.0632
8693.9000 0.0632
8694.6000 0.0632
8705.1000 0.0633
8705.6000 0.0633
8715.6000 0.0633
8717.4000 0.0634
8723.6000 0.0634
8725.5000 0.0634
8727.5000 0.0635
8732.5000 0.0635
8733.4000 0.0635
8736.2000 0.0636
8737.6000 0.0636
8737.8000 0.0636
8739.2000 0.0637
8755.7000 0.0637
8756.8000 0.0637
8757.8000 0.0638
8761.7000 0.0638
8762.1000 0.0639
8766.9000 0.0639
8768.3000 0.0639
8774.4000 0.0640
8780.0000 0.0640
8792.4000 0.0640
8800.8000 0.0641
8807.8000 0.0641
8809.5000 0.0641
8814.6000 0.0642
8815.8000 0.0642
8825.2000 0.0642
8825.2000 0.0643
8826.2000 0.0643
8828.6000 0.0643
8830.8000 0.0644
8831.0000 0.0644
8832.4000 0.0644
8841.1000 0.0645
8847.7000 0.0645
8847.9000 0.0645
8874.0000 0.0646
8875.3000 0.0646
8886.5000 0.0647
8892.4000 0.0647
8908.0000 0.0647
8909.9000 0.0648
8912.1000 0.0648
8928.0000 0.0648
8931.0000 0.0649
8932.3000 0.0649
8950.1000 0.0649
8957.3000 0.0650
8961.2000 0.0650
8964.6000 0.0650
8968.0000 0.0651
8979.0000 0.0651
8988.6000 0.0651
8989.9000 0.0652
8992.6000 0.0652
9006.8000 0.0652
9011.1000 0.0653
9012.5000 0.0653
9015.5000 0.0653
9016.7000 0.0654
9031.2000 0.0654
9031.4000 0.0655
9034.3000 0.0655
9035.8000 0.0655
9040.2000 0.0656
9043.9000 0.0656
9049.1000 0.0656
9054.1000 0.0657
9058.4000 0.0657
9093.6000 0.0657
9095.0000 0.0658
9099.0000 0.0658
9100.5000 0.0658
9109.3000 0.0659
9112.0000 0.0659
9112.1000 0.0659
9113.9000 0.0660
9115.8000 0.0660
9118.2000 0.0660
9121.4000 0.0661
9122.7000 0.0661
9128.2000 0.0661
9130.2000 0.0662
9131.0000 0.0662
9134.2000 0.0662
9139.1000 0.0663
9143.9000 0.0663
9145.8000 0.0664
9152.6000 0.0664
9158.7000 0.0664
9163.2000 0.0665
9166.5000 0.0665
9176.0000 0.0665
9177.2000 0.0666
9179.8000 0.0666
9180.6000 0.0666
9180.8000 0.0667
9187.5000 0.0667
9187.9000 0.0667
9188.8000 0.0668
9192.3000 0.0668
9193.4000 0.0668
9202.9000 0.0669
9206.8000 0.0669
9210.3000 0.0669
9212.8000 0.0670
9214.0000 0.0670
9216.7000 0.0670
9218.4000 0.0671
9229.9000 0.0671
9256.9000 0.0672
9260.6000 0.0672
9261.0000 0.0672
9268.3000 0.0673
9273.9000 0.0673
9274.3000 0.0673
9282.3000 0.0674
9285.2000 0.0674
9292.8000 0.0674
9294.3000 0.0675
9306.5000 0.0675
9312.3000 0.0675
9326.0000 0.0676
9329.4000 0.0676
9330.1000 0.0676
9337.0000 0.0677
9338.3000 0.0677
9341.3000 0.0677
9342.0000 0.0678
9347.6000 0.0678
9354.8000 0.0678
9356.9000 0.0679
9371.2000 0.0679
9372.8000 0.0680
9385.5000 0.0680
9399.0000 0.0680
9405.7000 0.0681
9417.1000 0.0681
9420.7000 0.0681
9421.5000 0.0682
9426.3000 0.0682
9431.1000 0.0682
9436.3000 0.0683
9439.1000 0.0683
9443.4000 0.0683
9447.1000 0.0684
9447.5000 0.0684
9468.5000 0.0684
9481.2000 0.0685
9482.7000 0.0685
9493.2000 0.0685
9496.1000 0.0686
9498.8000 0.0686
9516.9000 0.0686
9517.0000 0.0687
9519.2000 0.0687
9521.4000 0.0687
9526.6000 0.0688
9527.2000 0.0688
9534.0000 0.0689
9537.0000 0.0689
9539.7000 0.0689
9545.2000 0.0690
9547.3000 0.0690
9556.6000 0.0690
9564.1000 0.0691
9574.5000 0.0691
9579.2000 0.0691
9581.2000 0.0692
9585.8000 0.0692
9597.5000 0.0692
9598.2000 0.0693
9607.0000 0.0693
9615.3000 0.0693
9615.4000 0.0694
9616.8000 0.0694
9617.5000 0.0694
9618.8000 0.0695
9624.0000 0.0695
9625.9000 0.0695
9628.6000 0.0696
9631.7000 0.0696
9638.5000 0.0697
9640.0000 0.0697
9647.2000 0.0697
9648.7000 0.0698
9651.1000 0.0698
9659.3000 0.0698
9663.2000 0.0699
9663.4000 0.0699
9671.4000 0.0699
9671.6000 0.0700
9679.3000 0.0700
9683.6000 0.0700
9691.7000 0.0701
9698.5000 0.0701
9700.7000 0.0701
9713.7000 0.0702
9713.8000 0.0702
9716.3000 0.0702
9722.4000 0.0703
9728.5000 0.0703
9728.8000 0.0703
9731.2000 0.0704
9736.5000 0.0704
9737.7000 0.0705
9742.6000 0.0705
9745.2000 0.0705
9749.0000 0.0706
9771.7000 0.0706
9773.1000 0.0706
9804.9000 0.0707
9806.0000 0.0707
9820.8000 0.0707
9828.7000 0.0708
9838.5000 0.0708
9842.0000 0.0708
9853.2000 0.0709
9868.2000 0.0709
9870.8000 0.0709
9878.5000 0.0710
9880.7000 0.0710
9892.8000 0.0710
9892.9000 0.0711
9900.9000 0.0711
9913.3000 0.0711
9914.7000 0.0712
9916.3000 0.0712
9916.5000 0.0712
9923.5000 0.0713
9925.0000 0.0713
9926.7000 0.0714
9927.5000 0.0714
9930.0000 0.0714
9932.0000 0.0715
9932.2000 0.0715
9939.0000 0.0715
9941.5000 0.0716
9943.6000 0.0716
9945.2000 0.0716
9947.4000 0.0717
9959.5000 0.0717
9965.9000 0.0717
9975.2000 0.0718
9975.5000 0.0718
9976.5000 0.0718
9978.5000 0.0719
9980.6000 0.0719
9981.3000 0.0719
9981.7000 0.0720
9990.4000 0.0720
9990.9000 0.0720
9992.5000 0.0721
10022.2000 0.0721
10022.8000 0.0722
10027.3000 0.0722
10033.2000 0.0722
10043.9000 0.0723
10045.0000 0.0723
10054.6000 0.0723
10059.7000 0.0724
10066.2000 0.0724
10068.1000 0.0724
10072.0000 0.0725
10082.2000 0.0725
10092.5000 0.0725
10101.3000 0.0726
10104.8000 0.0726
10109.8000 0.0726
10129.4000 0.0727
10134.4000 0.0727
10138.6000 0.0727
10147.6000 0.0728
10156.9000 0.0728
10157.9000 0.0728
10161.8000 0.0729
10177.5000 0.0729
10186.7000 0.0730
10200.4000 0.0730
10210.1000 0.0730
10221.6000 0.0731
10232.8000 0.0731
10239.5000 0.0731
10246.0000 0.0732
10251.5000 0.0732
10260.2000 0.0732
10261.2000 0.0733
10268.6000 0.0733
10279.7000 0.0733
10282.2000 0.0734
10283.2000 0.0734
10301.5000 0.0734
10301.6000 0.0735
10306.3000 0.0735
10321.7000 0.0735
10329.8000 0.0736
10331.1000 0.0736
10339.8000 0.0736
10342.2000 0.0737
10347.2000 0.0737
10347.3000 0.0737
10351.6000 0.0738
10352.4000 0.0738
10355.9000 0.0739
10361.6000 0.0739
10375.1000 0.0739
10379.6000 0.0740
10382.6000 0.0740
10384.0000 0.0740
10386.5000 0.0741
10394.0000 0.0741
10399.5000 0.0741
10411.9000 0.0742
10413.3000 0.0742
10414.5000 0.0742
10414.5000 0.0743
10418.8000 0.0743
10421.4000 0.0743
10425.0000 0.0744
10426.5000 0.0744
10435.5000 0.0744
10435.6000 0.0745
10450.5000 0.0745
10452.5000 0.0745
10461.8000 0.0746
10471.5000 0.0746
10474.8000 0.0747
10480.7000 0.0747
10482.7000 0.0747
10483.5000 0.0748
10490.8000 0.0748
10511.0000 0.0748
10512.2000 0.0749
10515.5000 0.0749
10518.1000 0.0749
10527.0000 0.0750
10530.0000 0.0750
10530.9000 0.0750
10532.7000 0.0751
10539.3000 0.0751
10557.4000 0.0751
10560.0000 0.0752
10562.3000 0.0752
10562.6000 0.0752
10579.3000 0.0753
10580.5000 0.0753
10580.6000 0.0753
10581.8000 0.0754
10583.6000 0.0754
10586.5000 0.0755
10594.6000 0.0755
10598.3000 0.0755
10599.7000 0.0756
10600.9000 0.0756
10602.9000 0.0756
10605.7000 0.0757
10613.4000 0.0757
10620.1000 0.0757
10621.3000 0.0758
10625.0000 0.0758
10631.0000 0.0758
10633.6000 0.0759
10640.5000 0.0759
10646.1000 0.0759
10647.6000 0.0760
10648.6000 0.0760
10648.9000 0.0760
10656.3000 0.0761
10661.1000 0.0761
10661.7000 0.0761
10662.8000 0.0762
10664.5000 0.0762
10670.0000 0.0763
10681.3000 0.0763
10686.4000 0.0763
10689.4000 0.0764
10690.7000 0.0764
10695.2000 0.0764
10698.4000 0.0765
10699.6000 0.0765
10699.8000 0.0765
10700.2000 0.0766
10701.5000 0.0766
10705.3000 0.0766
10714.8000 0.0767
10717.0000 0.0767
10725.5000 0.0767
10735.3000 0.0768
10736.2000 0.0768
10751.2000 0.0768
10752.0000 0.0769
10753.5000 0.0769
10756.5000 0.0769
10766.0000 0.0770
10777.8000 0.0770
10778.6000 0.0770
10781.7000 0.0771
10786.6000 0.0771
10803.5000 0.0772
10810.0000 0.0772
10817.0000 0.0772
10818.6000 0.0773
10821.7000 0.0773
10823.5000 0.0773
10850.0000 0.0774
10850.7000 0.0774
10851.1000 0.0774
10851.6000 0.0775
10852.3000 0.0775
10853.9000 0.0775
10857.6000 0.0776
10857.8000 0.0776
10858.0000 0.0776
10859.6000 0.0777
10865.3000 0.0777
10867.6000 0.0777
10870.2000 0.0778
10887.2000 0.0778
10888.5000 0.0778
10890.5000 0.0779
10893.2000 0.0779
10900.8000 0.0780
10909.6000 0.0780
10918.4000 0.0780
10934.1000 0.0781
10951.4000 0.0781
10964.1000 0.0781
10973.0000 0.0782
10973.0000 0.0782
10978.0000 0.0782
10980.3000 0.0783
10999.4000 0.0783
10999.6000 0.0783
11000.7000 0.0784
11001.0000 0.0784
11001.0000 0.0784
11002.0000 0.0785
11004.0000 0.0785
11024.9000 0.0785
11040.6000 0.0786
11052.2000 0.0786
11060.3000 0.0786
11062.7000 0.0787
11063.7000 0.0787
11064.6000 0.0788
11066.5000 0.0788
11067.1000 0.0788
11084.0000 0.0789
11087.9000 0.0789
11094.0000 0.0789
11094.5000 0.0790
11094.6000 0.0790
11105.2000 0.0790
11108.2000 0.0791
11110.2000 0.0791
11120.8000 0.0791
11125.4000 0.0792
11132.4000 0.0792
11136.5000 0.0792
11139.1000 0.0793
11141.2000 0.0793
11153.5000 0.0793
11156.8000 0.0794
11162.1000 0.0794
11163.5000 0.0794
11167.5000 0.0795
11172.7000 0.0795
11172.9000 0.0795
11176.9000 0.0796
11180.6000 0.0796
11181.5000 0.0797
11185.3000 0.0797
11190.2000 0.0797
11190.5000 0.0798
11196.3000 0.0798
11200.7000 0.0798
11214.7000 0.0799
11220.1000 0.0799
11231.5000 0.0799
11232.3000 0.0800
11232.5000 0.0800
11243.6000 0.0800
11248.2000 0.0801
11264.4000 0.0801
11286.2000 0.0801
11286.5000 0.0802
11288.2000 0.0802
11292.3000 0.0802
11294.7000 0.0803
11307.0000 0.0803
11316.5000 0.0803
11317.3000 0.0804
11323.0000 0.0804
11323.7000 0.0805
11334.3000 0.0805
11335.2000 0.0805
11339.2000 0.0806
11346.8000 0.0806
11350.0000 0.0806
11352.8000 0.0807
11355.5000 0.0807
11357.3000 0.0807
11358.5000 0.0808
11361.1000 0.0808
11370.8000 0.0808
11375.6000 0.0809
11385.4000 0.0809
11388.2000 0.0809
11390.6000 0.0810
11391.3000 0.0810
11401.4000 0.0810
11404.3000 0.0811
11406.7000 0.0811
11411.5000 0.0811
11414.7000 0.0812
11420.4000 0.0812
11423.9000 0.0813
11424.1000 0.0813
11424.9000 0.0813
11434.0000 0.0814
11441.7000 0.0814
11450.7000 0.0814
11474.6000 0.0815
11475.2000 0.0815
11481.2000 0.0815
11481.2000 0.0816
11485.3000 0.0816
11485.3000 0.0816
11493.4000 0.0817
11493.9000 0.0817
11496.2000 0.0817
11506.4000 0.0818
11516.1000 0.0818
11519.4000 0.0818
11522.4000 0.0819
11531.3000 0.0819
11534.5000 0.0819
11538.9000 0.0820
11545.2000 0.0820
11546.4000 0.0820
11546.9000 0.0821
11567.5000 0.0821
11571.3000 0.0822
11572.0000 0.0822
11574.5000 0.0822
11576.1000 0.0823
11593.3000 0.0823
11595.0000 0.0823
11602.3000 0.0824
11608.2000 0.0824
11619.7000 0.0824
11631.3000 0.0825
11634.8000 0.0825
11635.3000 0.0825
11642.2000 0.0826
11645.7000 0.0826
11650.0000 0.0826
11651.5000 0.0827
11653.3000 0.0827
11655.9000 0.0827
11662.0000 0.0828
11662.2000 0.0828
11662.2000 0.0828
11669.2000 0.0829
11690.3000 0.0829
11711.2000 0.0830
11740.8000 0.0830
11760.7000 0.0830
11770.3000 0.0831
11774.7000 0.0831
11781.1000 0.0831
11781.9000 0.0832
11785.9000 0.0832
11790.5000 0.0832
11800.8000 0.0833
11802.5000 0.0833
11804.3000 0.0833
11815.0000 0.0834
11816.1000 0.0834
11820.6000 0.0834
11822.8000 0.0835
11831.6000 0.0835
11836.8000 0.0835
11848.0000 0.0836
11856.5000 0.0836
11860.5000 0.0836
11888.3000 0.0837
11889.7000 0.0837
11903.3000 0.0838
11912.4000 0.0838
11923.4000 0.0838
11927.2000 0.0839
11930.4000 0.0839
11934.7000 0.0839
11935.0000 0.0840
11942.1000 0.0840
11943.4000 0.0840
11945.9000 0.0841
11953.8000 0.0841
11961.5000 0.0841
11974.7000 0.0842
11984.4000 0.0842
11986.7000 0.0842
11989.5000 0.0843
12007.6000 0.0843
12010.8000 0.0843
12013.4000 0.0844
12027.4000 0.0844
12031.6000 0.0844
12033.9000 0.0845
12034.3000 0.0845
12043.7000 0.0845
12061.4000 0.0846
12063.5000 0.0846
12069.7000 0.0847
12079.3000 0.0847
12082.3000 0.0847
12094.5000 0.0848
12095.5000 0.0848
12096.7000 0.0848
12099.1000 0.0849
12122.2000 0.0849
12124.1000 0.0849
12128.0000 0.0850
12131.3000 0.0850
12138.3000 0.0850
12143.4000 0.0851
12150.4000 0.0851
12152.2000 0.0851
12152.7000 0.0852
12156.3000 0.0852
12166.8000 0.0852
12168.8000 0.0853
12186.9000 0.0853
12194.4000 0.0853
12208.5000 0.0854
12219.2000 0.0854
12225.7000 0.0855
12228.8000 0.0855
12230.3000 0.0855
12230.9000 0.0856
12241.1000 0.0856
12245.7000 0.0856
12248.4000 0.0857
12257.2000 0.0857
12259.2000 0.0857
12268.1000 0.0858
12272.3000 0.0858
12278.7000 0.0858
12281.0000 0.0859
12282.6000 0.0859
12291.0000 0.0859
12319.8000 0.0860
12321.5000 0.0860
12344.0000 0.0860
12372.4000 0.0861
12378.7000 0.0861
12380.7000 0.0861
12408.0000 0.0862
12413.2000 0.0862
12426.3000 0.0863
12426.4000 0.0863
12443.4000 0.0863
12449.6000 0.0864
12451.1000 0.0864
12457.9000 0.0864
12461.4000 0.0865
12469.5000 0.0865
12470.8000 0.0865
12475.1000 0.0866
12477.8000 0.0866
12480.6000 0.0866
12485.4000 0.0867
12490.5000 0.0867
12494.5000 0.0867
12495.1000 0.0868
12495.7000 0.0868
12499.5000 0.0868
12505.9000 0.0869
12510.2000 0.0869
12514.9000 0.0869
12516.7000 0.0870
12518.0000 0.0870
12520.9000 0.0870
12521.9000 0.0871
12522.5000 0.0871
12524.5000 0.0872
12534.4000 0.0872
12539.4000 0.0872
12541.3000 0.0873
12552.0000 0.0873
12553.9000 0.0873
12559.3000 0.0874
12559.7000 0.0874
12561.8000 0.0874
12568.7000 0.0875
12571.0000 0.0875
12595.5000 0.0875
12597.4000 0.0876
12597.6000 0.0876
12602.2000 0.0876
12606.1000 0.0877
12609.5000 0.0877
12617.4000 0.0877
12624.2000 0.0878
12625.8000 0.0878
12639.7000 0.0878
12643.9000 0.0879
12645.4000 0.0879
12651.4000 0.0880
12660.0000 0.0880
12664.6000 0.0880
12669.3000 0.0881
12678.5000 0.0881
12679.6000 0.0881
12683.5000 0.0882
12686.0000 0.0882
12689.8000 0.0882
12702.6000 0.0883
12704.8000 0.0883
12705.3000 0.0883
12706.6000 0.0884
12718.2000 0.0884
12721.5000 0.0884
12725.5000 0.0885
12725.6000 0.0885
12726.1000 0.0885
12736.8000 0.0886
12742.9000 0.0886
12752.6000 0.0886
12768.5000 0.0887
12783.0000 0.0887
12788.3000 0.0888
12811.2000 0.0888
12814.7000 0.0888
12818.7000 0.0889
12826.6000 0.0889
12827.7000 0.0889
12838.3000 0.0890
12847.4000 0.0890
12847.9000 0.0890
12852.5000 0.0891
12853.6000 0.0891
12862.6000 0.0891
12862.9000 0.0892
12864.3000 0.0892
12873.9000 0.0892
12874.1000 0.0893
12874.2000 0.0893
12875.0000 0.0893
12876.3000 0.0894
12880.0000 0.0894
12885.5000 0.0894
12890.3000 0.0895
12897.1000 0.0895
12900.9000 0.0895
12905.6000 0.0896
12920.1000 0.0896
12936.0000 0.0897
12936.2000 0.0897
12940.4000 0.0897
12943.6000 0.0898
12948.3000 0.0898
12949.8000 0.0898
12953.8000 0.0899
12959.7000 0.0899
12972.9000 0.0899
12993.6000 0.0900
12995.3000 0.0900
13001.0000 0.0900
13002.5000 0.0901
13007.8000 0.0901
13008.1000 0.0901
13010.8000 0.0902
13019.3000 0.0902
13021.5000 0.0902
13028.4000 0.0903
13030.1000 0.0903
13031.7000 0.0903
13033.2000 0.0904
13036.8000 0.0904
13038.8000 0.0905
13038.9000 0.0905
13042.5000 0.0905
13047.5000 0.0906
13050.0000 0.0906
13052.9000 0.0906
13058.6000 0.0907
13061.1000 0.0907
13062.2000 0.0907
13066.4000 0.0908
13068.1000 0.0908
13082.8000 0.0908
13087.3000 0.0909
13087.6000 0.0909
13088.8000 0.0909
13091.1000 0.0910
13093.3000 0.0910
13107.1000 0.0910
13107.4000 0.0911
13113.0000 0.0911
13113.6000 0.0911
13120.8000 0.0912
13121.6000 0.0912
13127.4000 0.0913
13131.2000 0.0913
13134.5000 0.0913
13134.8000 0.0914
13141.1000 0.0914
13145.9000 0.0914
13146.6000 0.0915
13152.5000 0.0915
13157.3000 0.0915
13159.4000 0.0916
13159.7000 0.0916
13159.9000 0.0916
13163.7000 0.0917
13167.5000 0.0917
13169.8000 0.0917
13179.3000 0.0918
13190.9000 0.0918
13193.1000 0.0918
13196.3000 0.0919
13197.3000 0.0919
13217.6000 0.0919
13220.7000 0.0920
13221.4000 0.0920
13222.3000 0.0920
13226.6000 0.0921
13235.5000 0.0921
13237.3000 0.0922
13244.7000 0.0922
13245.4000 0.0922
13246.0000 0.0923
13253.0000 0.0923
13254.6000 0.0923
13257.8000 0.0924
13262.5000 0.0924
13264.7000 0.0924
13266.8000 0.0925
13270.8000 0.0925
13276.0000 0.0925
13282.0000 0.0926
13289.4000 0.0926
13292.4000 0.0926
13297.2000 0.0927
13297.6000 0.0927
13303.5000 0.0927
13306.1000 0.0928
13308.6000 0.0928
13334.7000 0.0928
13335.3000 0.0929
13340.7000 0.0929
13342.4000 0.0930
13343.6000 0.0930
13347.6000 0.0930
13349.7000 0.0931
13349.9000 0.0931
13350.8000 0.0931
13360.2000 0.0932
13365.3000 0.0932
13366.5000 0.0932
13368.6000 0.0933
13371.0000 0.0933
13376.3000 0.0933
13376.5000 0.0934
13386.1000 0.0934
13394.0000 0.0934
13404.5000 0.0935
13408.0000 0.0935
13412.3000 0.0935
13424.0000 0.0936
13427.6000 0.0936
13427.6000 0.0936
13427.9000 0.0937
13429.8000 0.0937
13437.0000 0.0938
13445.7000 0.0938
13447.3000 0.0938
13448.4000 0.0939
13456.6000 0.0939
13457.8000 0.0939
13464.9000 0.0940
13475.5000 0.0940
13495.1000 0.0940
13501.8000 0.0941
13514.8000 0.0941
13519.0000 0.0941
13524.5000 0.0942
13526.0000 0.0942
13527.3000 0.0942
13528.3000 0.0943
13533.1000 0.0943
13536.0000 0.0943
13545.9000 0.0944
13547.0000 0.0944
13559.3000 0.0944
13560.6000 0.0945
13561.9000 0.0945
13567.5000 0.0945
13567.7000 0.0946
13581.3000 0.0946
13592.3000 0.0947
13593.0000 0.0947
13593.1000 0.0947
13595.8000 0.0948
13601.2000 0.0948
13614.0000 0.0948
13614.1000 0.0949
13629.4000 0.0949
13642.1000 0.0949
13648.4000 0.0950
13653.8000 0.0950
13657.5000 0.0950
13659.7000 0.0951
13669.6000 0.0951
13701.4000 0.0951
13701.7000 0.0952
13703.4000 0.0952
13710.7000 0.0952
13711.4000 0.0953
13720.9000 0.0953
13729.0000 0.0953
13735.2000 0.0954
13740.9000 0.0954
13743.1000 0.0955
13743.8000 0.0955
13748.8000 0.0955
13750.7000 0.0956
13752.6000 0.0956
13757.5000 0.0956
13765.2000 0.0957
13766.5000 0.0957
13766.6000 0.0957
13781.6000 0.0958
13782.6000 0.0958
13784.6000 0.0958
13786.9000 0.0959
13789.0000 0.0959
13789.1000 0.0959
13790.4000 0.0960
13792.7000 0.0960
13794.5000 0.0960
13803.3000 0.0961
13810.9000 0.0961
13813.7000 0.0961
13831.6000 0.0962
13832.7000 0.0962
13837.6000 0.0963
13842.2000 0.0963
13843.3000 0.0963
13860.7000 0.0964
13866.1000 0.0964
13883.6000 0.0964
13894.3000 0.0965
13905.7000 0.0965
13912.7000 0.0965
13919.6000 0.0966
13923.6000 0.0966
13925.9000 0.0966
13931.8000 0.0967
13943.2000 0.0967
13949.9000 0.0967
13955.9000 0.0968
13957.3000 0.0968
13958.1000 0.0968
13963.4000 0.0969
13966.9000 0.0969
13967.5000 0.0969
13969.8000 0.0970
13975.1000 0.0970
13976.2000 0.0970
13976.8000 0.0971
13982.9000 0.0971
13986.4000 0.0972
14001.2000 0.0972
14004.5000 0.0972
14017.7000 0.0973
14024.2000 0.0973
14033.8000 0.0973
14042.3000 0.0974
14042.4000 0.0974
14043.6000 0.0974
14066.2000 0.0975
14068.9000 0.0975
14074.0000 0.0975
14074.6000 0.0976
14075.1000 0.0976
14081.0000 0.0976
14082.9000 0.0977
14085.9000 0.0977
14086.3000 0.0977
14101.9000 0.0978
14103.7000 0.0978
14117.6000 0.0978
14128.2000 0.0979
14140.3000 0.0979
14144.8000 0.0980
14149.5000 0.0980
14151.8000 0.0980
14155.3000 0.0981
14157.5000 0.0981
14171.5000 0.0981
14172.4000 0.0982
14174.2000 0.0982
14177.9000 0.0982
14192.7000 0.0983
14200.2000 0.0983
14200.9000 0.0983
14201.4000 0.0984
14203.2000 0.0984
14203.6000 0.0984
14204.1000 0.0985
14217.5000 0.0985
14224.8000 0.0985
14230.4000 0.0986
14231.8000 0.0986
14241.2000 0.0986
14242.8000 0.0987
14252.3000 0.0987
14254.5000 0.0988
14256.1000 0.0988
14266.6000 0.0988
14278.0000 0.0989
14278.3000 0.0989
14285.8000 0.0989
14291.2000 0.0990
14295.4000 0.0990
14303.0000 0.0990
14307.2000 0.0991
14312.0000 0.0991
14314.2000 0.0991
14319.4000 0.0992
14322.4000 0.0992
14322.6000 0.0992
14325.2000 0.0993
14329.0000 0.0993
14338.0000 0.0993
14353.9000 0.0994
14358.7000 0.0994
14359.3000 0.0994
14360.3000 0.0995
14373.3000 0.0995
14374.6000 0.0995
14391.4000 0.0996
14392.6000 0.0996
14395.5000 0.0997
14399.7000 0.0997
14410.3000 0.0997
14415.4000 0.0998
14421.9000 0.0998
14424.5000 0.0998
14424.9000 0.0999
14458.5000 0.0999
14467.3000 0.0999
14478.2000 0.1000
14479.5000 0.1000
14481.9000 0.1000
14483.7000 0.1001
14486.3000 0.1001
14494.7000 0.1001
14498.8000 0.1002
14500.2000 0.1002
14501.9000 0.1002
14505.4000 0.1003
14524.5000 0.1003
14528.5000 0.1003
14528.6000 0.1004
14537.5000 0.1004
14539.6000 0.1005
14553.4000 0.1005
14565.8000 0.1005
14566.8000 0.1006
14572.1000 0.1006
14576.6000 0.1006
14580.0000 0.1007
14585.1000 0.1007
14594.2000 0.1007
14594.3000 0.1008
14595.2000 0.1008
14599.7000 0.1008
14607.4000 0.1009
14610.1000 0.1009
14613.5000 0.1009
14614.4000 0.1010
14614.8000 0.1010
14616.1000 0.1010
14621.2000 0.1011
14633.8000 0.1011
14637.1000 0.1011
14651.0000 0.1012
14654.1000 0.1012
14655.7000 0.1013
14659.6000 0.1013
14664.0000 0.1013
14674.3000 0.1014
14688.3000 0.1014
14688.5000 0.1014
14690.8000 0.1015
14693.1000 0.1015
14696.2000 0.1015
14703.4000 0.1016
14704.0000 0.1016
14705.7000 0.1016
14705.8000 0.1017
14705.8000 0.1017
14707.3000 0.1017
14713.5000 0.1018
14714.2000 0.1018
14716.2000 0.1018
14725.6000 0.1019
14730.2000 0.1019
14732.9000 0.1019
14735.5000 0.1020
14737.2000 0.1020
14745.8000 0.1020
14753.3000 0.1021
14756.2000 0.1021
14759.9000 0.1022
14761.0000 0.1022
14768.0000 0.1022
14771.6000 0.1023
14781.3000 0.1023
14787.8000 0.1023
14804.5000 0.1024
14808.4000 0.1024
14815.5000 0.1024
14819.9000 0.1025
14823.7000 0.1025
14830.1000 0.1025
14837.6000 0.1026
14839.9000 0.1026
14843.9000 0.1026
14848.7000 0.1027
14849.7000 0.1027
14855.9000 0.1027
14856.6000 0.1028
14858.0000 0.1028
14861.9000 0.1028
14863.6000 0.1029
14867.9000 0.1029
14877.3000 0.1030
14880.3000 0.1030
14887.6000 0.1030
14891.5000 0.1031
14896.7000 0.1031
14898.6000 0.1031
14899.8000 0.1032
14901.8000 0.1032
14912.9000 0.1032
14919.3000 0.1033
14927.2000 0.1033
14936.6000 0.1033
14938.2000 0.1034
14943.6000 0.1034
14948.5000 0.1034
14953.5000 0.1035
14956.3000 0.1035
14956.5000 0.1035
14957.9000 0.1036
14962.6000 0.1036
14973.5000 0.1036
14974.2000 0.1037
14981.5000 0.1037
14986.4000 0.1038
14986.6000 0.1038
14988.3000 0.1038
14996.4000 0.1039
14999.3000 0.1039
15005.4000 0.1039
15006.4000 0.1040
15008.4000 0.1040
15019.9000 0.1040
15033.0000 0.1041
15039.9000 0.1041
15042.4000 0.1041
15052.2000 0.1042
15064.4000 0.1042
15065.7000 0.1042
15071.6000 0.1043
15075.6000 0.1043
15077.7000 0.1043
15083.7000 0.1044
15087.1000 0.1044
15094.6000 0.1044
15098.6000 0.1045
15100.4000 0.1045
15102.2000 0.1045
15104.4000 0.1046
15113.3000 0.1046
15114.6000 0.1047
15120.3000 0.1047
15126.4000 0.1047
15136.2000 0.1048
15141.6000 0.1048
15146.1000 0.1048
15147.5000 0.1049
15149.0000 0.1049
15154.3000 0.1049
15160.4000 0.1050
15164.3000 0.1050
15166.4000 0.1050
15168.2000 0.1051
15168.8000 0.1051
15174.8000 0.1051
15184.7000 0.1052
15187.0000 0.1052
15188.1000 0.1052
15194.2000 0.1053
15195.3000 0.1053
15195.4000 0.1053
15197.6000 0.1054
15199.6000 0.1054
15218.4000 0.1055
15225.9000 0.1055
15227.5000 0.1055
15227.6000 0.1056
15228.3000 0.1056
15229.7000 0.1056
15233.9000 0.1057
15240.3000 0.1057
15241.8000 0.1057
15260.2000 0.1058
15265.7000 0.1058
15267.1000 0.1058
15270.0000 0.1059
15275.2000 0.1059
15277.6000 0.1059
15286.8000 0.1060
15295.4000 0.1060
15298.6000 0.1060
15304.8000 0.1061
15313.9000 0.1061
15320.6000 0.1061
15322.9000 0.1062
15323.8000 0.1062
15331.2000 0.1063
15338.0000 0.1063
15344.6000 0.1063
15353.2000 0.1064
15374.2000 0.1064
15376.7000 0.1064
15377.1000 0.1065
15377.3000 0.1065
15392.9000 0.1065
15395.2000 0.1066
15403.3000 0.1066
15404.9000 0.1066
15411.6000 0.1067
15413.6000 0.1067
15418.5000 0.1067
15420.4000 0.1068
15423.6000 0.1068
15427.3000 0.1068
15430.5000 0.1069
15430.6000 0.1069
15438.8000 0.1069
15440.7000 0.1070
15440.7000 0.1070
15444.9000 0.1070
15451.2000 0.1071
15451.6000 0.1071
15479.0000 0.1072
15482.6000 0.1072
15482.7000 0.1072
15499.2000 0.1073
15507.8000 0.1073
15522.9000 0.1073
15539.8000 0.1074
15541.5000 0.1074
15557.3000 0.1074
15558.9000 0.1075
15560.0000 0.1075
15565.2000 0.1075
15565.2000 0.1076
15567.0000 0.1076
15574.9000 0.1076
15575.0000 0.1077
15579.2000 0.1077
15579.5000 0.1077
15590.7000 0.1078
15591.7000 0.1078
15598.5000 0.1078
15600.0000 0.1079
15602.7000 0.1079
15606.5000 0.1080
15615.4000 0.1080
15617.1000 0.1080
15631.4000 0.1081
15637.6000 0.1081
15653.9000 0.1081
15659.0000 0.1082
15671.2000 0.1082
15680.9000 0.1082
15685.6000 0.1083
15690.0000 0.1083
15695.7000 0.1083
15704.2000 0.1084
15708.2000 0.1084
15709.8000 0.1084
15722.9000 0.1085
15731.0000 0.1085
15740.9000 0.1085
15742.1000 0.1086
15744.0000 0.1086
15752.5000 0.1086
15755.7000 0.1087
15761.3000 0.1087
15764.4000 0.1088
15765.3000 0.1088
15771.5000 0.1088
15772.6000 0.1089
15774.4000 0.1089
15776.5000 0.1089
15783.2000 0.1090
15786.4000 0.1090
15794.0000 0.1090
15798.8000 0.1091
15823.7000 0.1091
15824.1000 0.1091
15824.5000 0.1092
15835.7000 0.1092
15838.3000 0.1092
15845.8000 0.1093
15847.0000 0.1093
15853.8000 0.1093
15858.2000 0.1094
15860.9000 0.1094
15861.9000 0.1094
15877.2000 0.1095
15880.1000 0.1095
15881.7000 0.1095
15887.9000 0.1096
15889.6000 0.1096
15892.6000 0.1097
15909.5000 0.1097
15909.7000 0.1097
15915.8000 0.1098
15923.7000 0.1098
15929.7000 0.1098
15932.4000 0.1099
15949.9000 0.1099
15962.4000 0.1099
15971.5000 0.1100
15974.7000 0.1100
15989.9000 0.1100
15994.6000 0.1101
16008.0000 0.1101
16010.4000 0.1101
16011.5000 0.1102
16013.9000 0.1102
16014.5000 0.1102
16015.1000 0.1103
16015.3000 0.1103
16018.6000 0.1103
16054.7000 0.1104
16056.5000 0.1104
16062.2000 0.1105
16074.4000 0.1105
16089.1000 0.1105
16090.0000 0.1106
16099.7000 0.1106
16102.4000 0.1106
16108.0000 0.1107
16108.5000 0.1107
16111.0000 0.1107
16123.4000 0.1108
16128.3000 0.1108
16148.6000 0.1108
16150.5000 0.1109
16154.7000 0.1109
16158.3000 0.1109
16161.0000 0.1110
16169.2000 0.1110
16176.0000 0.1110
16183.2000 0.1111
16186.0000 0.1111
16186.1000 0.1111
16187.3000 0.1112
16188.8000 0.1112
16203.9000 0.1113
16208.5000 0.1113
16215.0000 0.1113
16217.4000 0.1114
16220.2000 0.1114
16226.0000 0.1114
16239.1000 0.1115
16241.2000 0.1115
16254.3000 0.1115
16257.4000 0.1116
16263.6000 0.1116
16263.6000 0.1116
16278.5000 0.1117
16300.8000 0.1117
16317.3000 0.1117
16318.3000 0.1118
16323.0000 0.1118
16323.8000 0.1118
16332.4000 0.1119
16332.8000 0.1119
16336.5000 0.1119
16336.8000 0.1120
16337.0000 0.1120
16337.0000 0.1120
16343.9000 0.1121
16353.2000 0.1121
16365.1000 0.1122
16366.1000 0.1122
16366.4000 0.1122
16370.7000 0.1123
16371.3000 0.1123
16380.4000 0.1123
16380.8000 0.1124
16390.8000 0.1124
16392.7000 0.1124
16395.3000 0.1125
16395.8000 0.1125
16398.1000 0.1125
16409.9000 0.1126
16411.0000 0.1126
16413.7000 0.1126
16416.5000 0.1127
16418.0000 0.1127
16430.0000 0.1127
16440.0000 0.1128
16443.1000 0.1128
16448.2000 0.1128
16449.2000 0.1129
16449.3000 0.1129
16451.0000 0.1130
16458.0000 0.1130
16458.0000 0.1130
16485.2000 0.1131
16502.1000 0.1131
16503.3000 0.1131
16510.3000 0.1132
16523.1000 0.1132
16526.2000 0.1132
16535.3000 0.1133
16537.9000 0.1133
16539.1000 0.1133
16541.5000 0.1134
16549.1000 0.1134
16549.7000 0.1134
16549.8000 0.1135
16550.4000 0.1135
16551.6000 0.1135
16574.2000 0.1136
16583.4000 0.1136
16583.7000 0.1136
16584.0000 0.1137
16592.3000 0.1137
16598.3000 0.1138
16602.2000 0.1138
16607.5000 0.1138
16607.7000 0.1139
16607.7000 0.1139
16611.3000 0.1139
16614.2000 0.1140
16616.3000 0.1140
16626.6000 0.1140
16629.4000 0.1141
16630.0000 0.1141
16631.4000 0.1141
16633.8000 0.1142
16644.9000 0.1142
16647.7000 0.1142
16650.4000 0.1143
16652.1000 0.1143
16653.7000 0.1143
16669.3000 0.1144
16675.6000 0.1144
16677.0000 0.1144
16695.7000 0.1145
16696.5000 0.1145
16702.1000 0.1145
16705.4000 0.1146
16713.4000 0.1146
16716.4000 0.1147
16717.4000 0.1147
16720.0000 0.1147
16737.8000 0.1148
16740.8000 0.1148
16751.2000 0.1148
16759.2000 0.1149
16759.6000 0.1149
16763.9000 0.1149
16783.3000 0.1150
16797.9000 0.1150
16807.2000 0.1150
16808.0000 0.1151
16809.2000 0.1151
16818.0000 0.1151
16819.7000 0.1152
16829.1000 0.1152
16831.4000 0.1152
16835.4000 0.1153
16837.9000 0.1153
16838.3000 0.1153
16842.2000 0.1154
16845.3000 0.1154
16849.0000 0.1155
16861.3000 0.1155
16875.4000 0.1155
16875.9000 0.1156
16879.7000 0.1156
16880.7000 0.1156
16881.5000 0.1157
16889.4000 0.1157
16907.0000 0.1157
16913.3000 0.1158
16916.6000 0.1158
16918.0000 0.1158
16926.7000 0.1159
16931.0000 0.1159
16935.6000 0.1159
16935.9000 0.1160
16939.5000 0.1160
16949.9000 0.1160
16954.7000 0.1161
16955.6000 0.1161
16956.8000 0.1161
16959.4000 0.1162
16963.6000 0.1162
16968.6000 0.1163
16972.0000 0.1163
16985.2000 0.1163
16988.8000 0.1164
16992.9000 0.1164
16993.6000 0.1164
16995.1000 0.1165
17005.5000 0.1165
17005.7000 0.1165
17011.2000 0.1166
17014.4000 0.1166
17015.2000 0.1166
17023.1000 0.1167
17024.7000 0.1167
17024.7000 0.1167
17027.1000 0.1168
17028.4000 0.1168
17032.8000 0.1168
17034.3000 0.1169
17051.0000 0.1169
17072.4000 0.1169
17074.4000 0.1170
17111.2000 0.1170
17124.2000 0.1170
17129.2000 0.1171
17134.7000 0.1171
17136.1000 0.1172
17141.9000 0.1172
17148.5000 0.1172
17152.9000 0.1173
17163.2000 0.1173
17164.4000 0.1173
17194.3000 0.1174
17213.5000 0.1174
17216.5000 0.1174
17222.5000 0.1175
17226.8000 0.1175
17236.7000 0.1175
17241.3000 0.1176
17243.3000 0.1176
17249.0000 0.1176
17249.3000 0.1177
17253.9000 0.1177
17258.2000 0.1177
17261.5000 0.1178
17263.7000 0.1178
17267.1000 0.1178
17268.4000 0.1179
17280.5000 0.1179
17281.7000 0.1180
17282.2000 0.1180
17285.3000 0.1180
17288.6000 0.1181
17291.3000 0.1181
17292.2000 0.1181
17301.7000 0.1182
17312.8000 0.1182
17313.1000 0.1182
17316.7000 0.1183
17322.0000 0.1183
17332.0000 0.1183
17342.4000 0.1184
17347.3000 0.1184
17365.3000 0.1184
17372.4000 0.1185
17372.7000 0.1185
17372.9000 0.1185
17376.8000 0.1186
17379.7000 0.1186
17386.5000 0.1186
17386.5000 0.1187
17390.7000 0.1187
17396.0000 0.1188
17400.1000 0.1188
17401.0000 0.1188
17403.6000 0.1189
17415.0000 0.1189
17420.6000 0.1189
17421.8000 0.1190
17441.9000 0.1190
17445.7000 0.1190
17452.2000 0.1191
17452.5000 0.1191
17461.3000 0.1191
17465.2000 0.1192
17465.9000 0.1192
17471.8000 0.1192
17474.4000 0.1193
17475.0000 0.1193
17500.1000 0.1193
17507.2000 0.1194
17507.3000 0.1194
17511.7000 0.1194
17513.0000 0.1195
17514.5000 0.1195
17514.9000 0.1195
17516.3000 0.1196
17517.5000 0.1196
17519.3000 0.1197
17522.9000 0.1197
17525.3000 0.1197
17545.5000 0.1198
17545.7000 0.1198
17551.6000 0.1198
17553.7000 0.1199
17556.2000 0.1199
17556.3000 0.1199
17556.3000 0.1200
17563.5000 0.1200
17573.0000 0.1200
17577.3000 0.1201
17580.7000 0.1201
17581.0000 0.1201
17581.7000 0.1202
17584.5000 0.1202
17584.8000 0.1202
17586.4000 0.1203
17587.6000 0.1203
17596.6000 0.1203
17602.9000 0.1204
17607.4000 0.1204
17608.4000 0.1205
17613.6000 0.1205
17613.9000 0.1205
17615.6000 0.1206
17615.8000 0.1206
17624.0000 0.1206
17626.0000 0.1207
17628.7000 0.1207
17631.7000 0.1207
17640.8000 0.1208
17645.2000 0.1208
17653.1000 0.1208
17655.3000 0.1209
17660.6000 0.1209
17661.1000 0.1209
17662.0000 0.1210
17677.1000 0.1210
17688.3000 0.1210
17690.2000 0.1211
17692.9000 0.1211
17694.7000 0.1211
17702.0000 0.1212
17702.7000 0.1212
17720.8000 0.1213
17722.2000 0.1213
17723.9000 0.1213
17724.4000 0.1214
17728.4000 0.1214
17733.3000 0.1214
17734.5000 0.1215
17736.4000 0.1215
17741.8000 0.1215
17746.4000 0.1216
17746.7000 0.1216
17750.0000 0.1216
17752.2000 0.1217
17753.5000 0.1217
17756.3000 0.1217
17762.0000 0.1218
17764.5000 0.1218
17774.5000 0.1218
17777.3000 0.1219
17779.6000 0.1219
17795.9000 0.1219
17796.8000 0.1220
17797.2000 0.1220
17804.4000 0.1220
17810.6000 0.1221
17816.4000 0.1221
17816.4000 0.1222
17827.1000 0.1222
17828.9000 0.1222
17830.4000 0.1223
17834.1000 0.1223
17834.3000 0.1223
17850.1000 0.1224
17857.2000 0.1224
17858.3000 0.1224
17863.0000 0.1225
17867.3000 0.1225
17872.6000 0.1225
17872.8000 0.1226
17879.9000 0.1226
17884.3000 0.1226
17885.6000 0.1227
17903.6000 0.1227
17908.5000 0.1227
17908.6000 0.1228
17913.9000 0.1228
17917.5000 0.1228
17921.5000 0.1229
17923.8000 0.1229
17924.8000 0.1230
17925.9000 0.1230
17931.9000 0.1230
17936.1000 0.1231
17938.9000 0.1231
17941.4000 0.1231
17945.4000 0.1232
17949.3000 0.1232
17949.5000 0.1232
17949.8000 0.1233
17949.8000 0.1233
17952.7000 0.1233
17952.7000 0.1234
17953.6000 0.1234
17959.9000 0.1234
17968.5000 0.1235
17972.9000 0.1235
17977.9000 0.1235
17978.3000 0.1236
17982.0000 0.1236
17983.9000 0.1236
17985.6000 0.1237
17986.3000 0.1237
17995.9000 0.1238
18002.5000 0.1238
18011.3000 0.1238
18015.1000 0.1239
18028.1000 0.1239
18031.4000 0.1239
18037.3000 0.1240
18041.7000 0.1240
18052.1000 0.1240
18052.9000 0.1241
18058.3000 0.1241
18063.8000 0.1241
18077.3000 0.1242
18080.2000 0.1242
18104.3000 0.1242
18105.9000 0.1243
18106.8000 0.1243
18107.7000 0.1243
18108.3000 0.1244
18113.8000 0.1244
18119.7000 0.1244
18126.3000 0.1245
18128.6000 0.1245
18131.1000 0.1245
18134.6000 0.1246
18138.0000 0.1246
18138.7000 0.1247
18140.5000 0.1247
18144.0000 0.1247
18152.7000 0.1248
18157.2000 0.1248
18160.7000 0.1248
18167.2000 0.1249
18168.2000 0.1249
18181.6000 0.1249
18181.6000 0.1250
18182.0000 0.1250
18184.0000 0.1250
18196.0000 0.1251
18197.6000 0.1251
18202.6000 0.1251
18208.1000 0.1252
18210.8000 0.1252
18211.5000 0.1252
18215.6000 0.1253
18224.1000 0.1253
18244.5000 0.1253
18249.6000 0.1254
18252.8000 0.1254
18257.2000 0.1255
18257.7000 0.1255
18258.3000 0.1255
18270.6000 0.1256
18275.7000 0.1256
18277.5000 0.1256
18278.6000 0.1257
18278.6000 0.1257
18299.4000 0.1257
18302.2000 0.1258
18303.2000 0.1258
18303.4000 0.1258
18307.0000 0.1259
18308.4000 0.1259
18311.4000 0.1259
18318.0000 0.1260
18320.2000 0.1260
18320.5000 0.1260
18323.1000 0.1261
18325.2000 0.1261
18333.4000 0.1261
18337.0000 0.1262
18338.9000 0.1262
18353.7000 0.1263
18360.2000 0.1263
18368.3000 0.1263
18374.0000 0.1264
18380.6000 0.1264
18383.6000 0.1264
18384.6000 0.1265
18387.2000 0.1265
18393.7000 0.1265
18396.9000 0.1266
18418.1000 0.1266
18419.9000 0.1266
18428.4000 0.1267
18429.6000 0.1267
18429.9000 0.1267
18441.8000 0.1268
18444.2000 0.1268
18446.6000 0.1268
18446.7000 0.1269
18448.6000 0.1269
18449.7000 0.1269
18452.7000 0.1270
18455.5000 0.1270
18456.8000 0.1270
18465.6000 0.1271
18468.3000 0.1271
18489.1000 0.1272
18493.0000 0.1272
18493.5000 0.1272
18493.9000 0.1273
18495.7000 0.1273
18495.8000 0.1273
18500.4000 0.1274
18501.7000 0.1274
18504.0000 0.1274
18518.1000 0.1275
18521.6000 0.1275
18529.9000 0.1275
18536.5000 0.1276
18544.6000 0.1276
18549.4000 0.1276
18551.9000 0.1277
18557.6000 0.1277
18559.2000 0.1277
18565.3000 0.1278
18569.0000 0.1278
18574.0000 0.1278
18602.1000 0.1279
18608.7000 0.1279
18612.4000 0.1280
18642.9000 0.1280
18651.3000 0.1280
18651.4000 0.1281
18657.4000 0.1281
18657.6000 0.1281
18660.5000 0.1282
18664.6000 0.1282
18674.8000 0.1282
18693.5000 0.1283
18699.5000 0.1283
18701.8000 0.1283
18709.6000 0.1284
18713.5000 0.1284
18723.2000 0.1284
18726.5000 0.1285
18729.0000 0.1285
18731.7000 0.1285
18738.2000 0.1286
18740.7000 0.1286
18741.7000 0.1286
18749.0000 0.1287
18753.2000 0.1287
18767.7000 0.1288
18769.7000 0.1288
18770.8000 0.1288
18772.5000 0.1289
18780.0000 0.1289
18781.5000 0.1289
18781.6000 0.1290
18785.5000 0.1290
18788.3000 0.1290
18789.2000 0.1291
18794.0000 0.1291
18794.0000 0.1291
18795.5000 0.1292
18803.1000 0.1292
18805.5000 0.1292
18806.6000 0.1293
18821.2000 0.1293
18827.0000 0.1293
18829.7000 0.1294
18836.8000 0.1294
18837.6000 0.1294
18876.7000 0.1295
18892.9000 0.1295
18897.1000 0.1295
18903.8000 0.1296
18906.5000 0.1296
18908.8000 0.1297
18914.7000 0.1297
18925.9000 0.1297
18927.4000 0.1298
18932.1000 0.1298
18933.0000 0.1298
18938.4000 0.1299
18941.4000 0.1299
18948.2000 0.1299
18951.4000 0.1300
18957.2000 0.1300
18961.6000 0.1300
18964.8000 0.1301
18967.4000 0.1301
18967.6000 0.1301
18969.5000 0.1302
18975.0000 0.1302
18988.6000 0.1302
18997.8000 0.1303
18998.0000 0.1303
19001.9000 0.1303
19017.9000 0.1304
19035.9000 0.1304
19043.2000 0.1305
19050.8000 0.1305
19053.3000 0.1305
19057.1000 0.1306
19064.4000 0.1306
19065.4000 0.1306
19074.1000 0.1307
19092.6000 0.1307
19092.6000 0.1307
19092.8000 0.1308
19099.4000 0.1308
19106.6000 0.1308
19107.5000 0.1309
19109.5000 0.1309
19118.6000 0.1309
19125.1000 0.1310
19134.7000 0.1310
19137.2000 0.1310
19138.4000 0.1311
19138.7000 0.1311
19142.5000 0.1311
19145.4000 0.1312
19145.5000 0.1312
19156.8000 0.1313
19159.6000 0.1313
19161.8000 0.1313
19175.6000 0.1314
19176.1000 0.1314
19189.1000 0.1314
19191.4000 0.1315
19196.4000 0.1315
19205.9000 0.1315
19214.6000 0.1316
19220.5000 0.1316
19222.0000 0.1316
19230.1000 0.1317
19230.2000 0.1317
19231.6000 0.1317
19236.9000 0.1318
19240.6000 0.1318
19243.5000 0.1318
19249.9000 0.1319
19254.7000 0.1319
19255.0000 0.1319
19258.7000 0.1320
19268.4000 0.1320
19271.5000 0.1320
19277.3000 0.1321
19284.4000 0.1321
19284.9000 0.1322
19285.4000 0.1322
19287.4000 0.1322
19288.4000 0.1323
19292.1000 0.1323
19293.9000 0.1323
19298.6000 0.1324
19300.3000 0.1324
19302.6000 0.1324
19312.8000 0.1325
19320.2000 0.1325
19320.9000 0.1325
19327.0000 0.1326
19330.2000 0.1326
19333.5000 0.1326
19347.8000 0.1327
19350.3000 0.1327
19353.4000 0.1327
19360.5000 0.1328
19365.0000 0.1328
19367.5000 0.1328
19370.2000 0.1329
19381.5000 0.1329
19382.9000 0.1330
19387.5000 0.1330
19389.0000 0.1330
19390.1000 0.1331
19399.8000 0.1331
19400.3000 0.1331
19400.4000 0.1332
19403.2000 0.1332
19404.1000 0.1332
19406.4000 0.1333
19409.8000 0.1333
19417.4000 0.1333
19419.1000 0.1334
19419.8000 0.1334
19420.6000 0.1334
19429.2000 0.1335
19429.8000 0.1335
19442.4000 0.1335
19445.6000 0.1336
19448.7000 0.1336
19458.2000 0.1336
19460.9000 0.1337
19474.2000 0.1337
19474.5000 0.1338
19477.5000 0.1338
19478.5000 0.1338
19482.7000 0.1339
19484.2000 0.1339
19484.9000 0.1339
19488.4000 0.1340
19491.2000 0.1340
19495.3000 0.1340
19496.7000 0.1341
19509.9000 0.1341
19524.0000 0.1341
19529.0000 0.1342
19539.5000 0.1342
19541.8000 0.1342
19554.9000 0.1343
19561.7000 0.1343
19566.5000 0.1343
19569.6000 0.1344
19575.0000 0.1344
19578.4000 0.1344
19582.6000 0.1345
19589.9000 0.1345
19592.8000 0.1345
19593.0000 0.1346
19597.0000 0.1346
19608.0000 0.1347
19608.1000 0.1347
19611.3000 0.1347
19612.1000 0.1348
19618.4000 0.1348
19622.0000 0.1348
19623.5000 0.1349
19631.6000 0.1349
19644.2000 0.1349
19644.4000 0.1350
19651.6000 0.1350
19654.6000 0.1350
19666.2000 0.1351
19666.8000 0.1351
19668.3000 0.1351
19668.9000 0.1352
19673.5000 0.1352
19677.3000 0.1352
19679.4000 0.1353
19681.5000 0.1353
19682.4000 0.1353
19687.2000 0.1354
19692.1000 0.1354
19698.0000 0.1355
19700.7000 0.1355
19703.9000 0.1355
19704.5000 0.1356
19706.6000 0.1356
19712.6000 0.1356
19716.6000 0.1357
19719.5000 0.1357
19724.7000 0.1357
19728.4000 0.1358
19729.5000 0.1358
19730.5000 0.1358
19750.5000 0.1359
19756.7000 0.1359
19761.8000 0.1359
19763.6000 0.1360
19778.5000 0.1360
19782.9000 0.1360
19788.8000 0.1361
19788.9000 0.1361
19793.8000 0.1361
19797.7000 0.1362
19799.0000 0.1362
19800.2000 0.1363
19800.4000 0.1363
19801.7000 0.1363
19803.4000 0.1364
19803.8000 0.1364
19811.2000 0.1364
19823.0000 0.1365
19823.2000 0.1365
19824.6000 0.1365
19828.4000 0.1366
19837.6000 0.1366
19844.9000 0.1366
19846.3000 0.1367
19847.7000 0.1367
19848.1000 0.1367
19849.2000 0.1368
19857.4000 0.1368
19862.8000 0.1368
19864.3000 0.1369
19884.5000 0.1369
19885.4000 0.1369
19902.3000 0.1370
19903.7000 0.1370
19905.7000 0.1370
19906.1000 0.1371
19907.6000 0.1371
19909.5000 0.1372
19910.0000 0.1372
19912.5000 0.1372
19912.9000 0.1373
19916.2000 0.1373
19919.1000 0.1373
19919.6000 0.1374
19925.7000 0.1374
19925.8000 0.1374
19933.1000 0.1375
19933.7000 0.1375
19935.9000 0.1375
19946.2000 0.1376
19960.5000 0.1376
19960.6000 0.1376
19965.0000 0.1377
19977.9000 0.1377
19988.7000 0.1377
19990.1000 0.1378
19994.9000 0.1378
19998.4000 0.1378
20006.5000 0.1379
20026.8000 0.1379
20035.4000 0.1380
20048.3000 0.1380
20048.4000 0.1380
20054.4000 0.1381
20057.6000 0.1381
20070.8000 0.1381
20078.3000 0.1382
20084.7000 0.1382
20093.1000 0.1382
20095.0000 0.1383
20101.8000 0.1383
20111.4000 0.1383
20114.2000 0.1384
20114.5000 0.1384
20117.3000 0.1384
20139.5000 0.1385
20142.5000 0.1385
20149.2000 0.1385
20157.6000 0.1386
20165.9000 0.1386
20171.6000 0.1386
20175.8000 0.1387
20177.0000 0.1387
20203.2000 0.1388
20207.5000 0.1388
20223.1000 0.1388
20223.5000 0.1389
20226.4000 0.1389
20229.2000 0.1389
20231.5000 0.1390
20231.6000 0.1390
20233.6000 0.1390
20235.2000 0.1391
20239.6000 0.1391
20250.6000 0.1391
20258.4000 0.1392
20262.7000 0.1392
20266.3000 0.1392
20292.5000 0.1393
20295.6000 0.1393
20297.7000 0.1393
20324.4000 0.1394
20328.6000 0.1394
20334.9000 0.1394
20335.4000 0.1395
20339.4000 0.1395
20339.6000 0.1395
20346.6000 0.1396
20364.2000 0.1396
20366.7000 0.1397
20370.1000 0.1397
20372.1000 0.1397
20372.5000 0.1398
20382.1000 0.1398
20408.2000 0.1398
20436.5000 0.1399
20439.0000 0.1399
20445.7000 0.1399
20451.3000 0.1400
20453.8000 0.1400
20466.3000 0.1400
20469.7000 0.1401
20470.3000 0.1401
20471.3000 0.1401
20484.9000 0.1402
20487.8000 0.1402
20490.4000 0.1402
20493.2000 0.1403
20497.0000 0.1403
20501.3000 0.1403
20517.3000 0.1404
20526.2000 0.1404
20528.3000 0.1405
20531.5000 0.1405
20535.0000 0.1405
20535.9000 0.1406
20537.8000 0.1406
20553.2000 0.1406
20557.0000 0.1407
20558.3000 0.1407
20559.0000 0.1407
20566.1000 0.1408
20576.2000 0.1408
20579.2000 0.1408
20585.6000 0.1409
20589.2000 0.1409
20602.3000 0.1409
20604.8000 0.1410
20606.1000 0.1410
20606.4000 0.1410
20623.2000 0.1411
20633.1000 0.1411
20638.9000 0.1411
20643.0000 0.1412
20649.3000 0.1412
20654.5000 0.1413
20656.0000 0.1413
20661.7000 0.1413
20666.2000 0.1414
20666.3000 0.1414
20669.8000 0.1414
20675.0000 0.1415
20678.8000 0.1415
20682.3000 0.1415
20688.8000 0.1416
20691.8000 0.1416
20695.2000 0.1416
20701.0000 0.1417
20704.4000 0.1417
20713.1000 0.1417
20718.1000 0.1418
20723.1000 0.1418
20726.5000 0.1418
20731.1000 0.1419
20735.4000 0.1419
20735.5000 0.1419
20737.9000 0.1420
20740.4000 0.1420
20742.3000 0.1420
20744.0000 0.1421
20771.3000 0.1421
20785.7000 0.1422
20788.1000 0.1422
20796.0000 0.1422
20816.8000 0.1423
20822.6000 0.1423
20838.1000 0.1423
20838.7000 0.1424
20841.5000 0.1424
20843.8000 0.1424
20860.7000 0.1425
20864.5000 0.1425
20884.2000 0.1425
20885.9000 0.1426
20886.6000 0.1426
20889.7000 0.1426
20891.6000 0.1427
20896.5000 0.1427
20903.6000 0.1427
20907.1000 0.1428
20911.2000 0.1428
20912.3000 0.1428
20916.2000 0.1429
20917.5000 0.1429
20923.7000 0.1430
20924.8000 0.1430
20925.2000 0.1430
20932.7000 0.1431
20937.0000 0.1431
20939.5000 0.1431
20966.2000 0.1432
20978.7000 0.1432
20979.8000 0.1432
20983.2000 0.1433
20988.2000 0.1433
21005.9000 0.1433
21016.2000 0.1434
21017.4000 0.1434
21020.8000 0.1434
21023.6000 0.1435
21032.9000 0.1435
21036.2000 0.1435
21044.7000 0.1436
21055.5000 0.1436
21060.0000 0.1436
21060.1000 0.1437
21073.2000 0.1437
21074.6000 0.1438
21076.0000 0.1438
21078.6000 0.1438
21080.5000 0.1439
21083.4000 0.1439
21084.7000 0.1439
21090.7000 0.1440
21112.2000 0.1440
21120.9000 0.1440
21127.7000 0.1441
21134.8000 0.1441
21140.6000 0.1441
21146.6000 0.1442
21153.6000 0.1442
21164.4000 0.1442
21165.4000 0.1443
21185.7000 0.1443
21189.3000 0.1443
21195.1000 0.1444
21208.2000 0.1444
21217.9000 0.1444
21218.5000 0.1445
21223.5000 0.1445
21225.5000 0.1445
21226.1000 0.1446
21227.5000 0.1446
21252.1000 0.1447
21264.9000 0.1447
21273.3000 0.1447
21279.0000 0.1448
21290.7000 0.1448
21291.3000 0.1448
21294.0000 0.1449
21295.5000 0.1449
21301.3000 0.1449
21304.5000 0.1450
21306.3000 0.1450
21323.7000 0.1450
21325.4000 0.1451
21357.6000 0.1451
21359.4000 0.1451
21364.6000 0.1452
21371.0000 0.1452
21371.3000 0.1452
21378.0000 0.1453
21387.0000 0.1453
21393.7000 0.1453
21396.1000 0.1454
21396.7000 0.1454
21399.1000 0.1455
21399.2000 0.1455
21400.3000 0.1455
21414.5000 0.1456
21416.7000 0.1456
21446.9000 0.1456
21447.5000 0.1457
21455.3000 0.1457
21467.6000 0.1457
21479.1000 0.1458
21493.8000 0.1458
21514.8000 0.1458
21514.9000 0.1459
21522.6000 0.1459
21532.1000 0.1459
21534.4000 0.1460
21553.7000 0.1460
21564.6000 0.1460
21578.6000 0.1461
21592.5000 0.1461
21599.1000 0.1461
21600.7000 0.1462
21602.9000 0.1462
21612.5000 0.1463
21620.5000 0.1463
21621.5000 0.1463
21628.2000 0.1464
21633.7000 0.1464
21634.5000 0.1464
21647.5000 0.1465
21652.6000 0.1465
21653.0000 0.1465
21662.6000 0.1466
21666.4000 0.1466
21673.6000 0.1466
21676.5000 0.1467
21678.3000 0.1467
21678.7000 0.1467
21679.0000 0.1468
21686.8000 0.1468
21690.0000 0.1468
21695.5000 0.1469
21703.2000 0.1469
21708.8000 0.1469
21721.3000 0.1470
21721.5000 0.1470
21745.0000 0.1470
21759.4000 0.1471
21759.5000 0.1471
21767.0000 0.1472
21769.3000 0.1472
21771.2000 0.1472
21772.7000 0.1473
21784.0000 0.1473
21790.9000 0.1473
21808.8000 0.1474
21810.1000 0.1474
21819.0000 0.1474
21821.8000 0.1475
21821.9000 0.1475
21831.8000 0.1475
21831.9000 0.1476
21832.8000 0.1476
21833.4000 0.1476
21834.0000 0.1477
21841.6000 0.1477
21842.3000 0.1477
21843.6000 0.1478
21846.3000 0.1478
21849.9000 0.1478
21854.6000 0.1479
21859.9000 0.1479
21862.9000 0.1480
21865.4000 0.1480
21866.7000 0.1480
21870.8000 0.1481
21884.4000 0.1481
21888.8000 0.1481
21892.3000 0.1482
21897.6000 0.1482
21905.1000 0.1482
21915.8000 0.1483
21916.4000 0.1483
21916.9000 0.1483
21934.2000 0.1484
21935.3000 0.1484
21948.5000 0.1484
21951.8000 0.1485
21963.7000 0.1485
21966.8000 0.1485
21980.1000 0.1486
21981.1000 0.1486
22006.3000 0.1486
22015.3000 0.1487
22015.4000 0.1487
22041.8000 0.1488
22048.7000 0.1488
22074.5000 0.1488
22077.1000 0.1489
22081.1000 0.1489
22084.6000 0.1489
22103.1000 0.1490
22104.8000 0.1490
22113.1000 0.1490
22119.8000 0.1491
22122.1000 0.1491
22123.3000 0.1491
22134.3000 0.1492
22148.1000 0.1492
22150.4000 0.1492
22154.4000 0.1493
22156.7000 0.1493
22164.9000 0.1493
22169.8000 0.1494
22171.4000 0.1494
22191.7000 0.1494
22196.4000 0.1495
22196.6000 0.1495
22211.0000 0.1495
22219.9000 0.1496
22231.6000 0.1496
22234.5000 0.1497
22237.4000 0.1497
22242.6000 0.1497
22246.0000 0.1498
22250.9000 0.1498
22253.0000 0.1498
22285.2000 0.1499
22297.4000 0.1499
22297.8000 0.1499
22309.4000 0.1500
22313.4000 0.1500
22318.6000 0.1500
22324.8000 0.1501
22343.7000 0.1501
22349.2000 0.1501
22351.5000 0.1502
22363.6000 0.1502
22365.4000 0.1502
22369.3000 0.1503
22380.3000 0.1503
22381.6000 0.1503
22417.1000 0.1504
22425.6000 0.1504
22428.2000 0.1505
22437.7000 0.1505
22437.7000 0.1505
22449.0000 0.1506
22465.2000 0.1506
22477.5000 0.1506
22489.1000 0.1507
22493.1000 0.1507
22500.8000 0.1507
22504.6000 0.1508
22515.3000 0.1508
22533.6000 0.1508
22538.1000 0.1509
22539.8000 0.1509
22540.0000 0.1509
22540.9000 0.1510
22553.5000 0.1510
22561.2000 0.1510
22566.1000 0.1511
22582.0000 0.1511
22586.7000 0.1511
22593.2000 0.1512
22593.4000 0.1512
22604.7000 0.1513
22614.0000 0.1513
22621.6000 0.1513
22648.6000 0.1514
22658.5000 0.1514
22659.1000 0.1514
22667.2000 0.1515
22673.9000 0.1515
22679.9000 0.1515
22681.6000 0.1516
22682.8000 0.1516
22685.7000 0.1516
22696.5000 0.1517
22702.2000 0.1517
22704.2000 0.1517
22715.6000 0.1518
22728.4000 0.1518
22737.5000 0.1518
22737.9000 0.1519
22750.1000 0.1519
22752.1000 0.1519
22752.2000 0.1520
22759.6000 0.1520
22768.9000 0.1520
22773.5000 0.1521
22777.8000 0.1521
22797.6000 0.1522
22809.4000 0.1522
22810.4000 0.1522
22825.1000 0.1523
22828.6000 0.1523
22835.8000 0.1523
22844.5000 0.1524
22851.1000 0.1524
22863.9000 0.1524
22867.6000 0.1525
22871.6000 0.1525
22896.7000 0.1525
22904.4000 0.1526
22910.1000 0.1526
22915.0000 0.1526
22932.9000 0.1527
22937.8000 0.1527
22944.4000 0.1527
22951.1000 0.1528
22960.4000 0.1528
22973.8000 0.1528
22984.8000 0.1529
22991.3000 0.1529
22996.4000 0.1530
23002.9000 0.1530
23016.8000 0.1530
23022.8000 0.1531
23033.8000 0.1531
23043.7000 0.1531
23047.2000 0.1532
23047.6000 0.1532
23075.6000 0.1532
23085.6000 0.1533
23098.7000 0.1533
23099.8000 0.1533
23102.2000 0.1534
23111.6000 0.1534
23112.5000 0.1534
23122.2000 0.1535
23126.0000 0.1535
23126.2000 0.1535
23129.3000 0.1536
23134.6000 0.1536
23137.4000 0.1536
23144.5000 0.1537
23154.0000 0.1537
23165.2000 0.1538
23169.5000 0.1538
23208.6000 0.1538
23216.4000 0.1539
23217.8000 0.1539
23217.9000 0.1539
23230.8000 0.1540
23241.6000 0.1540
23259.6000 0.1540
23282.8000 0.1541
23283.6000 0.1541
23316.2000 0.1541
23326.8000 0.1542
23353.1000 0.1542
23353.9000 0.1542
23356.6000 0.1543
23383.1000 0.1543
23391.0000 0.1543
23399.2000 0.1544
23404.9000 0.1544
23446.2000 0.1544
23463.3000 0.1545
23470.3000 0.1545
23472.6000 0.1545
23476.6000 0.1546
23486.5000 0.1546
23495.5000 0.1547
23499.5000 0.1547
23502.1000 0.1547
23502.7000 0.1548
23513.0000 0.1548
23513.7000 0.1548
23519.5000 0.1549
23522.1000 0.1549
23524.2000 0.1549
23532.6000 0.1550
23539.0000 0.1550
23599.7000 0.1550
23608.5000 0.1551
23611.3000 0.1551
23615.0000 0.1551
23616.6000 0.1552
23634.5000 0.1552
23660.6000 0.1552
23671.3000 0.1553
23678.8000 0.1553
23681.3000 0.1553
23719.1000 0.1554
23736.5000 0.1554
23747.1000 0.1555
23786.8000 0.1555
23824.8000 0.1555
23838.1000 0.1556
23845.9000 0.1556
23854.9000 0.1556
23855.6000 0.1557
23895.5000 0.1557
23922.4000 0.1557
23994.2000 0.1558
