# messageDelay  cumulativeProbability
5.0000 0.0002
5.0000 0.0003
5.0000 0.0005
5.0000 0.0007
5.0000 0.0009
5.0000 0.0010
5.0000 0.0012
5.0000 0.0014
5.0000 0.0016
5.0000 0.0017
5.0000 0.0019
5.0000 0.0021
5.0000 0.0023
5.0000 0.0024
50.9000 0.0026
89.5000 0.0028
108.7000 0.0030
110.9000 0.0031
124.1000 0.0033
140.9000 0.0035
147.4000 0.0036
156.9000 0.0038
180.6000 0.0040
190.7000 0.0042
193.0000 0.0043
194.9000 0.0045
200.2000 0.0047
203.7000 0.0049
205.3000 0.0050
206.5000 0.0052
210.8000 0.0054
214.7000 0.0056
217.9000 0.0057
221.4000 0.0059
221.8000 0.0061
223.2000 0.0063
232.2000 0.0064
235.2000 0.0066
237.7000 0.0068
238.6000 0.0069
240.7000 0.0071
241.5000 0.0073
245.4000 0.0075
246.9000 0.0076
256.7000 0.0078
259.6000 0.0080
260.0000 0.0082
262.6000 0.0083
267.7000 0.0085
272.3000 0.0087
277.7000 0.0089
279.7000 0.0090
289.6000 0.0092
290.5000 0.0094
301.5000 0.0095
304.2000 0.0097
305.4000 0.0099
311.3000 0.0101
312.5000 0.0102
320.4000 0.0104
324.8000 0.0106
326.1000 0.0108
326.4000 0.0109
327.5000 0.0111
329.9000 0.0113
338.6000 0.0115
354.6000 0.0116
355.3000 0.0118
356.4000 0.0120
363.2000 0.0122
367.9000 0.0123
372.5000 0.0125
374.6000 0.0127
375.2000 0.0128
381.4000 0.0130
395.1000 0.0132
397.6000 0.0134
403.6000 0.0135
408.0000 0.0137
412.5000 0.0139
415.5000 0.0141
421.1000 0.0142
426.4000 0.0144
443.8000 0.0146
451.8000 0.0148
454.8000 0.0149
458.5000 0.0151
462.3000 0.0153
471.2000 0.0155
474.8000 0.0156
478.9000 0.0158
479.4000 0.0160
481.2000 0.0161
484.2000 0.0163
486.5000 0.0165
496.9000 0.0167
499.1000 0.0168
501.6000 0.0170
502.2000 0.0172
503.7000 0.0174
510.1000 0.0175
513.1000 0.0177
515.0000 0.0179
519.4000 0.0181
524.1000 0.0182
529.6000 0.0184
537.3000 0.0186
548.7000 0.0187
549.2000 0.0189
553.8000 0.0191
554.8000 0.0193
555.3000 0.0194
561.8000 0.0196
565.7000 0.0198
565.8000 0.0200
569.5000 0.0201
581.6000 0.0203
583.7000 0.0205
585.2000 0.0207
586.3000 0.0208
589.4000 0.0210
590.0000 0.0212
593.3000 0.0214
604.6000 0.0215
605.1000 0.0217
609.2000 0.0219
610.5000 0.0220
611.6000 0.0222
611.7000 0.0224
616.4000 0.0226
620.3000 0.0227
624.0000 0.0229
625.3000 0.0231
625.8000 0.0233
630.2000 0.0234
631.7000 0.0236
635.1000 0.0238
636.5000 0.0240
641.1000 0.0241
648.6000 0.0243
651.5000 0.0245
656.6000 0.0247
661.1000 0.0248
661.4000 0.0250
661.6000 0.0252
667.1000 0.0253
673.9000 0.0255
677.7000 0.0257
678.5000 0.0259
679.9000 0.0260
682.7000 0.0262
686.5000 0.0264
687.9000 0.0266
690.5000 0.0267
696.4000 0.0269
699.1000 0.0271
708.9000 0.0273
709.9000 0.0274
716.3000 0.0276
719.1000 0.0278
721.6000 0.0280
722.6000 0.0281
729.6000 0.0283
733.6000 0.0285
733.8000 0.0286
735.5000 0.0288
738.1000 0.0290
741.4000 0.0292
744.6000 0.0293
745.2000 0.0295
745.4000 0.0297
745.7000 0.0299
752.7000 0.0300
758.9000 0.0302
758.9000 0.0304
768.7000 0.0306
773.0000 0.0307
776.3000 0.0309
780.1000 0.0311
781.3000 0.0312
783.3000 0.0314
786.3000 0.0316
791.8000 0.0318
794.4000 0.0319
794.5000 0.0321
796.2000 0.0323
796.6000 0.0325
810.3000 0.0326
822.6000 0.0328
823.3000 0.0330
825.9000 0.0332
827.6000 0.0333
829.0000 0.0335
833.3000 0.0337
833.4000 0.0339
837.6000 0.0340
840.2000 0.0342
842.0000 0.0344
843.3000 0.0345
847.9000 0.0347
848.7000 0.0349
850.8000 0.0351
852.5000 0.0352
852.8000 0.0354
853.0000 0.0356
854.4000 0.0358
858.9000 0.0359
864.7000 0.0361
866.4000 0.0363
868.0000 0.0365
884.6000 0.0366
887.2000 0.0368
887.6000 0.0370
889.7000 0.0372
892.7000 0.0373
893.0000 0.0375
902.8000 0.0377
907.4000 0.0378
913.0000 0.0380
917.8000 0.0382
920.2000 0.0384
920.4000 0.0385
921.1000 0.0387
925.2000 0.0389
927.5000 0.0391
934.4000 0.0392
935.8000 0.0394
939.7000 0.0396
944.8000 0.0398
952.6000 0.0399
957.6000 0.0401
958.3000 0.0403
962.2000 0.0405
964.7000 0.0406
966.8000 0.0408
968.0000 0.0410
968.9000 0.0411
973.4000 0.0413
974.1000 0.0415
974.7000 0.0417
975.5000 0.0418
988.6000 0.0420
991.6000 0.0422
994.5000 0.0424
998.2000 0.0425
1008.6000 0.0427
1011.3000 0.0429
1013.0000 0.0431
1013.9000 0.0432
1016.3000 0.0434
1018.5000 0.0436
1018.9000 0.0437
1022.1000 0.0439
1024.0000 0.0441
1027.1000 0.0443
1040.9000 0.0444
1042.1000 0.0446
1048.6000 0.0448
1048.9000 0.0450
1052.3000 0.0451
1055.4000 0.0453
1057.3000 0.0455
1063.4000 0.0457
1064.4000 0.0458
1064.6000 0.0460
1066.5000 0.0462
1066.8000 0.0464
1071.3000 0.0465
1073.7000 0.0467
1074.6000 0.0469
1082.3000 0.0470
1085.2000 0.0472
1086.6000 0.0474
1089.6000 0.0476
1090.2000 0.0477
1096.8000 0.0479
1106.6000 0.0481
1107.6000 0.0483
1107.9000 0.0484
1115.4000 0.0486
1116.5000 0.0488
1117.3000 0.0490
1122.7000 0.0491
1122.9000 0.0493
1126.6000 0.0495
1128.5000 0.0497
1132.3000 0.0498
1132.8000 0.0500
1136.7000 0.0502
1140.0000 0.0503
1143.0000 0.0505
1144.8000 0.0507
1146.7000 0.0509
1147.4000 0.0510
1149.6000 0.0512
1150.7000 0.0514
1153.9000 0.0516
1156.5000 0.0517
1157.4000 0.0519
1163.7000 0.0521
1164.8000 0.0523
1172.8000 0.0524
1175.5000 0.0526
1176.2000 0.0528
1176.7000 0.0530
1177.8000 0.0531
1180.6000 0.0533
1182.3000 0.0535
1182.4000 0.0536
1185.0000 0.0538
1196.4000 0.0540
1199.7000 0.0542
1201.1000 0.0543
1206.6000 0.0545
1212.2000 0.0547
1214.7000 0.0549
1218.6000 0.0550
1227.8000 0.0552
1227.9000 0.0554
1232.3000 0.0556
1239.7000 0.0557
1246.8000 0.0559
1249.4000 0.0561
1255.9000 0.0562
1256.6000 0.0564
1263.3000 0.0566
1263.5000 0.0568
1270.1000 0.0569
1271.0000 0.0571
1273.1000 0.0573
1276.5000 0.0575
1284.6000 0.0576
1284.9000 0.0578
1286.8000 0.0580
1294.6000 0.0582
1301.9000 0.0583
1302.9000 0.0585
1310.3000 0.0587
1312.3000 0.0589
1316.4000 0.0590
1318.1000 0.0592
1321.7000 0.0594
1328.1000 0.0595
1329.4000 0.0597
1333.0000 0.0599
1336.4000 0.0601
1342.8000 0.0602
1345.0000 0.0604
1345.2000 0.0606
1345.6000 0.0608
1350.3000 0.0609
1351.5000 0.0611
1356.4000 0.0613
1359.5000 0.0615
1363.9000 0.0616
1376.4000 0.0618
1378.8000 0.0620
1382.8000 0.0622
1383.5000 0.0623
1385.3000 0.0625
1386.2000 0.0627
1389.2000 0.0628
1390.5000 0.0630
1391.4000 0.0632
1392.7000 0.0634
1393.6000 0.0635
1397.2000 0.0637
1399.1000 0.0639
1409.1000 0.0641
1410.0000 0.0642
1412.8000 0.0644
1421.5000 0.0646
1422.2000 0.0648
1424.0000 0.0649
1426.6000 0.0651
1428.1000 0.0653
1433.0000 0.0655
1433.1000 0.0656
1433.1000 0.0658
1435.2000 0.0660
1441.5000 0.0661
1443.1000 0.0663
1443.3000 0.0665
1449.7000 0.0667
1451.4000 0.0668
1463.6000 0.0670
1464.7000 0.0672
1465.4000 0.0674
1473.6000 0.0675
1481.9000 0.0677
1482.5000 0.0679
1491.0000 0.0681
1493.5000 0.0682
1499.6000 0.0684
1506.7000 0.0686
1510.2000 0.0687
1512.9000 0.0689
1519.0000 0.0691
1519.1000 0.0693
1520.0000 0.0694
1522.7000 0.0696
1527.2000 0.0698
1529.8000 0.0700
1532.6000 0.0701
1535.2000 0.0703
1537.5000 0.0705
1538.8000 0.0707
1546.9000 0.0708
1550.1000 0.0710
1557.0000 0.0712
1562.5000 0.0714
1564.0000 0.0715
1568.8000 0.0717
1569.3000 0.0719
1576.5000 0.0720
1577.4000 0.0722
1580.8000 0.0724
1580.9000 0.0726
1581.4000 0.0727
1583.9000 0.0729
1598.9000 0.0731
1600.5000 0.0733
1603.5000 0.0734
1604.5000 0.0736
1608.7000 0.0738
1612.4000 0.0740
1621.1000 0.0741
1621.2000 0.0743
1628.7000 0.0745
1628.8000 0.0747
1633.9000 0.0748
1639.1000 0.0750
1641.6000 0.0752
1648.8000 0.0753
1654.3000 0.0755
1657.3000 0.0757
1662.3000 0.0759
1664.0000 0.0760
1669.9000 0.0762
1676.5000 0.0764
1680.3000 0.0766
1681.1000 0.0767
1683.1000 0.0769
1684.0000 0.0771
1687.0000 0.0773
1687.2000 0.0774
1687.5000 0.0776
1689.9000 0.0778
1697.3000 0.0780
1697.7000 0.0781
1702.8000 0.0783
1704.7000 0.0785
1705.2000 0.0786
1706.4000 0.0788
1714.7000 0.0790
1725.3000 0.0792
1726.6000 0.0793
1729.2000 0.0795
1731.3000 0.0797
1733.3000 0.0799
1737.9000 0.0800
1741.3000 0.0802
1746.3000 0.0804
1747.9000 0.0806
1752.9000 0.0807
1755.6000 0.0809
1761.6000 0.0811
1764.7000 0.0812
1779.5000 0.0814
1781.3000 0.0816
1792.7000 0.0818
1797.6000 0.0819
1806.6000 0.0821
1808.3000 0.0823
1822.9000 0.0825
1824.3000 0.0826
1828.8000 0.0828
1834.6000 0.0830
1836.7000 0.0832
1838.4000 0.0833
1845.0000 0.0835
1848.9000 0.0837
1852.3000 0.0839
1858.5000 0.0840
1858.8000 0.0842
1863.3000 0.0844
1864.5000 0.0845
1869.2000 0.0847
1871.6000 0.0849
1873.6000 0.0851
1880.1000 0.0852
1880.3000 0.0854
1886.5000 0.0856
1891.7000 0.0858
1891.8000 0.0859
1895.2000 0.0861
1898.5000 0.0863
1898.7000 0.0865
1900.0000 0.0866
1900.2000 0.0868
1902.9000 0.0870
1903.7000 0.0872
1905.3000 0.0873
1907.7000 0.0875
1912.5000 0.0877
1916.7000 0.0878
1920.5000 0.0880
1921.7000 0.0882
1924.7000 0.0884
1934.0000 0.0885
1937.2000 0.0887
1947.8000 0.0889
1950.3000 0.0891
1952.5000 0.0892
1964.1000 0.0894
1974.9000 0.0896
1976.2000 0.0898
1977.7000 0.0899
1981.8000 0.0901
1985.2000 0.0903
2001.1000 0.0905
2003.4000 0.0906
2006.6000 0.0908
2009.4000 0.0910
2013.2000 0.0911
2013.7000 0.0913
2021.4000 0.0915
2029.6000 0.0917
2031.5000 0.0918
2031.7000 0.0920
2037.3000 0.0922
2045.2000 0.0924
2047.7000 0.0925
2056.6000 0.0927
2057.1000 0.0929
2058.1000 0.0931
2063.2000 0.0932
2066.9000 0.0934
2067.7000 0.0936
2067.9000 0.0937
2071.7000 0.0939
2080.4000 0.0941
2083.4000 0.0943
2086.4000 0.0944
2087.4000 0.0946
2092.9000 0.0948
2093.8000 0.0950
2097.7000 0.0951
2106.7000 0.0953
2123.0000 0.0955
2123.0000 0.0957
2134.2000 0.0958
2142.0000 0.0960
2151.9000 0.0962
2152.9000 0.0964
2154.4000 0.0965
2161.4000 0.0967
2185.9000 0.0969
2186.7000 0.0970
2188.6000 0.0972
2212.1000 0.0974
2215.3000 0.0976
2216.2000 0.0977
2216.2000 0.0979
2221.7000 0.0981
2233.6000 0.0983
2234.7000 0.0984
2235.0000 0.0986
2235.0000 0.0988
2237.1000 0.0990
2246.2000 0.0991
2252.2000 0.0993
2254.4000 0.0995
2258.5000 0.0997
2259.4000 0.0998
2259.5000 0.1000
2266.0000 0.1002
2267.6000 0.1003
2281.3000 0.1005
2283.2000 0.1007
2294.3000 0.1009
2298.2000 0.1010
2298.9000 0.1012
2302.5000 0.1014
2304.8000 0.1016
2308.7000 0.1017
2321.3000 0.1019
2328.3000 0.1021
2332.2000 0.1023
2338.8000 0.1024
2348.2000 0.1026
2351.0000 0.1028
2355.0000 0.1030
2362.7000 0.1031
2365.8000 0.1033
2382.8000 0.1035
2383.5000 0.1036
2385.4000 0.1038
2386.6000 0.1040
2388.1000 0.1042
2392.4000 0.1043
2395.3000 0.1045
2398.8000 0.1047
2410.6000 0.1049
2412.4000 0.1050
2415.6000 0.1052
2422.3000 0.1054
2427.3000 0.1056
2436.8000 0.1057
2437.7000 0.1059
2442.1000 0.1061
2445.1000 0.1062
2467.4000 0.1064
2476.8000 0.1066
2482.4000 0.1068
2488.1000 0.1069
2501.5000 0.1071
2506.8000 0.1073
2511.6000 0.1075
2523.1000 0.1076
2523.8000 0.1078
2525.1000 0.1080
2528.4000 0.1082
2530.3000 0.1083
2531.7000 0.1085
2537.9000 0.1087
2540.1000 0.1089
2542.7000 0.1090
2545.9000 0.1092
2556.4000 0.1094
2557.2000 0.1095
2560.3000 0.1097
2567.1000 0.1099
2571.3000 0.1101
2573.4000 0.1102
2577.1000 0.1104
2582.6000 0.1106
2596.7000 0.1108
2596.8000 0.1109
2604.7000 0.1111
2615.6000 0.1113
2621.2000 0.1115
2622.1000 0.1116
2622.4000 0.1118
2627.4000 0.1120
2633.4000 0.1122
2633.7000 0.1123
2642.6000 0.1125
2648.3000 0.1127
2648.5000 0.1128
2651.8000 0.1130
2661.4000 0.1132
2667.9000 0.1134
2677.1000 0.1135
2697.1000 0.1137
2712.9000 0.1139
2714.9000 0.1141
2721.7000 0.1142
2731.5000 0.1144
2731.7000 0.1146
2734.0000 0.1148
2739.0000 0.1149
2739.9000 0.1151
2749.4000 0.1153
2766.1000 0.1155
2782.9000 0.1156
2794.8000 0.1158
2798.4000 0.1160
2806.4000 0.1161
2811.7000 0.1163
2812.9000 0.1165
2818.0000 0.1167
2821.7000 0.1168
2830.0000 0.1170
2834.6000 0.1172
2839.4000 0.1174
2840.0000 0.1175
2848.8000 0.1177
2851.5000 0.1179
2853.8000 0.1181
2858.9000 0.1182
2861.3000 0.1184
2862.3000 0.1186
2863.9000 0.1187
2864.4000 0.1189
2868.0000 0.1191
2868.5000 0.1193
2893.9000 0.1194
2921.5000 0.1196
2924.5000 0.1198
2924.6000 0.1200
2932.6000 0.1201
2946.9000 0.1203
2951.7000 0.1205
2954.5000 0.1207
2990.2000 0.1208
2991.6000 0.1210
2993.5000 0.1212
2993.7000 0.1214
2994.2000 0.1215
3003.8000 0.1217
3004.6000 0.1219
3013.5000 0.1220
3023.3000 0.1222
3025.3000 0.1224
3025.7000 0.1226
3028.7000 0.1227
3038.9000 0.1229
3040.5000 0.1231
3047.3000 0.1233
3048.8000 0.1234
3053.9000 0.1236
3054.7000 0.1238
3078.5000 0.1240
3094.7000 0.1241
3112.4000 0.1243
3112.7000 0.1245
3133.4000 0.1247
3135.0000 0.1248
3158.8000 0.1250
3170.6000 0.1252
3172.4000 0.1253
3175.8000 0.1255
3180.3000 0.1257
3183.2000 0.1259
3185.1000 0.1260
3185.8000 0.1262
3204.6000 0.1264
3208.5000 0.1266
3214.1000 0.1267
3238.4000 0.1269
3238.8000 0.1271
3251.8000 0.1273
3264.2000 0.1274
3273.5000 0.1276
3284.6000 0.1278
3292.6000 0.1280
3314.5000 0.1281
3317.7000 0.1283
3331.9000 0.1285
3333.4000 0.1286
3337.6000 0.1288
3337.8000 0.1290
3340.3000 0.1292
3347.5000 0.1293
3348.6000 0.1295
3355.9000 0.1297
3361.3000 0.1299
3365.2000 0.1300
3377.9000 0.1302
3379.7000 0.1304
3386.3000 0.1306
3412.5000 0.1307
3417.3000 0.1309
3427.5000 0.1311
3428.2000 0.1312
3428.6000 0.1314
3431.5000 0.1316
3447.7000 0.1318
3453.2000 0.1319
3453.9000 0.1321
3458.5000 0.1323
3461.6000 0.1325
3466.6000 0.1326
3476.9000 0.1328
3495.3000 0.1330
3497.2000 0.1332
3499.8000 0.1333
3507.5000 0.1335
3523.3000 0.1337
3523.6000 0.1339
3537.4000 0.1340
3542.8000 0.1342
3546.7000 0.1344
3551.6000 0.1345
3552.3000 0.1347
3565.3000 0.1349
3574.4000 0.1351
3578.5000 0.1352
3612.7000 0.1354
3617.3000 0.1356
3632.9000 0.1358
3639.2000 0.1359
3641.3000 0.1361
3641.7000 0.1363
3662.0000 0.1365
3662.5000 0.1366
3679.7000 0.1368
3689.5000 0.1370
3698.4000 0.1372
3699.6000 0.1373
3707.2000 0.1375
3707.5000 0.1377
3709.6000 0.1378
3712.1000 0.1380
3712.9000 0.1382
3721.5000 0.1384
3731.5000 0.1385
3737.4000 0.1387
3746.7000 0.1389
3747.6000 0.1391
3752.9000 0.1392
3760.0000 0.1394
3767.4000 0.1396
3768.6000 0.1398
3771.5000 0.1399
3782.2000 0.1401
3785.3000 0.1403
3797.9000 0.1405
3801.6000 0.1406
3810.8000 0.1408
3811.4000 0.1410
3811.5000 0.1411
3817.6000 0.1413
3827.0000 0.1415
3831.5000 0.1417
3835.1000 0.1418
3845.3000 0.1420
3858.6000 0.1422
3859.1000 0.1424
3861.4000 0.1425
3879.2000 0.1427
3888.4000 0.1429
3910.0000 0.1431
3916.7000 0.1432
3931.1000 0.1434
3937.2000 0.1436
3967.3000 0.1437
3972.0000 0.1439
3972.3000 0.1441
3976.7000 0.1443
3988.6000 0.1444
4002.9000 0.1446
4011.7000 0.1448
4019.2000 0.1450
4021.7000 0.1451
4026.1000 0.1453
4027.7000 0.1455
4033.6000 0.1457
4057.4000 0.1458
4067.1000 0.1460
4071.6000 0.1462
4088.2000 0.1464
4097.1000 0.1465
4101.9000 0.1467
4103.5000 0.1469
4104.0000 0.1470
4117.9000 0.1472
4118.5000 0.1474
4119.5000 0.1476
4131.2000 0.1477
4132.8000 0.1479
4134.7000 0.1481
4135.6000 0.1483
4149.3000 0.1484
4161.5000 0.1486
4172.8000 0.1488
4181.8000 0.1490
4182.6000 0.1491
4205.4000 0.1493
4216.1000 0.1495
4218.2000 0.1497
4221.7000 0.1498
4228.8000 0.1500
4238.8000 0.1502
4254.6000 0.1503
4255.9000 0.1505
4257.0000 0.1507
4302.6000 0.1509
4306.3000 0.1510
4326.7000 0.1512
4328.6000 0.1514
4333.1000 0.1516
4336.5000 0.1517
4341.3000 0.1519
4376.7000 0.1521
4388.0000 0.1523
4393.4000 0.1524
4393.9000 0.1526
4400.0000 0.1528
4407.7000 0.1530
4431.5000 0.1531
4431.5000 0.1533
4442.3000 0.1535
4451.5000 0.1536
4466.7000 0.1538
4467.5000 0.1540
4471.7000 0.1542
4483.8000 0.1543
4489.9000 0.1545
4492.5000 0.1547
4498.8000 0.1549
4512.1000 0.1550
4523.9000 0.1552
4543.9000 0.1554
4568.7000 0.1556
4600.5000 0.1557
4624.1000 0.1559
4638.5000 0.1561
4648.1000 0.1562
4657.5000 0.1564
4661.8000 0.1566
4686.2000 0.1568
4697.5000 0.1569
4703.2000 0.1571
4704.4000 0.1573
4707.0000 0.1575
4712.6000 0.1576
4718.3000 0.1578
4722.3000 0.1580
4723.8000 0.1582
4729.5000 0.1583
4731.7000 0.1585
4761.4000 0.1587
4761.7000 0.1589
4762.3000 0.1590
4769.1000 0.1592
4769.4000 0.1594
4772.7000 0.1595
4784.7000 0.1597
4792.5000 0.1599
4816.1000 0.1601
4818.8000 0.1602
4827.8000 0.1604
4830.3000 0.1606
4835.9000 0.1608
4843.9000 0.1609
4852.5000 0.1611
4858.5000 0.1613
4862.2000 0.1615
4865.7000 0.1616
4865.9000 0.1618
4878.2000 0.1620
4900.0000 0.1622
4908.4000 0.1623
4908.5000 0.1625
4918.2000 0.1627
4923.6000 0.1628
4930.0000 0.1630
4932.4000 0.1632
4953.8000 0.1634
4973.1000 0.1635
4980.3000 0.1637
4994.0000 0.1639
4998.7000 0.1641
5001.1000 0.1642
5002.3000 0.1644
5006.2000 0.1646
5016.5000 0.1648
5041.3000 0.1649
5058.3000 0.1651
5066.7000 0.1653
5076.5000 0.1655
5080.6000 0.1656
5081.7000 0.1658
5084.6000 0.1660
5087.3000 0.1661
5088.4000 0.1663
5095.4000 0.1665
5097.3000 0.1667
5105.0000 0.1668
5118.5000 0.1670
5126.4000 0.1672
5138.1000 0.1674
5145.1000 0.1675
5146.0000 0.1677
5148.2000 0.1679
5150.1000 0.1681
5154.3000 0.1682
5156.6000 0.1684
5157.2000 0.1686
5160.5000 0.1687
5179.6000 0.1689
5186.7000 0.1691
5195.9000 0.1693
5201.4000 0.1694
5205.3000 0.1696
5218.9000 0.1698
5226.8000 0.1700
5226.9000 0.1701
5229.9000 0.1703
5233.2000 0.1705
5302.3000 0.1707
5306.2000 0.1708
5356.1000 0.1710
5356.6000 0.1712
5373.2000 0.1714
5411.8000 0.1715
5423.0000 0.1717
5423.1000 0.1719
5426.2000 0.1720
5428.9000 0.1722
5443.8000 0.1724
5459.2000 0.1726
5482.6000 0.1727
5501.9000 0.1729
5513.3000 0.1731
5520.0000 0.1733
5523.8000 0.1734
5523.9000 0.1736
5543.9000 0.1738
5569.2000 0.1740
5577.2000 0.1741
5577.4000 0.1743
5592.4000 0.1745
5598.9000 0.1747
5606.0000 0.1748
5610.0000 0.1750
5623.0000 0.1752
5652.8000 0.1753
5654.3000 0.1755
5655.3000 0.1757
5724.2000 0.1759
5737.5000 0.1760
5737.5000 0.1762
5740.7000 0.1764
5741.7000 0.1766
5743.6000 0.1767
5761.8000 0.1769
5781.1000 0.1771
5781.4000 0.1773
5785.2000 0.1774
5812.4000 0.1776
5823.3000 0.1778
5844.4000 0.1780
5851.9000 0.1781
5855.3000 0.1783
5857.0000 0.1785
5863.9000 0.1786
5869.7000 0.1788
5873.2000 0.1790
5891.8000 0.1792
5915.2000 0.1793
5916.0000 0.1795
5916.5000 0.1797
5933.5000 0.1799
5944.4000 0.1800
5951.7000 0.1802
5963.1000 0.1804
5972.2000 0.1806
5972.4000 0.1807
5988.7000 0.1809
5991.4000 0.1811
6007.9000 0.1812
6009.7000 0.1814
6014.6000 0.1816
6018.1000 0.1818
6027.5000 0.1819
6034.6000 0.1821
6050.8000 0.1823
6051.7000 0.1825
6070.1000 0.1826
6086.7000 0.1828
6087.7000 0.1830
6120.9000 0.1832
6162.7000 0.1833
6163.0000 0.1835
6163.1000 0.1837
6167.7000 0.1839
6176.4000 0.1840
6178.8000 0.1842
6210.3000 0.1844
6214.3000 0.1845
6231.3000 0.1847
6243.7000 0.1849
6264.8000 0.1851
6264.8000 0.1852
6301.9000 0.1854
6315.7000 0.1856
6327.5000 0.1858
6332.3000 0.1859
6335.8000 0.1861
6336.1000 0.1863
6342.9000 0.1865
6352.9000 0.1866
6353.8000 0.1868
6362.0000 0.1870
6371.6000 0.1872
6376.5000 0.1873
6382.3000 0.1875
6387.2000 0.1877
6387.7000 0.1878
6391.2000 0.1880
6407.6000 0.1882
6408.8000 0.1884
6414.0000 0.1885
6416.5000 0.1887
6421.5000 0.1889
6426.5000 0.1891
6450.6000 0.1892
6454.0000 0.1894
6461.6000 0.1896
6469.7000 0.1898
6486.6000 0.1899
6493.2000 0.1901
6497.7000 0.1903
6504.9000 0.1905
6528.9000 0.1906
6532.3000 0.1908
6554.4000 0.1910
6558.8000 0.1911
6564.5000 0.1913
6578.5000 0.1915
6578.8000 0.1917
6603.8000 0.1918
6622.4000 0.1920
6625.8000 0.1922
6632.6000 0.1924
6648.0000 0.1925
6648.4000 0.1927
6657.3000 0.1929
6666.4000 0.1931
6688.2000 0.1932
6706.1000 0.1934
6724.0000 0.1936
6732.5000 0.1937
6738.1000 0.1939
6743.2000 0.1941
6746.2000 0.1943
6748.1000 0.1944
6754.9000 0.1946
6761.8000 0.1948
6772.0000 0.1950
6773.0000 0.1951
6817.7000 0.1953
6832.0000 0.1955
6843.7000 0.1957
6843.9000 0.1958
6860.0000 0.1960
6862.4000 0.1962
6867.8000 0.1964
6876.5000 0.1965
6877.7000 0.1967
6881.7000 0.1969
6903.3000 0.1970
6904.2000 0.1972
6908.8000 0.1974
6932.1000 0.1976
6948.1000 0.1977
6967.8000 0.1979
6973.0000 0.1981
6973.6000 0.1983
6980.6000 0.1984
6989.8000 0.1986
6993.3000 0.1988
7014.4000 0.1990
7038.6000 0.1991
7038.8000 0.1993
7041.3000 0.1995
7047.5000 0.1997
7055.0000 0.1998
7081.1000 0.2000
7107.0000 0.2002
7116.7000 0.2003
7118.4000 0.2005
7131.2000 0.2007
7131.2000 0.2009
7136.9000 0.2010
7137.6000 0.2012
7140.5000 0.2014
7142.6000 0.2016
7146.9000 0.2017
7161.0000 0.2019
7194.7000 0.2021
7196.2000 0.2023
7203.6000 0.2024
7242.0000 0.2026
7250.5000 0.2028
7254.0000 0.2030
7257.2000 0.2031
7274.0000 0.2033
7290.5000 0.2035
7312.8000 0.2036
7316.0000 0.2038
7334.0000 0.2040
7345.8000 0.2042
7352.4000 0.2043
7362.3000 0.2045
7376.5000 0.2047
7396.4000 0.2049
7428.0000 0.2050
7445.2000 0.2052
7458.1000 0.2054
7477.6000 0.2056
7495.5000 0.2057
7518.9000 0.2059
7525.6000 0.2061
7527.7000 0.2062
7534.8000 0.2064
7538.0000 0.2066
7558.0000 0.2068
7573.5000 0.2069
7574.7000 0.2071
7598.5000 0.2073
7605.5000 0.2075
7632.7000 0.2076
7673.8000 0.2078
7675.7000 0.2080
7693.5000 0.2082
7694.0000 0.2083
7714.4000 0.2085
7722.9000 0.2087
7748.3000 0.2089
7754.0000 0.2090
7766.2000 0.2092
7788.2000 0.2094
7808.6000 0.2095
7820.0000 0.2097
7854.8000 0.2099
7855.2000 0.2101
7878.3000 0.2102
7900.5000 0.2104
7918.5000 0.2106
7927.4000 0.2108
7939.4000 0.2109
7957.9000 0.2111
7964.5000 0.2113
8003.8000 0.2115
8013.8000 0.2116
8028.0000 0.2118
8062.4000 0.2120
8073.5000 0.2122
8077.3000 0.2123
8082.6000 0.2125
8090.2000 0.2127
8095.1000 0.2128
8103.8000 0.2130
8108.9000 0.2132
8139.6000 0.2134
8140.1000 0.2135
8147.3000 0.2137
8166.7000 0.2139
8171.3000 0.2141
8172.6000 0.2142
8191.6000 0.2144
8201.7000 0.2146
8206.8000 0.2148
8238.1000 0.2149
8246.9000 0.2151
8275.3000 0.2153
8282.0000 0.2155
8284.3000 0.2156
8344.9000 0.2158
8346.7000 0.2160
8352.5000 0.2161
8377.3000 0.2163
8378.7000 0.2165
8381.8000 0.2167
8390.7000 0.2168
8409.8000 0.2170
8411.6000 0.2172
8418.6000 0.2174
8423.2000 0.2175
8424.3000 0.2177
8431.5000 0.2179
8443.6000 0.2181
8447.2000 0.2182
8462.8000 0.2184
8477.5000 0.2186
8484.6000 0.2187
8496.6000 0.2189
8508.0000 0.2191
8510.4000 0.2193
8522.7000 0.2194
8538.0000 0.2196
8557.7000 0.2198
8578.7000 0.2200
8581.4000 0.2201
8593.0000 0.2203
8608.8000 0.2205
8646.4000 0.2207
8650.3000 0.2208
8659.6000 0.2210
8669.5000 0.2212
8676.7000 0.2214
8684.8000 0.2215
8716.1000 0.2217
8723.9000 0.2219
8749.5000 0.2220
8749.8000 0.2222
8750.2000 0.2224
8753.0000 0.2226
8781.0000 0.2227
8792.9000 0.2229
8818.1000 0.2231
8855.3000 0.2233
8870.3000 0.2234
8883.0000 0.2236
8883.1000 0.2238
8883.4000 0.2240
8886.1000 0.2241
8897.1000 0.2243
8901.9000 0.2245
8923.1000 0.2247
8928.1000 0.2248
8928.3000 0.2250
8957.0000 0.2252
8970.0000 0.2253
8981.6000 0.2255
8994.6000 0.2257
9048.0000 0.2259
9076.9000 0.2260
9110.8000 0.2262
9127.9000 0.2264
9131.7000 0.2266
9142.6000 0.2267
9148.1000 0.2269
9154.7000 0.2271
9178.9000 0.2273
9219.3000 0.2274
9236.5000 0.2276
9239.7000 0.2278
9251.3000 0.2280
9255.3000 0.2281
9260.0000 0.2283
9260.6000 0.2285
9262.7000 0.2286
9270.7000 0.2288
9296.7000 0.2290
9309.5000 0.2292
9320.1000 0.2293
9369.1000 0.2295
9370.8000 0.2297
9446.6000 0.2299
9453.0000 0.2300
9517.4000 0.2302
9521.4000 0.2304
9536.4000 0.2306
9567.3000 0.2307
9611.3000 0.2309
9613.3000 0.2311
9643.1000 0.2312
9646.3000 0.2314
9709.8000 0.2316
9725.2000 0.2318
9742.6000 0.2319
9766.5000 0.2321
9779.3000 0.2323
9782.9000 0.2325
9798.2000 0.2326
9822.9000 0.2328
9837.1000 0.2330
9840.7000 0.2332
9848.6000 0.2333
9862.6000 0.2335
9890.2000 0.2337
9906.7000 0.2339
9908.8000 0.2340
9908.9000 0.2342
9947.6000 0.2344
9967.1000 0.2345
9982.1000 0.2347
10011.8000 0.2349
10022.6000 0.2351
10032.6000 0.2352
10041.9000 0.2354
10051.9000 0.2356
10062.1000 0.2358
10067.4000 0.2359
10083.1000 0.2361
10097.6000 0.2363
10131.2000 0.2365
10135.4000 0.2366
10164.5000 0.2368
10172.5000 0.2370
10184.9000 0.2372
10193.6000 0.2373
10199.9000 0.2375
10209.0000 0.2377
10217.9000 0.2378
10222.6000 0.2380
10231.7000 0.2382
10252.7000 0.2384
10253.0000 0.2385
10271.6000 0.2387
10307.4000 0.2389
10312.3000 0.2391
10331.3000 0.2392
10341.3000 0.2394
10344.9000 0.2396
10378.5000 0.2398
10380.8000 0.2399
10443.5000 0.2401
10459.8000 0.2403
10462.1000 0.2405
10479.7000 0.2406
10523.8000 0.2408
10546.9000 0.2410
10547.2000 0.2411
10556.1000 0.2413
10568.7000 0.2415
10576.7000 0.2417
10605.4000 0.2418
10623.5000 0.2420
10627.7000 0.2422
10634.2000 0.2424
10644.5000 0.2425
10646.9000 0.2427
10651.0000 0.2429
10660.9000 0.2431
10664.7000 0.2432
10667.4000 0.2434
10693.9000 0.2436
10695.1000 0.2437
10706.7000 0.2439
10755.4000 0.2441
10772.6000 0.2443
10778.8000 0.2444
10789.8000 0.2446
10841.1000 0.2448
10843.8000 0.2450
10848.0000 0.2451
10880.6000 0.2453
10895.7000 0.2455
10912.7000 0.2457
10916.7000 0.2458
10943.1000 0.2460
10943.1000 0.2462
10952.6000 0.2464
10955.1000 0.2465
10995.6000 0.2467
11016.1000 0.2469
11037.8000 0.2470
11063.5000 0.2472
11064.6000 0.2474
11066.7000 0.2476
11068.8000 0.2477
11077.8000 0.2479
11089.2000 0.2481
11095.2000 0.2483
11102.8000 0.2484
11132.7000 0.2486
11154.1000 0.2488
11154.2000 0.2490
11189.1000 0.2491
11213.0000 0.2493
11241.6000 0.2495
11288.3000 0.2497
11294.5000 0.2498
11300.8000 0.2500
11309.4000 0.2502
11312.5000 0.2503
11355.3000 0.2505
11356.6000 0.2507
11360.1000 0.2509
11389.4000 0.2510
11399.5000 0.2512
11407.7000 0.2514
11409.0000 0.2516
11416.6000 0.2517
11417.3000 0.2519
11426.4000 0.2521
11427.4000 0.2523
11432.5000 0.2524
11445.7000 0.2526
11447.1000 0.2528
11455.0000 0.2530
11471.2000 0.2531
11486.5000 0.2533
11502.4000 0.2535
11503.2000 0.2536
11513.0000 0.2538
11537.2000 0.2540
11570.3000 0.2542
11622.5000 0.2543
11627.2000 0.2545
11633.0000 0.2547
11653.2000 0.2549
11662.4000 0.2550
11726.5000 0.2552
11731.6000 0.2554
11757.9000 0.2556
11766.9000 0.2557
11792.8000 0.2559
11793.3000 0.2561
11806.2000 0.2563
11809.0000 0.2564
11828.2000 0.2566
11839.8000 0.2568
11845.2000 0.2569
11871.4000 0.2571
11882.1000 0.2573
11885.0000 0.2575
11887.9000 0.2576
11912.6000 0.2578
11921.7000 0.2580
11926.7000 0.2582
11927.3000 0.2583
11929.0000 0.2585
11937.6000 0.2587
11941.2000 0.2589
11941.4000 0.2590
11947.9000 0.2592
11966.5000 0.2594
11984.1000 0.2595
15575.0000 0.2597
