# messageDelay  cumulativeProbability
1.0000 0.0000
1.0000 0.0001
1.0000 0.0001
1.0000 0.0001
1.0000 0.0002
1.0000 0.0002
1.0000 0.0002
1.0000 0.0003
1.0000 0.0003
1.0000 0.0003
1.0000 0.0004
1.0000 0.0004
1.0000 0.0005
1.0000 0.0005
1.0000 0.0005
1.0000 0.0006
1.0000 0.0006
1.0000 0.0006
1.0000 0.0007
1.0000 0.0007
1.0000 0.0007
1.0000 0.0008
1.0000 0.0008
1.0000 0.0008
1.0000 0.0009
1.0000 0.0009
1.0000 0.0009
1.0000 0.0010
1.0000 0.0010
1.0000 0.0010
1.0000 0.0011
1.0000 0.0011
1.0000 0.0011
1.0000 0.0012
1.0000 0.0012
1.0000 0.0013
1.0000 0.0013
1.0000 0.0013
1.0000 0.0014
1.0000 0.0014
1.4000 0.0014
1.5000 0.0015
1.7000 0.0015
1.8000 0.0015
2.5000 0.0016
3.1000 0.0016
7.0000 0.0016
7.6000 0.0017
9.4000 0.0017
11.5000 0.0017
12.1000 0.0018
26.0000 0.0018
28.2000 0.0018
28.3000 0.0019
29.8000 0.0019
55.9000 0.0019
110.2000 0.0020
143.5000 0.0020
180.2000 0.0020
180.9000 0.0021
204.3000 0.0021
207.4000 0.0022
208.5000 0.0022
223.0000 0.0022
227.9000 0.0023
240.4000 0.0023
249.9000 0.0023
256.3000 0.0024
259.0000 0.0024
266.5000 0.0024
268.9000 0.0025
279.5000 0.0025
280.7000 0.0025
284.0000 0.0026
305.0000 0.0026
310.1000 0.0026
313.9000 0.0027
314.5000 0.0027
318.6000 0.0027
325.2000 0.0028
328.7000 0.0028
335.9000 0.0028
343.6000 0.0029
349.2000 0.0029
350.8000 0.0030
352.4000 0.0030
353.4000 0.0030
368.5000 0.0031
379.1000 0.0031
394.9000 0.0031
396.6000 0.0032
404.5000 0.0032
410.8000 0.0032
419.2000 0.0033
426.2000 0.0033
429.2000 0.0033
445.6000 0.0034
448.3000 0.0034
451.5000 0.0034
451.7000 0.0035
484.3000 0.0035
484.7000 0.0035
487.5000 0.0036
490.2000 0.0036
497.1000 0.0036
500.9000 0.0037
502.0000 0.0037
505.6000 0.0037
509.7000 0.0038
515.4000 0.0038
534.7000 0.0039
537.4000 0.0039
537.6000 0.0039
538.2000 0.0040
539.2000 0.0040
548.3000 0.0040
557.9000 0.0041
560.2000 0.0041
561.6000 0.0041
562.9000 0.0042
573.0000 0.0042
582.0000 0.0042
582.5000 0.0043
582.6000 0.0043
585.9000 0.0043
588.7000 0.0044
595.7000 0.0044
601.1000 0.0044
601.8000 0.0045
608.3000 0.0045
610.0000 0.0045
611.8000 0.0046
612.0000 0.0046
612.3000 0.0047
613.2000 0.0047
615.1000 0.0047
616.0000 0.0048
617.2000 0.0048
619.1000 0.0048
619.4000 0.0049
623.8000 0.0049
624.5000 0.0049
630.5000 0.0050
631.7000 0.0050
631.7000 0.0050
633.3000 0.0051
636.8000 0.0051
639.4000 0.0051
640.5000 0.0052
645.8000 0.0052
647.2000 0.0052
647.3000 0.0053
648.6000 0.0053
649.8000 0.0053
654.0000 0.0054
657.9000 0.0054
663.8000 0.0055
666.7000 0.0055
669.8000 0.0055
671.4000 0.0056
672.4000 0.0056
676.2000 0.0056
676.2000 0.0057
678.8000 0.0057
680.8000 0.0057
687.3000 0.0058
696.7000 0.0058
696.9000 0.0058
699.0000 0.0059
699.4000 0.0059
702.1000 0.0059
707.0000 0.0060
714.4000 0.0060
719.0000 0.0060
720.3000 0.0061
724.5000 0.0061
728.5000 0.0061
729.3000 0.0062
735.2000 0.0062
737.7000 0.0063
743.0000 0.0063
746.9000 0.0063
751.2000 0.0064
751.8000 0.0064
754.1000 0.0064
754.3000 0.0065
767.9000 0.0065
769.5000 0.0065
772.1000 0.0066
772.7000 0.0066
774.8000 0.0066
774.8000 0.0067
777.8000 0.0067
779.8000 0.0067
781.6000 0.0068
781.9000 0.0068
783.3000 0.0068
783.4000 0.0069
787.9000 0.0069
794.1000 0.0069
797.0000 0.0070
802.3000 0.0070
806.5000 0.0070
809.5000 0.0071
810.5000 0.0071
815.9000 0.0072
816.1000 0.0072
821.4000 0.0072
821.8000 0.0073
824.9000 0.0073
828.0000 0.0073
829.5000 0.0074
833.7000 0.0074
842.4000 0.0074
843.8000 0.0075
846.7000 0.0075
849.8000 0.0075
858.6000 0.0076
862.3000 0.0076
869.1000 0.0076
871.2000 0.0077
871.6000 0.0077
876.7000 0.0077
877.9000 0.0078
883.3000 0.0078
885.2000 0.0078
886.1000 0.0079
888.5000 0.0079
891.4000 0.0080
891.6000 0.0080
894.5000 0.0080
900.0000 0.0081
909.0000 0.0081
909.9000 0.0081
910.7000 0.0082
911.5000 0.0082
913.2000 0.0082
916.1000 0.0083
919.2000 0.0083
919.2000 0.0083
920.1000 0.0084
921.1000 0.0084
921.2000 0.0084
921.2000 0.0085
922.9000 0.0085
923.8000 0.0085
932.6000 0.0086
934.8000 0.0086
937.5000 0.0086
943.9000 0.0087
944.6000 0.0087
946.5000 0.0088
947.6000 0.0088
948.8000 0.0088
949.4000 0.0089
950.8000 0.0089
955.1000 0.0089
956.0000 0.0090
957.7000 0.0090
958.9000 0.0090
962.7000 0.0091
962.8000 0.0091
979.3000 0.0091
980.0000 0.0092
986.4000 0.0092
986.6000 0.0092
991.6000 0.0093
992.1000 0.0093
993.1000 0.0093
995.6000 0.0094
995.9000 0.0094
998.0000 0.0094
1002.5000 0.0095
1003.3000 0.0095
1004.4000 0.0095
1005.4000 0.0096
1005.5000 0.0096
1008.6000 0.0097
1009.0000 0.0097
1009.4000 0.0097
1009.6000 0.0098
1012.4000 0.0098
1017.8000 0.0098
1019.4000 0.0099
1024.4000 0.0099
1027.1000 0.0099
1028.0000 0.0100
1028.8000 0.0100
1035.6000 0.0100
1041.6000 0.0101
1042.2000 0.0101
1042.6000 0.0101
1043.6000 0.0102
1044.6000 0.0102
1045.3000 0.0102
1048.6000 0.0103
1049.9000 0.0103
1050.7000 0.0103
1051.6000 0.0104
1054.1000 0.0104
1054.2000 0.0105
1058.2000 0.0105
1059.4000 0.0105
1062.8000 0.0106
1063.0000 0.0106
1064.1000 0.0106
1075.2000 0.0107
1076.6000 0.0107
1076.9000 0.0107
1077.9000 0.0108
1079.5000 0.0108
1080.0000 0.0108
1080.6000 0.0109
1080.8000 0.0109
1084.5000 0.0109
1086.4000 0.0110
1088.5000 0.0110
1093.0000 0.0110
1095.6000 0.0111
1099.4000 0.0111
1100.6000 0.0111
1103.2000 0.0112
1105.1000 0.0112
1108.5000 0.0113
1109.4000 0.0113
1112.4000 0.0113
1116.9000 0.0114
1123.4000 0.0114
1124.2000 0.0114
1124.8000 0.0115
1128.4000 0.0115
1130.4000 0.0115
1130.7000 0.0116
1131.0000 0.0116
1132.3000 0.0116
1133.7000 0.0117
1133.7000 0.0117
1141.2000 0.0117
1141.8000 0.0118
1143.5000 0.0118
1144.6000 0.0118
1147.8000 0.0119
1147.8000 0.0119
1153.2000 0.0119
1158.3000 0.0120
1158.9000 0.0120
1162.3000 0.0120
1163.3000 0.0121
1166.4000 0.0121
1170.6000 0.0122
1171.9000 0.0122
1174.3000 0.0122
1175.8000 0.0123
1178.4000 0.0123
1182.4000 0.0123
1183.0000 0.0124
1183.1000 0.0124
1187.3000 0.0124
1188.1000 0.0125
1188.2000 0.0125
1190.7000 0.0125
1191.1000 0.0126
1192.5000 0.0126
1195.2000 0.0126
1195.5000 0.0127
1196.0000 0.0127
1200.6000 0.0127
1202.3000 0.0128
1208.3000 0.0128
1208.8000 0.0128
1209.0000 0.0129
1210.5000 0.0129
1210.7000 0.0130
1213.1000 0.0130
1222.2000 0.0130
1222.9000 0.0131
1225.7000 0.0131
1230.4000 0.0131
1230.8000 0.0132
1231.5000 0.0132
1234.6000 0.0132
1235.0000 0.0133
1237.5000 0.0133
1238.4000 0.0133
1239.3000 0.0134
1246.5000 0.0134
1250.7000 0.0134
1253.2000 0.0135
1256.9000 0.0135
1258.1000 0.0135
1260.2000 0.0136
1261.3000 0.0136
1267.9000 0.0136
1268.1000 0.0137
1268.7000 0.0137
1268.8000 0.0138
1270.2000 0.0138
1272.2000 0.0138
1272.6000 0.0139
1279.5000 0.0139
1281.6000 0.0139
1289.5000 0.0140
1289.8000 0.0140
1290.7000 0.0140
1291.4000 0.0141
1295.6000 0.0141
1298.4000 0.0141
1300.3000 0.0142
1302.2000 0.0142
1303.7000 0.0142
1306.2000 0.0143
1309.3000 0.0143
1310.5000 0.0143
1312.7000 0.0144
1312.8000 0.0144
1313.2000 0.0144
1315.6000 0.0145
1315.9000 0.0145
1317.6000 0.0145
1318.5000 0.0146
1321.5000 0.0146
1325.0000 0.0147
1326.4000 0.0147
1326.8000 0.0147
1329.8000 0.0148
1331.6000 0.0148
1334.0000 0.0148
1335.0000 0.0149
1339.2000 0.0149
1341.2000 0.0149
1342.0000 0.0150
1342.2000 0.0150
1342.5000 0.0150
1345.3000 0.0151
1346.4000 0.0151
1347.6000 0.0151
1349.3000 0.0152
1350.9000 0.0152
1351.2000 0.0152
1352.3000 0.0153
1353.4000 0.0153
1354.3000 0.0153
1355.3000 0.0154
1355.6000 0.0154
1357.3000 0.0155
1358.6000 0.0155
1359.1000 0.0155
1359.9000 0.0156
1362.4000 0.0156
1371.2000 0.0156
1375.6000 0.0157
1381.6000 0.0157
1383.3000 0.0157
1385.2000 0.0158
1386.7000 0.0158
1389.4000 0.0158
1389.6000 0.0159
1390.7000 0.0159
1397.4000 0.0159
1400.4000 0.0160
1408.0000 0.0160
1414.6000 0.0160
1417.1000 0.0161
1417.8000 0.0161
1418.6000 0.0161
1422.1000 0.0162
1422.2000 0.0162
1426.5000 0.0163
1427.0000 0.0163
1428.7000 0.0163
1431.0000 0.0164
1431.2000 0.0164
1431.7000 0.0164
1433.5000 0.0165
1433.7000 0.0165
1435.4000 0.0165
1440.3000 0.0166
1440.5000 0.0166
1441.0000 0.0166
1441.5000 0.0167
1443.0000 0.0167
1443.9000 0.0167
1449.8000 0.0168
1450.1000 0.0168
1452.5000 0.0168
1455.5000 0.0169
1457.8000 0.0169
1458.5000 0.0169
1459.0000 0.0170
1460.3000 0.0170
1463.3000 0.0170
1466.3000 0.0171
1468.6000 0.0171
1469.4000 0.0172
1470.5000 0.0172
1471.0000 0.0172
1474.5000 0.0173
1475.6000 0.0173
1475.7000 0.0173
1476.4000 0.0174
1476.9000 0.0174
1477.9000 0.0174
1478.2000 0.0175
1478.7000 0.0175
1483.1000 0.0175
1490.5000 0.0176
1492.7000 0.0176
1493.3000 0.0176
1495.3000 0.0177
1496.8000 0.0177
1497.7000 0.0177
1498.8000 0.0178
1499.0000 0.0178
1502.0000 0.0178
1509.5000 0.0179
1512.0000 0.0179
1512.6000 0.0180
1515.8000 0.0180
1519.7000 0.0180
1520.5000 0.0181
1520.6000 0.0181
1521.7000 0.0181
1522.4000 0.0182
1523.2000 0.0182
1524.7000 0.0182
1526.1000 0.0183
1528.7000 0.0183
1529.6000 0.0183
1534.2000 0.0184
1539.2000 0.0184
1541.0000 0.0184
1541.9000 0.0185
1541.9000 0.0185
1542.3000 0.0185
1543.2000 0.0186
1544.4000 0.0186
1545.5000 0.0186
1547.3000 0.0187
1548.6000 0.0187
1549.2000 0.0187
1550.4000 0.0188
1556.9000 0.0188
1557.1000 0.0189
1557.6000 0.0189
1558.0000 0.0189
1559.1000 0.0190
1560.0000 0.0190
1560.9000 0.0190
1561.2000 0.0191
1561.8000 0.0191
1562.6000 0.0191
1567.4000 0.0192
1567.5000 0.0192
1567.6000 0.0192
1568.0000 0.0193
1568.5000 0.0193
1570.3000 0.0193
1570.3000 0.0194
1570.5000 0.0194
1571.7000 0.0194
1572.6000 0.0195
1572.8000 0.0195
1575.4000 0.0195
1576.5000 0.0196
1577.7000 0.0196
1581.5000 0.0197
1581.7000 0.0197
1583.6000 0.0197
1583.9000 0.0198
1586.5000 0.0198
1589.2000 0.0198
1592.2000 0.0199
1592.3000 0.0199
1593.1000 0.0199
1593.6000 0.0200
1597.2000 0.0200
1599.7000 0.0200
1603.7000 0.0201
1609.0000 0.0201
1611.9000 0.0201
1613.5000 0.0202
1614.5000 0.0202
1615.2000 0.0202
1616.3000 0.0203
1616.8000 0.0203
1617.0000 0.0203
1620.2000 0.0204
1621.7000 0.0204
1623.0000 0.0205
1623.2000 0.0205
1626.1000 0.0205
1629.4000 0.0206
1630.2000 0.0206
1632.1000 0.0206
1635.6000 0.0207
1638.0000 0.0207
1638.0000 0.0207
1638.5000 0.0208
1638.8000 0.0208
1645.2000 0.0208
1647.5000 0.0209
1650.7000 0.0209
1651.1000 0.0209
1652.2000 0.0210
1653.3000 0.0210
1654.6000 0.0210
1654.9000 0.0211
1655.2000 0.0211
1655.6000 0.0211
1655.9000 0.0212
1656.1000 0.0212
1658.8000 0.0212
1663.6000 0.0213
1666.3000 0.0213
1670.6000 0.0214
1671.9000 0.0214
1675.5000 0.0214
1678.9000 0.0215
1680.3000 0.0215
1681.3000 0.0215
1685.3000 0.0216
1687.6000 0.0216
1689.0000 0.0216
1691.7000 0.0217
1691.9000 0.0217
1692.0000 0.0217
1693.4000 0.0218
1693.7000 0.0218
1694.0000 0.0218
1695.2000 0.0219
1696.3000 0.0219
1696.7000 0.0219
1698.0000 0.0220
1701.6000 0.0220
1702.6000 0.0220
1704.0000 0.0221
1706.2000 0.0221
1707.2000 0.0222
1709.4000 0.0222
1714.0000 0.0222
1715.5000 0.0223
1716.6000 0.0223
1720.7000 0.0223
1721.5000 0.0224
1722.6000 0.0224
1724.6000 0.0224
1725.9000 0.0225
1726.1000 0.0225
1729.4000 0.0225
1729.9000 0.0226
1731.5000 0.0226
1732.5000 0.0226
1734.6000 0.0227
1735.3000 0.0227
1739.1000 0.0227
1741.4000 0.0228
1742.3000 0.0228
1749.2000 0.0228
1751.2000 0.0229
1757.0000 0.0229
1759.9000 0.0230
1761.0000 0.0230
1762.7000 0.0230
1764.8000 0.0231
1768.7000 0.0231
1774.3000 0.0231
1776.9000 0.0232
1782.5000 0.0232
1784.8000 0.0232
1785.8000 0.0233
1789.3000 0.0233
1790.4000 0.0233
1791.2000 0.0234
1792.3000 0.0234
1794.4000 0.0234
1794.8000 0.0235
1796.2000 0.0235
1797.3000 0.0235
1800.6000 0.0236
1803.6000 0.0236
1808.8000 0.0236
1809.1000 0.0237
1812.8000 0.0237
1813.5000 0.0237
1816.4000 0.0238
1817.5000 0.0238
1818.4000 0.0239
1818.8000 0.0239
1819.5000 0.0239
1826.2000 0.0240
1827.8000 0.0240
1828.9000 0.0240
1829.0000 0.0241
1830.6000 0.0241
1837.2000 0.0241
1838.9000 0.0242
1842.5000 0.0242
1846.7000 0.0242
1850.8000 0.0243
1851.0000 0.0243
1856.2000 0.0243
1857.2000 0.0244
1858.4000 0.0244
1859.5000 0.0244
1860.6000 0.0245
1865.8000 0.0245
1869.5000 0.0245
1869.6000 0.0246
1871.4000 0.0246
1878.6000 0.0247
1880.0000 0.0247
1882.0000 0.0247
1886.1000 0.0248
1887.4000 0.0248
1892.8000 0.0248
1895.4000 0.0249
1897.2000 0.0249
1898.0000 0.0249
1898.1000 0.0250
1898.5000 0.0250
1898.9000 0.0250
1899.0000 0.0251
1902.8000 0.0251
1903.6000 0.0251
1903.8000 0.0252
1905.3000 0.0252
1911.6000 0.0252
1912.6000 0.0253
1912.8000 0.0253
1913.3000 0.0253
1913.7000 0.0254
1914.3000 0.0254
1916.1000 0.0255
1919.2000 0.0255
1926.3000 0.0255
1932.8000 0.0256
1935.2000 0.0256
1937.6000 0.0256
1940.1000 0.0257
1944.6000 0.0257
1948.7000 0.0257
1950.6000 0.0258
1954.4000 0.0258
1954.5000 0.0258
1954.7000 0.0259
1955.6000 0.0259
1956.3000 0.0259
1956.7000 0.0260
1958.4000 0.0260
1958.7000 0.0260
1959.2000 0.0261
1970.3000 0.0261
1970.3000 0.0261
1975.2000 0.0262
1977.1000 0.0262
1977.2000 0.0262
1979.4000 0.0263
1980.6000 0.0263
1980.8000 0.0264
1981.4000 0.0264
1982.3000 0.0264
1987.7000 0.0265
1989.0000 0.0265
1990.1000 0.0265
1993.7000 0.0266
1997.6000 0.0266
1999.6000 0.0266
2002.8000 0.0267
2003.8000 0.0267
2003.9000 0.0267
2006.3000 0.0268
2007.2000 0.0268
2009.8000 0.0268
2010.5000 0.0269
2011.2000 0.0269
2011.7000 0.0269
2013.7000 0.0270
2015.1000 0.0270
2015.1000 0.0270
2016.9000 0.0271
2017.2000 0.0271
2022.6000 0.0272
2024.2000 0.0272
2028.3000 0.0272
2028.9000 0.0273
2029.8000 0.0273
2033.8000 0.0273
2035.5000 0.0274
2037.6000 0.0274
2040.8000 0.0274
2040.9000 0.0275
2042.0000 0.0275
2043.9000 0.0275
2048.1000 0.0276
2050.0000 0.0276
2051.0000 0.0276
2051.4000 0.0277
2053.6000 0.0277
2054.1000 0.0277
2054.4000 0.0278
2055.8000 0.0278
2056.2000 0.0278
2056.8000 0.0279
2058.0000 0.0279
2059.5000 0.0280
2059.6000 0.0280
2063.0000 0.0280
2063.6000 0.0281
2066.2000 0.0281
2067.9000 0.0281
2070.6000 0.0282
2072.5000 0.0282
2072.7000 0.0282
2073.7000 0.0283
2077.2000 0.0283
2079.5000 0.0283
2080.1000 0.0284
2080.2000 0.0284
2080.5000 0.0284
2084.0000 0.0285
2090.1000 0.0285
2092.5000 0.0285
2094.7000 0.0286
2099.5000 0.0286
2100.6000 0.0286
2106.9000 0.0287
2107.1000 0.0287
2112.2000 0.0287
2120.3000 0.0288
2122.9000 0.0288
2123.4000 0.0289
2127.3000 0.0289
2131.3000 0.0289
2132.1000 0.0290
2134.7000 0.0290
2138.5000 0.0290
2142.9000 0.0291
2143.2000 0.0291
2147.5000 0.0291
2147.7000 0.0292
2149.1000 0.0292
2149.9000 0.0292
2151.8000 0.0293
2160.5000 0.0293
2161.5000 0.0293
2166.0000 0.0294
2166.4000 0.0294
2167.7000 0.0294
2172.3000 0.0295
2173.8000 0.0295
2175.2000 0.0295
2176.4000 0.0296
2178.3000 0.0296
2178.8000 0.0297
2180.8000 0.0297
2187.4000 0.0297
2196.7000 0.0298
2197.2000 0.0298
2199.3000 0.0298
2199.5000 0.0299
2200.4000 0.0299
2203.1000 0.0299
2203.3000 0.0300
2205.3000 0.0300
2205.6000 0.0300
2205.7000 0.0301
2206.0000 0.0301
2206.2000 0.0301
2208.5000 0.0302
2209.7000 0.0302
2210.3000 0.0302
2210.9000 0.0303
2211.7000 0.0303
2218.8000 0.0303
2220.4000 0.0304
2226.8000 0.0304
2230.7000 0.0305
2233.1000 0.0305
2233.2000 0.0305
2234.3000 0.0306
2234.9000 0.0306
2236.4000 0.0306
2236.7000 0.0307
2238.5000 0.0307
2240.0000 0.0307
2241.1000 0.0308
2242.3000 0.0308
2252.0000 0.0308
2254.0000 0.0309
2256.4000 0.0309
2259.0000 0.0309
2260.1000 0.0310
2266.4000 0.0310
2268.4000 0.0310
2270.7000 0.0311
2271.9000 0.0311
2277.0000 0.0311
2277.6000 0.0312
2278.6000 0.0312
2278.7000 0.0312
2279.9000 0.0313
2280.5000 0.0313
2282.4000 0.0314
2282.6000 0.0314
2283.7000 0.0314
2284.8000 0.0315
2286.4000 0.0315
2289.1000 0.0315
2290.5000 0.0316
2290.9000 0.0316
2293.5000 0.0316
2294.2000 0.0317
2295.3000 0.0317
2295.7000 0.0317
2296.0000 0.0318
2297.3000 0.0318
2298.0000 0.0318
2298.5000 0.0319
2301.0000 0.0319
2303.3000 0.0319
2311.1000 0.0320
2312.1000 0.0320
2322.3000 0.0320
2322.5000 0.0321
2327.2000 0.0321
2328.4000 0.0322
2328.5000 0.0322
2329.1000 0.0322
2330.3000 0.0323
2332.6000 0.0323
2333.2000 0.0323
2333.8000 0.0324
2335.9000 0.0324
2336.7000 0.0324
2339.6000 0.0325
2340.3000 0.0325
2343.2000 0.0325
2345.9000 0.0326
2347.8000 0.0326
2350.5000 0.0326
2351.7000 0.0327
2351.8000 0.0327
2352.9000 0.0327
2362.1000 0.0328
2367.1000 0.0328
2367.5000 0.0328
2367.7000 0.0329
2370.3000 0.0329
2373.0000 0.0330
2375.1000 0.0330
2376.3000 0.0330
2377.5000 0.0331
2380.0000 0.0331
2380.5000 0.0331
2384.7000 0.0332
2385.2000 0.0332
2386.0000 0.0332
2386.0000 0.0333
2393.0000 0.0333
2393.5000 0.0333
2398.0000 0.0334
2399.2000 0.0334
2400.6000 0.0334
2406.8000 0.0335
2407.0000 0.0335
2411.6000 0.0335
2412.5000 0.0336
2414.8000 0.0336
2417.6000 0.0336
2420.1000 0.0337
2420.7000 0.0337
2421.3000 0.0337
2421.4000 0.0338
2422.8000 0.0338
2425.9000 0.0339
2426.6000 0.0339
2427.5000 0.0339
2427.9000 0.0340
2428.2000 0.0340
2428.3000 0.0340
2430.5000 0.0341
2430.8000 0.0341
2437.1000 0.0341
2438.3000 0.0342
2443.7000 0.0342
2445.3000 0.0342
2446.3000 0.0343
2453.6000 0.0343
2456.8000 0.0343
2458.1000 0.0344
2462.0000 0.0344
2463.7000 0.0344
2465.3000 0.0345
2466.1000 0.0345
2467.5000 0.0345
2469.1000 0.0346
2474.4000 0.0346
2475.6000 0.0347
2477.0000 0.0347
2479.3000 0.0347
2480.1000 0.0348
2488.1000 0.0348
2488.7000 0.0348
2491.0000 0.0349
2492.3000 0.0349
2493.9000 0.0349
2494.4000 0.0350
2496.4000 0.0350
2497.2000 0.0350
2498.8000 0.0351
2499.3000 0.0351
2507.7000 0.0351
2512.4000 0.0352
2515.7000 0.0352
2518.8000 0.0352
2521.2000 0.0353
2524.7000 0.0353
2524.9000 0.0353
2525.1000 0.0354
2526.9000 0.0354
2530.9000 0.0355
2532.1000 0.0355
2535.7000 0.0355
2540.2000 0.0356
2541.5000 0.0356
2542.1000 0.0356
2544.6000 0.0357
2545.6000 0.0357
2545.7000 0.0357
2547.6000 0.0358
2548.6000 0.0358
2551.8000 0.0358
2557.0000 0.0359
2557.5000 0.0359
2559.4000 0.0359
2560.6000 0.0360
2561.7000 0.0360
2562.4000 0.0360
2563.0000 0.0361
2565.2000 0.0361
2566.6000 0.0361
2568.6000 0.0362
2576.2000 0.0362
2578.2000 0.0362
2578.5000 0.0363
2579.7000 0.0363
2581.0000 0.0364
2583.5000 0.0364
2584.4000 0.0364
2584.9000 0.0365
2588.4000 0.0365
2595.3000 0.0365
2597.5000 0.0366
2601.2000 0.0366
2603.5000 0.0366
2609.5000 0.0367
2611.5000 0.0367
2611.7000 0.0367
2612.3000 0.0368
2613.4000 0.0368
2615.7000 0.0368
2616.7000 0.0369
2619.1000 0.0369
2624.2000 0.0369
2624.7000 0.0370
2625.7000 0.0370
2627.0000 0.0370
2628.9000 0.0371
2637.6000 0.0371
2638.7000 0.0372
2640.6000 0.0372
2643.3000 0.0372
2645.0000 0.0373
2654.8000 0.0373
2655.3000 0.0373
2655.7000 0.0374
2656.0000 0.0374
2659.5000 0.0374
2660.3000 0.0375
2667.3000 0.0375
2670.2000 0.0375
2674.5000 0.0376
2675.8000 0.0376
2678.3000 0.0376
2679.4000 0.0377
2679.5000 0.0377
2679.9000 0.0377
2680.7000 0.0378
2680.8000 0.0378
2681.4000 0.0378
2683.2000 0.0379
2685.0000 0.0379
2685.0000 0.0380
2686.2000 0.0380
2687.9000 0.0380
2689.6000 0.0381
2692.8000 0.0381
2698.0000 0.0381
2699.2000 0.0382
2703.4000 0.0382
2703.4000 0.0382
2705.6000 0.0383
2705.9000 0.0383
2709.0000 0.0383
2710.1000 0.0384
2712.9000 0.0384
2715.3000 0.0384
2717.6000 0.0385
2719.6000 0.0385
2722.7000 0.0385
2729.6000 0.0386
2734.9000 0.0386
2736.8000 0.0386
2737.6000 0.0387
2742.4000 0.0387
2743.4000 0.0387
2746.5000 0.0388
2747.2000 0.0388
2750.6000 0.0389
2751.7000 0.0389
2754.7000 0.0389
2757.9000 0.0390
2758.5000 0.0390
2759.5000 0.0390
2759.9000 0.0391
2764.4000 0.0391
2768.1000 0.0391
2780.5000 0.0392
2782.2000 0.0392
2785.3000 0.0392
2788.3000 0.0393
2794.7000 0.0393
2797.3000 0.0393
2802.7000 0.0394
2806.4000 0.0394
2806.5000 0.0394
2807.2000 0.0395
2811.2000 0.0395
2814.2000 0.0395
2816.2000 0.0396
2817.7000 0.0396
2817.8000 0.0397
2819.0000 0.0397
2819.6000 0.0397
2820.4000 0.0398
2820.5000 0.0398
2820.7000 0.0398
2822.5000 0.0399
2823.1000 0.0399
2826.5000 0.0399
2832.4000 0.0400
2833.5000 0.0400
2833.8000 0.0400
2834.4000 0.0401
2839.6000 0.0401
2840.2000 0.0401
2842.5000 0.0402
2846.8000 0.0402
2848.3000 0.0402
2848.7000 0.0403
2852.3000 0.0403
2859.0000 0.0403
2864.1000 0.0404
2879.4000 0.0404
2880.3000 0.0405
2880.7000 0.0405
2883.3000 0.0405
2893.5000 0.0406
2899.6000 0.0406
2902.1000 0.0406
2903.3000 0.0407
2909.2000 0.0407
2910.8000 0.0407
2917.3000 0.0408
2920.6000 0.0408
2922.4000 0.0408
2923.4000 0.0409
2927.5000 0.0409
2931.7000 0.0409
2932.9000 0.0410
2937.9000 0.0410
2938.4000 0.0410
2942.9000 0.0411
2943.5000 0.0411
2946.2000 0.0411
2946.9000 0.0412
2947.3000 0.0412
2950.0000 0.0412
2959.9000 0.0413
2961.8000 0.0413
2968.3000 0.0414
2968.9000 0.0414
2970.0000 0.0414
2970.5000 0.0415
2972.3000 0.0415
2975.4000 0.0415
2978.0000 0.0416
2978.1000 0.0416
2983.4000 0.0416
2989.3000 0.0417
2991.6000 0.0417
2996.3000 0.0417
3000.4000 0.0418
3000.5000 0.0418
3002.2000 0.0418
3002.6000 0.0419
3003.3000 0.0419
3003.6000 0.0419
3003.7000 0.0420
3004.4000 0.0420
3005.5000 0.0420
3013.7000 0.0421
3015.3000 0.0421
3016.5000 0.0422
3021.3000 0.0422
3022.2000 0.0422
3025.2000 0.0423
3025.5000 0.0423
3028.4000 0.0423
3029.4000 0.0424
3032.2000 0.0424
3036.3000 0.0424
3038.0000 0.0425
3039.9000 0.0425
3043.3000 0.0425
3045.8000 0.0426
3049.4000 0.0426
3051.4000 0.0426
3051.9000 0.0427
3052.6000 0.0427
3053.9000 0.0427
3058.0000 0.0428
3063.9000 0.0428
3064.9000 0.0428
3065.3000 0.0429
3069.8000 0.0429
3076.5000 0.0430
3079.2000 0.0430
3081.6000 0.0430
3085.0000 0.0431
3087.0000 0.0431
3095.4000 0.0431
3096.5000 0.0432
3098.1000 0.0432
3098.2000 0.0432
3098.7000 0.0433
3098.7000 0.0433
3103.2000 0.0433
3103.7000 0.0434
3104.9000 0.0434
3106.4000 0.0434
3109.7000 0.0435
3112.6000 0.0435
3114.1000 0.0435
3114.5000 0.0436
3116.1000 0.0436
3117.8000 0.0436
3120.4000 0.0437
3122.6000 0.0437
3127.8000 0.0437
3128.0000 0.0438
3129.9000 0.0438
3130.1000 0.0439
3131.2000 0.0439
3131.6000 0.0439
3131.6000 0.0440
3133.6000 0.0440
3139.9000 0.0440
3140.4000 0.0441
3143.0000 0.0441
3144.0000 0.0441
3144.2000 0.0442
3160.9000 0.0442
3168.0000 0.0442
3169.7000 0.0443
3174.5000 0.0443
3174.9000 0.0443
3180.6000 0.0444
3181.3000 0.0444
3183.3000 0.0444
3186.7000 0.0445
3188.2000 0.0445
3192.8000 0.0445
3194.3000 0.0446
3195.9000 0.0446
3204.5000 0.0447
3204.7000 0.0447
3204.8000 0.0447
3207.3000 0.0448
3212.2000 0.0448
3216.4000 0.0448
3216.8000 0.0449
3217.9000 0.0449
3218.7000 0.0449
3223.9000 0.0450
3232.5000 0.0450
3238.0000 0.0450
3242.4000 0.0451
3247.5000 0.0451
3250.7000 0.0451
3251.1000 0.0452
3251.6000 0.0452
3258.3000 0.0452
3259.8000 0.0453
3264.6000 0.0453
3264.9000 0.0453
3272.1000 0.0454
3273.0000 0.0454
3276.3000 0.0455
3279.2000 0.0455
3279.9000 0.0455
3281.0000 0.0456
3281.6000 0.0456
3282.3000 0.0456
3283.5000 0.0457
3285.4000 0.0457
3287.8000 0.0457
3291.1000 0.0458
3295.3000 0.0458
3300.5000 0.0458
3302.1000 0.0459
3308.2000 0.0459
3312.3000 0.0459
3318.8000 0.0460
3326.5000 0.0460
3328.8000 0.0460
3330.2000 0.0461
3333.4000 0.0461
3335.1000 0.0461
3336.2000 0.0462
3338.0000 0.0462
3338.5000 0.0462
3339.7000 0.0463
3343.3000 0.0463
3347.3000 0.0464
3352.5000 0.0464
3356.4000 0.0464
3357.2000 0.0465
3357.2000 0.0465
3360.5000 0.0465
3365.4000 0.0466
3366.5000 0.0466
3369.3000 0.0466
3371.5000 0.0467
3372.5000 0.0467
3372.8000 0.0467
3374.0000 0.0468
3374.3000 0.0468
3375.4000 0.0468
3389.4000 0.0469
3390.5000 0.0469
3399.4000 0.0469
3403.3000 0.0470
3403.7000 0.0470
3405.9000 0.0470
3406.5000 0.0471
3408.7000 0.0471
3410.7000 0.0472
3411.2000 0.0472
3411.3000 0.0472
3413.0000 0.0473
3413.5000 0.0473
3414.3000 0.0473
3414.6000 0.0474
3415.5000 0.0474
3416.9000 0.0474
3417.2000 0.0475
3417.6000 0.0475
3420.6000 0.0475
3421.1000 0.0476
3422.4000 0.0476
3425.3000 0.0476
3432.2000 0.0477
3435.7000 0.0477
3437.3000 0.0477
3446.6000 0.0478
3452.6000 0.0478
3458.0000 0.0478
3458.0000 0.0479
3460.5000 0.0479
3465.6000 0.0480
3466.4000 0.0480
3468.8000 0.0480
3472.8000 0.0481
3474.5000 0.0481
3474.9000 0.0481
3481.7000 0.0482
3485.2000 0.0482
3485.4000 0.0482
3486.7000 0.0483
3488.9000 0.0483
3490.0000 0.0483
3490.0000 0.0484
3494.3000 0.0484
3500.8000 0.0484
3502.9000 0.0485
3504.6000 0.0485
3504.8000 0.0485
3505.2000 0.0486
3508.6000 0.0486
3514.9000 0.0486
3515.2000 0.0487
3516.1000 0.0487
3526.5000 0.0487
3530.9000 0.0488
3532.1000 0.0488
3535.1000 0.0489
3535.2000 0.0489
3544.0000 0.0489
3546.4000 0.0490
3550.5000 0.0490
3551.3000 0.0490
3551.7000 0.0491
3552.4000 0.0491
3559.7000 0.0491
3562.4000 0.0492
3564.2000 0.0492
3568.8000 0.0492
3570.0000 0.0493
3573.3000 0.0493
3573.3000 0.0493
3576.2000 0.0494
3576.8000 0.0494
3583.7000 0.0494
3590.4000 0.0495
3595.5000 0.0495
3602.6000 0.0495
3605.4000 0.0496
3607.9000 0.0496
3613.2000 0.0497
3613.2000 0.0497
3614.8000 0.0497
3620.5000 0.0498
3622.7000 0.0498
3624.3000 0.0498
3634.9000 0.0499
3636.0000 0.0499
3636.3000 0.0499
3640.7000 0.0500
3644.2000 0.0500
3645.1000 0.0500
3647.6000 0.0501
3648.9000 0.0501
3650.7000 0.0501
3650.7000 0.0502
3651.1000 0.0502
3651.2000 0.0502
3651.5000 0.0503
3652.3000 0.0503
3656.9000 0.0503
3659.7000 0.0504
3659.7000 0.0504
3659.8000 0.0505
3661.1000 0.0505
3661.5000 0.0505
3662.1000 0.0506
3664.9000 0.0506
3666.3000 0.0506
3667.1000 0.0507
3669.5000 0.0507
3672.8000 0.0507
3677.9000 0.0508
3679.6000 0.0508
3680.9000 0.0508
3685.4000 0.0509
3687.7000 0.0509
3697.9000 0.0509
3699.3000 0.0510
3699.4000 0.0510
3703.0000 0.0510
3703.5000 0.0511
3706.3000 0.0511
3709.1000 0.0511
3711.1000 0.0512
3713.1000 0.0512
3719.4000 0.0512
3722.9000 0.0513
3725.0000 0.0513
3725.5000 0.0514
3731.5000 0.0514
3735.2000 0.0514
3736.6000 0.0515
3736.9000 0.0515
3741.1000 0.0515
3742.6000 0.0516
3742.8000 0.0516
3746.9000 0.0516
3747.7000 0.0517
3748.2000 0.0517
3749.7000 0.0517
3751.8000 0.0518
3752.4000 0.0518
3753.0000 0.0518
3756.9000 0.0519
3760.4000 0.0519
3771.7000 0.0519
3774.2000 0.0520
3774.4000 0.0520
3778.9000 0.0520
3779.8000 0.0521
3781.0000 0.0521
3784.0000 0.0522
3786.8000 0.0522
3797.1000 0.0522
3798.7000 0.0523
3801.2000 0.0523
3805.1000 0.0523
3806.0000 0.0524
3806.2000 0.0524
3809.9000 0.0524
3810.5000 0.0525
3814.4000 0.0525
3815.4000 0.0525
3818.0000 0.0526
3819.4000 0.0526
3821.6000 0.0526
3821.6000 0.0527
3829.7000 0.0527
3830.8000 0.0527
3832.0000 0.0528
3832.4000 0.0528
3834.1000 0.0528
3841.6000 0.0529
3848.4000 0.0529
3850.4000 0.0530
3859.9000 0.0530
3861.7000 0.0530
3863.6000 0.0531
3866.5000 0.0531
3866.7000 0.0531
3866.9000 0.0532
3867.8000 0.0532
3872.3000 0.0532
3874.2000 0.0533
3876.4000 0.0533
3883.0000 0.0533
3893.0000 0.0534
3893.4000 0.0534
3894.0000 0.0534
3896.7000 0.0535
3899.9000 0.0535
3900.3000 0.0535
3920.6000 0.0536
3921.1000 0.0536
3926.4000 0.0536
3938.9000 0.0537
3939.1000 0.0537
3939.7000 0.0537
3943.1000 0.0538
3943.6000 0.0538
3947.1000 0.0539
3951.2000 0.0539
3951.3000 0.0539
3953.2000 0.0540
3953.5000 0.0540
3955.2000 0.0540
3955.7000 0.0541
3955.8000 0.0541
3958.7000 0.0541
3960.5000 0.0542
3962.4000 0.0542
3963.0000 0.0542
3968.3000 0.0543
3970.9000 0.0543
3972.4000 0.0543
3974.2000 0.0544
3975.3000 0.0544
3978.3000 0.0544
3981.1000 0.0545
3987.4000 0.0545
3989.8000 0.0545
4000.9000 0.0546
4003.5000 0.0546
4010.4000 0.0547
4011.5000 0.0547
4015.9000 0.0547
4017.0000 0.0548
4022.2000 0.0548
4024.3000 0.0548
4024.3000 0.0549
4024.6000 0.0549
4028.5000 0.0549
4029.3000 0.0550
4030.4000 0.0550
4041.4000 0.0550
4043.2000 0.0551
4044.4000 0.0551
4047.0000 0.0551
4048.8000 0.0552
4051.4000 0.0552
4053.3000 0.0552
4057.7000 0.0553
4069.7000 0.0553
4074.5000 0.0553
4074.5000 0.0554
4074.5000 0.0554
4074.8000 0.0555
4075.7000 0.0555
4078.0000 0.0555
4080.9000 0.0556
4090.9000 0.0556
4093.1000 0.0556
4094.1000 0.0557
4094.5000 0.0557
4095.2000 0.0557
4096.6000 0.0558
4097.4000 0.0558
4097.7000 0.0558
4106.7000 0.0559
4111.1000 0.0559
4114.3000 0.0559
4117.5000 0.0560
4122.7000 0.0560
4123.1000 0.0560
4127.6000 0.0561
4127.9000 0.0561
4128.6000 0.0561
4135.3000 0.0562
4138.3000 0.0562
4138.8000 0.0562
4141.4000 0.0563
4144.4000 0.0563
4144.9000 0.0564
4148.1000 0.0564
4150.2000 0.0564
4151.3000 0.0565
4152.3000 0.0565
4153.2000 0.0565
4159.4000 0.0566
4159.5000 0.0566
4161.7000 0.0566
4167.1000 0.0567
4167.9000 0.0567
4168.1000 0.0567
4173.6000 0.0568
4174.3000 0.0568
4180.1000 0.0568
4181.9000 0.0569
4189.8000 0.0569
4191.0000 0.0569
4193.0000 0.0570
4194.9000 0.0570
4195.1000 0.0570
4201.7000 0.0571
4202.9000 0.0571
4208.4000 0.0572
4208.7000 0.0572
4210.7000 0.0572
4211.4000 0.0573
4218.4000 0.0573
4222.1000 0.0573
4224.2000 0.0574
4230.6000 0.0574
4231.5000 0.0574
4231.6000 0.0575
4232.1000 0.0575
4234.7000 0.0575
4234.8000 0.0576
4237.6000 0.0576
4238.1000 0.0576
4242.2000 0.0577
4243.4000 0.0577
4245.5000 0.0577
4245.6000 0.0578
4247.5000 0.0578
4247.6000 0.0578
4248.8000 0.0579
4262.2000 0.0579
4264.6000 0.0580
4266.2000 0.0580
4266.7000 0.0580
4269.0000 0.0581
4277.1000 0.0581
4277.6000 0.0581
4280.7000 0.0582
4284.0000 0.0582
4285.4000 0.0582
4286.0000 0.0583
4293.1000 0.0583
4294.3000 0.0583
4294.3000 0.0584
4294.5000 0.0584
4298.5000 0.0584
4303.6000 0.0585
4304.5000 0.0585
4307.1000 0.0585
4307.5000 0.0586
4313.2000 0.0586
4315.9000 0.0586
4316.2000 0.0587
4318.1000 0.0587
4320.3000 0.0587
4321.6000 0.0588
4322.3000 0.0588
4323.6000 0.0589
4334.7000 0.0589
4340.7000 0.0589
4345.9000 0.0590
4347.0000 0.0590
4348.6000 0.0590
4349.8000 0.0591
4353.7000 0.0591
4354.8000 0.0591
4360.8000 0.0592
4361.0000 0.0592
4361.5000 0.0592
4365.8000 0.0593
4367.8000 0.0593
4370.9000 0.0593
4373.5000 0.0594
4374.6000 0.0594
4383.3000 0.0594
4383.9000 0.0595
4384.7000 0.0595
4384.8000 0.0595
4389.0000 0.0596
4390.3000 0.0596
4392.6000 0.0597
4394.4000 0.0597
4396.2000 0.0597
4396.5000 0.0598
4400.3000 0.0598
4404.0000 0.0598
4404.7000 0.0599
4410.2000 0.0599
4412.1000 0.0599
4414.2000 0.0600
4416.2000 0.0600
4417.3000 0.0600
4422.9000 0.0601
4429.8000 0.0601
4431.9000 0.0601
4432.7000 0.0602
4439.6000 0.0602
4454.0000 0.0602
4457.1000 0.0603
4457.4000 0.0603
4458.7000 0.0603
4459.1000 0.0604
4466.1000 0.0604
4469.2000 0.0605
4471.7000 0.0605
4474.3000 0.0605
4481.4000 0.0606
4481.8000 0.0606
4482.6000 0.0606
4483.0000 0.0607
4485.9000 0.0607
4491.3000 0.0607
4500.5000 0.0608
4506.4000 0.0608
4509.0000 0.0608
4510.0000 0.0609
4512.9000 0.0609
4519.1000 0.0609
4520.2000 0.0610
4522.8000 0.0610
4523.8000 0.0610
4526.7000 0.0611
4527.4000 0.0611
4527.6000 0.0611
4527.9000 0.0612
4532.2000 0.0612
4536.1000 0.0612
4541.6000 0.0613
4543.6000 0.0613
4545.6000 0.0614
4548.1000 0.0614
4552.3000 0.0614
4554.7000 0.0615
4556.7000 0.0615
4564.0000 0.0615
4569.3000 0.0616
4571.3000 0.0616
4572.8000 0.0616
4577.4000 0.0617
4577.4000 0.0617
4577.7000 0.0617
4580.2000 0.0618
4586.2000 0.0618
4587.0000 0.0618
4595.6000 0.0619
4597.0000 0.0619
4599.6000 0.0619
4601.2000 0.0620
4602.7000 0.0620
4616.8000 0.0620
4618.8000 0.0621
4621.6000 0.0621
4625.5000 0.0622
4627.7000 0.0622
4632.9000 0.0622
4639.6000 0.0623
4641.8000 0.0623
4645.6000 0.0623
4650.8000 0.0624
4654.3000 0.0624
4654.6000 0.0624
4659.1000 0.0625
4660.4000 0.0625
4666.0000 0.0625
4675.7000 0.0626
4681.7000 0.0626
4683.8000 0.0626
4687.3000 0.0627
4688.1000 0.0627
4691.7000 0.0627
4692.0000 0.0628
4692.8000 0.0628
4697.0000 0.0628
4698.9000 0.0629
4703.6000 0.0629
4703.6000 0.0630
4706.3000 0.0630
4706.7000 0.0630
4708.2000 0.0631
4713.5000 0.0631
4713.9000 0.0631
4714.1000 0.0632
4714.9000 0.0632
4715.4000 0.0632
4716.3000 0.0633
4719.7000 0.0633
4727.3000 0.0633
4728.9000 0.0634
4735.6000 0.0634
4736.4000 0.0634
4739.2000 0.0635
4739.9000 0.0635
4740.1000 0.0635
4740.5000 0.0636
4742.2000 0.0636
4746.7000 0.0636
4747.6000 0.0637
4749.2000 0.0637
4751.3000 0.0637
4752.3000 0.0638
4756.7000 0.0638
4764.4000 0.0639
4765.6000 0.0639
4771.3000 0.0639
4771.7000 0.0640
4775.5000 0.0640
4781.0000 0.0640
4784.0000 0.0641
4786.4000 0.0641
4792.8000 0.0641
4799.8000 0.0642
4800.3000 0.0642
4800.9000 0.0642
4814.2000 0.0643
4816.2000 0.0643
4816.9000 0.0643
4818.6000 0.0644
4822.7000 0.0644
4826.9000 0.0644
4827.3000 0.0645
4828.2000 0.0645
4829.8000 0.0645
4830.9000 0.0646
4834.3000 0.0646
4837.3000 0.0647
4837.7000 0.0647
4839.0000 0.0647
4839.5000 0.0648
4839.5000 0.0648
4842.4000 0.0648
4844.4000 0.0649
4846.7000 0.0649
4848.9000 0.0649
4850.8000 0.0650
4850.9000 0.0650
4853.9000 0.0650
4854.1000 0.0651
4854.7000 0.0651
4856.0000 0.0651
4857.1000 0.0652
4859.5000 0.0652
4860.7000 0.0652
4861.5000 0.0653
4865.9000 0.0653
4866.9000 0.0653
4870.3000 0.0654
4871.0000 0.0654
4875.9000 0.0655
4876.9000 0.0655
4877.5000 0.0655
4884.4000 0.0656
4887.4000 0.0656
4889.6000 0.0656
4895.3000 0.0657
4904.7000 0.0657
4912.5000 0.0657
4916.4000 0.0658
4918.1000 0.0658
4918.5000 0.0658
4919.6000 0.0659
4920.8000 0.0659
4925.7000 0.0659
4933.1000 0.0660
4935.2000 0.0660
4935.4000 0.0660
4941.7000 0.0661
4944.8000 0.0661
4945.8000 0.0661
4947.0000 0.0662
4951.4000 0.0662
4951.5000 0.0662
4952.8000 0.0663
4953.6000 0.0663
4962.8000 0.0664
4965.1000 0.0664
4965.6000 0.0664
4965.7000 0.0665
4965.9000 0.0665
4966.6000 0.0665
4966.8000 0.0666
4967.9000 0.0666
4971.0000 0.0666
4973.9000 0.0667
4978.5000 0.0667
4980.5000 0.0667
4982.8000 0.0668
4994.0000 0.0668
4996.6000 0.0668
4997.5000 0.0669
4998.6000 0.0669
4999.9000 0.0669
5000.7000 0.0670
5007.7000 0.0670
5020.5000 0.0670
5020.9000 0.0671
5021.3000 0.0671
5025.9000 0.0672
5026.5000 0.0672
5029.4000 0.0672
5031.7000 0.0673
5032.4000 0.0673
5034.1000 0.0673
5034.2000 0.0674
5034.5000 0.0674
5037.4000 0.0674
5041.9000 0.0675
5044.4000 0.0675
5045.3000 0.0675
5046.5000 0.0676
5049.6000 0.0676
5052.7000 0.0676
5061.0000 0.0677
5064.0000 0.0677
5065.4000 0.0677
5065.6000 0.0678
5066.3000 0.0678
5069.4000 0.0678
5070.1000 0.0679
5070.2000 0.0679
5072.4000 0.0680
5079.3000 0.0680
5079.4000 0.0680
5087.6000 0.0681
5088.5000 0.0681
5090.9000 0.0681
5092.5000 0.0682
5097.5000 0.0682
5097.7000 0.0682
5105.7000 0.0683
5106.7000 0.0683
5112.8000 0.0683
5113.6000 0.0684
5116.0000 0.0684
5116.4000 0.0684
5117.6000 0.0685
5123.8000 0.0685
5129.3000 0.0685
5129.7000 0.0686
5131.1000 0.0686
5133.9000 0.0686
5137.6000 0.0687
5137.6000 0.0687
5138.0000 0.0687
5144.9000 0.0688
5149.5000 0.0688
5150.4000 0.0689
5154.6000 0.0689
5155.4000 0.0689
5156.7000 0.0690
5160.7000 0.0690
5161.3000 0.0690
5162.1000 0.0691
5165.0000 0.0691
5165.4000 0.0691
5166.9000 0.0692
5173.8000 0.0692
5175.5000 0.0692
5175.6000 0.0693
5177.8000 0.0693
5178.7000 0.0693
5179.3000 0.0694
5182.2000 0.0694
5182.3000 0.0694
5186.2000 0.0695
5187.7000 0.0695
5194.9000 0.0695
5198.6000 0.0696
5199.6000 0.0696
5201.1000 0.0697
5203.6000 0.0697
5210.2000 0.0697
5214.8000 0.0698
5223.3000 0.0698
5225.2000 0.0698
5228.6000 0.0699
5230.2000 0.0699
5230.9000 0.0699
5231.7000 0.0700
5231.7000 0.0700
5234.2000 0.0700
5237.9000 0.0701
5238.4000 0.0701
5238.7000 0.0701
5242.8000 0.0702
5245.9000 0.0702
5247.1000 0.0702
5250.5000 0.0703
5253.2000 0.0703
5255.5000 0.0703
5265.1000 0.0704
5268.3000 0.0704
5269.5000 0.0705
5273.2000 0.0705
5275.6000 0.0705
5277.8000 0.0706
5287.7000 0.0706
5298.3000 0.0706
5301.5000 0.0707
5302.1000 0.0707
5302.1000 0.0707
5302.3000 0.0708
5303.5000 0.0708
5303.7000 0.0708
5304.8000 0.0709
5307.8000 0.0709
5308.2000 0.0709
5308.5000 0.0710
5309.1000 0.0710
5313.4000 0.0710
5315.2000 0.0711
5317.3000 0.0711
5317.8000 0.0711
5320.2000 0.0712
5329.2000 0.0712
5338.7000 0.0712
5339.1000 0.0713
5339.9000 0.0713
5342.0000 0.0714
5347.1000 0.0714
5348.3000 0.0714
5354.6000 0.0715
5360.2000 0.0715
5366.8000 0.0715
5368.0000 0.0716
5368.8000 0.0716
5370.8000 0.0716
5373.2000 0.0717
5373.4000 0.0717
5374.8000 0.0717
5379.5000 0.0718
5386.3000 0.0718
5387.0000 0.0718
5396.7000 0.0719
5400.3000 0.0719
5412.9000 0.0719
5413.2000 0.0720
5417.8000 0.0720
5418.3000 0.0720
5420.4000 0.0721
5424.3000 0.0721
5431.0000 0.0722
5434.8000 0.0722
5435.9000 0.0722
5439.4000 0.0723
5441.1000 0.0723
5442.5000 0.0723
5443.9000 0.0724
5443.9000 0.0724
5445.6000 0.0724
5446.6000 0.0725
5448.0000 0.0725
5455.7000 0.0725
5459.7000 0.0726
5460.8000 0.0726
5461.8000 0.0726
5462.2000 0.0727
5463.9000 0.0727
5465.0000 0.0727
5465.2000 0.0728
5468.2000 0.0728
5470.5000 0.0728
5488.2000 0.0729
5490.4000 0.0729
5497.5000 0.0730
5498.6000 0.0730
5506.9000 0.0730
5508.2000 0.0731
5509.9000 0.0731
5511.5000 0.0731
5513.9000 0.0732
5515.5000 0.0732
5518.7000 0.0732
5521.3000 0.0733
5522.0000 0.0733
5523.0000 0.0733
5527.9000 0.0734
5531.1000 0.0734
5531.2000 0.0734
5531.2000 0.0735
5536.0000 0.0735
5537.3000 0.0735
5540.4000 0.0736
5543.0000 0.0736
5548.0000 0.0736
5548.1000 0.0737
5548.6000 0.0737
5551.4000 0.0737
5552.6000 0.0738
5553.1000 0.0738
5557.5000 0.0739
5560.9000 0.0739
5561.0000 0.0739
5563.4000 0.0740
5565.5000 0.0740
5569.5000 0.0740
5569.9000 0.0741
5570.1000 0.0741
5572.6000 0.0741
5580.5000 0.0742
5591.9000 0.0742
5595.7000 0.0742
5606.9000 0.0743
5608.5000 0.0743
5612.6000 0.0743
5619.8000 0.0744
5623.6000 0.0744
5629.6000 0.0744
5632.1000 0.0745
5633.3000 0.0745
5634.5000 0.0745
5635.6000 0.0746
5637.6000 0.0746
5637.7000 0.0747
5637.7000 0.0747
5638.4000 0.0747
5638.9000 0.0748
5644.2000 0.0748
5644.2000 0.0748
5645.9000 0.0749
5648.7000 0.0749
5649.0000 0.0749
5653.6000 0.0750
5657.7000 0.0750
5658.0000 0.0750
5660.3000 0.0751
5668.4000 0.0751
5685.1000 0.0751
5685.7000 0.0752
5694.2000 0.0752
5700.2000 0.0752
5701.9000 0.0753
5705.8000 0.0753
5707.2000 0.0753
5709.1000 0.0754
5709.9000 0.0754
5711.5000 0.0755
5715.0000 0.0755
5717.4000 0.0755
5718.2000 0.0756
5724.7000 0.0756
5726.1000 0.0756
5730.2000 0.0757
5731.0000 0.0757
5734.1000 0.0757
5736.8000 0.0758
5744.2000 0.0758
5748.5000 0.0758
5750.6000 0.0759
5750.9000 0.0759
5756.2000 0.0759
5757.2000 0.0760
5761.2000 0.0760
5762.4000 0.0760
5764.2000 0.0761
5768.2000 0.0761
5768.3000 0.0761
5770.2000 0.0762
5773.0000 0.0762
5777.5000 0.0763
5781.4000 0.0763
5786.9000 0.0763
5788.4000 0.0764
5790.2000 0.0764
5792.6000 0.0764
5796.5000 0.0765
5796.6000 0.0765
5797.9000 0.0765
5800.9000 0.0766
5803.0000 0.0766
5804.3000 0.0766
5805.6000 0.0767
5806.5000 0.0767
5808.1000 0.0767
5809.5000 0.0768
5814.4000 0.0768
5817.6000 0.0768
5818.7000 0.0769
5822.9000 0.0769
5825.2000 0.0769
5826.2000 0.0770
5829.0000 0.0770
5830.8000 0.0770
5832.5000 0.0771
5836.4000 0.0771
5839.7000 0.0772
5844.7000 0.0772
5851.6000 0.0772
5851.9000 0.0773
5853.9000 0.0773
5855.0000 0.0773
5859.1000 0.0774
5860.8000 0.0774
5862.2000 0.0774
5865.5000 0.0775
5865.9000 0.0775
5868.2000 0.0775
5870.5000 0.0776
5871.1000 0.0776
5874.7000 0.0776
5875.5000 0.0777
5876.7000 0.0777
5877.4000 0.0777
5877.5000 0.0778
5879.8000 0.0778
5883.9000 0.0778
5884.5000 0.0779
5891.7000 0.0779
5892.7000 0.0780
5893.3000 0.0780
5893.5000 0.0780
5900.8000 0.0781
5909.3000 0.0781
5909.6000 0.0781
5912.8000 0.0782
5914.2000 0.0782
5915.2000 0.0782
5919.4000 0.0783
5921.4000 0.0783
5921.5000 0.0783
5922.3000 0.0784
5929.7000 0.0784
5936.5000 0.0784
5937.9000 0.0785
5938.0000 0.0785
5938.7000 0.0785
5946.2000 0.0786
5946.2000 0.0786
5948.4000 0.0786
5949.5000 0.0787
5950.2000 0.0787
5952.5000 0.0788
5959.8000 0.0788
5964.0000 0.0788
5966.0000 0.0789
5968.5000 0.0789
5968.7000 0.0789
5974.3000 0.0790
5977.0000 0.0790
5977.4000 0.0790
5982.4000 0.0791
5983.1000 0.0791
5983.6000 0.0791
5985.0000 0.0792
5989.5000 0.0792
5997.5000 0.0792
6002.2000 0.0793
6004.5000 0.0793
6011.1000 0.0793
6011.4000 0.0794
6015.0000 0.0794
6017.6000 0.0794
6019.3000 0.0795
6019.7000 0.0795
6023.7000 0.0795
6026.5000 0.0796
6027.0000 0.0796
6032.3000 0.0797
6035.5000 0.0797
6039.3000 0.0797
6039.4000 0.0798
6044.0000 0.0798
6044.3000 0.0798
6049.6000 0.0799
6049.9000 0.0799
6051.5000 0.0799
6052.4000 0.0800
6052.5000 0.0800
6055.3000 0.0800
6062.2000 0.0801
6065.0000 0.0801
6067.7000 0.0801
6073.7000 0.0802
6073.8000 0.0802
6078.5000 0.0802
6081.3000 0.0803
6087.5000 0.0803
6088.4000 0.0803
6089.5000 0.0804
6093.9000 0.0804
6096.5000 0.0805
6097.9000 0.0805
6099.9000 0.0805
6105.5000 0.0806
6107.3000 0.0806
6108.2000 0.0806
6108.2000 0.0807
6112.7000 0.0807
6115.5000 0.0807
6115.9000 0.0808
6118.1000 0.0808
6138.9000 0.0808
6141.0000 0.0809
6143.9000 0.0809
6144.2000 0.0809
6144.4000 0.0810
6148.6000 0.0810
6150.3000 0.0810
6152.4000 0.0811
6153.3000 0.0811
6153.6000 0.0811
6155.3000 0.0812
6156.7000 0.0812
6174.2000 0.0813
6175.6000 0.0813
6179.4000 0.0813
6181.3000 0.0814
6182.1000 0.0814
6183.3000 0.0814
6183.8000 0.0815
6187.7000 0.0815
6187.8000 0.0815
6191.4000 0.0816
6195.2000 0.0816
6197.4000 0.0816
6197.4000 0.0817
6204.7000 0.0817
6211.8000 0.0817
6215.3000 0.0818
6217.5000 0.0818
6224.9000 0.0818
6225.4000 0.0819
6225.7000 0.0819
6229.0000 0.0819
6229.4000 0.0820
6236.4000 0.0820
6241.3000 0.0820
6242.2000 0.0821
6244.1000 0.0821
6250.5000 0.0822
6252.1000 0.0822
6252.7000 0.0822
6255.2000 0.0823
6257.5000 0.0823
6257.9000 0.0823
6260.3000 0.0824
6261.1000 0.0824
6262.2000 0.0824
6264.6000 0.0825
6267.9000 0.0825
6269.0000 0.0825
6274.0000 0.0826
6274.7000 0.0826
6276.0000 0.0826
6280.0000 0.0827
6280.5000 0.0827
6286.1000 0.0827
6299.8000 0.0828
6300.1000 0.0828
6303.5000 0.0828
6307.2000 0.0829
6308.8000 0.0829
6314.2000 0.0830
6315.8000 0.0830
6315.9000 0.0830
6315.9000 0.0831
6321.6000 0.0831
6321.9000 0.0831
6323.0000 0.0832
6323.4000 0.0832
6323.9000 0.0832
6325.1000 0.0833
6325.5000 0.0833
6331.5000 0.0833
6335.3000 0.0834
6339.7000 0.0834
6340.2000 0.0834
6343.4000 0.0835
6345.5000 0.0835
6345.9000 0.0835
6354.0000 0.0836
6356.1000 0.0836
6358.0000 0.0836
6361.6000 0.0837
6363.5000 0.0837
6363.5000 0.0838
6363.6000 0.0838
6366.3000 0.0838
6370.4000 0.0839
6370.4000 0.0839
6373.7000 0.0839
6377.7000 0.0840
6377.9000 0.0840
6391.3000 0.0840
6392.3000 0.0841
6392.8000 0.0841
6392.8000 0.0841
6401.6000 0.0842
6406.9000 0.0842
6408.9000 0.0842
6409.5000 0.0843
6412.8000 0.0843
6414.6000 0.0843
6416.1000 0.0844
6419.0000 0.0844
6419.1000 0.0844
6419.7000 0.0845
6420.0000 0.0845
6420.1000 0.0845
6428.0000 0.0846
6432.4000 0.0846
6433.7000 0.0847
6434.1000 0.0847
6435.7000 0.0847
6437.3000 0.0848
6438.4000 0.0848
6438.6000 0.0848
6440.0000 0.0849
6440.3000 0.0849
6441.2000 0.0849
6445.4000 0.0850
6445.9000 0.0850
6446.4000 0.0850
6451.4000 0.0851
6451.7000 0.0851
6454.4000 0.0851
6456.1000 0.0852
6457.8000 0.0852
6459.3000 0.0852
6459.4000 0.0853
6465.7000 0.0853
6470.8000 0.0853
6473.2000 0.0854
6474.8000 0.0854
6476.6000 0.0855
6477.2000 0.0855
6481.2000 0.0855
6486.2000 0.0856
6492.0000 0.0856
6492.7000 0.0856
6492.7000 0.0857
6495.3000 0.0857
6500.8000 0.0857
6503.1000 0.0858
6504.6000 0.0858
6506.8000 0.0858
6507.4000 0.0859
6508.2000 0.0859
6508.4000 0.0859
6508.7000 0.0860
6508.7000 0.0860
6509.9000 0.0860
6514.7000 0.0861
6515.7000 0.0861
6516.1000 0.0861
6516.3000 0.0862
6516.5000 0.0862
6517.3000 0.0863
6519.1000 0.0863
6521.0000 0.0863
6522.9000 0.0864
6526.7000 0.0864
6527.0000 0.0864
6532.0000 0.0865
6536.2000 0.0865
6537.8000 0.0865
6539.1000 0.0866
6542.3000 0.0866
6545.8000 0.0866
6546.7000 0.0867
6547.5000 0.0867
6549.3000 0.0867
6554.2000 0.0868
6565.7000 0.0868
6567.8000 0.0868
6571.3000 0.0869
6572.0000 0.0869
6583.0000 0.0869
6586.9000 0.0870
6587.1000 0.0870
6587.3000 0.0870
6588.7000 0.0871
6591.7000 0.0871
6591.8000 0.0872
6593.0000 0.0872
6594.9000 0.0872
6596.3000 0.0873
6608.5000 0.0873
6608.8000 0.0873
6609.7000 0.0874
6610.7000 0.0874
6621.3000 0.0874
6624.5000 0.0875
6624.6000 0.0875
6626.9000 0.0875
6630.3000 0.0876
6637.5000 0.0876
6638.6000 0.0876
6646.8000 0.0877
6655.3000 0.0877
6665.7000 0.0877
6665.7000 0.0878
6666.6000 0.0878
6669.2000 0.0878
6669.4000 0.0879
6670.4000 0.0879
6674.0000 0.0880
6683.1000 0.0880
6685.2000 0.0880
6687.6000 0.0881
6693.2000 0.0881
6696.6000 0.0881
6696.6000 0.0882
6696.7000 0.0882
6696.9000 0.0882
6700.7000 0.0883
6700.8000 0.0883
6706.9000 0.0883
6709.6000 0.0884
6710.8000 0.0884
6711.7000 0.0884
6712.6000 0.0885
6712.7000 0.0885
6722.2000 0.0885
6722.4000 0.0886
6725.3000 0.0886
6727.9000 0.0886
6735.4000 0.0887
6745.5000 0.0887
6752.2000 0.0888
6752.7000 0.0888
6755.3000 0.0888
6757.2000 0.0889
6762.0000 0.0889
6762.2000 0.0889
6763.7000 0.0890
6765.3000 0.0890
6766.0000 0.0890
6768.7000 0.0891
6778.2000 0.0891
6778.9000 0.0891
6779.5000 0.0892
6788.0000 0.0892
6794.9000 0.0892
6796.2000 0.0893
6798.7000 0.0893
6803.1000 0.0893
6804.5000 0.0894
6804.5000 0.0894
6804.7000 0.0894
6808.3000 0.0895
6813.2000 0.0895
6815.0000 0.0895
6817.0000 0.0896
6817.7000 0.0896
6821.4000 0.0897
6833.4000 0.0897
6834.9000 0.0897
6836.2000 0.0898
6836.9000 0.0898
6844.7000 0.0898
6849.0000 0.0899
6856.8000 0.0899
6859.0000 0.0899
6861.9000 0.0900
6866.2000 0.0900
6867.7000 0.0900
6876.3000 0.0901
6880.4000 0.0901
6880.8000 0.0901
6882.5000 0.0902
6887.6000 0.0902
6887.7000 0.0902
6888.1000 0.0903
6890.6000 0.0903
6891.5000 0.0903
6901.8000 0.0904
6909.2000 0.0904
6911.9000 0.0905
6912.1000 0.0905
6914.3000 0.0905
6914.8000 0.0906
6915.4000 0.0906
6915.5000 0.0906
6915.7000 0.0907
6920.7000 0.0907
6927.1000 0.0907
6931.3000 0.0908
6934.7000 0.0908
6939.5000 0.0908
6944.3000 0.0909
6948.0000 0.0909
6950.4000 0.0909
6950.7000 0.0910
6950.8000 0.0910
6952.0000 0.0910
6960.2000 0.0911
6962.1000 0.0911
6962.8000 0.0911
6963.6000 0.0912
6964.5000 0.0912
6964.8000 0.0913
6971.5000 0.0913
6977.5000 0.0913
6981.9000 0.0914
6991.7000 0.0914
6994.9000 0.0914
6995.1000 0.0915
6996.9000 0.0915
7001.3000 0.0915
7004.5000 0.0916
7004.6000 0.0916
7007.2000 0.0916
7010.7000 0.0917
7011.4000 0.0917
7012.4000 0.0917
7013.2000 0.0918
7018.3000 0.0918
7018.9000 0.0918
7023.6000 0.0919
7026.8000 0.0919
7027.2000 0.0919
7027.8000 0.0920
7029.7000 0.0920
7030.3000 0.0920
7045.6000 0.0921
7046.4000 0.0921
7047.9000 0.0922
7052.3000 0.0922
7071.2000 0.0922
7088.5000 0.0923
7093.6000 0.0923
7104.8000 0.0923
7107.8000 0.0924
7115.9000 0.0924
7121.8000 0.0924
7124.3000 0.0925
7124.6000 0.0925
7128.3000 0.0925
7131.0000 0.0926
7135.5000 0.0926
7140.8000 0.0926
7144.3000 0.0927
7150.1000 0.0927
7151.3000 0.0927
7155.8000 0.0928
7162.2000 0.0928
7166.4000 0.0928
7170.9000 0.0929
7171.6000 0.0929
7176.2000 0.0930
7183.5000 0.0930
7187.3000 0.0930
7188.6000 0.0931
7198.0000 0.0931
7201.6000 0.0931
7206.1000 0.0932
7208.2000 0.0932
7212.4000 0.0932
7214.8000 0.0933
7216.9000 0.0933
7217.6000 0.0933
7221.2000 0.0934
7221.2000 0.0934
7223.3000 0.0934
7232.7000 0.0935
7232.8000 0.0935
7238.3000 0.0935
7243.1000 0.0936
7249.7000 0.0936
7254.2000 0.0936
7256.8000 0.0937
7256.9000 0.0937
7259.7000 0.0938
7261.2000 0.0938
7272.1000 0.0938
7275.2000 0.0939
7279.5000 0.0939
7280.0000 0.0939
7281.5000 0.0940
7283.3000 0.0940
7284.3000 0.0940
7287.0000 0.0941
7291.4000 0.0941
7295.3000 0.0941
7297.4000 0.0942
7302.7000 0.0942
7302.7000 0.0942
7302.7000 0.0943
7303.1000 0.0943
7311.5000 0.0943
7311.8000 0.0944
7320.3000 0.0944
7321.4000 0.0944
7322.9000 0.0945
7323.2000 0.0945
7324.2000 0.0945
7326.6000 0.0946
7328.1000 0.0946
7331.3000 0.0947
7336.1000 0.0947
7336.8000 0.0947
7337.1000 0.0948
7337.2000 0.0948
7338.4000 0.0948
7339.7000 0.0949
7340.6000 0.0949
7340.8000 0.0949
7343.0000 0.0950
7344.6000 0.0950
7349.5000 0.0950
7350.6000 0.0951
7351.7000 0.0951
7354.0000 0.0951
7354.6000 0.0952
7354.9000 0.0952
7355.8000 0.0952
7357.1000 0.0953
7359.7000 0.0953
7360.6000 0.0953
7360.7000 0.0954
7362.9000 0.0954
7362.9000 0.0955
7364.2000 0.0955
7372.4000 0.0955
7372.4000 0.0956
7375.9000 0.0956
7385.1000 0.0956
7386.0000 0.0957
7392.2000 0.0957
7394.4000 0.0957
7403.8000 0.0958
7406.7000 0.0958
7416.9000 0.0958
7420.2000 0.0959
7421.4000 0.0959
7426.9000 0.0959
7427.4000 0.0960
7429.0000 0.0960
7439.8000 0.0960
7443.9000 0.0961
7444.4000 0.0961
7447.7000 0.0961
7451.9000 0.0962
7452.2000 0.0962
7454.9000 0.0963
7455.6000 0.0963
7458.2000 0.0963
7458.8000 0.0964
7460.5000 0.0964
7461.6000 0.0964
7469.3000 0.0965
7471.8000 0.0965
7472.5000 0.0965
7479.7000 0.0966
7482.5000 0.0966
7483.4000 0.0966
7484.6000 0.0967
7486.9000 0.0967
7489.8000 0.0967
7491.8000 0.0968
7493.5000 0.0968
7494.7000 0.0968
7496.6000 0.0969
7504.4000 0.0969
7505.6000 0.0969
7509.5000 0.0970
7514.1000 0.0970
7522.6000 0.0970
7525.0000 0.0971
7528.8000 0.0971
7530.0000 0.0972
7536.9000 0.0972
7540.4000 0.0972
7542.1000 0.0973
7542.4000 0.0973
7549.7000 0.0973
7550.5000 0.0974
7550.6000 0.0974
7551.2000 0.0974
7552.0000 0.0975
7555.2000 0.0975
7556.5000 0.0975
7562.7000 0.0976
7562.8000 0.0976
7585.1000 0.0976
7594.0000 0.0977
7594.1000 0.0977
7605.0000 0.0977
7607.0000 0.0978
7608.6000 0.0978
7608.7000 0.0978
7609.7000 0.0979
7613.3000 0.0979
7613.5000 0.0980
7617.7000 0.0980
7618.2000 0.0980
7625.1000 0.0981
7632.4000 0.0981
7641.2000 0.0981
7642.7000 0.0982
7648.2000 0.0982
7652.3000 0.0982
7663.8000 0.0983
7665.8000 0.0983
7670.3000 0.0983
7670.7000 0.0984
7676.5000 0.0984
7679.9000 0.0984
7681.0000 0.0985
7685.6000 0.0985
7685.6000 0.0985
7691.0000 0.0986
7691.7000 0.0986
7692.1000 0.0986
7698.6000 0.0987
7704.4000 0.0987
7704.6000 0.0988
7706.0000 0.0988
7707.2000 0.0988
7707.7000 0.0989
7711.7000 0.0989
7714.3000 0.0989
7716.2000 0.0990
7718.3000 0.0990
7722.4000 0.0990
7740.4000 0.0991
7745.5000 0.0991
7745.9000 0.0991
7748.8000 0.0992
7751.3000 0.0992
7756.5000 0.0992
7758.6000 0.0993
7762.5000 0.0993
7768.0000 0.0993
7768.8000 0.0994
7775.2000 0.0994
7776.9000 0.0994
7778.5000 0.0995
7781.2000 0.0995
7793.3000 0.0995
7794.2000 0.0996
7796.2000 0.0996
7798.6000 0.0997
7801.3000 0.0997
7802.5000 0.0997
7802.8000 0.0998
7802.9000 0.0998
7805.1000 0.0998
7809.2000 0.0999
7811.4000 0.0999
7815.8000 0.0999
7822.7000 0.1000
7825.9000 0.1000
7827.3000 0.1000
7830.2000 0.1001
7840.7000 0.1001
7842.0000 0.1001
7842.5000 0.1002
7848.7000 0.1002
7851.8000 0.1002
7852.0000 0.1003
7854.9000 0.1003
7869.2000 0.1003
7870.4000 0.1004
7871.5000 0.1004
7878.2000 0.1005
7882.6000 0.1005
7884.7000 0.1005
7884.9000 0.1006
7886.6000 0.1006
7887.9000 0.1006
7892.3000 0.1007
7902.3000 0.1007
7911.1000 0.1007
7912.3000 0.1008
7915.8000 0.1008
7916.4000 0.1008
7917.2000 0.1009
7918.9000 0.1009
7921.3000 0.1009
7921.7000 0.1010
7926.6000 0.1010
7928.9000 0.1010
7929.9000 0.1011
7934.0000 0.1011
7934.8000 0.1011
7949.8000 0.1012
7951.6000 0.1012
7953.7000 0.1013
7957.4000 0.1013
7969.1000 0.1013
7980.2000 0.1014
7982.1000 0.1014
7983.0000 0.1014
7989.4000 0.1015
8001.7000 0.1015
8001.9000 0.1015
8005.2000 0.1016
8009.4000 0.1016
8009.5000 0.1016
8011.5000 0.1017
8014.8000 0.1017
8017.5000 0.1017
8017.5000 0.1018
8021.6000 0.1018
8029.4000 0.1018
8031.4000 0.1019
8034.9000 0.1019
8036.3000 0.1019
8036.4000 0.1020
8038.5000 0.1020
8048.7000 0.1020
8051.4000 0.1021
8055.3000 0.1021
8057.3000 0.1022
8057.8000 0.1022
8058.0000 0.1022
8066.7000 0.1023
8076.6000 0.1023
8083.4000 0.1023
8091.0000 0.1024
8106.6000 0.1024
8111.7000 0.1024
8114.7000 0.1025
8114.9000 0.1025
8115.2000 0.1025
8118.3000 0.1026
8118.9000 0.1026
8120.3000 0.1026
8121.2000 0.1027
8126.0000 0.1027
8129.3000 0.1027
8132.7000 0.1028
8140.3000 0.1028
8141.0000 0.1028
8142.8000 0.1029
8157.3000 0.1029
8159.6000 0.1030
8162.6000 0.1030
8164.7000 0.1030
8166.7000 0.1031
8168.2000 0.1031
8171.6000 0.1031
8178.9000 0.1032
8180.4000 0.1032
8181.1000 0.1032
8195.6000 0.1033
8201.7000 0.1033
8202.2000 0.1033
8202.4000 0.1034
8206.9000 0.1034
8212.1000 0.1034
8215.6000 0.1035
8215.8000 0.1035
8217.2000 0.1035
8219.4000 0.1036
8219.5000 0.1036
8227.7000 0.1036
8229.4000 0.1037
8246.9000 0.1037
8254.1000 0.1038
8258.0000 0.1038
8261.1000 0.1038
8263.4000 0.1039
8265.0000 0.1039
8266.3000 0.1039
8270.8000 0.1040
8271.1000 0.1040
8275.7000 0.1040
8277.0000 0.1041
8280.5000 0.1041
8281.8000 0.1041
8283.2000 0.1042
8290.0000 0.1042
8290.7000 0.1042
8293.9000 0.1043
8299.0000 0.1043
8302.5000 0.1043
8323.6000 0.1044
8324.4000 0.1044
8343.6000 0.1044
8345.5000 0.1045
8347.6000 0.1045
8354.5000 0.1045
8364.2000 0.1046
8364.6000 0.1046
8364.7000 0.1047
8365.0000 0.1047
8369.4000 0.1047
8372.8000 0.1048
8378.0000 0.1048
8378.0000 0.1048
8380.7000 0.1049
8382.6000 0.1049
8383.0000 0.1049
8384.0000 0.1050
8394.2000 0.1050
8401.8000 0.1050
8408.4000 0.1051
8409.6000 0.1051
8411.3000 0.1051
8413.9000 0.1052
8414.9000 0.1052
8422.4000 0.1052
8423.2000 0.1053
8424.7000 0.1053
8425.4000 0.1053
8427.0000 0.1054
8429.7000 0.1054
8448.0000 0.1055
8448.4000 0.1055
8459.8000 0.1055
8460.4000 0.1056
8462.0000 0.1056
8467.7000 0.1056
8474.8000 0.1057
8479.9000 0.1057
8480.9000 0.1057
8483.4000 0.1058
8485.4000 0.1058
8485.7000 0.1058
8487.4000 0.1059
8490.5000 0.1059
8493.5000 0.1059
8496.4000 0.1060
8499.4000 0.1060
8499.7000 0.1060
8503.6000 0.1061
8512.5000 0.1061
8515.7000 0.1061
8517.6000 0.1062
8518.4000 0.1062
8520.5000 0.1063
8525.4000 0.1063
8533.4000 0.1063
8537.8000 0.1064
8537.9000 0.1064
8539.4000 0.1064
8539.5000 0.1065
8540.4000 0.1065
8542.7000 0.1065
8550.6000 0.1066
8556.5000 0.1066
8557.8000 0.1066
8563.8000 0.1067
8571.8000 0.1067
8572.1000 0.1067
8573.0000 0.1068
8574.4000 0.1068
8579.3000 0.1068
8581.8000 0.1069
8583.2000 0.1069
8585.3000 0.1069
8589.0000 0.1070
8589.9000 0.1070
8593.4000 0.1070
8601.3000 0.1071
8602.0000 0.1071
8604.2000 0.1072
8609.1000 0.1072
8610.8000 0.1072
8613.5000 0.1073
8613.7000 0.1073
8615.1000 0.1073
8615.7000 0.1074
8624.5000 0.1074
8627.5000 0.1074
8629.9000 0.1075
8632.6000 0.1075
8638.0000 0.1075
8639.2000 0.1076
8640.5000 0.1076
8648.7000 0.1076
8648.8000 0.1077
8650.5000 0.1077
8654.9000 0.1077
8662.0000 0.1078
8663.7000 0.1078
8665.8000 0.1078
8667.3000 0.1079
8668.4000 0.1079
8671.2000 0.1080
8674.6000 0.1080
8674.7000 0.1080
8676.0000 0.1081
8677.3000 0.1081
8677.4000 0.1081
8678.4000 0.1082
8678.7000 0.1082
8682.1000 0.1082
8692.1000 0.1083
8692.9000 0.1083
8693.7000 0.1083
8694.5000 0.1084
8705.8000 0.1084
8708.6000 0.1084
8709.9000 0.1085
8710.6000 0.1085
8711.0000 0.1085
8715.0000 0.1086
8718.5000 0.1086
8721.0000 0.1086
8721.6000 0.1087
8722.2000 0.1087
8726.6000 0.1088
8731.8000 0.1088
8757.6000 0.1088
8767.3000 0.1089
8767.7000 0.1089
8769.9000 0.1089
8770.0000 0.1090
8770.4000 0.1090
8772.0000 0.1090
8772.8000 0.1091
8774.2000 0.1091
8776.0000 0.1091
8776.4000 0.1092
8778.1000 0.1092
8779.3000 0.1092
8780.3000 0.1093
8781.7000 0.1093
8782.8000 0.1093
8791.4000 0.1094
8793.2000 0.1094
8794.7000 0.1094
8795.7000 0.1095
8799.2000 0.1095
8801.1000 0.1095
8802.7000 0.1096
8804.2000 0.1096
8805.2000 0.1097
8805.4000 0.1097
8811.0000 0.1097
8811.7000 0.1098
8814.8000 0.1098
8816.2000 0.1098
8818.5000 0.1099
8819.6000 0.1099
8825.2000 0.1099
8830.6000 0.1100
8837.8000 0.1100
8840.9000 0.1100
8846.6000 0.1101
8849.3000 0.1101
8861.8000 0.1101
8865.8000 0.1102
8867.3000 0.1102
8868.5000 0.1102
8870.3000 0.1103
8881.3000 0.1103
8885.2000 0.1103
8891.6000 0.1104
8894.9000 0.1104
8895.1000 0.1105
8897.6000 0.1105
8902.6000 0.1105
8910.5000 0.1106
8912.7000 0.1106
8913.4000 0.1106
8917.5000 0.1107
8920.5000 0.1107
8922.7000 0.1107
8924.3000 0.1108
8933.5000 0.1108
8935.7000 0.1108
8944.2000 0.1109
8944.8000 0.1109
8947.8000 0.1109
8950.6000 0.1110
8953.4000 0.1110
8957.5000 0.1110
8959.8000 0.1111
8959.8000 0.1111
8963.5000 0.1111
8970.2000 0.1112
8972.2000 0.1112
8973.0000 0.1113
8973.8000 0.1113
8982.5000 0.1113
8991.4000 0.1114
8992.6000 0.1114
9002.8000 0.1114
9003.8000 0.1115
9009.2000 0.1115
9012.5000 0.1115
9013.2000 0.1116
9013.4000 0.1116
9017.5000 0.1116
9021.4000 0.1117
9033.7000 0.1117
9038.8000 0.1117
9039.9000 0.1118
9041.9000 0.1118
9047.5000 0.1118
9048.7000 0.1119
9049.2000 0.1119
9053.1000 0.1119
9060.3000 0.1120
9071.6000 0.1120
9072.7000 0.1120
9079.3000 0.1121
9082.1000 0.1121
9085.2000 0.1122
9087.8000 0.1122
9088.4000 0.1122
9088.8000 0.1123
9089.6000 0.1123
9090.3000 0.1123
9092.3000 0.1124
9098.1000 0.1124
9098.3000 0.1124
9106.6000 0.1125
9106.9000 0.1125
9111.7000 0.1125
9114.7000 0.1126
9118.9000 0.1126
9120.4000 0.1126
9127.5000 0.1127
9135.3000 0.1127
9136.3000 0.1127
9137.1000 0.1128
9140.8000 0.1128
9142.5000 0.1128
9142.8000 0.1129
9144.1000 0.1129
9144.6000 0.1130
9146.0000 0.1130
9149.0000 0.1130
9151.4000 0.1131
9169.1000 0.1131
9170.6000 0.1131
9172.3000 0.1132
9180.3000 0.1132
9181.7000 0.1132
9190.9000 0.1133
9192.2000 0.1133
9193.7000 0.1133
9195.2000 0.1134
9201.2000 0.1134
9202.6000 0.1134
9204.1000 0.1135
9205.8000 0.1135
9209.2000 0.1135
9210.2000 0.1136
9210.6000 0.1136
9217.0000 0.1136
9217.8000 0.1137
9220.0000 0.1137
9221.4000 0.1138
9222.9000 0.1138
9230.3000 0.1138
9231.9000 0.1139
9233.4000 0.1139
9233.6000 0.1139
9241.1000 0.1140
9242.9000 0.1140
9246.3000 0.1140
9248.0000 0.1141
9250.0000 0.1141
9253.9000 0.1141
9254.0000 0.1142
9258.5000 0.1142
9259.7000 0.1142
9260.4000 0.1143
9261.6000 0.1143
9264.2000 0.1143
9265.4000 0.1144
9266.2000 0.1144
9269.5000 0.1144
9271.0000 0.1145
9271.6000 0.1145
9274.6000 0.1145
9275.1000 0.1146
9278.5000 0.1146
9281.9000 0.1147
9283.6000 0.1147
9284.0000 0.1147
9285.8000 0.1148
9286.9000 0.1148
9289.7000 0.1148
9292.4000 0.1149
9295.4000 0.1149
9298.8000 0.1149
9302.0000 0.1150
9305.5000 0.1150
9309.8000 0.1150
9310.7000 0.1151
9312.8000 0.1151
9329.7000 0.1151
9337.3000 0.1152
9343.2000 0.1152
9343.6000 0.1152
9345.1000 0.1153
9348.6000 0.1153
9349.0000 0.1153
9350.3000 0.1154
9350.9000 0.1154
9352.1000 0.1155
9356.5000 0.1155
9358.4000 0.1155
9361.9000 0.1156
9365.0000 0.1156
9365.9000 0.1156
9367.7000 0.1157
9376.0000 0.1157
9376.9000 0.1157
9377.0000 0.1158
9384.1000 0.1158
9385.6000 0.1158
9387.2000 0.1159
9388.7000 0.1159
9392.5000 0.1159
9397.5000 0.1160
9401.5000 0.1160
9405.5000 0.1160
9412.9000 0.1161
9413.3000 0.1161
9416.0000 0.1161
9417.1000 0.1162
9417.3000 0.1162
9419.0000 0.1163
9430.2000 0.1163
9430.8000 0.1163
9432.9000 0.1164
9435.6000 0.1164
9439.8000 0.1164
9450.3000 0.1165
9451.3000 0.1165
9455.3000 0.1165
9455.9000 0.1166
9462.2000 0.1166
9466.6000 0.1166
9468.0000 0.1167
9468.7000 0.1167
9471.2000 0.1167
9472.6000 0.1168
9473.4000 0.1168
9485.2000 0.1168
9489.2000 0.1169
9490.2000 0.1169
9497.7000 0.1169
9500.9000 0.1170
9503.2000 0.1170
9508.6000 0.1170
9508.7000 0.1171
9509.6000 0.1171
9512.8000 0.1172
9513.4000 0.1172
9520.6000 0.1172
9526.7000 0.1173
9526.9000 0.1173
9530.2000 0.1173
9530.3000 0.1174
9531.6000 0.1174
9536.7000 0.1174
9538.9000 0.1175
9540.5000 0.1175
9546.4000 0.1175
9564.5000 0.1176
9564.6000 0.1176
9566.1000 0.1176
9569.3000 0.1177
9576.2000 0.1177
9578.9000 0.1177
9579.7000 0.1178
9585.7000 0.1178
9599.5000 0.1178
9607.1000 0.1179
9613.7000 0.1179
9616.6000 0.1180
9620.9000 0.1180
9625.0000 0.1180
9626.4000 0.1181
9627.7000 0.1181
9628.8000 0.1181
9630.8000 0.1182
9634.6000 0.1182
9636.5000 0.1182
9637.6000 0.1183
9637.7000 0.1183
9640.7000 0.1183
9650.4000 0.1184
9652.2000 0.1184
9655.8000 0.1184
9656.4000 0.1185
9659.1000 0.1185
9664.7000 0.1185
9668.5000 0.1186
9673.7000 0.1186
9674.8000 0.1186
9676.2000 0.1187
9682.3000 0.1187
9684.5000 0.1188
9685.6000 0.1188
9690.0000 0.1188
9692.7000 0.1189
9694.0000 0.1189
9696.8000 0.1189
9698.8000 0.1190
9705.4000 0.1190
9707.3000 0.1190
9710.1000 0.1191
9715.3000 0.1191
9725.4000 0.1191
9731.4000 0.1192
9738.4000 0.1192
9738.6000 0.1192
9739.5000 0.1193
9741.0000 0.1193
9741.9000 0.1193
9747.1000 0.1194
9752.6000 0.1194
9758.0000 0.1194
9759.5000 0.1195
9764.4000 0.1195
9771.7000 0.1195
9771.9000 0.1196
9772.3000 0.1196
9774.0000 0.1197
9774.2000 0.1197
9775.9000 0.1197
9791.3000 0.1198
9797.5000 0.1198
9799.1000 0.1198
9799.7000 0.1199
9800.0000 0.1199
9808.5000 0.1199
9814.8000 0.1200
9814.9000 0.1200
9817.5000 0.1200
9817.6000 0.1201
9821.6000 0.1201
9822.9000 0.1201
9827.5000 0.1202
9827.6000 0.1202
9835.7000 0.1202
9836.0000 0.1203
9839.0000 0.1203
9847.4000 0.1203
9849.8000 0.1204
9852.2000 0.1204
9855.5000 0.1205
9858.5000 0.1205
9859.1000 0.1205
9859.3000 0.1206
9866.0000 0.1206
9871.4000 0.1206
9872.1000 0.1207
9873.2000 0.1207
9876.0000 0.1207
9879.1000 0.1208
9879.2000 0.1208
9881.8000 0.1208
9883.5000 0.1209
9886.6000 0.1209
9887.4000 0.1209
9889.8000 0.1210
9906.2000 0.1210
9906.5000 0.1210
9906.8000 0.1211
9909.2000 0.1211
9914.1000 0.1211
9916.3000 0.1212
9921.4000 0.1212
9926.8000 0.1213
9931.6000 0.1213
9937.4000 0.1213
9938.3000 0.1214
9939.4000 0.1214
9940.1000 0.1214
9942.3000 0.1215
9942.9000 0.1215
9945.1000 0.1215
9946.5000 0.1216
9946.6000 0.1216
9947.7000 0.1216
9948.1000 0.1217
9949.6000 0.1217
9949.7000 0.1217
9950.8000 0.1218
9951.0000 0.1218
9956.2000 0.1218
9968.3000 0.1219
9968.5000 0.1219
9977.7000 0.1219
9978.4000 0.1220
9981.0000 0.1220
9981.4000 0.1220
9986.3000 0.1221
9987.8000 0.1221
9988.6000 0.1222
9988.7000 0.1222
9988.9000 0.1222
9994.0000 0.1223
9996.8000 0.1223
9999.2000 0.1223
9999.7000 0.1224
10001.6000 0.1224
10002.0000 0.1224
10002.9000 0.1225
10003.7000 0.1225
10005.8000 0.1225
10008.3000 0.1226
10008.6000 0.1226
10011.4000 0.1226
10012.1000 0.1227
10014.0000 0.1227
10017.3000 0.1227
10020.0000 0.1228
10025.0000 0.1228
10026.5000 0.1228
10027.4000 0.1229
10029.0000 0.1229
10031.3000 0.1230
10036.1000 0.1230
10037.5000 0.1230
10040.2000 0.1231
10043.5000 0.1231
10044.5000 0.1231
10045.8000 0.1232
10053.5000 0.1232
10056.9000 0.1232
10057.7000 0.1233
10062.5000 0.1233
10076.3000 0.1233
10077.1000 0.1234
10083.6000 0.1234
10084.1000 0.1234
10084.4000 0.1235
10089.6000 0.1235
10091.0000 0.1235
10092.3000 0.1236
10094.4000 0.1236
10100.7000 0.1236
10109.2000 0.1237
10110.2000 0.1237
10120.6000 0.1238
10121.6000 0.1238
10123.0000 0.1238
10123.9000 0.1239
10124.4000 0.1239
10126.0000 0.1239
10129.7000 0.1240
10129.9000 0.1240
10135.7000 0.1240
10136.5000 0.1241
10143.3000 0.1241
10152.6000 0.1241
10155.7000 0.1242
10157.6000 0.1242
10158.7000 0.1242
10158.7000 0.1243
10159.4000 0.1243
10161.3000 0.1243
10163.5000 0.1244
10164.5000 0.1244
10165.6000 0.1244
10167.7000 0.1245
10169.8000 0.1245
10170.2000 0.1245
10170.7000 0.1246
10177.7000 0.1246
10179.0000 0.1247
10179.7000 0.1247
10180.7000 0.1247
10181.5000 0.1248
10183.0000 0.1248
10183.4000 0.1248
10183.4000 0.1249
10190.2000 0.1249
10195.4000 0.1249
10198.9000 0.1250
10200.3000 0.1250
10201.9000 0.1250
10204.2000 0.1251
10208.2000 0.1251
10209.1000 0.1251
10211.3000 0.1252
10213.2000 0.1252
10218.3000 0.1252
10219.0000 0.1253
10219.5000 0.1253
10225.2000 0.1253
10229.9000 0.1254
10232.1000 0.1254
10234.4000 0.1255
10237.7000 0.1255
10240.5000 0.1255
10244.8000 0.1256
10245.0000 0.1256
10252.4000 0.1256
10256.4000 0.1257
10260.7000 0.1257
10266.3000 0.1257
10269.1000 0.1258
10272.8000 0.1258
10278.8000 0.1258
10287.0000 0.1259
10293.7000 0.1259
10297.5000 0.1259
10297.8000 0.1260
10298.3000 0.1260
10301.4000 0.1260
10303.8000 0.1261
10304.9000 0.1261
10305.2000 0.1261
10317.7000 0.1262
10318.7000 0.1262
10321.1000 0.1263
10330.5000 0.1263
10333.0000 0.1263
10333.5000 0.1264
10337.7000 0.1264
10340.6000 0.1264
10343.4000 0.1265
10343.7000 0.1265
10348.6000 0.1265
10350.9000 0.1266
10354.5000 0.1266
10355.4000 0.1266
10359.3000 0.1267
10362.1000 0.1267
10365.9000 0.1267
10366.5000 0.1268
10372.6000 0.1268
10382.5000 0.1268
10387.1000 0.1269
10390.2000 0.1269
10390.4000 0.1269
10391.3000 0.1270
10397.6000 0.1270
10398.8000 0.1270
10400.7000 0.1271
10402.8000 0.1271
10404.2000 0.1272
10405.6000 0.1272
10407.2000 0.1272
10411.4000 0.1273
10411.8000 0.1273
10412.4000 0.1273
10412.8000 0.1274
10415.7000 0.1274
10417.0000 0.1274
10419.6000 0.1275
10420.8000 0.1275
10421.7000 0.1275
10422.3000 0.1276
10435.3000 0.1276
10441.5000 0.1276
10442.7000 0.1277
10443.3000 0.1277
10447.6000 0.1277
10452.2000 0.1278
10457.2000 0.1278
10457.2000 0.1278
10465.4000 0.1279
10467.7000 0.1279
10471.3000 0.1280
10475.7000 0.1280
10480.9000 0.1280
10481.0000 0.1281
10485.1000 0.1281
10489.4000 0.1281
10489.6000 0.1282
10491.1000 0.1282
10505.2000 0.1282
10507.4000 0.1283
10508.2000 0.1283
10511.1000 0.1283
10512.5000 0.1284
10513.0000 0.1284
10514.0000 0.1284
10515.2000 0.1285
10516.9000 0.1285
10522.8000 0.1285
10525.0000 0.1286
10526.0000 0.1286
10531.1000 0.1286
10531.4000 0.1287
10531.9000 0.1287
10533.5000 0.1288
10536.2000 0.1288
10538.2000 0.1288
10539.5000 0.1289
10543.9000 0.1289
10548.7000 0.1289
10549.4000 0.1290
10550.4000 0.1290
10553.5000 0.1290
10554.3000 0.1291
10557.8000 0.1291
10558.6000 0.1291
10560.2000 0.1292
10562.3000 0.1292
10579.4000 0.1292
10585.5000 0.1293
10589.0000 0.1293
10590.9000 0.1293
10594.7000 0.1294
10595.2000 0.1294
10600.6000 0.1294
10609.0000 0.1295
10613.2000 0.1295
10614.8000 0.1295
10617.7000 0.1296
10621.3000 0.1296
10625.7000 0.1297
10632.3000 0.1297
10636.7000 0.1297
10637.4000 0.1298
10639.8000 0.1298
10640.9000 0.1298
10644.8000 0.1299
10645.0000 0.1299
10647.3000 0.1299
10647.7000 0.1300
10650.9000 0.1300
10665.4000 0.1300
10667.6000 0.1301
10674.9000 0.1301
10676.9000 0.1301
10684.2000 0.1302
10686.4000 0.1302
10698.1000 0.1302
10706.6000 0.1303
10708.2000 0.1303
10716.1000 0.1303
10716.4000 0.1304
10720.4000 0.1304
10720.7000 0.1305
10722.1000 0.1305
10727.6000 0.1305
10733.6000 0.1306
10738.9000 0.1306
10741.0000 0.1306
10741.4000 0.1307
10741.6000 0.1307
10743.2000 0.1307
10751.5000 0.1308
10751.7000 0.1308
10752.2000 0.1308
10752.5000 0.1309
10754.7000 0.1309
10755.4000 0.1309
10755.4000 0.1310
10757.4000 0.1310
10757.5000 0.1310
10764.8000 0.1311
10772.1000 0.1311
10780.5000 0.1311
10783.3000 0.1312
10785.9000 0.1312
10787.5000 0.1313
10787.5000 0.1313
10787.7000 0.1313
10788.0000 0.1314
10794.6000 0.1314
10795.3000 0.1314
10798.5000 0.1315
10798.8000 0.1315
10799.7000 0.1315
10799.9000 0.1316
10801.5000 0.1316
10802.7000 0.1316
10803.0000 0.1317
10803.2000 0.1317
10805.7000 0.1317
10810.6000 0.1318
10812.0000 0.1318
10818.7000 0.1318
10819.1000 0.1319
10821.2000 0.1319
10827.6000 0.1319
10828.5000 0.1320
10829.4000 0.1320
10834.1000 0.1320
10834.6000 0.1321
10836.4000 0.1321
10848.2000 0.1322
10848.5000 0.1322
10851.4000 0.1322
10854.2000 0.1323
10859.9000 0.1323
10868.0000 0.1323
10870.7000 0.1324
10883.4000 0.1324
10883.5000 0.1324
10886.2000 0.1325
10887.0000 0.1325
10887.3000 0.1325
10888.0000 0.1326
10888.7000 0.1326
10893.8000 0.1326
10896.2000 0.1327
10896.2000 0.1327
10908.0000 0.1327
10913.2000 0.1328
10914.1000 0.1328
10914.5000 0.1328
10916.4000 0.1329
10917.5000 0.1329
10924.8000 0.1330
10929.1000 0.1330
10933.8000 0.1330
10935.7000 0.1331
10936.8000 0.1331
10943.2000 0.1331
10946.8000 0.1332
10969.6000 0.1332
10979.5000 0.1332
10980.2000 0.1333
10984.5000 0.1333
10988.2000 0.1333
10988.3000 0.1334
10994.6000 0.1334
10997.6000 0.1334
11001.1000 0.1335
11002.6000 0.1335
11003.3000 0.1335
11003.4000 0.1336
11015.0000 0.1336
11015.3000 0.1336
11018.2000 0.1337
11018.7000 0.1337
11020.1000 0.1338
11020.2000 0.1338
11021.8000 0.1338
11022.4000 0.1339
11023.2000 0.1339
11024.8000 0.1339
11025.4000 0.1340
11026.7000 0.1340
11029.8000 0.1340
11030.2000 0.1341
11031.2000 0.1341
11031.4000 0.1341
11037.7000 0.1342
11040.2000 0.1342
11040.7000 0.1342
11042.6000 0.1343
11043.7000 0.1343
11047.1000 0.1343
11048.6000 0.1344
11049.3000 0.1344
11049.5000 0.1344
11054.3000 0.1345
11061.6000 0.1345
11064.0000 0.1345
11067.4000 0.1346
11073.3000 0.1346
11075.2000 0.1347
11075.4000 0.1347
11078.9000 0.1347
11083.7000 0.1348
11089.5000 0.1348
11090.9000 0.1348
11093.7000 0.1349
11094.3000 0.1349
11096.4000 0.1349
11099.5000 0.1350
11101.3000 0.1350
11103.4000 0.1350
11111.9000 0.1351
11115.2000 0.1351
11115.7000 0.1351
11118.7000 0.1352
11120.4000 0.1352
11124.9000 0.1352
11125.6000 0.1353
11126.7000 0.1353
11133.0000 0.1353
11135.2000 0.1354
11136.5000 0.1354
11142.5000 0.1355
11147.1000 0.1355
11149.5000 0.1355
11151.0000 0.1356
11152.1000 0.1356
11156.4000 0.1356
11159.5000 0.1357
11162.7000 0.1357
11164.0000 0.1357
11165.0000 0.1358
11168.9000 0.1358
11175.1000 0.1358
11179.3000 0.1359
11180.2000 0.1359
11186.9000 0.1359
11187.0000 0.1360
11187.8000 0.1360
11192.4000 0.1360
11197.3000 0.1361
11205.7000 0.1361
11210.7000 0.1361
11211.3000 0.1362
11212.6000 0.1362
11213.4000 0.1363
11214.5000 0.1363
11216.8000 0.1363
11218.5000 0.1364
11218.5000 0.1364
11221.7000 0.1364
11222.0000 0.1365
11226.0000 0.1365
11232.3000 0.1365
11233.7000 0.1366
11237.8000 0.1366
11245.4000 0.1366
11246.7000 0.1367
11248.2000 0.1367
11250.9000 0.1367
11260.6000 0.1368
11263.7000 0.1368
11265.2000 0.1368
11270.0000 0.1369
11272.3000 0.1369
11278.2000 0.1369
11279.6000 0.1370
11284.4000 0.1370
11288.7000 0.1370
11290.1000 0.1371
11293.9000 0.1371
11295.6000 0.1372
11295.6000 0.1372
11297.7000 0.1372
11309.2000 0.1373
11309.4000 0.1373
11312.3000 0.1373
11312.6000 0.1374
11317.6000 0.1374
11323.5000 0.1374
11326.0000 0.1375
11328.1000 0.1375
11331.9000 0.1375
11332.9000 0.1376
11335.2000 0.1376
11338.8000 0.1376
11343.3000 0.1377
11346.6000 0.1377
11348.4000 0.1377
11353.3000 0.1378
11359.4000 0.1378
11365.2000 0.1378
11367.7000 0.1379
11373.2000 0.1379
11376.5000 0.1380
11377.9000 0.1380
11381.4000 0.1380
11386.1000 0.1381
11393.8000 0.1381
11395.4000 0.1381
11398.7000 0.1382
11400.9000 0.1382
11408.6000 0.1382
11409.5000 0.1383
11413.7000 0.1383
11415.0000 0.1383
11419.3000 0.1384
11420.0000 0.1384
11423.7000 0.1384
11436.6000 0.1385
11444.1000 0.1385
11445.9000 0.1385
11446.5000 0.1386
11446.6000 0.1386
11446.7000 0.1386
11456.2000 0.1387
11456.6000 0.1387
11457.5000 0.1388
11459.6000 0.1388
11461.3000 0.1388
11461.8000 0.1389
11462.7000 0.1389
11465.6000 0.1389
11467.2000 0.1390
11469.0000 0.1390
11469.6000 0.1390
11476.6000 0.1391
11491.3000 0.1391
11496.6000 0.1391
11500.7000 0.1392
11513.4000 0.1392
11513.6000 0.1392
11515.0000 0.1393
11518.9000 0.1393
11519.6000 0.1393
11523.0000 0.1394
11524.5000 0.1394
11524.8000 0.1394
11525.0000 0.1395
11527.1000 0.1395
11534.4000 0.1395
11546.4000 0.1396
11549.5000 0.1396
11550.8000 0.1397
11555.5000 0.1397
11556.7000 0.1397
11556.9000 0.1398
11558.2000 0.1398
11558.5000 0.1398
11558.8000 0.1399
11569.6000 0.1399
11570.7000 0.1399
11575.4000 0.1400
11575.4000 0.1400
11576.9000 0.1400
11581.1000 0.1401
11585.9000 0.1401
11588.3000 0.1401
11593.0000 0.1402
11600.7000 0.1402
11605.4000 0.1402
11605.4000 0.1403
11605.5000 0.1403
11610.2000 0.1403
11612.1000 0.1404
11614.4000 0.1404
11615.3000 0.1405
11615.7000 0.1405
11616.8000 0.1405
11618.4000 0.1406
11620.1000 0.1406
11624.6000 0.1406
11632.7000 0.1407
11635.7000 0.1407
11640.1000 0.1407
11652.6000 0.1408
11654.6000 0.1408
11655.6000 0.1408
11658.1000 0.1409
11659.6000 0.1409
11670.8000 0.1409
11679.0000 0.1410
11680.8000 0.1410
11682.3000 0.1410
11683.3000 0.1411
11684.0000 0.1411
11685.3000 0.1411
11688.8000 0.1412
11691.7000 0.1412
11697.3000 0.1413
11698.2000 0.1413
11699.9000 0.1413
11701.8000 0.1414
11711.6000 0.1414
11713.4000 0.1414
11713.6000 0.1415
11715.3000 0.1415
11716.9000 0.1415
11718.6000 0.1416
11719.3000 0.1416
11722.4000 0.1416
11722.8000 0.1417
11724.8000 0.1417
11725.1000 0.1417
11740.9000 0.1418
11752.7000 0.1418
11755.6000 0.1418
11759.7000 0.1419
11760.0000 0.1419
11761.3000 0.1419
11762.4000 0.1420
11767.3000 0.1420
11773.3000 0.1420
11773.8000 0.1421
11773.8000 0.1421
11776.2000 0.1422
11776.3000 0.1422
11777.2000 0.1422
11779.6000 0.1423
11782.1000 0.1423
11785.3000 0.1423
11786.7000 0.1424
11787.2000 0.1424
11792.1000 0.1424
11795.9000 0.1425
11801.6000 0.1425
11801.7000 0.1425
11815.1000 0.1426
11817.0000 0.1426
11817.1000 0.1426
11818.7000 0.1427
11823.0000 0.1427
11826.2000 0.1427
11828.9000 0.1428
11834.8000 0.1428
11835.3000 0.1428
11837.6000 0.1429
11841.7000 0.1429
11845.8000 0.1430
11846.9000 0.1430
11853.5000 0.1430
11854.4000 0.1431
11858.6000 0.1431
11863.5000 0.1431
11871.9000 0.1432
11878.4000 0.1432
11881.5000 0.1432
11887.2000 0.1433
11896.2000 0.1433
11896.8000 0.1433
11898.3000 0.1434
11898.4000 0.1434
11900.2000 0.1434
11903.9000 0.1435
11907.7000 0.1435
11907.8000 0.1435
11909.3000 0.1436
11911.1000 0.1436
11916.9000 0.1436
11921.4000 0.1437
11921.7000 0.1437
11923.2000 0.1438
11924.1000 0.1438
11925.1000 0.1438
11925.6000 0.1439
11930.3000 0.1439
11931.5000 0.1439
11943.9000 0.1440
11944.4000 0.1440
11945.7000 0.1440
11945.9000 0.1441
11952.4000 0.1441
11958.3000 0.1441
11960.5000 0.1442
11960.6000 0.1442
11960.9000 0.1442
11962.0000 0.1443
11964.1000 0.1443
11966.4000 0.1443
11967.0000 0.1444
11972.0000 0.1444
11989.3000 0.1444
