# messageDelay  cumulativeProbability
5.0000 0.0002
5.0000 0.0003
5.0000 0.0005
5.0000 0.0007
5.0000 0.0009
5.0000 0.0010
5.0000 0.0012
5.0000 0.0014
5.0000 0.0016
5.0000 0.0017
5.0000 0.0019
5.0000 0.0021
5.0000 0.0023
5.0000 0.0024
139.5000 0.0026
141.9000 0.0028
209.7000 0.0030
217.9000 0.0031
232.2000 0.0033
234.7000 0.0035
238.6000 0.0036
267.3000 0.0038
301.5000 0.0040
307.3000 0.0042
320.4000 0.0043
329.9000 0.0045
355.7000 0.0047
392.3000 0.0049
414.7000 0.0050
421.6000 0.0052
426.4000 0.0054
429.6000 0.0056
443.8000 0.0057
449.1000 0.0059
459.8000 0.0061
471.2000 0.0063
478.9000 0.0064
479.4000 0.0066
491.5000 0.0068
499.1000 0.0069
499.7000 0.0071
502.2000 0.0073
513.1000 0.0075
514.3000 0.0076
522.2000 0.0078
537.3000 0.0080
543.8000 0.0082
551.3000 0.0083
553.8000 0.0085
569.5000 0.0087
595.6000 0.0089
600.4000 0.0090
610.5000 0.0092
611.7000 0.0094
620.3000 0.0095
629.0000 0.0097
635.1000 0.0099
639.9000 0.0101
661.4000 0.0102
661.6000 0.0104
692.8000 0.0106
698.6000 0.0108
720.0000 0.0109
721.6000 0.0111
722.6000 0.0113
728.9000 0.0115
738.1000 0.0116
741.4000 0.0118
758.9000 0.0120
776.3000 0.0122
786.3000 0.0123
794.5000 0.0125
811.1000 0.0127
816.5000 0.0128
822.4000 0.0130
825.9000 0.0132
842.0000 0.0134
853.0000 0.0135
863.0000 0.0137
884.6000 0.0139
888.9000 0.0141
897.9000 0.0142
917.3000 0.0144
920.4000 0.0146
938.1000 0.0148
939.7000 0.0149
949.5000 0.0151
955.0000 0.0153
963.2000 0.0155
965.1000 0.0156
974.7000 0.0158
981.5000 0.0160
993.8000 0.0161
1004.8000 0.0163
1011.3000 0.0165
1015.6000 0.0167
1016.3000 0.0168
1017.6000 0.0170
1020.1000 0.0172
1022.8000 0.0174
1024.0000 0.0175
1031.7000 0.0177
1052.9000 0.0179
1053.6000 0.0181
1062.3000 0.0182
1063.3000 0.0184
1066.6000 0.0186
1092.3000 0.0187
1106.6000 0.0189
1113.9000 0.0191
1124.5000 0.0193
1140.0000 0.0194
1142.3000 0.0196
1151.2000 0.0198
1151.7000 0.0200
1153.9000 0.0201
1161.5000 0.0203
1163.7000 0.0205
1164.8000 0.0207
1177.1000 0.0208
1205.8000 0.0210
1224.6000 0.0212
1227.3000 0.0214
1238.8000 0.0215
1239.6000 0.0217
1239.7000 0.0219
1247.7000 0.0220
1255.9000 0.0222
1273.1000 0.0224
1278.5000 0.0226
1281.4000 0.0227
1284.6000 0.0229
1285.5000 0.0231
1287.8000 0.0233
1290.4000 0.0234
1291.8000 0.0236
1306.9000 0.0238
1308.6000 0.0240
1311.0000 0.0241
1316.9000 0.0243
1326.7000 0.0245
1326.8000 0.0247
1339.5000 0.0248
1345.0000 0.0250
1345.2000 0.0252
1351.5000 0.0253
1358.6000 0.0255
1380.2000 0.0257
1382.9000 0.0259
1412.4000 0.0260
1427.2000 0.0262
1430.2000 0.0264
1443.3000 0.0266
1444.8000 0.0267
1447.6000 0.0269
1456.7000 0.0271
1458.6000 0.0273
1467.8000 0.0274
1481.9000 0.0276
1482.5000 0.0278
1486.4000 0.0280
1487.7000 0.0281
1489.3000 0.0283
1493.0000 0.0285
1512.6000 0.0286
1517.8000 0.0288
1520.0000 0.0290
1525.2000 0.0292
1535.2000 0.0293
1535.3000 0.0295
1538.6000 0.0297
1538.8000 0.0299
1549.3000 0.0300
1550.1000 0.0302
1561.3000 0.0304
1569.0000 0.0306
1574.9000 0.0307
1585.8000 0.0309
1600.5000 0.0311
1602.9000 0.0312
1603.5000 0.0314
1604.5000 0.0316
1616.7000 0.0318
1622.2000 0.0319
1626.2000 0.0321
1626.5000 0.0323
1636.6000 0.0325
1639.1000 0.0326
1645.2000 0.0328
1655.5000 0.0330
1662.5000 0.0332
1684.2000 0.0333
1687.0000 0.0335
1706.4000 0.0337
1716.5000 0.0339
1721.6000 0.0340
1733.3000 0.0342
1743.0000 0.0344
1743.2000 0.0345
1761.5000 0.0347
1761.6000 0.0349
1764.3000 0.0351
1765.8000 0.0352
1766.3000 0.0354
1778.6000 0.0356
1792.7000 0.0358
1801.6000 0.0359
1807.6000 0.0361
1814.0000 0.0363
1835.7000 0.0365
1844.6000 0.0366
1858.3000 0.0368
1871.6000 0.0370
1872.1000 0.0372
1886.5000 0.0373
1886.8000 0.0375
1894.9000 0.0377
1903.0000 0.0378
1903.6000 0.0380
1917.1000 0.0382
1918.6000 0.0384
1926.5000 0.0385
1934.0000 0.0387
1941.7000 0.0389
1945.4000 0.0391
1946.1000 0.0392
1947.7000 0.0394
1954.8000 0.0396
1961.6000 0.0398
1973.6000 0.0399
1975.1000 0.0401
1983.5000 0.0403
1988.8000 0.0405
1992.3000 0.0406
1997.1000 0.0408
2009.4000 0.0410
2011.6000 0.0411
2012.3000 0.0413
2016.9000 0.0415
2031.0000 0.0417
2031.7000 0.0418
2036.5000 0.0420
2047.2000 0.0422
2047.7000 0.0424
2058.7000 0.0425
2059.5000 0.0427
2066.4000 0.0429
2072.5000 0.0431
2073.6000 0.0432
2076.7000 0.0434
2083.4000 0.0436
2085.0000 0.0437
2086.8000 0.0439
2089.4000 0.0441
2093.5000 0.0443
2094.2000 0.0444
2102.3000 0.0446
2102.6000 0.0448
2107.8000 0.0450
2115.3000 0.0451
2120.0000 0.0453
2129.2000 0.0455
2138.9000 0.0457
2153.0000 0.0458
2154.4000 0.0460
2158.4000 0.0462
2165.3000 0.0464
2194.3000 0.0465
2223.4000 0.0467
2230.0000 0.0469
2236.1000 0.0470
2243.0000 0.0472
2243.2000 0.0474
2250.5000 0.0476
2257.3000 0.0477
2258.3000 0.0479
2263.8000 0.0481
2268.5000 0.0483
2272.6000 0.0484
2282.7000 0.0486
2291.8000 0.0488
2294.6000 0.0490
2302.5000 0.0491
2303.9000 0.0493
2309.8000 0.0495
2313.7000 0.0497
2314.1000 0.0498
2367.5000 0.0500
2368.9000 0.0502
2373.1000 0.0503
2381.4000 0.0505
2383.1000 0.0507
2384.4000 0.0509
2392.8000 0.0510
2410.4000 0.0512
2412.3000 0.0514
2412.7000 0.0516
2419.2000 0.0517
2424.7000 0.0519
2444.6000 0.0521
2445.1000 0.0523
2452.9000 0.0524
2456.2000 0.0526
2467.1000 0.0528
2477.6000 0.0530
2486.2000 0.0531
2497.8000 0.0533
2499.4000 0.0535
2519.3000 0.0536
2521.8000 0.0538
2526.7000 0.0540
2529.4000 0.0542
2529.6000 0.0543
2556.6000 0.0545
2561.4000 0.0547
2576.7000 0.0549
2579.3000 0.0550
2588.9000 0.0552
2601.5000 0.0554
2601.7000 0.0556
2602.7000 0.0557
2622.9000 0.0559
2631.7000 0.0561
2641.3000 0.0562
2641.6000 0.0564
2664.6000 0.0566
2666.5000 0.0568
2680.4000 0.0569
2703.5000 0.0571
2704.7000 0.0573
2712.0000 0.0575
2726.7000 0.0576
2726.7000 0.0578
2735.8000 0.0580
2745.3000 0.0582
2752.9000 0.0583
2761.6000 0.0585
2777.3000 0.0587
2781.5000 0.0589
2826.5000 0.0590
2831.8000 0.0592
2840.9000 0.0594
2841.2000 0.0595
2847.8000 0.0597
2876.5000 0.0599
2876.7000 0.0601
2898.0000 0.0602
2907.5000 0.0604
2909.1000 0.0606
2918.2000 0.0608
2986.1000 0.0609
2989.2000 0.0611
2992.5000 0.0613
3007.8000 0.0615
3008.8000 0.0616
3025.7000 0.0618
3032.8000 0.0620
3043.9000 0.0622
3054.1000 0.0623
3054.7000 0.0625
3056.6000 0.0627
3063.0000 0.0628
3092.2000 0.0630
3093.5000 0.0632
3094.7000 0.0634
3101.6000 0.0635
3102.9000 0.0637
3111.4000 0.0639
3112.3000 0.0641
3117.4000 0.0642
3123.2000 0.0644
3130.0000 0.0646
3132.0000 0.0648
3135.0000 0.0649
3135.9000 0.0651
3146.0000 0.0653
3152.7000 0.0655
3163.3000 0.0656
3185.6000 0.0658
3191.6000 0.0660
3197.9000 0.0661
3206.6000 0.0663
3222.3000 0.0665
3227.1000 0.0667
3251.5000 0.0668
3259.3000 0.0670
3263.7000 0.0672
3265.0000 0.0674
3279.5000 0.0675
3280.8000 0.0677
3281.4000 0.0679
3282.0000 0.0681
3284.6000 0.0682
3285.7000 0.0684
3293.9000 0.0686
3312.3000 0.0687
3326.7000 0.0689
3331.6000 0.0691
3333.9000 0.0693
3347.3000 0.0694
3376.5000 0.0696
3388.2000 0.0698
3403.7000 0.0700
3417.4000 0.0701
3418.9000 0.0703
3427.2000 0.0705
3431.5000 0.0707
3433.1000 0.0708
3456.4000 0.0710
3457.7000 0.0712
3460.4000 0.0714
3462.9000 0.0715
3477.8000 0.0717
3526.0000 0.0719
3532.2000 0.0720
3542.3000 0.0722
3548.5000 0.0724
3551.6000 0.0726
3551.7000 0.0727
3561.7000 0.0729
3578.5000 0.0731
3592.5000 0.0733
3613.9000 0.0734
3622.3000 0.0736
3626.6000 0.0738
3637.5000 0.0740
3639.6000 0.0741
3665.2000 0.0743
3674.8000 0.0745
3682.8000 0.0747
3686.7000 0.0748
3693.6000 0.0750
3703.6000 0.0752
3707.9000 0.0753
3708.8000 0.0755
3718.8000 0.0757
3726.5000 0.0759
3726.6000 0.0760
3755.1000 0.0762
3777.1000 0.0764
3783.6000 0.0766
3783.9000 0.0767
3798.0000 0.0769
3799.3000 0.0771
3833.3000 0.0773
3833.7000 0.0774
3876.8000 0.0776
3878.4000 0.0778
3886.8000 0.0780
3892.4000 0.0781
3910.8000 0.0783
3910.9000 0.0785
3913.2000 0.0786
3916.2000 0.0788
3940.0000 0.0790
3946.5000 0.0792
3948.1000 0.0793
3953.8000 0.0795
3963.5000 0.0797
3967.3000 0.0799
4000.6000 0.0800
4029.1000 0.0802
4039.4000 0.0804
4058.0000 0.0806
4093.7000 0.0807
4117.5000 0.0809
4127.7000 0.0811
4138.9000 0.0812
4147.3000 0.0814
4149.3000 0.0816
4155.4000 0.0818
4157.8000 0.0819
4165.8000 0.0821
4176.8000 0.0823
4188.2000 0.0825
4215.8000 0.0826
4216.6000 0.0828
4218.6000 0.0830
4219.7000 0.0832
4226.5000 0.0833
4233.6000 0.0835
4237.1000 0.0837
4243.9000 0.0839
4251.1000 0.0840
4251.6000 0.0842
4254.6000 0.0844
4312.3000 0.0845
4313.9000 0.0847
4327.5000 0.0849
4341.6000 0.0851
4362.5000 0.0852
4368.5000 0.0854
4371.0000 0.0856
4383.7000 0.0858
4394.5000 0.0859
4402.3000 0.0861
4412.8000 0.0863
4423.9000 0.0865
4428.0000 0.0866
4436.8000 0.0868
4436.8000 0.0870
4466.6000 0.0872
4466.7000 0.0873
4470.9000 0.0875
4502.6000 0.0877
4516.7000 0.0878
4539.5000 0.0880
4544.4000 0.0882
4547.0000 0.0884
4562.3000 0.0885
4571.3000 0.0887
4596.5000 0.0889
4600.5000 0.0891
4602.2000 0.0892
4619.0000 0.0894
4663.9000 0.0896
4682.9000 0.0898
4684.5000 0.0899
4692.5000 0.0901
4701.5000 0.0903
4703.6000 0.0905
4707.0000 0.0906
4716.7000 0.0908
4727.6000 0.0910
4749.6000 0.0911
4751.7000 0.0913
4759.7000 0.0915
4784.6000 0.0917
4792.3000 0.0918
4802.1000 0.0920
4805.2000 0.0922
4808.9000 0.0924
4817.2000 0.0925
4817.6000 0.0927
4820.7000 0.0929
4842.7000 0.0931
4855.2000 0.0932
4865.9000 0.0934
4866.1000 0.0936
4870.2000 0.0937
4873.6000 0.0939
4878.7000 0.0941
4921.9000 0.0943
4945.7000 0.0944
4949.0000 0.0946
4977.9000 0.0948
4980.7000 0.0950
4987.1000 0.0951
4991.5000 0.0953
4995.6000 0.0955
5018.4000 0.0957
5022.6000 0.0958
5066.7000 0.0960
5069.6000 0.0962
5097.3000 0.0964
5108.5000 0.0965
5116.4000 0.0967
5133.6000 0.0969
5144.2000 0.0970
5180.2000 0.0972
5206.6000 0.0974
5219.2000 0.0976
5224.7000 0.0977
5232.2000 0.0979
5236.1000 0.0981
5238.0000 0.0983
5249.8000 0.0984
5268.5000 0.0986
5273.7000 0.0988
5292.4000 0.0990
5306.2000 0.0991
5374.1000 0.0993
5392.0000 0.0995
5417.7000 0.0997
5451.5000 0.0998
5452.1000 0.1000
5452.4000 0.1002
5477.9000 0.1003
5508.9000 0.1005
5516.3000 0.1007
5518.6000 0.1009
5526.3000 0.1010
5545.1000 0.1012
5556.4000 0.1014
5571.4000 0.1016
5579.0000 0.1017
5593.6000 0.1019
5598.7000 0.1021
5610.3000 0.1023
5618.8000 0.1024
5636.6000 0.1026
5641.6000 0.1028
5648.2000 0.1030
5651.5000 0.1031
5656.6000 0.1033
5658.3000 0.1035
5736.7000 0.1036
5738.2000 0.1038
5742.6000 0.1040
5749.8000 0.1042
5751.5000 0.1043
5768.3000 0.1045
5769.4000 0.1047
5782.3000 0.1049
5800.1000 0.1050
5808.9000 0.1052
5845.4000 0.1054
5862.0000 0.1056
5871.5000 0.1057
5888.6000 0.1059
5890.9000 0.1061
5911.6000 0.1062
5940.5000 0.1064
5944.4000 0.1066
5961.5000 0.1068
5963.1000 0.1069
5978.1000 0.1071
5989.0000 0.1073
5989.4000 0.1075
5996.4000 0.1076
5998.1000 0.1078
5998.5000 0.1080
6002.9000 0.1082
6011.1000 0.1083
6042.4000 0.1085
6064.0000 0.1087
6077.7000 0.1089
6086.7000 0.1090
6102.9000 0.1092
6106.3000 0.1094
6113.5000 0.1095
6123.2000 0.1097
6139.3000 0.1099
6143.8000 0.1101
6162.7000 0.1102
6172.4000 0.1104
6175.9000 0.1106
6176.4000 0.1108
6176.5000 0.1109
6204.9000 0.1111
6225.1000 0.1113
6237.2000 0.1115
6254.7000 0.1116
6255.4000 0.1118
6256.2000 0.1120
6273.2000 0.1122
6275.3000 0.1123
6288.3000 0.1125
6302.3000 0.1127
6321.1000 0.1128
6322.4000 0.1130
6336.7000 0.1132
6337.6000 0.1134
6341.1000 0.1135
6392.9000 0.1137
6403.9000 0.1139
6422.6000 0.1141
6426.5000 0.1142
6429.6000 0.1144
6459.0000 0.1146
6483.2000 0.1148
6486.2000 0.1149
6497.7000 0.1151
6498.2000 0.1153
6511.6000 0.1155
6516.8000 0.1156
6533.6000 0.1158
6553.2000 0.1160
6554.7000 0.1161
6580.0000 0.1163
6582.8000 0.1165
6585.2000 0.1167
6640.8000 0.1168
6647.9000 0.1170
6661.3000 0.1172
6665.1000 0.1174
6665.1000 0.1175
6687.1000 0.1177
6695.6000 0.1179
6702.4000 0.1181
6712.5000 0.1182
6719.7000 0.1184
6721.7000 0.1186
6731.5000 0.1187
6742.9000 0.1189
6762.8000 0.1191
6768.3000 0.1193
6769.6000 0.1194
6779.0000 0.1196
6804.3000 0.1198
6808.8000 0.1200
6809.0000 0.1201
6819.6000 0.1203
6820.0000 0.1205
6822.3000 0.1207
6836.6000 0.1208
6847.7000 0.1210
6857.4000 0.1212
6862.8000 0.1214
6876.5000 0.1215
6881.5000 0.1217
6932.9000 0.1219
6951.2000 0.1220
6952.6000 0.1222
6957.6000 0.1224
6960.9000 0.1226
6964.7000 0.1227
6967.5000 0.1229
6967.8000 0.1231
6979.4000 0.1233
6992.7000 0.1234
7003.0000 0.1236
7008.1000 0.1238
7028.4000 0.1240
7038.6000 0.1241
7062.4000 0.1243
7100.4000 0.1245
7189.5000 0.1247
7206.4000 0.1248
7215.4000 0.1250
7231.8000 0.1252
7232.8000 0.1253
7267.8000 0.1255
7269.8000 0.1257
7302.3000 0.1259
7326.4000 0.1260
7330.7000 0.1262
7338.6000 0.1264
7340.2000 0.1266
7356.3000 0.1267
7364.8000 0.1269
7372.6000 0.1271
7391.0000 0.1273
7443.6000 0.1274
7443.9000 0.1276
7454.6000 0.1278
7454.7000 0.1280
7456.0000 0.1281
7457.6000 0.1283
7478.5000 0.1285
7490.5000 0.1286
7490.6000 0.1288
7507.7000 0.1290
7532.3000 0.1292
7538.0000 0.1293
7541.6000 0.1295
7542.8000 0.1297
7544.0000 0.1299
7572.6000 0.1300
7580.1000 0.1302
7587.7000 0.1304
7647.6000 0.1306
7676.3000 0.1307
7693.6000 0.1309
7706.7000 0.1311
7712.1000 0.1312
7720.8000 0.1314
7732.4000 0.1316
7746.4000 0.1318
7761.7000 0.1319
7809.0000 0.1321
7811.4000 0.1323
7814.0000 0.1325
7837.9000 0.1326
7884.8000 0.1328
7910.5000 0.1330
7911.6000 0.1332
7931.8000 0.1333
7934.1000 0.1335
7953.8000 0.1337
7969.7000 0.1339
8006.1000 0.1340
8032.9000 0.1342
8046.6000 0.1344
8055.7000 0.1345
8067.6000 0.1347
8073.0000 0.1349
8092.5000 0.1351
8093.5000 0.1352
8119.7000 0.1354
8127.5000 0.1356
8128.1000 0.1358
8134.6000 0.1359
8152.9000 0.1361
8172.6000 0.1363
8176.7000 0.1365
8186.5000 0.1366
8187.1000 0.1368
8188.9000 0.1370
8201.2000 0.1372
8206.8000 0.1373
8217.5000 0.1375
8221.7000 0.1377
8234.7000 0.1378
8252.6000 0.1380
8263.3000 0.1382
8266.5000 0.1384
8283.9000 0.1385
8292.2000 0.1387
8326.2000 0.1389
8328.1000 0.1391
8335.1000 0.1392
8353.6000 0.1394
8366.8000 0.1396
8377.3000 0.1398
8403.7000 0.1399
8409.0000 0.1401
8414.8000 0.1403
8439.4000 0.1405
8443.6000 0.1406
8457.4000 0.1408
8464.0000 0.1410
8494.0000 0.1411
8508.0000 0.1413
8512.8000 0.1415
8525.5000 0.1417
8529.6000 0.1418
8538.1000 0.1420
8551.5000 0.1422
8553.0000 0.1424
8563.2000 0.1425
8582.7000 0.1427
8591.1000 0.1429
8591.4000 0.1431
8594.5000 0.1432
8595.6000 0.1434
8602.6000 0.1436
8604.0000 0.1437
8656.4000 0.1439
8678.8000 0.1441
8688.6000 0.1443
8700.5000 0.1444
8701.5000 0.1446
8704.9000 0.1448
8716.1000 0.1450
8758.2000 0.1451
8763.0000 0.1453
8777.8000 0.1455
8794.9000 0.1457
8824.3000 0.1458
8831.3000 0.1460
8852.9000 0.1462
8861.7000 0.1464
8913.8000 0.1465
8978.7000 0.1467
8982.4000 0.1469
8985.8000 0.1470
8987.8000 0.1472
8993.8000 0.1474
9004.3000 0.1476
9017.6000 0.1477
9022.9000 0.1479
9043.3000 0.1481
9054.6000 0.1483
9057.8000 0.1484
9060.4000 0.1486
9072.0000 0.1488
9092.9000 0.1490
9097.9000 0.1491
9116.4000 0.1493
9122.4000 0.1495
9133.8000 0.1497
9136.7000 0.1498
9163.9000 0.1500
9176.6000 0.1502
9178.9000 0.1503
9187.0000 0.1505
9198.0000 0.1507
9210.2000 0.1509
9218.1000 0.1510
9264.7000 0.1512
9270.7000 0.1514
9282.8000 0.1516
9290.0000 0.1517
9299.0000 0.1519
9299.4000 0.1521
9351.1000 0.1523
9353.9000 0.1524
9369.0000 0.1526
9381.1000 0.1528
9382.8000 0.1530
9409.3000 0.1531
9432.8000 0.1533
9443.1000 0.1535
9451.6000 0.1536
9453.8000 0.1538
9455.3000 0.1540
9476.2000 0.1542
9482.1000 0.1543
9484.6000 0.1545
9525.6000 0.1547
9527.5000 0.1549
9562.1000 0.1550
9568.2000 0.1552
9583.9000 0.1554
9611.3000 0.1556
9612.7000 0.1557
9615.8000 0.1559
9641.3000 0.1561
9643.0000 0.1562
9657.9000 0.1564
9671.3000 0.1566
9682.6000 0.1568
9683.8000 0.1569
9696.6000 0.1571
9697.6000 0.1573
9716.5000 0.1575
9718.5000 0.1576
9748.5000 0.1578
9782.6000 0.1580
9809.3000 0.1582
9841.6000 0.1583
9862.8000 0.1585
9868.8000 0.1587
9925.3000 0.1589
9928.0000 0.1590
9932.6000 0.1592
9932.6000 0.1594
9955.7000 0.1595
9965.3000 0.1597
9967.1000 0.1599
10003.5000 0.1601
10013.5000 0.1602
10054.3000 0.1604
10070.6000 0.1606
10086.9000 0.1608
10093.5000 0.1609
10097.2000 0.1611
10107.8000 0.1613
10109.6000 0.1615
10119.7000 0.1616
10131.8000 0.1618
10178.8000 0.1620
10194.1000 0.1622
10202.6000 0.1623
10207.1000 0.1625
10223.4000 0.1627
10227.5000 0.1628
10263.7000 0.1630
10276.2000 0.1632
10332.5000 0.1634
10346.3000 0.1635
10377.3000 0.1637
10451.7000 0.1639
10464.7000 0.1641
10486.5000 0.1642
10488.2000 0.1644
10502.6000 0.1646
10507.1000 0.1648
10528.8000 0.1649
10530.2000 0.1651
10553.9000 0.1653
10566.7000 0.1655
10600.0000 0.1656
10601.7000 0.1658
10613.5000 0.1660
10641.6000 0.1661
10644.7000 0.1663
10656.7000 0.1665
10660.9000 0.1667
10665.4000 0.1668
10666.2000 0.1670
10666.4000 0.1672
10710.1000 0.1674
10739.8000 0.1675
10782.5000 0.1677
10804.9000 0.1679
10827.2000 0.1681
10832.6000 0.1682
10848.0000 0.1684
10850.1000 0.1686
10870.6000 0.1687
10882.6000 0.1689
10885.6000 0.1691
10909.7000 0.1693
10913.2000 0.1694
10919.5000 0.1696
10921.7000 0.1698
10928.3000 0.1700
10952.6000 0.1701
11008.2000 0.1703
11046.8000 0.1705
11047.9000 0.1707
11051.3000 0.1708
11054.1000 0.1710
11078.2000 0.1712
11111.3000 0.1714
11111.6000 0.1715
11119.0000 0.1717
11122.6000 0.1719
11126.1000 0.1720
11149.2000 0.1722
11156.7000 0.1724
11159.1000 0.1726
11174.1000 0.1727
11184.7000 0.1729
11197.4000 0.1731
11218.5000 0.1733
11238.5000 0.1734
11242.7000 0.1736
11246.5000 0.1738
11248.4000 0.1740
11289.1000 0.1741
11298.0000 0.1743
11311.2000 0.1745
11317.5000 0.1747
11337.4000 0.1748
11367.2000 0.1750
11397.7000 0.1752
11402.6000 0.1753
11422.8000 0.1755
11437.5000 0.1757
11447.6000 0.1759
11486.9000 0.1760
11501.6000 0.1762
11543.0000 0.1764
11546.0000 0.1766
11576.4000 0.1767
11590.7000 0.1769
11592.4000 0.1771
11631.4000 0.1773
11633.5000 0.1774
11653.2000 0.1776
11657.9000 0.1778
11666.2000 0.1780
11695.8000 0.1781
11709.5000 0.1783
11717.5000 0.1785
11780.2000 0.1786
11800.5000 0.1788
11802.7000 0.1790
11831.7000 0.1792
11862.3000 0.1793
11871.5000 0.1795
11877.1000 0.1797
11881.1000 0.1799
11889.4000 0.1800
11900.0000 0.1802
11917.3000 0.1804
11923.9000 0.1806
11941.2000 0.1807
11942.0000 0.1809
11947.9000 0.1811
11956.7000 0.1812
11973.4000 0.1814
11974.1000 0.1816
12008.9000 0.1818
12011.9000 0.1819
12020.0000 0.1821
12025.3000 0.1823
12049.7000 0.1825
12080.2000 0.1826
12126.8000 0.1828
12131.8000 0.1830
12147.2000 0.1832
12159.4000 0.1833
12161.7000 0.1835
12178.9000 0.1837
12182.5000 0.1839
12183.9000 0.1840
12221.0000 0.1842
12237.6000 0.1844
12243.7000 0.1845
12292.7000 0.1847
12295.4000 0.1849
12357.9000 0.1851
12389.2000 0.1852
12392.0000 0.1854
12394.6000 0.1856
12423.6000 0.1858
12469.6000 0.1859
12483.6000 0.1861
12489.1000 0.1863
12498.5000 0.1865
12513.8000 0.1866
12527.1000 0.1868
12543.8000 0.1870
12570.0000 0.1872
12573.8000 0.1873
12584.0000 0.1875
12623.4000 0.1877
12627.0000 0.1878
12653.1000 0.1880
12762.8000 0.1882
12803.5000 0.1884
12817.5000 0.1885
12857.0000 0.1887
12905.6000 0.1889
12938.3000 0.1891
12958.2000 0.1892
12963.8000 0.1894
12972.9000 0.1896
12979.2000 0.1898
12997.7000 0.1899
13035.9000 0.1901
13073.1000 0.1903
13118.1000 0.1905
13129.4000 0.1906
13139.0000 0.1908
13149.3000 0.1910
13171.3000 0.1911
13171.4000 0.1913
13179.9000 0.1915
13263.4000 0.1917
13276.6000 0.1918
13276.7000 0.1920
13306.5000 0.1922
13345.8000 0.1924
13367.5000 0.1925
13368.6000 0.1927
13378.1000 0.1929
13382.3000 0.1931
13394.9000 0.1932
13436.4000 0.1934
13439.6000 0.1936
13454.5000 0.1937
13483.8000 0.1939
13483.9000 0.1941
13510.9000 0.1943
13544.7000 0.1944
13547.8000 0.1946
13571.6000 0.1948
13597.2000 0.1950
13619.4000 0.1951
13649.5000 0.1953
13651.5000 0.1955
13652.2000 0.1957
13656.1000 0.1958
13665.7000 0.1960
13687.6000 0.1962
13695.0000 0.1964
13713.6000 0.1965
13715.4000 0.1967
13722.3000 0.1969
13727.1000 0.1970
13729.2000 0.1972
13747.1000 0.1974
13777.3000 0.1976
13782.7000 0.1977
13794.4000 0.1979
13823.6000 0.1981
13831.0000 0.1983
13832.6000 0.1984
13837.3000 0.1986
13842.6000 0.1988
13867.8000 0.1990
13882.7000 0.1991
13892.7000 0.1993
13897.6000 0.1995
13899.5000 0.1997
13943.4000 0.1998
13953.3000 0.2000
13969.0000 0.2002
13970.2000 0.2003
13986.8000 0.2005
13994.1000 0.2007
13994.9000 0.2009
13999.8000 0.2010
14047.0000 0.2012
14057.7000 0.2014
14058.6000 0.2016
14088.6000 0.2017
14092.9000 0.2019
14118.9000 0.2021
14120.7000 0.2023
14131.6000 0.2024
14185.8000 0.2026
14197.1000 0.2028
14201.6000 0.2030
14221.9000 0.2031
14223.4000 0.2033
14275.5000 0.2035
14297.7000 0.2036
14298.9000 0.2038
14305.3000 0.2040
14352.9000 0.2042
14371.4000 0.2043
14396.0000 0.2045
14402.6000 0.2047
14408.2000 0.2049
14410.0000 0.2050
14448.0000 0.2052
14448.8000 0.2054
14458.5000 0.2056
14489.4000 0.2057
14490.6000 0.2059
14522.7000 0.2061
14538.1000 0.2062
14559.6000 0.2064
14559.9000 0.2066
14584.6000 0.2068
14594.9000 0.2069
14607.5000 0.2071
14609.6000 0.2073
14624.4000 0.2075
14631.5000 0.2076
14634.8000 0.2078
14645.2000 0.2080
14650.2000 0.2082
14748.1000 0.2083
14756.9000 0.2085
14758.0000 0.2087
14791.8000 0.2089
14792.9000 0.2090
14860.0000 0.2092
14871.6000 0.2094
14871.7000 0.2095
14881.7000 0.2097
14916.7000 0.2099
14919.8000 0.2101
14948.7000 0.2102
14960.1000 0.2104
14969.4000 0.2106
15005.4000 0.2108
15007.9000 0.2109
15013.6000 0.2111
15081.5000 0.2113
15086.7000 0.2115
15096.4000 0.2116
15104.1000 0.2118
15110.1000 0.2120
15121.7000 0.2122
15130.9000 0.2123
15139.4000 0.2125
15170.5000 0.2127
15194.8000 0.2128
15198.7000 0.2130
15217.7000 0.2132
15218.3000 0.2134
15222.8000 0.2135
15224.2000 0.2137
15227.8000 0.2139
15248.8000 0.2141
15257.4000 0.2142
15273.6000 0.2144
15275.3000 0.2146
15283.7000 0.2148
15295.0000 0.2149
15301.3000 0.2151
15310.7000 0.2153
15328.5000 0.2155
15343.3000 0.2156
15363.1000 0.2158
15406.8000 0.2160
15410.4000 0.2161
15417.0000 0.2163
15472.9000 0.2165
15475.0000 0.2167
15477.7000 0.2168
15479.4000 0.2170
15481.2000 0.2172
15509.5000 0.2174
15509.8000 0.2175
15523.2000 0.2177
15548.4000 0.2179
15551.4000 0.2181
15564.0000 0.2182
15575.0000 0.2184
15579.3000 0.2186
15589.4000 0.2187
15610.3000 0.2189
15616.4000 0.2191
15621.1000 0.2193
15634.8000 0.2194
15653.5000 0.2196
15681.7000 0.2198
15686.5000 0.2200
15705.0000 0.2201
15718.6000 0.2203
15755.7000 0.2205
15755.7000 0.2207
15792.2000 0.2208
15811.2000 0.2210
15815.2000 0.2212
15818.9000 0.2214
15823.1000 0.2215
15828.0000 0.2217
15834.8000 0.2219
15851.5000 0.2220
15855.3000 0.2222
15857.1000 0.2224
15869.6000 0.2226
15906.7000 0.2227
15907.5000 0.2229
15910.1000 0.2231
15926.4000 0.2233
15927.0000 0.2234
15934.1000 0.2236
15949.5000 0.2238
15963.2000 0.2240
15966.1000 0.2241
15979.3000 0.2243
15985.0000 0.2245
15989.8000 0.2247
16022.1000 0.2248
16025.9000 0.2250
16044.4000 0.2252
16048.8000 0.2253
16085.1000 0.2255
16088.8000 0.2257
16093.6000 0.2259
16098.9000 0.2260
16104.6000 0.2262
16108.7000 0.2264
16133.6000 0.2266
16145.5000 0.2267
16178.5000 0.2269
16187.5000 0.2271
16206.5000 0.2273
16255.0000 0.2274
16260.5000 0.2276
16267.7000 0.2278
16272.7000 0.2280
16281.6000 0.2281
16282.3000 0.2283
16316.0000 0.2285
16318.6000 0.2286
16333.3000 0.2288
16348.2000 0.2290
16353.9000 0.2292
16366.7000 0.2293
16377.7000 0.2295
16382.6000 0.2297
16401.4000 0.2299
16409.8000 0.2300
16411.1000 0.2302
16421.1000 0.2304
16467.0000 0.2306
16488.6000 0.2307
16488.8000 0.2309
16501.4000 0.2311
16519.5000 0.2312
16520.2000 0.2314
16529.7000 0.2316
16541.4000 0.2318
16544.1000 0.2319
16556.7000 0.2321
16560.0000 0.2323
16579.0000 0.2325
16598.5000 0.2326
16602.8000 0.2328
16613.5000 0.2330
16616.7000 0.2332
16699.8000 0.2333
16701.1000 0.2335
16742.4000 0.2337
16746.6000 0.2339
16753.1000 0.2340
16766.6000 0.2342
16767.6000 0.2344
16778.0000 0.2345
16791.4000 0.2347
16795.4000 0.2349
16833.8000 0.2351
16837.7000 0.2352
16846.5000 0.2354
16863.3000 0.2356
16867.6000 0.2358
16869.3000 0.2359
16875.9000 0.2361
16895.4000 0.2363
16899.5000 0.2365
16937.1000 0.2366
16953.9000 0.2368
16979.5000 0.2370
17016.6000 0.2372
17023.7000 0.2373
17027.1000 0.2375
17043.2000 0.2377
17054.5000 0.2378
17055.0000 0.2380
17061.3000 0.2382
17082.7000 0.2384
17083.7000 0.2385
17092.3000 0.2387
17097.3000 0.2389
17124.7000 0.2391
17140.3000 0.2392
17143.4000 0.2394
17152.7000 0.2396
17153.7000 0.2398
17173.0000 0.2399
17228.9000 0.2401
17233.9000 0.2403
17254.3000 0.2405
17258.2000 0.2406
17272.1000 0.2408
17272.4000 0.2410
17282.8000 0.2411
17283.1000 0.2413
17289.5000 0.2415
17322.7000 0.2417
17325.1000 0.2418
17336.7000 0.2420
17337.6000 0.2422
17344.4000 0.2424
17344.4000 0.2425
17348.3000 0.2427
17352.1000 0.2429
17376.3000 0.2431
17402.7000 0.2432
17431.6000 0.2434
17447.2000 0.2436
17447.4000 0.2437
17460.3000 0.2439
17465.3000 0.2441
17471.2000 0.2443
17499.0000 0.2444
17505.3000 0.2446
17552.7000 0.2448
17559.1000 0.2450
17620.1000 0.2451
17622.8000 0.2453
17638.3000 0.2455
17653.2000 0.2457
17662.6000 0.2458
17680.0000 0.2460
17695.0000 0.2462
17699.5000 0.2464
17701.5000 0.2465
17736.5000 0.2467
17762.5000 0.2469
17786.7000 0.2470
17786.8000 0.2472
17790.1000 0.2474
17797.7000 0.2476
17798.4000 0.2477
17805.9000 0.2479
17806.6000 0.2481
17847.4000 0.2483
17865.4000 0.2484
17874.5000 0.2486
17892.9000 0.2488
17896.2000 0.2490
17898.7000 0.2491
17915.4000 0.2493
17916.7000 0.2495
17917.3000 0.2497
17919.4000 0.2498
17932.3000 0.2500
17947.5000 0.2502
17957.9000 0.2503
17958.8000 0.2505
17964.0000 0.2507
17964.1000 0.2509
17994.9000 0.2510
17997.6000 0.2512
18006.7000 0.2514
18010.6000 0.2516
18011.6000 0.2517
18041.7000 0.2519
18065.9000 0.2521
18079.1000 0.2523
18119.0000 0.2524
18131.6000 0.2526
18142.2000 0.2528
18143.7000 0.2530
18163.3000 0.2531
18174.0000 0.2533
18176.6000 0.2535
18181.5000 0.2536
18184.7000 0.2538
18185.5000 0.2540
18193.7000 0.2542
18197.9000 0.2543
18244.5000 0.2545
18251.4000 0.2547
18251.5000 0.2549
18252.9000 0.2550
18254.0000 0.2552
18269.7000 0.2554
18295.5000 0.2556
18296.9000 0.2557
18308.4000 0.2559
18328.9000 0.2561
18341.1000 0.2563
18344.8000 0.2564
18369.3000 0.2566
18370.3000 0.2568
18380.2000 0.2569
18386.7000 0.2571
18414.1000 0.2573
18417.9000 0.2575
18446.3000 0.2576
18455.7000 0.2578
18481.4000 0.2580
18490.4000 0.2582
18494.0000 0.2583
18506.6000 0.2585
18527.2000 0.2587
18532.2000 0.2589
18536.5000 0.2590
18550.5000 0.2592
18556.2000 0.2594
18563.9000 0.2595
18593.3000 0.2597
18601.7000 0.2599
18607.9000 0.2601
18609.6000 0.2602
18656.4000 0.2604
18659.5000 0.2606
18664.4000 0.2608
18687.0000 0.2609
18721.5000 0.2611
18726.2000 0.2613
18750.5000 0.2615
18752.7000 0.2616
18766.4000 0.2618
18766.7000 0.2620
18801.7000 0.2622
18804.5000 0.2623
18826.1000 0.2625
18849.5000 0.2627
18855.2000 0.2628
18903.7000 0.2630
18921.5000 0.2632
18936.2000 0.2634
18940.9000 0.2635
18943.7000 0.2637
18962.2000 0.2639
18973.1000 0.2641
18981.5000 0.2642
19006.5000 0.2644
19058.6000 0.2646
19105.2000 0.2648
19106.2000 0.2649
19127.2000 0.2651
19130.1000 0.2653
19176.0000 0.2655
19196.5000 0.2656
19242.4000 0.2658
19244.9000 0.2660
19246.5000 0.2661
19275.9000 0.2663
19297.6000 0.2665
19311.2000 0.2667
19349.3000 0.2668
19394.8000 0.2670
19396.5000 0.2672
19402.3000 0.2674
19405.4000 0.2675
19407.8000 0.2677
19408.7000 0.2679
19433.1000 0.2681
19459.3000 0.2682
19459.8000 0.2684
19462.7000 0.2686
19473.0000 0.2688
19476.5000 0.2689
19477.2000 0.2691
19490.4000 0.2693
19502.1000 0.2694
19518.9000 0.2696
19536.4000 0.2698
19543.6000 0.2700
19554.5000 0.2701
19562.2000 0.2703
19564.0000 0.2705
19565.4000 0.2707
19633.5000 0.2708
19657.6000 0.2710
19676.0000 0.2712
19676.7000 0.2714
19704.7000 0.2715
19714.4000 0.2717
19724.4000 0.2719
19820.1000 0.2720
19888.0000 0.2722
19946.8000 0.2724
19962.4000 0.2726
20009.7000 0.2727
20026.8000 0.2729
20032.2000 0.2731
20041.2000 0.2733
20046.7000 0.2734
20071.4000 0.2736
20074.2000 0.2738
20092.3000 0.2740
20099.8000 0.2741
20100.7000 0.2743
20111.6000 0.2745
20142.6000 0.2747
20150.2000 0.2748
20167.8000 0.2750
20178.4000 0.2752
20200.0000 0.2753
20202.0000 0.2755
20219.7000 0.2757
20231.9000 0.2759
20240.1000 0.2760
20242.1000 0.2762
20306.4000 0.2764
20308.8000 0.2766
20309.9000 0.2767
20331.5000 0.2769
20332.4000 0.2771
20347.2000 0.2773
20393.0000 0.2774
20476.7000 0.2776
20482.6000 0.2778
20497.9000 0.2780
20532.8000 0.2781
20559.1000 0.2783
20563.1000 0.2785
20575.3000 0.2786
20612.2000 0.2788
20639.4000 0.2790
20646.4000 0.2792
20656.7000 0.2793
20659.9000 0.2795
20676.9000 0.2797
20717.9000 0.2799
20723.3000 0.2800
20740.1000 0.2802
20748.5000 0.2804
20751.3000 0.2806
20756.3000 0.2807
20766.7000 0.2809
20782.7000 0.2811
20791.8000 0.2813
20819.5000 0.2814
20863.8000 0.2816
20892.2000 0.2818
20919.1000 0.2819
20955.0000 0.2821
21018.7000 0.2823
21023.8000 0.2825
21047.6000 0.2826
21065.4000 0.2828
21095.5000 0.2830
21115.8000 0.2832
21156.0000 0.2833
21158.6000 0.2835
21165.8000 0.2837
21177.6000 0.2839
21214.3000 0.2840
21243.5000 0.2842
21269.0000 0.2844
21280.2000 0.2845
21299.1000 0.2847
21307.9000 0.2849
21316.8000 0.2851
21330.2000 0.2852
21342.2000 0.2854
21342.8000 0.2856
21351.5000 0.2858
21444.8000 0.2859
21521.5000 0.2861
21541.4000 0.2863
21546.2000 0.2865
21566.4000 0.2866
21603.2000 0.2868
21641.6000 0.2870
21658.2000 0.2872
21669.9000 0.2873
21675.2000 0.2875
21736.3000 0.2877
21758.7000 0.2878
21801.5000 0.2880
21868.4000 0.2882
21917.5000 0.2884
21952.3000 0.2885
22013.4000 0.2887
22093.5000 0.2889
22097.0000 0.2891
22107.6000 0.2892
22108.7000 0.2894
22148.5000 0.2896
22187.9000 0.2898
22220.0000 0.2899
22258.6000 0.2901
22271.3000 0.2903
22291.8000 0.2905
22301.9000 0.2906
22303.8000 0.2908
22308.5000 0.2910
22327.4000 0.2911
22343.8000 0.2913
22376.3000 0.2915
22421.1000 0.2917
22434.0000 0.2918
22463.3000 0.2920
22507.5000 0.2922
22594.7000 0.2924
22638.9000 0.2925
22728.1000 0.2927
22771.6000 0.2929
22850.0000 0.2931
22853.5000 0.2932
22887.5000 0.2934
22887.6000 0.2936
22983.2000 0.2938
23048.2000 0.2939
23057.8000 0.2941
23119.0000 0.2943
23163.8000 0.2944
23186.6000 0.2946
23215.1000 0.2948
23221.4000 0.2950
23293.9000 0.2951
23302.5000 0.2953
23319.7000 0.2955
23358.9000 0.2957
23388.9000 0.2958
23416.4000 0.2960
23443.6000 0.2962
23445.2000 0.2964
23598.4000 0.2965
23608.2000 0.2967
23698.4000 0.2969
23788.6000 0.2970
23817.9000 0.2972
23823.6000 0.2974
23856.1000 0.2976
23932.7000 0.2977
23952.4000 0.2979
