# messageDelay  cumulativeProbability
0.2000 0.0001
0.2000 0.0002
0.2000 0.0003
0.2000 0.0004
0.2000 0.0005
0.2000 0.0006
0.2000 0.0007
0.2000 0.0008
0.2000 0.0009
0.2000 0.0010
0.2000 0.0011
0.2000 0.0013
0.2000 0.0014
0.2000 0.0015
0.2000 0.0016
0.2000 0.0017
0.2000 0.0018
0.2000 0.0019
0.2000 0.0020
0.2000 0.0021
0.2000 0.0022
0.2000 0.0023
0.2000 0.0024
0.2000 0.0025
0.2000 0.0026
52.2000 0.0027
58.6000 0.0028
67.3000 0.0029
69.5000 0.0030
77.4000 0.0031
83.0000 0.0032
87.7000 0.0033
93.3000 0.0034
103.8000 0.0035
107.0000 0.0036
107.2000 0.0037
110.4000 0.0039
117.2000 0.0040
119.9000 0.0041
121.8000 0.0042
124.1000 0.0043
124.4000 0.0044
125.7000 0.0045
127.9000 0.0046
133.4000 0.0047
135.2000 0.0048
143.4000 0.0049
147.2000 0.0050
157.3000 0.0051
157.6000 0.0052
158.6000 0.0053
161.7000 0.0054
161.8000 0.0055
162.1000 0.0056
163.2000 0.0057
163.8000 0.0058
165.5000 0.0059
166.2000 0.0060
166.5000 0.0061
167.0000 0.0062
167.4000 0.0064
168.0000 0.0065
170.5000 0.0066
170.6000 0.0067
173.8000 0.0068
173.9000 0.0069
174.5000 0.0070
175.1000 0.0071
177.5000 0.0072
179.0000 0.0073
184.3000 0.0074
187.2000 0.0075
187.6000 0.0076
188.1000 0.0077
188.8000 0.0078
191.2000 0.0079
196.2000 0.0080
196.8000 0.0081
199.7000 0.0082
200.5000 0.0083
201.7000 0.0084
202.2000 0.0085
202.3000 0.0086
203.0000 0.0087
206.0000 0.0089
206.1000 0.0090
206.5000 0.0091
207.9000 0.0092
208.1000 0.0093
209.3000 0.0094
209.9000 0.0095
211.7000 0.0096
211.7000 0.0097
212.5000 0.0098
214.9000 0.0099
216.3000 0.0100
216.4000 0.0101
216.9000 0.0102
218.6000 0.0103
219.6000 0.0104
221.0000 0.0105
221.1000 0.0106
221.6000 0.0107
223.6000 0.0108
224.5000 0.0109
226.4000 0.0110
227.5000 0.0111
233.1000 0.0113
233.1000 0.0114
233.3000 0.0115
234.4000 0.0116
235.0000 0.0117
235.2000 0.0118
235.4000 0.0119
235.4000 0.0120
236.4000 0.0121
237.0000 0.0122
237.7000 0.0123
238.3000 0.0124
238.6000 0.0125
239.4000 0.0126
239.5000 0.0127
240.4000 0.0128
243.5000 0.0129
243.7000 0.0130
244.2000 0.0131
245.3000 0.0132
245.4000 0.0133
246.0000 0.0134
247.1000 0.0135
248.2000 0.0136
248.7000 0.0138
249.5000 0.0139
250.3000 0.0140
250.5000 0.0141
252.7000 0.0142
254.0000 0.0143
259.3000 0.0144
260.0000 0.0145
260.6000 0.0146
262.8000 0.0147
264.4000 0.0148
267.5000 0.0149
268.3000 0.0150
270.4000 0.0151
270.6000 0.0152
272.6000 0.0153
273.9000 0.0154
275.7000 0.0155
275.9000 0.0156
277.3000 0.0157
277.6000 0.0158
284.2000 0.0159
284.5000 0.0160
284.6000 0.0161
286.8000 0.0163
287.2000 0.0164
287.4000 0.0165
287.4000 0.0166
291.1000 0.0167
291.5000 0.0168
293.8000 0.0169
295.5000 0.0170
295.9000 0.0171
297.2000 0.0172
298.2000 0.0173
298.4000 0.0174
298.8000 0.0175
301.2000 0.0176
303.0000 0.0177
303.2000 0.0178
304.2000 0.0179
304.6000 0.0180
304.8000 0.0181
304.9000 0.0182
306.7000 0.0183
306.9000 0.0184
307.8000 0.0185
308.1000 0.0186
309.4000 0.0188
309.7000 0.0189
310.4000 0.0190
310.6000 0.0191
310.7000 0.0192
311.8000 0.0193
316.3000 0.0194
317.6000 0.0195
318.7000 0.0196
319.5000 0.0197
320.2000 0.0198
321.0000 0.0199
324.2000 0.0200
324.4000 0.0201
324.8000 0.0202
325.2000 0.0203
325.3000 0.0204
326.4000 0.0205
326.7000 0.0206
327.2000 0.0207
331.3000 0.0208
331.8000 0.0209
332.4000 0.0210
332.5000 0.0211
332.9000 0.0212
334.6000 0.0214
336.1000 0.0215
336.3000 0.0216
339.2000 0.0217
339.6000 0.0218
340.1000 0.0219
342.2000 0.0220
342.9000 0.0221
343.4000 0.0222
343.5000 0.0223
343.8000 0.0224
346.1000 0.0225
346.2000 0.0226
349.6000 0.0227
349.9000 0.0228
350.5000 0.0229
351.7000 0.0230
356.9000 0.0231
358.9000 0.0232
360.5000 0.0233
364.3000 0.0234
364.7000 0.0235
365.6000 0.0236
366.0000 0.0237
366.8000 0.0239
367.8000 0.0240
369.7000 0.0241
371.8000 0.0242
373.1000 0.0243
374.6000 0.0244
379.3000 0.0245
379.5000 0.0246
379.8000 0.0247
380.2000 0.0248
381.4000 0.0249
384.7000 0.0250
385.4000 0.0251
389.6000 0.0252
390.4000 0.0253
391.5000 0.0254
392.3000 0.0255
392.8000 0.0256
394.5000 0.0257
395.2000 0.0258
396.0000 0.0259
397.7000 0.0260
398.2000 0.0261
398.4000 0.0262
398.4000 0.0264
398.9000 0.0265
399.0000 0.0266
400.1000 0.0267
401.0000 0.0268
402.8000 0.0269
404.0000 0.0270
404.2000 0.0271
404.7000 0.0272
407.2000 0.0273
408.4000 0.0274
408.6000 0.0275
410.3000 0.0276
410.9000 0.0277
412.0000 0.0278
414.4000 0.0279
417.5000 0.0280
417.6000 0.0281
417.9000 0.0282
419.4000 0.0283
420.7000 0.0284
425.0000 0.0285
425.4000 0.0286
426.2000 0.0287
427.5000 0.0289
433.5000 0.0290
433.7000 0.0291
435.8000 0.0292
436.0000 0.0293
436.6000 0.0294
438.7000 0.0295
441.6000 0.0296
442.3000 0.0297
448.8000 0.0298
449.9000 0.0299
450.2000 0.0300
451.7000 0.0301
454.3000 0.0302
454.8000 0.0303
456.6000 0.0304
456.7000 0.0305
457.6000 0.0306
458.1000 0.0307
458.4000 0.0308
459.0000 0.0309
459.9000 0.0310
460.1000 0.0311
462.3000 0.0312
462.9000 0.0314
463.1000 0.0315
463.4000 0.0316
465.0000 0.0317
467.4000 0.0318
468.4000 0.0319
469.3000 0.0320
470.1000 0.0321
470.2000 0.0322
472.2000 0.0323
473.7000 0.0324
474.0000 0.0325
474.1000 0.0326
474.5000 0.0327
474.9000 0.0328
478.5000 0.0329
480.1000 0.0330
480.3000 0.0331
481.1000 0.0332
481.7000 0.0333
481.8000 0.0334
482.0000 0.0335
482.7000 0.0336
482.7000 0.0337
482.9000 0.0339
483.3000 0.0340
485.2000 0.0341
486.5000 0.0342
486.9000 0.0343
487.2000 0.0344
488.5000 0.0345
494.8000 0.0346
495.6000 0.0347
495.8000 0.0348
496.8000 0.0349
496.8000 0.0350
499.1000 0.0351
500.0000 0.0352
500.3000 0.0353
500.8000 0.0354
501.6000 0.0355
502.0000 0.0356
503.5000 0.0357
506.1000 0.0358
506.8000 0.0359
507.4000 0.0360
508.4000 0.0361
509.4000 0.0362
509.6000 0.0364
510.2000 0.0365
511.6000 0.0366
511.6000 0.0367
512.5000 0.0368
512.6000 0.0369
515.2000 0.0370
515.9000 0.0371
517.9000 0.0372
518.9000 0.0373
519.3000 0.0374
519.6000 0.0375
520.2000 0.0376
520.5000 0.0377
522.1000 0.0378
524.4000 0.0379
525.2000 0.0380
527.1000 0.0381
527.9000 0.0382
528.0000 0.0383
528.1000 0.0384
530.7000 0.0385
531.1000 0.0386
533.4000 0.0388
533.5000 0.0389
535.0000 0.0390
535.6000 0.0391
535.7000 0.0392
537.7000 0.0393
538.2000 0.0394
538.4000 0.0395
538.6000 0.0396
539.2000 0.0397
540.8000 0.0398
541.2000 0.0399
543.2000 0.0400
544.0000 0.0401
545.9000 0.0402
547.0000 0.0403
548.0000 0.0404
548.8000 0.0405
550.1000 0.0406
551.0000 0.0407
551.1000 0.0408
551.3000 0.0409
553.8000 0.0410
554.6000 0.0411
555.8000 0.0413
556.8000 0.0414
557.6000 0.0415
557.7000 0.0416
559.9000 0.0417
560.0000 0.0418
561.1000 0.0419
563.8000 0.0420
564.2000 0.0421
566.2000 0.0422
566.2000 0.0423
566.5000 0.0424
566.8000 0.0425
567.0000 0.0426
568.8000 0.0427
569.5000 0.0428
569.5000 0.0429
570.3000 0.0430
571.4000 0.0431
571.4000 0.0432
571.5000 0.0433
572.3000 0.0434
572.4000 0.0435
572.6000 0.0436
572.7000 0.0438
573.9000 0.0439
574.6000 0.0440
574.8000 0.0441
575.1000 0.0442
575.2000 0.0443
575.8000 0.0444
576.0000 0.0445
577.4000 0.0446
578.2000 0.0447
578.7000 0.0448
578.9000 0.0449
579.7000 0.0450
580.8000 0.0451
581.2000 0.0452
581.7000 0.0453
583.1000 0.0454
584.0000 0.0455
590.8000 0.0456
592.7000 0.0457
593.4000 0.0458
593.7000 0.0459
595.0000 0.0460
595.0000 0.0461
595.6000 0.0463
595.7000 0.0464
599.0000 0.0465
601.0000 0.0466
601.4000 0.0467
602.1000 0.0468
602.4000 0.0469
604.1000 0.0470
605.1000 0.0471
605.7000 0.0472
606.1000 0.0473
607.3000 0.0474
609.9000 0.0475
610.6000 0.0476
612.5000 0.0477
613.0000 0.0478
613.6000 0.0479
614.5000 0.0480
614.6000 0.0481
614.7000 0.0482
616.0000 0.0483
616.1000 0.0484
616.7000 0.0485
618.5000 0.0486
619.1000 0.0488
619.2000 0.0489
620.1000 0.0490
620.8000 0.0491
622.5000 0.0492
623.7000 0.0493
625.8000 0.0494
626.1000 0.0495
626.2000 0.0496
627.0000 0.0497
627.0000 0.0498
627.2000 0.0499
629.5000 0.0500
630.0000 0.0501
631.4000 0.0502
633.4000 0.0503
634.0000 0.0504
640.6000 0.0505
640.7000 0.0506
641.9000 0.0507
643.8000 0.0508
644.6000 0.0509
645.2000 0.0510
648.1000 0.0511
649.2000 0.0513
651.0000 0.0514
652.2000 0.0515
653.7000 0.0516
653.9000 0.0517
654.1000 0.0518
655.1000 0.0519
655.5000 0.0520
656.0000 0.0521
656.9000 0.0522
656.9000 0.0523
657.5000 0.0524
660.1000 0.0525
662.0000 0.0526
662.9000 0.0527
664.7000 0.0528
665.5000 0.0529
665.8000 0.0530
668.6000 0.0531
668.7000 0.0532
669.2000 0.0533
670.7000 0.0534
672.5000 0.0535
674.1000 0.0536
674.3000 0.0538
675.8000 0.0539
677.1000 0.0540
677.1000 0.0541
680.2000 0.0542
680.9000 0.0543
681.1000 0.0544
681.1000 0.0545
684.8000 0.0546
685.8000 0.0547
685.8000 0.0548
685.9000 0.0549
686.5000 0.0550
688.9000 0.0551
689.6000 0.0552
690.2000 0.0553
690.3000 0.0554
691.6000 0.0555
694.9000 0.0556
696.1000 0.0557
697.1000 0.0558
697.8000 0.0559
698.5000 0.0560
698.8000 0.0561
699.0000 0.0563
699.3000 0.0564
700.5000 0.0565
701.1000 0.0566
701.2000 0.0567
701.7000 0.0568
704.3000 0.0569
706.9000 0.0570
707.1000 0.0571
707.6000 0.0572
707.9000 0.0573
708.2000 0.0574
708.3000 0.0575
709.6000 0.0576
710.9000 0.0577
712.7000 0.0578
712.8000 0.0579
712.9000 0.0580
713.0000 0.0581
713.2000 0.0582
713.3000 0.0583
713.3000 0.0584
715.2000 0.0585
715.2000 0.0586
716.6000 0.0588
716.9000 0.0589
718.1000 0.0590
719.8000 0.0591
722.1000 0.0592
722.6000 0.0593
722.8000 0.0594
723.3000 0.0595
723.9000 0.0596
724.4000 0.0597
724.4000 0.0598
725.1000 0.0599
727.2000 0.0600
731.6000 0.0601
732.1000 0.0602
732.1000 0.0603
734.0000 0.0604
734.0000 0.0605
735.4000 0.0606
736.6000 0.0607
736.9000 0.0608
737.8000 0.0609
738.4000 0.0610
739.6000 0.0611
740.2000 0.0613
740.5000 0.0614
740.9000 0.0615
741.2000 0.0616
743.6000 0.0617
744.4000 0.0618
744.5000 0.0619
746.8000 0.0620
746.9000 0.0621
747.3000 0.0622
749.0000 0.0623
749.6000 0.0624
750.1000 0.0625
751.0000 0.0626
751.4000 0.0627
751.8000 0.0628
752.4000 0.0629
752.5000 0.0630
755.6000 0.0631
756.3000 0.0632
756.5000 0.0633
757.1000 0.0634
757.2000 0.0635
757.7000 0.0636
758.2000 0.0638
760.1000 0.0639
760.8000 0.0640
761.0000 0.0641
762.0000 0.0642
764.1000 0.0643
764.9000 0.0644
765.2000 0.0645
765.3000 0.0646
770.5000 0.0647
770.6000 0.0648
771.0000 0.0649
771.7000 0.0650
772.7000 0.0651
773.3000 0.0652
774.4000 0.0653
775.3000 0.0654
775.6000 0.0655
778.4000 0.0656
778.9000 0.0657
779.1000 0.0658
779.2000 0.0659
781.8000 0.0660
782.0000 0.0661
782.0000 0.0663
782.2000 0.0664
782.5000 0.0665
782.6000 0.0666
784.4000 0.0667
785.7000 0.0668
786.3000 0.0669
787.4000 0.0670
788.0000 0.0671
788.4000 0.0672
788.5000 0.0673
788.9000 0.0674
789.2000 0.0675
790.8000 0.0676
792.2000 0.0677
793.0000 0.0678
794.4000 0.0679
795.9000 0.0680
796.3000 0.0681
797.1000 0.0682
797.9000 0.0683
800.3000 0.0684
800.6000 0.0685
801.4000 0.0686
801.7000 0.0688
802.5000 0.0689
802.6000 0.0690
802.8000 0.0691
803.0000 0.0692
804.9000 0.0693
806.6000 0.0694
806.7000 0.0695
807.2000 0.0696
808.3000 0.0697
808.5000 0.0698
809.0000 0.0699
810.1000 0.0700
810.9000 0.0701
811.2000 0.0702
814.9000 0.0703
815.2000 0.0704
815.2000 0.0705
821.6000 0.0706
825.6000 0.0707
826.1000 0.0708
827.1000 0.0709
827.2000 0.0710
827.4000 0.0711
829.2000 0.0713
834.4000 0.0714
835.1000 0.0715
835.1000 0.0716
835.2000 0.0717
836.9000 0.0718
837.3000 0.0719
840.4000 0.0720
840.9000 0.0721
842.6000 0.0722
843.0000 0.0723
843.2000 0.0724
843.9000 0.0725
844.7000 0.0726
846.2000 0.0727
848.8000 0.0728
849.6000 0.0729
851.0000 0.0730
851.7000 0.0731
851.9000 0.0732
852.7000 0.0733
852.8000 0.0734
853.5000 0.0735
854.2000 0.0736
854.5000 0.0738
858.6000 0.0739
859.2000 0.0740
861.2000 0.0741
863.0000 0.0742
863.6000 0.0743
864.1000 0.0744
864.9000 0.0745
866.6000 0.0746
866.9000 0.0747
867.2000 0.0748
867.9000 0.0749
868.0000 0.0750
868.0000 0.0751
868.4000 0.0752
868.9000 0.0753
872.6000 0.0754
873.8000 0.0755
877.6000 0.0756
878.2000 0.0757
878.5000 0.0758
879.4000 0.0759
879.6000 0.0760
880.5000 0.0761
882.2000 0.0763
882.4000 0.0764
882.5000 0.0765
883.2000 0.0766
883.9000 0.0767
884.3000 0.0768
885.8000 0.0769
886.1000 0.0770
886.3000 0.0771
887.4000 0.0772
888.8000 0.0773
889.5000 0.0774
889.9000 0.0775
890.9000 0.0776
892.7000 0.0777
893.1000 0.0778
893.4000 0.0779
893.4000 0.0780
894.1000 0.0781
894.1000 0.0782
895.4000 0.0783
895.5000 0.0784
896.6000 0.0785
898.8000 0.0786
899.0000 0.0788
902.1000 0.0789
902.4000 0.0790
902.8000 0.0791
903.2000 0.0792
906.9000 0.0793
908.4000 0.0794
908.7000 0.0795
909.3000 0.0796
909.7000 0.0797
913.7000 0.0798
914.4000 0.0799
916.7000 0.0800
917.6000 0.0801
918.1000 0.0802
918.3000 0.0803
918.4000 0.0804
918.6000 0.0805
918.7000 0.0806
919.3000 0.0807
920.7000 0.0808
921.9000 0.0809
924.0000 0.0810
924.7000 0.0811
925.0000 0.0813
926.2000 0.0814
929.4000 0.0815
930.2000 0.0816
930.2000 0.0817
930.5000 0.0818
930.8000 0.0819
931.3000 0.0820
931.6000 0.0821
931.9000 0.0822
932.1000 0.0823
932.6000 0.0824
937.0000 0.0825
937.4000 0.0826
937.8000 0.0827
938.0000 0.0828
938.5000 0.0829
939.8000 0.0830
940.0000 0.0831
940.6000 0.0832
941.2000 0.0833
943.7000 0.0834
944.4000 0.0835
944.4000 0.0836
944.6000 0.0838
948.8000 0.0839
949.3000 0.0840
950.6000 0.0841
952.4000 0.0842
954.2000 0.0843
954.8000 0.0844
955.1000 0.0845
956.0000 0.0846
957.3000 0.0847
957.9000 0.0848
958.3000 0.0849
958.5000 0.0850
958.9000 0.0851
959.6000 0.0852
960.5000 0.0853
960.7000 0.0854
961.8000 0.0855
963.8000 0.0856
965.0000 0.0857
966.7000 0.0858
966.9000 0.0859
968.6000 0.0860
969.6000 0.0861
970.4000 0.0863
974.0000 0.0864
974.5000 0.0865
974.8000 0.0866
976.9000 0.0867
977.0000 0.0868
977.0000 0.0869
977.3000 0.0870
977.7000 0.0871
977.7000 0.0872
978.1000 0.0873
978.6000 0.0874
980.3000 0.0875
982.2000 0.0876
982.7000 0.0877
983.0000 0.0878
983.5000 0.0879
984.0000 0.0880
984.4000 0.0881
984.9000 0.0882
986.0000 0.0883
988.9000 0.0884
989.0000 0.0885
993.5000 0.0886
993.7000 0.0888
993.8000 0.0889
994.6000 0.0890
996.6000 0.0891
997.3000 0.0892
997.9000 0.0893
998.4000 0.0894
1001.8000 0.0895
1002.7000 0.0896
1003.2000 0.0897
1003.8000 0.0898
1004.6000 0.0899
1007.3000 0.0900
1008.0000 0.0901
1008.4000 0.0902
1010.2000 0.0903
1012.6000 0.0904
1013.4000 0.0905
1013.6000 0.0906
1014.1000 0.0907
1014.4000 0.0908
1015.3000 0.0909
1015.8000 0.0910
1015.9000 0.0911
1017.1000 0.0913
1018.9000 0.0914
1018.9000 0.0915
1019.9000 0.0916
1020.6000 0.0917
1021.6000 0.0918
1022.3000 0.0919
1023.2000 0.0920
1023.6000 0.0921
1026.2000 0.0922
1028.6000 0.0923
1029.6000 0.0924
1030.4000 0.0925
1030.9000 0.0926
1030.9000 0.0927
1031.4000 0.0928
1033.4000 0.0929
1033.6000 0.0930
1039.0000 0.0931
1041.0000 0.0932
1043.7000 0.0933
1045.6000 0.0934
1046.5000 0.0935
1047.0000 0.0936
1047.9000 0.0938
1048.4000 0.0939
1050.4000 0.0940
1051.7000 0.0941
1052.1000 0.0942
1052.5000 0.0943
1055.5000 0.0944
1055.5000 0.0945
1055.8000 0.0946
1057.4000 0.0947
1058.7000 0.0948
1061.2000 0.0949
1061.3000 0.0950
1061.4000 0.0951
1062.7000 0.0952
1064.4000 0.0953
1065.5000 0.0954
1066.1000 0.0955
1067.8000 0.0956
1068.0000 0.0957
1068.1000 0.0958
1069.0000 0.0959
1069.7000 0.0960
1069.8000 0.0961
1071.8000 0.0963
1072.6000 0.0964
1076.1000 0.0965
1076.9000 0.0966
1077.0000 0.0967
1078.9000 0.0968
1079.9000 0.0969
1080.2000 0.0970
1080.3000 0.0971
1082.6000 0.0972
1084.1000 0.0973
1084.4000 0.0974
1085.2000 0.0975
1086.6000 0.0976
1088.5000 0.0977
1090.2000 0.0978
1091.0000 0.0979
1093.1000 0.0980
1093.3000 0.0981
1093.4000 0.0982
1094.4000 0.0983
1095.2000 0.0984
1097.0000 0.0985
1097.8000 0.0986
1099.4000 0.0988
1101.2000 0.0989
1102.3000 0.0990
1103.0000 0.0991
1103.2000 0.0992
1103.7000 0.0993
1104.3000 0.0994
1105.6000 0.0995
1107.2000 0.0996
1107.5000 0.0997
1108.5000 0.0998
1108.8000 0.0999
1109.2000 0.1000
1109.7000 0.1001
1109.9000 0.1002
1111.5000 0.1003
1113.8000 0.1004
1113.9000 0.1005
1115.8000 0.1006
1116.7000 0.1007
1122.5000 0.1008
1122.8000 0.1009
1124.8000 0.1010
1125.1000 0.1011
1125.5000 0.1013
1126.0000 0.1014
1127.5000 0.1015
1127.8000 0.1016
1129.2000 0.1017
1129.7000 0.1018
1129.9000 0.1019
1130.8000 0.1020
1133.4000 0.1021
1135.9000 0.1022
1137.3000 0.1023
1139.2000 0.1024
1142.0000 0.1025
1142.1000 0.1026
1142.9000 0.1027
1146.3000 0.1028
1147.0000 0.1029
1148.7000 0.1030
1150.8000 0.1031
1151.6000 0.1032
1153.5000 0.1033
1153.6000 0.1034
1155.7000 0.1035
1155.7000 0.1036
1156.0000 0.1038
1156.8000 0.1039
1159.5000 0.1040
1160.5000 0.1041
1162.4000 0.1042
1162.8000 0.1043
1163.0000 0.1044
1164.8000 0.1045
1165.8000 0.1046
1167.1000 0.1047
1171.1000 0.1048
1171.6000 0.1049
1177.7000 0.1050
1180.4000 0.1051
1184.2000 0.1052
1186.3000 0.1053
1186.5000 0.1054
1187.1000 0.1055
1188.1000 0.1056
1190.6000 0.1057
1190.6000 0.1058
1192.0000 0.1059
1192.9000 0.1060
1193.2000 0.1061
1193.4000 0.1063
1196.8000 0.1064
1198.7000 0.1065
1204.1000 0.1066
1204.8000 0.1067
1205.3000 0.1068
1207.3000 0.1069
1207.8000 0.1070
1211.8000 0.1071
1214.7000 0.1072
1225.4000 0.1073
1225.7000 0.1074
1225.9000 0.1075
1232.1000 0.1076
1232.4000 0.1077
1234.0000 0.1078
1235.9000 0.1079
1241.9000 0.1080
1244.2000 0.1081
1244.8000 0.1082
1244.8000 0.1083
1245.1000 0.1084
1245.2000 0.1085
1247.4000 0.1086
1247.6000 0.1088
1247.8000 0.1089
1247.9000 0.1090
1248.6000 0.1091
1249.5000 0.1092
1249.8000 0.1093
1249.9000 0.1094
1250.6000 0.1095
1255.9000 0.1096
1256.1000 0.1097
1259.0000 0.1098
1262.8000 0.1099
1264.7000 0.1100
1264.9000 0.1101
1267.7000 0.1102
1268.1000 0.1103
1268.4000 0.1104
1270.0000 0.1105
1274.7000 0.1106
1275.2000 0.1107
1275.7000 0.1108
1277.9000 0.1109
1278.8000 0.1110
1279.2000 0.1111
1279.4000 0.1113
1279.7000 0.1114
1279.8000 0.1115
1280.8000 0.1116
1284.6000 0.1117
1285.0000 0.1118
1285.5000 0.1119
1289.8000 0.1120
1289.9000 0.1121
1292.9000 0.1122
1293.2000 0.1123
1294.5000 0.1124
1296.4000 0.1125
1296.7000 0.1126
1301.3000 0.1127
1301.7000 0.1128
1302.1000 0.1129
1302.3000 0.1130
1302.9000 0.1131
1303.3000 0.1132
1303.3000 0.1133
1307.6000 0.1134
1307.8000 0.1135
1308.2000 0.1136
1311.9000 0.1138
1312.1000 0.1139
1315.7000 0.1140
1315.8000 0.1141
1316.6000 0.1142
1320.2000 0.1143
1320.2000 0.1144
1320.8000 0.1145
1324.4000 0.1146
1324.5000 0.1147
1325.4000 0.1148
1326.3000 0.1149
1328.5000 0.1150
1330.1000 0.1151
1330.5000 0.1152
1331.8000 0.1153
1332.1000 0.1154
1336.6000 0.1155
1337.2000 0.1156
1338.9000 0.1157
1339.4000 0.1158
1340.7000 0.1159
1342.1000 0.1160
1343.0000 0.1161
1345.4000 0.1163
1347.2000 0.1164
1350.4000 0.1165
1351.2000 0.1166
1351.8000 0.1167
1353.4000 0.1168
1354.7000 0.1169
1356.8000 0.1170
1357.9000 0.1171
1360.7000 0.1172
1361.0000 0.1173
1363.0000 0.1174
1371.3000 0.1175
1374.4000 0.1176
1376.3000 0.1177
1376.6000 0.1178
1378.0000 0.1179
1379.9000 0.1180
1379.9000 0.1181
1386.8000 0.1182
1387.5000 0.1183
1387.5000 0.1184
1387.8000 0.1185
1390.8000 0.1186
1392.0000 0.1188
1393.1000 0.1189
1395.1000 0.1190
1396.5000 0.1191
1396.8000 0.1192
1397.5000 0.1193
1398.2000 0.1194
1404.7000 0.1195
1405.5000 0.1196
1407.7000 0.1197
1408.6000 0.1198
1408.7000 0.1199
1409.8000 0.1200
1413.6000 0.1201
1414.3000 0.1202
1414.8000 0.1203
1414.8000 0.1204
1415.3000 0.1205
1417.8000 0.1206
1419.5000 0.1207
1421.5000 0.1208
1421.9000 0.1209
1422.0000 0.1210
1422.6000 0.1211
1422.8000 0.1213
1424.6000 0.1214
1426.9000 0.1215
1427.9000 0.1216
1430.0000 0.1217
1430.7000 0.1218
1432.7000 0.1219
1433.7000 0.1220
1436.0000 0.1221
1440.8000 0.1222
1441.0000 0.1223
1441.6000 0.1224
1443.5000 0.1225
1446.5000 0.1226
1448.6000 0.1227
1449.5000 0.1228
1451.2000 0.1229
1451.4000 0.1230
1453.4000 0.1231
1454.6000 0.1232
1456.7000 0.1233
1457.0000 0.1234
1458.1000 0.1235
1458.4000 0.1236
1459.4000 0.1238
1461.9000 0.1239
1464.1000 0.1240
1464.5000 0.1241
1466.4000 0.1242
1466.7000 0.1243
1471.3000 0.1244
1473.2000 0.1245
1475.7000 0.1246
1478.9000 0.1247
1479.8000 0.1248
1480.3000 0.1249
1490.8000 0.1250
1491.2000 0.1251
1491.3000 0.1252
1496.7000 0.1253
1497.9000 0.1254
1498.7000 0.1255
1500.0000 0.1256
1502.1000 0.1257
1502.1000 0.1258
1502.3000 0.1259
1504.5000 0.1260
1505.6000 0.1261
1505.9000 0.1263
1507.0000 0.1264
1509.8000 0.1265
1509.9000 0.1266
1510.3000 0.1267
1510.4000 0.1268
1511.9000 0.1269
1513.3000 0.1270
1514.3000 0.1271
1514.4000 0.1272
1514.9000 0.1273
1515.6000 0.1274
1515.7000 0.1275
1516.3000 0.1276
1519.2000 0.1277
1520.6000 0.1278
1524.1000 0.1279
1525.4000 0.1280
1525.7000 0.1281
1535.8000 0.1282
1536.8000 0.1283
1537.9000 0.1284
1541.7000 0.1285
1542.9000 0.1286
1542.9000 0.1288
1543.5000 0.1289
1548.3000 0.1290
1549.7000 0.1291
1551.7000 0.1292
1552.1000 0.1293
1553.6000 0.1294
1554.2000 0.1295
1555.0000 0.1296
1560.0000 0.1297
1561.5000 0.1298
1563.5000 0.1299
1566.4000 0.1300
1569.0000 0.1301
1569.0000 0.1302
1570.3000 0.1303
1575.5000 0.1304
1575.7000 0.1305
1578.8000 0.1306
1584.1000 0.1307
1584.9000 0.1308
1586.2000 0.1309
1587.1000 0.1310
1590.9000 0.1311
1595.0000 0.1313
1596.6000 0.1314
1596.8000 0.1315
1598.0000 0.1316
1602.5000 0.1317
1602.9000 0.1318
1604.1000 0.1319
1604.2000 0.1320
1606.8000 0.1321
1612.3000 0.1322
1612.3000 0.1323
1615.5000 0.1324
1616.9000 0.1325
1618.6000 0.1326
1619.0000 0.1327
1619.5000 0.1328
1621.4000 0.1329
1624.1000 0.1330
1625.4000 0.1331
1625.8000 0.1332
1628.7000 0.1333
1629.0000 0.1334
1629.9000 0.1335
1635.6000 0.1336
1635.9000 0.1338
1636.6000 0.1339
1637.1000 0.1340
1637.7000 0.1341
1641.3000 0.1342
1641.4000 0.1343
1641.7000 0.1344
1642.2000 0.1345
1647.3000 0.1346
1650.2000 0.1347
1651.2000 0.1348
1653.1000 0.1349
1657.8000 0.1350
1660.1000 0.1351
1660.4000 0.1352
1661.2000 0.1353
1661.3000 0.1354
1665.0000 0.1355
1665.4000 0.1356
1666.7000 0.1357
1668.6000 0.1358
1670.5000 0.1359
1672.7000 0.1360
1672.9000 0.1361
1673.0000 0.1363
1674.8000 0.1364
1677.0000 0.1365
1678.5000 0.1366
1679.7000 0.1367
1683.5000 0.1368
1686.4000 0.1369
1688.5000 0.1370
1689.4000 0.1371
1689.5000 0.1372
1690.1000 0.1373
1690.1000 0.1374
1695.0000 0.1375
1697.2000 0.1376
1698.2000 0.1377
1698.5000 0.1378
1703.7000 0.1379
1703.7000 0.1380
1707.5000 0.1381
1710.4000 0.1382
1716.9000 0.1383
1719.7000 0.1384
1721.1000 0.1385
1723.8000 0.1386
1724.5000 0.1388
1724.5000 0.1389
1725.8000 0.1390
1726.4000 0.1391
1726.9000 0.1392
1727.8000 0.1393
1729.7000 0.1394
1730.8000 0.1395
1732.4000 0.1396
1733.9000 0.1397
1735.1000 0.1398
1736.7000 0.1399
1738.2000 0.1400
1741.8000 0.1401
1744.2000 0.1402
1744.6000 0.1403
1748.6000 0.1404
1749.5000 0.1405
1751.0000 0.1406
1753.7000 0.1407
1754.6000 0.1408
1759.1000 0.1409
1759.2000 0.1410
1762.8000 0.1411
1763.1000 0.1413
1767.2000 0.1414
1769.6000 0.1415
1774.2000 0.1416
1781.0000 0.1417
1784.5000 0.1418
1789.4000 0.1419
1790.1000 0.1420
1791.1000 0.1421
1791.2000 0.1422
1793.0000 0.1423
1796.8000 0.1424
1797.5000 0.1425
1799.9000 0.1426
1805.3000 0.1427
1805.8000 0.1428
1806.1000 0.1429
1808.4000 0.1430
1809.7000 0.1431
1812.3000 0.1432
1815.0000 0.1433
1815.9000 0.1434
1815.9000 0.1435
1816.3000 0.1436
1818.0000 0.1437
1820.3000 0.1439
1822.8000 0.1440
1824.9000 0.1441
1825.1000 0.1442
1825.7000 0.1443
1835.3000 0.1444
1839.8000 0.1445
1840.0000 0.1446
1842.2000 0.1447
1842.6000 0.1448
1844.2000 0.1449
1845.4000 0.1450
1846.9000 0.1451
1852.1000 0.1452
1858.8000 0.1453
1865.6000 0.1454
1866.0000 0.1455
1871.4000 0.1456
1871.4000 0.1457
1871.6000 0.1458
1872.9000 0.1459
1876.1000 0.1460
1877.5000 0.1461
1877.7000 0.1462
1877.8000 0.1464
1878.0000 0.1465
1880.2000 0.1466
1881.9000 0.1467
1882.8000 0.1468
1884.7000 0.1469
1889.3000 0.1470
1889.6000 0.1471
1890.2000 0.1472
1891.8000 0.1473
1893.1000 0.1474
1897.4000 0.1475
1897.6000 0.1476
1900.4000 0.1477
1900.5000 0.1478
1900.6000 0.1479
1908.8000 0.1480
1923.4000 0.1481
1937.9000 0.1482
1939.6000 0.1483
1947.9000 0.1484
1948.5000 0.1485
1949.2000 0.1486
1949.4000 0.1487
1951.8000 0.1489
1954.5000 0.1490
1957.4000 0.1491
1958.4000 0.1492
1961.8000 0.1493
1962.2000 0.1494
1966.6000 0.1495
1967.2000 0.1496
1974.4000 0.1497
1974.8000 0.1498
1979.7000 0.1499
1980.3000 0.1500
1980.7000 0.1501
1984.7000 0.1502
1984.9000 0.1503
1986.5000 0.1504
1989.7000 0.1505
1992.6000 0.1506
1993.4000 0.1507
1994.9000 0.1508
1996.8000 0.1509
1999.9000 0.1510
2001.2000 0.1511
2003.5000 0.1512
2006.7000 0.1514
2013.9000 0.1515
2014.6000 0.1516
2015.0000 0.1517
2015.3000 0.1518
2024.6000 0.1519
2024.6000 0.1520
2030.2000 0.1521
2034.6000 0.1522
2036.4000 0.1523
2045.2000 0.1524
2046.8000 0.1525
2048.9000 0.1526
2052.1000 0.1527
2054.2000 0.1528
2057.9000 0.1529
2065.1000 0.1530
2070.4000 0.1531
2070.6000 0.1532
2072.1000 0.1533
2073.7000 0.1534
2080.5000 0.1535
2081.1000 0.1536
2089.7000 0.1537
2091.7000 0.1539
2092.9000 0.1540
2097.1000 0.1541
2097.7000 0.1542
2099.6000 0.1543
2115.0000 0.1544
2115.1000 0.1545
2115.2000 0.1546
2118.4000 0.1547
2120.6000 0.1548
2136.6000 0.1549
2137.6000 0.1550
2137.7000 0.1551
2138.3000 0.1552
2147.9000 0.1553
2154.7000 0.1554
2156.9000 0.1555
2157.3000 0.1556
2159.8000 0.1557
2162.1000 0.1558
2164.4000 0.1559
2166.8000 0.1560
2167.9000 0.1561
2168.4000 0.1562
2168.8000 0.1564
2173.1000 0.1565
2181.3000 0.1566
2184.0000 0.1567
2191.3000 0.1568
2193.0000 0.1569
2202.4000 0.1570
2204.3000 0.1571
2213.3000 0.1572
2220.0000 0.1573
2227.4000 0.1574
2233.5000 0.1575
2240.1000 0.1576
2246.4000 0.1577
2251.4000 0.1578
2254.5000 0.1579
2274.0000 0.1580
2278.4000 0.1581
2280.0000 0.1582
2280.2000 0.1583
2287.7000 0.1584
2295.4000 0.1585
2297.6000 0.1586
2301.4000 0.1587
2307.4000 0.1589
2310.7000 0.1590
2331.4000 0.1591
2334.2000 0.1592
2336.8000 0.1593
2343.3000 0.1594
2348.7000 0.1595
2349.5000 0.1596
2349.7000 0.1597
2350.4000 0.1598
2353.3000 0.1599
2353.5000 0.1600
2354.5000 0.1601
2359.1000 0.1602
2361.1000 0.1603
2370.2000 0.1604
2377.6000 0.1605
2382.6000 0.1606
2389.7000 0.1607
2389.8000 0.1608
2391.0000 0.1609
2392.5000 0.1610
2397.2000 0.1611
2427.0000 0.1612
2428.7000 0.1614
2454.5000 0.1615
2455.7000 0.1616
2456.3000 0.1617
2464.6000 0.1618
2479.1000 0.1619
2484.9000 0.1620
2489.8000 0.1621
2490.4000 0.1622
2496.1000 0.1623
2498.5000 0.1624
2500.9000 0.1625
2509.0000 0.1626
2511.9000 0.1627
2523.8000 0.1628
2527.4000 0.1629
2533.1000 0.1630
2545.8000 0.1631
2554.7000 0.1632
2558.2000 0.1633
2561.2000 0.1634
2565.3000 0.1635
2567.2000 0.1636
2569.0000 0.1637
2572.7000 0.1639
2578.9000 0.1640
2579.8000 0.1641
2580.3000 0.1642
2588.6000 0.1643
2593.5000 0.1644
2594.6000 0.1645
2609.0000 0.1646
2655.3000 0.1647
2658.7000 0.1648
2661.8000 0.1649
2670.0000 0.1650
2673.2000 0.1651
2675.5000 0.1652
2686.1000 0.1653
2694.3000 0.1654
2696.3000 0.1655
2699.9000 0.1656
2707.2000 0.1657
2728.2000 0.1658
2737.8000 0.1659
2742.2000 0.1660
2742.5000 0.1661
2751.9000 0.1662
2756.6000 0.1664
2764.0000 0.1665
2768.4000 0.1666
2771.7000 0.1667
2774.0000 0.1668
2775.2000 0.1669
2781.8000 0.1670
2789.2000 0.1671
2789.5000 0.1672
2794.9000 0.1673
2797.1000 0.1674
2797.4000 0.1675
2802.1000 0.1676
2809.1000 0.1677
2809.8000 0.1678
2814.9000 0.1679
2823.1000 0.1680
2839.0000 0.1681
2847.0000 0.1682
2847.3000 0.1683
2847.7000 0.1684
2855.8000 0.1685
2868.1000 0.1686
2868.3000 0.1687
2875.0000 0.1689
2897.1000 0.1690
2900.6000 0.1691
2926.3000 0.1692
2930.5000 0.1693
2937.3000 0.1694
2937.5000 0.1695
2941.5000 0.1696
2946.3000 0.1697
2947.8000 0.1698
2956.9000 0.1699
2957.2000 0.1700
2967.9000 0.1701
2974.9000 0.1702
2981.6000 0.1703
2983.5000 0.1704
2990.4000 0.1705
3006.0000 0.1706
3013.3000 0.1707
3029.6000 0.1708
3034.0000 0.1709
3036.6000 0.1710
3037.9000 0.1711
3044.7000 0.1712
3047.8000 0.1714
3055.5000 0.1715
3061.0000 0.1716
3067.1000 0.1717
3073.3000 0.1718
3077.6000 0.1719
3086.7000 0.1720
3099.0000 0.1721
3105.1000 0.1722
3109.7000 0.1723
3109.8000 0.1724
3117.6000 0.1725
3128.7000 0.1726
3129.6000 0.1727
3130.4000 0.1728
3141.2000 0.1729
3150.8000 0.1730
3152.0000 0.1731
3154.0000 0.1732
3161.1000 0.1733
3161.7000 0.1734
3172.7000 0.1735
3181.6000 0.1736
3183.7000 0.1737
3202.4000 0.1739
3207.3000 0.1740
3210.4000 0.1741
3213.1000 0.1742
3218.1000 0.1743
3218.2000 0.1744
3223.1000 0.1745
3231.2000 0.1746
3234.4000 0.1747
3241.8000 0.1748
3248.7000 0.1749
3258.1000 0.1750
3271.6000 0.1751
3272.0000 0.1752
3275.7000 0.1753
3290.5000 0.1754
3296.0000 0.1755
3298.4000 0.1756
3333.6000 0.1757
3335.0000 0.1758
3335.1000 0.1759
3341.4000 0.1760
3353.3000 0.1761
3353.6000 0.1762
3359.1000 0.1764
3364.8000 0.1765
3365.0000 0.1766
3369.4000 0.1767
3370.2000 0.1768
3374.0000 0.1769
3380.9000 0.1770
3383.7000 0.1771
3384.0000 0.1772
3387.1000 0.1773
3392.4000 0.1774
3397.2000 0.1775
3422.7000 0.1776
3423.8000 0.1777
3425.2000 0.1778
3428.7000 0.1779
3431.7000 0.1780
3435.6000 0.1781
3443.2000 0.1782
3446.8000 0.1783
3450.2000 0.1784
3451.1000 0.1785
3451.9000 0.1786
3459.1000 0.1787
3463.6000 0.1789
3468.2000 0.1790
3479.6000 0.1791
3486.2000 0.1792
3492.8000 0.1793
3499.1000 0.1794
3502.2000 0.1795
3504.9000 0.1796
3509.6000 0.1797
3513.6000 0.1798
3523.4000 0.1799
3529.3000 0.1800
3543.4000 0.1801
3545.6000 0.1802
3557.1000 0.1803
3558.8000 0.1804
3560.3000 0.1805
3560.7000 0.1806
3564.9000 0.1807
3579.7000 0.1808
3579.9000 0.1809
3606.6000 0.1810
3607.3000 0.1811
3613.8000 0.1812
3616.1000 0.1814
3627.1000 0.1815
3634.6000 0.1816
3635.1000 0.1817
3637.9000 0.1818
3644.9000 0.1819
3649.4000 0.1820
3656.1000 0.1821
3670.1000 0.1822
3682.5000 0.1823
3692.8000 0.1824
3704.4000 0.1825
3711.9000 0.1826
3721.8000 0.1827
3727.0000 0.1828
3732.9000 0.1829
3732.9000 0.1830
3749.0000 0.1831
3755.3000 0.1832
3758.6000 0.1833
3771.4000 0.1834
3771.9000 0.1835
3783.9000 0.1836
3787.8000 0.1837
3793.7000 0.1839
3800.6000 0.1840
3803.4000 0.1841
3805.9000 0.1842
3817.9000 0.1843
3829.4000 0.1844
3831.0000 0.1845
3846.5000 0.1846
3858.7000 0.1847
3896.0000 0.1848
3902.8000 0.1849
3912.2000 0.1850
3919.8000 0.1851
3920.7000 0.1852
3922.7000 0.1853
3940.7000 0.1854
3947.2000 0.1855
3948.8000 0.1856
3949.6000 0.1857
3956.1000 0.1858
3958.4000 0.1859
3962.8000 0.1860
3963.0000 0.1861
3968.8000 0.1862
3979.4000 0.1864
3983.6000 0.1865
3986.4000 0.1866
3990.0000 0.1867
3992.5000 0.1868
3993.0000 0.1869
4000.0000 0.1870
4015.9000 0.1871
4030.9000 0.1872
4040.9000 0.1873
4042.5000 0.1874
4044.4000 0.1875
4045.3000 0.1876
4046.8000 0.1877
4048.7000 0.1878
4070.3000 0.1879
4070.3000 0.1880
4072.5000 0.1881
4078.5000 0.1882
4089.3000 0.1883
4089.7000 0.1884
4090.0000 0.1885
4094.0000 0.1886
4105.4000 0.1887
4124.5000 0.1889
4125.3000 0.1890
4125.7000 0.1891
4128.0000 0.1892
4140.0000 0.1893
4140.6000 0.1894
4142.6000 0.1895
4142.6000 0.1896
4150.1000 0.1897
4156.5000 0.1898
4182.8000 0.1899
4186.1000 0.1900
4200.5000 0.1901
4211.6000 0.1902
4216.5000 0.1903
4238.4000 0.1904
4238.8000 0.1905
4244.4000 0.1906
4245.0000 0.1907
4248.2000 0.1908
4252.0000 0.1909
4264.2000 0.1910
4281.0000 0.1911
4286.9000 0.1912
4296.3000 0.1914
4298.0000 0.1915
4301.2000 0.1916
4303.7000 0.1917
4308.9000 0.1918
4317.0000 0.1919
4318.1000 0.1920
4329.1000 0.1921
4332.7000 0.1922
4334.9000 0.1923
4341.8000 0.1924
4352.4000 0.1925
4364.0000 0.1926
4371.9000 0.1927
4393.3000 0.1928
4407.7000 0.1929
4408.6000 0.1930
4418.0000 0.1931
4428.7000 0.1932
4452.5000 0.1933
4460.5000 0.1934
4462.6000 0.1935
4465.7000 0.1936
4466.4000 0.1937
4469.2000 0.1939
4471.1000 0.1940
4471.4000 0.1941
4484.8000 0.1942
4507.9000 0.1943
4515.4000 0.1944
4531.1000 0.1945
4548.4000 0.1946
4559.6000 0.1947
4578.8000 0.1948
4582.5000 0.1949
4590.6000 0.1950
4594.4000 0.1951
4605.4000 0.1952
4607.5000 0.1953
4609.7000 0.1954
4611.6000 0.1955
4621.5000 0.1956
4622.8000 0.1957
4633.2000 0.1958
4650.1000 0.1959
4652.4000 0.1960
4653.7000 0.1961
4666.0000 0.1962
4668.9000 0.1964
4676.8000 0.1965
4677.4000 0.1966
4678.4000 0.1967
4682.3000 0.1968
4684.4000 0.1969
4690.2000 0.1970
4691.7000 0.1971
4705.9000 0.1972
4723.2000 0.1973
4733.7000 0.1974
4737.6000 0.1975
4746.4000 0.1976
4767.6000 0.1977
4768.6000 0.1978
4784.1000 0.1979
4810.8000 0.1980
4814.8000 0.1981
4835.1000 0.1982
4837.3000 0.1983
4841.0000 0.1984
4841.1000 0.1985
4847.8000 0.1986
4851.2000 0.1987
4853.9000 0.1989
4854.3000 0.1990
4859.9000 0.1991
4862.4000 0.1992
4869.4000 0.1993
4897.9000 0.1994
4898.1000 0.1995
4915.9000 0.1996
4939.6000 0.1997
4962.9000 0.1998
4965.3000 0.1999
4966.1000 0.2000
4972.7000 0.2001
4983.8000 0.2002
4990.3000 0.2003
5001.1000 0.2004
5006.7000 0.2005
5012.8000 0.2006
5024.7000 0.2007
5032.3000 0.2008
5035.5000 0.2009
5049.8000 0.2010
5050.2000 0.2011
5061.6000 0.2012
5067.4000 0.2014
5076.3000 0.2015
5083.1000 0.2016
5092.6000 0.2017
5120.7000 0.2018
5123.0000 0.2019
5123.8000 0.2020
5134.2000 0.2021
5139.8000 0.2022
5156.3000 0.2023
5183.3000 0.2024
5191.5000 0.2025
5191.6000 0.2026
5195.1000 0.2027
5198.2000 0.2028
5207.4000 0.2029
5208.3000 0.2030
5209.3000 0.2031
5217.9000 0.2032
5245.3000 0.2033
5250.2000 0.2034
5257.5000 0.2035
5274.0000 0.2036
5284.4000 0.2037
5307.4000 0.2039
5310.0000 0.2040
5310.4000 0.2041
5317.0000 0.2042
5327.3000 0.2043
5335.8000 0.2044
5336.1000 0.2045
5352.2000 0.2046
5353.6000 0.2047
5353.8000 0.2048
5355.3000 0.2049
5357.2000 0.2050
5374.9000 0.2051
5382.4000 0.2052
5383.0000 0.2053
5384.7000 0.2054
5414.4000 0.2055
5418.4000 0.2056
5420.8000 0.2057
5422.1000 0.2058
5439.5000 0.2059
5454.7000 0.2060
5464.7000 0.2061
5474.3000 0.2062
5513.7000 0.2064
5543.1000 0.2065
5550.0000 0.2066
5557.1000 0.2067
5557.9000 0.2068
5568.1000 0.2069
5568.6000 0.2070
5580.0000 0.2071
5590.8000 0.2072
5593.2000 0.2073
5595.9000 0.2074
5603.8000 0.2075
5632.8000 0.2076
5640.9000 0.2077
5648.1000 0.2078
5666.7000 0.2079
5668.1000 0.2080
5676.2000 0.2081
5684.7000 0.2082
5703.4000 0.2083
5706.7000 0.2084
5714.4000 0.2085
5714.9000 0.2086
5715.2000 0.2087
5723.9000 0.2089
5740.3000 0.2090
5745.3000 0.2091
5756.7000 0.2092
5760.1000 0.2093
5773.0000 0.2094
5774.5000 0.2095
5775.4000 0.2096
5778.9000 0.2097
5783.1000 0.2098
5796.7000 0.2099
5801.5000 0.2100
5811.2000 0.2101
5819.2000 0.2102
5823.1000 0.2103
5827.0000 0.2104
5831.3000 0.2105
5854.7000 0.2106
5855.0000 0.2107
5864.7000 0.2108
5870.6000 0.2109
5877.1000 0.2110
5878.3000 0.2111
5899.5000 0.2112
5912.7000 0.2114
5930.6000 0.2115
5950.1000 0.2116
5954.1000 0.2117
5958.6000 0.2118
5971.0000 0.2119
5985.6000 0.2120
5988.9000 0.2121
5992.8000 0.2122
5999.5000 0.2123
6008.0000 0.2124
6016.2000 0.2125
6019.6000 0.2126
6019.9000 0.2127
6026.1000 0.2128
6026.7000 0.2129
6046.9000 0.2130
6072.7000 0.2131
6074.2000 0.2132
6076.0000 0.2133
6113.4000 0.2134
6124.7000 0.2135
6164.6000 0.2136
6179.5000 0.2137
6194.0000 0.2139
6195.9000 0.2140
6206.3000 0.2141
6216.1000 0.2142
6225.9000 0.2143
6246.0000 0.2144
6249.5000 0.2145
6268.3000 0.2146
6274.6000 0.2147
6282.4000 0.2148
6283.3000 0.2149
6286.3000 0.2150
6296.4000 0.2151
6297.4000 0.2152
6301.7000 0.2153
6317.8000 0.2154
6344.6000 0.2155
6345.5000 0.2156
6358.0000 0.2157
6362.9000 0.2158
6372.9000 0.2159
6386.9000 0.2160
6389.8000 0.2161
6399.5000 0.2162
6403.2000 0.2164
6403.8000 0.2165
6404.1000 0.2166
6406.6000 0.2167
6423.6000 0.2168
6427.6000 0.2169
6430.9000 0.2170
6431.0000 0.2171
6434.0000 0.2172
6446.0000 0.2173
6451.3000 0.2174
6461.9000 0.2175
6470.2000 0.2176
6478.6000 0.2177
6488.1000 0.2178
6496.9000 0.2179
6498.5000 0.2180
6506.4000 0.2181
6578.9000 0.2182
6588.4000 0.2183
6588.9000 0.2184
6592.1000 0.2185
6606.1000 0.2186
6614.8000 0.2187
6616.6000 0.2189
6642.5000 0.2190
6654.3000 0.2191
6658.3000 0.2192
6670.3000 0.2193
6673.4000 0.2194
6673.5000 0.2195
6682.6000 0.2196
6702.3000 0.2197
6720.5000 0.2198
6720.7000 0.2199
6722.1000 0.2200
6740.3000 0.2201
6740.5000 0.2202
6749.6000 0.2203
6751.3000 0.2204
6751.4000 0.2205
6758.3000 0.2206
6774.0000 0.2207
6774.3000 0.2208
6783.6000 0.2209
6785.1000 0.2210
6785.2000 0.2211
6789.8000 0.2212
6790.8000 0.2214
6803.4000 0.2215
6809.9000 0.2216
6811.7000 0.2217
6834.8000 0.2218
6846.9000 0.2219
6875.8000 0.2220
6879.9000 0.2221
6886.9000 0.2222
6901.7000 0.2223
6902.3000 0.2224
6904.9000 0.2225
6906.8000 0.2226
6917.3000 0.2227
6919.2000 0.2228
6926.5000 0.2229
6929.7000 0.2230
6951.0000 0.2231
6954.3000 0.2232
6959.9000 0.2233
6974.3000 0.2234
7005.8000 0.2235
7008.0000 0.2236
7010.6000 0.2237
7071.3000 0.2239
7073.8000 0.2240
7093.5000 0.2241
7100.6000 0.2242
7110.7000 0.2243
7135.0000 0.2244
7147.1000 0.2245
7149.4000 0.2246
7158.4000 0.2247
7160.1000 0.2248
7172.4000 0.2249
7190.0000 0.2250
7190.8000 0.2251
7198.0000 0.2252
7201.9000 0.2253
7203.1000 0.2254
7204.5000 0.2255
7205.6000 0.2256
7215.2000 0.2257
7215.6000 0.2258
7223.2000 0.2259
7228.8000 0.2260
7250.4000 0.2261
7251.5000 0.2262
7263.9000 0.2264
7272.2000 0.2265
7280.8000 0.2266
7283.0000 0.2267
7298.9000 0.2268
7309.3000 0.2269
7317.7000 0.2270
7328.4000 0.2271
7331.7000 0.2272
7335.6000 0.2273
7336.4000 0.2274
7343.7000 0.2275
7357.7000 0.2276
7376.3000 0.2277
7388.6000 0.2278
7396.7000 0.2279
7443.8000 0.2280
7483.7000 0.2281
7485.7000 0.2282
7492.1000 0.2283
7500.2000 0.2284
7505.5000 0.2285
7510.2000 0.2286
7511.9000 0.2287
7517.6000 0.2289
7532.9000 0.2290
7534.7000 0.2291
7556.3000 0.2292
7560.2000 0.2293
7568.0000 0.2294
7568.5000 0.2295
7578.6000 0.2296
7593.6000 0.2297
7604.6000 0.2298
7608.3000 0.2299
7625.8000 0.2300
7637.5000 0.2301
7662.3000 0.2302
7675.4000 0.2303
7677.5000 0.2304
7678.7000 0.2305
7685.3000 0.2306
7686.0000 0.2307
7690.3000 0.2308
7690.6000 0.2309
7702.9000 0.2310
7706.9000 0.2311
7707.0000 0.2312
7708.7000 0.2314
7715.4000 0.2315
7725.7000 0.2316
7732.2000 0.2317
7749.1000 0.2318
7761.4000 0.2319
7771.7000 0.2320
7775.3000 0.2321
7785.3000 0.2322
7808.1000 0.2323
7812.5000 0.2324
7816.3000 0.2325
7816.8000 0.2326
7821.6000 0.2327
7824.5000 0.2328
7832.2000 0.2329
7840.9000 0.2330
7843.5000 0.2331
7848.3000 0.2332
7849.9000 0.2333
7866.6000 0.2334
7869.8000 0.2335
7872.0000 0.2336
7884.2000 0.2337
7891.1000 0.2339
7891.2000 0.2340
7892.2000 0.2341
7899.1000 0.2342
7909.5000 0.2343
7910.1000 0.2344
7921.4000 0.2345
7936.0000 0.2346
7941.0000 0.2347
7946.5000 0.2348
7951.4000 0.2349
7962.1000 0.2350
7962.8000 0.2351
7974.1000 0.2352
7974.7000 0.2353
7979.4000 0.2354
8000.7000 0.2355
8012.6000 0.2356
8015.2000 0.2357
8018.2000 0.2358
8024.7000 0.2359
8033.2000 0.2360
8038.2000 0.2361
8044.6000 0.2362
8072.2000 0.2364
8082.7000 0.2365
8099.2000 0.2366
8107.4000 0.2367
8114.5000 0.2368
8118.6000 0.2369
8126.8000 0.2370
8127.3000 0.2371
8128.1000 0.2372
8130.0000 0.2373
8132.5000 0.2374
8157.9000 0.2375
8159.9000 0.2376
8167.5000 0.2377
8183.6000 0.2378
8192.7000 0.2379
8193.0000 0.2380
8197.8000 0.2381
8218.8000 0.2382
8227.6000 0.2383
8228.3000 0.2384
8229.5000 0.2385
8234.5000 0.2386
8234.6000 0.2387
8234.9000 0.2389
8237.2000 0.2390
8248.5000 0.2391
8269.0000 0.2392
8276.9000 0.2393
8287.9000 0.2394
8290.8000 0.2395
8297.9000 0.2396
8302.2000 0.2397
8312.8000 0.2398
8314.1000 0.2399
8321.1000 0.2400
8331.1000 0.2401
8339.8000 0.2402
8342.8000 0.2403
8348.7000 0.2404
8349.7000 0.2405
8355.8000 0.2406
8359.7000 0.2407
8380.6000 0.2408
8383.5000 0.2409
8389.0000 0.2410
8393.2000 0.2411
8401.0000 0.2412
8405.8000 0.2414
8406.4000 0.2415
8407.5000 0.2416
8416.5000 0.2417
8416.6000 0.2418
8420.7000 0.2419
8467.1000 0.2420
8468.8000 0.2421
8469.2000 0.2422
8471.4000 0.2423
8480.3000 0.2424
8480.4000 0.2425
8485.1000 0.2426
8494.4000 0.2427
8496.1000 0.2428
8497.6000 0.2429
8502.8000 0.2430
8514.7000 0.2431
8519.0000 0.2432
8561.7000 0.2433
8571.5000 0.2434
8576.2000 0.2435
8578.6000 0.2436
8583.6000 0.2437
8584.8000 0.2439
8596.5000 0.2440
8598.9000 0.2441
8605.0000 0.2442
8606.8000 0.2443
8615.7000 0.2444
8628.6000 0.2445
8661.0000 0.2446
8664.8000 0.2447
8667.0000 0.2448
8669.5000 0.2449
8677.5000 0.2450
8680.0000 0.2451
8681.9000 0.2452
8688.0000 0.2453
8692.2000 0.2454
8701.1000 0.2455
8709.9000 0.2456
8720.7000 0.2457
8725.5000 0.2458
8737.3000 0.2459
8748.7000 0.2460
8756.0000 0.2461
8774.2000 0.2462
8775.2000 0.2464
8778.1000 0.2465
8790.2000 0.2466
8792.8000 0.2467
8796.9000 0.2468
8797.5000 0.2469
8801.9000 0.2470
8820.3000 0.2471
8822.0000 0.2472
8827.8000 0.2473
8839.5000 0.2474
8848.6000 0.2475
8858.2000 0.2476
8874.4000 0.2477
8882.1000 0.2478
8884.9000 0.2479
8899.5000 0.2480
8906.0000 0.2481
8917.2000 0.2482
8917.2000 0.2483
8917.8000 0.2484
8922.8000 0.2485
8925.7000 0.2486
8927.5000 0.2487
8983.7000 0.2489
8987.4000 0.2490
8988.6000 0.2491
8995.4000 0.2492
9001.6000 0.2493
9002.3000 0.2494
9015.8000 0.2495
9017.4000 0.2496
9026.7000 0.2497
9028.7000 0.2498
9032.1000 0.2499
9038.3000 0.2500
9038.4000 0.2501
9039.7000 0.2502
9041.8000 0.2503
9051.8000 0.2504
9060.7000 0.2505
9070.2000 0.2506
9070.4000 0.2507
9070.6000 0.2508
9073.9000 0.2509
9082.1000 0.2510
9084.8000 0.2511
9086.1000 0.2512
9099.8000 0.2514
9115.3000 0.2515
9123.6000 0.2516
9132.9000 0.2517
9141.1000 0.2518
9144.6000 0.2519
9145.2000 0.2520
9149.4000 0.2521
9157.7000 0.2522
9173.8000 0.2523
9176.1000 0.2524
9184.8000 0.2525
9197.9000 0.2526
9200.5000 0.2527
9205.7000 0.2528
9225.8000 0.2529
9238.1000 0.2530
9238.8000 0.2531
9266.0000 0.2532
9281.3000 0.2533
9289.8000 0.2534
9303.0000 0.2535
9306.9000 0.2536
9312.9000 0.2537
9315.1000 0.2539
9329.8000 0.2540
9335.0000 0.2541
9343.9000 0.2542
9344.8000 0.2543
9348.9000 0.2544
9354.3000 0.2545
9375.5000 0.2546
9381.5000 0.2547
9404.2000 0.2548
9412.5000 0.2549
9421.7000 0.2550
9436.8000 0.2551
9451.8000 0.2552
9457.6000 0.2553
9465.8000 0.2554
9481.9000 0.2555
9487.5000 0.2556
9500.4000 0.2557
9507.0000 0.2558
9509.3000 0.2559
9517.1000 0.2560
9518.6000 0.2561
9527.9000 0.2562
9534.1000 0.2564
9545.5000 0.2565
9568.7000 0.2566
9572.6000 0.2567
9583.6000 0.2568
9584.6000 0.2569
9588.5000 0.2570
9599.5000 0.2571
9607.4000 0.2572
9613.7000 0.2573
9617.0000 0.2574
9627.2000 0.2575
9633.2000 0.2576
9648.0000 0.2577
9650.7000 0.2578
9667.1000 0.2579
9673.5000 0.2580
9673.8000 0.2581
9694.0000 0.2582
9708.2000 0.2583
9715.4000 0.2584
9731.0000 0.2585
9740.6000 0.2586
9740.7000 0.2587
9746.4000 0.2589
9762.4000 0.2590
9767.8000 0.2591
9771.4000 0.2592
9790.8000 0.2593
9807.3000 0.2594
9808.7000 0.2595
9833.5000 0.2596
9849.4000 0.2597
9879.2000 0.2598
9884.8000 0.2599
9887.0000 0.2600
9894.2000 0.2601
9918.2000 0.2602
9922.2000 0.2603
9938.3000 0.2604
9939.1000 0.2605
9953.0000 0.2606
9962.1000 0.2607
9971.6000 0.2608
9972.1000 0.2609
9980.3000 0.2610
9983.4000 0.2611
9992.6000 0.2612
9995.6000 0.2614
9996.4000 0.2615
9997.2000 0.2616
9997.6000 0.2617
10002.9000 0.2618
10023.4000 0.2619
10031.8000 0.2620
10032.5000 0.2621
10033.0000 0.2622
10058.4000 0.2623
10083.8000 0.2624
10090.2000 0.2625
10110.2000 0.2626
10114.2000 0.2627
10116.0000 0.2628
10140.5000 0.2629
10141.9000 0.2630
10147.9000 0.2631
10150.4000 0.2632
10161.2000 0.2633
10162.1000 0.2634
10163.4000 0.2635
10176.3000 0.2636
10178.7000 0.2637
10180.2000 0.2639
10182.5000 0.2640
10214.6000 0.2641
10225.6000 0.2642
10228.6000 0.2643
10230.4000 0.2644
10255.4000 0.2645
10266.3000 0.2646
10273.9000 0.2647
10285.9000 0.2648
10287.1000 0.2649
10293.2000 0.2650
10294.1000 0.2651
10298.2000 0.2652
10304.1000 0.2653
10304.9000 0.2654
10319.0000 0.2655
10322.5000 0.2656
10347.7000 0.2657
10354.7000 0.2658
10355.9000 0.2659
10373.8000 0.2660
10404.6000 0.2661
10466.5000 0.2662
10490.3000 0.2664
10495.3000 0.2665
10506.6000 0.2666
10522.6000 0.2667
10532.8000 0.2668
10538.3000 0.2669
10548.0000 0.2670
10553.3000 0.2671
10554.6000 0.2672
10554.6000 0.2673
10556.7000 0.2674
10559.4000 0.2675
10566.0000 0.2676
10566.5000 0.2677
10583.4000 0.2678
10583.9000 0.2679
10595.5000 0.2680
10596.8000 0.2681
10604.2000 0.2682
10608.9000 0.2683
10610.4000 0.2684
10613.5000 0.2685
10634.1000 0.2686
10644.3000 0.2687
10655.3000 0.2689
10655.4000 0.2690
10655.8000 0.2691
10672.9000 0.2692
10686.0000 0.2693
10687.5000 0.2694
10699.6000 0.2695
10700.4000 0.2696
10704.9000 0.2697
10709.0000 0.2698
10730.0000 0.2699
10737.5000 0.2700
10744.5000 0.2701
10745.8000 0.2702
10748.0000 0.2703
10758.4000 0.2704
10761.7000 0.2705
10764.6000 0.2706
10801.8000 0.2707
10804.4000 0.2708
10818.4000 0.2709
10829.6000 0.2710
10832.5000 0.2711
10855.3000 0.2712
10856.8000 0.2714
10859.3000 0.2715
10874.7000 0.2716
10874.7000 0.2717
10877.8000 0.2718
10884.4000 0.2719
10890.8000 0.2720
10895.7000 0.2721
10912.9000 0.2722
10914.1000 0.2723
10917.5000 0.2724
10927.2000 0.2725
10940.9000 0.2726
10941.2000 0.2727
10942.9000 0.2728
10948.1000 0.2729
10955.5000 0.2730
10963.5000 0.2731
10972.5000 0.2732
10996.9000 0.2733
11005.8000 0.2734
11057.1000 0.2735
11063.3000 0.2736
11083.1000 0.2737
11087.8000 0.2739
11133.1000 0.2740
11133.5000 0.2741
11140.7000 0.2742
11142.5000 0.2743
11153.8000 0.2744
11155.3000 0.2745
11156.2000 0.2746
11171.1000 0.2747
11201.9000 0.2748
11228.3000 0.2749
11238.8000 0.2750
11250.5000 0.2751
11251.8000 0.2752
11280.7000 0.2753
11297.7000 0.2754
11329.4000 0.2755
11329.9000 0.2756
11334.5000 0.2757
11346.1000 0.2758
11349.0000 0.2759
11359.4000 0.2760
11362.2000 0.2761
11379.5000 0.2762
11382.7000 0.2764
11384.0000 0.2765
11388.6000 0.2766
11389.9000 0.2767
11406.4000 0.2768
11416.3000 0.2769
11430.0000 0.2770
11439.7000 0.2771
11440.3000 0.2772
11450.2000 0.2773
11454.0000 0.2774
11459.2000 0.2775
11463.8000 0.2776
11474.8000 0.2777
11475.7000 0.2778
11481.0000 0.2779
11496.5000 0.2780
11513.1000 0.2781
11513.8000 0.2782
11516.4000 0.2783
11518.4000 0.2784
11531.9000 0.2785
11533.8000 0.2786
11533.9000 0.2787
11537.7000 0.2789
11540.5000 0.2790
11560.7000 0.2791
11570.0000 0.2792
11571.4000 0.2793
11575.2000 0.2794
11576.3000 0.2795
11602.3000 0.2796
11603.6000 0.2797
11609.7000 0.2798
11625.5000 0.2799
11634.6000 0.2800
11657.3000 0.2801
11677.8000 0.2802
11686.0000 0.2803
11705.1000 0.2804
11706.5000 0.2805
11720.5000 0.2806
11732.6000 0.2807
11737.3000 0.2808
11745.4000 0.2809
11755.4000 0.2810
11760.5000 0.2811
11808.1000 0.2812
11810.4000 0.2814
11822.1000 0.2815
11859.7000 0.2816
11863.7000 0.2817
11869.1000 0.2818
11871.7000 0.2819
11878.1000 0.2820
11905.9000 0.2821
11911.3000 0.2822
11933.8000 0.2823
11938.7000 0.2824
11944.0000 0.2825
11945.0000 0.2826
11953.0000 0.2827
11958.6000 0.2828
11962.0000 0.2829
11980.1000 0.2830
11984.2000 0.2831
