# messageDelay  cumulativeProbability
0.2000 0.0002
0.2000 0.0003
0.2000 0.0005
0.2000 0.0007
0.2000 0.0009
0.2000 0.0010
0.2000 0.0012
0.2000 0.0014
0.2000 0.0016
0.2000 0.0017
0.2000 0.0019
0.2000 0.0021
0.2000 0.0023
0.2000 0.0024
36.5000 0.0026
46.1000 0.0028
60.0000 0.0030
71.1000 0.0031
82.0000 0.0033
91.6000 0.0035
95.2000 0.0036
103.1000 0.0038
106.1000 0.0040
106.4000 0.0042
115.5000 0.0043
117.9000 0.0045
119.0000 0.0047
126.5000 0.0049
131.3000 0.0050
134.7000 0.0052
136.1000 0.0054
136.4000 0.0056
137.5000 0.0057
142.6000 0.0059
142.9000 0.0061
147.6000 0.0063
148.9000 0.0064
152.1000 0.0066
157.7000 0.0068
159.1000 0.0069
159.6000 0.0071
165.6000 0.0073
168.5000 0.0075
170.4000 0.0076
171.8000 0.0078
175.8000 0.0080
177.5000 0.0082
181.7000 0.0083
185.9000 0.0085
188.1000 0.0087
188.2000 0.0089
190.1000 0.0090
194.2000 0.0092
194.4000 0.0094
195.0000 0.0095
196.6000 0.0097
198.9000 0.0099
200.0000 0.0101
200.2000 0.0102
200.5000 0.0104
201.7000 0.0106
202.1000 0.0108
204.9000 0.0109
205.4000 0.0111
205.5000 0.0113
208.5000 0.0115
212.7000 0.0116
212.8000 0.0118
213.1000 0.0120
213.5000 0.0122
217.1000 0.0123
218.4000 0.0125
218.7000 0.0127
223.4000 0.0128
227.9000 0.0130
228.2000 0.0132
229.9000 0.0134
232.9000 0.0135
233.5000 0.0137
233.8000 0.0139
235.9000 0.0141
236.7000 0.0142
236.7000 0.0144
238.1000 0.0146
238.3000 0.0148
238.6000 0.0149
239.9000 0.0151
240.6000 0.0153
242.1000 0.0155
242.5000 0.0156
244.8000 0.0158
244.9000 0.0160
246.9000 0.0161
251.9000 0.0163
254.8000 0.0165
257.8000 0.0167
262.9000 0.0168
262.9000 0.0170
264.4000 0.0172
265.9000 0.0174
266.2000 0.0175
266.6000 0.0177
269.7000 0.0179
270.1000 0.0181
270.3000 0.0182
272.9000 0.0184
276.9000 0.0186
277.9000 0.0187
278.7000 0.0189
279.3000 0.0191
279.7000 0.0193
279.8000 0.0194
280.4000 0.0196
280.6000 0.0198
280.7000 0.0200
283.2000 0.0201
285.8000 0.0203
286.7000 0.0205
286.8000 0.0207
290.6000 0.0208
291.5000 0.0210
292.9000 0.0212
294.1000 0.0214
295.5000 0.0215
295.8000 0.0217
296.4000 0.0219
296.7000 0.0220
297.5000 0.0222
298.5000 0.0224
299.0000 0.0226
301.7000 0.0227
304.0000 0.0229
306.2000 0.0231
306.5000 0.0233
307.7000 0.0234
309.0000 0.0236
309.4000 0.0238
309.7000 0.0240
309.7000 0.0241
309.8000 0.0243
311.5000 0.0245
311.9000 0.0247
314.1000 0.0248
315.6000 0.0250
320.0000 0.0252
320.3000 0.0253
320.4000 0.0255
320.4000 0.0257
320.5000 0.0259
325.1000 0.0260
327.7000 0.0262
328.1000 0.0264
329.0000 0.0266
331.7000 0.0267
334.3000 0.0269
336.4000 0.0271
337.2000 0.0273
337.8000 0.0274
338.9000 0.0276
339.2000 0.0278
339.7000 0.0280
342.7000 0.0281
346.8000 0.0283
347.5000 0.0285
348.4000 0.0286
350.0000 0.0288
350.0000 0.0290
354.1000 0.0292
356.5000 0.0293
358.4000 0.0295
361.9000 0.0297
363.5000 0.0299
364.4000 0.0300
366.0000 0.0302
366.6000 0.0304
367.7000 0.0306
368.5000 0.0307
369.9000 0.0309
370.1000 0.0311
374.6000 0.0312
375.8000 0.0314
376.8000 0.0316
376.8000 0.0318
377.7000 0.0319
380.2000 0.0321
382.2000 0.0323
382.8000 0.0325
384.6000 0.0326
385.7000 0.0328
387.5000 0.0330
390.3000 0.0332
391.2000 0.0333
392.8000 0.0335
393.0000 0.0337
394.6000 0.0339
395.1000 0.0340
398.8000 0.0342
399.0000 0.0344
399.5000 0.0345
399.9000 0.0347
401.5000 0.0349
406.0000 0.0351
407.7000 0.0352
409.1000 0.0354
409.9000 0.0356
410.7000 0.0358
410.7000 0.0359
412.0000 0.0361
413.8000 0.0363
414.1000 0.0365
415.6000 0.0366
416.7000 0.0368
416.8000 0.0370
417.3000 0.0372
417.4000 0.0373
419.2000 0.0375
419.9000 0.0377
420.5000 0.0378
421.6000 0.0380
423.8000 0.0382
425.5000 0.0384
427.4000 0.0385
427.5000 0.0387
427.9000 0.0389
431.6000 0.0391
434.0000 0.0392
435.7000 0.0394
435.7000 0.0396
438.0000 0.0398
439.0000 0.0399
439.3000 0.0401
440.0000 0.0403
446.6000 0.0405
447.0000 0.0406
450.0000 0.0408
450.5000 0.0410
456.4000 0.0411
457.5000 0.0413
458.5000 0.0415
459.1000 0.0417
462.8000 0.0418
465.3000 0.0420
465.3000 0.0422
465.9000 0.0424
466.6000 0.0425
467.8000 0.0427
468.5000 0.0429
471.7000 0.0431
471.7000 0.0432
472.7000 0.0434
474.6000 0.0436
476.5000 0.0437
478.2000 0.0439
480.7000 0.0441
481.7000 0.0443
482.3000 0.0444
482.8000 0.0446
482.9000 0.0448
483.9000 0.0450
484.5000 0.0451
484.5000 0.0453
486.9000 0.0455
487.1000 0.0457
490.2000 0.0458
492.9000 0.0460
494.3000 0.0462
497.4000 0.0464
497.6000 0.0465
498.6000 0.0467
498.9000 0.0469
500.1000 0.0470
508.3000 0.0472
508.9000 0.0474
509.5000 0.0476
510.2000 0.0477
513.1000 0.0479
513.3000 0.0481
514.6000 0.0483
514.9000 0.0484
514.9000 0.0486
524.7000 0.0488
524.8000 0.0490
525.0000 0.0491
525.4000 0.0493
525.5000 0.0495
529.1000 0.0497
530.2000 0.0498
532.2000 0.0500
532.5000 0.0502
532.7000 0.0503
533.9000 0.0505
535.3000 0.0507
536.5000 0.0509
536.8000 0.0510
538.1000 0.0512
543.9000 0.0514
545.8000 0.0516
546.7000 0.0517
547.4000 0.0519
549.9000 0.0521
551.3000 0.0523
551.5000 0.0524
554.1000 0.0526
554.6000 0.0528
556.9000 0.0530
557.0000 0.0531
557.0000 0.0533
557.6000 0.0535
559.1000 0.0536
559.1000 0.0538
561.0000 0.0540
561.0000 0.0542
561.0000 0.0543
561.2000 0.0545
562.1000 0.0547
563.2000 0.0549
563.3000 0.0550
564.4000 0.0552
564.7000 0.0554
564.8000 0.0556
567.3000 0.0557
570.4000 0.0559
570.6000 0.0561
571.6000 0.0562
571.8000 0.0564
571.9000 0.0566
572.6000 0.0568
575.6000 0.0569
575.7000 0.0571
576.6000 0.0573
577.0000 0.0575
577.4000 0.0576
580.2000 0.0578
580.2000 0.0580
580.2000 0.0582
581.5000 0.0583
581.7000 0.0585
582.7000 0.0587
583.7000 0.0589
583.9000 0.0590
584.0000 0.0592
584.6000 0.0594
585.2000 0.0595
588.5000 0.0597
588.5000 0.0599
589.1000 0.0601
589.4000 0.0602
589.9000 0.0604
592.0000 0.0606
593.3000 0.0608
595.6000 0.0609
597.5000 0.0611
597.8000 0.0613
598.7000 0.0615
600.3000 0.0616
600.5000 0.0618
604.5000 0.0620
605.3000 0.0622
605.7000 0.0623
605.7000 0.0625
606.8000 0.0627
606.9000 0.0628
606.9000 0.0630
607.6000 0.0632
609.3000 0.0634
610.5000 0.0635
614.4000 0.0637
614.9000 0.0639
615.5000 0.0641
615.8000 0.0642
617.4000 0.0644
619.2000 0.0646
619.7000 0.0648
620.0000 0.0649
620.5000 0.0651
620.7000 0.0653
621.0000 0.0655
621.3000 0.0656
623.6000 0.0658
623.6000 0.0660
624.8000 0.0661
625.6000 0.0663
625.7000 0.0665
626.6000 0.0667
626.8000 0.0668
630.3000 0.0670
630.3000 0.0672
630.9000 0.0674
632.6000 0.0675
632.9000 0.0677
633.3000 0.0679
635.9000 0.0681
638.1000 0.0682
645.8000 0.0684
646.5000 0.0686
648.0000 0.0687
651.8000 0.0689
653.4000 0.0691
653.7000 0.0693
654.3000 0.0694
654.8000 0.0696
655.2000 0.0698
656.6000 0.0700
656.8000 0.0701
656.9000 0.0703
657.3000 0.0705
657.5000 0.0707
657.9000 0.0708
662.0000 0.0710
666.0000 0.0712
669.1000 0.0714
672.1000 0.0715
672.6000 0.0717
673.5000 0.0719
673.7000 0.0720
674.0000 0.0722
675.6000 0.0724
675.8000 0.0726
675.8000 0.0727
676.7000 0.0729
676.9000 0.0731
677.1000 0.0733
678.1000 0.0734
680.2000 0.0736
683.3000 0.0738
685.7000 0.0740
686.0000 0.0741
687.7000 0.0743
687.8000 0.0745
688.2000 0.0747
690.2000 0.0748
691.1000 0.0750
691.9000 0.0752
698.0000 0.0753
698.2000 0.0755
698.4000 0.0757
698.5000 0.0759
698.8000 0.0760
699.2000 0.0762
702.3000 0.0764
702.5000 0.0766
709.0000 0.0767
709.1000 0.0769
709.3000 0.0771
712.3000 0.0773
716.4000 0.0774
717.8000 0.0776
718.7000 0.0778
718.9000 0.0780
721.8000 0.0781
723.7000 0.0783
723.9000 0.0785
725.5000 0.0786
727.8000 0.0788
728.6000 0.0790
729.0000 0.0792
729.9000 0.0793
730.7000 0.0795
733.3000 0.0797
733.5000 0.0799
736.6000 0.0800
736.7000 0.0802
736.8000 0.0804
739.1000 0.0806
739.8000 0.0807
740.5000 0.0809
743.4000 0.0811
747.9000 0.0812
748.8000 0.0814
749.3000 0.0816
750.7000 0.0818
752.9000 0.0819
754.1000 0.0821
756.5000 0.0823
761.5000 0.0825
763.2000 0.0826
763.6000 0.0828
763.9000 0.0830
764.2000 0.0832
766.9000 0.0833
767.1000 0.0835
768.2000 0.0837
768.9000 0.0839
769.9000 0.0840
773.1000 0.0842
773.7000 0.0844
781.7000 0.0845
787.0000 0.0847
787.1000 0.0849
789.5000 0.0851
795.5000 0.0852
796.8000 0.0854
798.0000 0.0856
804.9000 0.0858
805.5000 0.0859
806.7000 0.0861
807.0000 0.0863
810.1000 0.0865
813.6000 0.0866
813.8000 0.0868
815.1000 0.0870
815.9000 0.0872
817.0000 0.0873
817.7000 0.0875
818.5000 0.0877
819.2000 0.0878
821.1000 0.0880
822.1000 0.0882
822.8000 0.0884
823.8000 0.0885
827.2000 0.0887
828.3000 0.0889
828.5000 0.0891
832.8000 0.0892
833.8000 0.0894
834.4000 0.0896
835.4000 0.0898
837.2000 0.0899
839.1000 0.0901
839.7000 0.0903
842.6000 0.0905
846.0000 0.0906
847.2000 0.0908
847.3000 0.0910
848.0000 0.0911
848.2000 0.0913
853.1000 0.0915
854.1000 0.0917
856.9000 0.0918
857.8000 0.0920
857.9000 0.0922
858.0000 0.0924
858.4000 0.0925
860.1000 0.0927
861.6000 0.0929
863.4000 0.0931
864.5000 0.0932
866.9000 0.0934
868.6000 0.0936
874.7000 0.0937
875.0000 0.0939
876.3000 0.0941
876.6000 0.0943
878.7000 0.0944
882.4000 0.0946
882.8000 0.0948
883.7000 0.0950
884.0000 0.0951
884.9000 0.0953
885.0000 0.0955
886.3000 0.0957
886.9000 0.0958
886.9000 0.0960
887.9000 0.0962
892.0000 0.0964
893.1000 0.0965
893.2000 0.0967
894.4000 0.0969
897.9000 0.0970
898.0000 0.0972
903.6000 0.0974
904.6000 0.0976
906.6000 0.0977
908.8000 0.0979
911.3000 0.0981
912.7000 0.0983
914.2000 0.0984
915.8000 0.0986
916.3000 0.0988
918.0000 0.0990
918.9000 0.0991
919.7000 0.0993
919.8000 0.0995
922.5000 0.0997
922.7000 0.0998
922.7000 0.1000
923.9000 0.1002
928.9000 0.1003
929.4000 0.1005
933.2000 0.1007
933.3000 0.1009
933.5000 0.1010
934.6000 0.1012
935.4000 0.1014
937.8000 0.1016
938.2000 0.1017
938.7000 0.1019
939.1000 0.1021
942.1000 0.1023
944.7000 0.1024
947.3000 0.1026
948.2000 0.1028
948.3000 0.1030
948.7000 0.1031
949.8000 0.1033
952.8000 0.1035
954.1000 0.1036
954.2000 0.1038
954.6000 0.1040
960.4000 0.1042
962.0000 0.1043
963.2000 0.1045
964.1000 0.1047
964.4000 0.1049
964.6000 0.1050
965.4000 0.1052
966.0000 0.1054
969.9000 0.1056
970.7000 0.1057
973.9000 0.1059
976.7000 0.1061
976.7000 0.1062
982.0000 0.1064
982.9000 0.1066
984.9000 0.1068
986.8000 0.1069
990.4000 0.1071
991.4000 0.1073
991.8000 0.1075
994.2000 0.1076
994.3000 0.1078
996.8000 0.1080
998.9000 0.1082
999.0000 0.1083
1003.0000 0.1085
1006.5000 0.1087
1006.8000 0.1089
1007.7000 0.1090
1011.5000 0.1092
1011.7000 0.1094
1013.3000 0.1095
1014.1000 0.1097
1019.1000 0.1099
1019.4000 0.1101
1020.0000 0.1102
1022.6000 0.1104
1023.5000 0.1106
1024.1000 0.1108
1031.4000 0.1109
1033.4000 0.1111
1034.0000 0.1113
1034.5000 0.1115
1035.1000 0.1116
1036.3000 0.1118
1037.3000 0.1120
1039.0000 0.1122
1043.0000 0.1123
1043.3000 0.1125
1043.8000 0.1127
1043.8000 0.1128
1044.5000 0.1130
1045.1000 0.1132
1048.1000 0.1134
1051.5000 0.1135
1054.0000 0.1137
1054.6000 0.1139
1057.0000 0.1141
1057.7000 0.1142
1058.6000 0.1144
1059.2000 0.1146
1060.0000 0.1148
1060.1000 0.1149
1061.7000 0.1151
1061.8000 0.1153
1063.3000 0.1155
1069.2000 0.1156
1069.9000 0.1158
1072.5000 0.1160
1086.9000 0.1161
1087.1000 0.1163
1087.5000 0.1165
1092.0000 0.1167
1096.5000 0.1168
1099.3000 0.1170
1099.8000 0.1172
1100.3000 0.1174
1101.8000 0.1175
1101.8000 0.1177
1102.0000 0.1179
1110.6000 0.1181
1112.1000 0.1182
1114.3000 0.1184
1115.4000 0.1186
1116.2000 0.1187
1116.9000 0.1189
1118.1000 0.1191
1118.2000 0.1193
1119.3000 0.1194
1121.8000 0.1196
1122.4000 0.1198
1127.9000 0.1200
1128.2000 0.1201
1130.4000 0.1203
1131.5000 0.1205
1131.9000 0.1207
1134.3000 0.1208
1134.8000 0.1210
1135.0000 0.1212
1137.8000 0.1214
1141.3000 0.1215
1141.9000 0.1217
1142.6000 0.1219
1142.7000 0.1220
1143.0000 0.1222
1143.8000 0.1224
1143.8000 0.1226
1144.8000 0.1227
1147.2000 0.1229
1149.1000 0.1231
1149.2000 0.1233
1150.7000 0.1234
1151.7000 0.1236
1152.2000 0.1238
1152.4000 0.1240
1153.1000 0.1241
1153.4000 0.1243
1156.8000 0.1245
1159.1000 0.1247
1160.0000 0.1248
1161.4000 0.1250
1162.9000 0.1252
1165.8000 0.1253
1166.8000 0.1255
1168.0000 0.1257
1169.3000 0.1259
1169.4000 0.1260
1171.9000 0.1262
1172.1000 0.1264
1172.5000 0.1266
1173.0000 0.1267
1177.6000 0.1269
1178.5000 0.1271
1182.4000 0.1273
1182.8000 0.1274
1187.3000 0.1276
1187.7000 0.1278
1190.2000 0.1280
1191.2000 0.1281
1191.9000 0.1283
1192.3000 0.1285
1196.3000 0.1286
1199.3000 0.1288
1200.1000 0.1290
1200.8000 0.1292
1201.2000 0.1293
1201.5000 0.1295
1201.6000 0.1297
1201.8000 0.1299
1201.9000 0.1300
1205.6000 0.1302
1208.4000 0.1304
1209.9000 0.1306
1211.6000 0.1307
1211.8000 0.1309
1218.0000 0.1311
1218.1000 0.1312
1218.9000 0.1314
1221.0000 0.1316
1221.3000 0.1318
1221.5000 0.1319
1222.3000 0.1321
1224.7000 0.1323
1234.3000 0.1325
1239.0000 0.1326
1239.0000 0.1328
1239.2000 0.1330
1239.7000 0.1332
1240.5000 0.1333
1242.0000 0.1335
1243.7000 0.1337
1246.0000 0.1339
1246.2000 0.1340
1247.0000 0.1342
1248.1000 0.1344
1249.5000 0.1345
1250.5000 0.1347
1251.1000 0.1349
1254.3000 0.1351
1254.6000 0.1352
1255.1000 0.1354
1255.3000 0.1356
1256.7000 0.1358
1258.3000 0.1359
1261.2000 0.1361
1261.7000 0.1363
1264.9000 0.1365
1266.7000 0.1366
1268.3000 0.1368
1273.0000 0.1370
1273.6000 0.1372
1279.8000 0.1373
1279.8000 0.1375
1282.8000 0.1377
1288.4000 0.1378
1289.8000 0.1380
1296.3000 0.1382
1299.9000 0.1384
1300.5000 0.1385
1307.5000 0.1387
1308.3000 0.1389
1311.8000 0.1391
1311.9000 0.1392
1314.1000 0.1394
1316.9000 0.1396
1316.9000 0.1398
1319.8000 0.1399
1321.7000 0.1401
1322.0000 0.1403
1324.6000 0.1405
1325.1000 0.1406
1325.9000 0.1408
1329.9000 0.1410
1330.2000 0.1411
1334.7000 0.1413
1336.4000 0.1415
1346.4000 0.1417
1346.7000 0.1418
1347.5000 0.1420
1353.8000 0.1422
1367.1000 0.1424
1367.5000 0.1425
1369.5000 0.1427
1370.5000 0.1429
1371.6000 0.1431
1375.6000 0.1432
1377.7000 0.1434
1379.5000 0.1436
1382.5000 0.1437
1384.4000 0.1439
1386.5000 0.1441
1387.6000 0.1443
1387.6000 0.1444
1389.5000 0.1446
1392.3000 0.1448
1393.7000 0.1450
1393.8000 0.1451
1397.2000 0.1453
1398.8000 0.1455
1407.6000 0.1457
1412.5000 0.1458
1414.1000 0.1460
1414.2000 0.1462
1416.6000 0.1464
1416.7000 0.1465
1418.5000 0.1467
1419.6000 0.1469
1420.6000 0.1470
1421.2000 0.1472
1423.3000 0.1474
1423.6000 0.1476
1427.1000 0.1477
1428.3000 0.1479
1429.9000 0.1481
1430.0000 0.1483
1432.0000 0.1484
1438.5000 0.1486
1441.4000 0.1488
1448.8000 0.1490
1449.1000 0.1491
1450.0000 0.1493
1452.5000 0.1495
1452.5000 0.1497
1456.6000 0.1498
1456.8000 0.1500
1469.0000 0.1502
1469.8000 0.1503
1472.9000 0.1505
1473.8000 0.1507
1474.1000 0.1509
1475.6000 0.1510
1476.8000 0.1512
1477.1000 0.1514
1477.7000 0.1516
1483.8000 0.1517
1486.6000 0.1519
1486.9000 0.1521
1487.6000 0.1523
1489.8000 0.1524
1492.2000 0.1526
1495.5000 0.1528
1506.6000 0.1530
1507.4000 0.1531
1507.8000 0.1533
1510.2000 0.1535
1512.6000 0.1536
1512.6000 0.1538
1515.2000 0.1540
1515.7000 0.1542
1524.1000 0.1543
1527.8000 0.1545
1528.7000 0.1547
1529.9000 0.1549
1530.4000 0.1550
1544.5000 0.1552
1545.3000 0.1554
1551.4000 0.1556
1556.4000 0.1557
1556.9000 0.1559
1557.7000 0.1561
1560.6000 0.1562
1567.9000 0.1564
1568.3000 0.1566
1573.0000 0.1568
1576.6000 0.1569
1583.4000 0.1571
1587.8000 0.1573
1592.9000 0.1575
1594.1000 0.1576
1595.7000 0.1578
1597.2000 0.1580
1598.9000 0.1582
1599.6000 0.1583
1606.9000 0.1585
1607.6000 0.1587
1609.6000 0.1589
1614.4000 0.1590
1616.4000 0.1592
1629.1000 0.1594
1632.0000 0.1595
1637.0000 0.1597
1638.6000 0.1599
1640.6000 0.1601
1641.9000 0.1602
1643.0000 0.1604
1644.6000 0.1606
1647.6000 0.1608
1649.8000 0.1609
1650.1000 0.1611
1655.0000 0.1613
1657.5000 0.1615
1663.7000 0.1616
1666.3000 0.1618
1672.6000 0.1620
1672.7000 0.1622
1677.3000 0.1623
1678.7000 0.1625
1680.1000 0.1627
1682.4000 0.1628
1696.9000 0.1630
1701.6000 0.1632
1719.0000 0.1634
1722.0000 0.1635
1728.1000 0.1637
1738.9000 0.1639
1739.0000 0.1641
1742.1000 0.1642
1745.1000 0.1644
1752.2000 0.1646
1761.6000 0.1648
1778.1000 0.1649
1782.1000 0.1651
1783.8000 0.1653
1787.7000 0.1655
1790.4000 0.1656
1791.8000 0.1658
1792.2000 0.1660
1792.8000 0.1661
1794.4000 0.1663
1799.8000 0.1665
1811.1000 0.1667
1814.7000 0.1668
1816.8000 0.1670
1819.9000 0.1672
1825.6000 0.1674
1826.7000 0.1675
1826.8000 0.1677
1827.3000 0.1679
1829.8000 0.1681
1832.5000 0.1682
1835.3000 0.1684
1841.9000 0.1686
1844.2000 0.1687
1847.4000 0.1689
1847.7000 0.1691
1852.7000 0.1693
1854.4000 0.1694
1860.4000 0.1696
1862.6000 0.1698
1863.6000 0.1700
1864.6000 0.1701
1875.5000 0.1703
1881.7000 0.1705
1893.5000 0.1707
1893.6000 0.1708
1893.8000 0.1710
1893.9000 0.1712
1895.4000 0.1714
1896.8000 0.1715
1897.7000 0.1717
1903.9000 0.1719
1905.7000 0.1720
1906.2000 0.1722
1914.0000 0.1724
1914.9000 0.1726
1916.9000 0.1727
1919.2000 0.1729
1923.3000 0.1731
1925.4000 0.1733
1928.4000 0.1734
1929.2000 0.1736
1932.4000 0.1738
1935.8000 0.1740
1937.3000 0.1741
1938.2000 0.1743
1939.4000 0.1745
1944.1000 0.1747
1951.6000 0.1748
1958.8000 0.1750
1960.5000 0.1752
1961.5000 0.1753
1966.2000 0.1755
1969.8000 0.1757
1978.7000 0.1759
1996.2000 0.1760
2001.8000 0.1762
2004.6000 0.1764
2009.6000 0.1766
2013.3000 0.1767
2016.2000 0.1769
2021.9000 0.1771
2032.4000 0.1773
2033.9000 0.1774
2052.9000 0.1776
2053.3000 0.1778
2058.4000 0.1780
2079.9000 0.1781
2087.8000 0.1783
2089.0000 0.1785
2096.1000 0.1786
2099.2000 0.1788
2102.1000 0.1790
2105.0000 0.1792
2118.2000 0.1793
2122.1000 0.1795
2137.1000 0.1797
2139.6000 0.1799
2144.2000 0.1800
2157.7000 0.1802
2163.4000 0.1804
2165.2000 0.1806
2177.1000 0.1807
2178.1000 0.1809
2191.9000 0.1811
2200.8000 0.1812
2205.9000 0.1814
2219.2000 0.1816
2220.4000 0.1818
2221.7000 0.1819
2225.6000 0.1821
2229.9000 0.1823
2241.4000 0.1825
2245.2000 0.1826
2248.4000 0.1828
2248.7000 0.1830
2249.1000 0.1832
2249.8000 0.1833
2250.0000 0.1835
2254.0000 0.1837
2257.5000 0.1839
2262.8000 0.1840
2271.7000 0.1842
2278.5000 0.1844
2278.9000 0.1845
2288.7000 0.1847
2297.7000 0.1849
2302.9000 0.1851
2318.7000 0.1852
2334.4000 0.1854
2337.1000 0.1856
2340.3000 0.1858
2344.6000 0.1859
2346.4000 0.1861
2349.8000 0.1863
2352.6000 0.1865
2358.3000 0.1866
2367.2000 0.1868
2377.5000 0.1870
2378.7000 0.1872
2402.3000 0.1873
2404.3000 0.1875
2407.5000 0.1877
2420.1000 0.1878
2425.7000 0.1880
2427.4000 0.1882
2431.0000 0.1884
2436.8000 0.1885
2439.6000 0.1887
2440.3000 0.1889
2445.3000 0.1891
2448.1000 0.1892
2487.3000 0.1894
2488.4000 0.1896
2493.7000 0.1898
2513.0000 0.1899
2517.3000 0.1901
2528.1000 0.1903
2537.9000 0.1905
2537.9000 0.1906
2554.4000 0.1908
2557.3000 0.1910
2558.5000 0.1911
2561.9000 0.1913
2574.7000 0.1915
2577.2000 0.1917
2581.4000 0.1918
2585.5000 0.1920
2587.7000 0.1922
2598.9000 0.1924
2599.0000 0.1925
2609.1000 0.1927
2625.9000 0.1929
2638.7000 0.1931
2643.3000 0.1932
2656.6000 0.1934
2673.1000 0.1936
2674.5000 0.1937
2706.9000 0.1939
2715.1000 0.1941
2729.0000 0.1943
2729.0000 0.1944
2731.0000 0.1946
2739.6000 0.1948
2742.9000 0.1950
2793.6000 0.1951
2805.6000 0.1953
2833.3000 0.1955
2835.6000 0.1957
2859.8000 0.1958
2876.1000 0.1960
2896.9000 0.1962
2928.1000 0.1964
2928.6000 0.1965
2951.0000 0.1967
2968.5000 0.1969
2978.1000 0.1970
2979.9000 0.1972
2984.4000 0.1974
2991.0000 0.1976
3003.2000 0.1977
3006.7000 0.1979
3009.7000 0.1981
3056.7000 0.1983
3067.4000 0.1984
3090.7000 0.1986
3107.9000 0.1988
3114.6000 0.1990
3121.8000 0.1991
3129.6000 0.1993
3129.8000 0.1995
3146.0000 0.1997
3164.6000 0.1998
3168.0000 0.2000
3178.4000 0.2002
3183.4000 0.2003
3190.8000 0.2005
3203.6000 0.2007
3232.9000 0.2009
3250.0000 0.2010
3261.0000 0.2012
3264.7000 0.2014
3274.0000 0.2016
3287.6000 0.2017
3291.4000 0.2019
3292.8000 0.2021
3299.4000 0.2023
3312.5000 0.2024
3321.2000 0.2026
3327.1000 0.2028
3336.2000 0.2030
3365.5000 0.2031
3369.9000 0.2033
3374.4000 0.2035
3386.7000 0.2036
3390.4000 0.2038
3396.5000 0.2040
3419.0000 0.2042
3432.7000 0.2043
3440.1000 0.2045
3452.7000 0.2047
3467.5000 0.2049
3471.1000 0.2050
3488.6000 0.2052
3497.1000 0.2054
3497.6000 0.2056
3546.9000 0.2057
3552.5000 0.2059
3554.2000 0.2061
3556.9000 0.2062
3585.0000 0.2064
3678.5000 0.2066
3701.8000 0.2068
3722.8000 0.2069
3737.7000 0.2071
3740.2000 0.2073
3742.1000 0.2075
3768.6000 0.2076
3779.7000 0.2078
3784.3000 0.2080
3805.7000 0.2082
3819.4000 0.2083
3825.3000 0.2085
3887.5000 0.2087
3903.0000 0.2089
3919.8000 0.2090
3929.6000 0.2092
3932.9000 0.2094
3935.8000 0.2095
3946.0000 0.2097
3955.8000 0.2099
3957.0000 0.2101
3967.5000 0.2102
3969.8000 0.2104
3989.7000 0.2106
3992.2000 0.2108
4009.9000 0.2109
4012.7000 0.2111
4038.9000 0.2113
4051.0000 0.2115
4057.3000 0.2116
4084.5000 0.2118
4084.8000 0.2120
4096.4000 0.2122
4101.4000 0.2123
4114.9000 0.2125
4124.1000 0.2127
4134.5000 0.2128
4144.6000 0.2130
4149.9000 0.2132
4154.1000 0.2134
4175.3000 0.2135
4201.2000 0.2137
4214.0000 0.2139
4229.4000 0.2141
4231.5000 0.2142
4232.7000 0.2144
4238.3000 0.2146
4261.2000 0.2148
4273.5000 0.2149
4282.8000 0.2151
4283.4000 0.2153
4302.3000 0.2155
4310.9000 0.2156
4318.2000 0.2158
4326.5000 0.2160
4334.8000 0.2161
4353.0000 0.2163
4359.3000 0.2165
4367.9000 0.2167
4436.7000 0.2168
4440.4000 0.2170
4445.6000 0.2172
4446.9000 0.2174
4466.5000 0.2175
4504.6000 0.2177
4509.0000 0.2179
4512.3000 0.2181
4522.3000 0.2182
4556.9000 0.2184
4559.0000 0.2186
4578.1000 0.2187
4584.3000 0.2189
4617.9000 0.2191
4638.5000 0.2193
4668.3000 0.2194
4688.5000 0.2196
4699.2000 0.2198
4712.7000 0.2200
4734.7000 0.2201
4735.4000 0.2203
4759.1000 0.2205
4765.3000 0.2207
4769.4000 0.2208
4783.3000 0.2210
4783.5000 0.2212
4809.8000 0.2214
4812.9000 0.2215
4849.8000 0.2217
4850.7000 0.2219
4870.9000 0.2220
4874.0000 0.2222
4901.6000 0.2224
4943.7000 0.2226
4960.2000 0.2227
4961.5000 0.2229
4987.0000 0.2231
5002.8000 0.2233
5005.5000 0.2234
5025.8000 0.2236
5039.8000 0.2238
5050.6000 0.2240
5058.3000 0.2241
5071.2000 0.2243
5096.6000 0.2245
5097.6000 0.2247
5103.7000 0.2248
5106.5000 0.2250
5121.2000 0.2252
5150.3000 0.2253
5153.0000 0.2255
5186.4000 0.2257
5193.2000 0.2259
5203.1000 0.2260
5207.9000 0.2262
5222.3000 0.2264
5222.4000 0.2266
5245.8000 0.2267
5251.7000 0.2269
5258.8000 0.2271
5263.6000 0.2273
5265.9000 0.2274
5289.4000 0.2276
5290.0000 0.2278
5343.3000 0.2280
5374.4000 0.2281
5392.6000 0.2283
5399.6000 0.2285
5424.9000 0.2286
5426.1000 0.2288
5446.8000 0.2290
5447.3000 0.2292
5475.4000 0.2293
5475.5000 0.2295
5487.4000 0.2297
5489.7000 0.2299
5492.7000 0.2300
5497.3000 0.2302
5543.4000 0.2304
5550.0000 0.2306
5554.1000 0.2307
5585.4000 0.2309
5609.5000 0.2311
5617.1000 0.2312
5619.5000 0.2314
5639.2000 0.2316
5653.1000 0.2318
5661.3000 0.2319
5694.3000 0.2321
5728.1000 0.2323
5735.4000 0.2325
5737.2000 0.2326
5745.4000 0.2328
5763.0000 0.2330
5770.3000 0.2332
5776.7000 0.2333
5781.9000 0.2335
5795.4000 0.2337
5797.3000 0.2339
5798.7000 0.2340
5803.2000 0.2342
5835.8000 0.2344
5853.2000 0.2345
5868.4000 0.2347
5871.3000 0.2349
5884.2000 0.2351
5892.0000 0.2352
5908.6000 0.2354
5932.1000 0.2356
5956.0000 0.2358
5962.2000 0.2359
5979.7000 0.2361
5985.2000 0.2363
5991.4000 0.2365
5999.0000 0.2366
5999.9000 0.2368
6007.1000 0.2370
6014.5000 0.2372
6037.9000 0.2373
6050.8000 0.2375
6057.6000 0.2377
6111.5000 0.2378
6126.0000 0.2380
6145.5000 0.2382
6157.9000 0.2384
6158.3000 0.2385
6158.3000 0.2387
6163.0000 0.2389
6176.4000 0.2391
6184.8000 0.2392
6212.6000 0.2394
6239.3000 0.2396
6239.5000 0.2398
6239.6000 0.2399
6249.5000 0.2401
6280.7000 0.2403
6286.2000 0.2405
6287.3000 0.2406
6302.1000 0.2408
6311.5000 0.2410
6338.1000 0.2411
6344.3000 0.2413
6347.9000 0.2415
6350.0000 0.2417
6373.6000 0.2418
6377.4000 0.2420
6377.7000 0.2422
6400.1000 0.2424
6444.5000 0.2425
6459.2000 0.2427
6482.8000 0.2429
6500.9000 0.2431
6528.7000 0.2432
6573.2000 0.2434
6576.0000 0.2436
6586.6000 0.2437
6592.3000 0.2439
6616.5000 0.2441
6621.6000 0.2443
6629.2000 0.2444
6704.1000 0.2446
6712.5000 0.2448
6721.6000 0.2450
6730.5000 0.2451
6735.2000 0.2453
6760.3000 0.2455
6782.8000 0.2457
6793.3000 0.2458
6805.2000 0.2460
6817.4000 0.2462
6832.0000 0.2464
6844.9000 0.2465
6851.3000 0.2467
6851.9000 0.2469
6866.1000 0.2470
6868.3000 0.2472
6868.5000 0.2474
6875.2000 0.2476
6891.7000 0.2477
6892.7000 0.2479
6895.6000 0.2481
6905.5000 0.2483
6917.6000 0.2484
6935.4000 0.2486
6946.4000 0.2488
6957.4000 0.2490
6974.4000 0.2491
6982.3000 0.2493
7024.1000 0.2495
7024.8000 0.2497
7047.9000 0.2498
7050.5000 0.2500
7075.2000 0.2502
7112.7000 0.2503
7113.8000 0.2505
7162.5000 0.2507
7174.3000 0.2509
7190.5000 0.2510
7217.6000 0.2512
7221.9000 0.2514
7231.3000 0.2516
7243.5000 0.2517
7300.0000 0.2519
7310.0000 0.2521
7311.8000 0.2523
7314.0000 0.2524
7333.1000 0.2526
7351.9000 0.2528
7369.2000 0.2530
7379.3000 0.2531
7381.2000 0.2533
7399.6000 0.2535
7406.2000 0.2536
7427.0000 0.2538
7436.7000 0.2540
7446.4000 0.2542
7455.5000 0.2543
7467.6000 0.2545
7483.9000 0.2547
7510.1000 0.2549
7513.1000 0.2550
7553.7000 0.2552
7575.2000 0.2554
7604.8000 0.2556
7633.7000 0.2557
7672.3000 0.2559
7672.5000 0.2561
7698.5000 0.2563
7702.3000 0.2564
7705.6000 0.2566
7708.9000 0.2568
7715.6000 0.2569
7716.6000 0.2571
7748.1000 0.2573
7751.9000 0.2575
7781.0000 0.2576
7799.6000 0.2578
7803.8000 0.2580
7804.1000 0.2582
7837.5000 0.2583
7881.4000 0.2585
7893.9000 0.2587
7914.1000 0.2589
7924.3000 0.2590
7936.6000 0.2592
7939.8000 0.2594
7941.7000 0.2595
7962.3000 0.2597
7970.0000 0.2599
7979.2000 0.2601
7993.0000 0.2602
7997.4000 0.2604
8009.8000 0.2606
8017.5000 0.2608
8022.7000 0.2609
8034.4000 0.2611
8043.2000 0.2613
8050.3000 0.2615
8053.3000 0.2616
8060.8000 0.2618
8075.9000 0.2620
8089.1000 0.2622
8092.3000 0.2623
8104.7000 0.2625
8127.9000 0.2627
8162.1000 0.2628
8162.1000 0.2630
8165.0000 0.2632
8167.5000 0.2634
8169.1000 0.2635
8202.8000 0.2637
8208.7000 0.2639
8209.0000 0.2641
8226.7000 0.2642
8228.5000 0.2644
8233.6000 0.2646
8240.3000 0.2648
8267.3000 0.2649
8355.3000 0.2651
8372.5000 0.2653
8374.5000 0.2655
8376.1000 0.2656
8380.2000 0.2658
8394.9000 0.2660
8416.3000 0.2661
8418.7000 0.2663
8421.5000 0.2665
8427.5000 0.2667
8434.6000 0.2668
8437.5000 0.2670
8443.4000 0.2672
8459.1000 0.2674
8481.8000 0.2675
8527.8000 0.2677
8544.6000 0.2679
8580.8000 0.2681
8606.9000 0.2682
8632.3000 0.2684
8633.1000 0.2686
8653.0000 0.2688
8664.0000 0.2689
8685.8000 0.2691
8692.6000 0.2693
8723.8000 0.2694
8728.5000 0.2696
8736.5000 0.2698
8741.2000 0.2700
8765.7000 0.2701
8797.9000 0.2703
8814.2000 0.2705
8827.5000 0.2707
8837.8000 0.2708
8841.9000 0.2710
8846.2000 0.2712
8846.6000 0.2714
8848.5000 0.2715
8850.8000 0.2717
8857.1000 0.2719
8859.2000 0.2720
8873.0000 0.2722
8888.3000 0.2724
8889.9000 0.2726
8906.5000 0.2727
8908.3000 0.2729
8921.6000 0.2731
8932.5000 0.2733
8939.2000 0.2734
9003.0000 0.2736
9007.1000 0.2738
9036.6000 0.2740
9042.5000 0.2741
9043.1000 0.2743
9048.7000 0.2745
9061.1000 0.2747
9066.0000 0.2748
9099.8000 0.2750
9108.7000 0.2752
9111.7000 0.2753
9115.7000 0.2755
9133.7000 0.2757
9137.0000 0.2759
9138.1000 0.2760
9146.1000 0.2762
9149.9000 0.2764
9167.1000 0.2766
9174.2000 0.2767
9211.0000 0.2769
9254.3000 0.2771
9277.5000 0.2773
9284.2000 0.2774
9306.0000 0.2776
9314.7000 0.2778
9318.7000 0.2780
9318.9000 0.2781
9328.5000 0.2783
9339.9000 0.2785
9377.5000 0.2786
9392.3000 0.2788
9395.8000 0.2790
9429.5000 0.2792
9433.9000 0.2793
9459.9000 0.2795
9490.9000 0.2797
9495.0000 0.2799
9508.5000 0.2800
9511.9000 0.2802
9536.8000 0.2804
9619.8000 0.2806
9652.1000 0.2807
9670.6000 0.2809
9696.7000 0.2811
9698.1000 0.2813
9698.4000 0.2814
9721.4000 0.2816
9729.3000 0.2818
9753.8000 0.2819
9755.2000 0.2821
9817.4000 0.2823
9832.0000 0.2825
9844.6000 0.2826
9849.1000 0.2828
9850.5000 0.2830
9858.8000 0.2832
9866.8000 0.2833
9873.7000 0.2835
9878.5000 0.2837
9903.1000 0.2839
9905.2000 0.2840
9909.9000 0.2842
9923.2000 0.2844
9937.9000 0.2845
9940.6000 0.2847
9949.5000 0.2849
9962.5000 0.2851
10023.6000 0.2852
10043.4000 0.2854
10045.8000 0.2856
10060.5000 0.2858
10077.5000 0.2859
10083.8000 0.2861
10087.1000 0.2863
10091.5000 0.2865
10110.9000 0.2866
10123.1000 0.2868
10124.6000 0.2870
10124.7000 0.2872
10132.0000 0.2873
10140.4000 0.2875
10164.0000 0.2877
10189.0000 0.2878
10192.7000 0.2880
10198.1000 0.2882
10205.7000 0.2884
10207.0000 0.2885
10212.5000 0.2887
10218.2000 0.2889
10271.8000 0.2891
10285.0000 0.2892
10294.0000 0.2894
10298.4000 0.2896
10309.1000 0.2898
10313.3000 0.2899
10322.5000 0.2901
10335.3000 0.2903
10352.9000 0.2905
10355.4000 0.2906
10363.4000 0.2908
10369.0000 0.2910
10372.5000 0.2911
10403.5000 0.2913
10417.0000 0.2915
10417.8000 0.2917
10421.0000 0.2918
10429.3000 0.2920
10448.0000 0.2922
10459.4000 0.2924
10506.3000 0.2925
10519.0000 0.2927
10549.6000 0.2929
10553.1000 0.2931
10573.2000 0.2932
10583.6000 0.2934
10610.1000 0.2936
10630.6000 0.2938
10637.7000 0.2939
10648.9000 0.2941
10671.6000 0.2943
10672.5000 0.2944
10704.5000 0.2946
10735.2000 0.2948
10763.9000 0.2950
10767.3000 0.2951
10768.9000 0.2953
10769.1000 0.2955
10775.8000 0.2957
10793.5000 0.2958
10795.1000 0.2960
10805.2000 0.2962
10809.7000 0.2964
10817.5000 0.2965
10822.4000 0.2967
10897.7000 0.2969
10926.0000 0.2970
10931.6000 0.2972
10938.3000 0.2974
10950.2000 0.2976
10951.1000 0.2977
10969.4000 0.2979
10991.4000 0.2981
11020.4000 0.2983
11022.5000 0.2984
11023.6000 0.2986
11026.7000 0.2988
11033.2000 0.2990
11033.3000 0.2991
11038.8000 0.2993
11046.8000 0.2995
11087.3000 0.2997
11088.2000 0.2998
11091.4000 0.3000
11127.2000 0.3002
11141.4000 0.3003
11159.1000 0.3005
11233.7000 0.3007
11241.1000 0.3009
11269.2000 0.3010
11308.5000 0.3012
11314.2000 0.3014
11350.7000 0.3016
11353.2000 0.3017
11357.7000 0.3019
11365.5000 0.3021
11389.8000 0.3023
11394.0000 0.3024
11401.4000 0.3026
11409.9000 0.3028
11419.7000 0.3030
11420.5000 0.3031
11421.9000 0.3033
11427.7000 0.3035
11431.0000 0.3036
11436.5000 0.3038
11437.9000 0.3040
11442.3000 0.3042
11449.2000 0.3043
11455.8000 0.3045
11501.9000 0.3047
11516.9000 0.3049
11541.9000 0.3050
11562.7000 0.3052
11564.2000 0.3054
11567.8000 0.3056
11576.3000 0.3057
11586.5000 0.3059
11592.0000 0.3061
11610.1000 0.3063
11614.4000 0.3064
11621.6000 0.3066
11623.8000 0.3068
11624.4000 0.3069
11627.7000 0.3071
11633.1000 0.3073
11636.2000 0.3075
11641.4000 0.3076
11641.4000 0.3078
11683.7000 0.3080
11690.1000 0.3082
11693.2000 0.3083
11699.7000 0.3085
11712.9000 0.3087
11713.6000 0.3089
11724.6000 0.3090
11739.0000 0.3092
11742.9000 0.3094
11768.3000 0.3095
11770.6000 0.3097
11781.1000 0.3099
11788.8000 0.3101
11827.9000 0.3102
11833.3000 0.3104
11835.6000 0.3106
11852.5000 0.3108
11856.6000 0.3109
11859.7000 0.3111
11861.6000 0.3113
11911.3000 0.3115
11945.0000 0.3116
11980.8000 0.3118
12006.7000 0.3120
12009.4000 0.3122
12016.2000 0.3123
12049.8000 0.3125
12068.3000 0.3127
12068.8000 0.3128
12074.7000 0.3130
12092.0000 0.3132
12106.8000 0.3134
12123.8000 0.3135
12127.2000 0.3137
12151.1000 0.3139
12152.7000 0.3141
12158.2000 0.3142
12163.1000 0.3144
12188.8000 0.3146
12190.5000 0.3148
12192.4000 0.3149
12194.5000 0.3151
12206.3000 0.3153
12219.0000 0.3155
12224.7000 0.3156
12234.7000 0.3158
12244.4000 0.3160
12254.9000 0.3161
12299.7000 0.3163
12300.7000 0.3165
12319.4000 0.3167
12321.9000 0.3168
12324.2000 0.3170
12340.3000 0.3172
12357.3000 0.3174
12391.6000 0.3175
12392.1000 0.3177
12393.3000 0.3179
12394.4000 0.3181
12418.3000 0.3182
12429.4000 0.3184
12444.8000 0.3186
12448.1000 0.3188
12448.4000 0.3189
12448.9000 0.3191
12458.4000 0.3193
12459.0000 0.3194
12465.7000 0.3196
12472.5000 0.3198
12475.1000 0.3200
12495.1000 0.3201
12501.2000 0.3203
12502.1000 0.3205
12538.1000 0.3207
12542.3000 0.3208
12556.7000 0.3210
12558.1000 0.3212
12560.6000 0.3214
12590.5000 0.3215
12592.9000 0.3217
12622.7000 0.3219
12658.9000 0.3220
12667.7000 0.3222
12681.7000 0.3224
12682.9000 0.3226
12683.1000 0.3227
12715.0000 0.3229
12720.3000 0.3231
12720.9000 0.3233
12751.5000 0.3234
12756.0000 0.3236
12764.4000 0.3238
12777.7000 0.3240
12807.4000 0.3241
12828.9000 0.3243
12833.3000 0.3245
12835.7000 0.3247
12872.1000 0.3248
12891.3000 0.3250
12895.0000 0.3252
12912.3000 0.3253
12912.4000 0.3255
12920.3000 0.3257
12923.4000 0.3259
12923.9000 0.3260
12933.1000 0.3262
12937.4000 0.3264
12952.7000 0.3266
12955.0000 0.3267
12955.8000 0.3269
12961.4000 0.3271
12977.6000 0.3273
13003.8000 0.3274
13026.3000 0.3276
13034.5000 0.3278
13057.3000 0.3280
13078.1000 0.3281
13082.4000 0.3283
13084.2000 0.3285
13112.8000 0.3286
13122.5000 0.3288
13125.1000 0.3290
13141.0000 0.3292
13143.9000 0.3293
13152.3000 0.3295
13154.2000 0.3297
13157.0000 0.3299
13159.9000 0.3300
13179.2000 0.3302
13185.5000 0.3304
13202.4000 0.3306
13217.6000 0.3307
13225.5000 0.3309
13226.3000 0.3311
13245.2000 0.3313
13251.9000 0.3314
13273.2000 0.3316
13283.5000 0.3318
13287.0000 0.3319
13295.3000 0.3321
13299.8000 0.3323
13301.7000 0.3325
13302.9000 0.3326
13318.9000 0.3328
13325.4000 0.3330
13331.9000 0.3332
13337.3000 0.3333
13381.8000 0.3335
13386.0000 0.3337
13390.4000 0.3339
13401.9000 0.3340
13402.9000 0.3342
13403.3000 0.3344
13414.2000 0.3345
13415.4000 0.3347
13444.2000 0.3349
13454.0000 0.3351
13455.4000 0.3352
13474.5000 0.3354
13479.5000 0.3356
13522.3000 0.3358
13524.4000 0.3359
13556.9000 0.3361
13567.7000 0.3363
13586.4000 0.3365
13592.9000 0.3366
13593.6000 0.3368
13599.9000 0.3370
13627.5000 0.3372
13644.8000 0.3373
13655.1000 0.3375
13679.7000 0.3377
13688.6000 0.3378
13693.4000 0.3380
13699.1000 0.3382
13699.2000 0.3384
13726.5000 0.3385
13730.7000 0.3387
13749.8000 0.3389
13754.0000 0.3391
13772.8000 0.3392
13790.6000 0.3394
13826.2000 0.3396
13855.9000 0.3398
13866.2000 0.3399
13875.6000 0.3401
13876.9000 0.3403
13903.8000 0.3405
13914.0000 0.3406
13938.0000 0.3408
13951.8000 0.3410
13961.2000 0.3411
13974.6000 0.3413
13979.1000 0.3415
13983.0000 0.3417
13986.8000 0.3418
13993.9000 0.3420
14002.1000 0.3422
14025.8000 0.3424
14029.5000 0.3425
14040.8000 0.3427
14043.4000 0.3429
14065.4000 0.3431
14065.6000 0.3432
14067.2000 0.3434
14077.7000 0.3436
14079.6000 0.3438
14086.8000 0.3439
14092.2000 0.3441
14102.6000 0.3443
14131.3000 0.3444
14133.7000 0.3446
14149.9000 0.3448
14156.8000 0.3450
14170.4000 0.3451
14216.6000 0.3453
14239.3000 0.3455
14240.3000 0.3457
14241.2000 0.3458
14272.8000 0.3460
14274.7000 0.3462
14279.4000 0.3464
14291.2000 0.3465
14298.0000 0.3467
14316.0000 0.3469
14334.3000 0.3470
14351.6000 0.3472
14366.7000 0.3474
14387.6000 0.3476
14388.0000 0.3477
14402.3000 0.3479
14419.4000 0.3481
14459.2000 0.3483
14484.9000 0.3484
14495.9000 0.3486
14496.9000 0.3488
14499.3000 0.3490
14515.0000 0.3491
14534.6000 0.3493
14539.5000 0.3495
14568.8000 0.3497
14574.4000 0.3498
14580.0000 0.3500
14602.7000 0.3502
14603.2000 0.3503
14605.2000 0.3505
14618.7000 0.3507
14619.0000 0.3509
14631.6000 0.3510
14642.0000 0.3512
14655.9000 0.3514
14656.7000 0.3516
14662.9000 0.3517
14667.1000 0.3519
14687.7000 0.3521
14690.3000 0.3523
14691.2000 0.3524
14718.9000 0.3526
14739.1000 0.3528
14748.9000 0.3530
14762.9000 0.3531
14788.8000 0.3533
14808.7000 0.3535
14809.2000 0.3536
14829.7000 0.3538
14844.1000 0.3540
14852.0000 0.3542
14864.7000 0.3543
14903.2000 0.3545
14903.9000 0.3547
14918.0000 0.3549
14937.8000 0.3550
14957.8000 0.3552
14958.6000 0.3554
14984.6000 0.3556
14985.4000 0.3557
15004.7000 0.3559
15018.1000 0.3561
15048.5000 0.3563
15049.2000 0.3564
15079.1000 0.3566
15081.7000 0.3568
15129.4000 0.3569
15136.1000 0.3571
15143.5000 0.3573
15151.1000 0.3575
15161.3000 0.3576
15167.8000 0.3578
15195.7000 0.3580
15196.5000 0.3582
15205.4000 0.3583
15224.1000 0.3585
15227.3000 0.3587
15227.5000 0.3589
15242.9000 0.3590
15265.0000 0.3592
15269.3000 0.3594
15277.1000 0.3595
15302.7000 0.3597
15314.9000 0.3599
15320.6000 0.3601
15322.6000 0.3602
15370.2000 0.3604
15380.1000 0.3606
15389.6000 0.3608
15406.4000 0.3609
15423.1000 0.3611
15456.3000 0.3613
15466.3000 0.3615
15485.1000 0.3616
15492.2000 0.3618
15508.4000 0.3620
15518.6000 0.3622
15535.5000 0.3623
15548.6000 0.3625
15550.8000 0.3627
15566.4000 0.3628
15616.1000 0.3630
15623.2000 0.3632
15632.9000 0.3634
15643.6000 0.3635
15652.1000 0.3637
15664.3000 0.3639
15684.3000 0.3641
15689.7000 0.3642
15695.2000 0.3644
15703.5000 0.3646
15708.9000 0.3648
15714.4000 0.3649
15717.7000 0.3651
15717.8000 0.3653
15717.9000 0.3655
15718.2000 0.3656
15721.3000 0.3658
15727.7000 0.3660
15729.9000 0.3661
15743.3000 0.3663
15744.3000 0.3665
15751.5000 0.3667
15752.1000 0.3668
15757.2000 0.3670
15772.3000 0.3672
15776.7000 0.3674
15780.2000 0.3675
15802.9000 0.3677
15813.5000 0.3679
15818.7000 0.3681
15820.1000 0.3682
15837.5000 0.3684
15840.3000 0.3686
15846.1000 0.3688
15846.5000 0.3689
15853.5000 0.3691
15855.0000 0.3693
15884.6000 0.3694
15903.3000 0.3696
15937.0000 0.3698
15977.2000 0.3700
15988.7000 0.3701
16021.5000 0.3703
16022.5000 0.3705
16042.0000 0.3707
16044.0000 0.3708
16045.1000 0.3710
16051.7000 0.3712
16079.9000 0.3714
16084.0000 0.3715
16115.2000 0.3717
16115.2000 0.3719
16121.2000 0.3720
16140.6000 0.3722
16140.9000 0.3724
16145.6000 0.3726
16147.9000 0.3727
16149.3000 0.3729
16155.8000 0.3731
16176.8000 0.3733
16201.8000 0.3734
16207.1000 0.3736
16212.7000 0.3738
16241.8000 0.3740
16259.6000 0.3741
16260.1000 0.3743
16269.7000 0.3745
16339.1000 0.3747
16343.6000 0.3748
16345.6000 0.3750
16403.1000 0.3752
16415.6000 0.3753
16420.9000 0.3755
16432.9000 0.3757
16440.4000 0.3759
16455.2000 0.3760
16465.4000 0.3762
16474.0000 0.3764
16493.4000 0.3766
16495.2000 0.3767
16501.9000 0.3769
16567.2000 0.3771
16576.9000 0.3773
16596.1000 0.3774
16608.9000 0.3776
16668.6000 0.3778
16708.5000 0.3780
16713.7000 0.3781
16737.8000 0.3783
16744.6000 0.3785
16759.8000 0.3786
16767.9000 0.3788
16772.6000 0.3790
16783.1000 0.3792
16797.5000 0.3793
16826.9000 0.3795
16890.6000 0.3797
16896.5000 0.3799
16953.5000 0.3800
16975.3000 0.3802
17079.3000 0.3804
17084.2000 0.3806
17090.3000 0.3807
17095.1000 0.3809
17133.9000 0.3811
17139.1000 0.3813
17169.8000 0.3814
17201.3000 0.3816
17232.1000 0.3818
17235.1000 0.3819
17253.4000 0.3821
17268.0000 0.3823
17304.7000 0.3825
17315.1000 0.3826
17344.5000 0.3828
17358.3000 0.3830
17379.8000 0.3832
17442.7000 0.3833
17452.1000 0.3835
17482.3000 0.3837
17528.2000 0.3839
17554.7000 0.3840
17637.1000 0.3842
17723.0000 0.3844
17730.5000 0.3845
17862.2000 0.3847
17945.4000 0.3849
17955.9000 0.3851
18006.0000 0.3852
18045.8000 0.3854
18073.7000 0.3856
18189.1000 0.3858
18200.1000 0.3859
18364.9000 0.3861
18820.5000 0.3863
19005.3000 0.3865
19142.5000 0.3866
