# messageDelay  cumulativeProbability
5.0000 0.0001
5.0000 0.0002
5.0000 0.0003
5.0000 0.0004
5.0000 0.0005
5.0000 0.0006
5.0000 0.0007
5.0000 0.0008
5.0000 0.0009
5.0000 0.0010
5.0000 0.0011
5.0000 0.0013
5.0000 0.0014
5.0000 0.0015
5.0000 0.0016
5.0000 0.0017
5.0000 0.0018
5.0000 0.0019
5.0000 0.0020
5.0000 0.0021
6.1000 0.0022
7.9000 0.0023
8.9000 0.0024
17.0000 0.0025
35.5000 0.0026
144.3000 0.0027
225.9000 0.0028
239.0000 0.0029
245.2000 0.0030
317.4000 0.0031
355.3000 0.0032
397.6000 0.0033
402.4000 0.0034
403.5000 0.0035
447.7000 0.0036
453.6000 0.0037
454.3000 0.0039
484.2000 0.0040
485.9000 0.0041
490.0000 0.0042
504.8000 0.0043
506.8000 0.0044
526.4000 0.0045
532.6000 0.0046
539.8000 0.0047
551.4000 0.0048
576.3000 0.0049
580.6000 0.0050
583.5000 0.0051
585.8000 0.0052
620.9000 0.0053
621.5000 0.0054
643.1000 0.0055
645.2000 0.0056
667.7000 0.0057
674.5000 0.0058
696.4000 0.0059
741.6000 0.0060
748.4000 0.0061
763.0000 0.0062
768.5000 0.0064
772.5000 0.0065
773.2000 0.0066
774.7000 0.0067
777.6000 0.0068
779.9000 0.0069
783.7000 0.0070
802.4000 0.0071
805.4000 0.0072
830.9000 0.0073
833.0000 0.0074
837.2000 0.0075
845.1000 0.0076
848.0000 0.0077
851.9000 0.0078
853.4000 0.0079
864.0000 0.0080
881.2000 0.0081
884.3000 0.0082
898.5000 0.0083
911.7000 0.0084
914.5000 0.0085
919.7000 0.0086
926.0000 0.0087
938.7000 0.0089
941.1000 0.0090
942.8000 0.0091
948.9000 0.0092
952.8000 0.0093
955.2000 0.0094
982.5000 0.0095
983.2000 0.0096
991.7000 0.0097
998.3000 0.0098
1020.5000 0.0099
1022.1000 0.0100
1032.3000 0.0101
1035.0000 0.0102
1045.4000 0.0103
1051.6000 0.0104
1066.1000 0.0105
1079.0000 0.0106
1095.4000 0.0107
1112.0000 0.0108
1120.6000 0.0109
1139.7000 0.0110
1143.6000 0.0111
1160.3000 0.0113
1167.2000 0.0114
1170.8000 0.0115
1209.6000 0.0116
1221.4000 0.0117
1223.4000 0.0118
1248.2000 0.0119
1248.8000 0.0120
1251.7000 0.0121
1254.6000 0.0122
1258.4000 0.0123
1284.6000 0.0124
1285.6000 0.0125
1287.0000 0.0126
1295.9000 0.0127
1303.9000 0.0128
1307.4000 0.0129
1311.2000 0.0130
1324.3000 0.0131
1329.9000 0.0132
1332.1000 0.0133
1338.9000 0.0134
1340.0000 0.0135
1341.6000 0.0136
1353.8000 0.0138
1356.7000 0.0139
1367.4000 0.0140
1369.2000 0.0141
1375.2000 0.0142
1396.4000 0.0143
1407.2000 0.0144
1426.3000 0.0145
1440.4000 0.0146
1453.2000 0.0147
1453.6000 0.0148
1454.9000 0.0149
1460.6000 0.0150
1476.0000 0.0151
1478.9000 0.0152
1482.7000 0.0153
1490.8000 0.0154
1495.3000 0.0155
1503.2000 0.0156
1503.3000 0.0157
1510.3000 0.0158
1519.2000 0.0159
1522.2000 0.0160
1530.6000 0.0161
1533.7000 0.0163
1540.5000 0.0164
1548.1000 0.0165
1549.9000 0.0166
1565.5000 0.0167
1591.4000 0.0168
1591.9000 0.0169
1614.2000 0.0170
1618.5000 0.0171
1625.3000 0.0172
1628.7000 0.0173
1630.8000 0.0174
1634.7000 0.0175
1637.5000 0.0176
1642.3000 0.0177
1646.3000 0.0178
1649.4000 0.0179
1653.5000 0.0180
1663.0000 0.0181
1665.0000 0.0182
1669.6000 0.0183
1670.2000 0.0184
1677.3000 0.0185
1686.8000 0.0186
1689.3000 0.0188
1695.0000 0.0189
1699.8000 0.0190
1702.0000 0.0191
1705.5000 0.0192
1730.0000 0.0193
1730.6000 0.0194
1774.4000 0.0195
1776.7000 0.0196
1795.2000 0.0197
1795.9000 0.0198
1801.4000 0.0199
1814.1000 0.0200
1819.6000 0.0201
1823.7000 0.0202
1828.4000 0.0203
1830.5000 0.0204
1841.2000 0.0205
1847.3000 0.0206
1849.1000 0.0207
1851.7000 0.0208
1872.5000 0.0209
1893.8000 0.0210
1924.0000 0.0211
1928.4000 0.0212
1930.7000 0.0214
1945.9000 0.0215
1947.7000 0.0216
1956.2000 0.0217
1956.6000 0.0218
1969.9000 0.0219
1974.6000 0.0220
1989.6000 0.0221
1996.2000 0.0222
2000.3000 0.0223
2011.4000 0.0224
2015.6000 0.0225
2021.6000 0.0226
2022.0000 0.0227
2031.5000 0.0228
2034.4000 0.0229
2035.5000 0.0230
2040.2000 0.0231
2117.6000 0.0232
2117.9000 0.0233
2136.1000 0.0234
2141.4000 0.0235
2142.3000 0.0236
2142.9000 0.0237
2145.6000 0.0239
2146.9000 0.0240
2147.7000 0.0241
2161.7000 0.0242
2166.5000 0.0243
2171.7000 0.0244
2180.8000 0.0245
2182.5000 0.0246
2182.6000 0.0247
2184.7000 0.0248
2188.1000 0.0249
2189.8000 0.0250
2229.5000 0.0251
2231.3000 0.0252
2232.3000 0.0253
2235.7000 0.0254
2245.3000 0.0255
2252.8000 0.0256
2262.6000 0.0257
2269.7000 0.0258
2280.1000 0.0259
2284.5000 0.0260
2292.7000 0.0261
2298.6000 0.0262
2311.8000 0.0264
2314.4000 0.0265
2315.5000 0.0266
2354.7000 0.0267
2374.4000 0.0268
2382.5000 0.0269
2398.2000 0.0270
2399.8000 0.0271
2405.6000 0.0272
2412.8000 0.0273
2413.4000 0.0274
2415.3000 0.0275
2432.7000 0.0276
2434.3000 0.0277
2439.8000 0.0278
2443.1000 0.0279
2450.0000 0.0280
2454.4000 0.0281
2459.1000 0.0282
2470.7000 0.0283
2473.4000 0.0284
2482.4000 0.0285
2484.3000 0.0286
2496.2000 0.0287
2509.0000 0.0289
2514.1000 0.0290
2519.9000 0.0291
2521.6000 0.0292
2524.8000 0.0293
2542.6000 0.0294
2547.6000 0.0295
2560.4000 0.0296
2563.5000 0.0297
2569.8000 0.0298
2584.7000 0.0299
2600.9000 0.0300
2618.5000 0.0301
2645.5000 0.0302
2662.3000 0.0303
2673.6000 0.0304
2685.6000 0.0305
2696.9000 0.0306
2724.0000 0.0307
2729.5000 0.0308
2737.1000 0.0309
2739.3000 0.0310
2739.7000 0.0311
2740.1000 0.0312
2740.9000 0.0314
2745.7000 0.0315
2756.1000 0.0316
2759.9000 0.0317
2760.2000 0.0318
2769.5000 0.0319
2775.4000 0.0320
2782.7000 0.0321
2784.4000 0.0322
2799.1000 0.0323
2805.6000 0.0324
2826.2000 0.0325
2829.2000 0.0326
2842.3000 0.0327
2880.7000 0.0328
2882.0000 0.0329
2888.8000 0.0330
2897.1000 0.0331
2899.8000 0.0332
2900.9000 0.0333
2910.7000 0.0334
2912.9000 0.0335
2914.9000 0.0336
2926.8000 0.0337
2939.9000 0.0339
2944.2000 0.0340
2975.4000 0.0341
2986.3000 0.0342
3003.1000 0.0343
3013.1000 0.0344
3018.0000 0.0345
3031.5000 0.0346
3036.3000 0.0347
3041.9000 0.0348
3042.2000 0.0349
3055.7000 0.0350
3066.1000 0.0351
3071.7000 0.0352
3074.2000 0.0353
3077.5000 0.0354
3104.9000 0.0355
3119.9000 0.0356
3123.2000 0.0357
3128.5000 0.0358
3131.3000 0.0359
3131.4000 0.0360
3132.7000 0.0361
3134.5000 0.0362
3145.4000 0.0364
3159.0000 0.0365
3164.3000 0.0366
3166.5000 0.0367
3172.1000 0.0368
3188.5000 0.0369
3196.0000 0.0370
3196.0000 0.0371
3199.2000 0.0372
3204.2000 0.0373
3223.5000 0.0374
3230.8000 0.0375
3232.6000 0.0376
3258.0000 0.0377
3264.5000 0.0378
3272.0000 0.0379
3285.4000 0.0380
3292.1000 0.0381
3299.3000 0.0382
3299.5000 0.0383
3319.2000 0.0384
3327.8000 0.0385
3330.8000 0.0386
3331.8000 0.0388
3347.4000 0.0389
3354.1000 0.0390
3359.8000 0.0391
3365.7000 0.0392
3366.5000 0.0393
3369.1000 0.0394
3378.5000 0.0395
3378.8000 0.0396
3389.5000 0.0397
3397.0000 0.0398
3398.0000 0.0399
3405.8000 0.0400
3416.2000 0.0401
3423.8000 0.0402
3451.5000 0.0403
3459.4000 0.0404
3482.0000 0.0405
3483.6000 0.0406
3505.8000 0.0407
3515.0000 0.0408
3522.3000 0.0409
3526.6000 0.0410
3530.4000 0.0411
3532.3000 0.0413
3533.0000 0.0414
3533.7000 0.0415
3535.5000 0.0416
3537.9000 0.0417
3538.2000 0.0418
3543.1000 0.0419
3550.2000 0.0420
3553.8000 0.0421
3559.8000 0.0422
3562.1000 0.0423
3569.1000 0.0424
3592.8000 0.0425
3605.4000 0.0426
3614.6000 0.0427
3630.4000 0.0428
3660.3000 0.0429
3664.0000 0.0430
3669.2000 0.0431
3670.0000 0.0432
3670.6000 0.0433
3676.6000 0.0434
3685.2000 0.0435
3691.6000 0.0436
3709.0000 0.0438
3716.7000 0.0439
3720.5000 0.0440
3722.3000 0.0441
3722.7000 0.0442
3725.1000 0.0443
3732.7000 0.0444
3755.3000 0.0445
3764.8000 0.0446
3778.9000 0.0447
3779.9000 0.0448
3779.9000 0.0449
3781.0000 0.0450
3785.1000 0.0451
3794.5000 0.0452
3795.5000 0.0453
3800.3000 0.0454
3805.2000 0.0455
3809.4000 0.0456
3812.9000 0.0457
3813.2000 0.0458
3823.6000 0.0459
3842.7000 0.0460
3847.5000 0.0461
3861.9000 0.0463
3863.3000 0.0464
3878.9000 0.0465
3898.5000 0.0466
3910.8000 0.0467
3938.9000 0.0468
3973.8000 0.0469
3974.2000 0.0470
3978.1000 0.0471
3978.1000 0.0472
3979.2000 0.0473
3985.3000 0.0474
3994.2000 0.0475
4002.0000 0.0476
4002.1000 0.0477
4008.5000 0.0478
4035.7000 0.0479
4043.9000 0.0480
4066.0000 0.0481
4087.6000 0.0482
4093.5000 0.0483
4101.8000 0.0484
4105.7000 0.0485
4110.0000 0.0486
4125.7000 0.0488
4142.2000 0.0489
4147.3000 0.0490
4148.3000 0.0491
4151.4000 0.0492
4160.2000 0.0493
4162.3000 0.0494
4169.7000 0.0495
4173.1000 0.0496
4178.7000 0.0497
4224.7000 0.0498
4246.7000 0.0499
4254.9000 0.0500
4259.3000 0.0501
4287.1000 0.0502
4313.7000 0.0503
4335.3000 0.0504
4335.7000 0.0505
4338.7000 0.0506
4388.6000 0.0507
4389.3000 0.0508
4405.7000 0.0509
4422.2000 0.0510
4438.9000 0.0511
4441.3000 0.0513
4451.6000 0.0514
4453.1000 0.0515
4457.3000 0.0516
4469.4000 0.0517
4474.2000 0.0518
4489.1000 0.0519
4520.7000 0.0520
4534.5000 0.0521
4547.2000 0.0522
4552.4000 0.0523
4560.3000 0.0524
4562.8000 0.0525
4563.3000 0.0526
4564.8000 0.0527
4566.3000 0.0528
4627.4000 0.0529
4638.3000 0.0530
4641.3000 0.0531
4645.3000 0.0532
4681.8000 0.0533
4686.0000 0.0534
4709.5000 0.0535
4743.0000 0.0536
4751.7000 0.0538
4754.4000 0.0539
4767.9000 0.0540
4775.0000 0.0541
4776.0000 0.0542
4789.5000 0.0543
4810.3000 0.0544
4860.6000 0.0545
4865.4000 0.0546
4877.6000 0.0547
4891.3000 0.0548
4899.5000 0.0549
4900.1000 0.0550
4946.2000 0.0551
4952.6000 0.0552
4959.6000 0.0553
4969.0000 0.0554
4986.0000 0.0555
4989.4000 0.0556
5010.4000 0.0557
5026.3000 0.0558
5034.7000 0.0559
5065.0000 0.0560
5068.4000 0.0561
5076.1000 0.0563
5076.6000 0.0564
5080.6000 0.0565
5084.4000 0.0566
5084.5000 0.0567
5089.5000 0.0568
5090.5000 0.0569
5093.7000 0.0570
5101.9000 0.0571
5108.7000 0.0572
5134.7000 0.0573
5149.4000 0.0574
5157.5000 0.0575
5170.3000 0.0576
5170.4000 0.0577
5183.6000 0.0578
5208.7000 0.0579
5230.9000 0.0580
5251.2000 0.0581
5277.3000 0.0582
5312.2000 0.0583
5318.5000 0.0584
5319.8000 0.0585
5323.4000 0.0586
5348.1000 0.0588
5350.7000 0.0589
5351.0000 0.0590
5358.6000 0.0591
5369.8000 0.0592
5386.0000 0.0593
5387.2000 0.0594
5398.6000 0.0595
5420.5000 0.0596
5422.2000 0.0597
5423.0000 0.0598
5501.9000 0.0599
5502.3000 0.0600
5506.7000 0.0601
5508.3000 0.0602
5522.8000 0.0603
5559.1000 0.0604
5561.9000 0.0605
5583.4000 0.0606
5592.3000 0.0607
5592.6000 0.0608
5594.7000 0.0609
5604.1000 0.0610
5613.6000 0.0611
5618.5000 0.0613
5638.4000 0.0614
5658.0000 0.0615
5691.5000 0.0616
5703.7000 0.0617
5709.5000 0.0618
5715.5000 0.0619
5715.9000 0.0620
5735.4000 0.0621
5747.3000 0.0622
5752.2000 0.0623
5752.6000 0.0624
5752.9000 0.0625
5777.0000 0.0626
5780.7000 0.0627
5782.4000 0.0628
5785.8000 0.0629
5788.0000 0.0630
5795.9000 0.0631
5797.3000 0.0632
5810.8000 0.0633
5842.7000 0.0634
5857.6000 0.0635
5880.5000 0.0636
5899.8000 0.0638
5902.1000 0.0639
5951.9000 0.0640
5967.2000 0.0641
5967.4000 0.0642
5977.2000 0.0643
5978.3000 0.0644
5988.7000 0.0645
5989.6000 0.0646
5996.9000 0.0647
6011.6000 0.0648
6019.4000 0.0649
6063.1000 0.0650
6070.8000 0.0651
6071.4000 0.0652
6087.4000 0.0653
6097.6000 0.0654
6126.8000 0.0655
6129.5000 0.0656
6135.8000 0.0657
6159.6000 0.0658
6177.0000 0.0659
6177.3000 0.0660
6196.2000 0.0661
6197.6000 0.0663
6213.3000 0.0664
6214.7000 0.0665
6219.2000 0.0666
6239.2000 0.0667
6268.0000 0.0668
6270.1000 0.0669
6273.2000 0.0670
6275.3000 0.0671
6315.2000 0.0672
6318.6000 0.0673
6325.0000 0.0674
6348.4000 0.0675
6349.7000 0.0676
6359.2000 0.0677
6365.6000 0.0678
6395.0000 0.0679
6401.9000 0.0680
6405.4000 0.0681
6410.7000 0.0682
6420.4000 0.0683
6426.1000 0.0684
6429.6000 0.0685
6431.8000 0.0686
6432.6000 0.0688
6441.7000 0.0689
6457.7000 0.0690
6472.6000 0.0691
6474.6000 0.0692
6517.7000 0.0693
6540.2000 0.0694
6545.5000 0.0695
6562.4000 0.0696
6567.8000 0.0697
6580.7000 0.0698
6584.6000 0.0699
6589.7000 0.0700
6596.4000 0.0701
6602.9000 0.0702
6608.8000 0.0703
6651.1000 0.0704
6651.4000 0.0705
6656.7000 0.0706
6659.0000 0.0707
6662.6000 0.0708
6683.6000 0.0709
6694.9000 0.0710
6711.8000 0.0711
6723.6000 0.0713
6752.5000 0.0714
6756.4000 0.0715
6764.8000 0.0716
6775.0000 0.0717
6830.6000 0.0718
6834.5000 0.0719
6860.7000 0.0720
6864.1000 0.0721
6867.6000 0.0722
6869.0000 0.0723
6877.6000 0.0724
6905.7000 0.0725
6914.8000 0.0726
6918.9000 0.0727
6940.2000 0.0728
6944.3000 0.0729
6944.3000 0.0730
6950.2000 0.0731
6958.4000 0.0732
6988.7000 0.0733
6992.0000 0.0734
6995.1000 0.0735
7013.5000 0.0736
7022.9000 0.0738
7028.4000 0.0739
7042.3000 0.0740
7048.2000 0.0741
7071.5000 0.0742
7074.3000 0.0743
7092.2000 0.0744
7093.2000 0.0745
7115.5000 0.0746
7124.2000 0.0747
7170.0000 0.0748
7190.4000 0.0749
7200.0000 0.0750
7202.0000 0.0751
7202.6000 0.0752
7206.7000 0.0753
7214.6000 0.0754
7224.1000 0.0755
7230.8000 0.0756
7240.8000 0.0757
7241.4000 0.0758
7273.4000 0.0759
7274.3000 0.0760
7308.7000 0.0761
7309.9000 0.0763
7311.8000 0.0764
7317.8000 0.0765
7332.4000 0.0766
7349.7000 0.0767
7356.7000 0.0768
7382.6000 0.0769
7389.6000 0.0770
7389.7000 0.0771
7399.5000 0.0772
7402.5000 0.0773
7412.3000 0.0774
7412.5000 0.0775
7428.6000 0.0776
7431.8000 0.0777
7445.3000 0.0778
7457.1000 0.0779
7473.4000 0.0780
7497.6000 0.0781
7510.4000 0.0782
7538.9000 0.0783
7548.9000 0.0784
7596.5000 0.0785
7601.9000 0.0786
7616.7000 0.0788
7621.5000 0.0789
7636.4000 0.0790
7638.6000 0.0791
7657.7000 0.0792
7672.1000 0.0793
7673.8000 0.0794
7678.4000 0.0795
7679.3000 0.0796
7689.9000 0.0797
7695.4000 0.0798
7699.0000 0.0799
7722.4000 0.0800
7725.9000 0.0801
7736.5000 0.0802
7739.4000 0.0803
7757.6000 0.0804
7769.5000 0.0805
7789.7000 0.0806
7801.1000 0.0807
7811.6000 0.0808
7824.7000 0.0809
7828.7000 0.0810
7872.1000 0.0811
7888.3000 0.0813
7925.7000 0.0814
7934.5000 0.0815
7954.4000 0.0816
7960.3000 0.0817
7975.8000 0.0818
7975.9000 0.0819
7978.6000 0.0820
7992.7000 0.0821
8023.6000 0.0822
8030.0000 0.0823
8034.3000 0.0824
8050.5000 0.0825
8061.2000 0.0826
8065.8000 0.0827
8067.5000 0.0828
8069.5000 0.0829
8088.4000 0.0830
8091.2000 0.0831
8109.3000 0.0832
8120.4000 0.0833
8123.4000 0.0834
8123.5000 0.0835
8140.3000 0.0836
8144.3000 0.0838
8161.4000 0.0839
8169.7000 0.0840
8193.6000 0.0841
8207.3000 0.0842
8209.0000 0.0843
8209.6000 0.0844
8211.3000 0.0845
8214.2000 0.0846
8222.5000 0.0847
8233.1000 0.0848
8233.6000 0.0849
8237.5000 0.0850
8262.2000 0.0851
8265.5000 0.0852
8277.0000 0.0853
8296.7000 0.0854
8300.7000 0.0855
8304.6000 0.0856
8338.1000 0.0857
8355.6000 0.0858
8382.2000 0.0859
8419.9000 0.0860
8427.3000 0.0861
8449.3000 0.0863
8477.5000 0.0864
8477.5000 0.0865
8478.6000 0.0866
8481.8000 0.0867
8486.2000 0.0868
8499.5000 0.0869
8509.3000 0.0870
8509.7000 0.0871
8510.3000 0.0872
8520.6000 0.0873
8524.8000 0.0874
8538.3000 0.0875
8540.9000 0.0876
8542.4000 0.0877
8548.9000 0.0878
8555.2000 0.0879
8568.9000 0.0880
8569.1000 0.0881
8584.9000 0.0882
8593.7000 0.0883
8593.7000 0.0884
8635.6000 0.0885
8636.5000 0.0886
8642.0000 0.0888
8648.6000 0.0889
8656.5000 0.0890
8664.9000 0.0891
8691.5000 0.0892
8692.6000 0.0893
8694.1000 0.0894
8699.6000 0.0895
8705.2000 0.0896
8723.2000 0.0897
8731.7000 0.0898
8733.5000 0.0899
8754.5000 0.0900
8759.9000 0.0901
8785.6000 0.0902
8794.4000 0.0903
8799.1000 0.0904
8826.9000 0.0905
8847.2000 0.0906
8850.2000 0.0907
8873.6000 0.0908
8881.6000 0.0909
8922.4000 0.0910
8923.6000 0.0911
8933.3000 0.0913
8954.6000 0.0914
8965.6000 0.0915
8967.3000 0.0916
8993.3000 0.0917
9008.4000 0.0918
9016.4000 0.0919
9021.1000 0.0920
9061.9000 0.0921
9063.4000 0.0922
9063.8000 0.0923
9064.8000 0.0924
9071.9000 0.0925
9090.4000 0.0926
9091.3000 0.0927
9102.4000 0.0928
9121.4000 0.0929
9129.2000 0.0930
9130.3000 0.0931
9169.1000 0.0932
9234.8000 0.0933
9235.7000 0.0934
9238.4000 0.0935
9246.7000 0.0936
9272.5000 0.0938
9274.4000 0.0939
9279.5000 0.0940
9280.6000 0.0941
9281.3000 0.0942
9281.4000 0.0943
9332.8000 0.0944
9336.5000 0.0945
9338.8000 0.0946
9342.7000 0.0947
9347.8000 0.0948
9366.4000 0.0949
9402.5000 0.0950
9411.4000 0.0951
9446.7000 0.0952
9478.3000 0.0953
9486.8000 0.0954
9500.6000 0.0955
9500.8000 0.0956
9502.7000 0.0957
9506.7000 0.0958
9542.0000 0.0959
9572.4000 0.0960
9573.6000 0.0961
9575.9000 0.0963
9579.0000 0.0964
9585.3000 0.0965
9599.1000 0.0966
9599.7000 0.0967
9600.7000 0.0968
9614.9000 0.0969
9618.8000 0.0970
9627.4000 0.0971
9631.5000 0.0972
9643.8000 0.0973
9646.6000 0.0974
9649.5000 0.0975
9670.9000 0.0976
9671.3000 0.0977
9679.4000 0.0978
9683.8000 0.0979
9687.2000 0.0980
9705.3000 0.0981
9708.4000 0.0982
9713.2000 0.0983
9719.9000 0.0984
9739.7000 0.0985
9746.5000 0.0986
9754.3000 0.0988
9756.2000 0.0989
9781.2000 0.0990
9787.4000 0.0991
9792.3000 0.0992
9796.8000 0.0993
9810.7000 0.0994
9852.0000 0.0995
9860.5000 0.0996
9864.7000 0.0997
9893.0000 0.0998
9909.2000 0.0999
9914.7000 0.1000
9920.7000 0.1001
9922.8000 0.1002
9977.3000 0.1003
9983.6000 0.1004
9986.8000 0.1005
9993.4000 0.1006
9997.9000 0.1007
9999.5000 0.1008
10000.2000 0.1009
10008.1000 0.1010
10036.2000 0.1011
10039.4000 0.1013
10049.0000 0.1014
10061.2000 0.1015
10069.3000 0.1016
10076.6000 0.1017
10077.4000 0.1018
10080.7000 0.1019
10082.7000 0.1020
10090.6000 0.1021
10095.3000 0.1022
10135.4000 0.1023
10136.0000 0.1024
10182.0000 0.1025
10192.0000 0.1026
10204.8000 0.1027
10225.5000 0.1028
10241.8000 0.1029
10264.4000 0.1030
10275.2000 0.1031
10311.9000 0.1032
10319.2000 0.1033
10332.2000 0.1034
10341.4000 0.1035
10348.9000 0.1036
10399.9000 0.1038
10402.3000 0.1039
10405.6000 0.1040
10409.0000 0.1041
10409.8000 0.1042
10415.4000 0.1043
10417.6000 0.1044
10440.5000 0.1045
10444.6000 0.1046
10446.4000 0.1047
10468.6000 0.1048
10485.4000 0.1049
10500.4000 0.1050
10513.6000 0.1051
10519.2000 0.1052
10521.1000 0.1053
10530.0000 0.1054
10549.7000 0.1055
10567.4000 0.1056
10606.1000 0.1057
10633.1000 0.1058
10641.9000 0.1059
10650.1000 0.1060
10652.1000 0.1061
10674.4000 0.1063
10686.7000 0.1064
10705.5000 0.1065
10726.7000 0.1066
10730.5000 0.1067
10752.4000 0.1068
10786.1000 0.1069
10793.5000 0.1070
10794.9000 0.1071
10809.4000 0.1072
10810.4000 0.1073
10819.4000 0.1074
10836.9000 0.1075
10847.7000 0.1076
10851.0000 0.1077
10862.7000 0.1078
10869.6000 0.1079
10878.4000 0.1080
10907.4000 0.1081
10925.4000 0.1082
10945.0000 0.1083
10956.4000 0.1084
10962.0000 0.1085
10986.9000 0.1086
11051.2000 0.1088
11068.9000 0.1089
11070.7000 0.1090
11074.9000 0.1091
11092.1000 0.1092
11100.7000 0.1093
11122.6000 0.1094
11133.5000 0.1095
11153.6000 0.1096
11158.4000 0.1097
11182.0000 0.1098
11205.7000 0.1099
11208.4000 0.1100
11211.2000 0.1101
11211.8000 0.1102
11213.6000 0.1103
11221.7000 0.1104
11243.0000 0.1105
11272.0000 0.1106
11317.6000 0.1107
11320.1000 0.1108
11337.3000 0.1109
11342.5000 0.1110
11346.7000 0.1111
11353.3000 0.1113
11357.3000 0.1114
11364.8000 0.1115
11372.2000 0.1116
11383.4000 0.1117
11384.8000 0.1118
11387.3000 0.1119
11398.0000 0.1120
11415.6000 0.1121
11457.0000 0.1122
11460.6000 0.1123
11502.9000 0.1124
11514.7000 0.1125
11528.8000 0.1126
11535.9000 0.1127
11549.0000 0.1128
11554.4000 0.1129
11586.6000 0.1130
11591.4000 0.1131
11617.5000 0.1132
11620.7000 0.1133
11625.9000 0.1134
11661.5000 0.1135
11674.3000 0.1136
11677.7000 0.1138
11678.9000 0.1139
11680.7000 0.1140
11692.0000 0.1141
11760.4000 0.1142
11775.0000 0.1143
11775.8000 0.1144
11785.9000 0.1145
11794.3000 0.1146
11798.4000 0.1147
11810.8000 0.1148
11848.1000 0.1149
11848.5000 0.1150
11871.8000 0.1151
11890.7000 0.1152
11904.4000 0.1153
11954.7000 0.1154
11957.7000 0.1155
11958.9000 0.1156
11964.8000 0.1157
11978.7000 0.1158
11995.9000 0.1159
12004.4000 0.1160
12025.6000 0.1161
12026.6000 0.1163
12045.0000 0.1164
12061.8000 0.1165
12064.5000 0.1166
12064.5000 0.1167
12123.5000 0.1168
12132.2000 0.1169
12145.4000 0.1170
12147.3000 0.1171
12181.8000 0.1172
12182.7000 0.1173
12230.2000 0.1174
12238.7000 0.1175
12239.4000 0.1176
12263.3000 0.1177
12271.8000 0.1178
12298.5000 0.1179
12320.4000 0.1180
12344.3000 0.1181
12347.0000 0.1182
12348.4000 0.1183
12353.0000 0.1184
12356.2000 0.1185
12359.8000 0.1186
12366.9000 0.1188
12381.9000 0.1189
12390.8000 0.1190
12397.0000 0.1191
12401.4000 0.1192
12419.4000 0.1193
12435.7000 0.1194
12490.3000 0.1195
12496.8000 0.1196
12523.9000 0.1197
12530.2000 0.1198
12540.4000 0.1199
12541.7000 0.1200
12544.9000 0.1201
12573.9000 0.1202
12590.5000 0.1203
12592.5000 0.1204
12606.3000 0.1205
12624.9000 0.1206
12642.3000 0.1207
12665.8000 0.1208
12671.7000 0.1209
12677.9000 0.1210
12679.3000 0.1211
12681.0000 0.1213
12684.9000 0.1214
12694.3000 0.1215
12736.9000 0.1216
12737.1000 0.1217
12754.9000 0.1218
12759.0000 0.1219
12771.2000 0.1220
12800.9000 0.1221
12822.3000 0.1222
12858.9000 0.1223
12863.7000 0.1224
12865.1000 0.1225
12874.2000 0.1226
12886.2000 0.1227
12887.7000 0.1228
12887.9000 0.1229
12922.6000 0.1230
12932.7000 0.1231
12961.2000 0.1232
13001.0000 0.1233
13014.2000 0.1234
13018.2000 0.1235
13034.5000 0.1236
13041.6000 0.1238
13045.2000 0.1239
13051.9000 0.1240
13054.9000 0.1241
13055.9000 0.1242
13067.9000 0.1243
13076.6000 0.1244
13087.8000 0.1245
13091.3000 0.1246
13092.7000 0.1247
13108.5000 0.1248
13112.3000 0.1249
13143.6000 0.1250
13168.9000 0.1251
13240.4000 0.1252
13268.2000 0.1253
13278.1000 0.1254
13283.4000 0.1255
13288.4000 0.1256
13339.6000 0.1257
13349.7000 0.1258
13358.1000 0.1259
13362.8000 0.1260
13442.6000 0.1261
13456.8000 0.1263
13481.4000 0.1264
13530.2000 0.1265
13579.5000 0.1266
13623.9000 0.1267
13643.1000 0.1268
13650.5000 0.1269
13656.1000 0.1270
13658.0000 0.1271
13662.3000 0.1272
13673.0000 0.1273
13694.2000 0.1274
13699.9000 0.1275
13710.8000 0.1276
13712.3000 0.1277
13723.6000 0.1278
13730.6000 0.1279
13740.1000 0.1280
13752.5000 0.1281
13765.3000 0.1282
13766.9000 0.1283
13770.0000 0.1284
13771.4000 0.1285
13809.9000 0.1286
13827.0000 0.1288
13831.8000 0.1289
13832.5000 0.1290
13849.8000 0.1291
13863.3000 0.1292
13864.8000 0.1293
13866.6000 0.1294
13871.7000 0.1295
13882.3000 0.1296
13898.1000 0.1297
13934.2000 0.1298
13962.6000 0.1299
13964.6000 0.1300
13968.4000 0.1301
13975.7000 0.1302
13999.2000 0.1303
14000.4000 0.1304
14010.7000 0.1305
14015.9000 0.1306
14016.1000 0.1307
14077.3000 0.1308
14083.5000 0.1309
14102.9000 0.1310
14111.8000 0.1311
14114.5000 0.1313
14118.6000 0.1314
14129.4000 0.1315
14132.2000 0.1316
14134.4000 0.1317
14172.8000 0.1318
14176.0000 0.1319
14177.5000 0.1320
14179.7000 0.1321
14189.1000 0.1322
14205.0000 0.1323
14209.3000 0.1324
14214.5000 0.1325
14285.4000 0.1326
14297.7000 0.1327
14307.9000 0.1328
14324.5000 0.1329
14326.1000 0.1330
14327.1000 0.1331
14345.8000 0.1332
14348.3000 0.1333
14368.4000 0.1334
14384.0000 0.1335
14402.2000 0.1336
14407.2000 0.1338
14436.8000 0.1339
14453.6000 0.1340
14457.2000 0.1341
14460.2000 0.1342
14463.2000 0.1343
14475.3000 0.1344
14492.6000 0.1345
14502.6000 0.1346
14508.8000 0.1347
14512.5000 0.1348
14537.4000 0.1349
14538.8000 0.1350
14582.6000 0.1351
14592.9000 0.1352
14604.8000 0.1353
14612.8000 0.1354
14618.8000 0.1355
14661.9000 0.1356
14677.4000 0.1357
14692.5000 0.1358
14695.5000 0.1359
14718.4000 0.1360
14722.3000 0.1361
14727.5000 0.1363
14729.4000 0.1364
14781.6000 0.1365
14820.4000 0.1366
14824.0000 0.1367
14835.7000 0.1368
14863.3000 0.1369
14875.5000 0.1370
14876.9000 0.1371
14900.8000 0.1372
14917.0000 0.1373
14918.6000 0.1374
14926.3000 0.1375
14931.3000 0.1376
14965.9000 0.1377
14973.7000 0.1378
14988.8000 0.1379
15025.0000 0.1380
15028.5000 0.1381
15048.6000 0.1382
15059.7000 0.1383
15074.0000 0.1384
15121.3000 0.1385
15122.7000 0.1386
15123.8000 0.1388
15129.7000 0.1389
15132.9000 0.1390
15161.3000 0.1391
15173.4000 0.1392
15182.3000 0.1393
15203.7000 0.1394
15218.8000 0.1395
15235.1000 0.1396
15239.3000 0.1397
15248.6000 0.1398
15260.4000 0.1399
15261.1000 0.1400
15263.1000 0.1401
15263.4000 0.1402
15265.6000 0.1403
15298.9000 0.1404
15353.3000 0.1405
15356.4000 0.1406
15369.2000 0.1407
15382.2000 0.1408
15393.7000 0.1409
15405.1000 0.1410
15414.9000 0.1411
15422.1000 0.1413
15429.1000 0.1414
15440.2000 0.1415
15446.8000 0.1416
15459.1000 0.1417
15462.5000 0.1418
15462.9000 0.1419
15469.8000 0.1420
15477.2000 0.1421
15479.0000 0.1422
15488.5000 0.1423
15493.7000 0.1424
15517.0000 0.1425
15556.7000 0.1426
15563.7000 0.1427
15564.0000 0.1428
15568.4000 0.1429
15590.7000 0.1430
15593.6000 0.1431
15601.3000 0.1432
15614.8000 0.1433
15624.2000 0.1434
15639.6000 0.1435
15647.7000 0.1436
15651.8000 0.1437
15675.4000 0.1439
15692.4000 0.1440
15696.2000 0.1441
15716.0000 0.1442
15719.8000 0.1443
15742.8000 0.1444
15792.4000 0.1445
15801.4000 0.1446
15813.3000 0.1447
15831.3000 0.1448
15832.6000 0.1449
15841.8000 0.1450
15862.3000 0.1451
15864.0000 0.1452
15875.8000 0.1453
15877.5000 0.1454
15882.0000 0.1455
15883.4000 0.1456
15894.5000 0.1457
15927.0000 0.1458
15955.0000 0.1459
15975.6000 0.1460
15980.1000 0.1461
15989.8000 0.1462
15998.9000 0.1464
16013.9000 0.1465
16029.6000 0.1466
16039.2000 0.1467
16047.6000 0.1468
16050.4000 0.1469
16057.8000 0.1470
16058.8000 0.1471
16059.7000 0.1472
16068.8000 0.1473
16069.6000 0.1474
16080.1000 0.1475
16085.4000 0.1476
16096.6000 0.1477
16100.9000 0.1478
16101.7000 0.1479
16105.6000 0.1480
16107.3000 0.1481
16120.4000 0.1482
16135.9000 0.1483
16144.5000 0.1484
16159.1000 0.1485
16163.7000 0.1486
16165.0000 0.1487
16169.5000 0.1489
16184.5000 0.1490
16210.2000 0.1491
16226.8000 0.1492
16256.0000 0.1493
16269.3000 0.1494
16274.9000 0.1495
16292.8000 0.1496
16302.7000 0.1497
16309.4000 0.1498
16354.9000 0.1499
16369.8000 0.1500
16378.4000 0.1501
16385.1000 0.1502
16401.6000 0.1503
16418.0000 0.1504
16420.4000 0.1505
16435.7000 0.1506
16471.0000 0.1507
16485.9000 0.1508
16514.2000 0.1509
16541.3000 0.1510
16543.3000 0.1511
16549.6000 0.1512
16557.7000 0.1514
16586.4000 0.1515
16598.5000 0.1516
16623.9000 0.1517
16626.0000 0.1518
16648.0000 0.1519
16648.3000 0.1520
16675.4000 0.1521
16680.7000 0.1522
16681.5000 0.1523
16718.5000 0.1524
16718.9000 0.1525
16728.4000 0.1526
16733.4000 0.1527
16740.6000 0.1528
16754.3000 0.1529
16754.6000 0.1530
16761.4000 0.1531
16769.5000 0.1532
16782.8000 0.1533
16791.0000 0.1534
16795.3000 0.1535
16815.0000 0.1536
16831.6000 0.1537
16841.3000 0.1539
16842.0000 0.1540
16851.3000 0.1541
16858.2000 0.1542
16868.7000 0.1543
16872.9000 0.1544
16885.5000 0.1545
16897.2000 0.1546
16900.3000 0.1547
16905.7000 0.1548
16912.8000 0.1549
16919.1000 0.1550
16934.9000 0.1551
16935.6000 0.1552
16937.2000 0.1553
16940.5000 0.1554
16991.3000 0.1555
17002.5000 0.1556
17005.3000 0.1557
17015.4000 0.1558
17023.4000 0.1559
17049.6000 0.1560
17081.2000 0.1561
17098.7000 0.1562
17103.4000 0.1564
17123.7000 0.1565
17132.1000 0.1566
17142.6000 0.1567
17160.5000 0.1568
17189.0000 0.1569
17197.0000 0.1570
17201.4000 0.1571
17246.2000 0.1572
17250.1000 0.1573
17255.4000 0.1574
17273.4000 0.1575
17293.4000 0.1576
17294.4000 0.1577
17319.9000 0.1578
17339.7000 0.1579
17344.7000 0.1580
17381.9000 0.1581
17383.4000 0.1582
17390.1000 0.1583
17398.4000 0.1584
17407.8000 0.1585
17416.1000 0.1586
17424.7000 0.1587
17426.2000 0.1589
17438.0000 0.1590
17475.7000 0.1591
17506.4000 0.1592
17515.0000 0.1593
17536.9000 0.1594
17537.9000 0.1595
17551.1000 0.1596
17562.3000 0.1597
17580.0000 0.1598
17588.1000 0.1599
17602.2000 0.1600
17604.3000 0.1601
17617.1000 0.1602
17626.5000 0.1603
17635.2000 0.1604
17649.2000 0.1605
17669.1000 0.1606
17670.2000 0.1607
17671.4000 0.1608
17717.9000 0.1609
17722.9000 0.1610
17724.5000 0.1611
17733.9000 0.1612
17751.2000 0.1614
17754.2000 0.1615
17755.6000 0.1616
17763.7000 0.1617
17766.2000 0.1618
17775.0000 0.1619
17783.9000 0.1620
17798.6000 0.1621
17812.8000 0.1622
17814.3000 0.1623
17821.3000 0.1624
17824.1000 0.1625
17826.9000 0.1626
17840.8000 0.1627
17852.9000 0.1628
17855.9000 0.1629
17859.3000 0.1630
17863.4000 0.1631
17864.7000 0.1632
17865.8000 0.1633
17873.4000 0.1634
17878.9000 0.1635
17888.1000 0.1636
17899.2000 0.1637
17900.8000 0.1639
17929.0000 0.1640
17936.5000 0.1641
17942.4000 0.1642
17959.5000 0.1643
17963.8000 0.1644
17998.7000 0.1645
18062.8000 0.1646
18082.1000 0.1647
18089.4000 0.1648
18108.5000 0.1649
18113.1000 0.1650
18115.9000 0.1651
18138.5000 0.1652
18154.7000 0.1653
18162.0000 0.1654
18177.2000 0.1655
18179.0000 0.1656
18182.3000 0.1657
18205.5000 0.1658
18236.3000 0.1659
18310.3000 0.1660
18320.4000 0.1661
18321.8000 0.1662
18333.2000 0.1664
18341.1000 0.1665
18347.1000 0.1666
18368.7000 0.1667
18377.4000 0.1668
18405.7000 0.1669
18407.1000 0.1670
18407.6000 0.1671
18408.0000 0.1672
18420.9000 0.1673
18425.8000 0.1674
18442.8000 0.1675
18460.7000 0.1676
18462.1000 0.1677
18512.9000 0.1678
18513.4000 0.1679
18538.7000 0.1680
18546.1000 0.1681
18554.4000 0.1682
18560.4000 0.1683
18598.6000 0.1684
18608.7000 0.1685
18614.9000 0.1686
18619.4000 0.1687
18630.5000 0.1689
18653.4000 0.1690
18653.5000 0.1691
18677.6000 0.1692
18693.7000 0.1693
18742.9000 0.1694
18743.1000 0.1695
18753.8000 0.1696
18754.1000 0.1697
18794.2000 0.1698
18794.7000 0.1699
18807.9000 0.1700
18817.4000 0.1701
18839.7000 0.1702
18840.1000 0.1703
18843.5000 0.1704
18871.5000 0.1705
18879.5000 0.1706
18881.6000 0.1707
18916.4000 0.1708
18947.5000 0.1709
18964.1000 0.1710
18984.8000 0.1711
18989.1000 0.1712
19002.8000 0.1714
19016.6000 0.1715
19017.1000 0.1716
19027.2000 0.1717
19038.7000 0.1718
19057.0000 0.1719
19068.8000 0.1720
19082.9000 0.1721
19097.2000 0.1722
19105.5000 0.1723
19106.1000 0.1724
19108.4000 0.1725
19113.9000 0.1726
19125.8000 0.1727
19130.7000 0.1728
19152.7000 0.1729
19153.5000 0.1730
19156.4000 0.1731
19165.5000 0.1732
19180.8000 0.1733
19188.3000 0.1734
19197.4000 0.1735
19204.7000 0.1736
19206.0000 0.1737
19223.3000 0.1739
19223.6000 0.1740
19226.8000 0.1741
19230.7000 0.1742
19264.6000 0.1743
19272.2000 0.1744
19276.1000 0.1745
19283.0000 0.1746
19286.5000 0.1747
19358.4000 0.1748
19365.4000 0.1749
19367.3000 0.1750
19393.0000 0.1751
19428.6000 0.1752
19428.8000 0.1753
19441.2000 0.1754
19443.9000 0.1755
19446.4000 0.1756
19451.0000 0.1757
19458.9000 0.1758
19476.8000 0.1759
19491.3000 0.1760
19495.8000 0.1761
19512.9000 0.1762
19516.2000 0.1764
19529.5000 0.1765
19539.4000 0.1766
19567.2000 0.1767
19593.1000 0.1768
19593.8000 0.1769
19600.2000 0.1770
19617.8000 0.1771
19624.2000 0.1772
19624.4000 0.1773
19633.8000 0.1774
19633.9000 0.1775
19636.1000 0.1776
19703.7000 0.1777
19720.8000 0.1778
19756.3000 0.1779
19760.0000 0.1780
19761.1000 0.1781
19785.5000 0.1782
19806.4000 0.1783
19821.5000 0.1784
19846.0000 0.1785
19864.3000 0.1786
19865.4000 0.1787
19869.0000 0.1789
19886.1000 0.1790
19903.2000 0.1791
19911.6000 0.1792
19915.5000 0.1793
19942.1000 0.1794
19951.3000 0.1795
19953.9000 0.1796
19963.6000 0.1797
19974.2000 0.1798
19977.0000 0.1799
19982.9000 0.1800
19988.6000 0.1801
20011.0000 0.1802
20033.0000 0.1803
20036.4000 0.1804
20094.8000 0.1805
20096.5000 0.1806
20100.4000 0.1807
20142.1000 0.1808
20213.0000 0.1809
20237.0000 0.1810
20244.2000 0.1811
20250.6000 0.1812
20334.6000 0.1814
20335.5000 0.1815
20352.3000 0.1816
20367.0000 0.1817
20426.7000 0.1818
20426.8000 0.1819
20451.2000 0.1820
20458.3000 0.1821
20487.0000 0.1822
20493.5000 0.1823
20520.5000 0.1824
20529.9000 0.1825
20538.9000 0.1826
20552.2000 0.1827
20563.6000 0.1828
20571.0000 0.1829
20590.1000 0.1830
20692.8000 0.1831
20713.2000 0.1832
20742.5000 0.1833
20776.8000 0.1834
20782.3000 0.1835
20782.3000 0.1836
20805.6000 0.1837
20900.2000 0.1839
20906.3000 0.1840
20920.2000 0.1841
20992.0000 0.1842
21022.4000 0.1843
21029.6000 0.1844
21034.4000 0.1845
21066.2000 0.1846
21083.9000 0.1847
21098.5000 0.1848
21133.3000 0.1849
21163.9000 0.1850
21178.6000 0.1851
21191.3000 0.1852
21192.6000 0.1853
21195.4000 0.1854
21222.2000 0.1855
21224.2000 0.1856
21236.3000 0.1857
21267.7000 0.1858
21336.7000 0.1859
21362.0000 0.1860
21389.8000 0.1861
21394.6000 0.1862
21398.0000 0.1864
21439.1000 0.1865
21450.1000 0.1866
21454.0000 0.1867
21492.4000 0.1868
21502.4000 0.1869
21511.6000 0.1870
21574.5000 0.1871
21590.0000 0.1872
21639.4000 0.1873
21666.5000 0.1874
21666.6000 0.1875
21680.4000 0.1876
21697.4000 0.1877
21711.4000 0.1878
21712.6000 0.1879
21731.0000 0.1880
21789.0000 0.1881
21845.7000 0.1882
21898.1000 0.1883
21928.2000 0.1884
21994.7000 0.1885
21997.0000 0.1886
21997.4000 0.1887
21999.6000 0.1889
22023.2000 0.1890
22041.5000 0.1891
22081.2000 0.1892
22090.5000 0.1893
22092.8000 0.1894
22100.3000 0.1895
22121.6000 0.1896
22146.8000 0.1897
22149.0000 0.1898
22177.6000 0.1899
22205.4000 0.1900
22237.8000 0.1901
22241.6000 0.1902
22275.5000 0.1903
22291.5000 0.1904
22339.1000 0.1905
22342.4000 0.1906
22378.6000 0.1907
22394.5000 0.1908
22423.7000 0.1909
22428.0000 0.1910
22429.4000 0.1911
22462.7000 0.1912
22477.2000 0.1914
22487.8000 0.1915
22501.1000 0.1916
22519.2000 0.1917
22519.9000 0.1918
22522.6000 0.1919
22579.1000 0.1920
22581.4000 0.1921
22593.3000 0.1922
22618.2000 0.1923
22634.8000 0.1924
22670.5000 0.1925
22674.2000 0.1926
22696.6000 0.1927
22713.4000 0.1928
22723.8000 0.1929
22728.4000 0.1930
22747.0000 0.1931
22814.3000 0.1932
22837.2000 0.1933
22849.2000 0.1934
22878.3000 0.1935
22895.9000 0.1936
22897.6000 0.1937
22900.5000 0.1939
22933.5000 0.1940
23003.6000 0.1941
23049.5000 0.1942
23068.5000 0.1943
23092.6000 0.1944
23097.8000 0.1945
23114.5000 0.1946
23126.8000 0.1947
23138.6000 0.1948
23191.6000 0.1949
23216.0000 0.1950
23220.1000 0.1951
23243.2000 0.1952
23274.3000 0.1953
23276.7000 0.1954
23303.5000 0.1955
23315.7000 0.1956
23396.6000 0.1957
23415.5000 0.1958
23434.6000 0.1959
23514.3000 0.1960
23541.6000 0.1961
23552.4000 0.1962
23559.7000 0.1964
23560.0000 0.1965
23577.7000 0.1966
23598.9000 0.1967
23611.9000 0.1968
23616.7000 0.1969
23619.1000 0.1970
23628.2000 0.1971
23632.5000 0.1972
23675.2000 0.1973
23692.0000 0.1974
23696.4000 0.1975
23705.5000 0.1976
23730.7000 0.1977
23767.0000 0.1978
23789.1000 0.1979
23833.7000 0.1980
23868.1000 0.1981
23879.2000 0.1982
23892.2000 0.1983
23908.0000 0.1984
23925.6000 0.1985
23966.5000 0.1986
23976.4000 0.1987
23991.2000 0.1989
24051.2000 0.1990
24174.2000 0.1991
24261.8000 0.1992
24323.7000 0.1993
24333.2000 0.1994
24337.3000 0.1995
24426.7000 0.1996
24453.1000 0.1997
24477.1000 0.1998
24507.1000 0.1999
24516.2000 0.2000
24530.4000 0.2001
24588.9000 0.2002
24627.1000 0.2003
24671.8000 0.2004
24773.1000 0.2005
24777.8000 0.2006
24799.0000 0.2007
24841.8000 0.2008
24844.8000 0.2009
24845.5000 0.2010
24867.6000 0.2011
24891.2000 0.2012
24891.6000 0.2014
24911.0000 0.2015
25008.8000 0.2016
25059.8000 0.2017
25064.0000 0.2018
25072.1000 0.2019
25081.8000 0.2020
25102.9000 0.2021
25123.4000 0.2022
25262.1000 0.2023
25362.1000 0.2024
25385.5000 0.2025
25480.0000 0.2026
25560.1000 0.2027
25630.6000 0.2028
25633.9000 0.2029
25645.5000 0.2030
25700.7000 0.2031
25826.1000 0.2032
25924.9000 0.2033
25952.3000 0.2034
26034.7000 0.2035
26105.7000 0.2036
26220.6000 0.2037
26332.7000 0.2039
26399.7000 0.2040
26403.6000 0.2041
26467.7000 0.2042
26481.2000 0.2043
26563.4000 0.2044
26573.6000 0.2045
26637.0000 0.2046
26728.6000 0.2047
26874.4000 0.2048
27005.8000 0.2049
27046.6000 0.2050
27109.9000 0.2051
27167.5000 0.2052
27197.2000 0.2053
27203.1000 0.2054
27206.9000 0.2055
27255.0000 0.2056
27542.4000 0.2057
27703.2000 0.2058
27742.5000 0.2059
