# messageDelay  cumulativeProbability
0.2000 0.0001
0.2000 0.0002
0.2000 0.0003
0.2000 0.0004
0.2000 0.0005
0.2000 0.0006
0.2000 0.0007
0.2000 0.0008
0.2000 0.0009
0.2000 0.0010
0.2000 0.0011
0.2000 0.0013
0.2000 0.0014
0.2000 0.0015
0.2000 0.0016
0.2000 0.0017
0.2000 0.0018
0.2000 0.0019
0.2000 0.0020
0.2000 0.0021
0.2000 0.0022
0.2000 0.0023
0.2000 0.0024
0.2000 0.0025
0.2000 0.0026
52.2000 0.0027
58.6000 0.0028
67.5000 0.0029
69.5000 0.0030
76.1000 0.0031
87.7000 0.0032
103.8000 0.0033
107.0000 0.0034
107.2000 0.0035
110.4000 0.0036
115.1000 0.0037
116.9000 0.0039
117.2000 0.0040
119.9000 0.0041
121.0000 0.0042
124.1000 0.0043
124.4000 0.0044
125.9000 0.0045
125.9000 0.0046
133.6000 0.0047
135.2000 0.0048
137.0000 0.0049
137.0000 0.0050
139.5000 0.0051
139.7000 0.0052
147.2000 0.0053
155.5000 0.0054
157.3000 0.0055
157.6000 0.0056
157.6000 0.0057
159.2000 0.0058
160.6000 0.0059
161.6000 0.0060
161.7000 0.0061
162.1000 0.0062
163.2000 0.0064
163.8000 0.0065
165.1000 0.0066
165.5000 0.0067
166.4000 0.0068
167.0000 0.0069
167.4000 0.0070
168.0000 0.0071
170.5000 0.0072
170.6000 0.0073
173.5000 0.0074
173.8000 0.0075
174.5000 0.0076
175.1000 0.0077
175.4000 0.0078
177.5000 0.0079
179.0000 0.0080
184.4000 0.0081
184.5000 0.0082
187.2000 0.0083
187.6000 0.0084
188.1000 0.0085
188.8000 0.0086
191.2000 0.0087
196.2000 0.0089
196.7000 0.0090
196.8000 0.0091
197.4000 0.0092
200.5000 0.0093
201.7000 0.0094
202.1000 0.0095
202.3000 0.0096
203.0000 0.0097
203.4000 0.0098
205.6000 0.0099
206.0000 0.0100
206.1000 0.0101
206.5000 0.0102
207.7000 0.0103
208.1000 0.0104
209.3000 0.0105
209.9000 0.0106
210.6000 0.0107
211.7000 0.0108
212.5000 0.0109
213.4000 0.0110
214.2000 0.0111
214.7000 0.0113
214.9000 0.0114
215.3000 0.0115
216.3000 0.0116
216.9000 0.0117
217.4000 0.0118
217.5000 0.0119
218.6000 0.0120
220.0000 0.0121
221.0000 0.0122
221.1000 0.0123
221.6000 0.0124
223.6000 0.0125
224.5000 0.0126
226.4000 0.0127
227.3000 0.0128
227.5000 0.0129
230.1000 0.0130
232.9000 0.0131
233.3000 0.0132
233.3000 0.0133
235.2000 0.0134
235.2000 0.0135
235.4000 0.0136
235.4000 0.0138
236.4000 0.0139
237.0000 0.0140
237.7000 0.0141
238.4000 0.0142
238.5000 0.0143
238.6000 0.0144
239.4000 0.0145
239.5000 0.0146
239.7000 0.0147
240.6000 0.0148
243.5000 0.0149
244.2000 0.0150
245.5000 0.0151
245.6000 0.0152
246.0000 0.0153
247.1000 0.0154
248.2000 0.0155
249.5000 0.0156
249.7000 0.0157
250.3000 0.0158
250.3000 0.0159
252.7000 0.0160
254.0000 0.0161
257.6000 0.0163
259.3000 0.0164
260.0000 0.0165
260.6000 0.0166
262.8000 0.0167
264.4000 0.0168
267.5000 0.0169
268.3000 0.0170
270.4000 0.0171
270.6000 0.0172
272.6000 0.0173
273.5000 0.0174
273.9000 0.0175
275.7000 0.0176
275.7000 0.0177
276.7000 0.0178
277.3000 0.0179
277.4000 0.0180
278.3000 0.0181
284.2000 0.0182
284.2000 0.0183
284.5000 0.0184
284.6000 0.0185
286.8000 0.0186
287.2000 0.0188
287.2000 0.0189
287.6000 0.0190
291.1000 0.0191
291.5000 0.0192
293.0000 0.0193
293.8000 0.0194
295.5000 0.0195
295.9000 0.0196
295.9000 0.0197
296.5000 0.0198
297.8000 0.0199
298.0000 0.0200
298.4000 0.0201
298.8000 0.0202
301.2000 0.0203
302.8000 0.0204
303.0000 0.0205
303.2000 0.0206
304.2000 0.0207
304.8000 0.0208
305.0000 0.0209
305.4000 0.0210
306.0000 0.0211
306.7000 0.0212
306.9000 0.0214
307.8000 0.0215
308.1000 0.0216
309.4000 0.0217
309.7000 0.0218
310.4000 0.0219
310.6000 0.0220
310.7000 0.0221
311.8000 0.0222
316.3000 0.0223
317.8000 0.0224
318.7000 0.0225
319.7000 0.0226
320.2000 0.0227
321.0000 0.0228
323.4000 0.0229
324.2000 0.0230
324.4000 0.0231
324.6000 0.0232
325.1000 0.0233
325.2000 0.0234
326.4000 0.0235
326.7000 0.0236
327.6000 0.0237
331.3000 0.0239
331.8000 0.0240
332.4000 0.0241
332.5000 0.0242
332.9000 0.0243
334.6000 0.0244
336.1000 0.0245
336.1000 0.0246
339.4000 0.0247
339.6000 0.0248
340.1000 0.0249
340.7000 0.0250
341.5000 0.0251
343.1000 0.0252
343.4000 0.0253
343.7000 0.0254
343.8000 0.0255
346.3000 0.0256
346.4000 0.0257
349.9000 0.0258
350.1000 0.0259
350.5000 0.0260
351.7000 0.0261
356.9000 0.0262
357.6000 0.0264
358.9000 0.0265
360.5000 0.0266
363.8000 0.0267
364.3000 0.0268
364.7000 0.0269
365.6000 0.0270
366.0000 0.0271
366.8000 0.0272
367.8000 0.0273
369.7000 0.0274
372.0000 0.0275
373.1000 0.0276
373.5000 0.0277
374.6000 0.0278
374.8000 0.0279
379.3000 0.0280
379.5000 0.0281
379.8000 0.0282
380.2000 0.0283
381.4000 0.0284
384.7000 0.0285
385.4000 0.0286
389.6000 0.0287
390.4000 0.0289
391.5000 0.0290
391.9000 0.0291
392.0000 0.0292
392.8000 0.0293
392.9000 0.0294
394.5000 0.0295
394.9000 0.0296
395.2000 0.0297
396.0000 0.0298
397.7000 0.0299
397.8000 0.0300
398.2000 0.0301
398.4000 0.0302
398.6000 0.0303
398.9000 0.0304
399.0000 0.0305
400.1000 0.0306
402.9000 0.0307
404.0000 0.0308
404.2000 0.0309
404.7000 0.0310
405.5000 0.0311
408.2000 0.0312
408.4000 0.0314
410.0000 0.0315
410.3000 0.0316
410.9000 0.0317
412.0000 0.0318
414.4000 0.0319
414.9000 0.0320
417.6000 0.0321
417.9000 0.0322
418.1000 0.0323
419.4000 0.0324
420.8000 0.0325
420.9000 0.0326
422.9000 0.0327
425.4000 0.0328
425.4000 0.0329
425.4000 0.0330
426.0000 0.0331
427.5000 0.0332
433.7000 0.0333
433.7000 0.0334
435.8000 0.0335
436.0000 0.0336
436.6000 0.0337
438.7000 0.0339
441.6000 0.0340
441.8000 0.0341
442.3000 0.0342
448.8000 0.0343
448.9000 0.0344
449.6000 0.0345
450.8000 0.0346
451.5000 0.0347
451.7000 0.0348
451.8000 0.0349
452.3000 0.0350
454.3000 0.0351
456.0000 0.0352
456.7000 0.0353
456.9000 0.0354
457.4000 0.0355
457.6000 0.0356
458.1000 0.0357
459.9000 0.0358
460.1000 0.0359
461.5000 0.0360
462.3000 0.0361
462.9000 0.0362
462.9000 0.0364
464.0000 0.0365
464.6000 0.0366
465.0000 0.0367
466.4000 0.0368
466.5000 0.0369
467.4000 0.0370
469.3000 0.0371
469.4000 0.0372
469.7000 0.0373
470.1000 0.0374
470.2000 0.0375
472.2000 0.0376
473.1000 0.0377
473.7000 0.0378
474.1000 0.0379
474.3000 0.0380
475.1000 0.0381
476.4000 0.0382
478.7000 0.0383
478.8000 0.0384
480.1000 0.0385
480.3000 0.0386
481.1000 0.0388
481.5000 0.0389
481.8000 0.0390
482.0000 0.0391
482.7000 0.0392
482.7000 0.0393
482.9000 0.0394
483.1000 0.0395
485.2000 0.0396
486.5000 0.0397
487.4000 0.0398
488.8000 0.0399
488.8000 0.0400
489.7000 0.0401
492.8000 0.0402
493.3000 0.0403
493.6000 0.0404
494.0000 0.0405
495.2000 0.0406
495.8000 0.0407
496.8000 0.0408
496.8000 0.0409
500.0000 0.0410
500.3000 0.0411
500.5000 0.0413
500.8000 0.0414
501.6000 0.0415
502.0000 0.0416
503.6000 0.0417
504.3000 0.0418
506.1000 0.0419
506.5000 0.0420
506.8000 0.0421
508.4000 0.0422
508.8000 0.0423
509.6000 0.0424
509.8000 0.0425
510.2000 0.0426
511.4000 0.0427
512.2000 0.0428
512.4000 0.0429
512.5000 0.0430
514.9000 0.0431
515.2000 0.0432
516.1000 0.0433
517.9000 0.0434
518.9000 0.0435
519.5000 0.0436
519.6000 0.0438
520.3000 0.0439
520.4000 0.0440
520.5000 0.0441
521.6000 0.0442
521.9000 0.0443
524.2000 0.0444
525.7000 0.0445
527.5000 0.0446
528.0000 0.0447
528.1000 0.0448
528.1000 0.0449
530.7000 0.0450
531.1000 0.0451
533.6000 0.0452
533.7000 0.0453
535.0000 0.0454
535.6000 0.0455
535.7000 0.0456
536.6000 0.0457
537.7000 0.0458
538.2000 0.0459
538.3000 0.0460
538.4000 0.0461
538.6000 0.0463
539.2000 0.0464
540.8000 0.0465
541.2000 0.0466
543.1000 0.0467
544.6000 0.0468
545.5000 0.0469
545.9000 0.0470
546.4000 0.0471
548.1000 0.0472
548.8000 0.0473
549.9000 0.0474
551.1000 0.0475
551.3000 0.0476
552.6000 0.0477
553.8000 0.0478
555.2000 0.0479
555.8000 0.0480
556.9000 0.0481
557.0000 0.0482
557.4000 0.0483
557.7000 0.0484
559.9000 0.0485
560.0000 0.0486
561.1000 0.0488
563.0000 0.0489
563.8000 0.0490
564.4000 0.0491
566.2000 0.0492
566.2000 0.0493
566.5000 0.0494
567.0000 0.0495
567.1000 0.0496
567.7000 0.0497
569.0000 0.0498
569.5000 0.0499
569.5000 0.0500
571.4000 0.0501
571.4000 0.0502
571.5000 0.0503
572.0000 0.0504
572.2000 0.0505
572.3000 0.0506
572.9000 0.0507
573.4000 0.0508
573.9000 0.0509
574.6000 0.0510
574.8000 0.0511
575.1000 0.0513
575.2000 0.0514
575.8000 0.0515
576.0000 0.0516
577.6000 0.0517
578.2000 0.0518
578.7000 0.0519
578.9000 0.0520
579.7000 0.0521
580.2000 0.0522
580.6000 0.0523
580.8000 0.0524
581.2000 0.0525
581.7000 0.0526
582.7000 0.0527
583.5000 0.0528
584.0000 0.0529
589.8000 0.0530
590.8000 0.0531
591.8000 0.0532
593.4000 0.0533
593.7000 0.0534
593.7000 0.0535
594.1000 0.0536
595.0000 0.0538
595.0000 0.0539
595.6000 0.0540
595.7000 0.0541
595.8000 0.0542
599.0000 0.0543
600.9000 0.0544
601.0000 0.0545
602.1000 0.0546
602.4000 0.0547
602.8000 0.0548
604.3000 0.0549
605.3000 0.0550
605.7000 0.0551
606.1000 0.0552
606.1000 0.0553
607.5000 0.0554
609.9000 0.0555
610.6000 0.0556
613.0000 0.0557
613.6000 0.0558
614.5000 0.0559
614.6000 0.0560
614.7000 0.0561
616.0000 0.0563
616.1000 0.0564
616.7000 0.0565
618.5000 0.0566
618.9000 0.0567
619.2000 0.0568
619.9000 0.0569
620.1000 0.0570
620.8000 0.0571
622.5000 0.0572
623.7000 0.0573
625.8000 0.0574
626.0000 0.0575
626.1000 0.0576
626.4000 0.0577
627.0000 0.0578
627.0000 0.0579
627.2000 0.0580
630.2000 0.0581
631.4000 0.0582
633.4000 0.0583
634.0000 0.0584
639.9000 0.0585
640.5000 0.0586
640.6000 0.0588
640.8000 0.0589
641.9000 0.0590
642.6000 0.0591
643.2000 0.0592
644.2000 0.0593
645.2000 0.0594
648.3000 0.0595
649.2000 0.0596
651.0000 0.0597
652.2000 0.0598
653.7000 0.0599
653.9000 0.0600
654.1000 0.0601
655.1000 0.0602
655.7000 0.0603
656.0000 0.0604
656.9000 0.0605
657.5000 0.0606
657.6000 0.0607
658.7000 0.0608
661.4000 0.0609
661.6000 0.0610
662.9000 0.0611
663.1000 0.0613
664.5000 0.0614
665.9000 0.0615
668.6000 0.0616
668.6000 0.0617
668.7000 0.0618
669.2000 0.0619
670.7000 0.0620
671.2000 0.0621
673.4000 0.0622
674.3000 0.0623
676.3000 0.0624
677.1000 0.0625
677.1000 0.0626
679.2000 0.0627
679.8000 0.0628
680.7000 0.0629
681.1000 0.0630
682.1000 0.0631
684.8000 0.0632
685.2000 0.0633
686.0000 0.0634
686.0000 0.0635
686.1000 0.0636
686.5000 0.0638
688.9000 0.0639
689.6000 0.0640
690.2000 0.0641
690.3000 0.0642
691.6000 0.0643
694.1000 0.0644
694.9000 0.0645
696.1000 0.0646
697.3000 0.0647
697.8000 0.0648
698.5000 0.0649
698.6000 0.0650
699.3000 0.0651
700.2000 0.0652
700.5000 0.0653
701.1000 0.0654
701.2000 0.0655
701.7000 0.0656
701.8000 0.0657
702.4000 0.0658
704.1000 0.0659
706.9000 0.0660
707.6000 0.0661
708.0000 0.0663
708.1000 0.0664
708.2000 0.0665
708.3000 0.0666
708.4000 0.0667
708.9000 0.0668
709.8000 0.0669
710.9000 0.0670
712.7000 0.0671
712.8000 0.0672
712.9000 0.0673
712.9000 0.0674
713.0000 0.0675
713.3000 0.0676
713.3000 0.0677
713.4000 0.0678
715.2000 0.0679
715.2000 0.0680
715.8000 0.0681
716.6000 0.0682
716.9000 0.0683
718.1000 0.0684
719.8000 0.0685
720.0000 0.0686
721.1000 0.0688
722.6000 0.0689
722.8000 0.0690
723.9000 0.0691
724.4000 0.0692
725.1000 0.0693
725.9000 0.0694
727.0000 0.0695
727.7000 0.0696
728.0000 0.0697
730.5000 0.0698
731.6000 0.0699
732.1000 0.0700
734.0000 0.0701
734.0000 0.0702
735.4000 0.0703
736.6000 0.0704
736.7000 0.0705
737.8000 0.0706
738.4000 0.0707
739.8000 0.0708
740.2000 0.0709
740.5000 0.0710
741.1000 0.0711
741.2000 0.0713
743.6000 0.0714
744.4000 0.0715
744.5000 0.0716
746.8000 0.0717
746.9000 0.0718
747.5000 0.0719
747.5000 0.0720
748.5000 0.0721
748.8000 0.0722
749.2000 0.0723
749.6000 0.0724
750.4000 0.0725
751.0000 0.0726
751.4000 0.0727
751.8000 0.0728
751.9000 0.0729
752.4000 0.0730
752.5000 0.0731
755.6000 0.0732
755.9000 0.0733
756.3000 0.0734
756.5000 0.0735
757.1000 0.0736
757.1000 0.0738
757.5000 0.0739
758.2000 0.0740
759.7000 0.0741
759.9000 0.0742
760.8000 0.0743
761.0000 0.0744
762.0000 0.0745
764.1000 0.0746
764.9000 0.0747
765.3000 0.0748
765.4000 0.0749
768.2000 0.0750
770.6000 0.0751
771.0000 0.0752
772.7000 0.0753
772.7000 0.0754
773.3000 0.0755
775.0000 0.0756
775.3000 0.0757
775.6000 0.0758
778.4000 0.0759
779.0000 0.0760
779.1000 0.0761
781.8000 0.0763
782.0000 0.0764
782.0000 0.0765
782.2000 0.0766
782.2000 0.0767
782.5000 0.0768
784.4000 0.0769
784.6000 0.0770
785.9000 0.0771
786.3000 0.0772
787.4000 0.0773
788.5000 0.0774
788.6000 0.0775
789.2000 0.0776
790.8000 0.0777
792.4000 0.0778
793.4000 0.0779
795.9000 0.0780
796.5000 0.0781
797.1000 0.0782
797.3000 0.0783
797.9000 0.0784
800.3000 0.0785
800.6000 0.0786
801.6000 0.0788
802.4000 0.0789
802.5000 0.0790
802.6000 0.0791
803.0000 0.0792
803.9000 0.0793
804.9000 0.0794
806.7000 0.0795
807.2000 0.0796
807.3000 0.0797
808.5000 0.0798
809.0000 0.0799
811.1000 0.0800
811.2000 0.0801
811.4000 0.0802
814.3000 0.0803
814.6000 0.0804
814.9000 0.0805
815.9000 0.0806
817.1000 0.0807
821.1000 0.0808
821.3000 0.0809
821.6000 0.0810
824.3000 0.0811
824.3000 0.0813
825.6000 0.0814
826.5000 0.0815
827.1000 0.0816
827.2000 0.0817
827.4000 0.0818
827.6000 0.0819
829.2000 0.0820
830.6000 0.0821
834.2000 0.0822
834.8000 0.0823
834.9000 0.0824
835.1000 0.0825
835.1000 0.0826
837.1000 0.0827
837.3000 0.0828
839.9000 0.0829
840.7000 0.0830
841.0000 0.0831
842.6000 0.0832
842.8000 0.0833
843.2000 0.0834
844.5000 0.0835
846.2000 0.0836
848.6000 0.0838
849.0000 0.0839
849.8000 0.0840
851.0000 0.0841
851.7000 0.0842
852.7000 0.0843
852.8000 0.0844
853.5000 0.0845
854.4000 0.0846
854.5000 0.0847
855.8000 0.0848
858.1000 0.0849
858.4000 0.0850
859.2000 0.0851
861.2000 0.0852
863.0000 0.0853
863.8000 0.0854
863.8000 0.0855
864.0000 0.0856
864.1000 0.0857
864.9000 0.0858
866.6000 0.0859
866.9000 0.0860
867.8000 0.0861
868.0000 0.0863
868.4000 0.0864
868.5000 0.0865
868.7000 0.0866
868.7000 0.0867
872.6000 0.0868
873.8000 0.0869
877.6000 0.0870
878.2000 0.0871
878.5000 0.0872
879.4000 0.0873
879.6000 0.0874
880.5000 0.0875
882.2000 0.0876
882.2000 0.0877
882.4000 0.0878
882.5000 0.0879
883.9000 0.0880
885.3000 0.0881
885.8000 0.0882
886.1000 0.0883
886.3000 0.0884
887.4000 0.0885
888.8000 0.0886
889.3000 0.0888
890.1000 0.0889
890.9000 0.0890
892.9000 0.0891
892.9000 0.0892
893.4000 0.0893
894.1000 0.0894
895.4000 0.0895
895.5000 0.0896
896.6000 0.0897
898.8000 0.0898
899.0000 0.0899
899.5000 0.0900
902.1000 0.0901
902.6000 0.0902
903.0000 0.0903
903.2000 0.0904
905.1000 0.0905
906.3000 0.0906
906.5000 0.0907
908.4000 0.0908
908.7000 0.0909
908.7000 0.0910
908.9000 0.0911
909.7000 0.0913
909.8000 0.0914
910.0000 0.0915
913.3000 0.0916
913.7000 0.0917
914.4000 0.0918
917.9000 0.0919
918.3000 0.0920
918.4000 0.0921
918.6000 0.0922
918.7000 0.0923
918.8000 0.0924
919.3000 0.0925
920.5000 0.0926
924.2000 0.0927
925.1000 0.0928
925.2000 0.0929
925.8000 0.0930
929.4000 0.0931
930.2000 0.0932
930.2000 0.0933
930.5000 0.0934
930.8000 0.0935
930.9000 0.0936
931.3000 0.0938
931.6000 0.0939
932.1000 0.0940
932.3000 0.0941
932.8000 0.0942
937.0000 0.0943
937.4000 0.0944
937.8000 0.0945
938.0000 0.0946
938.0000 0.0947
938.5000 0.0948
939.8000 0.0949
940.0000 0.0950
941.2000 0.0951
941.4000 0.0952
942.4000 0.0953
943.1000 0.0954
943.4000 0.0955
943.9000 0.0956
944.4000 0.0957
944.4000 0.0958
944.6000 0.0959
948.8000 0.0960
949.3000 0.0961
950.6000 0.0963
951.4000 0.0964
954.2000 0.0965
954.8000 0.0966
955.1000 0.0967
955.8000 0.0968
957.3000 0.0969
958.1000 0.0970
958.3000 0.0971
958.5000 0.0972
959.1000 0.0973
959.4000 0.0974
959.7000 0.0975
960.5000 0.0976
962.2000 0.0977
963.8000 0.0978
965.0000 0.0979
966.7000 0.0980
966.9000 0.0981
968.6000 0.0982
970.6000 0.0983
971.7000 0.0984
974.0000 0.0985
974.7000 0.0986
975.0000 0.0988
976.9000 0.0989
977.0000 0.0990
977.3000 0.0991
977.6000 0.0992
977.7000 0.0993
977.7000 0.0994
977.7000 0.0995
978.6000 0.0996
980.0000 0.0997
980.3000 0.0998
982.1000 0.0999
982.2000 0.1000
983.0000 0.1001
983.5000 0.1002
983.6000 0.1003
984.4000 0.1004
984.9000 0.1005
986.4000 0.1006
986.5000 0.1007
986.8000 0.1008
987.7000 0.1009
988.9000 0.1010
989.0000 0.1011
990.3000 0.1013
993.5000 0.1014
993.8000 0.1015
994.6000 0.1016
996.0000 0.1017
998.1000 0.1018
998.6000 0.1019
1000.2000 0.1020
1000.2000 0.1021
1002.9000 0.1022
1003.2000 0.1023
1003.8000 0.1024
1007.9000 0.1025
1008.2000 0.1026
1008.6000 0.1027
1009.7000 0.1028
1010.2000 0.1029
1011.4000 0.1030
1012.6000 0.1031
1013.4000 0.1032
1013.6000 0.1033
1014.1000 0.1034
1014.6000 0.1035
1015.2000 0.1036
1015.3000 0.1038
1015.9000 0.1039
1016.2000 0.1040
1017.1000 0.1041
1018.9000 0.1042
1019.1000 0.1043
1019.9000 0.1044
1020.6000 0.1045
1021.8000 0.1046
1023.0000 0.1047
1023.6000 0.1048
1026.1000 0.1049
1026.2000 0.1050
1028.6000 0.1051
1029.6000 0.1052
1030.8000 0.1053
1030.9000 0.1054
1030.9000 0.1055
1031.4000 0.1056
1031.5000 0.1057
1033.4000 0.1058
1034.0000 0.1059
1035.9000 0.1060
1039.0000 0.1061
1040.8000 0.1063
1040.8000 0.1064
1041.0000 0.1065
1045.6000 0.1066
1046.8000 0.1067
1046.8000 0.1068
1047.9000 0.1069
1048.6000 0.1070
1050.4000 0.1071
1051.7000 0.1072
1051.9000 0.1073
1052.5000 0.1074
1055.3000 0.1075
1055.7000 0.1076
1055.8000 0.1077
1057.4000 0.1078
1058.7000 0.1079
1061.3000 0.1080
1061.4000 0.1081
1065.4000 0.1082
1065.5000 0.1083
1065.9000 0.1084
1066.9000 0.1085
1068.2000 0.1086
1068.3000 0.1088
1068.8000 0.1089
1069.0000 0.1090
1069.7000 0.1091
1070.0000 0.1092
1070.1000 0.1093
1072.4000 0.1094
1072.4000 0.1095
1074.0000 0.1096
1075.7000 0.1097
1076.8000 0.1098
1076.9000 0.1099
1078.9000 0.1100
1079.9000 0.1101
1080.3000 0.1102
1080.4000 0.1103
1082.0000 0.1104
1082.6000 0.1105
1083.8000 0.1106
1084.1000 0.1107
1084.4000 0.1108
1085.2000 0.1109
1086.7000 0.1110
1086.8000 0.1111
1087.6000 0.1113
1088.5000 0.1114
1090.2000 0.1115
1093.1000 0.1116
1093.3000 0.1117
1093.4000 0.1118
1093.9000 0.1119
1094.4000 0.1120
1095.2000 0.1121
1097.2000 0.1122
1097.8000 0.1123
1099.2000 0.1124
1099.4000 0.1125
1099.6000 0.1126
1102.0000 0.1127
1102.3000 0.1128
1102.8000 0.1129
1103.0000 0.1130
1103.7000 0.1131
1104.3000 0.1132
1105.6000 0.1133
1107.2000 0.1134
1107.5000 0.1135
1108.5000 0.1136
1109.0000 0.1138
1109.7000 0.1139
1109.9000 0.1140
1110.2000 0.1141
1111.1000 0.1142
1111.2000 0.1143
1111.2000 0.1144
1114.0000 0.1145
1114.1000 0.1146
1115.8000 0.1147
1117.1000 0.1148
1117.3000 0.1149
1119.1000 0.1150
1119.1000 0.1151
1119.6000 0.1152
1122.5000 0.1153
1124.8000 0.1154
1125.1000 0.1155
1125.1000 0.1156
1125.2000 0.1157
1126.4000 0.1158
1127.5000 0.1159
1127.8000 0.1160
1129.3000 0.1161
1129.4000 0.1163
1129.9000 0.1164
1130.8000 0.1165
1133.4000 0.1166
1137.3000 0.1167
1139.2000 0.1168
1139.6000 0.1169
1141.7000 0.1170
1141.9000 0.1171
1142.0000 0.1172
1142.9000 0.1173
1146.6000 0.1174
1147.0000 0.1175
1147.0000 0.1176
1147.6000 0.1177
1148.7000 0.1178
1150.8000 0.1179
1151.6000 0.1180
1153.3000 0.1181
1153.6000 0.1182
1155.7000 0.1183
1155.7000 0.1184
1156.0000 0.1185
1157.0000 0.1186
1159.4000 0.1188
1160.5000 0.1189
1161.2000 0.1190
1162.8000 0.1191
1162.8000 0.1192
1163.6000 0.1193
1164.8000 0.1194
1165.8000 0.1195
1167.5000 0.1196
1171.1000 0.1197
1171.4000 0.1198
1174.7000 0.1199
1177.7000 0.1200
1180.4000 0.1201
1183.7000 0.1202
1184.2000 0.1203
1186.1000 0.1204
1186.5000 0.1205
1186.5000 0.1206
1188.1000 0.1207
1190.6000 0.1208
1190.6000 0.1209
1192.0000 0.1210
1192.9000 0.1211
1193.2000 0.1213
1193.4000 0.1214
1196.3000 0.1215
1196.4000 0.1216
1199.8000 0.1217
1200.9000 0.1218
1204.1000 0.1219
1204.8000 0.1220
1205.2000 0.1221
1207.3000 0.1222
1208.0000 0.1223
1210.6000 0.1224
1211.8000 0.1225
1212.5000 0.1226
1213.0000 0.1227
1215.1000 0.1228
1225.7000 0.1229
1225.8000 0.1230
1225.9000 0.1231
1226.8000 0.1232
1232.4000 0.1233
1232.4000 0.1234
1234.4000 0.1235
1235.9000 0.1236
1237.5000 0.1238
1240.2000 0.1239
1240.7000 0.1240
1241.9000 0.1241
1244.2000 0.1242
1244.8000 0.1243
1244.9000 0.1244
1245.1000 0.1245
1245.2000 0.1246
1247.4000 0.1247
1247.9000 0.1248
1247.9000 0.1249
1248.6000 0.1250
1249.7000 0.1251
1249.8000 0.1252
1250.0000 0.1253
1251.0000 0.1254
1251.1000 0.1255
1253.9000 0.1256
1255.9000 0.1257
1256.8000 0.1258
1258.8000 0.1259
1261.6000 0.1260
1262.8000 0.1261
1264.7000 0.1263
1264.9000 0.1264
1266.7000 0.1265
1267.7000 0.1266
1268.1000 0.1267
1270.0000 0.1268
1270.1000 0.1269
1273.4000 0.1270
1274.7000 0.1271
1277.9000 0.1272
1278.8000 0.1273
1279.4000 0.1274
1279.6000 0.1275
1279.8000 0.1276
1279.9000 0.1277
1280.8000 0.1278
1285.0000 0.1279
1285.5000 0.1280
1286.0000 0.1281
1293.1000 0.1282
1293.2000 0.1283
1294.7000 0.1284
1295.5000 0.1285
1296.4000 0.1286
1296.7000 0.1288
1297.0000 0.1289
1301.3000 0.1290
1301.7000 0.1291
1302.1000 0.1292
1302.1000 0.1293
1302.9000 0.1294
1303.3000 0.1295
1303.3000 0.1296
1307.8000 0.1297
1308.2000 0.1298
1310.0000 0.1299
1311.7000 0.1300
1312.3000 0.1301
1315.7000 0.1302
1315.8000 0.1303
1317.5000 0.1304
1319.5000 0.1305
1319.8000 0.1306
1320.0000 0.1307
1320.8000 0.1308
1324.4000 0.1309
1324.4000 0.1310
1324.5000 0.1311
1325.2000 0.1313
1326.3000 0.1314
1326.5000 0.1315
1328.5000 0.1316
1329.9000 0.1317
1332.0000 0.1318
1332.1000 0.1319
1334.9000 0.1320
1336.6000 0.1321
1337.2000 0.1322
1339.1000 0.1323
1339.4000 0.1324
1340.9000 0.1325
1341.5000 0.1326
1342.7000 0.1327
1342.8000 0.1328
1343.1000 0.1329
1344.7000 0.1330
1344.8000 0.1331
1347.2000 0.1332
1347.9000 0.1333
1351.0000 0.1334
1351.6000 0.1335
1353.2000 0.1336
1353.6000 0.1338
1356.3000 0.1339
1356.8000 0.1340
1358.3000 0.1341
1360.7000 0.1342
1361.0000 0.1343
1362.6000 0.1344
1366.1000 0.1345
1370.5000 0.1346
1371.3000 0.1347
1374.4000 0.1348
1376.6000 0.1349
1379.4000 0.1350
1379.9000 0.1351
1381.3000 0.1352
1387.5000 0.1353
1388.1000 0.1354
1389.8000 0.1355
1390.6000 0.1356
1391.8000 0.1357
1392.0000 0.1358
1393.1000 0.1359
1395.1000 0.1360
1396.8000 0.1361
1397.5000 0.1363
1397.7000 0.1364
1397.8000 0.1365
1399.4000 0.1366
1401.5000 0.1367
1403.1000 0.1368
1404.7000 0.1369
1405.5000 0.1370
1407.3000 0.1371
1407.6000 0.1372
1408.6000 0.1373
1408.9000 0.1374
1410.0000 0.1375
1413.4000 0.1376
1414.3000 0.1377
1414.9000 0.1378
1415.1000 0.1379
1415.3000 0.1380
1417.6000 0.1381
1419.0000 0.1382
1419.5000 0.1383
1421.5000 0.1384
1421.9000 0.1385
1422.0000 0.1386
1423.1000 0.1388
1423.2000 0.1389
1424.8000 0.1390
1426.6000 0.1391
1428.1000 0.1392
1432.7000 0.1393
1433.4000 0.1394
1433.7000 0.1395
1434.5000 0.1396
1435.8000 0.1397
1437.3000 0.1398
1438.2000 0.1399
1440.8000 0.1400
1441.0000 0.1401
1441.6000 0.1402
1443.3000 0.1403
1445.8000 0.1404
1448.6000 0.1405
1448.8000 0.1406
1449.7000 0.1407
1451.4000 0.1408
1453.4000 0.1409
1456.8000 0.1410
1456.9000 0.1411
1457.9000 0.1413
1458.2000 0.1414
1459.2000 0.1415
1461.8000 0.1416
1461.9000 0.1417
1462.1000 0.1418
1462.6000 0.1419
1464.0000 0.1420
1464.5000 0.1421
1465.1000 0.1422
1466.4000 0.1423
1466.7000 0.1424
1466.8000 0.1425
1471.3000 0.1426
1473.2000 0.1427
1475.7000 0.1428
1478.9000 0.1429
1479.8000 0.1430
1480.3000 0.1431
1491.2000 0.1432
1491.3000 0.1433
1491.4000 0.1434
1491.6000 0.1435
1493.5000 0.1436
1495.3000 0.1437
1498.7000 0.1439
1499.4000 0.1440
1500.0000 0.1441
1502.1000 0.1442
1504.5000 0.1443
1505.6000 0.1444
1505.9000 0.1445
1507.4000 0.1446
1508.2000 0.1447
1509.9000 0.1448
1510.1000 0.1449
1510.2000 0.1450
1511.7000 0.1451
1513.3000 0.1452
1514.3000 0.1453
1514.9000 0.1454
1515.0000 0.1455
1515.7000 0.1456
1516.1000 0.1457
1518.2000 0.1458
1521.8000 0.1459
1524.3000 0.1460
1525.4000 0.1461
1525.9000 0.1462
1535.8000 0.1464
1537.9000 0.1465
1541.7000 0.1466
1541.8000 0.1467
1542.9000 0.1468
1543.7000 0.1469
1549.7000 0.1470
1550.6000 0.1471
1553.8000 0.1472
1554.2000 0.1473
1555.0000 0.1474
1558.3000 0.1475
1560.2000 0.1476
1561.4000 0.1477
1561.5000 0.1478
1563.5000 0.1479
1563.7000 0.1480
1565.3000 0.1481
1565.9000 0.1482
1566.8000 0.1483
1569.0000 0.1484
1570.1000 0.1485
1571.2000 0.1486
1575.5000 0.1487
1578.8000 0.1489
1584.1000 0.1490
1584.7000 0.1491
1586.2000 0.1492
1587.1000 0.1493
1590.9000 0.1494
1592.8000 0.1495
1594.4000 0.1496
1596.5000 0.1497
1596.6000 0.1498
1596.8000 0.1499
1598.0000 0.1500
1602.5000 0.1501
1603.1000 0.1502
1603.9000 0.1503
1604.2000 0.1504
1606.6000 0.1505
1612.3000 0.1506
1612.5000 0.1507
1615.5000 0.1508
1616.6000 0.1509
1616.9000 0.1510
1618.8000 0.1511
1619.0000 0.1512
1621.4000 0.1514
1622.3000 0.1515
1624.1000 0.1516
1625.8000 0.1517
1628.7000 0.1518
1629.4000 0.1519
1629.5000 0.1520
1629.9000 0.1521
1635.6000 0.1522
1636.5000 0.1523
1636.8000 0.1524
1637.1000 0.1525
1638.3000 0.1526
1641.3000 0.1527
1641.4000 0.1528
1641.9000 0.1529
1642.2000 0.1530
1647.3000 0.1531
1650.4000 0.1532
1651.2000 0.1533
1653.1000 0.1534
1653.4000 0.1535
1654.9000 0.1536
1655.9000 0.1537
1659.3000 0.1539
1660.4000 0.1540
1661.0000 0.1541
1661.3000 0.1542
1664.3000 0.1543
1668.1000 0.1544
1668.3000 0.1545
1668.8000 0.1546
1668.8000 0.1547
1670.5000 0.1548
1670.6000 0.1549
1672.7000 0.1550
1672.9000 0.1551
1674.6000 0.1552
1677.0000 0.1553
1678.7000 0.1554
1679.7000 0.1555
1683.6000 0.1556
1686.4000 0.1557
1688.2000 0.1558
1689.1000 0.1559
1689.5000 0.1560
1690.1000 0.1561
1690.3000 0.1562
1695.0000 0.1564
1697.2000 0.1565
1698.4000 0.1566
1698.5000 0.1567
1700.7000 0.1568
1700.9000 0.1569
1703.7000 0.1570
1703.7000 0.1571
1706.0000 0.1572
1707.4000 0.1573
1707.7000 0.1574
1710.4000 0.1575
1717.3000 0.1576
1719.7000 0.1577
1721.1000 0.1578
1723.8000 0.1579
1724.5000 0.1580
1725.8000 0.1581
1726.0000 0.1582
1728.0000 0.1583
1729.5000 0.1584
1730.8000 0.1585
1732.6000 0.1586
1733.9000 0.1587
1735.1000 0.1589
1736.9000 0.1590
1738.2000 0.1591
1743.6000 0.1592
1744.2000 0.1593
1744.6000 0.1594
1748.6000 0.1595
1749.0000 0.1596
1749.5000 0.1597
1750.7000 0.1598
1751.0000 0.1599
1753.7000 0.1600
1754.8000 0.1601
1759.0000 0.1602
1759.4000 0.1603
1759.9000 0.1604
1763.1000 0.1605
1763.2000 0.1606
1767.4000 0.1607
1769.6000 0.1608
1773.8000 0.1609
1774.6000 0.1610
1781.0000 0.1611
1789.6000 0.1612
1790.1000 0.1614
1791.1000 0.1615
1791.2000 0.1616
1793.0000 0.1617
1796.8000 0.1618
1797.5000 0.1619
1798.5000 0.1620
1799.9000 0.1621
1805.6000 0.1622
1806.3000 0.1623
1808.4000 0.1624
1809.5000 0.1625
1812.3000 0.1626
1815.5000 0.1627
1815.7000 0.1628
1815.9000 0.1629
1816.3000 0.1630
1817.6000 0.1631
1820.3000 0.1632
1824.9000 0.1633
1825.7000 0.1634
1829.5000 0.1635
1833.2000 0.1636
1838.4000 0.1637
1842.4000 0.1639
1842.6000 0.1640
1845.6000 0.1641
1847.3000 0.1642
1847.7000 0.1643
1852.3000 0.1644
1855.8000 0.1645
1857.5000 0.1646
1858.8000 0.1647
1861.3000 0.1648
1865.3000 0.1649
1865.6000 0.1650
1865.8000 0.1651
1865.9000 0.1652
1868.1000 0.1653
1868.6000 0.1654
1871.0000 0.1655
1871.6000 0.1656
1871.6000 0.1657
1872.4000 0.1658
1875.7000 0.1659
1876.1000 0.1660
1877.6000 0.1661
1877.7000 0.1662
1877.7000 0.1664
1878.2000 0.1665
1879.5000 0.1666
1880.2000 0.1667
1881.9000 0.1668
1882.6000 0.1669
1884.7000 0.1670
1886.7000 0.1671
1889.8000 0.1672
1889.8000 0.1673
1890.0000 0.1674
1890.0000 0.1675
1891.8000 0.1676
1893.1000 0.1677
1895.4000 0.1678
1896.8000 0.1679
1897.6000 0.1680
1900.4000 0.1681
1900.6000 0.1682
1908.8000 0.1683
1923.4000 0.1684
1925.8000 0.1685
1926.3000 0.1686
1927.9000 0.1687
1930.6000 0.1689
1935.7000 0.1690
1937.9000 0.1691
1947.9000 0.1692
1949.2000 0.1693
1949.4000 0.1694
1951.8000 0.1695
1954.1000 0.1696
1954.5000 0.1697
1958.4000 0.1698
1961.6000 0.1699
1962.0000 0.1700
1974.4000 0.1701
1974.8000 0.1702
1978.9000 0.1703
1980.7000 0.1704
1985.5000 0.1705
1985.9000 0.1706
1986.5000 0.1707
1987.8000 0.1708
1989.7000 0.1709
1992.6000 0.1710
1994.8000 0.1711
1994.9000 0.1712
1998.8000 0.1714
2002.9000 0.1715
2003.7000 0.1716
2006.7000 0.1717
2010.0000 0.1718
2011.1000 0.1719
2014.8000 0.1720
2015.3000 0.1721
2024.6000 0.1722
2031.4000 0.1723
2037.3000 0.1724
2041.7000 0.1725
2044.0000 0.1726
2046.6000 0.1727
2051.7000 0.1728
2054.2000 0.1729
2064.9000 0.1730
2070.8000 0.1731
2073.7000 0.1732
2085.0000 0.1733
2091.9000 0.1734
2093.3000 0.1735
2097.1000 0.1736
2097.7000 0.1737
2098.5000 0.1739
2102.3000 0.1740
2106.5000 0.1741
2110.3000 0.1742
2111.1000 0.1743
2112.2000 0.1744
2114.7000 0.1745
2115.1000 0.1746
2115.2000 0.1747
2119.3000 0.1748
2121.4000 0.1749
2123.8000 0.1750
2136.6000 0.1751
2137.7000 0.1752
2138.1000 0.1753
2143.7000 0.1754
2147.1000 0.1755
2154.4000 0.1756
2154.8000 0.1757
2154.9000 0.1758
2157.3000 0.1759
2157.5000 0.1760
2164.4000 0.1761
2166.8000 0.1762
2168.4000 0.1764
2168.7000 0.1765
2172.3000 0.1766
2172.7000 0.1767
2174.5000 0.1768
2175.2000 0.1769
2176.0000 0.1770
2181.8000 0.1771
2184.0000 0.1772
2193.2000 0.1773
2198.3000 0.1774
2202.4000 0.1775
2204.3000 0.1776
2206.7000 0.1777
2219.6000 0.1778
2220.0000 0.1779
2225.2000 0.1780
2226.8000 0.1781
2233.3000 0.1782
2258.6000 0.1783
2261.5000 0.1784
2268.3000 0.1785
2278.2000 0.1786
2279.8000 0.1787
2292.8000 0.1789
2297.2000 0.1790
2298.8000 0.1791
2301.4000 0.1792
2307.2000 0.1793
2310.7000 0.1794
2313.7000 0.1795
2326.3000 0.1796
2331.4000 0.1797
2332.8000 0.1798
2335.4000 0.1799
2336.0000 0.1800
2337.0000 0.1801
2349.0000 0.1802
2349.7000 0.1803
2350.2000 0.1804
2354.7000 0.1805
2359.4000 0.1806
2361.5000 0.1807
2370.2000 0.1808
2376.6000 0.1809
2383.8000 0.1810
2389.8000 0.1811
2393.0000 0.1812
2394.5000 0.1814
2402.0000 0.1815
2414.9000 0.1816
2422.6000 0.1817
2428.2000 0.1818
2433.4000 0.1819
2439.1000 0.1820
2445.2000 0.1821
2446.1000 0.1822
2451.4000 0.1823
2454.1000 0.1824
2454.5000 0.1825
2455.3000 0.1826
2455.5000 0.1827
2460.1000 0.1828
2461.4000 0.1829
2466.2000 0.1830
2468.6000 0.1831
2469.2000 0.1832
2475.8000 0.1833
2485.9000 0.1834
2487.1000 0.1835
2500.2000 0.1836
2503.7000 0.1837
2506.5000 0.1839
2507.4000 0.1840
2523.6000 0.1841
2529.8000 0.1842
2549.7000 0.1843
2550.5000 0.1844
2565.7000 0.1845
2569.4000 0.1846
2570.1000 0.1847
2570.4000 0.1848
2580.7000 0.1849
2594.0000 0.1850
2596.4000 0.1851
2601.0000 0.1852
2608.4000 0.1853
2608.8000 0.1854
2625.7000 0.1855
2626.5000 0.1856
2628.9000 0.1857
2637.5000 0.1858
2641.4000 0.1859
2646.8000 0.1860
2647.1000 0.1861
2654.9000 0.1862
2661.7000 0.1864
2667.5000 0.1865
2670.0000 0.1866
2670.8000 0.1867
2673.6000 0.1868
2676.1000 0.1869
2680.7000 0.1870
2684.6000 0.1871
2694.0000 0.1872
2696.7000 0.1873
2700.5000 0.1874
2701.8000 0.1875
2706.0000 0.1876
2714.8000 0.1877
2720.5000 0.1878
2724.3000 0.1879
2729.0000 0.1880
2735.9000 0.1881
2736.6000 0.1882
2741.0000 0.1883
2748.1000 0.1884
2754.2000 0.1885
2760.3000 0.1886
2767.7000 0.1887
2768.9000 0.1889
2769.4000 0.1890
2775.2000 0.1891
2782.0000 0.1892
2782.4000 0.1893
2788.2000 0.1894
2789.5000 0.1895
2790.1000 0.1896
2798.8000 0.1897
2810.0000 0.1898
2813.1000 0.1899
2823.1000 0.1900
2839.0000 0.1901
2839.7000 0.1902
2846.3000 0.1903
2866.3000 0.1904
2866.9000 0.1905
2868.3000 0.1906
2887.4000 0.1907
2895.7000 0.1908
2901.2000 0.1909
2922.6000 0.1910
2926.2000 0.1911
2929.5000 0.1912
2948.1000 0.1914
2948.5000 0.1915
2949.0000 0.1916
2949.2000 0.1917
2953.0000 0.1918
2957.3000 0.1919
2958.9000 0.1920
2966.4000 0.1921
2968.3000 0.1922
2982.7000 0.1923
2989.8000 0.1924
2990.4000 0.1925
2992.3000 0.1926
2996.4000 0.1927
2999.7000 0.1928
3005.8000 0.1929
3006.2000 0.1930
3007.7000 0.1931
3011.6000 0.1932
3013.9000 0.1933
3038.6000 0.1934
3043.3000 0.1935
3044.3000 0.1936
3044.4000 0.1937
3047.0000 0.1939
3055.6000 0.1940
3060.2000 0.1941
3086.3000 0.1942
3092.6000 0.1943
3098.6000 0.1944
3111.6000 0.1945
3123.5000 0.1946
3124.6000 0.1947
3129.4000 0.1948
3144.9000 0.1949
3149.8000 0.1950
3151.4000 0.1951
3154.4000 0.1952
3161.7000 0.1953
3172.9000 0.1954
3179.4000 0.1955
3188.9000 0.1956
3208.9000 0.1957
3213.1000 0.1958
3219.7000 0.1959
3226.9000 0.1960
3228.3000 0.1961
3230.5000 0.1962
3234.2000 0.1964
3237.5000 0.1965
3248.9000 0.1966
3249.5000 0.1967
3257.5000 0.1968
3258.6000 0.1969
3266.4000 0.1970
3270.2000 0.1971
3270.3000 0.1972
3273.7000 0.1973
3282.1000 0.1974
3307.3000 0.1975
3318.0000 0.1976
3332.6000 0.1977
3333.8000 0.1978
3334.5000 0.1979
3337.1000 0.1980
3348.3000 0.1981
3350.4000 0.1982
3358.9000 0.1983
3359.3000 0.1984
3361.5000 0.1985
3369.4000 0.1986
3370.8000 0.1987
3372.8000 0.1989
3380.5000 0.1990
3384.5000 0.1991
3394.2000 0.1992
3395.3000 0.1993
3402.7000 0.1994
3404.9000 0.1995
3415.0000 0.1996
3416.8000 0.1997
3436.0000 0.1998
3447.0000 0.1999
3448.0000 0.2000
3450.9000 0.2001
3494.6000 0.2002
3496.2000 0.2003
3503.2000 0.2004
3503.4000 0.2005
3524.8000 0.2006
3528.0000 0.2007
3529.1000 0.2008
3542.4000 0.2009
3542.8000 0.2010
3552.1000 0.2011
3555.2000 0.2012
3556.5000 0.2014
3560.3000 0.2015
3574.7000 0.2016
3578.5000 0.2017
3579.1000 0.2018
3580.9000 0.2019
3590.3000 0.2020
3608.6000 0.2021
3616.5000 0.2022
3616.7000 0.2023
3638.8000 0.2024
3645.7000 0.2025
3650.0000 0.2026
3677.2000 0.2027
3688.8000 0.2028
3689.7000 0.2029
3693.2000 0.2030
3696.1000 0.2031
3699.4000 0.2032
3704.4000 0.2033
3709.7000 0.2034
3711.9000 0.2035
3714.3000 0.2036
3717.5000 0.2037
3727.2000 0.2039
3733.7000 0.2040
3733.9000 0.2041
3762.1000 0.2042
3763.9000 0.2043
3768.5000 0.2044
3771.7000 0.2045
3772.4000 0.2046
3772.7000 0.2047
3777.8000 0.2048
3779.0000 0.2049
3787.1000 0.2050
3788.1000 0.2051
3793.7000 0.2052
3800.3000 0.2053
3805.7000 0.2054
3810.5000 0.2055
3811.3000 0.2056
3817.7000 0.2057
3821.3000 0.2058
3829.4000 0.2059
3830.8000 0.2060
3831.9000 0.2061
3834.7000 0.2062
3858.5000 0.2064
3859.8000 0.2065
3889.4000 0.2066
3890.0000 0.2067
3892.9000 0.2068
3896.4000 0.2069
3899.9000 0.2070
3921.1000 0.2071
3921.7000 0.2072
3929.7000 0.2073
3940.9000 0.2074
3941.2000 0.2075
3949.8000 0.2076
3956.1000 0.2077
3962.7000 0.2078
3964.1000 0.2079
3966.1000 0.2080
3974.5000 0.2081
3986.4000 0.2082
3991.0000 0.2083
3997.2000 0.2084
4002.0000 0.2085
4020.2000 0.2086
4032.4000 0.2087
4033.1000 0.2089
4039.3000 0.2090
4042.7000 0.2091
4047.0000 0.2092
4050.7000 0.2093
4052.3000 0.2094
4056.8000 0.2095
4069.1000 0.2096
4089.8000 0.2097
4091.3000 0.2098
4091.4000 0.2099
4097.7000 0.2100
4102.5000 0.2101
4105.6000 0.2102
4115.8000 0.2103
4124.2000 0.2104
4124.5000 0.2105
4125.7000 0.2106
4137.3000 0.2107
4138.8000 0.2108
4139.8000 0.2109
4141.8000 0.2110
4143.6000 0.2111
4153.5000 0.2112
4156.0000 0.2114
4181.3000 0.2115
4182.7000 0.2116
4199.7000 0.2117
4212.2000 0.2118
4216.7000 0.2119
4225.0000 0.2120
4225.6000 0.2121
4243.5000 0.2122
4245.0000 0.2123
4248.3000 0.2124
4251.7000 0.2125
4263.7000 0.2126
4273.2000 0.2127
4279.5000 0.2128
4281.0000 0.2129
4285.7000 0.2130
4293.3000 0.2131
4301.8000 0.2132
4309.1000 0.2133
4319.9000 0.2134
4331.9000 0.2135
4335.9000 0.2136
4339.1000 0.2137
4353.8000 0.2139
4369.0000 0.2140
4383.8000 0.2141
4383.8000 0.2142
4394.7000 0.2143
4400.7000 0.2144
4402.6000 0.2145
4402.7000 0.2146
4407.1000 0.2147
4408.0000 0.2148
4428.9000 0.2149
4430.9000 0.2150
4445.8000 0.2151
4453.1000 0.2152
4458.5000 0.2153
4460.8000 0.2154
4466.2000 0.2155
4468.9000 0.2156
4470.9000 0.2157
4484.6000 0.2158
4506.0000 0.2159
4549.3000 0.2160
4549.5000 0.2161
4551.2000 0.2162
4554.0000 0.2164
4558.6000 0.2165
4568.5000 0.2166
4571.4000 0.2167
4577.9000 0.2168
4587.6000 0.2169
4590.0000 0.2170
4595.2000 0.2171
4599.7000 0.2172
4607.5000 0.2173
4609.7000 0.2174
4611.8000 0.2175
4622.8000 0.2176
4632.6000 0.2177
4638.9000 0.2178
4643.9000 0.2179
4644.3000 0.2180
4645.9000 0.2181
4646.3000 0.2182
4652.6000 0.2183
4654.7000 0.2184
4663.9000 0.2185
4669.3000 0.2186
4669.9000 0.2187
4677.0000 0.2189
4678.0000 0.2190
4678.4000 0.2191
4681.1000 0.2192
4685.8000 0.2193
4690.0000 0.2194
4690.4000 0.2195
4706.1000 0.2196
4708.9000 0.2197
4726.4000 0.2198
4730.0000 0.2199
4737.6000 0.2200
4743.4000 0.2201
4748.8000 0.2202
4758.1000 0.2203
4768.2000 0.2204
4768.6000 0.2205
4782.9000 0.2206
4801.9000 0.2207
4806.7000 0.2208
4813.3000 0.2209
4817.6000 0.2210
4828.5000 0.2211
4835.3000 0.2212
4837.7000 0.2214
4839.7000 0.2215
4841.0000 0.2216
4841.9000 0.2217
4844.1000 0.2218
4850.0000 0.2219
4855.1000 0.2220
4856.2000 0.2221
4858.3000 0.2222
4860.0000 0.2223
4866.5000 0.2224
4866.5000 0.2225
4870.1000 0.2226
4878.8000 0.2227
4883.0000 0.2228
4883.3000 0.2229
4897.7000 0.2230
4936.3000 0.2231
4966.1000 0.2232
4972.9000 0.2233
4983.2000 0.2234
4991.1000 0.2235
4997.1000 0.2236
5011.4000 0.2237
5031.9000 0.2239
5052.6000 0.2240
5055.2000 0.2241
5062.9000 0.2242
5080.3000 0.2243
5107.9000 0.2244
5112.3000 0.2245
5120.9000 0.2246
5123.4000 0.2247
5149.7000 0.2248
5156.3000 0.2249
5163.0000 0.2250
5163.2000 0.2251
5165.8000 0.2252
5169.4000 0.2253
5183.9000 0.2254
5191.9000 0.2255
5198.6000 0.2256
5201.7000 0.2257
5203.9000 0.2258
5209.5000 0.2259
5209.8000 0.2260
5250.0000 0.2261
5251.6000 0.2262
5252.5000 0.2264
5255.2000 0.2265
5256.5000 0.2266
5260.5000 0.2267
5283.7000 0.2268
5302.3000 0.2269
5308.4000 0.2270
5316.4000 0.2271
5327.5000 0.2272
5335.2000 0.2273
5345.1000 0.2274
5353.8000 0.2275
5354.2000 0.2276
5374.1000 0.2277
5384.7000 0.2278
5385.2000 0.2279
5385.3000 0.2280
5391.0000 0.2281
5392.8000 0.2282
5393.4000 0.2283
5415.4000 0.2284
5415.5000 0.2285
5418.0000 0.2286
5420.0000 0.2287
5420.7000 0.2289
5422.1000 0.2290
5436.8000 0.2291
5444.7000 0.2292
5449.5000 0.2293
5454.9000 0.2294
5461.8000 0.2295
5473.5000 0.2296
5474.4000 0.2297
5495.8000 0.2298
5498.7000 0.2299
5499.1000 0.2300
5499.6000 0.2301
5504.0000 0.2302
5515.8000 0.2303
5518.6000 0.2304
5528.6000 0.2305
5537.1000 0.2306
5542.6000 0.2307
5542.8000 0.2308
5548.9000 0.2309
5550.4000 0.2310
5557.0000 0.2311
5558.2000 0.2312
5580.6000 0.2314
5585.7000 0.2315
5595.2000 0.2316
5604.7000 0.2317
5605.4000 0.2318
5633.0000 0.2319
5640.7000 0.2320
5642.1000 0.2321
5660.2000 0.2322
5662.7000 0.2323
5666.9000 0.2324
5676.3000 0.2325
5678.4000 0.2326
5683.2000 0.2327
5687.0000 0.2328
5705.0000 0.2329
5713.6000 0.2330
5721.2000 0.2331
5728.9000 0.2332
5733.2000 0.2333
5736.5000 0.2334
5762.1000 0.2335
5783.1000 0.2336
5793.0000 0.2337
5793.2000 0.2339
5799.6000 0.2340
5805.1000 0.2341
5807.5000 0.2342
5810.4000 0.2343
5811.1000 0.2344
5816.3000 0.2345
5823.6000 0.2346
5830.3000 0.2347
5837.9000 0.2348
5845.8000 0.2349
5849.4000 0.2350
5855.1000 0.2351
5855.8000 0.2352
5870.9000 0.2353
5876.7000 0.2354
5878.1000 0.2355
5878.5000 0.2356
5890.9000 0.2357
5899.5000 0.2358
5923.8000 0.2359
5931.4000 0.2360
5940.0000 0.2361
5942.1000 0.2362
5950.7000 0.2364
5959.1000 0.2365
5983.5000 0.2366
5999.5000 0.2367
6004.5000 0.2368
6005.6000 0.2369
6007.5000 0.2370
6011.7000 0.2371
6017.4000 0.2372
6017.8000 0.2373
6026.1000 0.2374
6027.3000 0.2375
6047.1000 0.2376
6076.2000 0.2377
6085.4000 0.2378
6094.4000 0.2379
6097.4000 0.2380
6098.8000 0.2381
6102.2000 0.2382
6112.4000 0.2383
6115.2000 0.2384
6123.4000 0.2385
6146.7000 0.2386
6150.6000 0.2387
6157.8000 0.2389
6163.6000 0.2390
6176.8000 0.2391
6190.5000 0.2392
6199.8000 0.2393
6206.3000 0.2394
6212.8000 0.2395
6216.9000 0.2396
6225.9000 0.2397
6245.4000 0.2398
6249.7000 0.2399
6250.7000 0.2400
6263.0000 0.2401
6268.8000 0.2402
6274.0000 0.2403
6282.4000 0.2404
6297.8000 0.2405
6297.8000 0.2406
6297.9000 0.2407
6302.4000 0.2408
6309.3000 0.2409
6315.3000 0.2410
6317.2000 0.2411
6318.3000 0.2412
6324.8000 0.2414
6330.8000 0.2415
6334.5000 0.2416
6345.0000 0.2417
6345.3000 0.2418
6345.6000 0.2419
6352.2000 0.2420
6372.6000 0.2421
6374.2000 0.2422
6375.2000 0.2423
6391.2000 0.2424
6399.1000 0.2425
6399.8000 0.2426
6403.7000 0.2427
6417.1000 0.2428
6417.3000 0.2429
6417.9000 0.2430
6422.6000 0.2431
6430.9000 0.2432
6431.2000 0.2433
6431.3000 0.2434
6434.0000 0.2435
6451.5000 0.2436
6452.3000 0.2437
6463.0000 0.2439
6463.3000 0.2440
6466.2000 0.2441
6470.2000 0.2442
6484.8000 0.2443
6487.7000 0.2444
6488.0000 0.2445
6500.6000 0.2446
6506.6000 0.2447
6510.3000 0.2448
6533.0000 0.2449
6535.4000 0.2450
6554.3000 0.2451
6567.4000 0.2452
6576.8000 0.2453
6579.7000 0.2454
6586.3000 0.2455
6591.0000 0.2456
6603.4000 0.2457
6605.9000 0.2458
6615.9000 0.2459
6621.6000 0.2460
6653.9000 0.2461
6663.9000 0.2462
6665.5000 0.2464
6667.6000 0.2465
6674.1000 0.2466
6674.5000 0.2467
6692.2000 0.2468
6692.7000 0.2469
6721.9000 0.2470
6725.8000 0.2471
6734.4000 0.2472
6748.1000 0.2473
6749.9000 0.2474
6756.5000 0.2475
6756.5000 0.2476
6758.7000 0.2477
6761.8000 0.2478
6762.0000 0.2479
6773.9000 0.2480
6774.2000 0.2481
6781.5000 0.2482
6783.2000 0.2483
6785.0000 0.2484
6790.7000 0.2485
6795.6000 0.2486
6810.2000 0.2487
6854.9000 0.2489
6866.7000 0.2490
6877.0000 0.2491
6883.8000 0.2492
6886.0000 0.2493
6901.7000 0.2494
6906.7000 0.2495
6921.5000 0.2496
6928.2000 0.2497
6936.5000 0.2498
6945.6000 0.2499
6954.0000 0.2500
6954.5000 0.2501
6957.6000 0.2502
6959.6000 0.2503
6964.7000 0.2504
6973.7000 0.2505
6983.2000 0.2506
6988.3000 0.2507
6991.8000 0.2508
6993.5000 0.2509
7028.0000 0.2510
7039.6000 0.2511
7048.3000 0.2512
7066.2000 0.2514
7073.5000 0.2515
7075.0000 0.2516
7096.1000 0.2517
7097.0000 0.2518
7108.0000 0.2519
7111.3000 0.2520
7131.9000 0.2521
7133.8000 0.2522
7149.0000 0.2523
7152.0000 0.2524
7159.3000 0.2525
7162.2000 0.2526
7187.2000 0.2527
7195.5000 0.2528
7197.2000 0.2529
7201.3000 0.2530
7210.2000 0.2531
7221.6000 0.2532
7248.2000 0.2533
7266.5000 0.2534
7272.1000 0.2535
7273.6000 0.2536
7282.4000 0.2537
7294.8000 0.2539
7304.0000 0.2540
7309.7000 0.2541
7317.5000 0.2542
7322.5000 0.2543
7335.6000 0.2544
7336.4000 0.2545
7344.3000 0.2546
7375.2000 0.2547
7381.5000 0.2548
7386.9000 0.2549
7388.8000 0.2550
7390.6000 0.2551
7395.6000 0.2552
7410.1000 0.2553
7411.5000 0.2554
7440.3000 0.2555
7461.7000 0.2556
7463.2000 0.2557
7477.5000 0.2558
7478.9000 0.2559
7483.9000 0.2560
7484.5000 0.2561
7494.5000 0.2562
7496.1000 0.2564
7505.6000 0.2565
7506.5000 0.2566
7507.0000 0.2567
7510.4000 0.2568
7518.0000 0.2569
7518.1000 0.2570
7525.6000 0.2571
7534.3000 0.2572
7536.5000 0.2573
7547.1000 0.2574
7548.9000 0.2575
7556.3000 0.2576
7560.2000 0.2577
7590.3000 0.2578
7605.4000 0.2579
7608.1000 0.2580
7622.5000 0.2581
7626.2000 0.2582
7634.3000 0.2583
7666.2000 0.2584
7675.8000 0.2585
7678.3000 0.2586
7681.7000 0.2587
7685.5000 0.2589
7686.6000 0.2590
7690.0000 0.2591
7692.4000 0.2592
7696.5000 0.2593
7700.9000 0.2594
7706.9000 0.2595
7725.5000 0.2596
7732.6000 0.2597
7733.8000 0.2598
7739.1000 0.2599
7766.6000 0.2600
7772.5000 0.2601
7774.3000 0.2602
7785.9000 0.2603
7806.3000 0.2604
7806.9000 0.2605
7808.1000 0.2606
7812.1000 0.2607
7817.0000 0.2608
7819.2000 0.2609
7823.5000 0.2610
7827.8000 0.2611
7832.2000 0.2612
7833.1000 0.2614
7844.6000 0.2615
7848.2000 0.2616
7850.5000 0.2617
7850.7000 0.2618
7865.6000 0.2619
7866.6000 0.2620
7872.0000 0.2621
7872.1000 0.2622
7872.6000 0.2623
7880.9000 0.2624
7892.2000 0.2625
7892.6000 0.2626
7902.7000 0.2627
7903.9000 0.2628
7910.1000 0.2629
7922.6000 0.2630
7939.7000 0.2631
7955.3000 0.2632
7965.4000 0.2633
7971.2000 0.2634
7974.1000 0.2635
7974.9000 0.2636
7978.8000 0.2637
7980.2000 0.2639
8003.8000 0.2640
8011.8000 0.2641
8016.0000 0.2642
8017.2000 0.2643
8019.0000 0.2644
8027.2000 0.2645
8033.6000 0.2646
8038.0000 0.2647
8057.0000 0.2648
8078.7000 0.2649
8083.1000 0.2650
8090.0000 0.2651
8091.7000 0.2652
8096.9000 0.2653
8103.3000 0.2654
8103.8000 0.2655
8106.6000 0.2656
8108.0000 0.2657
8114.9000 0.2658
8116.4000 0.2659
8117.8000 0.2660
8123.1000 0.2661
8127.9000 0.2662
8130.2000 0.2664
8144.7000 0.2665
8160.1000 0.2666
8160.5000 0.2667
8161.3000 0.2668
8165.5000 0.2669
8211.8000 0.2670
8219.2000 0.2671
8227.6000 0.2672
8228.3000 0.2673
8233.8000 0.2674
8234.5000 0.2675
8234.5000 0.2676
8247.1000 0.2677
8251.5000 0.2678
8268.1000 0.2679
8268.2000 0.2680
8268.8000 0.2681
8277.6000 0.2682
8290.4000 0.2683
8304.8000 0.2684
8312.8000 0.2685
8315.6000 0.2686
8316.4000 0.2687
8319.2000 0.2689
8321.7000 0.2690
8330.7000 0.2691
8349.1000 0.2692
8349.6000 0.2693
8366.2000 0.2694
8401.8000 0.2695
8406.6000 0.2696
8409.1000 0.2697
8415.7000 0.2698
8415.9000 0.2699
8417.2000 0.2700
8417.7000 0.2701
8425.6000 0.2702
8443.2000 0.2703
8443.5000 0.2704
8448.8000 0.2705
8467.5000 0.2706
8471.3000 0.2707
8480.3000 0.2708
8482.1000 0.2709
8482.5000 0.2710
8496.9000 0.2711
8500.7000 0.2712
8502.4000 0.2714
8519.6000 0.2715
8520.3000 0.2716
8533.0000 0.2717
8566.5000 0.2718
8568.1000 0.2719
8571.1000 0.2720
8575.6000 0.2721
8577.5000 0.2722
8578.9000 0.2723
8579.3000 0.2724
8585.6000 0.2725
8594.8000 0.2726
8598.2000 0.2727
8599.0000 0.2728
8602.9000 0.2729
8613.2000 0.2730
8618.6000 0.2731
8620.4000 0.2732
8621.4000 0.2733
8629.6000 0.2734
8632.4000 0.2735
8639.5000 0.2736
8650.5000 0.2737
8669.1000 0.2739
8673.0000 0.2740
8682.3000 0.2741
8683.4000 0.2742
8687.4000 0.2743
8692.2000 0.2744
8700.7000 0.2745
8708.9000 0.2746
8711.9000 0.2747
8723.5000 0.2748
8729.5000 0.2749
8737.3000 0.2750
8745.1000 0.2751
8749.9000 0.2752
8754.6000 0.2753
8756.5000 0.2754
8762.3000 0.2755
8766.9000 0.2756
8775.2000 0.2757
8775.6000 0.2758
8792.9000 0.2759
8794.4000 0.2760
8813.3000 0.2761
8819.1000 0.2762
8819.3000 0.2764
8822.4000 0.2765
8833.6000 0.2766
8839.7000 0.2767
8850.0000 0.2768
8851.5000 0.2769
8858.4000 0.2770
8860.0000 0.2771
8870.3000 0.2772
8873.0000 0.2773
8874.2000 0.2774
8897.7000 0.2775
8906.8000 0.2776
8914.2000 0.2777
8917.4000 0.2778
8927.5000 0.2779
8941.8000 0.2780
8942.1000 0.2781
8947.3000 0.2782
8959.4000 0.2783
8979.9000 0.2784
8984.3000 0.2785
8988.8000 0.2786
8991.0000 0.2787
8996.0000 0.2789
8998.9000 0.2790
9006.1000 0.2791
9016.0000 0.2792
9016.0000 0.2793
9016.0000 0.2794
9016.1000 0.2795
9024.4000 0.2796
9027.3000 0.2797
9030.9000 0.2798
9032.7000 0.2799
9038.4000 0.2800
9039.8000 0.2801
9041.1000 0.2802
9042.2000 0.2803
9060.9000 0.2804
9062.2000 0.2805
9068.6000 0.2806
9071.7000 0.2807
9074.1000 0.2808
9076.1000 0.2809
9082.1000 0.2810
9084.9000 0.2811
9085.9000 0.2812
9097.3000 0.2814
9097.6000 0.2815
9109.9000 0.2816
9110.3000 0.2817
9114.5000 0.2818
9115.0000 0.2819
9115.6000 0.2820
9121.8000 0.2821
9123.6000 0.2822
9140.4000 0.2823
9144.4000 0.2824
9144.8000 0.2825
9155.4000 0.2826
9176.1000 0.2827
9176.2000 0.2828
9191.2000 0.2829
9199.2000 0.2830
9215.1000 0.2831
9225.6000 0.2832
9228.5000 0.2833
9237.9000 0.2834
9244.1000 0.2835
9251.5000 0.2836
9258.4000 0.2837
9258.5000 0.2839
9264.4000 0.2840
9266.4000 0.2841
9267.3000 0.2842
9267.6000 0.2843
9269.5000 0.2844
9289.6000 0.2845
9313.9000 0.2846
9315.9000 0.2847
9323.6000 0.2848
9324.7000 0.2849
9325.8000 0.2850
9329.8000 0.2851
9333.5000 0.2852
9339.9000 0.2853
9345.5000 0.2854
9356.3000 0.2855
9376.3000 0.2856
9380.7000 0.2857
9389.3000 0.2858
9397.2000 0.2859
9398.1000 0.2860
9401.3000 0.2861
9434.6000 0.2862
9437.2000 0.2864
9437.7000 0.2865
9440.2000 0.2866
9458.6000 0.2867
9460.1000 0.2868
9468.3000 0.2869
9475.8000 0.2870
9481.8000 0.2871
9482.4000 0.2872
9483.2000 0.2873
9493.1000 0.2874
9502.6000 0.2875
9517.7000 0.2876
9518.8000 0.2877
9534.8000 0.2878
9539.6000 0.2879
9548.5000 0.2880
9555.7000 0.2881
9561.9000 0.2882
9569.3000 0.2883
9582.8000 0.2884
9584.6000 0.2885
9589.3000 0.2886
9592.8000 0.2887
9602.2000 0.2889
9608.6000 0.2890
9613.7000 0.2891
9616.8000 0.2892
9635.0000 0.2893
9642.5000 0.2894
9650.7000 0.2895
9656.2000 0.2896
9668.1000 0.2897
9693.8000 0.2898
9694.0000 0.2899
9696.1000 0.2900
9696.4000 0.2901
9700.9000 0.2902
9712.5000 0.2903
9715.2000 0.2904
9717.6000 0.2905
9730.1000 0.2906
9731.1000 0.2907
9749.7000 0.2908
9762.2000 0.2909
9785.2000 0.2910
9790.6000 0.2911
9803.2000 0.2912
9804.9000 0.2914
9806.9000 0.2915
9808.1000 0.2916
9810.0000 0.2917
9833.9000 0.2918
9835.5000 0.2919
9836.4000 0.2920
9841.9000 0.2921
9853.8000 0.2922
9855.9000 0.2923
9860.0000 0.2924
9878.6000 0.2925
9881.7000 0.2926
9887.2000 0.2927
9893.8000 0.2928
9919.0000 0.2929
9939.2000 0.2930
9939.7000 0.2931
9947.7000 0.2932
9953.0000 0.2933
9954.9000 0.2934
9962.5000 0.2935
9967.1000 0.2936
9986.2000 0.2937
9994.3000 0.2939
9995.6000 0.2940
9997.4000 0.2941
10003.9000 0.2942
10018.6000 0.2943
10022.4000 0.2944
10037.7000 0.2945
10041.2000 0.2946
10057.0000 0.2947
10065.1000 0.2948
10081.4000 0.2949
10083.4000 0.2950
10090.6000 0.2951
10115.8000 0.2952
10117.2000 0.2953
10133.5000 0.2954
10136.1000 0.2955
10138.9000 0.2956
10148.3000 0.2957
10150.6000 0.2958
10158.1000 0.2959
10161.0000 0.2960
10161.0000 0.2961
10162.1000 0.2962
10178.7000 0.2964
10180.6000 0.2965
10183.8000 0.2966
10193.6000 0.2967
10215.0000 0.2968
10227.3000 0.2969
10228.7000 0.2970
10239.5000 0.2971
10249.7000 0.2972
10253.1000 0.2973
10259.3000 0.2974
10265.4000 0.2975
10265.7000 0.2976
10267.1000 0.2977
10270.8000 0.2978
10272.7000 0.2979
10274.3000 0.2980
10285.5000 0.2981
10294.6000 0.2982
10294.7000 0.2983
10299.0000 0.2984
10304.5000 0.2985
10317.9000 0.2986
10327.7000 0.2987
10331.1000 0.2989
10340.1000 0.2990
10341.1000 0.2991
10343.9000 0.2992
10347.0000 0.2993
10355.1000 0.2994
10361.9000 0.2995
10369.6000 0.2996
10373.5000 0.2997
10404.6000 0.2998
10449.9000 0.2999
10490.1000 0.3000
10494.3000 0.3001
10509.0000 0.3002
10538.1000 0.3003
10538.5000 0.3004
10547.0000 0.3005
10549.2000 0.3006
10553.3000 0.3007
10561.7000 0.3008
10566.0000 0.3009
10571.2000 0.3010
10571.2000 0.3011
10572.8000 0.3012
10594.3000 0.3014
10594.7000 0.3015
10596.6000 0.3016
10633.7000 0.3017
10639.6000 0.3018
10654.6000 0.3019
10655.8000 0.3020
10656.0000 0.3021
10681.9000 0.3022
10685.6000 0.3023
10706.9000 0.3024
10708.7000 0.3025
10709.2000 0.3026
10710.3000 0.3027
10726.2000 0.3028
10732.6000 0.3029
10737.9000 0.3030
10747.6000 0.3031
10750.0000 0.3032
10759.2000 0.3033
10759.4000 0.3034
10762.3000 0.3035
10766.4000 0.3036
10776.3000 0.3037
10786.5000 0.3039
10788.6000 0.3040
10793.5000 0.3041
10798.0000 0.3042
10801.8000 0.3043
10802.4000 0.3044
10805.2000 0.3045
10822.8000 0.3046
10828.8000 0.3047
10829.0000 0.3048
10829.8000 0.3049
10832.3000 0.3050
10833.0000 0.3051
10855.3000 0.3052
10874.7000 0.3053
10892.0000 0.3054
10897.9000 0.3055
10904.7000 0.3056
10914.7000 0.3057
10919.0000 0.3058
10930.5000 0.3059
10935.4000 0.3060
10940.8000 0.3061
10941.2000 0.3062
10947.4000 0.3064
10955.5000 0.3065
10955.7000 0.3066
10958.8000 0.3067
11006.8000 0.3068
11021.2000 0.3069
11025.8000 0.3070
11045.1000 0.3071
11059.6000 0.3072
11063.9000 0.3073
11066.4000 0.3074
11070.9000 0.3075
11086.4000 0.3076
11088.0000 0.3077
11119.9000 0.3078
11133.5000 0.3079
11134.1000 0.3080
11148.7000 0.3081
11160.0000 0.3082
11161.9000 0.3083
11170.9000 0.3084
11200.9000 0.3085
11203.3000 0.3086
11204.0000 0.3087
11208.9000 0.3089
11217.9000 0.3090
11228.5000 0.3091
11231.8000 0.3092
11244.0000 0.3093
11251.1000 0.3094
11251.6000 0.3095
11252.3000 0.3096
11255.0000 0.3097
11259.6000 0.3098
11266.5000 0.3099
11271.4000 0.3100
11292.0000 0.3101
11300.6000 0.3102
11316.7000 0.3103
11345.7000 0.3104
11349.3000 0.3105
11361.5000 0.3106
11381.2000 0.3107
11388.4000 0.3108
11409.2000 0.3109
11439.7000 0.3110
11442.4000 0.3111
11463.9000 0.3112
11466.2000 0.3114
11474.8000 0.3115
11475.2000 0.3116
11476.7000 0.3117
11484.2000 0.3118
11485.2000 0.3119
11493.1000 0.3120
11517.2000 0.3121
11521.7000 0.3122
11534.0000 0.3123
11536.1000 0.3124
11537.8000 0.3125
11540.5000 0.3126
11541.1000 0.3127
11557.1000 0.3128
11558.9000 0.3129
11571.5000 0.3130
11575.7000 0.3131
11588.9000 0.3132
11604.0000 0.3133
11604.2000 0.3134
11610.3000 0.3135
11634.2000 0.3136
11634.8000 0.3137
11649.7000 0.3139
11679.2000 0.3140
11681.1000 0.3141
11705.7000 0.3142
11728.0000 0.3143
11733.6000 0.3144
11737.8000 0.3145
11742.6000 0.3146
11743.2000 0.3147
11745.2000 0.3148
11756.3000 0.3149
11761.3000 0.3150
11761.5000 0.3151
11766.0000 0.3152
11770.0000 0.3153
11782.1000 0.3154
11783.8000 0.3155
11789.1000 0.3156
11810.2000 0.3157
11813.9000 0.3158
11842.3000 0.3159
11857.9000 0.3160
11864.1000 0.3161
11867.4000 0.3162
11887.0000 0.3164
11891.2000 0.3165
11905.7000 0.3166
11908.8000 0.3167
11917.7000 0.3168
11923.4000 0.3169
11928.3000 0.3170
11934.6000 0.3171
11935.2000 0.3172
11938.3000 0.3173
11944.2000 0.3174
11947.7000 0.3175
11952.3000 0.3176
11955.3000 0.3177
11959.2000 0.3178
11979.3000 0.3179
11984.0000 0.3180
11995.3000 0.3181
11996.3000 0.3182
12004.5000 0.3183
12017.9000 0.3184
12019.0000 0.3185
12022.3000 0.3186
12031.4000 0.3187
12037.2000 0.3189
12041.1000 0.3190
12043.8000 0.3191
12049.6000 0.3192
12052.1000 0.3193
12062.2000 0.3194
12063.9000 0.3195
12069.1000 0.3196
12081.9000 0.3197
12091.1000 0.3198
12099.0000 0.3199
12111.0000 0.3200
12112.2000 0.3201
12113.2000 0.3202
12126.4000 0.3203
12132.2000 0.3204
12137.3000 0.3205
12148.1000 0.3206
12151.3000 0.3207
12155.4000 0.3208
12162.9000 0.3209
12172.0000 0.3210
12177.6000 0.3211
12197.7000 0.3212
12198.5000 0.3214
12208.4000 0.3215
12224.9000 0.3216
12246.9000 0.3217
12256.4000 0.3218
12257.5000 0.3219
12257.8000 0.3220
12277.9000 0.3221
12285.0000 0.3222
12316.3000 0.3223
12321.9000 0.3224
12339.1000 0.3225
12346.4000 0.3226
12366.4000 0.3227
12373.5000 0.3228
12374.4000 0.3229
12382.2000 0.3230
12407.7000 0.3231
12412.1000 0.3232
12416.4000 0.3233
12429.1000 0.3234
12437.3000 0.3235
12450.7000 0.3236
12453.2000 0.3237
12470.6000 0.3239
12471.8000 0.3240
12478.0000 0.3241
12478.3000 0.3242
12478.7000 0.3243
12479.1000 0.3244
12480.0000 0.3245
12491.5000 0.3246
12497.6000 0.3247
12513.6000 0.3248
12528.7000 0.3249
12540.9000 0.3250
12542.5000 0.3251
12553.5000 0.3252
12559.5000 0.3253
12565.2000 0.3254
12567.0000 0.3255
12571.6000 0.3256
12572.5000 0.3257
12586.4000 0.3258
12588.9000 0.3259
12605.0000 0.3260
12614.5000 0.3261
12621.0000 0.3263
12624.3000 0.3264
12626.8000 0.3265
12635.8000 0.3266
12639.1000 0.3267
12640.9000 0.3268
12649.0000 0.3269
12654.3000 0.3270
12666.5000 0.3271
12670.1000 0.3272
12677.9000 0.3273
12684.9000 0.3274
12685.3000 0.3275
12695.0000 0.3276
12695.3000 0.3277
12709.5000 0.3278
12720.2000 0.3279
12734.7000 0.3280
12736.6000 0.3281
12738.8000 0.3282
12748.5000 0.3283
12767.6000 0.3284
12769.5000 0.3285
12771.3000 0.3286
12773.3000 0.3288
12783.5000 0.3289
12792.2000 0.3290
12796.4000 0.3291
12800.6000 0.3292
12802.5000 0.3293
12818.2000 0.3294
12858.1000 0.3295
12858.9000 0.3296
12859.5000 0.3297
12862.1000 0.3298
12869.2000 0.3299
12871.9000 0.3300
12871.9000 0.3301
12873.4000 0.3302
12875.7000 0.3303
12891.3000 0.3304
12892.7000 0.3305
12903.1000 0.3306
12915.1000 0.3307
12919.9000 0.3308
12928.3000 0.3309
12930.1000 0.3310
12934.9000 0.3311
12941.1000 0.3313
12942.6000 0.3314
12960.9000 0.3315
12971.6000 0.3316
12979.7000 0.3317
12987.1000 0.3318
13002.0000 0.3319
13010.6000 0.3320
13013.4000 0.3321
13019.7000 0.3322
13024.1000 0.3323
13031.8000 0.3324
13054.6000 0.3325
13064.8000 0.3326
13073.8000 0.3327
13084.8000 0.3328
13085.6000 0.3329
13086.1000 0.3330
13086.8000 0.3331
13090.4000 0.3332
13098.1000 0.3333
13107.7000 0.3334
13108.7000 0.3335
13119.7000 0.3336
13146.1000 0.3338
13148.2000 0.3339
13148.6000 0.3340
13152.3000 0.3341
13154.9000 0.3342
13161.0000 0.3343
13161.5000 0.3344
13162.6000 0.3345
13166.8000 0.3346
13178.1000 0.3347
13185.9000 0.3348
13208.5000 0.3349
13213.0000 0.3350
13214.4000 0.3351
13227.5000 0.3352
13240.3000 0.3353
13241.1000 0.3354
13244.0000 0.3355
13247.8000 0.3356
13260.2000 0.3357
13261.2000 0.3358
13261.5000 0.3359
13270.8000 0.3360
13273.5000 0.3361
13280.3000 0.3363
13289.3000 0.3364
13305.4000 0.3365
13310.3000 0.3366
13311.6000 0.3367
13313.8000 0.3368
13319.8000 0.3369
13334.1000 0.3370
13354.9000 0.3371
13355.4000 0.3372
13356.4000 0.3373
13357.5000 0.3374
13361.9000 0.3375
13363.2000 0.3376
13375.8000 0.3377
13386.7000 0.3378
13388.3000 0.3379
13416.6000 0.3380
13418.6000 0.3381
13432.9000 0.3382
13434.8000 0.3383
13440.4000 0.3384
13461.5000 0.3385
13466.3000 0.3386
13475.5000 0.3388
13505.6000 0.3389
13542.5000 0.3390
13553.8000 0.3391
13563.5000 0.3392
13565.5000 0.3393
13574.9000 0.3394
13586.3000 0.3395
13592.9000 0.3396
13609.3000 0.3397
13613.0000 0.3398
13622.5000 0.3399
13625.4000 0.3400
13628.6000 0.3401
13638.3000 0.3402
13645.8000 0.3403
13647.8000 0.3404
13649.6000 0.3405
13668.4000 0.3406
13670.6000 0.3407
13672.8000 0.3408
13680.6000 0.3409
13686.2000 0.3410
13687.7000 0.3411
13709.8000 0.3413
13717.2000 0.3414
13736.3000 0.3415
13762.5000 0.3416
13766.4000 0.3417
13769.7000 0.3418
13776.4000 0.3419
13777.3000 0.3420
13778.0000 0.3421
13794.4000 0.3422
13801.9000 0.3423
13806.4000 0.3424
13812.0000 0.3425
13822.8000 0.3426
13823.6000 0.3427
13826.0000 0.3428
13828.2000 0.3429
13829.9000 0.3430
13850.6000 0.3431
13852.3000 0.3432
13858.6000 0.3433
13878.4000 0.3434
13889.8000 0.3435
13904.6000 0.3436
13913.2000 0.3438
13922.3000 0.3439
13925.6000 0.3440
13930.6000 0.3441
13953.0000 0.3442
13953.8000 0.3443
13956.5000 0.3444
13965.7000 0.3445
13984.1000 0.3446
13988.3000 0.3447
13990.5000 0.3448
13997.3000 0.3449
14003.6000 0.3450
14005.9000 0.3451
14011.2000 0.3452
14012.8000 0.3453
14023.9000 0.3454
14030.1000 0.3455
14032.7000 0.3456
14035.4000 0.3457
14039.0000 0.3458
14040.7000 0.3459
14047.2000 0.3460
14074.6000 0.3461
14120.5000 0.3463
14138.4000 0.3464
14143.0000 0.3465
14147.8000 0.3466
14148.4000 0.3467
14158.5000 0.3468
14163.8000 0.3469
14166.7000 0.3470
14175.5000 0.3471
14178.0000 0.3472
14184.7000 0.3473
14187.6000 0.3474
14197.2000 0.3475
14214.3000 0.3476
14214.6000 0.3477
14224.7000 0.3478
14241.2000 0.3479
14253.0000 0.3480
14280.5000 0.3481
14281.1000 0.3482
14288.2000 0.3483
14289.2000 0.3484
14312.5000 0.3485
14316.7000 0.3486
14318.5000 0.3488
14369.6000 0.3489
14379.3000 0.3490
14380.9000 0.3491
14396.5000 0.3492
14403.9000 0.3493
14405.0000 0.3494
14415.8000 0.3495
14450.9000 0.3496
14468.5000 0.3497
14469.4000 0.3498
14488.4000 0.3499
14490.7000 0.3500
14499.3000 0.3501
14505.4000 0.3502
14512.1000 0.3503
14516.4000 0.3504
14519.8000 0.3505
14529.1000 0.3506
14533.5000 0.3507
14546.7000 0.3508
14568.6000 0.3509
14577.2000 0.3510
14579.4000 0.3511
14591.8000 0.3513
14595.4000 0.3514
14614.3000 0.3515
14618.6000 0.3516
14621.8000 0.3517
14628.5000 0.3518
14642.0000 0.3519
14657.1000 0.3520
14657.8000 0.3521
14657.8000 0.3522
14664.6000 0.3523
14666.8000 0.3524
14667.9000 0.3525
14670.8000 0.3526
14697.1000 0.3527
14722.7000 0.3528
14731.0000 0.3529
14741.4000 0.3530
14750.1000 0.3531
14752.6000 0.3532
14764.0000 0.3533
14800.4000 0.3534
14801.6000 0.3535
14819.5000 0.3536
14820.0000 0.3538
14822.6000 0.3539
14827.0000 0.3540
14830.9000 0.3541
14840.8000 0.3542
14842.1000 0.3543
14842.5000 0.3544
14843.1000 0.3545
14848.5000 0.3546
14853.2000 0.3547
14863.2000 0.3548
14871.1000 0.3549
14872.4000 0.3550
14879.0000 0.3551
14885.0000 0.3552
14890.5000 0.3553
14903.7000 0.3554
14915.1000 0.3555
14919.4000 0.3556
14933.1000 0.3557
14943.4000 0.3558
14946.4000 0.3559
14951.4000 0.3560
14957.2000 0.3561
14968.9000 0.3563
14972.2000 0.3564
14973.4000 0.3565
14977.2000 0.3566
14987.9000 0.3567
14988.4000 0.3568
14988.7000 0.3569
14989.7000 0.3570
14999.1000 0.3571
15010.5000 0.3572
15017.1000 0.3573
15020.4000 0.3574
15032.0000 0.3575
15036.8000 0.3576
15045.2000 0.3577
15046.2000 0.3578
15050.2000 0.3579
15057.1000 0.3580
15065.5000 0.3581
15070.1000 0.3582
15072.3000 0.3583
15077.8000 0.3584
15079.0000 0.3585
15079.5000 0.3586
15083.1000 0.3588
15089.1000 0.3589
15091.7000 0.3590
15093.2000 0.3591
15105.2000 0.3592
15110.3000 0.3593
15116.9000 0.3594
15120.4000 0.3595
15120.8000 0.3596
15145.6000 0.3597
15153.0000 0.3598
15161.8000 0.3599
15163.2000 0.3600
15165.9000 0.3601
15176.0000 0.3602
15199.2000 0.3603
15199.8000 0.3604
15217.6000 0.3605
15223.5000 0.3606
15225.3000 0.3607
15225.5000 0.3608
15227.7000 0.3609
15233.6000 0.3610
15237.4000 0.3611
15239.4000 0.3613
15248.8000 0.3614
15253.8000 0.3615
15253.9000 0.3616
15270.9000 0.3617
15275.9000 0.3618
15292.0000 0.3619
15295.2000 0.3620
15301.8000 0.3621
15302.4000 0.3622
15310.0000 0.3623
15312.4000 0.3624
15320.1000 0.3625
15320.8000 0.3626
15324.1000 0.3627
15326.4000 0.3628
15328.6000 0.3629
15332.5000 0.3630
15336.4000 0.3631
15337.5000 0.3632
15337.8000 0.3633
15338.8000 0.3634
15345.9000 0.3635
15350.3000 0.3636
15352.8000 0.3638
15357.7000 0.3639
15360.8000 0.3640
15373.1000 0.3641
15375.9000 0.3642
15376.0000 0.3643
15377.4000 0.3644
15383.1000 0.3645
15385.0000 0.3646
15410.5000 0.3647
15411.9000 0.3648
15421.5000 0.3649
15443.0000 0.3650
15445.9000 0.3651
15465.3000 0.3652
15472.8000 0.3653
15477.3000 0.3654
15488.5000 0.3655
15491.8000 0.3656
15503.1000 0.3657
15523.6000 0.3658
15528.7000 0.3659
15529.1000 0.3660
15532.6000 0.3661
15534.6000 0.3663
15542.9000 0.3664
15559.6000 0.3665
15560.9000 0.3666
15564.6000 0.3667
15577.3000 0.3668
15580.9000 0.3669
15586.8000 0.3670
15589.5000 0.3671
15589.8000 0.3672
15595.0000 0.3673
15595.1000 0.3674
15609.9000 0.3675
15611.4000 0.3676
15612.0000 0.3677
15614.7000 0.3678
15616.6000 0.3679
15618.2000 0.3680
15618.7000 0.3681
15624.5000 0.3682
15626.4000 0.3683
15626.7000 0.3684
15632.8000 0.3685
15634.7000 0.3686
15638.3000 0.3688
15651.3000 0.3689
15652.1000 0.3690
15655.7000 0.3691
15658.7000 0.3692
15665.7000 0.3693
15671.2000 0.3694
15681.4000 0.3695
15737.1000 0.3696
15748.0000 0.3697
15764.7000 0.3698
15769.7000 0.3699
15777.4000 0.3700
15777.6000 0.3701
15778.0000 0.3702
15782.2000 0.3703
15785.5000 0.3704
15803.5000 0.3705
15824.1000 0.3706
15832.1000 0.3707
15832.9000 0.3708
15833.8000 0.3709
15838.3000 0.3710
15840.2000 0.3711
15845.8000 0.3713
15847.5000 0.3714
15850.2000 0.3715
15850.5000 0.3716
15857.3000 0.3717
15884.2000 0.3718
15886.4000 0.3719
15893.2000 0.3720
15907.7000 0.3721
15916.9000 0.3722
15918.9000 0.3723
15920.3000 0.3724
15934.8000 0.3725
15936.0000 0.3726
15936.7000 0.3727
15939.3000 0.3728
15939.6000 0.3729
15945.7000 0.3730
15947.9000 0.3731
15954.4000 0.3732
15963.5000 0.3733
15978.6000 0.3734
15980.5000 0.3735
15988.5000 0.3736
16004.0000 0.3738
16004.7000 0.3739
16006.7000 0.3740
16007.0000 0.3741
16019.1000 0.3742
16019.2000 0.3743
16033.9000 0.3744
16038.3000 0.3745
16045.1000 0.3746
16048.7000 0.3747
16057.2000 0.3748
16095.1000 0.3749
16095.2000 0.3750
16096.9000 0.3751
16111.1000 0.3752
16122.4000 0.3753
16124.0000 0.3754
16139.6000 0.3755
16157.2000 0.3756
16163.0000 0.3757
16168.2000 0.3758
16168.8000 0.3759
16185.1000 0.3760
16188.2000 0.3761
16203.1000 0.3763
16205.4000 0.3764
16206.0000 0.3765
16209.7000 0.3766
16215.7000 0.3767
16217.1000 0.3768
16229.9000 0.3769
16235.1000 0.3770
16242.6000 0.3771
16249.3000 0.3772
16264.0000 0.3773
16267.1000 0.3774
16271.0000 0.3775
16271.3000 0.3776
16275.1000 0.3777
16292.9000 0.3778
16295.4000 0.3779
16297.1000 0.3780
16299.1000 0.3781
16305.4000 0.3782
16306.8000 0.3783
16314.5000 0.3784
16334.1000 0.3785
16334.7000 0.3786
16348.6000 0.3788
16350.1000 0.3789
16350.1000 0.3790
16352.8000 0.3791
16353.1000 0.3792
16359.0000 0.3793
16367.0000 0.3794
16367.2000 0.3795
16381.0000 0.3796
16385.3000 0.3797
16392.4000 0.3798
16414.4000 0.3799
16416.0000 0.3800
16420.9000 0.3801
16428.4000 0.3802
16430.9000 0.3803
16433.5000 0.3804
16437.6000 0.3805
16439.6000 0.3806
16457.9000 0.3807
16461.3000 0.3808
16463.8000 0.3809
16478.7000 0.3810
16490.2000 0.3811
16491.4000 0.3813
16502.7000 0.3814
16506.7000 0.3815
16512.4000 0.3816
16514.1000 0.3817
16518.5000 0.3818
16541.6000 0.3819
16542.8000 0.3820
16544.8000 0.3821
16548.3000 0.3822
16548.5000 0.3823
16560.3000 0.3824
16563.3000 0.3825
16564.9000 0.3826
16568.4000 0.3827
16575.8000 0.3828
16583.2000 0.3829
16590.3000 0.3830
16592.6000 0.3831
16594.0000 0.3832
16598.3000 0.3833
16606.0000 0.3834
16613.9000 0.3835
16629.3000 0.3836
16634.5000 0.3838
16636.1000 0.3839
16638.0000 0.3840
16644.8000 0.3841
16654.6000 0.3842
16662.0000 0.3843
16664.6000 0.3844
16664.6000 0.3845
16667.2000 0.3846
16684.2000 0.3847
16685.0000 0.3848
16701.5000 0.3849
16701.6000 0.3850
16707.5000 0.3851
16710.6000 0.3852
16711.2000 0.3853
16717.3000 0.3854
16718.5000 0.3855
16732.2000 0.3856
16734.5000 0.3857
16734.7000 0.3858
16742.9000 0.3859
16756.8000 0.3860
16759.9000 0.3861
16767.4000 0.3863
16774.8000 0.3864
16800.3000 0.3865
16811.5000 0.3866
16818.6000 0.3867
16825.5000 0.3868
16827.4000 0.3869
16833.2000 0.3870
16842.9000 0.3871
16854.6000 0.3872
16860.0000 0.3873
16862.3000 0.3874
16864.3000 0.3875
16869.2000 0.3876
16871.1000 0.3877
16871.7000 0.3878
16899.6000 0.3879
16928.0000 0.3880
16931.6000 0.3881
16935.7000 0.3882
16935.8000 0.3883
16946.5000 0.3884
16980.1000 0.3885
16981.9000 0.3886
16983.6000 0.3888
17000.9000 0.3889
17014.4000 0.3890
17031.4000 0.3891
17068.3000 0.3892
17089.8000 0.3893
17115.8000 0.3894
17123.6000 0.3895
17132.1000 0.3896
17189.6000 0.3897
17193.9000 0.3898
17215.9000 0.3899
17226.5000 0.3900
17229.7000 0.3901
17235.8000 0.3902
17238.7000 0.3903
17242.0000 0.3904
17263.7000 0.3905
17273.1000 0.3906
17275.7000 0.3907
17279.3000 0.3908
17334.2000 0.3909
17354.3000 0.3910
17363.9000 0.3911
17369.3000 0.3913
17372.3000 0.3914
17374.8000 0.3915
17388.0000 0.3916
17388.8000 0.3917
17406.8000 0.3918
17407.3000 0.3919
17411.3000 0.3920
17421.9000 0.3921
17425.8000 0.3922
17434.9000 0.3923
17460.9000 0.3924
17463.3000 0.3925
17473.6000 0.3926
17484.7000 0.3927
17489.5000 0.3928
17510.0000 0.3929
17516.3000 0.3930
17543.4000 0.3931
17547.6000 0.3932
17599.2000 0.3933
17611.6000 0.3934
17616.1000 0.3935
17649.9000 0.3936
17663.1000 0.3938
17706.5000 0.3939
17721.5000 0.3940
17738.4000 0.3941
17815.1000 0.3942
17817.5000 0.3943
17851.1000 0.3944
17854.5000 0.3945
17859.5000 0.3946
17860.1000 0.3947
17862.8000 0.3948
17869.3000 0.3949
17879.9000 0.3950
17901.1000 0.3951
17922.2000 0.3952
17947.5000 0.3953
17948.1000 0.3954
17998.9000 0.3955
18074.2000 0.3956
18221.6000 0.3957
18257.0000 0.3958
18265.7000 0.3959
18293.1000 0.3960
18322.7000 0.3961
18335.8000 0.3963
18391.6000 0.3964
18428.3000 0.3965
18517.0000 0.3966
18572.3000 0.3967
18617.3000 0.3968
19070.7000 0.3969
19133.8000 0.3970
19138.1000 0.3971
19142.9000 0.3972
19278.0000 0.3973
19297.9000 0.3974
20069.8000 0.3975
20186.9000 0.3976
20627.0000 0.3977
