# messageDelay  cumulativeProbability
5.0000 0.0000
5.0000 0.0001
5.0000 0.0001
5.0000 0.0001
5.0000 0.0002
5.0000 0.0002
5.0000 0.0002
5.0000 0.0003
5.0000 0.0003
5.0000 0.0003
5.0000 0.0004
5.0000 0.0004
5.0000 0.0005
5.0000 0.0005
5.0000 0.0005
5.0000 0.0006
5.0000 0.0006
5.0000 0.0006
5.0000 0.0007
5.0000 0.0007
5.0000 0.0007
5.0000 0.0008
5.0000 0.0008
5.0000 0.0008
5.0000 0.0009
5.0000 0.0009
5.0000 0.0009
5.0000 0.0010
5.0000 0.0010
5.0000 0.0010
5.0000 0.0011
5.0000 0.0011
5.0000 0.0011
5.0000 0.0012
5.0000 0.0012
5.0000 0.0013
5.0000 0.0013
6.0000 0.0013
6.2000 0.0014
7.1000 0.0014
7.8000 0.0014
8.0000 0.0015
8.0000 0.0015
8.0000 0.0015
8.7000 0.0016
9.0000 0.0016
9.0000 0.0016
11.0000 0.0017
11.6000 0.0017
16.7000 0.0017
18.4000 0.0018
27.4000 0.0018
30.0000 0.0018
32.2000 0.0019
32.3000 0.0019
33.8000 0.0019
114.2000 0.0020
124.5000 0.0020
296.7000 0.0020
332.7000 0.0021
347.5000 0.0021
374.4000 0.0022
379.2000 0.0022
398.9000 0.0022
491.0000 0.0023
500.6000 0.0023
624.7000 0.0023
632.2000 0.0024
634.8000 0.0024
636.3000 0.0024
644.4000 0.0025
697.8000 0.0025
720.8000 0.0025
733.3000 0.0026
770.8000 0.0026
802.6000 0.0026
803.0000 0.0027
806.3000 0.0027
812.5000 0.0027
829.9000 0.0028
831.0000 0.0028
836.2000 0.0028
837.2000 0.0029
845.8000 0.0029
851.5000 0.0030
859.9000 0.0030
880.9000 0.0030
896.5000 0.0031
914.0000 0.0031
915.3000 0.0031
935.8000 0.0032
946.8000 0.0032
947.9000 0.0032
949.5000 0.0033
961.9000 0.0033
1028.5000 0.0033
1046.2000 0.0034
1046.4000 0.0034
1050.5000 0.0034
1067.7000 0.0035
1070.0000 0.0035
1071.9000 0.0035
1085.8000 0.0036
1090.4000 0.0036
1100.8000 0.0036
1107.5000 0.0037
1110.3000 0.0037
1112.3000 0.0037
1117.2000 0.0038
1119.4000 0.0038
1168.7000 0.0039
1170.4000 0.0039
1171.1000 0.0039
1172.3000 0.0040
1211.4000 0.0040
1221.5000 0.0040
1227.0000 0.0041
1233.8000 0.0041
1241.2000 0.0041
1243.3000 0.0042
1253.5000 0.0042
1265.5000 0.0042
1266.8000 0.0043
1269.7000 0.0043
1304.3000 0.0043
1322.5000 0.0044
1344.7000 0.0044
1345.4000 0.0044
1346.5000 0.0045
1350.4000 0.0045
1364.1000 0.0045
1373.7000 0.0046
1377.5000 0.0046
1381.0000 0.0047
1384.7000 0.0047
1395.6000 0.0047
1402.8000 0.0048
1424.6000 0.0048
1425.5000 0.0048
1426.7000 0.0049
1434.7000 0.0049
1438.5000 0.0049
1445.1000 0.0050
1462.9000 0.0050
1464.6000 0.0050
1466.0000 0.0051
1470.3000 0.0051
1478.5000 0.0051
1480.5000 0.0052
1488.5000 0.0052
1497.7000 0.0052
1498.0000 0.0053
1502.9000 0.0053
1509.4000 0.0053
1529.7000 0.0054
1544.0000 0.0054
1555.7000 0.0055
1558.6000 0.0055
1560.5000 0.0055
1571.5000 0.0056
1575.3000 0.0056
1579.2000 0.0056
1585.3000 0.0057
1585.4000 0.0057
1603.3000 0.0057
1615.4000 0.0058
1621.5000 0.0058
1624.2000 0.0058
1624.2000 0.0059
1629.2000 0.0059
1633.7000 0.0059
1644.7000 0.0060
1651.5000 0.0060
1652.6000 0.0060
1669.8000 0.0061
1685.3000 0.0061
1690.0000 0.0061
1693.7000 0.0062
1695.9000 0.0062
1697.7000 0.0063
1700.3000 0.0063
1707.3000 0.0063
1707.8000 0.0064
1715.9000 0.0064
1717.1000 0.0064
1718.6000 0.0065
1731.0000 0.0065
1743.2000 0.0065
1744.2000 0.0066
1751.4000 0.0066
1754.6000 0.0066
1763.7000 0.0067
1787.5000 0.0067
1790.6000 0.0067
1793.6000 0.0068
1800.2000 0.0068
1800.3000 0.0068
1801.6000 0.0069
1815.8000 0.0069
1816.7000 0.0069
1833.5000 0.0070
1834.6000 0.0070
1842.9000 0.0070
1843.3000 0.0071
1844.7000 0.0071
1851.1000 0.0072
1852.4000 0.0072
1856.6000 0.0072
1857.4000 0.0073
1861.4000 0.0073
1864.6000 0.0073
1871.4000 0.0074
1880.2000 0.0074
1914.8000 0.0074
1926.8000 0.0075
1927.6000 0.0075
1939.6000 0.0075
1949.2000 0.0076
1953.3000 0.0076
1955.6000 0.0076
1964.1000 0.0077
1971.2000 0.0077
1972.5000 0.0077
1973.8000 0.0078
1976.3000 0.0078
1976.5000 0.0078
1976.6000 0.0079
1981.7000 0.0079
1993.0000 0.0080
1997.2000 0.0080
2006.6000 0.0080
2008.3000 0.0081
2012.9000 0.0081
2024.5000 0.0081
2026.6000 0.0082
2028.7000 0.0082
2036.5000 0.0082
2048.9000 0.0083
2053.2000 0.0083
2058.4000 0.0083
2071.0000 0.0084
2093.4000 0.0084
2093.5000 0.0084
2094.0000 0.0085
2105.8000 0.0085
2106.3000 0.0085
2107.5000 0.0086
2131.9000 0.0086
2131.9000 0.0086
2156.5000 0.0087
2161.0000 0.0087
2177.9000 0.0088
2181.0000 0.0088
2209.5000 0.0088
2262.6000 0.0089
2264.8000 0.0089
2278.7000 0.0089
2286.7000 0.0090
2307.4000 0.0090
2345.1000 0.0090
2352.6000 0.0091
2378.0000 0.0091
2378.4000 0.0091
2396.1000 0.0092
2407.6000 0.0092
2407.7000 0.0092
2408.0000 0.0093
2409.2000 0.0093
2415.0000 0.0093
2417.2000 0.0094
2423.2000 0.0094
2426.6000 0.0094
2428.7000 0.0095
2429.9000 0.0095
2457.4000 0.0095
2481.8000 0.0096
2482.4000 0.0096
2484.8000 0.0097
2505.1000 0.0097
2506.3000 0.0097
2563.4000 0.0098
2565.0000 0.0098
2567.5000 0.0098
2575.3000 0.0099
2589.3000 0.0099
2601.1000 0.0099
2602.1000 0.0100
2623.3000 0.0100
2639.8000 0.0100
2646.9000 0.0101
2649.1000 0.0101
2666.8000 0.0101
2683.0000 0.0102
2688.8000 0.0102
2690.3000 0.0102
2692.3000 0.0103
2698.0000 0.0103
2707.7000 0.0103
2711.2000 0.0104
2714.1000 0.0104
2725.7000 0.0105
2740.0000 0.0105
2744.2000 0.0105
2745.8000 0.0106
2746.1000 0.0106
2753.9000 0.0106
2757.5000 0.0107
2784.6000 0.0107
2786.9000 0.0107
2787.7000 0.0108
2789.1000 0.0108
2797.4000 0.0108
2802.9000 0.0109
2818.0000 0.0109
2818.2000 0.0109
2819.0000 0.0110
2820.8000 0.0110
2826.2000 0.0110
2833.5000 0.0111
2834.0000 0.0111
2837.3000 0.0111
2862.3000 0.0112
2867.9000 0.0112
2869.3000 0.0113
2888.3000 0.0113
2888.5000 0.0113
2894.3000 0.0114
2895.5000 0.0114
2897.5000 0.0114
2901.8000 0.0115
2904.7000 0.0115
2910.4000 0.0115
2911.0000 0.0116
2916.8000 0.0116
2923.5000 0.0116
2933.3000 0.0117
2948.7000 0.0117
2949.6000 0.0117
2955.4000 0.0118
2955.5000 0.0118
2964.5000 0.0118
2984.3000 0.0119
2987.2000 0.0119
2990.1000 0.0119
2994.4000 0.0120
3003.9000 0.0120
3032.4000 0.0120
3033.5000 0.0121
3043.2000 0.0121
3052.7000 0.0122
3058.3000 0.0122
3077.0000 0.0122
3088.4000 0.0123
3090.4000 0.0123
3121.2000 0.0123
3123.1000 0.0124
3124.6000 0.0124
3133.3000 0.0124
3153.7000 0.0125
3170.2000 0.0125
3184.3000 0.0125
3186.5000 0.0126
3186.7000 0.0126
3189.4000 0.0126
3191.7000 0.0127
3198.3000 0.0127
3210.5000 0.0127
3214.2000 0.0128
3214.7000 0.0128
3218.6000 0.0128
3256.2000 0.0129
3259.0000 0.0129
3288.6000 0.0130
3294.7000 0.0130
3297.3000 0.0130
3297.3000 0.0131
3307.7000 0.0131
3311.8000 0.0131
3315.2000 0.0132
3339.3000 0.0132
3345.5000 0.0132
3350.5000 0.0133
3354.5000 0.0133
3375.3000 0.0133
3376.1000 0.0134
3382.2000 0.0134
3382.6000 0.0134
3383.5000 0.0135
3392.6000 0.0135
3396.1000 0.0135
3402.1000 0.0136
3413.9000 0.0136
3420.7000 0.0136
3430.3000 0.0137
3445.3000 0.0137
3450.4000 0.0138
3455.2000 0.0138
3459.7000 0.0138
3471.9000 0.0139
3476.1000 0.0139
3492.1000 0.0139
3494.0000 0.0140
3516.2000 0.0140
3519.6000 0.0140
3527.1000 0.0141
3542.9000 0.0141
3555.0000 0.0141
3559.0000 0.0142
3564.3000 0.0142
3565.6000 0.0142
3574.1000 0.0143
3574.6000 0.0143
3584.0000 0.0143
3590.4000 0.0144
3603.4000 0.0144
3624.9000 0.0144
3631.5000 0.0145
3632.0000 0.0145
3636.0000 0.0145
3636.2000 0.0146
3637.0000 0.0146
3641.0000 0.0147
3656.9000 0.0147
3695.0000 0.0147
3706.8000 0.0148
3717.4000 0.0148
3724.6000 0.0148
3731.5000 0.0149
3749.5000 0.0149
3754.8000 0.0149
3755.9000 0.0150
3765.4000 0.0150
3771.5000 0.0150
3772.7000 0.0151
3773.6000 0.0151
3783.3000 0.0151
3785.7000 0.0152
3794.1000 0.0152
3801.7000 0.0152
3805.8000 0.0153
3810.2000 0.0153
3818.2000 0.0153
3824.8000 0.0154
3829.7000 0.0154
3853.1000 0.0155
3854.0000 0.0155
3868.3000 0.0155
3878.4000 0.0156
3881.7000 0.0156
3891.9000 0.0156
3893.9000 0.0157
3908.4000 0.0157
3924.1000 0.0157
3929.8000 0.0158
3930.5000 0.0158
3953.9000 0.0158
3959.2000 0.0159
3984.0000 0.0159
3998.4000 0.0159
4009.4000 0.0160
4027.0000 0.0160
4027.3000 0.0160
4033.8000 0.0161
4040.9000 0.0161
4058.4000 0.0161
4060.7000 0.0162
4080.8000 0.0162
4111.1000 0.0163
4122.2000 0.0163
4135.3000 0.0163
4144.6000 0.0164
4146.1000 0.0164
4162.6000 0.0164
4182.4000 0.0165
4191.7000 0.0165
4191.8000 0.0165
4193.0000 0.0166
4195.0000 0.0166
4209.9000 0.0166
4211.7000 0.0167
4212.2000 0.0167
4233.3000 0.0167
4243.1000 0.0168
4247.6000 0.0168
4257.5000 0.0168
4259.8000 0.0169
4260.6000 0.0169
4268.6000 0.0169
4275.2000 0.0170
4277.8000 0.0170
4284.8000 0.0170
4331.8000 0.0171
4338.3000 0.0171
4347.4000 0.0172
4369.2000 0.0172
4369.9000 0.0172
4371.3000 0.0173
4376.9000 0.0173
4384.2000 0.0173
4419.8000 0.0174
4423.6000 0.0174
4424.3000 0.0174
4426.0000 0.0175
4445.9000 0.0175
4457.7000 0.0175
4460.8000 0.0176
4472.6000 0.0176
4483.5000 0.0176
4498.2000 0.0177
4507.3000 0.0177
4518.0000 0.0177
4531.7000 0.0178
4532.1000 0.0178
4541.2000 0.0178
4551.9000 0.0179
4571.8000 0.0179
4576.5000 0.0180
4583.5000 0.0180
4585.6000 0.0180
4588.5000 0.0181
4602.1000 0.0181
4602.4000 0.0181
4605.0000 0.0182
4612.4000 0.0182
4629.5000 0.0182
4635.4000 0.0183
4662.9000 0.0183
4664.5000 0.0183
4678.0000 0.0184
4686.9000 0.0184
4693.1000 0.0184
4695.7000 0.0185
4697.3000 0.0185
4710.9000 0.0185
4717.7000 0.0186
4726.1000 0.0186
4728.4000 0.0186
4732.6000 0.0187
4735.4000 0.0187
4746.7000 0.0187
4750.6000 0.0188
4754.3000 0.0188
4755.4000 0.0189
4768.1000 0.0189
4770.9000 0.0189
4771.2000 0.0190
4774.2000 0.0190
4777.2000 0.0190
4792.3000 0.0191
4801.5000 0.0191
4836.2000 0.0191
4839.3000 0.0192
4858.7000 0.0192
4859.9000 0.0192
4860.6000 0.0193
4867.3000 0.0193
4880.1000 0.0193
4895.3000 0.0194
4899.2000 0.0194
4917.6000 0.0194
4931.6000 0.0195
4940.4000 0.0195
4958.4000 0.0195
4967.0000 0.0196
4989.7000 0.0196
5005.3000 0.0197
5007.1000 0.0197
5024.9000 0.0197
5030.3000 0.0198
5030.3000 0.0198
5030.5000 0.0198
5038.5000 0.0199
5040.3000 0.0199
5042.9000 0.0199
5044.5000 0.0200
5046.4000 0.0200
5064.1000 0.0200
5074.9000 0.0201
5075.5000 0.0201
5075.6000 0.0201
5077.9000 0.0202
5078.2000 0.0202
5088.8000 0.0202
5091.8000 0.0203
5093.8000 0.0203
5109.2000 0.0203
5115.0000 0.0204
5140.6000 0.0204
5140.8000 0.0205
5142.5000 0.0205
5143.2000 0.0205
5150.7000 0.0206
5152.8000 0.0206
5153.9000 0.0206
5164.7000 0.0207
5166.8000 0.0207
5208.2000 0.0207
5214.7000 0.0208
5223.4000 0.0208
5225.0000 0.0208
5226.4000 0.0209
5241.0000 0.0209
5246.8000 0.0209
5258.3000 0.0210
5260.2000 0.0210
5292.6000 0.0210
5307.7000 0.0211
5319.9000 0.0211
5327.7000 0.0211
5327.8000 0.0212
5332.9000 0.0212
5357.7000 0.0212
5360.4000 0.0213
5365.5000 0.0213
5372.2000 0.0214
5384.9000 0.0214
5385.5000 0.0214
5387.9000 0.0215
5399.4000 0.0215
5414.5000 0.0215
5417.1000 0.0216
5420.6000 0.0216
5427.5000 0.0216
5436.6000 0.0217
5438.4000 0.0217
5444.5000 0.0217
5456.8000 0.0218
5462.9000 0.0218
5469.1000 0.0218
5485.7000 0.0219
5495.2000 0.0219
5495.4000 0.0219
5497.2000 0.0220
5515.7000 0.0220
5525.5000 0.0220
5551.1000 0.0221
5553.4000 0.0221
5555.2000 0.0222
5555.8000 0.0222
5555.9000 0.0222
5569.7000 0.0223
5585.3000 0.0223
5593.7000 0.0223
5616.6000 0.0224
5621.0000 0.0224
5633.2000 0.0224
5642.4000 0.0225
5661.6000 0.0225
5670.0000 0.0225
5674.0000 0.0226
5700.4000 0.0226
5701.2000 0.0226
5706.0000 0.0227
5715.3000 0.0227
5717.4000 0.0227
5722.2000 0.0228
5727.3000 0.0228
5739.1000 0.0228
5775.9000 0.0229
5781.7000 0.0229
5786.6000 0.0230
5787.7000 0.0230
5797.0000 0.0230
5797.9000 0.0231
5844.3000 0.0231
5860.0000 0.0231
5860.3000 0.0232
5861.6000 0.0232
5862.4000 0.0232
5879.0000 0.0233
5884.2000 0.0233
5909.3000 0.0233
5929.0000 0.0234
5934.7000 0.0234
5934.9000 0.0234
5948.9000 0.0235
5952.9000 0.0235
5957.2000 0.0235
5965.5000 0.0236
5967.8000 0.0236
5970.1000 0.0236
5971.8000 0.0237
5987.2000 0.0237
5987.8000 0.0237
5996.8000 0.0238
6005.2000 0.0238
6007.4000 0.0239
6015.8000 0.0239
6043.7000 0.0239
6045.1000 0.0240
6053.0000 0.0240
6057.3000 0.0240
6073.9000 0.0241
6076.7000 0.0241
6078.0000 0.0241
6082.8000 0.0242
6084.6000 0.0242
6098.5000 0.0242
6100.5000 0.0243
6109.8000 0.0243
6110.0000 0.0243
6120.0000 0.0244
6122.0000 0.0244
6159.5000 0.0244
6160.4000 0.0245
6161.1000 0.0245
6165.5000 0.0245
6168.5000 0.0246
6174.4000 0.0246
6179.4000 0.0247
6184.8000 0.0247
6190.3000 0.0247
6201.1000 0.0248
6219.5000 0.0248
6222.3000 0.0248
6226.6000 0.0249
6227.3000 0.0249
6240.5000 0.0249
6252.9000 0.0250
6255.8000 0.0250
6269.9000 0.0250
6290.2000 0.0251
6292.7000 0.0251
6338.7000 0.0251
6362.2000 0.0252
6381.6000 0.0252
6381.8000 0.0252
6383.4000 0.0253
6409.6000 0.0253
6409.8000 0.0253
6423.1000 0.0254
6451.3000 0.0254
6453.7000 0.0255
6463.1000 0.0255
6470.0000 0.0255
6490.7000 0.0256
6498.7000 0.0256
6501.8000 0.0256
6507.1000 0.0257
6515.8000 0.0257
6526.5000 0.0257
6529.0000 0.0258
6534.7000 0.0258
6535.4000 0.0258
6547.0000 0.0259
6553.4000 0.0259
6564.1000 0.0259
6568.5000 0.0260
6570.6000 0.0260
6572.0000 0.0260
6573.4000 0.0261
6585.5000 0.0261
6604.5000 0.0261
6609.8000 0.0262
6617.6000 0.0262
6617.7000 0.0262
6619.3000 0.0263
6619.9000 0.0263
6622.4000 0.0264
6641.5000 0.0264
6660.0000 0.0264
6662.6000 0.0265
6677.2000 0.0265
6684.5000 0.0265
6685.4000 0.0266
6693.3000 0.0266
6696.4000 0.0266
6707.7000 0.0267
6709.9000 0.0267
6716.8000 0.0267
6721.7000 0.0268
6725.5000 0.0268
6739.2000 0.0268
6755.3000 0.0269
6758.5000 0.0269
6759.3000 0.0269
6761.7000 0.0270
6779.9000 0.0270
6787.5000 0.0270
6800.1000 0.0271
6813.4000 0.0271
6818.2000 0.0272
6818.5000 0.0272
6819.7000 0.0272
6820.2000 0.0273
6826.2000 0.0273
6840.2000 0.0273
6844.1000 0.0274
6846.9000 0.0274
6852.0000 0.0274
6857.5000 0.0275
6857.9000 0.0275
6870.8000 0.0275
6880.8000 0.0276
6886.8000 0.0276
6895.0000 0.0276
6896.9000 0.0277
6904.8000 0.0277
6915.9000 0.0277
6921.8000 0.0278
6931.8000 0.0278
6937.3000 0.0278
6967.5000 0.0279
6973.6000 0.0279
6977.2000 0.0280
6988.7000 0.0280
6989.4000 0.0280
6989.6000 0.0281
7001.6000 0.0281
7011.5000 0.0281
7017.9000 0.0282
7029.7000 0.0282
7039.5000 0.0282
7051.3000 0.0283
7052.4000 0.0283
7058.4000 0.0283
7067.5000 0.0284
7079.1000 0.0284
7096.9000 0.0284
7105.4000 0.0285
7134.0000 0.0285
7142.1000 0.0285
7158.0000 0.0286
7159.1000 0.0286
7160.7000 0.0286
7175.7000 0.0287
7176.1000 0.0287
7183.5000 0.0287
7190.4000 0.0288
7190.4000 0.0288
7194.2000 0.0289
7194.7000 0.0289
7198.8000 0.0289
7232.9000 0.0290
7237.8000 0.0290
7255.7000 0.0290
7258.0000 0.0291
7267.5000 0.0291
7276.9000 0.0291
7285.5000 0.0292
7286.7000 0.0292
7289.7000 0.0292
7289.9000 0.0293
7291.2000 0.0293
7302.1000 0.0293
7314.9000 0.0294
7336.1000 0.0294
7344.9000 0.0294
7345.7000 0.0295
7355.9000 0.0295
7365.0000 0.0295
7370.7000 0.0296
7373.8000 0.0296
7394.5000 0.0297
7396.8000 0.0297
7400.8000 0.0297
7406.3000 0.0298
7408.7000 0.0298
7409.5000 0.0298
7409.7000 0.0299
7415.0000 0.0299
7416.0000 0.0299
7417.0000 0.0300
7419.4000 0.0300
7425.7000 0.0300
7428.6000 0.0301
7433.1000 0.0301
7440.4000 0.0301
7461.6000 0.0302
7464.1000 0.0302
7468.4000 0.0302
7472.8000 0.0303
7479.6000 0.0303
7483.8000 0.0303
7493.7000 0.0304
7509.5000 0.0304
7527.7000 0.0305
7529.2000 0.0305
7533.9000 0.0305
7546.7000 0.0306
7553.0000 0.0306
7561.2000 0.0306
7563.3000 0.0307
7600.5000 0.0307
7605.8000 0.0307
7608.0000 0.0308
7613.7000 0.0308
7624.0000 0.0308
7624.6000 0.0309
7626.3000 0.0309
7630.9000 0.0309
7632.8000 0.0310
7639.6000 0.0310
7639.7000 0.0310
7641.2000 0.0311
7643.6000 0.0311
7646.7000 0.0311
7655.9000 0.0312
7656.2000 0.0312
7658.2000 0.0312
7658.5000 0.0313
7660.7000 0.0313
7674.6000 0.0314
7681.9000 0.0314
7683.4000 0.0314
7689.0000 0.0315
7696.7000 0.0315
7710.0000 0.0315
7718.2000 0.0316
7748.5000 0.0316
7753.3000 0.0316
7768.6000 0.0317
7776.6000 0.0317
7777.9000 0.0317
7787.2000 0.0318
7798.5000 0.0318
7800.2000 0.0318
7801.5000 0.0319
7812.9000 0.0319
7823.7000 0.0319
7839.7000 0.0320
7847.1000 0.0320
7848.0000 0.0320
7850.6000 0.0321
7865.0000 0.0321
7868.2000 0.0322
7886.4000 0.0322
7901.5000 0.0322
7908.4000 0.0323
7911.8000 0.0323
7915.1000 0.0323
7920.1000 0.0324
7921.2000 0.0324
7929.0000 0.0324
7933.4000 0.0325
7937.9000 0.0325
7938.5000 0.0325
7951.0000 0.0326
7956.6000 0.0326
7961.0000 0.0326
7963.4000 0.0327
7969.2000 0.0327
7971.3000 0.0327
7975.9000 0.0328
8015.2000 0.0328
8021.2000 0.0328
8033.4000 0.0329
8040.2000 0.0329
8053.2000 0.0330
8065.8000 0.0330
8066.0000 0.0330
8073.7000 0.0331
8075.6000 0.0331
8081.4000 0.0331
8082.6000 0.0332
8086.6000 0.0332
8109.9000 0.0332
8111.9000 0.0333
8132.3000 0.0333
8145.2000 0.0333
8161.9000 0.0334
8167.2000 0.0334
8168.7000 0.0334
8171.6000 0.0335
8173.3000 0.0335
8179.6000 0.0335
8180.9000 0.0336
8185.2000 0.0336
8187.3000 0.0336
8202.2000 0.0337
8218.0000 0.0337
8242.5000 0.0337
8254.6000 0.0338
8260.8000 0.0338
8276.6000 0.0339
8281.9000 0.0339
8286.7000 0.0339
8287.2000 0.0340
8290.6000 0.0340
8304.9000 0.0340
8310.0000 0.0341
8328.7000 0.0341
8355.2000 0.0341
8361.6000 0.0342
8363.5000 0.0342
8365.8000 0.0342
8369.8000 0.0343
8372.4000 0.0343
8372.5000 0.0343
8399.7000 0.0344
8400.0000 0.0344
8402.3000 0.0344
8410.7000 0.0345
8412.9000 0.0345
8423.2000 0.0345
8432.2000 0.0346
8447.2000 0.0346
8451.4000 0.0347
8468.0000 0.0347
8470.9000 0.0347
8472.8000 0.0348
8473.4000 0.0348
8504.2000 0.0348
8521.2000 0.0349
8524.3000 0.0349
8532.6000 0.0349
8536.0000 0.0350
8548.9000 0.0350
8576.5000 0.0350
8580.5000 0.0351
8615.6000 0.0351
8653.8000 0.0351
8661.7000 0.0352
8669.8000 0.0352
8676.2000 0.0352
8681.4000 0.0353
8683.8000 0.0353
8689.0000 0.0353
8703.3000 0.0354
8707.8000 0.0354
8725.0000 0.0355
8728.3000 0.0355
8737.8000 0.0355
8757.6000 0.0356
8765.5000 0.0356
8777.1000 0.0356
8791.5000 0.0357
8793.3000 0.0357
8810.5000 0.0357
8815.9000 0.0358
8817.5000 0.0358
8822.5000 0.0358
8828.1000 0.0359
8832.1000 0.0359
8842.0000 0.0359
8887.3000 0.0360
8901.4000 0.0360
8904.6000 0.0360
8920.1000 0.0361
8925.6000 0.0361
8928.0000 0.0361
8936.7000 0.0362
8949.3000 0.0362
8950.6000 0.0362
8952.7000 0.0363
8989.6000 0.0363
8992.8000 0.0364
8996.1000 0.0364
9029.0000 0.0364
9035.1000 0.0365
9041.2000 0.0365
9042.8000 0.0365
9049.0000 0.0366
9049.1000 0.0366
9052.6000 0.0366
9100.5000 0.0367
9104.8000 0.0367
9131.4000 0.0367
9135.1000 0.0368
9157.7000 0.0368
9162.8000 0.0368
9180.4000 0.0369
9180.8000 0.0369
9182.2000 0.0369
9185.8000 0.0370
9189.6000 0.0370
9196.3000 0.0370
9201.4000 0.0371
9214.0000 0.0371
9215.9000 0.0372
9231.4000 0.0372
9234.3000 0.0372
9237.3000 0.0373
9239.9000 0.0373
9246.9000 0.0373
9254.9000 0.0374
9260.7000 0.0374
9262.3000 0.0374
9270.8000 0.0375
9276.6000 0.0375
9288.2000 0.0375
9291.7000 0.0376
9325.8000 0.0376
9328.1000 0.0376
9333.9000 0.0377
9347.8000 0.0377
9359.4000 0.0377
9394.9000 0.0378
9403.5000 0.0378
9406.3000 0.0378
9407.7000 0.0379
9414.4000 0.0379
9422.8000 0.0380
9431.5000 0.0380
9435.5000 0.0380
9451.9000 0.0381
9457.4000 0.0381
9472.7000 0.0381
9478.4000 0.0382
9479.7000 0.0382
9480.7000 0.0382
9488.3000 0.0383
9489.0000 0.0383
9489.6000 0.0383
9491.2000 0.0384
9514.7000 0.0384
9530.9000 0.0384
9537.5000 0.0385
9544.5000 0.0385
9556.5000 0.0385
9562.0000 0.0386
9578.0000 0.0386
9581.2000 0.0386
9605.8000 0.0387
9606.8000 0.0387
9610.4000 0.0387
9610.6000 0.0388
9619.1000 0.0388
9622.2000 0.0389
9630.5000 0.0389
9642.7000 0.0389
9667.7000 0.0390
9683.9000 0.0390
9692.8000 0.0390
9705.1000 0.0391
9721.1000 0.0391
9758.9000 0.0391
9761.3000 0.0392
9768.5000 0.0392
9775.4000 0.0392
9781.1000 0.0393
9799.4000 0.0393
9809.8000 0.0393
9816.9000 0.0394
9818.7000 0.0394
9842.0000 0.0394
9845.6000 0.0395
9855.7000 0.0395
9860.4000 0.0395
9861.8000 0.0396
9869.2000 0.0396
9879.9000 0.0397
9882.8000 0.0397
9885.3000 0.0397
9886.6000 0.0398
9890.0000 0.0398
9904.5000 0.0398
9917.7000 0.0399
9920.0000 0.0399
9929.9000 0.0399
9943.7000 0.0400
9945.1000 0.0400
9960.8000 0.0400
9981.7000 0.0401
9992.6000 0.0401
10009.5000 0.0401
10010.3000 0.0402
10022.3000 0.0402
10026.7000 0.0402
10027.6000 0.0403
10035.4000 0.0403
10048.0000 0.0403
10050.9000 0.0404
10117.7000 0.0404
10120.6000 0.0405
10123.8000 0.0405
10134.4000 0.0405
10144.1000 0.0406
10146.3000 0.0406
10146.3000 0.0406
10183.7000 0.0407
10185.4000 0.0407
10198.5000 0.0407
10205.5000 0.0408
10211.4000 0.0408
10212.0000 0.0408
10212.0000 0.0409
10221.3000 0.0409
10245.6000 0.0409
10258.6000 0.0410
10258.7000 0.0410
10260.2000 0.0410
10267.2000 0.0411
10270.4000 0.0411
10275.0000 0.0411
10277.3000 0.0412
10286.2000 0.0412
10293.5000 0.0412
10301.3000 0.0413
10321.7000 0.0413
10327.2000 0.0414
10348.8000 0.0414
10352.4000 0.0414
10361.6000 0.0415
10363.4000 0.0415
10363.7000 0.0415
10371.6000 0.0416
10404.1000 0.0416
10410.2000 0.0416
10412.3000 0.0417
10412.5000 0.0417
10418.6000 0.0417
10423.1000 0.0418
10431.4000 0.0418
10432.8000 0.0418
10438.4000 0.0419
10442.9000 0.0419
10445.5000 0.0419
10445.6000 0.0420
10446.7000 0.0420
10453.2000 0.0420
10460.9000 0.0421
10470.3000 0.0421
10472.4000 0.0422
10508.4000 0.0422
10511.2000 0.0422
10527.2000 0.0423
10527.7000 0.0423
10530.2000 0.0423
10539.1000 0.0424
10539.6000 0.0424
10541.2000 0.0424
10547.7000 0.0425
10566.4000 0.0425
10596.0000 0.0425
10616.4000 0.0426
10617.5000 0.0426
10630.5000 0.0426
10636.5000 0.0427
10651.3000 0.0427
10652.6000 0.0427
10653.9000 0.0428
10665.4000 0.0428
10678.4000 0.0428
10685.5000 0.0429
10721.5000 0.0429
10722.0000 0.0430
10723.7000 0.0430
10736.8000 0.0430
10742.7000 0.0431
10755.0000 0.0431
10755.6000 0.0431
10763.8000 0.0432
10776.7000 0.0432
10791.2000 0.0432
10806.4000 0.0433
10809.8000 0.0433
10822.3000 0.0433
10829.3000 0.0434
10842.8000 0.0434
10849.6000 0.0434
10859.4000 0.0435
10863.2000 0.0435
10870.2000 0.0435
10888.5000 0.0436
10893.2000 0.0436
10901.5000 0.0436
10902.6000 0.0437
10906.6000 0.0437
10908.7000 0.0437
10909.6000 0.0438
10909.7000 0.0438
10912.0000 0.0439
10915.4000 0.0439
10931.7000 0.0439
10939.8000 0.0440
10949.2000 0.0440
10954.6000 0.0440
10956.3000 0.0441
10963.5000 0.0441
10963.6000 0.0441
10968.9000 0.0442
10975.2000 0.0442
10997.2000 0.0442
11000.4000 0.0443
11005.8000 0.0443
11022.2000 0.0443
11028.0000 0.0444
11033.3000 0.0444
11050.8000 0.0444
11067.5000 0.0445
11074.8000 0.0445
11078.3000 0.0445
11079.5000 0.0446
11083.1000 0.0446
11100.0000 0.0447
11122.4000 0.0447
11130.1000 0.0447
11170.5000 0.0448
11176.3000 0.0448
11185.0000 0.0448
11195.2000 0.0449
11210.9000 0.0449
11211.1000 0.0449
11216.3000 0.0450
11224.5000 0.0450
11239.7000 0.0450
11246.9000 0.0451
11260.9000 0.0451
11262.4000 0.0451
11271.4000 0.0452
11296.3000 0.0452
11296.3000 0.0452
11312.5000 0.0453
11321.7000 0.0453
11326.7000 0.0453
11337.1000 0.0454
11357.3000 0.0454
11366.3000 0.0455
11368.3000 0.0455
11368.9000 0.0455
11374.2000 0.0456
11375.7000 0.0456
11381.2000 0.0456
11383.4000 0.0457
11396.6000 0.0457
11398.3000 0.0457
11401.7000 0.0458
11402.7000 0.0458
11408.0000 0.0458
11410.5000 0.0459
11411.9000 0.0459
11417.4000 0.0459
11425.5000 0.0460
11426.7000 0.0460
11444.0000 0.0460
11454.3000 0.0461
11456.2000 0.0461
11488.0000 0.0461
11490.0000 0.0462
11494.7000 0.0462
11506.6000 0.0462
11516.1000 0.0463
11546.9000 0.0463
11560.7000 0.0464
11572.4000 0.0464
11580.1000 0.0464
11585.7000 0.0465
11612.2000 0.0465
11651.5000 0.0465
11652.4000 0.0466
11659.0000 0.0466
11665.1000 0.0466
11691.9000 0.0467
11694.6000 0.0467
11695.8000 0.0467
11700.5000 0.0468
11710.5000 0.0468
11716.5000 0.0468
11718.9000 0.0469
11725.3000 0.0469
11739.7000 0.0469
11742.1000 0.0470
11759.3000 0.0470
11768.3000 0.0470
11790.4000 0.0471
11791.6000 0.0471
11803.2000 0.0472
11810.0000 0.0472
11810.5000 0.0472
11811.1000 0.0473
11811.9000 0.0473
11815.2000 0.0473
11849.7000 0.0474
11854.4000 0.0474
11854.9000 0.0474
11856.0000 0.0475
11863.0000 0.0475
11871.5000 0.0475
11922.3000 0.0476
11925.4000 0.0476
11927.7000 0.0476
11940.9000 0.0477
11951.9000 0.0477
11954.4000 0.0477
11980.0000 0.0478
11994.5000 0.0478
11997.2000 0.0478
11997.7000 0.0479
12007.6000 0.0479
12013.5000 0.0480
12015.8000 0.0480
12019.6000 0.0480
12031.6000 0.0481
12053.9000 0.0481
12061.4000 0.0481
12067.0000 0.0482
12067.5000 0.0482
12074.6000 0.0482
12077.4000 0.0483
12089.0000 0.0483
12090.6000 0.0483
12091.3000 0.0484
12103.3000 0.0484
12104.2000 0.0484
12118.1000 0.0485
12131.3000 0.0485
12133.6000 0.0485
12142.2000 0.0486
12158.3000 0.0486
12164.0000 0.0486
12212.0000 0.0487
12228.5000 0.0487
12247.2000 0.0487
12260.6000 0.0488
12261.3000 0.0488
12276.6000 0.0489
12313.5000 0.0489
12322.2000 0.0489
12353.0000 0.0490
12365.4000 0.0490
12371.7000 0.0490
12421.3000 0.0491
12428.6000 0.0491
12429.4000 0.0491
12443.2000 0.0492
12444.1000 0.0492
12451.6000 0.0492
12460.7000 0.0493
12467.9000 0.0493
12467.9000 0.0493
12472.7000 0.0494
12473.5000 0.0494
12474.8000 0.0494
12479.3000 0.0495
12499.5000 0.0495
12503.5000 0.0495
12514.5000 0.0496
12520.5000 0.0496
12533.9000 0.0497
12540.3000 0.0497
12550.7000 0.0497
12584.7000 0.0498
12597.4000 0.0498
12617.6000 0.0498
12617.8000 0.0499
12623.5000 0.0499
12646.8000 0.0499
12661.4000 0.0500
12689.8000 0.0500
12698.1000 0.0500
12702.9000 0.0501
12708.7000 0.0501
12720.2000 0.0501
12721.7000 0.0502
12728.3000 0.0502
12764.3000 0.0502
12806.5000 0.0503
12809.3000 0.0503
12809.5000 0.0503
12813.7000 0.0504
12834.8000 0.0504
12847.8000 0.0505
12849.4000 0.0505
12850.2000 0.0505
12860.7000 0.0506
12866.0000 0.0506
12866.7000 0.0506
12871.1000 0.0507
12884.2000 0.0507
12907.0000 0.0507
12913.5000 0.0508
12919.7000 0.0508
12921.1000 0.0508
12926.2000 0.0509
12943.8000 0.0509
12954.9000 0.0509
12960.7000 0.0510
12965.9000 0.0510
12978.7000 0.0510
12979.5000 0.0511
12992.6000 0.0511
12996.4000 0.0511
12997.9000 0.0512
13001.5000 0.0512
13005.9000 0.0512
13010.4000 0.0513
13020.0000 0.0513
13022.3000 0.0514
13034.0000 0.0514
13045.2000 0.0514
13051.2000 0.0515
13051.8000 0.0515
13065.1000 0.0515
13073.1000 0.0516
13073.6000 0.0516
13074.1000 0.0516
13076.4000 0.0517
13081.7000 0.0517
13085.5000 0.0517
13098.5000 0.0518
13110.9000 0.0518
13116.4000 0.0518
13122.4000 0.0519
13124.9000 0.0519
13142.5000 0.0519
13149.3000 0.0520
13150.4000 0.0520
13151.2000 0.0520
13153.4000 0.0521
13155.2000 0.0521
13159.7000 0.0522
13163.3000 0.0522
13167.5000 0.0522
13176.2000 0.0523
13188.1000 0.0523
13195.3000 0.0523
13196.6000 0.0524
13214.3000 0.0524
13223.1000 0.0524
13226.9000 0.0525
13229.1000 0.0525
13230.5000 0.0525
13235.5000 0.0526
13255.7000 0.0526
13299.8000 0.0526
13307.2000 0.0527
13310.7000 0.0527
13312.1000 0.0527
13327.7000 0.0528
13328.7000 0.0528
13367.6000 0.0528
13375.6000 0.0529
13389.4000 0.0529
13396.2000 0.0530
13400.5000 0.0530
13407.1000 0.0530
13415.7000 0.0531
13416.9000 0.0531
13427.3000 0.0531
13450.6000 0.0532
13460.7000 0.0532
13462.4000 0.0532
13465.4000 0.0533
13473.1000 0.0533
13484.0000 0.0533
13506.3000 0.0534
13524.2000 0.0534
13526.8000 0.0534
13530.2000 0.0535
13533.3000 0.0535
13548.1000 0.0535
13548.2000 0.0536
13549.3000 0.0536
13558.9000 0.0536
13583.2000 0.0537
13584.2000 0.0537
13595.1000 0.0537
13598.1000 0.0538
13614.0000 0.0538
13615.3000 0.0539
13615.4000 0.0539
13615.7000 0.0539
13630.1000 0.0540
13631.2000 0.0540
13633.0000 0.0540
13633.9000 0.0541
13636.2000 0.0541
13640.2000 0.0541
13648.6000 0.0542
13655.6000 0.0542
13659.9000 0.0542
13660.4000 0.0543
13663.5000 0.0543
13663.8000 0.0543
13668.3000 0.0544
13674.9000 0.0544
13675.4000 0.0544
13700.4000 0.0545
13701.8000 0.0545
13720.9000 0.0545
13753.1000 0.0546
13755.4000 0.0546
13762.9000 0.0547
13768.9000 0.0547
13769.2000 0.0547
13780.9000 0.0548
13781.9000 0.0548
13782.6000 0.0548
13785.1000 0.0549
13785.8000 0.0549
13792.8000 0.0549
13799.4000 0.0550
13824.2000 0.0550
13825.0000 0.0550
13825.7000 0.0551
13831.3000 0.0551
13854.8000 0.0551
13856.7000 0.0552
13871.8000 0.0552
13877.8000 0.0552
13905.7000 0.0553
13933.3000 0.0553
13939.5000 0.0553
13948.2000 0.0554
13948.7000 0.0554
13968.8000 0.0555
13977.7000 0.0555
14000.2000 0.0555
14020.9000 0.0556
14022.6000 0.0556
14026.2000 0.0556
14028.5000 0.0557
14057.6000 0.0557
14061.2000 0.0557
14063.2000 0.0558
14067.1000 0.0558
14072.4000 0.0558
14079.4000 0.0559
14103.7000 0.0559
14106.9000 0.0559
14116.5000 0.0560
14116.7000 0.0560
14137.3000 0.0560
14143.4000 0.0561
14148.2000 0.0561
14156.5000 0.0561
14169.3000 0.0562
14179.6000 0.0562
14211.6000 0.0562
14222.8000 0.0563
14244.9000 0.0563
14246.9000 0.0564
14276.3000 0.0564
14278.3000 0.0564
14285.6000 0.0565
14290.1000 0.0565
14311.9000 0.0565
14322.2000 0.0566
14354.7000 0.0566
14389.2000 0.0566
14408.8000 0.0567
14410.4000 0.0567
14412.7000 0.0567
14417.9000 0.0568
14426.2000 0.0568
14437.5000 0.0568
14443.5000 0.0569
14455.5000 0.0569
14475.4000 0.0569
14485.8000 0.0570
14490.1000 0.0570
14493.0000 0.0570
14517.0000 0.0571
14520.4000 0.0571
14527.5000 0.0572
14538.9000 0.0572
14548.7000 0.0572
14558.6000 0.0573
14559.2000 0.0573
14573.9000 0.0573
14576.6000 0.0574
14577.2000 0.0574
14608.2000 0.0574
14620.9000 0.0575
14623.3000 0.0575
14631.4000 0.0575
14652.3000 0.0576
14661.4000 0.0576
14670.3000 0.0576
14699.1000 0.0577
14702.2000 0.0577
14717.0000 0.0577
14725.6000 0.0578
14729.5000 0.0578
14730.2000 0.0578
14730.7000 0.0579
14735.5000 0.0579
14754.7000 0.0580
14759.7000 0.0580
14766.6000 0.0580
14773.1000 0.0581
14779.6000 0.0581
14820.1000 0.0581
14857.5000 0.0582
14860.5000 0.0582
14867.9000 0.0582
14872.7000 0.0583
14878.1000 0.0583
14888.1000 0.0583
14891.8000 0.0584
14913.0000 0.0584
14920.2000 0.0584
14930.4000 0.0585
14933.8000 0.0585
14936.9000 0.0585
14942.5000 0.0586
14942.9000 0.0586
14943.3000 0.0586
14946.5000 0.0587
14946.6000 0.0587
14951.5000 0.0587
14952.5000 0.0588
14953.6000 0.0588
14958.7000 0.0589
14987.9000 0.0589
14996.5000 0.0589
15036.9000 0.0590
15048.2000 0.0590
15054.9000 0.0590
15070.6000 0.0591
15075.6000 0.0591
15076.8000 0.0591
15085.4000 0.0592
15089.9000 0.0592
15092.5000 0.0592
15102.0000 0.0593
15106.3000 0.0593
15126.3000 0.0593
15132.9000 0.0594
15136.4000 0.0594
15147.7000 0.0594
15156.7000 0.0595
15166.9000 0.0595
15172.7000 0.0595
15173.2000 0.0596
15184.2000 0.0596
15184.7000 0.0597
15202.2000 0.0597
15203.3000 0.0597
15204.5000 0.0598
15219.0000 0.0598
15220.2000 0.0598
15224.2000 0.0599
15225.6000 0.0599
15230.9000 0.0599
15241.9000 0.0600
15244.7000 0.0600
15248.0000 0.0600
15258.4000 0.0601
15268.8000 0.0601
15273.7000 0.0601
15274.2000 0.0602
15307.2000 0.0602
15311.0000 0.0602
15315.1000 0.0603
15330.0000 0.0603
15331.9000 0.0603
15338.6000 0.0604
15344.3000 0.0604
15370.1000 0.0605
15379.8000 0.0605
15383.7000 0.0605
15430.6000 0.0606
15434.0000 0.0606
15434.9000 0.0606
15440.5000 0.0607
15444.9000 0.0607
15448.0000 0.0607
15469.2000 0.0608
15482.1000 0.0608
15482.4000 0.0608
15491.9000 0.0609
15497.6000 0.0609
15499.2000 0.0609
15504.1000 0.0610
15505.4000 0.0610
15509.3000 0.0610
15542.0000 0.0611
15568.5000 0.0611
15580.5000 0.0611
15585.4000 0.0612
15586.6000 0.0612
15588.8000 0.0612
15599.1000 0.0613
15601.3000 0.0613
15601.9000 0.0614
15603.0000 0.0614
15606.1000 0.0614
15613.9000 0.0615
15637.3000 0.0615
15640.3000 0.0615
15645.0000 0.0616
15655.6000 0.0616
15665.4000 0.0616
15666.6000 0.0617
15671.2000 0.0617
15689.0000 0.0617
15690.7000 0.0618
15695.0000 0.0618
15721.2000 0.0618
15739.2000 0.0619
15747.0000 0.0619
15759.7000 0.0619
15760.6000 0.0620
15762.3000 0.0620
15781.7000 0.0620
15798.9000 0.0621
15815.3000 0.0621
15828.4000 0.0622
15847.9000 0.0622
15860.4000 0.0622
15871.9000 0.0623
15875.7000 0.0623
15895.8000 0.0623
15906.4000 0.0624
15909.5000 0.0624
15920.2000 0.0624
15920.5000 0.0625
15925.8000 0.0625
15928.7000 0.0625
15933.2000 0.0626
15939.0000 0.0626
15953.7000 0.0626
15960.7000 0.0627
15962.6000 0.0627
15972.2000 0.0627
15980.9000 0.0628
15987.5000 0.0628
15995.5000 0.0628
15998.1000 0.0629
16021.6000 0.0629
16030.6000 0.0630
16034.1000 0.0630
16049.5000 0.0630
16062.3000 0.0631
16064.0000 0.0631
16092.3000 0.0631
16093.5000 0.0632
16101.5000 0.0632
16127.7000 0.0632
16134.7000 0.0633
16167.6000 0.0633
16171.0000 0.0633
16211.0000 0.0634
16215.9000 0.0634
16218.2000 0.0634
16220.0000 0.0635
16221.3000 0.0635
16235.7000 0.0635
16258.5000 0.0636
16287.4000 0.0636
16287.8000 0.0636
16295.7000 0.0637
16303.2000 0.0637
16313.7000 0.0637
16326.0000 0.0638
16354.6000 0.0638
16360.0000 0.0639
16361.6000 0.0639
16383.6000 0.0639
16387.5000 0.0640
16391.5000 0.0640
16401.4000 0.0640
16403.7000 0.0641
16408.2000 0.0641
16427.2000 0.0641
16434.4000 0.0642
16454.3000 0.0642
16458.8000 0.0642
16473.1000 0.0643
16490.9000 0.0643
16500.0000 0.0643
16503.3000 0.0644
16503.9000 0.0644
16513.5000 0.0644
16516.9000 0.0645
16539.1000 0.0645
16545.4000 0.0645
16548.5000 0.0646
16548.6000 0.0646
16564.8000 0.0647
16569.8000 0.0647
16584.2000 0.0647
16590.4000 0.0648
16605.0000 0.0648
16617.0000 0.0648
16617.5000 0.0649
16634.7000 0.0649
16644.5000 0.0649
16652.2000 0.0650
16693.4000 0.0650
16695.7000 0.0650
16697.9000 0.0651
16700.7000 0.0651
16712.3000 0.0651
16719.7000 0.0652
16720.0000 0.0652
16720.7000 0.0652
16727.0000 0.0653
16741.5000 0.0653
16753.0000 0.0653
16765.4000 0.0654
16768.8000 0.0654
16786.0000 0.0655
16786.5000 0.0655
16792.9000 0.0655
16795.5000 0.0656
16810.4000 0.0656
16810.5000 0.0656
16820.7000 0.0657
16837.5000 0.0657
16839.9000 0.0657
16852.6000 0.0658
16876.3000 0.0658
16899.2000 0.0658
16904.9000 0.0659
16912.8000 0.0659
16913.5000 0.0659
16916.0000 0.0660
16921.2000 0.0660
16922.3000 0.0660
16926.6000 0.0661
16926.7000 0.0661
16942.8000 0.0661
16950.0000 0.0662
16952.5000 0.0662
16964.4000 0.0662
16967.8000 0.0663
16971.1000 0.0663
17006.2000 0.0664
17018.7000 0.0664
17028.7000 0.0664
17072.2000 0.0665
17072.4000 0.0665
17075.9000 0.0665
17151.1000 0.0666
17159.9000 0.0666
17163.0000 0.0666
17174.6000 0.0667
17178.5000 0.0667
17180.0000 0.0667
17202.0000 0.0668
17206.0000 0.0668
17206.1000 0.0668
17208.4000 0.0669
17213.1000 0.0669
17213.5000 0.0669
17216.5000 0.0670
17237.5000 0.0670
17241.3000 0.0670
17258.5000 0.0671
17273.7000 0.0671
17274.0000 0.0672
17275.4000 0.0672
17288.7000 0.0672
17297.6000 0.0673
17311.6000 0.0673
17321.2000 0.0673
17325.3000 0.0674
17351.0000 0.0674
17362.3000 0.0674
17364.2000 0.0675
17379.5000 0.0675
17381.6000 0.0675
17394.7000 0.0676
17410.0000 0.0676
17438.0000 0.0676
17438.7000 0.0677
17443.0000 0.0677
17443.6000 0.0677
17452.2000 0.0678
17473.7000 0.0678
17474.0000 0.0678
17474.8000 0.0679
17493.1000 0.0679
17518.1000 0.0680
17521.5000 0.0680
17551.6000 0.0680
17565.9000 0.0681
17574.0000 0.0681
17575.3000 0.0681
17583.4000 0.0682
17584.6000 0.0682
17588.1000 0.0682
17588.6000 0.0683
17590.2000 0.0683
17597.3000 0.0683
17607.4000 0.0684
17616.2000 0.0684
17617.8000 0.0684
17621.2000 0.0685
17632.4000 0.0685
17635.2000 0.0685
17640.8000 0.0686
17644.2000 0.0686
17648.2000 0.0686
17667.5000 0.0687
17670.7000 0.0687
17674.3000 0.0687
17683.3000 0.0688
17685.2000 0.0688
17687.6000 0.0689
17693.4000 0.0689
17699.3000 0.0689
17703.4000 0.0690
17705.8000 0.0690
17721.6000 0.0690
17727.9000 0.0691
17729.2000 0.0691
17733.3000 0.0691
17745.6000 0.0692
17765.6000 0.0692
17776.0000 0.0692
17791.2000 0.0693
17794.8000 0.0693
17806.4000 0.0693
17819.1000 0.0694
17822.8000 0.0694
17826.4000 0.0694
17842.2000 0.0695
17850.4000 0.0695
17856.3000 0.0695
17868.2000 0.0696
17886.7000 0.0696
17888.6000 0.0697
17891.0000 0.0697
17913.9000 0.0697
17920.6000 0.0698
17925.8000 0.0698
17941.8000 0.0698
17951.7000 0.0699
17958.6000 0.0699
17966.0000 0.0699
17972.9000 0.0700
17976.7000 0.0700
17984.0000 0.0700
17985.8000 0.0701
17986.3000 0.0701
17987.3000 0.0701
18008.1000 0.0702
18009.7000 0.0702
18011.5000 0.0702
18011.6000 0.0703
18018.9000 0.0703
18027.7000 0.0703
18031.4000 0.0704
18032.6000 0.0704
18035.5000 0.0705
18051.3000 0.0705
18052.7000 0.0705
18054.3000 0.0706
18056.9000 0.0706
18063.0000 0.0706
18066.8000 0.0707
18073.6000 0.0707
18078.5000 0.0707
18079.1000 0.0708
18090.2000 0.0708
18094.4000 0.0708
18103.0000 0.0709
18106.7000 0.0709
18109.3000 0.0709
18126.1000 0.0710
18131.3000 0.0710
18139.5000 0.0710
18147.6000 0.0711
18149.9000 0.0711
18165.3000 0.0711
18179.4000 0.0712
18183.5000 0.0712
18184.6000 0.0712
18186.6000 0.0713
18204.2000 0.0713
18218.9000 0.0714
18248.8000 0.0714
18255.8000 0.0714
18259.2000 0.0715
18259.7000 0.0715
18284.8000 0.0715
18292.6000 0.0716
18299.2000 0.0716
18330.9000 0.0716
18332.5000 0.0717
18337.7000 0.0717
18342.2000 0.0717
18352.9000 0.0718
18355.9000 0.0718
18357.6000 0.0718
18368.8000 0.0719
18383.5000 0.0719
18389.7000 0.0719
18403.3000 0.0720
18419.9000 0.0720
18422.7000 0.0720
18426.2000 0.0721
18432.0000 0.0721
18434.2000 0.0722
18434.2000 0.0722
18437.8000 0.0722
18438.0000 0.0723
18450.6000 0.0723
18455.5000 0.0723
18470.2000 0.0724
18476.4000 0.0724
18483.2000 0.0724
18487.2000 0.0725
18493.1000 0.0725
18499.5000 0.0725
18513.0000 0.0726
18529.9000 0.0726
18551.7000 0.0726
18554.7000 0.0727
18560.3000 0.0727
18564.0000 0.0727
18573.6000 0.0728
18637.2000 0.0728
18642.9000 0.0728
18644.9000 0.0729
18651.3000 0.0729
18673.7000 0.0730
18683.6000 0.0730
18693.2000 0.0730
18694.9000 0.0731
18713.4000 0.0731
18714.6000 0.0731
18718.2000 0.0732
18732.2000 0.0732
18732.7000 0.0732
18740.7000 0.0733
18742.5000 0.0733
18760.5000 0.0733
18762.6000 0.0734
18762.7000 0.0734
18768.9000 0.0734
18780.0000 0.0735
18782.7000 0.0735
18790.5000 0.0735
18810.1000 0.0736
18812.1000 0.0736
18835.6000 0.0736
18844.6000 0.0737
18846.6000 0.0737
18853.3000 0.0737
18865.4000 0.0738
18867.6000 0.0738
18873.6000 0.0739
18875.8000 0.0739
18879.4000 0.0739
18890.6000 0.0740
18892.0000 0.0740
18908.8000 0.0740
18932.4000 0.0741
18933.1000 0.0741
18937.6000 0.0741
18944.3000 0.0742
18968.6000 0.0742
18969.9000 0.0742
18972.2000 0.0743
18977.1000 0.0743
18991.5000 0.0743
18999.4000 0.0744
19005.7000 0.0744
19013.2000 0.0744
19016.0000 0.0745
19022.8000 0.0745
19029.8000 0.0745
19030.1000 0.0746
19044.0000 0.0746
19044.0000 0.0747
19045.3000 0.0747
19046.1000 0.0747
19046.6000 0.0748
19054.6000 0.0748
19079.5000 0.0748
19085.4000 0.0749
19101.6000 0.0749
19109.5000 0.0749
19109.5000 0.0750
19120.6000 0.0750
19122.7000 0.0750
19123.9000 0.0751
19125.5000 0.0751
19146.4000 0.0751
19148.4000 0.0752
19149.6000 0.0752
19178.8000 0.0752
19178.9000 0.0753
19180.4000 0.0753
19185.6000 0.0753
19190.0000 0.0754
19190.6000 0.0754
19201.7000 0.0755
19201.7000 0.0755
19206.5000 0.0755
19206.7000 0.0756
19207.4000 0.0756
19210.0000 0.0756
19221.3000 0.0757
19228.2000 0.0757
19238.6000 0.0757
19245.0000 0.0758
19263.4000 0.0758
19276.2000 0.0758
19292.9000 0.0759
19296.5000 0.0759
19304.4000 0.0759
19307.5000 0.0760
19337.8000 0.0760
19343.4000 0.0760
19349.4000 0.0761
19350.0000 0.0761
19368.6000 0.0761
19391.8000 0.0762
19396.8000 0.0762
19397.0000 0.0763
19404.0000 0.0763
19413.1000 0.0763
19422.4000 0.0764
19440.6000 0.0764
19451.7000 0.0764
19472.5000 0.0765
19476.0000 0.0765
19481.9000 0.0765
19488.0000 0.0766
19495.2000 0.0766
19502.6000 0.0766
19537.9000 0.0767
19540.7000 0.0767
19542.5000 0.0767
19552.1000 0.0768
19557.4000 0.0768
19559.4000 0.0768
19562.8000 0.0769
19563.5000 0.0769
19574.4000 0.0769
19584.2000 0.0770
19584.5000 0.0770
19635.3000 0.0770
19639.6000 0.0771
19650.4000 0.0771
19651.0000 0.0772
19657.4000 0.0772
19666.3000 0.0772
19686.2000 0.0773
19694.4000 0.0773
19701.7000 0.0773
19728.3000 0.0774
19729.5000 0.0774
19750.3000 0.0774
19753.6000 0.0775
19759.5000 0.0775
19760.6000 0.0775
19775.2000 0.0776
19781.2000 0.0776
19787.8000 0.0776
19793.0000 0.0777
19795.6000 0.0777
19810.4000 0.0777
19831.4000 0.0778
19847.8000 0.0778
19849.5000 0.0778
19851.8000 0.0779
19872.1000 0.0779
19873.3000 0.0780
19879.9000 0.0780
19890.0000 0.0780
19917.0000 0.0781
19921.0000 0.0781
19923.5000 0.0781
19936.5000 0.0782
19946.8000 0.0782
19973.5000 0.0782
19979.4000 0.0783
19983.5000 0.0783
19994.2000 0.0783
20021.6000 0.0784
20058.4000 0.0784
20089.4000 0.0784
20100.4000 0.0785
20101.8000 0.0785
20103.6000 0.0785
20140.5000 0.0786
20149.6000 0.0786
20166.6000 0.0786
20173.0000 0.0787
20177.3000 0.0787
20189.8000 0.0788
20202.0000 0.0788
20202.2000 0.0788
20203.6000 0.0789
20252.2000 0.0789
20261.7000 0.0789
20269.3000 0.0790
20270.9000 0.0790
20277.7000 0.0790
20285.4000 0.0791
20298.0000 0.0791
20302.5000 0.0791
20313.6000 0.0792
20317.8000 0.0792
20318.8000 0.0792
20326.0000 0.0793
20340.4000 0.0793
20356.6000 0.0793
20360.6000 0.0794
20388.8000 0.0794
20409.2000 0.0794
20422.3000 0.0795
20425.1000 0.0795
20532.7000 0.0795
20537.1000 0.0796
20546.3000 0.0796
20559.7000 0.0797
20568.6000 0.0797
20583.0000 0.0797
20595.8000 0.0798
20606.1000 0.0798
20609.6000 0.0798
20628.2000 0.0799
20633.7000 0.0799
20645.8000 0.0799
20713.4000 0.0800
20733.3000 0.0800
20757.1000 0.0800
20765.7000 0.0801
20767.3000 0.0801
20779.8000 0.0801
20806.2000 0.0802
20811.0000 0.0802
20856.6000 0.0802
20861.3000 0.0803
20902.6000 0.0803
20905.0000 0.0803
20905.3000 0.0804
20916.0000 0.0804
20939.5000 0.0805
20956.7000 0.0805
20967.2000 0.0805
20976.9000 0.0806
20983.3000 0.0806
20984.5000 0.0806
20993.1000 0.0807
21008.7000 0.0807
21019.3000 0.0807
21033.8000 0.0808
21073.5000 0.0808
21095.9000 0.0808
21104.7000 0.0809
21116.6000 0.0809
21119.9000 0.0809
21125.6000 0.0810
21131.2000 0.0810
21139.5000 0.0810
21142.4000 0.0811
21157.0000 0.0811
21165.6000 0.0811
21171.8000 0.0812
21176.0000 0.0812
21184.3000 0.0813
21190.9000 0.0813
21201.4000 0.0813
21242.6000 0.0814
21252.9000 0.0814
21261.3000 0.0814
21267.9000 0.0815
21283.8000 0.0815
21296.7000 0.0815
21306.1000 0.0816
21307.2000 0.0816
21343.4000 0.0816
21383.5000 0.0817
21405.2000 0.0817
21424.9000 0.0817
21447.1000 0.0818
21457.2000 0.0818
21470.0000 0.0818
21471.8000 0.0819
21472.3000 0.0819
21487.5000 0.0819
21493.2000 0.0820
21496.0000 0.0820
21500.9000 0.0820
21519.0000 0.0821
21554.0000 0.0821
21569.6000 0.0822
21579.3000 0.0822
21583.7000 0.0822
21599.1000 0.0823
21601.9000 0.0823
21609.9000 0.0823
21630.6000 0.0824
21643.8000 0.0824
21662.9000 0.0824
21676.5000 0.0825
21699.8000 0.0825
21720.4000 0.0825
21724.0000 0.0826
21767.5000 0.0826
21772.7000 0.0826
21797.4000 0.0827
21808.1000 0.0827
21809.0000 0.0827
21809.9000 0.0828
21810.2000 0.0828
21813.1000 0.0828
21815.0000 0.0829
21816.4000 0.0829
21820.2000 0.0830
21829.8000 0.0830
21831.5000 0.0830
21849.8000 0.0831
21858.4000 0.0831
21901.7000 0.0831
21904.5000 0.0832
21917.2000 0.0832
21939.5000 0.0832
21940.6000 0.0833
21948.1000 0.0833
21971.2000 0.0833
21985.3000 0.0834
21986.7000 0.0834
21995.7000 0.0834
22003.9000 0.0835
22042.4000 0.0835
22062.4000 0.0835
22074.2000 0.0836
22081.3000 0.0836
22154.5000 0.0836
22171.5000 0.0837
22193.4000 0.0837
22230.6000 0.0838
22234.5000 0.0838
22237.4000 0.0838
22243.8000 0.0839
22265.8000 0.0839
22274.4000 0.0839
22306.0000 0.0840
22307.1000 0.0840
22310.2000 0.0840
22319.8000 0.0841
22344.4000 0.0841
22361.6000 0.0841
22365.8000 0.0842
22426.2000 0.0842
22436.0000 0.0842
22444.4000 0.0843
22446.0000 0.0843
22480.3000 0.0843
22600.1000 0.0844
22661.8000 0.0844
22696.1000 0.0844
22709.0000 0.0845
22718.9000 0.0845
22746.7000 0.0845
22756.5000 0.0846
22764.3000 0.0846
22792.2000 0.0847
22798.8000 0.0847
22815.2000 0.0847
22817.0000 0.0848
22818.5000 0.0848
22823.2000 0.0848
22837.1000 0.0849
22845.5000 0.0849
22847.8000 0.0849
22858.3000 0.0850
22863.7000 0.0850
22871.8000 0.0850
22880.1000 0.0851
22884.6000 0.0851
22915.5000 0.0851
22924.4000 0.0852
22957.8000 0.0852
23015.6000 0.0852
23018.8000 0.0853
23058.5000 0.0853
23065.1000 0.0853
23093.6000 0.0854
23118.2000 0.0854
23119.0000 0.0855
23122.9000 0.0855
23127.2000 0.0855
23128.4000 0.0856
23130.5000 0.0856
23158.1000 0.0856
23159.9000 0.0857
23179.8000 0.0857
23196.9000 0.0857
23213.7000 0.0858
23218.3000 0.0858
23227.8000 0.0858
23244.6000 0.0859
23278.3000 0.0859
23282.2000 0.0859
23287.1000 0.0860
23313.3000 0.0860
23316.4000 0.0860
23330.7000 0.0861
23336.3000 0.0861
23338.8000 0.0861
23343.9000 0.0862
23356.4000 0.0862
23370.0000 0.0863
23423.0000 0.0863
23429.4000 0.0863
23509.6000 0.0864
23519.6000 0.0864
23523.1000 0.0864
23533.9000 0.0865
23540.5000 0.0865
23544.8000 0.0865
23574.5000 0.0866
23589.9000 0.0866
23606.7000 0.0866
23617.1000 0.0867
23617.9000 0.0867
23620.8000 0.0867
23629.5000 0.0868
23639.5000 0.0868
23652.1000 0.0868
23669.0000 0.0869
23692.9000 0.0869
23706.5000 0.0869
23731.9000 0.0870
23740.5000 0.0870
23760.5000 0.0870
23766.3000 0.0871
23780.5000 0.0871
23790.6000 0.0872
23806.7000 0.0872
23825.1000 0.0872
23827.6000 0.0873
23830.1000 0.0873
23840.5000 0.0873
23840.6000 0.0874
23845.8000 0.0874
23860.6000 0.0874
23888.3000 0.0875
23917.3000 0.0875
23972.5000 0.0875
