# messageDelay  cumulativeProbability
5.0000 0.0002
5.0000 0.0003
5.0000 0.0005
5.0000 0.0007
5.0000 0.0009
5.0000 0.0010
5.0000 0.0012
5.0000 0.0014
5.0000 0.0016
5.0000 0.0017
5.0000 0.0019
5.0000 0.0021
5.0000 0.0023
5.0000 0.0024
140.9000 0.0026
156.9000 0.0028
193.0000 0.0030
209.7000 0.0031
217.9000 0.0033
238.6000 0.0035
240.2000 0.0036
240.2000 0.0038
242.3000 0.0040
243.4000 0.0042
257.0000 0.0043
296.3000 0.0045
300.4000 0.0047
314.2000 0.0049
320.4000 0.0050
324.8000 0.0052
327.5000 0.0054
329.9000 0.0056
354.6000 0.0057
357.6000 0.0059
363.2000 0.0061
366.4000 0.0063
374.5000 0.0064
378.0000 0.0066
383.6000 0.0068
399.3000 0.0069
411.3000 0.0071
426.4000 0.0073
436.4000 0.0075
436.4000 0.0076
439.3000 0.0078
442.4000 0.0080
443.8000 0.0082
444.1000 0.0083
454.8000 0.0085
458.5000 0.0087
471.2000 0.0089
471.2000 0.0090
478.9000 0.0092
479.4000 0.0094
483.7000 0.0095
486.5000 0.0097
497.7000 0.0099
499.3000 0.0101
502.2000 0.0102
504.1000 0.0104
507.3000 0.0106
514.3000 0.0108
524.7000 0.0109
530.2000 0.0111
532.2000 0.0113
532.3000 0.0115
537.3000 0.0116
540.1000 0.0118
549.6000 0.0120
551.3000 0.0122
552.5000 0.0123
565.2000 0.0125
569.5000 0.0127
574.6000 0.0128
580.4000 0.0130
590.0000 0.0132
602.2000 0.0134
610.0000 0.0135
610.5000 0.0137
611.6000 0.0139
611.7000 0.0141
616.4000 0.0142
620.3000 0.0144
625.0000 0.0146
630.3000 0.0148
631.8000 0.0149
632.6000 0.0151
653.8000 0.0153
656.6000 0.0155
658.2000 0.0156
661.1000 0.0158
661.6000 0.0160
672.7000 0.0161
673.9000 0.0163
674.0000 0.0165
676.9000 0.0167
680.3000 0.0168
681.5000 0.0170
686.7000 0.0172
687.7000 0.0174
696.7000 0.0175
702.1000 0.0177
722.6000 0.0179
723.9000 0.0181
726.3000 0.0182
726.6000 0.0184
740.3000 0.0186
741.4000 0.0187
744.6000 0.0189
750.8000 0.0191
754.5000 0.0193
769.9000 0.0194
776.3000 0.0196
786.3000 0.0198
794.5000 0.0200
816.5000 0.0201
817.7000 0.0203
821.0000 0.0205
821.2000 0.0207
821.6000 0.0208
825.9000 0.0210
838.4000 0.0212
838.9000 0.0214
839.2000 0.0215
841.8000 0.0217
842.2000 0.0219
844.0000 0.0220
852.1000 0.0222
852.8000 0.0224
862.7000 0.0226
863.0000 0.0227
870.0000 0.0229
886.5000 0.0231
887.3000 0.0233
890.6000 0.0234
900.9000 0.0236
913.0000 0.0238
918.7000 0.0240
919.0000 0.0241
920.4000 0.0243
939.0000 0.0245
942.4000 0.0247
948.8000 0.0248
949.5000 0.0250
959.0000 0.0252
974.7000 0.0253
983.2000 0.0255
984.7000 0.0257
988.4000 0.0259
994.5000 0.0260
1003.5000 0.0262
1004.3000 0.0264
1014.5000 0.0266
1016.3000 0.0267
1017.6000 0.0269
1022.8000 0.0271
1023.0000 0.0273
1025.3000 0.0274
1028.1000 0.0276
1032.1000 0.0278
1032.4000 0.0280
1032.6000 0.0281
1033.5000 0.0283
1038.1000 0.0285
1040.9000 0.0286
1043.7000 0.0288
1045.3000 0.0290
1045.7000 0.0292
1048.6000 0.0293
1052.9000 0.0295
1057.7000 0.0297
1063.3000 0.0299
1063.6000 0.0300
1064.4000 0.0302
1064.6000 0.0304
1077.3000 0.0306
1081.3000 0.0307
1086.6000 0.0309
1092.3000 0.0311
1093.8000 0.0312
1094.5000 0.0314
1094.8000 0.0316
1106.6000 0.0318
1108.0000 0.0319
1108.2000 0.0321
1116.9000 0.0323
1132.0000 0.0325
1132.3000 0.0326
1132.9000 0.0328
1135.4000 0.0330
1140.0000 0.0332
1141.8000 0.0333
1146.7000 0.0335
1153.9000 0.0337
1161.6000 0.0339
1164.8000 0.0340
1167.4000 0.0342
1188.2000 0.0344
1189.5000 0.0345
1192.8000 0.0347
1193.1000 0.0349
1206.8000 0.0351
1211.5000 0.0352
1214.7000 0.0354
1225.8000 0.0356
1227.0000 0.0358
1236.6000 0.0359
1239.6000 0.0361
1239.7000 0.0363
1247.7000 0.0365
1255.9000 0.0366
1258.5000 0.0368
1259.2000 0.0370
1260.3000 0.0372
1261.9000 0.0373
1262.9000 0.0375
1277.2000 0.0377
1278.1000 0.0378
1278.5000 0.0380
1280.9000 0.0382
1284.6000 0.0384
1286.8000 0.0385
1301.9000 0.0387
1308.6000 0.0389
1314.0000 0.0391
1326.5000 0.0392
1326.8000 0.0394
1328.8000 0.0396
1341.0000 0.0398
1345.6000 0.0399
1350.3000 0.0401
1351.5000 0.0403
1367.8000 0.0405
1376.4000 0.0406
1378.2000 0.0408
1410.3000 0.0410
1417.3000 0.0411
1430.2000 0.0413
1434.6000 0.0415
1436.8000 0.0417
1441.9000 0.0418
1443.3000 0.0420
1444.8000 0.0422
1445.1000 0.0424
1445.2000 0.0425
1453.6000 0.0427
1455.5000 0.0429
1456.4000 0.0431
1461.4000 0.0432
1463.6000 0.0434
1467.3000 0.0436
1471.9000 0.0437
1481.9000 0.0439
1482.5000 0.0441
1488.9000 0.0443
1489.3000 0.0444
1489.4000 0.0446
1491.0000 0.0448
1491.7000 0.0450
1493.2000 0.0451
1504.5000 0.0453
1512.4000 0.0455
1515.0000 0.0457
1515.5000 0.0458
1520.0000 0.0460
1525.1000 0.0462
1535.2000 0.0464
1538.3000 0.0465
1550.1000 0.0467
1570.8000 0.0469
1571.6000 0.0470
1581.5000 0.0472
1581.6000 0.0474
1582.4000 0.0476
1591.4000 0.0477
1598.5000 0.0479
1600.3000 0.0481
1600.5000 0.0483
1603.5000 0.0484
1604.5000 0.0486
1616.1000 0.0488
1618.4000 0.0490
1621.4000 0.0491
1626.2000 0.0493
1632.0000 0.0495
1633.9000 0.0497
1636.6000 0.0498
1644.8000 0.0500
1645.4000 0.0502
1646.9000 0.0503
1651.3000 0.0505
1655.7000 0.0507
1656.9000 0.0509
1660.0000 0.0510
1660.4000 0.0512
1661.1000 0.0514
1662.3000 0.0516
1663.2000 0.0517
1663.5000 0.0519
1672.2000 0.0521
1681.3000 0.0523
1683.0000 0.0524
1687.2000 0.0526
1693.9000 0.0528
1697.3000 0.0530
1702.8000 0.0531
1706.4000 0.0533
1711.6000 0.0535
1726.6000 0.0536
1726.6000 0.0538
1729.0000 0.0540
1733.3000 0.0542
1739.3000 0.0543
1739.4000 0.0545
1753.4000 0.0547
1761.4000 0.0549
1762.6000 0.0550
1763.9000 0.0552
1765.8000 0.0554
1766.3000 0.0556
1766.6000 0.0557
1772.3000 0.0559
1772.6000 0.0561
1774.9000 0.0562
1777.5000 0.0564
1778.4000 0.0566
1778.6000 0.0568
1778.8000 0.0569
1784.7000 0.0571
1786.3000 0.0573
1788.1000 0.0575
1801.6000 0.0576
1802.6000 0.0578
1806.5000 0.0580
1811.8000 0.0582
1814.6000 0.0583
1816.8000 0.0585
1822.4000 0.0587
1822.9000 0.0589
1828.8000 0.0590
1832.8000 0.0592
1839.6000 0.0594
1847.3000 0.0595
1856.4000 0.0597
1872.1000 0.0599
1873.6000 0.0601
1884.6000 0.0602
1886.1000 0.0604
1886.5000 0.0606
1893.5000 0.0608
1897.4000 0.0609
1906.1000 0.0611
1924.7000 0.0613
1926.8000 0.0615
1934.0000 0.0616
1937.2000 0.0618
1942.2000 0.0620
1948.9000 0.0622
1953.5000 0.0623
1961.4000 0.0625
1963.8000 0.0627
1977.7000 0.0628
1981.2000 0.0630
1982.6000 0.0632
1983.5000 0.0634
1986.8000 0.0635
1993.6000 0.0637
1995.1000 0.0639
2005.5000 0.0641
2006.6000 0.0642
2007.4000 0.0644
2009.1000 0.0646
2009.4000 0.0648
2012.8000 0.0649
2023.4000 0.0651
2028.5000 0.0653
2028.7000 0.0655
2029.7000 0.0656
2031.0000 0.0658
2031.7000 0.0660
2033.0000 0.0661
2033.4000 0.0663
2036.1000 0.0665
2042.5000 0.0667
2047.7000 0.0668
2049.2000 0.0670
2052.3000 0.0672
2054.4000 0.0674
2058.1000 0.0675
2066.7000 0.0677
2070.7000 0.0679
2082.3000 0.0681
2094.8000 0.0682
2107.8000 0.0684
2123.7000 0.0686
2135.5000 0.0687
2138.9000 0.0689
2141.2000 0.0691
2152.1000 0.0693
2154.9000 0.0694
2155.4000 0.0696
2176.3000 0.0698
2181.7000 0.0700
2190.6000 0.0701
2196.3000 0.0703
2198.3000 0.0705
2202.7000 0.0707
2216.5000 0.0708
2221.7000 0.0710
2231.9000 0.0712
2252.6000 0.0714
2253.5000 0.0715
2254.3000 0.0717
2256.7000 0.0719
2259.0000 0.0720
2267.6000 0.0722
2267.6000 0.0724
2272.5000 0.0726
2275.2000 0.0727
2276.3000 0.0729
2281.3000 0.0731
2282.0000 0.0733
2289.9000 0.0734
2302.5000 0.0736
2314.7000 0.0738
2324.2000 0.0740
2327.3000 0.0741
2333.3000 0.0743
2334.8000 0.0745
2334.9000 0.0747
2336.3000 0.0748
2337.5000 0.0750
2341.3000 0.0752
2342.2000 0.0753
2346.2000 0.0755
2351.0000 0.0757
2353.8000 0.0759
2363.9000 0.0760
2364.5000 0.0762
2373.1000 0.0764
2383.9000 0.0766
2387.6000 0.0767
2388.1000 0.0769
2389.4000 0.0771
2392.4000 0.0773
2403.3000 0.0774
2403.7000 0.0776
2407.8000 0.0778
2427.3000 0.0780
2432.5000 0.0781
2440.0000 0.0783
2443.6000 0.0785
2445.1000 0.0786
2454.0000 0.0788
2456.7000 0.0790
2458.6000 0.0792
2461.6000 0.0793
2466.2000 0.0795
2466.7000 0.0797
2481.8000 0.0799
2486.7000 0.0800
2492.3000 0.0802
2498.4000 0.0804
2503.5000 0.0806
2516.6000 0.0807
2521.7000 0.0809
2523.4000 0.0811
2528.4000 0.0812
2528.8000 0.0814
2532.9000 0.0816
2561.4000 0.0818
2567.2000 0.0819
2573.4000 0.0821
2579.3000 0.0823
2584.6000 0.0825
2587.4000 0.0826
2592.7000 0.0828
2596.7000 0.0830
2615.1000 0.0832
2621.6000 0.0833
2626.7000 0.0835
2627.4000 0.0837
2631.6000 0.0839
2642.1000 0.0840
2642.6000 0.0842
2643.5000 0.0844
2649.6000 0.0845
2652.2000 0.0847
2661.4000 0.0849
2673.1000 0.0851
2682.1000 0.0852
2690.5000 0.0854
2693.2000 0.0856
2695.6000 0.0858
2697.8000 0.0859
2698.5000 0.0861
2710.5000 0.0863
2715.9000 0.0865
2717.7000 0.0866
2717.9000 0.0868
2721.7000 0.0870
2726.7000 0.0872
2740.8000 0.0873
2744.6000 0.0875
2746.7000 0.0877
2752.7000 0.0878
2758.3000 0.0880
2760.3000 0.0882
2761.6000 0.0884
2771.5000 0.0885
2772.6000 0.0887
2777.3000 0.0889
2779.7000 0.0891
2792.1000 0.0892
2797.0000 0.0894
2798.4000 0.0896
2802.2000 0.0898
2803.9000 0.0899
2808.8000 0.0901
2817.3000 0.0903
2817.4000 0.0905
2818.1000 0.0906
2825.3000 0.0908
2828.7000 0.0910
2833.6000 0.0911
2857.3000 0.0913
2866.6000 0.0915
2868.5000 0.0917
2868.9000 0.0918
2873.7000 0.0920
2874.0000 0.0922
2878.8000 0.0924
2881.9000 0.0925
2885.6000 0.0927
2888.5000 0.0929
2903.4000 0.0931
2904.9000 0.0932
2923.8000 0.0934
2949.3000 0.0936
2971.5000 0.0937
2978.4000 0.0939
2989.2000 0.0941
3007.6000 0.0943
3010.2000 0.0944
3014.1000 0.0946
3018.3000 0.0948
3021.7000 0.0950
3022.5000 0.0951
3031.6000 0.0953
3048.7000 0.0955
3055.6000 0.0957
3059.7000 0.0958
3062.4000 0.0960
3073.6000 0.0962
3093.5000 0.0964
3099.7000 0.0965
3102.3000 0.0967
3118.8000 0.0969
3128.7000 0.0970
3133.4000 0.0972
3135.0000 0.0974
3142.7000 0.0976
3165.3000 0.0977
3166.8000 0.0979
3192.3000 0.0981
3192.4000 0.0983
3196.8000 0.0984
3202.7000 0.0986
3208.5000 0.0988
3221.8000 0.0990
3223.6000 0.0991
3225.5000 0.0993
3247.5000 0.0995
3249.9000 0.0997
3257.3000 0.0998
3279.0000 0.1000
3284.6000 0.1002
3292.0000 0.1003
3293.3000 0.1005
3296.7000 0.1007
3311.7000 0.1009
3312.8000 0.1010
3324.6000 0.1012
3328.9000 0.1014
3331.9000 0.1016
3343.5000 0.1017
3345.4000 0.1019
3353.8000 0.1021
3354.5000 0.1023
3359.3000 0.1024
3363.1000 0.1026
3364.2000 0.1028
3366.1000 0.1030
3369.0000 0.1031
3369.3000 0.1033
3371.7000 0.1035
3398.6000 0.1036
3399.9000 0.1038
3402.4000 0.1040
3402.9000 0.1042
3406.8000 0.1043
3426.1000 0.1045
3439.3000 0.1047
3447.7000 0.1049
3457.7000 0.1050
3464.5000 0.1052
3470.6000 0.1054
3471.5000 0.1056
3483.1000 0.1057
3486.7000 0.1059
3487.4000 0.1061
3498.8000 0.1062
3502.3000 0.1064
3513.6000 0.1066
3539.7000 0.1068
3542.4000 0.1069
3551.6000 0.1071
3555.6000 0.1073
3559.3000 0.1075
3577.4000 0.1076
3583.9000 0.1078
3588.6000 0.1080
3595.0000 0.1082
3595.4000 0.1083
3603.9000 0.1085
3624.7000 0.1087
3633.4000 0.1089
3639.2000 0.1090
3641.3000 0.1092
3642.0000 0.1094
3644.4000 0.1095
3647.2000 0.1097
3653.7000 0.1099
3662.7000 0.1101
3667.5000 0.1102
3667.8000 0.1104
3677.9000 0.1106
3678.6000 0.1108
3698.8000 0.1109
3699.6000 0.1111
3702.9000 0.1113
3707.1000 0.1115
3726.5000 0.1116
3741.1000 0.1118
3768.6000 0.1120
3772.3000 0.1122
3776.9000 0.1123
3778.9000 0.1125
3787.6000 0.1127
3789.4000 0.1128
3811.7000 0.1130
3812.6000 0.1132
3818.8000 0.1134
3822.1000 0.1135
3822.9000 0.1137
3841.6000 0.1139
3847.4000 0.1141
3852.3000 0.1142
3856.9000 0.1144
3857.0000 0.1146
3870.3000 0.1148
3879.6000 0.1149
3884.6000 0.1151
3885.3000 0.1153
3890.9000 0.1155
3891.4000 0.1156
3907.4000 0.1158
3916.5000 0.1160
3941.2000 0.1161
3946.8000 0.1163
3948.6000 0.1165
3951.6000 0.1167
3952.7000 0.1168
3967.3000 0.1170
3971.4000 0.1172
3972.3000 0.1174
4001.8000 0.1175
4018.9000 0.1177
4023.2000 0.1179
4035.1000 0.1181
4054.6000 0.1182
4061.5000 0.1184
4062.1000 0.1186
4066.6000 0.1187
4067.4000 0.1189
4071.2000 0.1191
4083.8000 0.1193
4091.1000 0.1194
4093.2000 0.1196
4104.8000 0.1198
4149.3000 0.1200
4156.9000 0.1201
4167.3000 0.1203
4169.9000 0.1205
4187.6000 0.1207
4193.1000 0.1208
4196.4000 0.1210
4200.0000 0.1212
4205.4000 0.1214
4221.4000 0.1215
4228.3000 0.1217
4228.5000 0.1219
4229.1000 0.1220
4232.3000 0.1222
4234.2000 0.1224
4239.0000 0.1226
4247.3000 0.1227
4259.0000 0.1229
4277.1000 0.1231
4281.4000 0.1233
4284.6000 0.1234
4287.2000 0.1236
4287.6000 0.1238
4337.9000 0.1240
4387.2000 0.1241
4391.6000 0.1243
4396.6000 0.1245
4406.0000 0.1247
4413.0000 0.1248
4426.6000 0.1250
4434.7000 0.1252
4448.8000 0.1253
4451.5000 0.1255
4463.7000 0.1257
4464.3000 0.1259
4484.2000 0.1260
4506.1000 0.1262
4521.4000 0.1264
4538.2000 0.1266
4551.2000 0.1267
4580.7000 0.1269
4592.9000 0.1271
4600.5000 0.1273
4622.5000 0.1274
4625.3000 0.1276
4630.7000 0.1278
4648.1000 0.1280
4651.1000 0.1281
4684.5000 0.1283
4688.6000 0.1285
4697.6000 0.1286
4703.2000 0.1288
4707.6000 0.1290
4711.9000 0.1292
4714.6000 0.1293
4732.8000 0.1295
4738.2000 0.1297
4741.7000 0.1299
4753.6000 0.1300
4754.9000 0.1302
4760.8000 0.1304
4762.8000 0.1306
4766.0000 0.1307
4784.7000 0.1309
4805.2000 0.1311
4805.2000 0.1312
4808.5000 0.1314
4814.6000 0.1316
4825.3000 0.1318
4852.9000 0.1319
4854.9000 0.1321
4856.5000 0.1323
4865.9000 0.1325
4881.6000 0.1326
4891.3000 0.1328
4896.5000 0.1330
4917.7000 0.1332
4922.2000 0.1333
4931.4000 0.1335
4943.8000 0.1337
4943.8000 0.1339
4949.0000 0.1340
4959.5000 0.1342
4978.8000 0.1344
4992.9000 0.1345
4994.0000 0.1347
5042.5000 0.1349
5043.1000 0.1351
5045.3000 0.1352
5060.2000 0.1354
5070.4000 0.1356
5071.2000 0.1358
5074.6000 0.1359
5080.0000 0.1361
5081.4000 0.1363
5092.6000 0.1365
5095.4000 0.1366
5116.4000 0.1368
5126.2000 0.1370
5129.0000 0.1372
5133.6000 0.1373
5146.9000 0.1375
5151.2000 0.1377
5182.7000 0.1378
5185.2000 0.1380
5195.5000 0.1382
5201.4000 0.1384
5211.3000 0.1385
5247.1000 0.1387
5254.0000 0.1389
5258.3000 0.1391
5261.6000 0.1392
5281.1000 0.1394
5294.4000 0.1396
5331.4000 0.1398
5337.4000 0.1399
5358.1000 0.1401
5360.2000 0.1403
5364.5000 0.1405
5367.7000 0.1406
5376.6000 0.1408
5392.4000 0.1410
5395.4000 0.1411
5404.2000 0.1413
5407.3000 0.1415
5407.3000 0.1417
5415.9000 0.1418
5423.1000 0.1420
5426.5000 0.1422
5427.7000 0.1424
5433.8000 0.1425
5448.9000 0.1427
5459.0000 0.1429
5465.8000 0.1431
5466.0000 0.1432
5469.0000 0.1434
5486.7000 0.1436
5508.8000 0.1437
5526.2000 0.1439
5528.3000 0.1441
5528.5000 0.1443
5533.7000 0.1444
5533.8000 0.1446
5569.2000 0.1448
5569.3000 0.1450
5587.3000 0.1451
5588.6000 0.1453
5594.0000 0.1455
5601.2000 0.1457
5615.0000 0.1458
5622.6000 0.1460
5631.6000 0.1462
5636.7000 0.1464
5657.6000 0.1465
5666.3000 0.1467
5671.5000 0.1469
5689.5000 0.1470
5697.9000 0.1472
5703.1000 0.1474
5709.8000 0.1476
5719.6000 0.1477
5721.7000 0.1479
5730.4000 0.1481
5742.1000 0.1483
5752.2000 0.1484
5760.3000 0.1486
5778.3000 0.1488
5781.1000 0.1490
5785.2000 0.1491
5801.4000 0.1493
5803.9000 0.1495
5815.2000 0.1497
5839.2000 0.1498
5877.3000 0.1500
5879.8000 0.1502
5891.8000 0.1503
5896.5000 0.1505
5923.9000 0.1507
5924.3000 0.1509
5933.5000 0.1510
5941.9000 0.1512
5951.5000 0.1514
5956.6000 0.1516
5964.0000 0.1517
5984.6000 0.1519
5992.0000 0.1521
5992.6000 0.1523
5992.6000 0.1524
5999.0000 0.1526
6037.8000 0.1528
6042.3000 0.1530
6049.9000 0.1531
6050.7000 0.1533
6080.3000 0.1535
6137.9000 0.1536
6157.1000 0.1538
6162.7000 0.1540
6162.7000 0.1542
6163.1000 0.1543
6176.4000 0.1545
6183.7000 0.1547
6187.8000 0.1549
6210.3000 0.1550
6234.9000 0.1552
6241.5000 0.1554
6248.3000 0.1556
6272.8000 0.1557
6273.5000 0.1559
6288.3000 0.1561
6298.6000 0.1562
6315.7000 0.1564
6331.7000 0.1566
6335.7000 0.1568
6341.1000 0.1569
6341.6000 0.1571
6342.5000 0.1573
6344.7000 0.1575
6347.1000 0.1576
6352.9000 0.1578
6358.3000 0.1580
6392.7000 0.1582
6402.6000 0.1583
6442.4000 0.1585
6445.0000 0.1587
6447.1000 0.1589
6454.0000 0.1590
6457.0000 0.1592
6460.1000 0.1594
6493.2000 0.1595
6493.5000 0.1597
6497.7000 0.1599
6502.9000 0.1601
6523.8000 0.1602
6554.7000 0.1604
6558.9000 0.1606
6564.9000 0.1608
6573.5000 0.1609
6578.8000 0.1611
6604.7000 0.1613
6605.2000 0.1615
6623.2000 0.1616
6623.9000 0.1618
6664.7000 0.1620
6686.6000 0.1622
6688.2000 0.1623
6717.5000 0.1625
6745.2000 0.1627
6761.8000 0.1628
6782.6000 0.1630
6786.7000 0.1632
6792.2000 0.1634
6798.8000 0.1635
6812.6000 0.1637
6843.9000 0.1639
6844.9000 0.1641
6872.7000 0.1642
6876.0000 0.1644
6879.7000 0.1646
6893.1000 0.1648
6897.5000 0.1649
6904.0000 0.1651
6908.8000 0.1653
6909.9000 0.1655
6930.5000 0.1656
6940.0000 0.1658
6955.9000 0.1660
6967.8000 0.1661
6979.4000 0.1663
6982.9000 0.1665
6999.9000 0.1667
7000.6000 0.1668
7001.7000 0.1670
7002.6000 0.1672
7013.7000 0.1674
7017.2000 0.1675
7028.4000 0.1677
7028.8000 0.1679
7030.7000 0.1681
7043.6000 0.1682
7063.9000 0.1684
7082.3000 0.1686
7083.3000 0.1687
7140.5000 0.1689
7157.4000 0.1691
7178.0000 0.1693
7180.0000 0.1694
7194.0000 0.1696
7199.0000 0.1698
7251.1000 0.1700
7283.3000 0.1701
7286.3000 0.1703
7290.5000 0.1705
7329.7000 0.1707
7335.0000 0.1708
7340.2000 0.1710
7347.3000 0.1712
7363.0000 0.1714
7382.6000 0.1715
7418.6000 0.1717
7428.0000 0.1719
7485.0000 0.1720
7486.5000 0.1722
7490.5000 0.1724
7493.9000 0.1726
7513.8000 0.1727
7513.9000 0.1729
7517.6000 0.1731
7525.6000 0.1733
7538.0000 0.1734
7548.0000 0.1736
7566.1000 0.1738
7582.3000 0.1740
7593.5000 0.1741
7596.3000 0.1743
7648.8000 0.1745
7657.8000 0.1747
7676.3000 0.1748
7691.8000 0.1750
7710.3000 0.1752
7732.0000 0.1753
7747.3000 0.1755
7753.0000 0.1757
7763.5000 0.1759
7767.3000 0.1760
7813.0000 0.1762
7817.5000 0.1764
7822.3000 0.1766
7839.6000 0.1767
7860.2000 0.1769
7878.5000 0.1771
7900.5000 0.1773
7912.3000 0.1774
7932.4000 0.1776
7933.8000 0.1778
7938.7000 0.1780
7939.6000 0.1781
7948.3000 0.1783
7967.8000 0.1785
7976.3000 0.1786
8010.0000 0.1788
8011.4000 0.1790
8017.5000 0.1792
8027.6000 0.1793
8041.6000 0.1795
8046.9000 0.1797
8051.3000 0.1799
8054.5000 0.1800
8081.9000 0.1802
8082.1000 0.1804
8101.4000 0.1806
8101.5000 0.1807
8109.5000 0.1809
8116.5000 0.1811
8152.9000 0.1812
8166.7000 0.1814
8186.5000 0.1816
8186.6000 0.1818
8199.8000 0.1819
8218.9000 0.1821
8232.7000 0.1823
8233.7000 0.1825
8249.0000 0.1826
8253.2000 0.1828
8259.1000 0.1830
8268.1000 0.1832
8280.2000 0.1833
8299.5000 0.1835
8301.9000 0.1837
8302.8000 0.1839
8327.9000 0.1840
8334.3000 0.1842
8350.2000 0.1844
8366.0000 0.1845
8366.8000 0.1847
8367.2000 0.1849
8385.7000 0.1851
8386.9000 0.1852
8433.1000 0.1854
8434.3000 0.1856
8481.1000 0.1858
8489.3000 0.1859
8496.6000 0.1861
8496.7000 0.1863
8498.5000 0.1865
8502.5000 0.1866
8506.4000 0.1868
8507.5000 0.1870
8508.0000 0.1872
8508.5000 0.1873
8519.6000 0.1875
8527.7000 0.1877
8533.9000 0.1878
8541.5000 0.1880
8583.4000 0.1882
8596.0000 0.1884
8603.0000 0.1885
8628.0000 0.1887
8637.1000 0.1889
8641.4000 0.1891
8641.5000 0.1892
8648.2000 0.1894
8652.4000 0.1896
8682.5000 0.1898
8688.1000 0.1899
8688.9000 0.1901
8696.4000 0.1903
8713.9000 0.1905
8786.7000 0.1906
8826.9000 0.1908
8827.3000 0.1910
8845.0000 0.1911
8855.3000 0.1913
8891.5000 0.1915
8905.2000 0.1917
8906.9000 0.1918
8913.1000 0.1920
8916.8000 0.1922
8917.4000 0.1924
8947.0000 0.1925
8952.4000 0.1927
8969.7000 0.1929
8971.5000 0.1931
8972.5000 0.1932
8979.3000 0.1934
8979.3000 0.1936
8996.3000 0.1937
8999.7000 0.1939
9021.0000 0.1941
9023.2000 0.1943
9029.0000 0.1944
9034.6000 0.1946
9039.7000 0.1948
9061.2000 0.1950
9087.5000 0.1951
9095.9000 0.1953
9096.6000 0.1955
9116.2000 0.1957
9122.9000 0.1958
9123.1000 0.1960
9131.0000 0.1962
9140.7000 0.1964
9154.7000 0.1965
9170.2000 0.1967
9178.9000 0.1969
9187.6000 0.1970
9194.6000 0.1972
9203.8000 0.1974
9213.2000 0.1976
9214.0000 0.1977
9227.3000 0.1979
9231.5000 0.1981
9240.3000 0.1983
9262.3000 0.1984
9263.1000 0.1986
9290.2000 0.1988
9310.0000 0.1990
9332.9000 0.1991
9351.1000 0.1993
9363.9000 0.1995
9366.3000 0.1997
9370.8000 0.1998
9381.1000 0.2000
9398.6000 0.2002
9405.4000 0.2003
9448.7000 0.2005
9475.8000 0.2007
9483.5000 0.2009
9503.6000 0.2010
9506.7000 0.2012
9521.1000 0.2014
9595.3000 0.2016
9598.0000 0.2017
9611.3000 0.2019
9611.5000 0.2021
9646.3000 0.2023
9648.4000 0.2024
9653.2000 0.2026
9662.8000 0.2028
9693.4000 0.2030
9706.5000 0.2031
9719.8000 0.2033
9730.2000 0.2035
9768.7000 0.2036
9793.4000 0.2038
9811.4000 0.2040
9813.3000 0.2042
9816.6000 0.2043
9827.3000 0.2045
9829.3000 0.2047
9832.8000 0.2049
9843.4000 0.2050
9854.7000 0.2052
9859.8000 0.2054
9861.8000 0.2056
9862.2000 0.2057
9862.4000 0.2059
9862.9000 0.2061
9867.2000 0.2062
9893.9000 0.2064
9908.9000 0.2066
9932.6000 0.2068
9942.6000 0.2069
9974.0000 0.2071
9981.5000 0.2073
10009.8000 0.2075
10011.4000 0.2076
10012.5000 0.2078
10018.9000 0.2080
10029.0000 0.2082
10031.4000 0.2083
10031.9000 0.2085
10039.7000 0.2087
10055.1000 0.2089
10088.1000 0.2090
10092.2000 0.2092
10100.1000 0.2094
10109.6000 0.2095
10136.5000 0.2097
10141.8000 0.2099
10147.9000 0.2101
10151.8000 0.2102
10152.4000 0.2104
10155.0000 0.2106
10164.3000 0.2108
10170.2000 0.2109
10171.7000 0.2111
10197.6000 0.2113
10216.5000 0.2115
10244.2000 0.2116
10264.2000 0.2118
10295.9000 0.2120
10302.7000 0.2122
10322.0000 0.2123
10333.6000 0.2125
10341.3000 0.2127
10358.2000 0.2128
10370.4000 0.2130
10376.3000 0.2132
10397.4000 0.2134
10402.9000 0.2135
10422.9000 0.2137
10424.2000 0.2139
10457.2000 0.2141
10478.1000 0.2142
10530.9000 0.2144
10542.7000 0.2146
10553.5000 0.2148
10566.7000 0.2149
10572.2000 0.2151
10597.6000 0.2153
10640.5000 0.2155
10660.9000 0.2156
10670.0000 0.2158
10688.9000 0.2160
10706.2000 0.2161
10778.8000 0.2163
10780.4000 0.2165
10796.3000 0.2167
10814.6000 0.2168
10825.4000 0.2170
10827.1000 0.2172
10828.8000 0.2174
10830.9000 0.2175
10848.0000 0.2177
10868.5000 0.2179
10880.6000 0.2181
10897.9000 0.2182
10917.9000 0.2184
10937.7000 0.2186
10943.1000 0.2187
10950.8000 0.2189
10955.1000 0.2191
10974.0000 0.2193
10987.8000 0.2194
10991.0000 0.2196
10995.6000 0.2198
10997.6000 0.2200
11022.0000 0.2201
11037.8000 0.2203
11043.9000 0.2205
11103.5000 0.2207
11141.9000 0.2208
11149.2000 0.2210
11154.1000 0.2212
11160.3000 0.2214
11174.1000 0.2215
11178.5000 0.2217
11210.4000 0.2219
11243.4000 0.2220
11247.6000 0.2222
11283.1000 0.2224
11283.4000 0.2226
11321.6000 0.2227
11327.2000 0.2229
11348.2000 0.2231
11364.4000 0.2233
11397.7000 0.2234
11399.5000 0.2236
11409.0000 0.2238
11417.9000 0.2240
11423.8000 0.2241
11427.4000 0.2243
11428.5000 0.2245
11432.5000 0.2247
11443.8000 0.2248
11493.1000 0.2250
11507.5000 0.2252
11549.3000 0.2253
11552.8000 0.2255
11566.4000 0.2257
11575.1000 0.2259
11612.5000 0.2260
11613.0000 0.2262
11616.7000 0.2264
11633.9000 0.2266
11636.6000 0.2267
11638.6000 0.2269
11640.2000 0.2271
11658.2000 0.2273
11682.8000 0.2274
11721.1000 0.2276
11736.6000 0.2278
11739.7000 0.2280
11748.9000 0.2281
11750.2000 0.2283
11757.9000 0.2285
11822.2000 0.2286
11839.8000 0.2288
11857.4000 0.2290
11877.1000 0.2292
11926.7000 0.2293
11966.7000 0.2295
11986.3000 0.2297
15450.0000 0.2299
