# messageDelay  cumulativeProbability
1.0000 0.0002
1.0000 0.0003
1.0000 0.0005
1.0000 0.0007
1.0000 0.0009
1.0000 0.0010
1.0000 0.0012
1.0000 0.0014
1.0000 0.0016
1.0000 0.0017
1.0000 0.0019
1.0000 0.0021
1.0000 0.0023
1.0000 0.0024
92.4000 0.0026
135.5000 0.0028
136.9000 0.0030
143.4000 0.0031
149.4000 0.0033
152.9000 0.0035
176.6000 0.0036
189.0000 0.0038
196.7000 0.0040
199.7000 0.0042
202.7000 0.0043
206.7000 0.0045
210.9000 0.0047
213.9000 0.0049
214.7000 0.0050
219.5000 0.0052
227.0000 0.0054
234.6000 0.0056
241.4000 0.0057
242.9000 0.0059
247.2000 0.0061
258.6000 0.0063
261.9000 0.0064
270.5000 0.0066
279.5000 0.0068
280.1000 0.0069
281.5000 0.0071
292.3000 0.0073
297.5000 0.0075
302.5000 0.0076
305.8000 0.0078
309.8000 0.0080
310.2000 0.0082
312.3000 0.0083
312.7000 0.0085
316.4000 0.0087
320.8000 0.0089
321.2000 0.0090
321.5000 0.0092
321.6000 0.0094
325.9000 0.0095
347.6000 0.0097
352.4000 0.0099
361.9000 0.0101
362.7000 0.0102
369.5000 0.0104
376.9000 0.0106
378.1000 0.0108
401.2000 0.0109
408.5000 0.0111
410.8000 0.0113
416.2000 0.0115
422.3000 0.0116
422.4000 0.0118
432.4000 0.0120
450.3000 0.0122
450.8000 0.0123
457.2000 0.0125
459.3000 0.0127
460.7000 0.0128
468.2000 0.0130
468.2000 0.0132
474.9000 0.0134
475.4000 0.0135
482.5000 0.0137
495.1000 0.0139
495.7000 0.0141
497.4000 0.0142
498.2000 0.0144
509.1000 0.0146
515.7000 0.0148
530.3000 0.0149
533.3000 0.0151
536.1000 0.0153
536.3000 0.0155
537.4000 0.0156
539.2000 0.0158
539.5000 0.0160
543.4000 0.0161
544.7000 0.0163
547.3000 0.0165
548.5000 0.0167
550.7000 0.0168
551.3000 0.0170
553.1000 0.0172
559.2000 0.0174
565.5000 0.0175
571.4000 0.0177
576.3000 0.0179
584.3000 0.0181
587.2000 0.0182
587.8000 0.0184
588.9000 0.0186
596.4000 0.0187
599.3000 0.0189
599.7000 0.0191
602.1000 0.0193
602.3000 0.0194
604.3000 0.0196
606.5000 0.0198
607.7000 0.0200
610.1000 0.0201
611.3000 0.0203
616.3000 0.0205
618.1000 0.0207
618.2000 0.0208
618.7000 0.0210
620.8000 0.0212
623.6000 0.0214
626.5000 0.0215
627.3000 0.0217
631.1000 0.0219
648.8000 0.0220
652.6000 0.0222
655.6000 0.0224
655.9000 0.0226
657.4000 0.0227
657.6000 0.0229
669.7000 0.0231
672.4000 0.0233
672.9000 0.0234
674.5000 0.0236
676.4000 0.0238
678.7000 0.0240
681.3000 0.0241
681.4000 0.0243
681.8000 0.0245
702.0000 0.0247
708.8000 0.0248
709.0000 0.0250
712.4000 0.0252
712.7000 0.0253
714.2000 0.0255
717.6000 0.0257
724.6000 0.0259
728.7000 0.0260
734.1000 0.0262
737.4000 0.0264
738.1000 0.0266
740.1000 0.0267
742.4000 0.0269
743.9000 0.0271
749.2000 0.0273
754.9000 0.0274
755.5000 0.0276
765.3000 0.0278
767.9000 0.0280
768.3000 0.0281
769.0000 0.0283
774.5000 0.0285
784.3000 0.0286
800.0000 0.0288
802.1000 0.0290
807.2000 0.0292
812.5000 0.0293
814.6000 0.0295
819.3000 0.0297
820.3000 0.0299
821.9000 0.0300
827.6000 0.0302
829.8000 0.0304
831.5000 0.0306
837.3000 0.0307
838.0000 0.0309
838.5000 0.0311
839.3000 0.0312
843.2000 0.0314
848.5000 0.0316
848.8000 0.0318
849.0000 0.0319
854.9000 0.0321
858.0000 0.0323
860.0000 0.0325
861.4000 0.0326
862.4000 0.0328
864.3000 0.0330
868.3000 0.0332
877.6000 0.0333
879.5000 0.0335
883.6000 0.0337
885.7000 0.0339
887.6000 0.0340
890.7000 0.0342
901.2000 0.0344
904.6000 0.0345
907.5000 0.0347
910.1000 0.0349
910.6000 0.0351
912.1000 0.0352
913.8000 0.0354
915.0000 0.0356
916.2000 0.0358
917.4000 0.0359
918.8000 0.0361
930.7000 0.0363
934.1000 0.0365
934.9000 0.0366
938.4000 0.0368
938.6000 0.0370
939.6000 0.0372
940.8000 0.0373
944.5000 0.0375
944.8000 0.0377
947.7000 0.0378
948.7000 0.0380
951.5000 0.0382
952.8000 0.0384
956.8000 0.0385
961.2000 0.0387
963.8000 0.0389
970.7000 0.0391
972.1000 0.0392
974.8000 0.0394
976.9000 0.0396
977.8000 0.0398
984.1000 0.0399
986.5000 0.0401
991.2000 0.0403
992.0000 0.0405
1001.2000 0.0406
1006.5000 0.0408
1007.3000 0.0410
1010.5000 0.0411
1011.1000 0.0413
1011.4000 0.0415
1012.3000 0.0417
1013.6000 0.0418
1016.1000 0.0420
1020.0000 0.0422
1024.1000 0.0424
1026.9000 0.0425
1034.4000 0.0427
1044.6000 0.0429
1044.9000 0.0431
1048.3000 0.0432
1050.7000 0.0434
1052.3000 0.0436
1056.8000 0.0437
1057.3000 0.0439
1060.6000 0.0441
1062.5000 0.0443
1064.1000 0.0444
1069.6000 0.0446
1073.3000 0.0448
1084.6000 0.0450
1084.7000 0.0451
1084.8000 0.0453
1086.9000 0.0455
1087.9000 0.0457
1088.2000 0.0458
1088.3000 0.0460
1090.5000 0.0462
1092.8000 0.0464
1100.1000 0.0465
1100.6000 0.0467
1102.6000 0.0469
1107.5000 0.0470
1111.4000 0.0472
1115.3000 0.0474
1119.0000 0.0476
1120.9000 0.0477
1120.9000 0.0479
1122.6000 0.0481
1125.6000 0.0483
1128.7000 0.0484
1129.0000 0.0486
1132.0000 0.0488
1132.7000 0.0490
1133.3000 0.0491
1133.4000 0.0493
1133.6000 0.0495
1135.1000 0.0497
1135.8000 0.0498
1136.3000 0.0500
1139.5000 0.0502
1143.8000 0.0503
1144.7000 0.0505
1145.6000 0.0507
1149.8000 0.0509
1149.9000 0.0510
1157.7000 0.0512
1159.7000 0.0514
1160.4000 0.0516
1160.8000 0.0517
1162.2000 0.0519
1166.9000 0.0521
1168.8000 0.0523
1169.2000 0.0524
1170.6000 0.0526
1172.7000 0.0528
1175.7000 0.0530
1176.8000 0.0531
1176.8000 0.0533
1177.3000 0.0535
1179.6000 0.0536
1180.5000 0.0538
1187.6000 0.0540
1189.1000 0.0542
1189.1000 0.0543
1191.4000 0.0545
1193.1000 0.0547
1199.9000 0.0549
1202.6000 0.0550
1204.8000 0.0552
1211.7000 0.0554
1212.6000 0.0556
1214.2000 0.0557
1220.0000 0.0559
1220.6000 0.0561
1221.8000 0.0562
1229.0000 0.0564
1236.7000 0.0566
1237.9000 0.0568
1242.5000 0.0569
1242.8000 0.0571
1243.7000 0.0573
1249.9000 0.0575
1251.9000 0.0576
1253.8000 0.0578
1254.1000 0.0580
1260.1000 0.0582
1262.8000 0.0583
1268.8000 0.0585
1269.1000 0.0587
1270.1000 0.0589
1270.5000 0.0590
1271.3000 0.0592
1275.5000 0.0594
1275.6000 0.0595
1279.8000 0.0597
1280.7000 0.0599
1281.6000 0.0601
1282.6000 0.0602
1282.8000 0.0604
1283.1000 0.0606
1287.5000 0.0608
1289.6000 0.0609
1292.3000 0.0611
1294.6000 0.0613
1297.9000 0.0615
1308.9000 0.0616
1310.0000 0.0618
1310.9000 0.0620
1313.1000 0.0622
1313.5000 0.0623
1314.6000 0.0625
1316.7000 0.0627
1317.7000 0.0628
1321.2000 0.0630
1325.8000 0.0632
1330.6000 0.0634
1331.0000 0.0635
1332.4000 0.0637
1338.6000 0.0639
1344.2000 0.0641
1347.5000 0.0642
1349.1000 0.0644
1356.8000 0.0646
1369.5000 0.0648
1372.9000 0.0649
1375.6000 0.0651
1376.6000 0.0653
1378.1000 0.0655
1378.9000 0.0656
1382.6000 0.0658
1386.8000 0.0660
1389.3000 0.0661
1392.1000 0.0663
1399.6000 0.0665
1400.7000 0.0667
1404.4000 0.0668
1404.4000 0.0670
1405.4000 0.0672
1406.0000 0.0674
1408.0000 0.0675
1408.8000 0.0677
1414.1000 0.0679
1416.0000 0.0681
1418.9000 0.0682
1419.2000 0.0684
1419.2000 0.0686
1420.1000 0.0687
1421.1000 0.0689
1421.2000 0.0691
1422.4000 0.0693
1431.6000 0.0694
1432.4000 0.0696
1439.0000 0.0698
1439.3000 0.0700
1439.5000 0.0701
1442.7000 0.0703
1449.8000 0.0705
1449.9000 0.0707
1450.8000 0.0708
1454.3000 0.0710
1455.7000 0.0712
1456.1000 0.0714
1461.3000 0.0715
1463.6000 0.0717
1466.4000 0.0719
1466.5000 0.0720
1470.6000 0.0722
1470.8000 0.0724
1471.6000 0.0726
1473.3000 0.0727
1473.7000 0.0729
1474.6000 0.0731
1474.6000 0.0733
1475.6000 0.0734
1477.5000 0.0736
1478.5000 0.0738
1478.9000 0.0740
1479.3000 0.0741
1480.4000 0.0743
1484.8000 0.0745
1485.3000 0.0747
1487.4000 0.0748
1487.7000 0.0750
1488.0000 0.0752
1490.0000 0.0753
1493.0000 0.0755
1497.1000 0.0757
1498.3000 0.0759
1504.8000 0.0760
1511.4000 0.0762
1516.0000 0.0764
1517.9000 0.0766
1519.0000 0.0767
1523.5000 0.0769
1523.8000 0.0771
1528.6000 0.0773
1532.2000 0.0774
1532.6000 0.0776
1534.4000 0.0778
1539.8000 0.0780
1543.7000 0.0781
1546.1000 0.0783
1548.4000 0.0785
1551.0000 0.0786
1552.2000 0.0788
1552.6000 0.0790
1556.1000 0.0792
1557.2000 0.0793
1557.7000 0.0795
1558.8000 0.0797
1561.0000 0.0799
1563.3000 0.0800
1565.1000 0.0802
1565.1000 0.0804
1565.6000 0.0806
1567.8000 0.0807
1568.2000 0.0809
1570.2000 0.0811
1570.5000 0.0812
1577.4000 0.0814
1579.9000 0.0816
1583.4000 0.0818
1594.9000 0.0819
1595.4000 0.0821
1595.8000 0.0823
1597.5000 0.0825
1599.6000 0.0826
1600.5000 0.0828
1600.5000 0.0830
1602.8000 0.0832
1604.2000 0.0833
1604.7000 0.0835
1607.6000 0.0837
1609.4000 0.0839
1611.0000 0.0840
1611.7000 0.0842
1612.5000 0.0844
1617.2000 0.0845
1621.6000 0.0847
1628.9000 0.0849
1629.9000 0.0851
1632.6000 0.0852
1638.2000 0.0854
1639.8000 0.0856
1641.4000 0.0858
1644.8000 0.0859
1648.6000 0.0861
1653.3000 0.0863
1653.4000 0.0865
1655.6000 0.0866
1655.6000 0.0868
1659.3000 0.0870
1661.2000 0.0872
1667.2000 0.0873
1672.9000 0.0875
1673.3000 0.0877
1679.2000 0.0878
1680.0000 0.0880
1681.2000 0.0882
1682.1000 0.0884
1683.2000 0.0885
1683.2000 0.0887
1683.9000 0.0889
1684.0000 0.0891
1686.7000 0.0892
1692.1000 0.0894
1692.2000 0.0896
1694.7000 0.0898
1702.0000 0.0899
1703.4000 0.0901
1708.8000 0.0903
1709.2000 0.0905
1709.4000 0.0906
1713.3000 0.0908
1718.1000 0.0910
1718.6000 0.0911
1721.0000 0.0913
1723.6000 0.0915
1727.1000 0.0917
1727.4000 0.0918
1729.8000 0.0920
1730.3000 0.0922
1739.8000 0.0924
1743.3000 0.0925
1745.9000 0.0927
1753.0000 0.0929
1757.6000 0.0931
1758.6000 0.0932
1759.5000 0.0934
1760.9000 0.0936
1768.3000 0.0937
1768.6000 0.0939
1772.9000 0.0941
1775.6000 0.0943
1777.3000 0.0944
1782.8000 0.0946
1783.3000 0.0948
1783.3000 0.0950
1783.4000 0.0951
1789.0000 0.0953
1789.8000 0.0955
1790.3000 0.0957
1792.6000 0.0958
1793.6000 0.0960
1793.6000 0.0962
1803.0000 0.0964
1808.9000 0.0965
1813.3000 0.0967
1818.3000 0.0969
1823.6000 0.0970
1827.5000 0.0972
1829.8000 0.0974
1830.5000 0.0976
1833.4000 0.0977
1837.7000 0.0979
1840.1000 0.0981
1846.0000 0.0983
1847.3000 0.0984
1853.4000 0.0986
1854.5000 0.0988
1857.2000 0.0990
1859.5000 0.0991
1863.2000 0.0993
1864.5000 0.0995
1869.1000 0.0997
1877.6000 0.0998
1882.1000 0.1000
1882.5000 0.1002
1891.3000 0.1003
1894.3000 0.1005
1894.7000 0.1007
1896.2000 0.1009
1897.6000 0.1010
1900.2000 0.1012
1908.1000 0.1014
1910.1000 0.1016
1911.4000 0.1017
1914.0000 0.1019
1914.7000 0.1021
1916.7000 0.1023
1918.5000 0.1024
1922.5000 0.1026
1924.3000 0.1028
1924.6000 0.1030
1926.9000 0.1031
1926.9000 0.1033
1928.6000 0.1035
1932.1000 0.1036
1933.2000 0.1038
1935.0000 0.1040
1936.7000 0.1042
1937.1000 0.1043
1948.7000 0.1045
1948.9000 0.1047
1951.5000 0.1049
1953.6000 0.1050
1955.0000 0.1052
1957.2000 0.1054
1957.4000 0.1056
1959.9000 0.1057
1964.5000 0.1059
1966.3000 0.1061
1974.8000 0.1062
1979.6000 0.1064
1980.1000 0.1066
1980.5000 0.1068
1987.8000 0.1069
2001.5000 0.1071
2003.6000 0.1073
2004.4000 0.1075
2005.4000 0.1076
2008.8000 0.1078
2009.9000 0.1080
2010.2000 0.1082
2012.9000 0.1083
2013.9000 0.1085
2014.9000 0.1087
2015.8000 0.1089
2015.8000 0.1090
2017.4000 0.1092
2020.6000 0.1094
2023.5000 0.1095
2023.9000 0.1097
2027.7000 0.1099
2028.1000 0.1101
2030.1000 0.1102
2043.2000 0.1104
2043.7000 0.1106
2045.8000 0.1108
2046.5000 0.1109
2051.0000 0.1111
2053.1000 0.1113
2055.1000 0.1115
2055.3000 0.1116
2058.9000 0.1118
2060.5000 0.1120
2062.4000 0.1122
2062.7000 0.1123
2071.7000 0.1125
2076.4000 0.1127
2080.4000 0.1128
2081.0000 0.1130
2085.9000 0.1132
2086.6000 0.1134
2088.2000 0.1135
2088.4000 0.1137
2089.8000 0.1139
2092.6000 0.1141
2099.2000 0.1142
2102.7000 0.1144
2103.7000 0.1146
2104.9000 0.1148
2109.9000 0.1149
2112.4000 0.1151
2122.9000 0.1153
2123.9000 0.1155
2126.2000 0.1156
2128.2000 0.1158
2137.3000 0.1160
2147.5000 0.1161
2149.2000 0.1163
2150.4000 0.1165
2151.5000 0.1167
2154.0000 0.1168
2155.4000 0.1170
2160.0000 0.1172
2163.1000 0.1174
2164.4000 0.1175
2167.5000 0.1177
2167.6000 0.1179
2170.9000 0.1181
2178.7000 0.1182
2181.9000 0.1184
2189.7000 0.1186
2191.7000 0.1187
2200.0000 0.1189
2210.0000 0.1191
2214.6000 0.1193
2220.4000 0.1194
2222.0000 0.1196
2223.8000 0.1198
2224.4000 0.1200
2226.0000 0.1201
2233.1000 0.1203
2236.9000 0.1205
2238.0000 0.1207
2245.8000 0.1208
2247.0000 0.1210
2255.3000 0.1212
2256.5000 0.1214
2259.3000 0.1215
2259.9000 0.1217
2260.5000 0.1219
2263.6000 0.1220
2277.3000 0.1222
2289.1000 0.1224
2298.5000 0.1226
2303.7000 0.1227
2308.3000 0.1229
2320.3000 0.1231
2324.7000 0.1233
2330.3000 0.1234
2332.3000 0.1236
2338.8000 0.1238
2340.0000 0.1240
2347.0000 0.1241
2351.0000 0.1243
2351.3000 0.1245
2351.6000 0.1247
2354.8000 0.1248
2357.4000 0.1250
2362.7000 0.1252
2367.6000 0.1253
2368.9000 0.1255
2371.3000 0.1257
2372.8000 0.1259
2374.5000 0.1260
2380.1000 0.1262
2383.6000 0.1264
2387.1000 0.1266
2389.4000 0.1267
2393.9000 0.1269
2397.2000 0.1271
2403.7000 0.1273
2408.3000 0.1274
2409.4000 0.1276
2417.7000 0.1278
2419.0000 0.1280
2420.7000 0.1281
2440.4000 0.1283
2441.1000 0.1285
2444.9000 0.1286
2445.5000 0.1288
2447.8000 0.1290
2448.2000 0.1292
2456.4000 0.1293
2460.8000 0.1295
2468.6000 0.1297
2478.4000 0.1299
2483.7000 0.1300
2484.4000 0.1302
2486.5000 0.1304
2489.1000 0.1306
2491.0000 0.1307
2500.1000 0.1309
2500.4000 0.1311
2502.8000 0.1312
2513.3000 0.1314
2513.5000 0.1316
2515.8000 0.1318
2516.3000 0.1319
2519.7000 0.1321
2521.2000 0.1323
2526.3000 0.1325
2527.5000 0.1326
2528.9000 0.1328
2532.9000 0.1330
2551.1000 0.1332
2551.1000 0.1333
2552.4000 0.1335
2563.5000 0.1337
2564.3000 0.1339
2573.4000 0.1340
2575.2000 0.1342
2575.3000 0.1344
2578.4000 0.1345
2578.6000 0.1347
2580.6000 0.1349
2583.5000 0.1351
2584.2000 0.1352
2587.7000 0.1354
2593.8000 0.1356
2597.0000 0.1358
2600.5000 0.1359
2611.3000 0.1361
2616.0000 0.1363
2624.3000 0.1365
2633.1000 0.1366
2635.4000 0.1368
2640.5000 0.1370
2642.5000 0.1372
2644.3000 0.1373
2646.2000 0.1375
2652.6000 0.1377
2652.6000 0.1378
2652.8000 0.1380
2654.9000 0.1382
2658.5000 0.1384
2667.5000 0.1385
2672.5000 0.1387
2673.7000 0.1389
2678.5000 0.1391
2679.8000 0.1392
2680.8000 0.1394
2688.4000 0.1396
2690.4000 0.1398
2701.0000 0.1399
2705.6000 0.1401
2705.8000 0.1403
2708.2000 0.1405
2712.8000 0.1406
2714.7000 0.1408
2719.2000 0.1410
2730.8000 0.1411
2734.5000 0.1413
2735.2000 0.1415
2737.5000 0.1417
2738.6000 0.1418
2740.5000 0.1420
2754.3000 0.1422
2757.6000 0.1424
2758.6000 0.1425
2774.4000 0.1427
2775.0000 0.1429
2775.8000 0.1431
2777.6000 0.1432
2781.7000 0.1434
2789.5000 0.1436
2798.3000 0.1437
2803.6000 0.1439
2807.4000 0.1441
2808.4000 0.1443
2808.7000 0.1444
2808.8000 0.1446
2815.3000 0.1448
2819.6000 0.1450
2822.8000 0.1451
2825.6000 0.1453
2828.8000 0.1455
2830.7000 0.1457
2833.1000 0.1458
2835.8000 0.1460
2842.2000 0.1462
2843.6000 0.1464
2854.7000 0.1465
2858.2000 0.1467
2866.5000 0.1469
2878.8000 0.1470
2878.9000 0.1472
2879.1000 0.1474
2891.8000 0.1476
2905.1000 0.1477
2907.3000 0.1479
2908.5000 0.1481
2908.6000 0.1483
2920.3000 0.1484
2922.2000 0.1486
2927.4000 0.1488
2945.2000 0.1490
2952.1000 0.1491
2956.8000 0.1493
2961.8000 0.1495
2968.7000 0.1497
2975.4000 0.1498
2985.2000 0.1500
2985.7000 0.1502
2986.2000 0.1503
2988.3000 0.1505
2989.4000 0.1507
2997.1000 0.1509
3016.3000 0.1510
3034.3000 0.1512
3037.9000 0.1514
3043.5000 0.1516
3044.0000 0.1517
3044.7000 0.1519
3046.8000 0.1521
3054.9000 0.1523
3069.6000 0.1524
3077.5000 0.1526
3082.0000 0.1528
3090.3000 0.1530
3091.7000 0.1531
3094.7000 0.1533
3110.7000 0.1535
3111.9000 0.1536
3114.8000 0.1538
3120.7000 0.1540
3123.3000 0.1542
3126.0000 0.1543
3129.4000 0.1545
3131.0000 0.1547
3133.1000 0.1549
3139.5000 0.1550
3139.7000 0.1552
3143.7000 0.1554
3144.1000 0.1556
3153.8000 0.1557
3157.6000 0.1559
3168.4000 0.1561
3174.8000 0.1562
3186.7000 0.1564
3189.6000 0.1566
3194.0000 0.1568
3194.3000 0.1569
3202.6000 0.1571
3203.4000 0.1573
3217.8000 0.1575
3226.1000 0.1576
3233.5000 0.1578
3235.8000 0.1580
3238.4000 0.1582
3255.3000 0.1583
3289.0000 0.1585
3296.2000 0.1587
3296.4000 0.1589
3306.9000 0.1590
3309.0000 0.1592
3316.6000 0.1594
3334.1000 0.1595
3335.0000 0.1597
3338.6000 0.1599
3358.2000 0.1601
3373.8000 0.1602
3373.9000 0.1604
3376.3000 0.1606
3382.4000 0.1608
3384.3000 0.1609
3387.5000 0.1611
3393.4000 0.1613
3397.3000 0.1615
3397.6000 0.1616
3398.1000 0.1618
3415.0000 0.1620
3419.1000 0.1622
3421.5000 0.1623
3428.1000 0.1625
3434.5000 0.1627
3439.9000 0.1628
3441.8000 0.1630
3447.6000 0.1632
3450.7000 0.1634
3453.5000 0.1635
3464.5000 0.1637
3468.8000 0.1639
3470.9000 0.1641
3485.0000 0.1642
3488.3000 0.1644
3494.1000 0.1646
3501.2000 0.1648
3518.4000 0.1649
3519.9000 0.1651
3538.6000 0.1653
3543.8000 0.1655
3548.3000 0.1656
3551.8000 0.1658
3554.6000 0.1660
3560.8000 0.1661
3562.7000 0.1663
3564.8000 0.1665
3580.9000 0.1667
3583.9000 0.1668
3584.3000 0.1670
3591.4000 0.1672
3623.3000 0.1674
3623.9000 0.1675
3627.7000 0.1677
3633.4000 0.1679
3654.8000 0.1681
3661.0000 0.1682
3674.2000 0.1684
3675.6000 0.1686
3675.7000 0.1687
3684.3000 0.1689
3696.5000 0.1691
3701.9000 0.1693
3704.0000 0.1694
3708.3000 0.1696
3712.8000 0.1698
3713.9000 0.1700
3727.5000 0.1701
3728.4000 0.1703
3739.3000 0.1705
3742.3000 0.1707
3745.5000 0.1708
3750.6000 0.1710
3755.4000 0.1712
3767.9000 0.1714
3771.1000 0.1715
3773.1000 0.1717
3781.3000 0.1719
3790.8000 0.1720
3797.5000 0.1722
3801.6000 0.1724
3807.4000 0.1726
3808.9000 0.1727
3809.8000 0.1729
3811.9000 0.1731
3816.4000 0.1733
3820.2000 0.1734
3824.0000 0.1736
3824.1000 0.1738
3824.3000 0.1740
3825.5000 0.1741
3832.5000 0.1743
3833.5000 0.1745
3845.7000 0.1747
3849.5000 0.1748
3858.6000 0.1750
3858.6000 0.1752
3858.6000 0.1753
3866.3000 0.1755
3867.3000 0.1757
3869.3000 0.1759
3875.3000 0.1760
3876.2000 0.1762
3877.3000 0.1764
3880.5000 0.1766
3903.4000 0.1767
3904.3000 0.1769
3908.2000 0.1771
3910.8000 0.1773
3921.4000 0.1774
3923.1000 0.1776
3927.9000 0.1778
3935.9000 0.1780
3937.8000 0.1781
3938.3000 0.1783
3945.2000 0.1785
3947.1000 0.1786
3958.9000 0.1788
3973.3000 0.1790
3979.0000 0.1792
4007.1000 0.1793
4009.4000 0.1795
4009.9000 0.1797
4010.2000 0.1799
4010.7000 0.1800
4013.7000 0.1802
4018.7000 0.1804
4027.3000 0.1806
4048.2000 0.1807
4059.9000 0.1809
4080.2000 0.1811
4084.3000 0.1812
4085.7000 0.1814
4096.8000 0.1816
4099.0000 0.1818
4116.5000 0.1819
4118.6000 0.1821
4126.3000 0.1823
4129.5000 0.1825
4153.8000 0.1826
4165.3000 0.1828
4169.9000 0.1830
4178.4000 0.1832
4180.5000 0.1833
4182.7000 0.1835
4201.4000 0.1837
4201.7000 0.1839
4208.8000 0.1840
4233.3000 0.1842
4234.8000 0.1844
4244.7000 0.1845
4245.7000 0.1847
4245.7000 0.1849
4248.9000 0.1851
4257.5000 0.1852
4258.7000 0.1854
4262.2000 0.1856
4266.2000 0.1858
4266.4000 0.1859
4266.7000 0.1861
4279.5000 0.1863
4282.5000 0.1865
4286.6000 0.1866
4298.5000 0.1868
4301.4000 0.1870
4319.5000 0.1872
4319.7000 0.1873
4321.2000 0.1875
4330.1000 0.1877
4334.8000 0.1878
4336.1000 0.1880
4338.3000 0.1882
4339.6000 0.1884
4354.8000 0.1885
4354.8000 0.1887
4358.5000 0.1889
4364.8000 0.1891
4367.8000 0.1892
4371.5000 0.1894
4379.5000 0.1896
4380.7000 0.1898
4381.2000 0.1899
4397.9000 0.1901
4406.0000 0.1903
4406.3000 0.1905
4414.3000 0.1906
4428.9000 0.1908
4429.5000 0.1910
4441.2000 0.1911
4441.4000 0.1913
4442.6000 0.1915
4450.1000 0.1917
4450.6000 0.1918
4472.5000 0.1920
4480.7000 0.1922
4488.2000 0.1924
4493.5000 0.1925
4498.3000 0.1927
4499.6000 0.1929
4500.0000 0.1931
4513.4000 0.1932
4516.4000 0.1934
4532.2000 0.1936
4540.8000 0.1937
4546.1000 0.1939
4554.3000 0.1941
4555.7000 0.1943
4565.7000 0.1944
4585.5000 0.1946
4594.2000 0.1948
4617.7000 0.1950
4623.4000 0.1951
4633.1000 0.1953
4646.0000 0.1955
4649.8000 0.1957
4651.2000 0.1958
4658.4000 0.1960
4659.0000 0.1962
4663.0000 0.1964
4669.7000 0.1965
4670.9000 0.1967
4687.5000 0.1969
4688.8000 0.1970
4691.3000 0.1972
4704.0000 0.1974
4706.1000 0.1976
4709.1000 0.1977
4712.6000 0.1979
4730.9000 0.1981
4739.0000 0.1983
4739.4000 0.1984
4750.7000 0.1986
4752.1000 0.1988
4767.0000 0.1990
4767.6000 0.1991
4780.7000 0.1993
4786.5000 0.1995
4798.6000 0.1997
4804.0000 0.1998
4805.3000 0.2000
4806.4000 0.2002
4809.3000 0.2003
4810.6000 0.2005
4812.3000 0.2007
4813.2000 0.2009
4818.2000 0.2010
4824.9000 0.2012
4830.9000 0.2014
4837.2000 0.2016
4838.4000 0.2017
4848.8000 0.2019
4856.9000 0.2021
4867.3000 0.2023
4879.6000 0.2024
4880.1000 0.2026
4887.3000 0.2028
4890.9000 0.2030
4906.5000 0.2031
4931.6000 0.2033
4932.6000 0.2035
4934.7000 0.2036
4941.3000 0.2038
4943.8000 0.2040
4949.8000 0.2042
4962.3000 0.2043
4975.2000 0.2045
4985.0000 0.2047
4987.3000 0.2049
4988.9000 0.2050
5004.4000 0.2052
5007.3000 0.2054
5012.5000 0.2056
5017.4000 0.2057
5047.0000 0.2059
5062.4000 0.2061
5063.7000 0.2062
5077.2000 0.2064
5077.7000 0.2066
5102.0000 0.2068
5102.0000 0.2069
5103.2000 0.2071
5103.3000 0.2073
5104.7000 0.2075
5104.7000 0.2076
5107.8000 0.2078
5113.4000 0.2080
5122.2000 0.2082
5136.1000 0.2083
5157.7000 0.2085
5176.2000 0.2087
5179.7000 0.2089
5181.8000 0.2090
5182.2000 0.2092
5187.4000 0.2094
5192.2000 0.2095
5205.5000 0.2097
5207.2000 0.2099
5210.6000 0.2101
5222.9000 0.2102
5224.8000 0.2104
5231.7000 0.2106
5233.5000 0.2108
5242.3000 0.2109
5254.6000 0.2111
5254.9000 0.2113
5259.9000 0.2115
5266.6000 0.2116
5287.7000 0.2118
5289.4000 0.2120
5290.6000 0.2122
5290.6000 0.2123
5294.1000 0.2125
5298.0000 0.2127
5314.3000 0.2128
5328.6000 0.2130
5336.5000 0.2132
5344.1000 0.2134
5353.8000 0.2135
5360.6000 0.2137
5363.5000 0.2139
5363.8000 0.2141
5374.8000 0.2142
5378.9000 0.2144
5382.3000 0.2146
5382.7000 0.2148
5383.9000 0.2149
5390.0000 0.2151
5405.0000 0.2153
5405.7000 0.2155
5405.9000 0.2156
5410.0000 0.2158
5413.5000 0.2160
5418.1000 0.2161
5419.0000 0.2163
5427.1000 0.2165
5444.5000 0.2167
5448.4000 0.2168
5462.5000 0.2170
5479.6000 0.2172
5483.2000 0.2174
5484.9000 0.2175
5496.1000 0.2177
5505.7000 0.2179
5528.8000 0.2181
5530.4000 0.2182
5536.3000 0.2184
5538.6000 0.2186
5539.9000 0.2187
5543.2000 0.2189
5543.3000 0.2191
5550.4000 0.2193
5569.3000 0.2194
5577.2000 0.2196
5583.4000 0.2198
5586.4000 0.2200
5591.6000 0.2201
5592.4000 0.2203
5603.9000 0.2205
5637.6000 0.2207
5643.6000 0.2208
5658.7000 0.2210
5661.7000 0.2212
5669.3000 0.2214
5671.7000 0.2215
5680.0000 0.2217
5680.1000 0.2219
5691.4000 0.2220
5695.9000 0.2222
5706.0000 0.2224
5712.9000 0.2226
5713.8000 0.2227
5723.3000 0.2229
5723.8000 0.2231
5727.7000 0.2233
5731.7000 0.2234
5735.8000 0.2236
5737.1000 0.2238
5740.0000 0.2240
5750.3000 0.2241
5751.2000 0.2243
5757.3000 0.2245
5769.0000 0.2247
5770.7000 0.2248
5772.4000 0.2250
5776.4000 0.2252
5777.1000 0.2253
5778.3000 0.2255
5784.9000 0.2257
5798.5000 0.2259
5807.8000 0.2260
5825.3000 0.2262
5830.5000 0.2264
5838.8000 0.2266
5850.3000 0.2267
5855.0000 0.2269
5855.7000 0.2271
5858.0000 0.2273
5861.3000 0.2274
5863.8000 0.2276
5866.8000 0.2278
5868.9000 0.2280
5873.6000 0.2281
5883.9000 0.2283
5886.8000 0.2285
5892.8000 0.2286
5898.4000 0.2288
5908.8000 0.2290
5909.0000 0.2292
5912.3000 0.2293
5912.8000 0.2295
5919.9000 0.2297
5926.1000 0.2299
5940.0000 0.2300
5944.5000 0.2302
5945.4000 0.2304
5950.0000 0.2306
5958.5000 0.2307
5959.2000 0.2309
5974.0000 0.2311
5978.1000 0.2312
5997.6000 0.2314
5998.3000 0.2316
6003.3000 0.2318
6005.3000 0.2319
6008.6000 0.2321
6018.1000 0.2323
6021.7000 0.2325
6033.8000 0.2326
6046.2000 0.2328
6047.7000 0.2330
6052.0000 0.2332
6060.9000 0.2333
6061.2000 0.2335
6063.9000 0.2337
6077.7000 0.2339
6080.5000 0.2340
6081.1000 0.2342
6086.4000 0.2344
6096.9000 0.2345
6128.6000 0.2347
6151.7000 0.2349
6155.5000 0.2351
6158.7000 0.2352
6166.2000 0.2354
6166.5000 0.2356
6176.1000 0.2358
6176.4000 0.2359
6184.6000 0.2361
6200.0000 0.2363
6200.6000 0.2365
6203.7000 0.2366
6204.8000 0.2368
6210.3000 0.2370
6219.6000 0.2372
6229.1000 0.2373
6240.5000 0.2375
6242.1000 0.2377
6251.3000 0.2378
6254.1000 0.2380
6257.2000 0.2382
6268.1000 0.2384
6269.6000 0.2385
6270.3000 0.2387
6286.5000 0.2389
6302.3000 0.2391
6311.4000 0.2392
6326.7000 0.2394
6331.3000 0.2396
6338.9000 0.2398
6340.9000 0.2399
6342.1000 0.2401
6347.1000 0.2403
6362.2000 0.2405
6363.8000 0.2406
6364.2000 0.2408
6371.9000 0.2410
6388.7000 0.2411
6390.9000 0.2413
6397.4000 0.2415
6404.5000 0.2417
6408.4000 0.2418
6411.2000 0.2420
6439.1000 0.2422
6440.1000 0.2424
6467.7000 0.2425
6470.1000 0.2427
6485.7000 0.2429
6487.3000 0.2431
6489.9000 0.2432
6502.0000 0.2434
6520.4000 0.2436
6522.3000 0.2437
6528.7000 0.2439
6531.6000 0.2441
6532.7000 0.2443
6542.9000 0.2444
6548.7000 0.2446
6555.0000 0.2448
6562.9000 0.2450
6565.0000 0.2451
6565.7000 0.2453
6575.0000 0.2455
6580.1000 0.2457
6600.5000 0.2458
6600.7000 0.2460
6611.8000 0.2462
6613.8000 0.2464
6638.4000 0.2465
6640.4000 0.2467
6648.5000 0.2469
6649.4000 0.2470
6661.1000 0.2472
6676.0000 0.2474
6692.4000 0.2476
6713.1000 0.2477
6717.9000 0.2479
6719.0000 0.2481
6724.3000 0.2483
6734.2000 0.2484
6737.9000 0.2486
6742.1000 0.2488
6744.8000 0.2490
6753.5000 0.2491
6774.6000 0.2493
6782.3000 0.2495
6804.9000 0.2497
6823.0000 0.2498
6830.9000 0.2500
6836.3000 0.2502
6836.5000 0.2503
6840.9000 0.2505
6848.5000 0.2507
6851.0000 0.2509
6858.3000 0.2510
6866.1000 0.2512
6870.7000 0.2514
6872.0000 0.2516
6892.2000 0.2517
6894.3000 0.2519
6895.3000 0.2521
6900.0000 0.2523
6902.9000 0.2524
6905.9000 0.2526
6937.4000 0.2528
6939.9000 0.2530
6940.9000 0.2531
6953.1000 0.2533
6957.0000 0.2535
6961.5000 0.2536
6967.3000 0.2538
6968.7000 0.2540
6972.4000 0.2542
6978.5000 0.2543
6981.3000 0.2545
6989.5000 0.2547
6997.7000 0.2549
7008.1000 0.2550
7027.4000 0.2552
7033.4000 0.2554
7045.6000 0.2556
7055.7000 0.2557
7064.5000 0.2559
7075.3000 0.2561
7078.3000 0.2563
7084.5000 0.2564
7091.2000 0.2566
7108.6000 0.2568
7108.8000 0.2569
7114.2000 0.2571
7115.0000 0.2573
7134.8000 0.2575
7136.6000 0.2576
7149.6000 0.2578
7149.8000 0.2580
7156.4000 0.2582
7188.4000 0.2583
7193.1000 0.2585
7202.1000 0.2587
7208.6000 0.2589
7221.1000 0.2590
7242.8000 0.2592
7251.1000 0.2594
7252.0000 0.2595
7259.9000 0.2597
7266.3000 0.2599
7270.4000 0.2601
7272.6000 0.2602
7296.0000 0.2604
7301.8000 0.2606
7310.8000 0.2608
7312.1000 0.2609
7319.0000 0.2611
7327.5000 0.2613
7332.7000 0.2615
7334.2000 0.2616
7334.9000 0.2618
7336.6000 0.2620
7346.2000 0.2622
7350.1000 0.2623
7359.1000 0.2625
7375.7000 0.2627
7394.3000 0.2628
7408.6000 0.2630
7408.8000 0.2632
7418.9000 0.2634
7426.5000 0.2635
7439.6000 0.2637
7447.5000 0.2639
7467.1000 0.2641
7473.2000 0.2642
7476.6000 0.2644
7479.8000 0.2646
7485.6000 0.2648
7485.9000 0.2649
7486.5000 0.2651
7490.4000 0.2653
7507.8000 0.2655
7538.6000 0.2656
7557.8000 0.2658
7561.7000 0.2660
7578.8000 0.2661
7579.9000 0.2663
7597.1000 0.2665
7599.5000 0.2667
7599.8000 0.2668
7613.3000 0.2670
7634.7000 0.2672
7636.4000 0.2674
7640.6000 0.2675
7653.3000 0.2677
7660.5000 0.2679
7668.6000 0.2681
7669.2000 0.2682
7675.3000 0.2684
7685.8000 0.2686
7689.6000 0.2688
7698.7000 0.2689
7699.9000 0.2691
7699.9000 0.2693
7708.8000 0.2694
7715.5000 0.2696
7715.8000 0.2698
7732.9000 0.2700
7734.3000 0.2701
7747.3000 0.2703
7747.6000 0.2705
7749.2000 0.2707
7751.7000 0.2708
7758.3000 0.2710
7760.4000 0.2712
7770.3000 0.2714
7792.7000 0.2715
7799.2000 0.2717
7808.3000 0.2719
7851.2000 0.2720
7859.2000 0.2722
7879.5000 0.2724
7882.4000 0.2726
7890.3000 0.2727
7894.5000 0.2729
7897.4000 0.2731
7903.0000 0.2733
7912.6000 0.2734
7914.7000 0.2736
7932.2000 0.2738
7935.7000 0.2740
7953.2000 0.2741
7958.7000 0.2743
7966.5000 0.2745
7976.7000 0.2747
7984.6000 0.2748
8004.7000 0.2750
8005.9000 0.2752
8007.2000 0.2753
8008.7000 0.2755
8023.4000 0.2757
8055.8000 0.2759
8075.5000 0.2760
8075.6000 0.2762
8078.0000 0.2764
8085.8000 0.2766
8088.5000 0.2767
8089.9000 0.2769
8097.7000 0.2771
8098.7000 0.2773
8105.6000 0.2774
8111.9000 0.2776
8136.1000 0.2778
8144.3000 0.2780
8145.9000 0.2781
8146.2000 0.2783
8162.9000 0.2785
8163.7000 0.2786
8177.7000 0.2788
8193.5000 0.2790
8204.9000 0.2792
8208.1000 0.2793
8212.2000 0.2795
8214.2000 0.2797
8214.5000 0.2799
8234.2000 0.2800
8239.7000 0.2802
8241.7000 0.2804
8251.3000 0.2806
8251.4000 0.2807
8266.3000 0.2809
8284.6000 0.2811
8304.6000 0.2813
8312.7000 0.2814
8317.8000 0.2816
8319.5000 0.2818
8336.3000 0.2819
8343.7000 0.2821
8347.2000 0.2823
8357.7000 0.2825
8362.8000 0.2826
8376.6000 0.2828
8381.7000 0.2830
8399.9000 0.2832
8410.0000 0.2833
8415.7000 0.2835
8429.3000 0.2837
8446.1000 0.2839
8447.4000 0.2840
8467.4000 0.2842
8472.2000 0.2844
8473.2000 0.2845
8482.7000 0.2847
8492.6000 0.2849
8504.0000 0.2851
8508.2000 0.2852
8515.5000 0.2854
8519.7000 0.2856
8524.6000 0.2858
8527.7000 0.2859
8529.2000 0.2861
8530.2000 0.2863
8531.2000 0.2865
8533.9000 0.2866
8544.0000 0.2868
8549.8000 0.2870
8559.1000 0.2872
8575.7000 0.2873
8581.6000 0.2875
8595.5000 0.2877
8601.9000 0.2878
8618.9000 0.2880
8619.1000 0.2882
8623.6000 0.2884
8623.7000 0.2885
8632.3000 0.2887
8638.4000 0.2889
8646.1000 0.2891
8647.4000 0.2892
8666.6000 0.2894
8668.8000 0.2896
8670.8000 0.2898
8679.8000 0.2899
8687.2000 0.2901
8694.6000 0.2903
8694.8000 0.2905
8703.8000 0.2906
8704.3000 0.2908
8707.5000 0.2910
8728.5000 0.2911
8764.0000 0.2913
8782.7000 0.2915
8782.7000 0.2917
8784.4000 0.2918
8786.7000 0.2920
8791.9000 0.2922
8797.7000 0.2924
8799.4000 0.2925
8800.5000 0.2927
8804.8000 0.2929
8813.3000 0.2931
8815.0000 0.2932
8837.6000 0.2934
8838.5000 0.2936
8847.0000 0.2938
8851.0000 0.2939
8853.4000 0.2941
8865.4000 0.2943
8866.6000 0.2944
8898.7000 0.2946
8908.6000 0.2948
8913.4000 0.2950
8920.8000 0.2951
8927.9000 0.2953
8936.3000 0.2955
8941.0000 0.2957
8945.6000 0.2958
8952.9000 0.2960
8971.8000 0.2962
8977.7000 0.2964
8980.4000 0.2965
8996.7000 0.2967
8999.3000 0.2969
9002.3000 0.2970
9012.2000 0.2972
9012.4000 0.2974
9021.7000 0.2976
9030.0000 0.2977
9037.4000 0.2979
9042.5000 0.2981
9058.6000 0.2983
9065.2000 0.2984
9082.4000 0.2986
9091.4000 0.2988
9099.1000 0.2990
9099.9000 0.2991
9103.3000 0.2993
9105.3000 0.2995
9114.4000 0.2997
9121.3000 0.2998
9137.6000 0.3000
9137.6000 0.3002
9138.7000 0.3003
9140.6000 0.3005
9141.1000 0.3007
9150.7000 0.3009
9158.4000 0.3010
9159.9000 0.3012
9160.9000 0.3014
9168.9000 0.3016
9172.9000 0.3017
9207.6000 0.3019
9208.6000 0.3021
9209.2000 0.3023
9210.0000 0.3024
9212.0000 0.3026
9229.1000 0.3028
9234.8000 0.3030
9247.4000 0.3031
9254.7000 0.3033
9269.3000 0.3035
9269.5000 0.3036
9283.7000 0.3038
9285.5000 0.3040
9291.1000 0.3042
9316.3000 0.3043
9321.5000 0.3045
9322.5000 0.3047
9340.0000 0.3049
9366.7000 0.3050
9366.8000 0.3052
9371.5000 0.3054
9375.6000 0.3056
9378.5000 0.3057
9392.3000 0.3059
9403.7000 0.3061
9405.0000 0.3063
9407.5000 0.3064
9428.8000 0.3066
9432.8000 0.3068
9465.0000 0.3069
9481.7000 0.3071
9488.3000 0.3073
9494.6000 0.3075
9496.4000 0.3076
9503.7000 0.3078
9509.9000 0.3080
9514.0000 0.3082
9533.2000 0.3083
9611.8000 0.3085
9613.9000 0.3087
9616.1000 0.3089
9618.6000 0.3090
9636.9000 0.3092
9652.7000 0.3094
9659.9000 0.3095
9667.2000 0.3097
9671.2000 0.3099
9677.5000 0.3101
9680.7000 0.3102
9685.7000 0.3104
9694.2000 0.3106
9701.8000 0.3108
9704.7000 0.3109
9708.1000 0.3111
9712.5000 0.3113
9721.2000 0.3115
9724.5000 0.3116
9724.9000 0.3118
9751.8000 0.3120
9775.3000 0.3122
9784.8000 0.3123
9797.6000 0.3125
9808.9000 0.3127
9815.6000 0.3128
9832.6000 0.3130
9836.4000 0.3132
9840.3000 0.3134
9847.6000 0.3135
9850.1000 0.3137
9863.2000 0.3139
9884.9000 0.3141
9885.3000 0.3142
9902.7000 0.3144
9910.5000 0.3146
9927.8000 0.3148
9928.6000 0.3149
9932.6000 0.3151
9940.0000 0.3153
9949.6000 0.3155
9953.1000 0.3156
9978.6000 0.3158
9979.0000 0.3160
9980.2000 0.3161
9988.2000 0.3163
9990.6000 0.3165
10002.7000 0.3167
10008.6000 0.3168
10024.6000 0.3170
10038.5000 0.3172
10043.6000 0.3174
10049.3000 0.3175
10066.1000 0.3177
10075.7000 0.3179
10078.8000 0.3181
10080.9000 0.3182
10090.4000 0.3184
10090.8000 0.3186
10092.3000 0.3188
10107.5000 0.3189
10109.3000 0.3191
10111.5000 0.3193
10115.5000 0.3194
10123.1000 0.3196
10125.4000 0.3198
10133.7000 0.3200
10137.1000 0.3201
10141.2000 0.3203
10151.0000 0.3205
10163.2000 0.3207
10166.2000 0.3208
10168.5000 0.3210
10173.0000 0.3212
10174.8000 0.3214
10181.1000 0.3215
10202.7000 0.3217
10204.4000 0.3219
10214.1000 0.3220
10218.6000 0.3222
10228.4000 0.3224
10229.5000 0.3226
10238.7000 0.3227
10240.0000 0.3229
10245.8000 0.3231
10249.8000 0.3233
10274.2000 0.3234
10282.1000 0.3236
10284.9000 0.3238
10298.3000 0.3240
10308.6000 0.3241
10311.6000 0.3243
10313.9000 0.3245
10322.5000 0.3247
10329.6000 0.3248
10344.5000 0.3250
10353.3000 0.3252
10356.0000 0.3253
10367.7000 0.3255
10370.4000 0.3257
10372.7000 0.3259
10386.6000 0.3260
10401.2000 0.3262
10430.0000 0.3264
10443.2000 0.3266
10445.1000 0.3267
10449.1000 0.3269
10450.0000 0.3271
10450.6000 0.3273
10456.9000 0.3274
10487.6000 0.3276
10503.2000 0.3278
10507.7000 0.3280
10521.3000 0.3281
10523.7000 0.3283
10534.6000 0.3285
10558.3000 0.3286
10562.0000 0.3288
10575.2000 0.3290
10579.4000 0.3292
10584.2000 0.3293
10598.7000 0.3295
10607.3000 0.3297
10609.5000 0.3299
10610.3000 0.3300
10613.5000 0.3302
10635.6000 0.3304
10644.1000 0.3306
10645.5000 0.3307
10649.9000 0.3309
10657.9000 0.3311
10669.8000 0.3313
10670.0000 0.3314
10671.9000 0.3316
10674.3000 0.3318
10702.2000 0.3319
10704.5000 0.3321
10707.8000 0.3323
10712.5000 0.3325
10719.8000 0.3326
10728.1000 0.3328
10737.7000 0.3330
10770.3000 0.3332
10818.3000 0.3333
10828.8000 0.3335
10829.3000 0.3337
10844.5000 0.3339
10850.3000 0.3340
10859.9000 0.3342
10862.1000 0.3344
10864.0000 0.3345
10866.2000 0.3347
10870.6000 0.3349
10873.7000 0.3351
10885.8000 0.3352
10895.8000 0.3354
10904.4000 0.3356
10909.9000 0.3358
10913.4000 0.3359
10913.5000 0.3361
10915.0000 0.3363
10933.7000 0.3365
10939.1000 0.3366
10949.7000 0.3368
10951.1000 0.3370
10963.4000 0.3372
10974.5000 0.3373
10981.3000 0.3375
11000.7000 0.3377
11010.3000 0.3378
11011.9000 0.3380
11020.8000 0.3382
11024.3000 0.3384
11027.0000 0.3385
11027.3000 0.3387
11033.8000 0.3389
11055.4000 0.3391
11062.6000 0.3392
11064.8000 0.3394
11068.7000 0.3396
11071.0000 0.3398
11085.5000 0.3399
11085.5000 0.3401
11086.0000 0.3403
11088.1000 0.3405
11118.3000 0.3406
11124.7000 0.3408
11146.3000 0.3410
11150.1000 0.3411
11158.9000 0.3413
11162.7000 0.3415
11168.7000 0.3417
11201.6000 0.3418
11209.3000 0.3420
11223.2000 0.3422
11227.4000 0.3424
11227.6000 0.3425
11232.2000 0.3427
11234.5000 0.3429
11262.0000 0.3431
11265.5000 0.3432
11269.8000 0.3434
11284.2000 0.3436
11302.1000 0.3438
11332.3000 0.3439
11338.5000 0.3441
11348.0000 0.3443
11353.3000 0.3444
11354.3000 0.3446
11365.5000 0.3448
11378.1000 0.3450
11384.0000 0.3451
11393.7000 0.3453
11393.9000 0.3455
11395.2000 0.3457
11403.6000 0.3458
11403.6000 0.3460
11406.0000 0.3462
11420.0000 0.3464
11422.4000 0.3465
11423.3000 0.3467
11428.2000 0.3469
11428.5000 0.3470
11434.4000 0.3472
11440.0000 0.3474
11444.1000 0.3476
11467.5000 0.3477
11494.5000 0.3479
11499.2000 0.3481
11499.4000 0.3483
11515.6000 0.3484
11518.7000 0.3486
11534.0000 0.3488
11545.6000 0.3490
11550.2000 0.3491
11568.2000 0.3493
11592.6000 0.3495
11613.4000 0.3497
11622.1000 0.3498
11629.4000 0.3500
11633.6000 0.3502
11641.4000 0.3503
11645.7000 0.3505
11647.3000 0.3507
11655.5000 0.3509
11663.4000 0.3510
11690.4000 0.3512
11699.6000 0.3514
11701.5000 0.3516
11714.5000 0.3517
11714.9000 0.3519
11737.5000 0.3521
11738.8000 0.3523
11745.1000 0.3524
11753.9000 0.3526
11765.9000 0.3528
11769.1000 0.3530
11772.4000 0.3531
11774.2000 0.3533
11776.5000 0.3535
11779.4000 0.3536
11781.3000 0.3538
11783.7000 0.3540
11789.2000 0.3542
11793.0000 0.3543
11810.5000 0.3545
11812.4000 0.3547
11814.1000 0.3549
11823.3000 0.3550
11823.5000 0.3552
11824.2000 0.3554
11866.3000 0.3556
11868.5000 0.3557
11872.0000 0.3559
11880.6000 0.3561
11882.4000 0.3563
11905.2000 0.3564
11908.6000 0.3566
11914.8000 0.3568
11915.9000 0.3569
11918.0000 0.3571
11925.7000 0.3573
11935.7000 0.3575
11937.4000 0.3576
11958.4000 0.3578
11960.7000 0.3580
11962.4000 0.3582
11965.8000 0.3583
11971.1000 0.3585
11974.7000 0.3587
