# messageDelay  cumulativeProbability
1.0000 0.0001
1.0000 0.0002
1.0000 0.0003
1.0000 0.0004
1.0000 0.0005
1.0000 0.0006
1.0000 0.0007
1.0000 0.0008
1.0000 0.0009
1.0000 0.0010
1.0000 0.0011
1.0000 0.0013
1.0000 0.0014
1.0000 0.0015
1.0000 0.0016
1.0000 0.0017
1.0000 0.0018
1.0000 0.0019
1.0000 0.0020
1.0000 0.0021
1.0000 0.0022
1.0000 0.0023
1.4000 0.0024
1.5000 0.0025
1.8000 0.0026
53.5000 0.0027
59.4000 0.0028
68.1000 0.0029
70.3000 0.0030
78.8000 0.0031
83.8000 0.0032
88.5000 0.0033
104.6000 0.0034
107.8000 0.0035
111.2000 0.0036
115.9000 0.0037
117.5000 0.0039
118.0000 0.0040
121.7000 0.0041
124.9000 0.0042
127.2000 0.0043
128.5000 0.0044
129.8000 0.0045
135.2000 0.0046
136.0000 0.0047
137.8000 0.0048
137.8000 0.0049
140.3000 0.0050
140.3000 0.0051
143.8000 0.0052
148.0000 0.0053
156.3000 0.0054
158.1000 0.0055
159.2000 0.0056
161.4000 0.0057
162.4000 0.0058
162.5000 0.0059
162.9000 0.0060
164.0000 0.0061
164.6000 0.0062
167.0000 0.0064
167.3000 0.0065
167.8000 0.0066
168.2000 0.0067
168.8000 0.0068
171.3000 0.0069
171.4000 0.0070
174.3000 0.0071
174.6000 0.0072
175.3000 0.0073
175.9000 0.0074
176.2000 0.0075
178.3000 0.0076
179.8000 0.0077
185.2000 0.0078
186.9000 0.0079
188.0000 0.0080
188.5000 0.0081
190.2000 0.0082
192.0000 0.0083
197.5000 0.0084
197.6000 0.0085
200.5000 0.0086
201.3000 0.0087
202.5000 0.0089
203.7000 0.0090
203.8000 0.0091
204.8000 0.0092
206.4000 0.0093
206.8000 0.0094
207.9000 0.0095
208.9000 0.0096
209.3000 0.0097
210.1000 0.0098
210.7000 0.0099
212.5000 0.0100
213.3000 0.0101
214.2000 0.0102
215.5000 0.0103
215.5000 0.0104
215.7000 0.0105
217.1000 0.0106
218.2000 0.0107
218.3000 0.0108
219.5000 0.0109
219.6000 0.0110
221.4000 0.0111
221.8000 0.0113
221.9000 0.0114
222.6000 0.0115
225.3000 0.0116
227.2000 0.0117
228.1000 0.0118
228.3000 0.0119
231.7000 0.0120
234.1000 0.0121
234.7000 0.0122
235.8000 0.0123
236.0000 0.0124
236.0000 0.0125
236.2000 0.0126
236.2000 0.0127
238.2000 0.0128
239.1000 0.0129
239.3000 0.0130
239.4000 0.0131
240.2000 0.0132
240.2000 0.0133
240.3000 0.0134
240.6000 0.0135
240.8000 0.0136
242.2000 0.0138
246.0000 0.0139
247.9000 0.0140
249.0000 0.0141
251.1000 0.0142
251.1000 0.0143
253.5000 0.0144
258.4000 0.0145
260.2000 0.0146
260.8000 0.0147
261.4000 0.0148
263.6000 0.0149
265.2000 0.0150
268.3000 0.0151
270.1000 0.0152
271.2000 0.0153
271.4000 0.0154
273.4000 0.0155
274.3000 0.0156
274.7000 0.0157
277.8000 0.0158
278.1000 0.0159
278.2000 0.0160
279.1000 0.0161
285.0000 0.0163
285.3000 0.0164
285.4000 0.0165
287.6000 0.0166
288.0000 0.0167
288.0000 0.0168
289.2000 0.0169
291.9000 0.0170
292.3000 0.0171
293.8000 0.0172
294.6000 0.0173
297.1000 0.0174
297.7000 0.0175
298.0000 0.0176
298.1000 0.0177
299.2000 0.0178
299.6000 0.0179
299.8000 0.0180
303.8000 0.0181
304.0000 0.0182
306.4000 0.0183
306.8000 0.0184
306.9000 0.0185
307.5000 0.0186
307.7000 0.0188
308.9000 0.0189
310.2000 0.0190
310.5000 0.0191
311.2000 0.0192
311.4000 0.0193
311.5000 0.0194
312.6000 0.0195
318.4000 0.0196
320.3000 0.0197
321.0000 0.0198
321.8000 0.0199
324.2000 0.0200
325.2000 0.0201
325.4000 0.0202
325.8000 0.0203
326.0000 0.0204
327.2000 0.0205
332.1000 0.0206
332.6000 0.0207
333.2000 0.0208
333.5000 0.0209
333.5000 0.0210
335.4000 0.0211
339.7000 0.0212
340.0000 0.0214
340.9000 0.0215
342.3000 0.0216
343.7000 0.0217
344.2000 0.0218
344.3000 0.0219
344.6000 0.0220
350.4000 0.0221
350.7000 0.0222
351.3000 0.0223
353.5000 0.0224
355.9000 0.0225
356.3000 0.0226
357.7000 0.0227
358.4000 0.0228
360.5000 0.0229
361.3000 0.0230
365.5000 0.0231
366.4000 0.0232
366.8000 0.0233
367.6000 0.0234
368.6000 0.0235
370.5000 0.0236
373.1000 0.0237
375.1000 0.0239
375.4000 0.0240
376.4000 0.0241
380.3000 0.0242
380.6000 0.0243
381.0000 0.0244
382.2000 0.0245
386.1000 0.0246
390.2000 0.0247
390.4000 0.0248
391.2000 0.0249
392.3000 0.0250
392.7000 0.0251
393.6000 0.0252
395.3000 0.0253
395.7000 0.0254
395.8000 0.0255
396.0000 0.0256
396.7000 0.0257
396.8000 0.0258
398.5000 0.0259
399.0000 0.0260
399.2000 0.0261
399.4000 0.0262
399.8000 0.0264
400.9000 0.0265
402.2000 0.0266
404.0000 0.0267
404.8000 0.0268
405.5000 0.0269
409.2000 0.0270
410.0000 0.0271
410.2000 0.0272
412.6000 0.0273
412.8000 0.0274
418.4000 0.0275
420.2000 0.0276
422.4000 0.0277
423.3000 0.0278
423.7000 0.0279
426.2000 0.0280
427.6000 0.0281
428.1000 0.0282
434.5000 0.0283
435.3000 0.0284
436.6000 0.0285
436.6000 0.0286
437.4000 0.0287
437.4000 0.0289
439.5000 0.0290
442.4000 0.0291
444.0000 0.0292
449.6000 0.0293
449.7000 0.0294
451.4000 0.0295
452.3000 0.0296
452.5000 0.0297
453.1000 0.0298
455.1000 0.0299
457.5000 0.0300
457.7000 0.0301
458.5000 0.0302
458.9000 0.0303
460.5000 0.0304
460.7000 0.0305
463.7000 0.0306
464.1000 0.0307
464.2000 0.0308
464.5000 0.0309
465.4000 0.0310
465.8000 0.0311
467.0000 0.0312
467.3000 0.0314
468.2000 0.0315
470.1000 0.0316
471.5000 0.0317
471.7000 0.0318
473.0000 0.0319
475.7000 0.0320
479.6000 0.0321
480.9000 0.0322
481.6000 0.0323
481.8000 0.0324
481.9000 0.0325
483.5000 0.0326
483.7000 0.0327
483.8000 0.0328
485.7000 0.0329
486.0000 0.0330
486.6000 0.0331
488.4000 0.0332
489.6000 0.0333
490.3000 0.0334
490.9000 0.0335
491.5000 0.0336
493.5000 0.0337
496.6000 0.0339
497.6000 0.0340
497.6000 0.0341
500.8000 0.0342
501.1000 0.0343
501.6000 0.0344
502.4000 0.0345
502.8000 0.0346
504.6000 0.0347
507.6000 0.0348
508.3000 0.0349
510.2000 0.0350
511.0000 0.0351
511.2000 0.0352
513.2000 0.0353
513.3000 0.0354
513.3000 0.0355
516.8000 0.0356
518.0000 0.0357
518.7000 0.0358
520.3000 0.0359
521.2000 0.0360
521.4000 0.0361
522.4000 0.0362
523.7000 0.0364
524.9000 0.0365
528.3000 0.0366
528.7000 0.0367
528.9000 0.0368
530.8000 0.0369
531.9000 0.0370
532.6000 0.0371
534.2000 0.0372
535.8000 0.0373
536.4000 0.0374
536.5000 0.0375
537.4000 0.0376
538.5000 0.0377
539.0000 0.0378
539.1000 0.0379
539.2000 0.0380
539.4000 0.0381
540.8000 0.0382
541.8000 0.0383
542.2000 0.0384
546.5000 0.0385
549.6000 0.0386
549.6000 0.0388
551.4000 0.0389
551.9000 0.0390
552.1000 0.0391
552.5000 0.0392
554.6000 0.0393
555.4000 0.0394
556.6000 0.0395
557.7000 0.0396
558.2000 0.0397
558.5000 0.0398
559.6000 0.0399
561.5000 0.0400
561.8000 0.0401
564.6000 0.0402
565.0000 0.0403
567.0000 0.0404
567.8000 0.0405
567.8000 0.0406
568.3000 0.0407
568.8000 0.0408
569.0000 0.0409
570.3000 0.0410
570.4000 0.0411
571.3000 0.0413
572.2000 0.0414
572.2000 0.0415
572.3000 0.0416
572.6000 0.0417
572.9000 0.0418
573.6000 0.0419
575.4000 0.0420
575.6000 0.0421
576.0000 0.0422
576.6000 0.0423
577.8000 0.0424
578.3000 0.0425
579.0000 0.0426
579.5000 0.0427
579.7000 0.0428
581.0000 0.0429
581.5000 0.0430
582.3000 0.0431
582.8000 0.0432
584.3000 0.0433
584.3000 0.0434
584.8000 0.0435
590.4000 0.0436
591.6000 0.0438
594.2000 0.0439
594.5000 0.0440
594.5000 0.0441
595.8000 0.0442
596.4000 0.0443
596.5000 0.0444
596.6000 0.0445
599.8000 0.0446
602.9000 0.0447
603.2000 0.0448
604.8000 0.0449
606.9000 0.0450
606.9000 0.0451
608.3000 0.0452
609.1000 0.0453
610.7000 0.0454
614.4000 0.0455
615.3000 0.0456
615.4000 0.0457
615.5000 0.0458
616.8000 0.0459
616.9000 0.0460
617.5000 0.0461
619.3000 0.0463
620.3000 0.0464
621.6000 0.0465
621.7000 0.0466
624.1000 0.0467
624.5000 0.0468
626.9000 0.0469
627.0000 0.0470
627.8000 0.0471
627.8000 0.0472
628.0000 0.0473
630.8000 0.0474
631.4000 0.0475
632.2000 0.0476
634.8000 0.0477
640.7000 0.0478
641.6000 0.0479
643.2000 0.0480
644.0000 0.0481
644.4000 0.0482
644.6000 0.0483
645.3000 0.0484
646.0000 0.0485
648.9000 0.0486
651.3000 0.0488
651.8000 0.0489
653.0000 0.0490
654.5000 0.0491
654.7000 0.0492
656.8000 0.0493
657.3000 0.0494
658.3000 0.0495
658.6000 0.0496
660.5000 0.0497
662.2000 0.0498
663.7000 0.0499
663.9000 0.0500
664.8000 0.0501
667.3000 0.0502
669.4000 0.0503
669.4000 0.0504
669.8000 0.0505
671.5000 0.0506
672.0000 0.0507
673.3000 0.0508
675.1000 0.0509
676.6000 0.0510
677.0000 0.0511
677.9000 0.0513
680.0000 0.0514
680.6000 0.0515
685.6000 0.0516
686.0000 0.0517
686.7000 0.0518
687.3000 0.0519
687.6000 0.0520
689.7000 0.0521
690.4000 0.0522
691.1000 0.0523
695.7000 0.0524
696.9000 0.0525
699.3000 0.0526
700.4000 0.0527
700.4000 0.0528
701.3000 0.0529
702.0000 0.0530
703.4000 0.0531
703.5000 0.0532
704.3000 0.0533
704.5000 0.0534
705.7000 0.0535
707.7000 0.0536
708.4000 0.0538
709.1000 0.0539
709.7000 0.0540
710.2000 0.0541
710.4000 0.0542
710.4000 0.0543
710.7000 0.0544
712.5000 0.0545
713.5000 0.0546
713.6000 0.0547
713.7000 0.0548
713.7000 0.0549
713.8000 0.0550
714.1000 0.0551
716.0000 0.0552
717.0000 0.0553
717.4000 0.0554
717.7000 0.0555
718.9000 0.0556
720.6000 0.0557
722.1000 0.0558
722.4000 0.0559
723.4000 0.0560
725.2000 0.0561
725.9000 0.0563
726.8000 0.0564
728.3000 0.0565
728.5000 0.0566
729.2000 0.0567
729.7000 0.0568
732.3000 0.0569
732.4000 0.0570
732.7000 0.0571
733.7000 0.0572
734.8000 0.0573
734.8000 0.0574
737.0000 0.0575
737.5000 0.0576
738.6000 0.0577
739.2000 0.0578
740.4000 0.0579
741.0000 0.0580
741.3000 0.0581
742.0000 0.0582
742.7000 0.0583
742.8000 0.0584
744.4000 0.0585
745.0000 0.0586
746.7000 0.0588
747.7000 0.0589
749.1000 0.0590
749.3000 0.0591
750.4000 0.0592
751.8000 0.0593
752.2000 0.0594
752.7000 0.0595
753.3000 0.0596
756.4000 0.0597
757.5000 0.0598
757.9000 0.0599
759.0000 0.0600
759.3000 0.0601
759.4000 0.0602
760.7000 0.0603
761.6000 0.0604
761.8000 0.0605
764.9000 0.0606
765.5000 0.0607
767.7000 0.0608
768.0000 0.0609
769.0000 0.0610
771.4000 0.0611
771.8000 0.0613
773.5000 0.0614
774.1000 0.0615
775.4000 0.0616
775.6000 0.0617
776.4000 0.0618
776.7000 0.0619
777.8000 0.0620
779.5000 0.0621
779.7000 0.0622
779.8000 0.0623
781.1000 0.0624
782.6000 0.0625
782.8000 0.0626
782.8000 0.0627
783.0000 0.0628
783.3000 0.0629
785.0000 0.0630
785.7000 0.0631
787.1000 0.0632
788.2000 0.0633
788.8000 0.0634
789.2000 0.0635
789.3000 0.0636
789.5000 0.0638
790.0000 0.0639
791.6000 0.0640
796.6000 0.0641
796.7000 0.0642
797.1000 0.0643
797.3000 0.0644
798.7000 0.0645
799.5000 0.0646
801.1000 0.0647
801.4000 0.0648
803.1000 0.0649
803.2000 0.0650
803.3000 0.0651
803.4000 0.0652
803.6000 0.0653
804.4000 0.0654
806.5000 0.0655
807.1000 0.0656
807.5000 0.0657
809.3000 0.0658
809.8000 0.0659
810.5000 0.0660
811.7000 0.0661
812.0000 0.0663
814.5000 0.0664
815.7000 0.0665
817.9000 0.0666
821.4000 0.0667
822.8000 0.0668
825.1000 0.0669
825.1000 0.0670
826.4000 0.0671
826.9000 0.0672
827.7000 0.0673
827.9000 0.0674
828.2000 0.0675
828.4000 0.0676
829.8000 0.0677
835.9000 0.0678
837.0000 0.0679
837.7000 0.0680
840.7000 0.0681
840.8000 0.0682
842.9000 0.0683
843.6000 0.0684
844.0000 0.0685
846.3000 0.0686
847.7000 0.0688
847.8000 0.0689
849.0000 0.0690
849.4000 0.0691
850.6000 0.0692
853.7000 0.0693
854.2000 0.0694
854.3000 0.0695
854.5000 0.0696
855.6000 0.0697
855.7000 0.0698
858.4000 0.0699
858.7000 0.0700
859.2000 0.0701
860.0000 0.0702
863.0000 0.0703
863.8000 0.0704
864.6000 0.0705
865.4000 0.0706
867.4000 0.0707
867.7000 0.0708
869.5000 0.0709
869.7000 0.0710
869.8000 0.0711
875.4000 0.0713
877.6000 0.0714
878.4000 0.0715
879.0000 0.0716
880.2000 0.0717
880.3000 0.0718
880.4000 0.0719
881.3000 0.0720
883.0000 0.0721
883.5000 0.0722
885.2000 0.0723
886.0000 0.0724
886.6000 0.0725
886.9000 0.0726
887.1000 0.0727
887.7000 0.0728
891.1000 0.0729
891.7000 0.0730
891.9000 0.0731
893.7000 0.0732
893.7000 0.0733
894.5000 0.0734
894.9000 0.0735
895.5000 0.0736
895.9000 0.0738
896.3000 0.0739
896.3000 0.0740
899.6000 0.0741
899.8000 0.0742
902.9000 0.0743
904.6000 0.0744
905.4000 0.0745
907.1000 0.0746
907.9000 0.0747
909.5000 0.0748
909.5000 0.0749
910.0000 0.0750
910.2000 0.0751
910.3000 0.0752
910.5000 0.0753
911.5000 0.0754
911.8000 0.0755
914.5000 0.0756
917.0000 0.0757
917.9000 0.0758
919.2000 0.0759
919.5000 0.0760
919.7000 0.0761
920.3000 0.0763
920.9000 0.0764
920.9000 0.0765
920.9000 0.0766
924.3000 0.0767
925.5000 0.0768
927.8000 0.0769
929.4000 0.0770
930.2000 0.0771
931.0000 0.0772
931.5000 0.0773
931.6000 0.0774
932.0000 0.0775
932.1000 0.0776
932.1000 0.0777
932.4000 0.0778
934.0000 0.0779
938.6000 0.0780
938.8000 0.0781
939.0000 0.0782
939.3000 0.0783
940.6000 0.0784
940.8000 0.0785
941.4000 0.0786
943.9000 0.0788
945.2000 0.0789
945.2000 0.0790
946.8000 0.0791
947.5000 0.0792
949.7000 0.0793
950.1000 0.0794
951.4000 0.0795
952.4000 0.0796
955.0000 0.0797
955.9000 0.0798
957.2000 0.0799
957.6000 0.0800
958.1000 0.0801
958.9000 0.0802
959.1000 0.0803
959.3000 0.0804
959.7000 0.0805
960.5000 0.0806
964.6000 0.0807
965.2000 0.0808
965.8000 0.0809
966.2000 0.0810
967.3000 0.0811
967.7000 0.0813
970.0000 0.0814
974.8000 0.0815
975.6000 0.0816
977.3000 0.0817
977.8000 0.0818
978.0000 0.0819
978.1000 0.0820
978.5000 0.0821
979.5000 0.0822
979.5000 0.0823
980.2000 0.0824
982.9000 0.0825
983.0000 0.0826
983.9000 0.0827
984.3000 0.0828
985.2000 0.0829
986.4000 0.0830
987.1000 0.0831
987.6000 0.0832
989.2000 0.0833
989.7000 0.0834
990.1000 0.0835
990.6000 0.0836
991.6000 0.0838
994.4000 0.0839
994.4000 0.0840
995.0000 0.0841
995.4000 0.0842
999.2000 0.0843
999.5000 0.0844
999.7000 0.0845
999.7000 0.0846
1004.0000 0.0847
1004.5000 0.0848
1004.6000 0.0849
1006.3000 0.0850
1007.2000 0.0851
1009.2000 0.0852
1011.0000 0.0853
1014.2000 0.0854
1014.4000 0.0855
1015.0000 0.0856
1015.9000 0.0857
1016.0000 0.0858
1016.1000 0.0859
1016.2000 0.0860
1016.7000 0.0861
1017.2000 0.0863
1017.9000 0.0864
1018.6000 0.0865
1018.7000 0.0866
1019.7000 0.0867
1020.7000 0.0868
1021.1000 0.0869
1022.2000 0.0870
1022.9000 0.0871
1024.4000 0.0872
1025.0000 0.0873
1025.4000 0.0874
1026.8000 0.0875
1026.9000 0.0876
1027.0000 0.0877
1028.4000 0.0878
1030.4000 0.0879
1031.4000 0.0880
1031.7000 0.0881
1031.7000 0.0882
1032.2000 0.0883
1034.0000 0.0884
1034.2000 0.0885
1034.4000 0.0886
1034.8000 0.0888
1036.7000 0.0889
1039.8000 0.0890
1042.4000 0.0891
1042.4000 0.0892
1047.6000 0.0893
1049.2000 0.0894
1051.2000 0.0895
1053.5000 0.0896
1056.6000 0.0897
1058.2000 0.0898
1059.8000 0.0899
1062.1000 0.0900
1062.2000 0.0901
1067.7000 0.0902
1069.3000 0.0903
1069.6000 0.0904
1070.3000 0.0905
1070.3000 0.0906
1070.5000 0.0907
1070.9000 0.0908
1070.9000 0.0909
1071.0000 0.0910
1071.1000 0.0911
1071.6000 0.0913
1073.2000 0.0914
1073.4000 0.0915
1073.6000 0.0916
1075.2000 0.0917
1076.9000 0.0918
1077.6000 0.0919
1077.7000 0.0920
1079.7000 0.0921
1081.1000 0.0922
1081.5000 0.0923
1081.8000 0.0924
1082.8000 0.0925
1083.4000 0.0926
1084.9000 0.0927
1085.2000 0.0928
1086.0000 0.0929
1087.0000 0.0930
1089.0000 0.0931
1089.3000 0.0932
1091.0000 0.0933
1094.2000 0.0934
1095.2000 0.0935
1096.0000 0.0936
1098.6000 0.0938
1098.8000 0.0939
1101.8000 0.0940
1102.0000 0.0941
1102.8000 0.0942
1103.1000 0.0943
1103.8000 0.0944
1104.5000 0.0945
1104.5000 0.0946
1104.6000 0.0947
1105.2000 0.0948
1106.4000 0.0949
1108.0000 0.0950
1108.7000 0.0951
1109.6000 0.0952
1110.7000 0.0953
1111.5000 0.0954
1111.5000 0.0955
1112.0000 0.0956
1112.4000 0.0957
1112.9000 0.0958
1113.6000 0.0959
1116.0000 0.0960
1116.6000 0.0961
1117.6000 0.0963
1121.3000 0.0964
1123.3000 0.0965
1123.6000 0.0966
1125.6000 0.0967
1125.6000 0.0968
1125.9000 0.0969
1127.7000 0.0970
1128.6000 0.0971
1130.7000 0.0972
1132.1000 0.0973
1134.4000 0.0974
1137.6000 0.0975
1138.1000 0.0976
1140.0000 0.0977
1142.7000 0.0978
1143.0000 0.0979
1143.9000 0.0980
1144.4000 0.0981
1144.6000 0.0982
1145.2000 0.0983
1146.2000 0.0984
1147.9000 0.0985
1149.2000 0.0986
1149.5000 0.0988
1151.6000 0.0989
1155.4000 0.0990
1155.5000 0.0991
1156.8000 0.0992
1157.3000 0.0993
1158.4000 0.0994
1161.0000 0.0995
1162.0000 0.0996
1162.8000 0.0997
1163.6000 0.0998
1164.5000 0.0999
1164.7000 0.1000
1165.2000 0.1001
1168.9000 0.1002
1171.9000 0.1003
1174.7000 0.1004
1176.6000 0.1005
1177.3000 0.1006
1178.6000 0.1007
1187.3000 0.1008
1187.7000 0.1009
1190.0000 0.1010
1191.4000 0.1011
1191.4000 0.1013
1193.7000 0.1014
1194.2000 0.1015
1199.3000 0.1016
1199.8000 0.1017
1200.6000 0.1018
1201.5000 0.1019
1201.6000 0.1020
1203.7000 0.1021
1204.8000 0.1022
1204.9000 0.1023
1205.6000 0.1024
1205.9000 0.1025
1206.6000 0.1026
1207.9000 0.1027
1208.7000 0.1028
1211.2000 0.1029
1212.6000 0.1030
1213.6000 0.1031
1213.9000 0.1032
1214.8000 0.1033
1218.0000 0.1034
1218.3000 0.1035
1222.9000 0.1036
1226.5000 0.1038
1226.7000 0.1039
1227.2000 0.1040
1227.5000 0.1041
1227.6000 0.1042
1227.8000 0.1043
1233.2000 0.1044
1233.9000 0.1045
1236.7000 0.1046
1241.0000 0.1047
1242.7000 0.1048
1245.8000 0.1049
1246.1000 0.1050
1247.3000 0.1051
1248.2000 0.1052
1248.3000 0.1053
1248.7000 0.1054
1248.7000 0.1055
1249.4000 0.1056
1251.4000 0.1057
1251.6000 0.1058
1254.8000 0.1059
1262.2000 0.1060
1263.2000 0.1061
1264.9000 0.1063
1265.5000 0.1064
1265.7000 0.1065
1268.9000 0.1066
1270.8000 0.1067
1274.2000 0.1068
1277.4000 0.1069
1277.6000 0.1070
1279.6000 0.1071
1279.7000 0.1072
1280.2000 0.1073
1280.3000 0.1074
1280.6000 0.1075
1281.6000 0.1076
1282.0000 0.1077
1282.9000 0.1078
1285.8000 0.1079
1286.3000 0.1080
1290.5000 0.1081
1292.5000 0.1082
1294.0000 0.1083
1295.9000 0.1084
1296.3000 0.1085
1296.8000 0.1086
1297.1000 0.1088
1297.2000 0.1089
1300.0000 0.1090
1302.9000 0.1091
1302.9000 0.1092
1303.7000 0.1093
1304.1000 0.1094
1304.4000 0.1095
1305.6000 0.1096
1307.0000 0.1097
1308.6000 0.1098
1309.0000 0.1099
1312.5000 0.1100
1313.9000 0.1101
1316.2000 0.1102
1316.5000 0.1103
1317.2000 0.1104
1320.3000 0.1105
1321.6000 0.1106
1322.0000 0.1107
1322.8000 0.1108
1325.3000 0.1109
1325.8000 0.1110
1325.9000 0.1111
1325.9000 0.1113
1326.0000 0.1114
1327.3000 0.1115
1327.5000 0.1116
1327.9000 0.1117
1328.7000 0.1118
1329.3000 0.1119
1330.7000 0.1120
1332.7000 0.1121
1333.6000 0.1122
1334.6000 0.1123
1335.7000 0.1124
1337.4000 0.1125
1337.7000 0.1126
1338.0000 0.1127
1338.7000 0.1128
1339.5000 0.1129
1340.2000 0.1130
1341.5000 0.1131
1343.7000 0.1132
1345.0000 0.1133
1345.1000 0.1134
1345.9000 0.1135
1348.7000 0.1136
1349.8000 0.1138
1350.1000 0.1139
1353.2000 0.1140
1353.8000 0.1141
1354.0000 0.1142
1354.0000 0.1143
1354.2000 0.1144
1357.2000 0.1145
1357.6000 0.1146
1361.5000 0.1147
1361.5000 0.1148
1361.6000 0.1149
1361.8000 0.1150
1362.5000 0.1151
1364.2000 0.1152
1364.9000 0.1153
1367.8000 0.1154
1368.9000 0.1155
1370.5000 0.1156
1372.2000 0.1157
1372.9000 0.1158
1375.2000 0.1159
1377.4000 0.1160
1377.6000 0.1161
1381.4000 0.1163
1387.3000 0.1164
1388.3000 0.1165
1388.4000 0.1166
1388.8000 0.1167
1392.8000 0.1168
1393.4000 0.1169
1393.9000 0.1170
1393.9000 0.1171
1395.6000 0.1172
1396.7000 0.1173
1397.6000 0.1174
1397.8000 0.1175
1398.5000 0.1176
1398.8000 0.1177
1403.3000 0.1178
1405.5000 0.1179
1406.3000 0.1180
1406.7000 0.1181
1409.4000 0.1182
1414.2000 0.1183
1414.8000 0.1184
1415.1000 0.1185
1415.6000 0.1186
1416.1000 0.1188
1418.3000 0.1189
1418.4000 0.1190
1420.5000 0.1191
1422.1000 0.1192
1422.7000 0.1193
1422.8000 0.1194
1422.8000 0.1195
1423.3000 0.1196
1425.4000 0.1197
1425.6000 0.1198
1428.7000 0.1199
1430.8000 0.1200
1433.5000 0.1201
1435.6000 0.1202
1437.6000 0.1203
1439.3000 0.1204
1439.7000 0.1205
1442.4000 0.1206
1443.2000 0.1207
1444.1000 0.1208
1447.1000 0.1209
1450.2000 0.1210
1452.1000 0.1211
1453.4000 0.1213
1453.4000 0.1214
1453.9000 0.1215
1454.4000 0.1216
1455.4000 0.1217
1457.6000 0.1218
1460.6000 0.1219
1461.3000 0.1220
1462.7000 0.1221
1464.9000 0.1222
1465.3000 0.1223
1466.5000 0.1224
1468.0000 0.1225
1468.3000 0.1226
1468.6000 0.1227
1474.0000 0.1228
1474.5000 0.1229
1476.1000 0.1230
1479.7000 0.1231
1480.6000 0.1232
1481.3000 0.1233
1482.1000 0.1234
1489.4000 0.1235
1490.5000 0.1236
1492.0000 0.1238
1492.1000 0.1239
1492.6000 0.1240
1494.3000 0.1241
1496.9000 0.1242
1502.0000 0.1243
1502.9000 0.1244
1505.5000 0.1245
1506.4000 0.1246
1506.4000 0.1247
1507.5000 0.1248
1507.7000 0.1249
1508.0000 0.1250
1508.6000 0.1251
1508.9000 0.1252
1510.6000 0.1253
1510.7000 0.1254
1510.9000 0.1255
1511.8000 0.1256
1513.5000 0.1257
1514.1000 0.1258
1515.0000 0.1259
1515.7000 0.1260
1516.5000 0.1261
1516.9000 0.1263
1520.0000 0.1264
1520.1000 0.1265
1522.7000 0.1266
1522.8000 0.1267
1525.7000 0.1268
1526.2000 0.1269
1528.6000 0.1270
1529.6000 0.1271
1530.9000 0.1272
1532.6000 0.1273
1537.9000 0.1274
1539.2000 0.1275
1539.2000 0.1276
1542.5000 0.1277
1543.7000 0.1278
1546.8000 0.1279
1550.2000 0.1280
1551.5000 0.1281
1555.8000 0.1282
1557.4000 0.1283
1561.6000 0.1284
1563.2000 0.1285
1564.3000 0.1286
1566.2000 0.1288
1567.8000 0.1289
1569.8000 0.1290
1570.9000 0.1291
1570.9000 0.1292
1572.0000 0.1293
1577.3000 0.1294
1584.2000 0.1295
1584.9000 0.1296
1586.3000 0.1297
1587.4000 0.1298
1587.9000 0.1299
1588.0000 0.1300
1592.7000 0.1301
1592.9000 0.1302
1595.2000 0.1303
1599.2000 0.1304
1601.1000 0.1305
1601.6000 0.1306
1603.0000 0.1307
1603.3000 0.1308
1605.0000 0.1309
1609.2000 0.1310
1609.4000 0.1311
1610.3000 0.1313
1610.6000 0.1314
1611.4000 0.1315
1613.1000 0.1316
1613.1000 0.1317
1613.3000 0.1318
1613.7000 0.1319
1617.7000 0.1320
1618.3000 0.1321
1619.6000 0.1322
1631.6000 0.1323
1631.7000 0.1324
1633.8000 0.1325
1636.4000 0.1326
1642.1000 0.1327
1642.2000 0.1328
1642.9000 0.1329
1648.6000 0.1330
1648.7000 0.1331
1651.7000 0.1332
1652.0000 0.1333
1652.6000 0.1334
1652.8000 0.1335
1654.0000 0.1336
1655.7000 0.1338
1656.0000 0.1339
1660.5000 0.1340
1660.7000 0.1341
1662.0000 0.1342
1665.1000 0.1343
1665.7000 0.1344
1666.0000 0.1345
1666.2000 0.1346
1670.3000 0.1347
1672.2000 0.1348
1673.2000 0.1349
1673.5000 0.1350
1673.7000 0.1351
1674.8000 0.1352
1674.9000 0.1353
1676.7000 0.1354
1677.8000 0.1355
1678.7000 0.1356
1680.3000 0.1357
1681.3000 0.1358
1681.9000 0.1359
1684.4000 0.1360
1688.2000 0.1361
1689.1000 0.1363
1690.9000 0.1364
1691.9000 0.1365
1694.3000 0.1366
1694.8000 0.1367
1695.8000 0.1368
1698.0000 0.1369
1700.4000 0.1370
1702.1000 0.1371
1702.5000 0.1372
1704.4000 0.1373
1704.6000 0.1374
1705.5000 0.1375
1705.5000 0.1376
1706.3000 0.1377
1708.9000 0.1378
1710.0000 0.1379
1711.2000 0.1380
1711.3000 0.1381
1712.6000 0.1382
1720.5000 0.1383
1721.9000 0.1384
1722.0000 0.1385
1726.6000 0.1386
1726.8000 0.1388
1726.9000 0.1389
1727.6000 0.1390
1728.6000 0.1391
1734.2000 0.1392
1734.7000 0.1393
1735.9000 0.1394
1740.6000 0.1395
1744.6000 0.1396
1745.6000 0.1397
1745.9000 0.1398
1746.6000 0.1399
1749.4000 0.1400
1750.1000 0.1401
1751.0000 0.1402
1751.8000 0.1403
1752.1000 0.1404
1754.5000 0.1405
1756.6000 0.1406
1758.4000 0.1407
1759.7000 0.1408
1760.1000 0.1409
1760.8000 0.1410
1770.4000 0.1411
1777.0000 0.1413
1781.8000 0.1414
1781.8000 0.1415
1785.3000 0.1416
1785.4000 0.1417
1790.2000 0.1418
1791.9000 0.1419
1793.8000 0.1420
1795.0000 0.1421
1797.6000 0.1422
1798.3000 0.1423
1800.7000 0.1424
1802.1000 0.1425
1803.1000 0.1426
1806.4000 0.1427
1806.7000 0.1428
1808.4000 0.1429
1810.2000 0.1430
1811.1000 0.1431
1813.1000 0.1432
1814.2000 0.1433
1816.3000 0.1434
1816.7000 0.1435
1818.5000 0.1436
1818.7000 0.1437
1823.1000 0.1439
1824.9000 0.1440
1826.5000 0.1441
1826.5000 0.1442
1830.3000 0.1443
1834.7000 0.1444
1841.2000 0.1445
1843.2000 0.1446
1843.4000 0.1447
1845.8000 0.1448
1848.0000 0.1449
1854.4000 0.1450
1857.5000 0.1451
1859.6000 0.1452
1862.1000 0.1453
1862.1000 0.1454
1866.4000 0.1455
1866.6000 0.1456
1870.5000 0.1457
1871.4000 0.1458
1873.2000 0.1459
1876.3000 0.1460
1877.9000 0.1461
1878.8000 0.1462
1879.5000 0.1464
1879.7000 0.1465
1882.0000 0.1466
1884.4000 0.1467
1887.1000 0.1468
1891.6000 0.1469
1892.6000 0.1470
1895.8000 0.1471
1898.4000 0.1472
1898.7000 0.1473
1901.0000 0.1474
1901.4000 0.1475
1902.6000 0.1476
1902.6000 0.1477
1902.7000 0.1478
1906.9000 0.1479
1910.4000 0.1480
1913.5000 0.1481
1923.7000 0.1482
1924.2000 0.1483
1929.3000 0.1484
1929.7000 0.1485
1930.7000 0.1486
1933.4000 0.1487
1934.7000 0.1489
1938.7000 0.1490
1947.8000 0.1491
1949.5000 0.1492
1950.2000 0.1493
1952.6000 0.1494
1953.0000 0.1495
1955.3000 0.1496
1964.6000 0.1497
1964.6000 0.1498
1968.1000 0.1499
1970.4000 0.1500
1971.9000 0.1501
1974.7000 0.1502
1975.2000 0.1503
1975.6000 0.1504
1981.4000 0.1505
1982.6000 0.1506
1984.5000 0.1507
1986.3000 0.1508
1987.3000 0.1509
1988.6000 0.1510
1990.5000 0.1511
1993.4000 0.1512
1995.7000 0.1514
1997.0000 0.1515
1997.2000 0.1516
2004.3000 0.1517
2006.8000 0.1518
2008.3000 0.1519
2008.5000 0.1520
2009.1000 0.1521
2010.6000 0.1522
2016.1000 0.1523
2017.0000 0.1524
2017.4000 0.1525
2022.3000 0.1526
2025.4000 0.1527
2030.4000 0.1528
2031.3000 0.1529
2031.6000 0.1530
2034.6000 0.1531
2035.2000 0.1532
2036.6000 0.1533
2038.3000 0.1534
2038.5000 0.1535
2042.3000 0.1536
2046.8000 0.1537
2048.7000 0.1539
2049.6000 0.1540
2052.3000 0.1541
2055.7000 0.1542
2057.4000 0.1543
2060.4000 0.1544
2063.7000 0.1545
2064.4000 0.1546
2065.7000 0.1547
2071.6000 0.1548
2072.4000 0.1549
2074.5000 0.1550
2075.4000 0.1551
2085.6000 0.1552
2087.4000 0.1553
2090.5000 0.1554
2090.8000 0.1555
2094.3000 0.1556
2094.5000 0.1557
2097.3000 0.1558
2097.6000 0.1559
2099.5000 0.1560
2099.5000 0.1561
2099.6000 0.1562
2115.9000 0.1564
2116.8000 0.1565
2118.6000 0.1566
2123.2000 0.1567
2124.6000 0.1568
2124.6000 0.1569
2126.3000 0.1570
2129.9000 0.1571
2136.7000 0.1572
2137.4000 0.1573
2138.3000 0.1574
2139.9000 0.1575
2140.5000 0.1576
2158.1000 0.1577
2158.7000 0.1578
2159.1000 0.1579
2162.8000 0.1580
2164.0000 0.1581
2164.3000 0.1582
2164.9000 0.1583
2167.6000 0.1584
2172.3000 0.1585
2173.5000 0.1586
2177.8000 0.1587
2179.5000 0.1589
2182.1000 0.1590
2184.8000 0.1591
2188.5000 0.1592
2194.5000 0.1593
2194.9000 0.1594
2198.1000 0.1595
2208.8000 0.1596
2210.3000 0.1597
2212.9000 0.1598
2214.4000 0.1599
2220.4000 0.1600
2220.8000 0.1601
2224.6000 0.1602
2231.9000 0.1603
2232.8000 0.1604
2236.2000 0.1605
2250.9000 0.1606
2259.6000 0.1607
2269.9000 0.1608
2270.4000 0.1609
2280.0000 0.1610
2280.6000 0.1611
2288.5000 0.1612
2296.8000 0.1614
2298.8000 0.1615
2298.8000 0.1616
2299.0000 0.1617
2302.2000 0.1618
2305.3000 0.1619
2308.8000 0.1620
2311.5000 0.1621
2313.7000 0.1622
2315.7000 0.1623
2318.3000 0.1624
2322.1000 0.1625
2324.9000 0.1626
2327.7000 0.1627
2332.2000 0.1628
2337.8000 0.1629
2338.6000 0.1630
2340.0000 0.1631
2345.0000 0.1632
2345.3000 0.1633
2351.3000 0.1634
2351.5000 0.1635
2354.1000 0.1636
2355.9000 0.1637
2359.5000 0.1639
2361.3000 0.1640
2362.7000 0.1641
2377.6000 0.1642
2385.8000 0.1643
2386.3000 0.1644
2390.1000 0.1645
2394.0000 0.1646
2416.3000 0.1647
2427.4000 0.1648
2438.5000 0.1649
2439.7000 0.1650
2440.6000 0.1651
2446.0000 0.1652
2446.5000 0.1653
2450.9000 0.1654
2455.1000 0.1655
2456.1000 0.1656
2457.4000 0.1657
2458.2000 0.1658
2458.5000 0.1659
2461.5000 0.1660
2470.4000 0.1661
2480.3000 0.1662
2481.0000 0.1664
2492.6000 0.1665
2492.7000 0.1666
2493.3000 0.1667
2497.5000 0.1668
2499.2000 0.1669
2499.3000 0.1670
2501.0000 0.1671
2505.7000 0.1672
2524.2000 0.1673
2537.6000 0.1674
2548.8000 0.1675
2550.2000 0.1676
2550.5000 0.1677
2555.7000 0.1678
2557.6000 0.1679
2558.1000 0.1680
2561.6000 0.1681
2569.7000 0.1682
2569.8000 0.1683
2580.7000 0.1684
2580.9000 0.1685
2598.6000 0.1686
2598.8000 0.1687
2612.2000 0.1689
2612.6000 0.1690
2612.8000 0.1691
2614.1000 0.1692
2621.7000 0.1693
2625.4000 0.1694
2630.4000 0.1695
2639.1000 0.1696
2645.7000 0.1697
2650.3000 0.1698
2664.5000 0.1699
2668.9000 0.1700
2672.5000 0.1701
2683.6000 0.1702
2693.0000 0.1703
2697.9000 0.1704
2697.9000 0.1705
2702.0000 0.1706
2702.6000 0.1707
2707.8000 0.1708
2720.9000 0.1709
2725.7000 0.1710
2725.7000 0.1711
2731.1000 0.1712
2742.3000 0.1714
2743.5000 0.1715
2745.5000 0.1716
2746.8000 0.1717
2758.0000 0.1718
2764.3000 0.1719
2769.2000 0.1720
2769.5000 0.1721
2772.8000 0.1722
2774.8000 0.1723
2775.4000 0.1724
2775.9000 0.1725
2781.0000 0.1726
2784.0000 0.1727
2806.7000 0.1728
2814.2000 0.1729
2814.5000 0.1730
2831.4000 0.1731
2840.6000 0.1732
2842.3000 0.1733
2844.4000 0.1734
2844.8000 0.1735
2856.7000 0.1736
2869.1000 0.1737
2870.0000 0.1739
2870.8000 0.1740
2876.0000 0.1741
2885.3000 0.1742
2892.5000 0.1743
2893.8000 0.1744
2895.7000 0.1745
2899.3000 0.1746
2902.7000 0.1747
2914.4000 0.1748
2917.0000 0.1749
2917.7000 0.1750
2926.9000 0.1751
2938.3000 0.1752
2940.7000 0.1753
2946.3000 0.1754
2949.1000 0.1755
2949.6000 0.1756
2955.8000 0.1757
2961.6000 0.1758
2965.7000 0.1759
2965.7000 0.1760
2965.8000 0.1761
2979.7000 0.1762
2983.8000 0.1764
2991.2000 0.1765
2993.9000 0.1766
2998.0000 0.1767
3010.5000 0.1768
3013.6000 0.1769
3015.1000 0.1770
3023.4000 0.1771
3036.4000 0.1772
3037.2000 0.1773
3038.7000 0.1774
3046.7000 0.1775
3048.8000 0.1776
3051.1000 0.1777
3061.2000 0.1778
3066.2000 0.1779
3068.3000 0.1780
3070.3000 0.1781
3075.3000 0.1782
3081.5000 0.1783
3086.7000 0.1784
3088.7000 0.1785
3094.4000 0.1786
3100.0000 0.1787
3105.9000 0.1789
3112.4000 0.1790
3116.9000 0.1791
3120.5000 0.1792
3127.2000 0.1793
3132.4000 0.1794
3135.0000 0.1795
3149.6000 0.1796
3162.5000 0.1797
3174.5000 0.1798
3180.4000 0.1799
3195.4000 0.1800
3200.1000 0.1801
3210.1000 0.1802
3211.7000 0.1803
3221.9000 0.1804
3222.8000 0.1805
3231.5000 0.1806
3246.8000 0.1807
3246.9000 0.1808
3250.5000 0.1809
3269.5000 0.1810
3269.6000 0.1811
3270.4000 0.1812
3275.9000 0.1814
3284.6000 0.1815
3291.3000 0.1816
3292.1000 0.1817
3299.6000 0.1818
3302.8000 0.1819
3307.7000 0.1820
3321.6000 0.1821
3323.0000 0.1822
3331.7000 0.1823
3336.2000 0.1824
3337.6000 0.1825
3338.5000 0.1826
3341.2000 0.1827
3348.4000 0.1828
3348.4000 0.1829
3350.6000 0.1830
3358.7000 0.1831
3359.8000 0.1832
3361.1000 0.1833
3364.9000 0.1834
3370.9000 0.1835
3371.0000 0.1836
3372.6000 0.1837
3373.2000 0.1839
3375.5000 0.1840
3382.7000 0.1841
3383.2000 0.1842
3383.3000 0.1843
3387.3000 0.1844
3397.0000 0.1845
3401.0000 0.1846
3403.4000 0.1847
3404.0000 0.1848
3415.8000 0.1849
3423.5000 0.1850
3424.2000 0.1851
3436.4000 0.1852
3437.7000 0.1853
3438.9000 0.1854
3442.4000 0.1855
3449.2000 0.1856
3453.6000 0.1857
3463.4000 0.1858
3463.5000 0.1859
3464.6000 0.1860
3470.6000 0.1861
3485.7000 0.1862
3486.8000 0.1864
3487.4000 0.1865
3493.6000 0.1866
3494.8000 0.1867
3496.8000 0.1868
3505.3000 0.1869
3509.4000 0.1870
3510.0000 0.1871
3514.3000 0.1872
3529.2000 0.1873
3529.6000 0.1874
3530.7000 0.1875
3535.1000 0.1876
3539.0000 0.1877
3541.6000 0.1878
3546.6000 0.1879
3557.7000 0.1880
3567.7000 0.1881
3571.7000 0.1882
3578.5000 0.1883
3580.5000 0.1884
3584.0000 0.1885
3595.1000 0.1886
3595.4000 0.1887
3596.6000 0.1889
3603.1000 0.1890
3608.4000 0.1891
3613.9000 0.1892
3628.8000 0.1893
3631.0000 0.1894
3632.6000 0.1895
3633.7000 0.1896
3634.7000 0.1897
3647.8000 0.1898
3650.0000 0.1899
3650.5000 0.1900
3652.3000 0.1901
3681.1000 0.1902
3682.6000 0.1903
3690.5000 0.1904
3690.6000 0.1905
3694.4000 0.1906
3700.0000 0.1907
3705.2000 0.1908
3712.3000 0.1909
3728.6000 0.1910
3730.7000 0.1911
3733.6000 0.1912
3735.7000 0.1914
3740.3000 0.1915
3741.4000 0.1916
3762.7000 0.1917
3769.3000 0.1918
3784.1000 0.1919
3785.0000 0.1920
3785.5000 0.1921
3786.2000 0.1922
3788.7000 0.1923
3791.7000 0.1924
3800.9000 0.1925
3801.1000 0.1926
3801.3000 0.1927
3805.8000 0.1928
3809.8000 0.1929
3818.3000 0.1930
3830.2000 0.1931
3831.1000 0.1932
3831.8000 0.1933
3836.8000 0.1934
3842.9000 0.1935
3845.9000 0.1936
3849.1000 0.1937
3861.3000 0.1939
3868.1000 0.1940
3897.4000 0.1941
3897.6000 0.1942
3902.2000 0.1943
3924.4000 0.1944
3928.3000 0.1945
3932.5000 0.1946
3936.4000 0.1947
3945.2000 0.1948
3964.2000 0.1949
3970.5000 0.1950
3986.4000 0.1951
3990.2000 0.1952
3998.0000 0.1953
4005.4000 0.1954
4016.5000 0.1955
4021.0000 0.1956
4043.1000 0.1957
4045.0000 0.1958
4047.1000 0.1959
4048.4000 0.1960
4051.1000 0.1961
4070.3000 0.1962
4083.7000 0.1964
4093.5000 0.1965
4094.2000 0.1966
4096.8000 0.1967
4107.8000 0.1968
4114.3000 0.1969
4127.7000 0.1970
4129.0000 0.1971
4130.0000 0.1972
4139.6000 0.1973
4140.2000 0.1974
4143.8000 0.1975
4159.1000 0.1976
4162.9000 0.1977
4183.2000 0.1978
4184.0000 0.1979
4185.7000 0.1980
4191.4000 0.1981
4207.7000 0.1982
4216.3000 0.1983
4246.0000 0.1984
4256.2000 0.1985
4256.4000 0.1986
4276.0000 0.1987
4279.5000 0.1989
4280.1000 0.1990
4282.6000 0.1991
4284.7000 0.1992
4285.9000 0.1993
4309.7000 0.1994
4334.7000 0.1995
4337.1000 0.1996
4343.5000 0.1997
4349.2000 0.1998
4353.3000 0.1999
4364.1000 0.2000
4367.9000 0.2001
4369.6000 0.2002
4389.6000 0.2003
4394.2000 0.2004
4395.1000 0.2005
4400.5000 0.2006
4408.9000 0.2007
4410.7000 0.2008
4413.5000 0.2009
4419.6000 0.2010
4420.2000 0.2011
4423.9000 0.2012
4428.7000 0.2014
4429.4000 0.2015
4432.2000 0.2016
4435.9000 0.2017
4447.6000 0.2018
4451.8000 0.2019
4458.2000 0.2020
4465.0000 0.2021
4467.2000 0.2022
4467.3000 0.2023
4474.1000 0.2024
4481.3000 0.2025
4485.9000 0.2026
4496.3000 0.2027
4521.6000 0.2028
4537.7000 0.2029
4551.6000 0.2030
4571.1000 0.2031
4571.9000 0.2032
4587.2000 0.2033
4588.1000 0.2034
4597.2000 0.2035
4601.2000 0.2036
4605.4000 0.2037
4610.2000 0.2039
4611.1000 0.2040
4614.8000 0.2041
4622.0000 0.2042
4624.1000 0.2043
4629.9000 0.2044
4631.9000 0.2045
4648.5000 0.2046
4652.7000 0.2047
4658.4000 0.2048
4658.6000 0.2049
4658.7000 0.2050
4659.6000 0.2051
4665.0000 0.2052
4665.5000 0.2053
4689.5000 0.2054
4694.7000 0.2055
4707.8000 0.2056
4727.6000 0.2057
4731.0000 0.2058
4737.0000 0.2059
4751.7000 0.2060
4752.6000 0.2061
4752.8000 0.2062
4759.9000 0.2064
4765.7000 0.2065
4769.4000 0.2066
4781.8000 0.2067
4795.2000 0.2068
4805.8000 0.2069
4812.4000 0.2070
4823.3000 0.2071
4839.4000 0.2072
4841.8000 0.2073
4844.9000 0.2074
4860.3000 0.2075
4871.8000 0.2076
4878.6000 0.2077
4907.9000 0.2078
4917.2000 0.2079
4925.8000 0.2080
4949.0000 0.2081
4973.4000 0.2082
4979.6000 0.2083
4981.8000 0.2084
4986.8000 0.2085
4991.5000 0.2086
4999.7000 0.2087
5003.2000 0.2089
5015.0000 0.2090
5034.2000 0.2091
5036.3000 0.2092
5057.0000 0.2093
5059.7000 0.2094
5065.8000 0.2095
5069.0000 0.2096
5072.2000 0.2097
5078.6000 0.2098
5084.5000 0.2099
5109.3000 0.2100
5121.5000 0.2101
5133.8000 0.2102
5135.0000 0.2103
5137.3000 0.2104
5146.9000 0.2105
5148.5000 0.2106
5158.3000 0.2107
5183.7000 0.2108
5188.7000 0.2109
5192.3000 0.2110
5192.4000 0.2111
5194.3000 0.2112
5196.7000 0.2114
5199.2000 0.2115
5215.1000 0.2116
5219.5000 0.2117
5230.6000 0.2118
5240.5000 0.2119
5240.8000 0.2120
5246.1000 0.2121
5251.4000 0.2122
5253.1000 0.2123
5278.9000 0.2124
5280.1000 0.2125
5282.8000 0.2126
5283.9000 0.2127
5292.9000 0.2128
5306.0000 0.2129
5307.8000 0.2130
5329.6000 0.2131
5338.0000 0.2132
5340.4000 0.2133
5343.1000 0.2134
5344.9000 0.2135
5355.6000 0.2136
5358.4000 0.2137
5359.0000 0.2139
5365.8000 0.2140
5374.7000 0.2141
5386.3000 0.2142
5387.7000 0.2143
5393.8000 0.2144
5402.7000 0.2145
5406.4000 0.2146
5407.5000 0.2147
5416.8000 0.2148
5418.7000 0.2149
5420.9000 0.2150
5428.9000 0.2151
5438.6000 0.2152
5442.0000 0.2153
5442.3000 0.2154
5442.7000 0.2155
5443.1000 0.2156
5455.3000 0.2157
5461.4000 0.2158
5465.5000 0.2159
5466.5000 0.2160
5467.3000 0.2161
5476.6000 0.2162
5486.7000 0.2164
5496.6000 0.2165
5501.7000 0.2166
5502.9000 0.2167
5505.1000 0.2168
5510.0000 0.2169
5512.4000 0.2170
5521.8000 0.2171
5524.6000 0.2172
5543.8000 0.2173
5544.5000 0.2174
5552.6000 0.2175
5559.0000 0.2176
5559.7000 0.2177
5563.9000 0.2178
5568.6000 0.2179
5578.2000 0.2180
5578.3000 0.2181
5594.0000 0.2182
5594.2000 0.2183
5612.3000 0.2184
5614.7000 0.2185
5630.6000 0.2186
5634.2000 0.2187
5641.3000 0.2189
5660.3000 0.2190
5662.3000 0.2191
5668.1000 0.2192
5668.9000 0.2193
5676.5000 0.2194
5700.8000 0.2195
5712.2000 0.2196
5722.0000 0.2197
5725.4000 0.2198
5727.7000 0.2199
5731.8000 0.2200
5750.0000 0.2201
5759.9000 0.2202
5776.6000 0.2203
5787.6000 0.2204
5805.7000 0.2205
5808.2000 0.2206
5811.0000 0.2207
5819.3000 0.2208
5834.9000 0.2209
5850.7000 0.2210
5851.5000 0.2211
5853.4000 0.2212
5856.2000 0.2214
5868.6000 0.2215
5898.3000 0.2216
5902.8000 0.2217
5910.8000 0.2218
5925.3000 0.2219
5930.4000 0.2220
5934.1000 0.2221
5934.7000 0.2222
5942.0000 0.2223
5954.7000 0.2224
5956.3000 0.2225
5983.5000 0.2226
5992.3000 0.2227
6006.0000 0.2228
6016.4000 0.2229
6018.4000 0.2230
6040.6000 0.2231
6051.7000 0.2232
6078.3000 0.2233
6081.4000 0.2234
6104.7000 0.2235
6110.6000 0.2236
6111.3000 0.2237
6116.8000 0.2239
6118.4000 0.2240
6170.2000 0.2241
6174.6000 0.2242
6185.4000 0.2243
6197.5000 0.2244
6221.1000 0.2245
6226.7000 0.2246
6250.7000 0.2247
6258.8000 0.2248
6269.2000 0.2249
6277.6000 0.2250
6300.2000 0.2251
6302.3000 0.2252
6310.7000 0.2253
6316.1000 0.2254
6330.3000 0.2255
6336.7000 0.2256
6348.9000 0.2257
6353.6000 0.2258
6355.0000 0.2259
6356.8000 0.2260
6364.7000 0.2261
6374.8000 0.2262
6376.5000 0.2264
6380.3000 0.2265
6384.3000 0.2266
6390.8000 0.2267
6391.8000 0.2268
6395.0000 0.2269
6404.0000 0.2270
6412.1000 0.2271
6421.5000 0.2272
6425.6000 0.2273
6430.2000 0.2274
6431.6000 0.2275
6439.1000 0.2276
6446.0000 0.2277
6452.9000 0.2278
6454.3000 0.2279
6455.7000 0.2280
6469.2000 0.2281
6492.3000 0.2282
6493.0000 0.2283
6493.6000 0.2284
6501.7000 0.2285
6502.2000 0.2286
6515.7000 0.2287
6517.0000 0.2289
6525.8000 0.2290
6536.2000 0.2291
6543.4000 0.2292
6601.0000 0.2293
6606.8000 0.2294
6609.9000 0.2295
6620.2000 0.2296
6620.5000 0.2297
6648.5000 0.2298
6652.9000 0.2299
6653.9000 0.2300
6658.0000 0.2301
6668.7000 0.2302
6676.4000 0.2303
6676.4000 0.2304
6680.7000 0.2305
6687.0000 0.2306
6692.3000 0.2307
6702.7000 0.2308
6705.4000 0.2309
6716.5000 0.2310
6717.7000 0.2311
6733.5000 0.2312
6737.4000 0.2314
6762.6000 0.2315
6766.2000 0.2316
6777.0000 0.2317
6784.0000 0.2318
6788.0000 0.2319
6789.4000 0.2320
6797.6000 0.2321
6799.7000 0.2322
6804.8000 0.2323
6818.0000 0.2324
6821.8000 0.2325
6822.8000 0.2326
6830.9000 0.2327
6836.3000 0.2328
6853.4000 0.2329
6856.3000 0.2330
6868.6000 0.2331
6871.7000 0.2332
6878.6000 0.2333
6883.4000 0.2334
6884.8000 0.2335
6885.3000 0.2336
6886.5000 0.2337
6903.3000 0.2339
6907.0000 0.2340
6909.5000 0.2341
6914.3000 0.2342
6917.7000 0.2343
6919.0000 0.2344
6920.3000 0.2345
6926.7000 0.2346
6936.7000 0.2347
6945.7000 0.2348
6961.6000 0.2349
6962.7000 0.2350
7000.1000 0.2351
7000.9000 0.2352
7005.6000 0.2353
7007.3000 0.2354
7011.6000 0.2355
7023.2000 0.2356
7072.6000 0.2357
7073.6000 0.2358
7074.3000 0.2359
7084.5000 0.2360
7088.7000 0.2361
7105.0000 0.2362
7111.5000 0.2364
7120.3000 0.2365
7122.5000 0.2366
7129.0000 0.2367
7138.7000 0.2368
7149.5000 0.2369
7150.6000 0.2370
7176.3000 0.2371
7183.8000 0.2372
7193.8000 0.2373
7196.6000 0.2374
7203.3000 0.2375
7204.3000 0.2376
7218.0000 0.2377
7218.4000 0.2378
7219.0000 0.2379
7220.4000 0.2380
7225.0000 0.2381
7228.3000 0.2382
7229.5000 0.2383
7230.2000 0.2384
7237.8000 0.2385
7262.3000 0.2386
7267.5000 0.2387
7271.4000 0.2389
7283.0000 0.2390
7319.1000 0.2391
7321.9000 0.2392
7327.7000 0.2393
7350.1000 0.2394
7354.5000 0.2395
7374.6000 0.2396
7386.7000 0.2397
7393.8000 0.2398
7398.3000 0.2399
7404.3000 0.2400
7405.4000 0.2401
7413.7000 0.2402
7415.7000 0.2403
7416.6000 0.2404
7430.6000 0.2405
7433.2000 0.2406
7434.9000 0.2407
7438.3000 0.2408
7441.3000 0.2409
7443.6000 0.2410
7449.5000 0.2411
7452.3000 0.2412
7489.7000 0.2414
7493.7000 0.2415
7494.5000 0.2416
7501.0000 0.2417
7529.6000 0.2418
7540.6000 0.2419
7547.5000 0.2420
7566.0000 0.2421
7569.1000 0.2422
7577.5000 0.2423
7585.0000 0.2424
7596.4000 0.2425
7601.6000 0.2426
7622.7000 0.2427
7626.2000 0.2428
7636.6000 0.2429
7652.7000 0.2430
7654.1000 0.2431
7677.4000 0.2432
7678.0000 0.2433
7680.7000 0.2434
7685.9000 0.2435
7688.0000 0.2436
7698.7000 0.2437
7699.0000 0.2439
7704.5000 0.2440
7707.1000 0.2441
7707.8000 0.2442
7708.1000 0.2443
7711.8000 0.2444
7725.2000 0.2445
7725.9000 0.2446
7732.3000 0.2447
7760.0000 0.2448
7774.7000 0.2449
7807.7000 0.2450
7817.5000 0.2451
7828.4000 0.2452
7831.6000 0.2453
7847.1000 0.2454
7852.3000 0.2455
7858.5000 0.2456
7868.2000 0.2457
7870.0000 0.2458
7874.8000 0.2459
7875.0000 0.2460
7875.6000 0.2461
7883.5000 0.2462
7891.8000 0.2464
7894.8000 0.2465
7899.3000 0.2466
7911.9000 0.2467
7924.6000 0.2468
7929.6000 0.2469
7939.3000 0.2470
7950.4000 0.2471
7960.7000 0.2472
7971.4000 0.2473
7974.3000 0.2474
7981.4000 0.2475
7984.0000 0.2476
7984.5000 0.2477
7988.1000 0.2478
8001.6000 0.2479
8008.7000 0.2480
8013.2000 0.2481
8020.8000 0.2482
8041.3000 0.2483
8044.8000 0.2484
8065.0000 0.2485
8084.9000 0.2486
8091.5000 0.2487
8109.2000 0.2489
8112.2000 0.2490
8118.1000 0.2491
8120.2000 0.2492
8127.9000 0.2493
8133.3000 0.2494
8139.2000 0.2495
8147.6000 0.2496
8161.5000 0.2497
8171.7000 0.2498
8176.6000 0.2499
8180.2000 0.2500
8201.1000 0.2501
8204.6000 0.2502
8225.0000 0.2503
8226.3000 0.2504
8229.1000 0.2505
8231.2000 0.2506
8237.1000 0.2507
8237.3000 0.2508
8249.7000 0.2509
8264.8000 0.2510
8269.4000 0.2511
8270.8000 0.2512
8276.7000 0.2514
8290.7000 0.2515
8293.8000 0.2516
8296.6000 0.2517
8319.3000 0.2518
8324.7000 0.2519
8335.2000 0.2520
8343.6000 0.2521
8362.3000 0.2522
8368.8000 0.2523
8374.6000 0.2524
8375.6000 0.2525
8388.7000 0.2526
8389.8000 0.2527
8390.5000 0.2528
8406.4000 0.2529
8408.1000 0.2530
8414.8000 0.2531
8417.4000 0.2532
8417.5000 0.2533
8417.6000 0.2534
8423.1000 0.2535
8424.8000 0.2536
8426.0000 0.2537
8426.6000 0.2539
8434.0000 0.2540
8444.8000 0.2541
8469.4000 0.2542
8479.3000 0.2543
8482.7000 0.2544
8491.3000 0.2545
8494.8000 0.2546
8499.6000 0.2547
8501.1000 0.2548
8511.1000 0.2549
8515.5000 0.2550
8519.7000 0.2551
8522.8000 0.2552
8534.2000 0.2553
8545.2000 0.2554
8545.6000 0.2555
8546.9000 0.2556
8549.6000 0.2557
8558.9000 0.2558
8576.8000 0.2559
8578.4000 0.2560
8579.5000 0.2561
8580.6000 0.2562
8580.7000 0.2564
8589.1000 0.2565
8589.8000 0.2566
8596.9000 0.2567
8597.0000 0.2568
8597.3000 0.2569
8600.6000 0.2570
8601.5000 0.2571
8603.7000 0.2572
8608.4000 0.2573
8610.0000 0.2574
8616.7000 0.2575
8625.0000 0.2576
8638.0000 0.2577
8652.3000 0.2578
8654.3000 0.2579
8654.8000 0.2580
8681.1000 0.2581
8683.0000 0.2582
8689.2000 0.2583
8689.2000 0.2584
8707.4000 0.2585
8711.7000 0.2586
8715.7000 0.2587
8727.7000 0.2589
8735.2000 0.2590
8736.5000 0.2591
8745.2000 0.2592
8750.9000 0.2593
8755.0000 0.2594
8760.3000 0.2595
8762.9000 0.2596
8766.6000 0.2597
8777.6000 0.2598
8790.2000 0.2599
8793.7000 0.2600
8799.7000 0.2601
8812.4000 0.2602
8819.9000 0.2603
8823.2000 0.2604
8823.7000 0.2605
8828.8000 0.2606
8831.7000 0.2607
8834.9000 0.2608
8842.1000 0.2609
8859.0000 0.2610
8862.8000 0.2611
8873.0000 0.2612
8875.6000 0.2614
8879.8000 0.2615
8883.7000 0.2616
8898.1000 0.2617
8909.0000 0.2618
8914.6000 0.2619
8919.0000 0.2620
8922.9000 0.2621
8927.5000 0.2622
8934.9000 0.2623
8950.1000 0.2624
8955.6000 0.2625
8962.8000 0.2626
8975.5000 0.2627
8984.0000 0.2628
8994.2000 0.2629
8997.8000 0.2630
9002.5000 0.2631
9009.1000 0.2632
9015.7000 0.2633
9021.5000 0.2634
9022.2000 0.2635
9031.3000 0.2636
9032.6000 0.2637
9033.5000 0.2639
9033.9000 0.2640
9035.3000 0.2641
9043.8000 0.2642
9045.0000 0.2643
9052.9000 0.2644
9056.1000 0.2645
9072.8000 0.2646
9076.5000 0.2647
9078.6000 0.2648
9086.3000 0.2649
9089.3000 0.2650
9100.6000 0.2651
9124.4000 0.2652
9137.7000 0.2653
9144.0000 0.2654
9144.8000 0.2655
9148.2000 0.2656
9158.2000 0.2657
9160.9000 0.2658
9171.6000 0.2659
9174.6000 0.2660
9175.0000 0.2661
9176.7000 0.2662
9192.4000 0.2664
9199.3000 0.2665
9205.7000 0.2666
9206.8000 0.2667
9210.0000 0.2668
9217.6000 0.2669
9221.0000 0.2670
9226.0000 0.2671
9229.8000 0.2672
9231.3000 0.2673
9240.5000 0.2674
9258.2000 0.2675
9264.6000 0.2676
9267.4000 0.2677
9269.3000 0.2678
9271.7000 0.2679
9294.0000 0.2680
9297.5000 0.2681
9311.3000 0.2682
9322.7000 0.2683
9328.9000 0.2684
9330.5000 0.2685
9336.7000 0.2686
9341.9000 0.2687
9354.1000 0.2689
9355.7000 0.2690
9373.7000 0.2691
9400.5000 0.2692
9411.0000 0.2693
9418.8000 0.2694
9422.5000 0.2695
9434.8000 0.2696
9439.4000 0.2697
9439.9000 0.2698
9454.9000 0.2699
9458.2000 0.2700
9473.7000 0.2701
9514.3000 0.2702
9528.6000 0.2703
9534.0000 0.2704
9538.6000 0.2705
9559.7000 0.2706
9561.5000 0.2707
9571.5000 0.2708
9582.6000 0.2709
9598.1000 0.2710
9604.1000 0.2711
9607.5000 0.2712
9616.4000 0.2714
9617.8000 0.2715
9630.8000 0.2716
9652.6000 0.2717
9667.5000 0.2718
9669.9000 0.2719
9673.6000 0.2720
9674.5000 0.2721
9686.2000 0.2722
9699.0000 0.2723
9700.7000 0.2724
9702.2000 0.2725
9704.5000 0.2726
9708.9000 0.2727
9717.8000 0.2728
9726.3000 0.2729
9732.0000 0.2730
9742.8000 0.2731
9755.9000 0.2732
9761.4000 0.2733
9773.2000 0.2734
9776.4000 0.2735
9781.3000 0.2736
9791.6000 0.2737
9816.8000 0.2739
9835.6000 0.2740
9841.0000 0.2741
9856.5000 0.2742
9860.8000 0.2743
9870.0000 0.2744
9874.0000 0.2745
9879.2000 0.2746
9881.6000 0.2747
9917.8000 0.2748
9923.8000 0.2749
9924.5000 0.2750
9938.0000 0.2751
9940.6000 0.2752
9943.9000 0.2753
9944.3000 0.2754
9946.6000 0.2755
9961.5000 0.2756
9964.7000 0.2757
9967.9000 0.2758
9975.5000 0.2759
9983.1000 0.2760
9991.2000 0.2761
9993.4000 0.2762
9993.6000 0.2764
9993.9000 0.2765
9996.2000 0.2766
9999.6000 0.2767
10003.7000 0.2768
10014.6000 0.2769
10033.1000 0.2770
10034.1000 0.2771
10038.5000 0.2772
10039.4000 0.2773
10066.3000 0.2774
10070.4000 0.2775
10076.0000 0.2776
10080.7000 0.2777
10118.0000 0.2778
10118.3000 0.2779
10118.6000 0.2780
10125.0000 0.2781
10128.3000 0.2782
10139.3000 0.2783
10142.4000 0.2784
10146.8000 0.2785
10153.4000 0.2786
10158.3000 0.2787
10162.6000 0.2789
10162.9000 0.2790
10165.4000 0.2791
10167.0000 0.2792
10178.1000 0.2793
10187.2000 0.2794
10190.3000 0.2795
10230.6000 0.2796
10265.4000 0.2797
10265.7000 0.2798
10269.2000 0.2799
10271.2000 0.2800
10274.7000 0.2801
10286.5000 0.2802
10298.5000 0.2803
10304.2000 0.2804
10310.6000 0.2805
10315.3000 0.2806
10318.3000 0.2807
10319.6000 0.2808
10327.0000 0.2809
10335.1000 0.2810
10342.5000 0.2811
10347.4000 0.2812
10347.9000 0.2814
10356.7000 0.2815
10372.2000 0.2816
10374.9000 0.2817
10376.6000 0.2818
10386.7000 0.2819
10404.0000 0.2820
10405.0000 0.2821
10405.5000 0.2822
10444.7000 0.2823
10445.4000 0.2824
10485.5000 0.2825
10491.2000 0.2826
10494.8000 0.2827
10526.5000 0.2828
10541.9000 0.2829
10556.8000 0.2830
10558.1000 0.2831
10560.2000 0.2832
10560.5000 0.2833
10573.0000 0.2834
10575.7000 0.2835
10586.3000 0.2836
10596.7000 0.2837
10605.5000 0.2839
10627.0000 0.2840
10643.0000 0.2841
10647.5000 0.2842
10648.2000 0.2843
10655.5000 0.2844
10658.4000 0.2845
10666.4000 0.2846
10669.9000 0.2847
10690.5000 0.2848
10693.7000 0.2849
10695.6000 0.2850
10699.2000 0.2851
10707.9000 0.2852
10714.1000 0.2853
10732.6000 0.2854
10743.9000 0.2855
10747.5000 0.2856
10748.4000 0.2857
10762.3000 0.2858
10762.5000 0.2859
10770.4000 0.2860
10788.3000 0.2861
10805.3000 0.2862
10807.2000 0.2864
10833.9000 0.2865
10858.7000 0.2866
10859.7000 0.2867
10875.3000 0.2868
10878.3000 0.2869
10879.6000 0.2870
10886.9000 0.2871
10893.1000 0.2872
10894.0000 0.2873
10898.3000 0.2874
10901.5000 0.2875
10913.0000 0.2876
10915.7000 0.2877
10919.0000 0.2878
10925.1000 0.2879
10935.8000 0.2880
10939.1000 0.2881
10941.0000 0.2882
10941.9000 0.2883
10950.3000 0.2884
10961.3000 0.2885
10963.9000 0.2886
10965.7000 0.2887
10967.0000 0.2889
10976.3000 0.2890
10979.2000 0.2891
11015.2000 0.2892
11024.0000 0.2893
11033.8000 0.2894
11054.6000 0.2895
11056.5000 0.2896
11073.3000 0.2897
11085.9000 0.2898
11087.7000 0.2899
11092.1000 0.2900
11092.6000 0.2901
11105.0000 0.2902
11114.5000 0.2903
11129.4000 0.2904
11135.1000 0.2905
11148.1000 0.2906
11148.3000 0.2907
11155.6000 0.2908
11166.8000 0.2909
11168.6000 0.2910
11178.9000 0.2911
11184.6000 0.2912
11197.5000 0.2914
11206.6000 0.2915
11215.4000 0.2916
11215.5000 0.2917
11222.4000 0.2918
11234.6000 0.2919
11236.3000 0.2920
11258.2000 0.2921
11267.0000 0.2922
11268.1000 0.2923
11281.0000 0.2924
11283.9000 0.2925
11298.1000 0.2926
11305.1000 0.2927
11317.5000 0.2928
11361.0000 0.2929
11362.4000 0.2930
11366.9000 0.2931
11366.9000 0.2932
11373.3000 0.2933
11380.8000 0.2934
11382.8000 0.2935
11383.3000 0.2936
11383.7000 0.2937
11389.0000 0.2939
11396.1000 0.2940
11398.7000 0.2941
11409.9000 0.2942
11414.7000 0.2943
11415.5000 0.2944
11420.0000 0.2945
11429.0000 0.2946
11430.3000 0.2947
11431.4000 0.2948
11441.3000 0.2949
11444.2000 0.2950
11461.1000 0.2951
11463.7000 0.2952
11467.7000 0.2953
11477.2000 0.2954
11484.4000 0.2955
11485.8000 0.2956
11492.7000 0.2957
11495.9000 0.2958
11497.8000 0.2959
11503.9000 0.2960
11508.9000 0.2961
11515.8000 0.2962
11520.8000 0.2964
11530.9000 0.2965
11532.4000 0.2966
11533.7000 0.2967
11534.4000 0.2968
11535.7000 0.2969
11556.7000 0.2970
11557.0000 0.2971
11557.7000 0.2972
11562.7000 0.2973
11571.4000 0.2974
11580.9000 0.2975
11592.7000 0.2976
11596.7000 0.2977
11604.4000 0.2978
11608.8000 0.2979
11610.7000 0.2980
11637.0000 0.2981
11671.2000 0.2982
11671.7000 0.2983
11681.6000 0.2984
11682.0000 0.2985
11690.6000 0.2986
11707.9000 0.2987
11734.2000 0.2989
11745.6000 0.2990
11754.8000 0.2991
11760.9000 0.2992
11764.3000 0.2993
11764.7000 0.2994
11768.6000 0.2995
11795.8000 0.2996
11802.4000 0.2997
11810.6000 0.2998
11811.0000 0.2999
11826.4000 0.3000
11845.6000 0.3001
11855.4000 0.3002
11856.9000 0.3003
11861.5000 0.3004
11864.5000 0.3005
11871.4000 0.3006
11875.4000 0.3007
11882.7000 0.3008
11911.4000 0.3009
11911.9000 0.3010
11917.4000 0.3011
11927.8000 0.3012
11936.3000 0.3014
11936.6000 0.3015
11941.7000 0.3016
11948.5000 0.3017
11951.6000 0.3018
11964.1000 0.3019
11980.7000 0.3020
11987.8000 0.3021
11993.1000 0.3022
