# messageDelay  cumulativeProbability
1.0000 0.0001
1.0000 0.0002
1.0000 0.0003
1.0000 0.0004
1.0000 0.0005
1.0000 0.0006
1.0000 0.0007
1.0000 0.0008
1.0000 0.0009
1.0000 0.0010
1.0000 0.0011
1.0000 0.0013
1.0000 0.0014
1.0000 0.0015
1.0000 0.0016
1.0000 0.0017
1.0000 0.0018
1.0000 0.0019
1.0000 0.0020
1.0000 0.0021
1.3000 0.0022
1.7000 0.0023
1.7000 0.0024
7.0000 0.0025
31.5000 0.0026
136.0000 0.0027
174.3000 0.0028
211.1000 0.0029
221.4000 0.0030
221.9000 0.0031
241.3000 0.0032
279.1000 0.0033
339.7000 0.0034
364.9000 0.0035
393.6000 0.0036
395.3000 0.0037
396.7000 0.0039
399.2000 0.0040
437.4000 0.0041
439.5000 0.0042
443.7000 0.0043
458.4000 0.0044
486.0000 0.0045
497.8000 0.0046
500.8000 0.0047
502.8000 0.0048
516.8000 0.0049
519.3000 0.0050
534.8000 0.0051
535.8000 0.0052
552.6000 0.0053
572.3000 0.0054
576.6000 0.0055
579.5000 0.0056
616.9000 0.0057
617.5000 0.0058
619.3000 0.0059
622.5000 0.0060
629.0000 0.0061
630.3000 0.0062
647.0000 0.0064
659.3000 0.0065
689.7000 0.0066
692.4000 0.0067
709.1000 0.0068
718.9000 0.0069
725.2000 0.0070
730.8000 0.0071
734.8000 0.0072
737.2000 0.0073
737.6000 0.0074
744.4000 0.0075
752.1000 0.0076
752.6000 0.0077
758.3000 0.0078
759.0000 0.0079
783.3000 0.0080
801.4000 0.0081
803.2000 0.0082
808.5000 0.0083
817.9000 0.0084
820.9000 0.0085
828.2000 0.0086
830.0000 0.0087
830.2000 0.0089
834.1000 0.0090
842.2000 0.0091
846.4000 0.0092
847.9000 0.0093
858.8000 0.0094
860.0000 0.0095
864.8000 0.0096
874.4000 0.0097
878.4000 0.0098
880.4000 0.0099
881.7000 0.0100
890.1000 0.0101
902.0000 0.0102
903.7000 0.0103
909.5000 0.0104
912.0000 0.0105
912.7000 0.0106
917.0000 0.0107
919.0000 0.0108
919.9000 0.0109
932.1000 0.0110
932.4000 0.0111
933.4000 0.0113
938.8000 0.0114
942.2000 0.0115
945.2000 0.0116
957.9000 0.0117
959.5000 0.0118
962.2000 0.0119
965.2000 0.0120
970.0000 0.0121
973.7000 0.0122
979.2000 0.0123
979.5000 0.0124
986.3000 0.0125
987.6000 0.0126
989.1000 0.0127
1004.0000 0.0128
1007.0000 0.0129
1013.5000 0.0130
1018.7000 0.0131
1021.2000 0.0132
1024.0000 0.0133
1032.0000 0.0134
1041.4000 0.0135
1048.6000 0.0136
1059.9000 0.0138
1060.8000 0.0139
1062.1000 0.0140
1066.7000 0.0141
1075.0000 0.0142
1079.6000 0.0143
1084.4000 0.0144
1087.4000 0.0145
1110.5000 0.0146
1111.1000 0.0147
1129.4000 0.0148
1130.7000 0.0149
1134.6000 0.0150
1135.7000 0.0151
1142.7000 0.0152
1142.7000 0.0153
1144.8000 0.0154
1148.4000 0.0155
1156.3000 0.0156
1156.7000 0.0157
1157.3000 0.0158
1163.2000 0.0159
1172.2000 0.0160
1176.7000 0.0161
1183.4000 0.0163
1183.8000 0.0164
1188.2000 0.0165
1191.4000 0.0166
1199.8000 0.0167
1205.6000 0.0168
1242.7000 0.0169
1244.7000 0.0170
1244.8000 0.0171
1246.3000 0.0172
1250.8000 0.0173
1251.6000 0.0174
1252.8000 0.0175
1258.4000 0.0176
1263.5000 0.0177
1263.8000 0.0178
1266.9000 0.0179
1267.5000 0.0180
1269.2000 0.0181
1269.6000 0.0182
1276.0000 0.0183
1276.5000 0.0184
1280.0000 0.0185
1281.6000 0.0186
1281.9000 0.0188
1283.0000 0.0189
1295.9000 0.0190
1304.6000 0.0191
1305.7000 0.0192
1308.0000 0.0193
1315.9000 0.0194
1317.6000 0.0195
1326.9000 0.0196
1328.1000 0.0197
1332.6000 0.0198
1336.8000 0.0199
1340.1000 0.0200
1347.7000 0.0201
1349.8000 0.0202
1350.7000 0.0203
1358.8000 0.0204
1359.5000 0.0205
1361.3000 0.0206
1361.8000 0.0207
1367.8000 0.0208
1368.6000 0.0209
1368.7000 0.0210
1376.8000 0.0211
1392.8000 0.0212
1400.3000 0.0214
1409.6000 0.0215
1412.6000 0.0216
1419.6000 0.0217
1420.7000 0.0218
1440.8000 0.0219
1441.0000 0.0220
1442.0000 0.0221
1442.2000 0.0222
1442.8000 0.0223
1448.2000 0.0224
1448.6000 0.0225
1449.2000 0.0226
1450.2000 0.0227
1454.4000 0.0228
1457.4000 0.0229
1460.8000 0.0230
1463.9000 0.0231
1468.0000 0.0232
1468.4000 0.0233
1476.1000 0.0234
1477.1000 0.0235
1481.6000 0.0236
1490.1000 0.0237
1490.5000 0.0239
1492.1000 0.0240
1494.3000 0.0241
1503.1000 0.0242
1505.4000 0.0243
1511.0000 0.0244
1511.6000 0.0245
1512.7000 0.0246
1517.5000 0.0247
1520.2000 0.0248
1521.0000 0.0249
1525.6000 0.0250
1526.6000 0.0251
1548.5000 0.0252
1550.5000 0.0253
1551.4000 0.0254
1557.5000 0.0255
1562.6000 0.0256
1567.4000 0.0257
1569.1000 0.0258
1570.1000 0.0259
1572.9000 0.0260
1580.5000 0.0261
1587.9000 0.0262
1597.1000 0.0264
1609.5000 0.0265
1615.5000 0.0266
1616.3000 0.0267
1624.7000 0.0268
1627.4000 0.0269
1630.7000 0.0270
1637.4000 0.0271
1641.7000 0.0272
1647.8000 0.0273
1650.5000 0.0274
1653.0000 0.0275
1653.2000 0.0276
1653.7000 0.0277
1659.7000 0.0278
1662.0000 0.0279
1663.2000 0.0280
1668.6000 0.0281
1670.2000 0.0282
1674.8000 0.0283
1680.3000 0.0284
1681.5000 0.0285
1690.9000 0.0286
1695.8000 0.0287
1698.0000 0.0289
1703.6000 0.0290
1708.9000 0.0291
1712.4000 0.0292
1720.3000 0.0293
1721.8000 0.0294
1726.0000 0.0295
1727.6000 0.0296
1728.8000 0.0297
1744.6000 0.0298
1759.8000 0.0299
1764.8000 0.0300
1775.0000 0.0301
1775.4000 0.0302
1781.8000 0.0303
1791.9000 0.0304
1792.0000 0.0305
1806.7000 0.0306
1807.4000 0.0307
1811.1000 0.0308
1811.2000 0.0309
1813.6000 0.0310
1820.5000 0.0311
1821.2000 0.0312
1827.5000 0.0314
1831.9000 0.0315
1836.1000 0.0316
1841.4000 0.0317
1845.8000 0.0318
1847.2000 0.0319
1852.9000 0.0320
1853.9000 0.0321
1862.1000 0.0322
1866.3000 0.0323
1866.6000 0.0324
1868.5000 0.0325
1879.7000 0.0326
1880.0000 0.0327
1880.3000 0.0328
1882.3000 0.0329
1882.8000 0.0330
1884.4000 0.0331
1887.1000 0.0332
1890.0000 0.0333
1890.5000 0.0334
1893.6000 0.0335
1901.4000 0.0336
1903.0000 0.0337
1928.7000 0.0339
1929.6000 0.0340
1931.9000 0.0341
1932.7000 0.0342
1936.1000 0.0343
1944.4000 0.0344
1951.2000 0.0345
1951.4000 0.0346
1952.6000 0.0347
1964.1000 0.0348
1967.5000 0.0349
1968.0000 0.0350
1975.2000 0.0351
1979.3000 0.0352
1988.5000 0.0353
1990.5000 0.0354
1993.2000 0.0355
2009.6000 0.0356
2010.6000 0.0357
2013.6000 0.0358
2015.3000 0.0359
2017.4000 0.0360
2021.7000 0.0361
2026.9000 0.0362
2027.4000 0.0364
2033.3000 0.0365
2045.8000 0.0366
2049.5000 0.0367
2053.9000 0.0368
2057.4000 0.0369
2057.4000 0.0370
2063.1000 0.0371
2063.6000 0.0372
2066.7000 0.0373
2067.8000 0.0374
2098.5000 0.0375
2098.7000 0.0376
2104.8000 0.0377
2106.0000 0.0378
2116.8000 0.0379
2120.4000 0.0380
2121.8000 0.0381
2126.8000 0.0382
2137.3000 0.0383
2137.5000 0.0384
2139.4000 0.0385
2139.9000 0.0386
2143.3000 0.0388
2144.8000 0.0389
2145.2000 0.0390
2154.0000 0.0391
2154.7000 0.0392
2155.6000 0.0393
2169.2000 0.0394
2173.5000 0.0395
2177.7000 0.0396
2181.1000 0.0397
2184.8000 0.0398
2185.1000 0.0399
2206.8000 0.0400
2207.1000 0.0401
2209.2000 0.0402
2213.1000 0.0403
2220.6000 0.0404
2220.8000 0.0405
2236.3000 0.0406
2236.3000 0.0407
2242.6000 0.0408
2255.8000 0.0409
2264.7000 0.0410
2273.6000 0.0411
2275.7000 0.0413
2281.8000 0.0414
2290.9000 0.0415
2296.5000 0.0416
2304.2000 0.0417
2307.8000 0.0418
2320.0000 0.0419
2321.3000 0.0420
2325.9000 0.0421
2332.2000 0.0422
2332.2000 0.0423
2337.6000 0.0424
2340.2000 0.0425
2348.2000 0.0426
2348.7000 0.0427
2351.7000 0.0428
2353.4000 0.0429
2361.7000 0.0430
2362.7000 0.0431
2373.2000 0.0432
2373.5000 0.0433
2375.5000 0.0434
2379.6000 0.0435
2385.0000 0.0436
2390.8000 0.0438
2394.2000 0.0439
2400.0000 0.0440
2404.9000 0.0441
2405.1000 0.0442
2405.9000 0.0443
2407.5000 0.0444
2413.8000 0.0445
2415.2000 0.0446
2415.3000 0.0447
2423.5000 0.0448
2425.1000 0.0449
2427.8000 0.0450
2445.8000 0.0451
2456.4000 0.0452
2457.5000 0.0453
2458.1000 0.0454
2459.7000 0.0455
2461.4000 0.0456
2469.9000 0.0457
2476.4000 0.0458
2476.7000 0.0459
2492.2000 0.0460
2499.3000 0.0461
2504.1000 0.0463
2508.9000 0.0464
2509.2000 0.0465
2524.8000 0.0466
2526.3000 0.0467
2526.3000 0.0468
2527.9000 0.0469
2531.4000 0.0470
2540.3000 0.0471
2547.0000 0.0472
2551.5000 0.0473
2554.6000 0.0474
2554.8000 0.0475
2558.2000 0.0476
2561.1000 0.0477
2566.7000 0.0478
2567.2000 0.0479
2569.8000 0.0480
2576.2000 0.0481
2582.8000 0.0482
2585.8000 0.0483
2586.0000 0.0484
2596.0000 0.0485
2601.6000 0.0486
2601.7000 0.0488
2608.2000 0.0489
2608.3000 0.0490
2617.9000 0.0491
2618.5000 0.0492
2636.2000 0.0493
2638.2000 0.0494
2640.1000 0.0495
2646.7000 0.0496
2648.9000 0.0497
2664.1000 0.0498
2672.5000 0.0499
2693.7000 0.0500
2695.1000 0.0501
2706.8000 0.0502
2713.6000 0.0503
2716.7000 0.0504
2722.5000 0.0505
2725.7000 0.0506
2728.9000 0.0507
2730.4000 0.0508
2733.0000 0.0509
2738.0000 0.0510
2740.8000 0.0511
2744.8000 0.0513
2748.4000 0.0514
2750.6000 0.0515
2762.4000 0.0516
2766.4000 0.0517
2768.4000 0.0518
2770.5000 0.0519
2771.8000 0.0520
2774.8000 0.0521
2775.6000 0.0522
2778.4000 0.0523
2783.2000 0.0524
2794.9000 0.0525
2800.6000 0.0526
2805.6000 0.0527
2812.7000 0.0528
2813.8000 0.0529
2814.0000 0.0530
2819.9000 0.0531
2826.5000 0.0532
2829.4000 0.0533
2833.8000 0.0534
2836.3000 0.0535
2839.3000 0.0536
2856.3000 0.0538
2862.7000 0.0539
2863.8000 0.0540
2866.4000 0.0541
2868.3000 0.0542
2875.0000 0.0543
2876.0000 0.0544
2876.0000 0.0545
2881.7000 0.0546
2882.7000 0.0547
2885.7000 0.0548
2892.3000 0.0549
2895.8000 0.0550
2896.9000 0.0551
2898.4000 0.0552
2902.0000 0.0553
2904.1000 0.0554
2908.8000 0.0555
2911.0000 0.0556
2917.1000 0.0557
2922.5000 0.0558
2931.4000 0.0559
2956.8000 0.0560
2966.7000 0.0561
2970.4000 0.0563
2975.3000 0.0564
2976.4000 0.0565
2982.0000 0.0566
2991.2000 0.0567
3026.8000 0.0568
3047.6000 0.0569
3048.8000 0.0570
3053.1000 0.0571
3057.3000 0.0572
3059.5000 0.0573
3061.7000 0.0574
3065.2000 0.0575
3066.3000 0.0576
3066.5000 0.0577
3070.6000 0.0578
3073.5000 0.0579
3076.3000 0.0580
3077.7000 0.0581
3078.7000 0.0582
3080.7000 0.0583
3092.8000 0.0584
3100.9000 0.0585
3113.3000 0.0586
3114.8000 0.0588
3115.6000 0.0589
3115.7000 0.0590
3128.7000 0.0591
3130.6000 0.0592
3132.4000 0.0593
3146.8000 0.0594
3151.6000 0.0595
3152.1000 0.0596
3161.0000 0.0597
3162.5000 0.0598
3167.3000 0.0599
3168.1000 0.0600
3170.6000 0.0601
3176.2000 0.0602
3191.4000 0.0603
3210.4000 0.0604
3214.0000 0.0605
3220.0000 0.0606
3221.9000 0.0607
3231.4000 0.0608
3232.5000 0.0609
3237.0000 0.0610
3244.9000 0.0611
3247.7000 0.0613
3266.2000 0.0614
3268.8000 0.0615
3275.7000 0.0616
3276.4000 0.0617
3284.8000 0.0618
3319.8000 0.0619
3324.5000 0.0620
3335.6000 0.0621
3346.9000 0.0622
3353.6000 0.0623
3360.9000 0.0624
3361.6000 0.0625
3365.0000 0.0626
3366.2000 0.0627
3367.4000 0.0628
3370.9000 0.0629
3371.0000 0.0630
3373.2000 0.0631
3382.5000 0.0632
3388.9000 0.0633
3393.2000 0.0634
3393.3000 0.0635
3401.8000 0.0636
3406.9000 0.0638
3414.8000 0.0639
3424.0000 0.0640
3434.2000 0.0641
3441.5000 0.0642
3444.9000 0.0643
3446.5000 0.0644
3457.4000 0.0645
3467.5000 0.0646
3471.0000 0.0647
3474.4000 0.0648
3492.9000 0.0649
3499.6000 0.0650
3508.9000 0.0651
3514.2000 0.0652
3515.6000 0.0653
3531.7000 0.0654
3532.8000 0.0655
3539.1000 0.0656
3545.5000 0.0657
3549.3000 0.0658
3549.5000 0.0659
3550.2000 0.0660
3578.5000 0.0661
3578.9000 0.0663
3582.5000 0.0664
3586.1000 0.0665
3587.5000 0.0666
3620.4000 0.0667
3631.3000 0.0668
3632.0000 0.0669
3632.4000 0.0670
3634.0000 0.0671
3664.5000 0.0672
3666.0000 0.0673
3681.2000 0.0674
3681.8000 0.0675
3689.0000 0.0676
3691.6000 0.0677
3696.3000 0.0678
3696.9000 0.0679
3710.0000 0.0680
3711.4000 0.0681
3712.3000 0.0682
3712.4000 0.0683
3716.2000 0.0684
3717.3000 0.0685
3734.5000 0.0686
3739.4000 0.0688
3747.6000 0.0689
3751.3000 0.0690
3755.5000 0.0691
3763.4000 0.0692
3766.0000 0.0693
3772.3000 0.0694
3775.9000 0.0695
3780.6000 0.0696
3781.1000 0.0697
3785.2000 0.0698
3817.0000 0.0699
3825.0000 0.0700
3830.2000 0.0701
3830.6000 0.0702
3857.8000 0.0703
3859.3000 0.0704
3860.1000 0.0705
3860.9000 0.0706
3868.5000 0.0707
3869.1000 0.0708
3873.2000 0.0709
3873.9000 0.0710
3880.6000 0.0711
3891.1000 0.0713
3895.0000 0.0714
3913.4000 0.0715
3919.1000 0.0716
3920.4000 0.0717
3920.5000 0.0718
3921.5000 0.0719
3922.0000 0.0720
3939.9000 0.0721
3947.2000 0.0722
3950.4000 0.0723
3950.5000 0.0724
3951.8000 0.0725
3951.9000 0.0726
3955.5000 0.0727
3963.2000 0.0728
3964.0000 0.0729
3976.1000 0.0730
3978.5000 0.0731
3989.9000 0.0732
3990.2000 0.0733
3998.0000 0.0734
4004.3000 0.0735
4020.5000 0.0736
4023.0000 0.0738
4025.7000 0.0739
4029.3000 0.0740
4030.0000 0.0741
4039.9000 0.0742
4045.1000 0.0743
4048.4000 0.0744
4065.1000 0.0745
4066.5000 0.0746
4077.2000 0.0747
4080.5000 0.0748
4088.9000 0.0749
4091.7000 0.0750
4105.4000 0.0751
4114.3000 0.0752
4121.0000 0.0753
4127.3000 0.0754
4129.0000 0.0755
4135.8000 0.0756
4143.9000 0.0757
4145.2000 0.0758
4145.8000 0.0759
4148.6000 0.0760
4153.4000 0.0761
4153.7000 0.0763
4156.7000 0.0764
4160.3000 0.0765
4165.2000 0.0766
4178.5000 0.0767
4200.7000 0.0768
4202.7000 0.0769
4209.4000 0.0770
4227.2000 0.0771
4230.0000 0.0772
4232.6000 0.0773
4234.3000 0.0774
4246.6000 0.0775
4249.5000 0.0776
4256.2000 0.0777
4258.4000 0.0778
4261.3000 0.0779
4264.3000 0.0780
4264.5000 0.0781
4273.6000 0.0782
4284.5000 0.0783
4290.6000 0.0784
4295.6000 0.0785
4298.1000 0.0786
4319.4000 0.0788
4322.0000 0.0789
4330.7000 0.0790
4331.3000 0.0791
4342.2000 0.0792
4358.6000 0.0793
4362.3000 0.0794
4364.0000 0.0795
4381.4000 0.0796
4387.1000 0.0797
4394.1000 0.0798
4400.3000 0.0799
4405.8000 0.0800
4408.7000 0.0801
4411.0000 0.0802
4415.5000 0.0803
4420.1000 0.0804
4422.6000 0.0805
4424.9000 0.0806
4425.5000 0.0807
4426.2000 0.0808
4427.7000 0.0809
4429.7000 0.0810
4434.9000 0.0811
4439.3000 0.0813
4445.2000 0.0814
4449.8000 0.0815
4452.2000 0.0816
4454.5000 0.0817
4454.9000 0.0818
4458.6000 0.0819
4461.2000 0.0820
4463.6000 0.0821
4464.1000 0.0822
4472.5000 0.0823
4478.9000 0.0824
4499.6000 0.0825
4504.2000 0.0826
4507.5000 0.0827
4509.1000 0.0828
4518.4000 0.0829
4521.6000 0.0830
4522.9000 0.0831
4531.7000 0.0832
4533.7000 0.0833
4535.0000 0.0834
4540.8000 0.0835
4551.9000 0.0836
4552.7000 0.0838
4556.0000 0.0839
4558.7000 0.0840
4561.8000 0.0841
4568.0000 0.0842
4577.5000 0.0843
4577.7000 0.0844
4584.7000 0.0845
4585.2000 0.0846
4586.7000 0.0847
4593.7000 0.0848
4596.2000 0.0849
4602.8000 0.0850
4606.9000 0.0851
4608.1000 0.0852
4611.8000 0.0853
4630.7000 0.0854
4637.5000 0.0855
4644.9000 0.0856
4647.6000 0.0857
4648.1000 0.0858
4648.7000 0.0859
4649.1000 0.0860
4650.5000 0.0861
4657.4000 0.0863
4660.4000 0.0864
4661.4000 0.0865
4667.6000 0.0866
4670.5000 0.0867
4671.4000 0.0868
4672.8000 0.0869
4675.9000 0.0870
4679.0000 0.0871
4682.7000 0.0872
4685.2000 0.0873
4688.1000 0.0874
4705.3000 0.0875
4714.6000 0.0876
4720.9000 0.0877
4736.0000 0.0878
4738.0000 0.0879
4748.4000 0.0880
4758.9000 0.0881
4761.5000 0.0882
4763.8000 0.0883
4764.7000 0.0884
4768.0000 0.0885
4773.5000 0.0886
4785.0000 0.0888
4785.4000 0.0889
4790.8000 0.0890
4796.2000 0.0891
4824.7000 0.0892
4838.3000 0.0893
4844.6000 0.0894
4868.3000 0.0895
4877.6000 0.0896
4881.9000 0.0897
4885.1000 0.0898
4888.6000 0.0899
4892.7000 0.0900
4904.3000 0.0901
4906.7000 0.0902
4909.9000 0.0903
4915.4000 0.0904
4919.5000 0.0905
4921.2000 0.0906
4925.8000 0.0907
4948.6000 0.0908
4953.2000 0.0909
4954.2000 0.0910
4958.3000 0.0911
4964.6000 0.0913
4967.5000 0.0914
4974.4000 0.0915
4974.5000 0.0916
4974.6000 0.0917
4974.8000 0.0918
4982.9000 0.0919
4989.0000 0.0920
4993.0000 0.0921
4999.7000 0.0922
5006.5000 0.0923
5016.8000 0.0924
5023.5000 0.0925
5056.0000 0.0926
5059.0000 0.0927
5059.7000 0.0928
5071.2000 0.0929
5071.7000 0.0930
5072.4000 0.0931
5076.5000 0.0932
5085.5000 0.0933
5093.8000 0.0934
5111.4000 0.0935
5116.4000 0.0936
5144.7000 0.0938
5144.9000 0.0939
5164.5000 0.0940
5169.0000 0.0941
5172.0000 0.0942
5176.8000 0.0943
5179.3000 0.0944
5183.2000 0.0945
5191.9000 0.0946
5192.3000 0.0947
5193.4000 0.0948
5207.9000 0.0949
5210.7000 0.0950
5223.0000 0.0951
5239.2000 0.0952
5250.4000 0.0953
5265.6000 0.0954
5282.0000 0.0955
5288.8000 0.0956
5290.2000 0.0957
5291.1000 0.0958
5292.7000 0.0959
5297.2000 0.0960
5302.0000 0.0961
5303.4000 0.0963
5306.7000 0.0964
5307.4000 0.0965
5313.0000 0.0966
5327.4000 0.0967
5334.0000 0.0968
5334.3000 0.0969
5337.6000 0.0970
5340.4000 0.0971
5343.2000 0.0972
5351.8000 0.0973
5356.6000 0.0974
5363.3000 0.0975
5364.4000 0.0976
5365.8000 0.0977
5377.9000 0.0978
5382.0000 0.0979
5386.6000 0.0980
5407.4000 0.0981
5416.0000 0.0982
5423.9000 0.0983
5424.4000 0.0984
5439.6000 0.0985
5440.4000 0.0986
5442.5000 0.0988
5450.2000 0.0989
5451.9000 0.0990
5454.4000 0.0991
5458.0000 0.0992
5475.6000 0.0993
5491.7000 0.0994
5492.7000 0.0995
5497.6000 0.0996
5510.6000 0.0997
5511.0000 0.0998
5518.7000 0.0999
5518.8000 0.1000
5519.0000 0.1001
5520.8000 0.1002
5526.9000 0.1003
5531.8000 0.1004
5539.2000 0.1005
5546.6000 0.1006
5551.6000 0.1007
5562.7000 0.1008
5563.9000 0.1009
5569.5000 0.1010
5580.2000 0.1011
5607.5000 0.1013
5609.5000 0.1014
5634.7000 0.1015
5637.9000 0.1016
5646.4000 0.1017
5651.0000 0.1018
5656.1000 0.1019
5662.3000 0.1020
5680.3000 0.1021
5696.7000 0.1022
5699.3000 0.1023
5711.8000 0.1024
5725.3000 0.1025
5725.3000 0.1026
5755.2000 0.1027
5773.6000 0.1028
5783.1000 0.1029
5783.2000 0.1030
5783.8000 0.1031
5802.6000 0.1032
5817.4000 0.1033
5817.6000 0.1034
5818.7000 0.1035
5832.9000 0.1036
5841.9000 0.1038
5849.7000 0.1039
5850.6000 0.1040
5853.4000 0.1041
5865.2000 0.1042
5870.0000 0.1043
5871.3000 0.1044
5880.7000 0.1045
5888.7000 0.1046
5892.3000 0.1047
5898.8000 0.1048
5901.3000 0.1049
5902.0000 0.1050
5904.0000 0.1051
5905.0000 0.1052
5910.6000 0.1053
5919.0000 0.1054
5925.4000 0.1055
5926.8000 0.1056
5929.0000 0.1057
5942.6000 0.1058
5946.4000 0.1059
5952.8000 0.1060
5959.3000 0.1061
5968.1000 0.1063
5969.1000 0.1064
5984.5000 0.1065
5993.3000 0.1066
6009.6000 0.1067
6011.0000 0.1068
6011.3000 0.1069
6026.4000 0.1070
6026.9000 0.1071
6040.6000 0.1072
6045.7000 0.1073
6047.7000 0.1074
6048.7000 0.1075
6056.9000 0.1076
6069.2000 0.1077
6075.1000 0.1078
6094.0000 0.1079
6098.5000 0.1080
6143.8000 0.1081
6152.3000 0.1082
6152.5000 0.1083
6156.5000 0.1084
6165.4000 0.1085
6174.5000 0.1086
6178.3000 0.1088
6225.2000 0.1089
6228.3000 0.1090
6233.9000 0.1091
6235.5000 0.1092
6246.6000 0.1093
6248.7000 0.1094
6248.7000 0.1095
6249.5000 0.1096
6253.5000 0.1097
6283.4000 0.1098
6285.2000 0.1099
6288.5000 0.1100
6290.2000 0.1101
6302.3000 0.1102
6315.8000 0.1103
6330.8000 0.1104
6345.2000 0.1105
6349.0000 0.1106
6363.7000 0.1107
6380.3000 0.1108
6401.5000 0.1109
6405.4000 0.1110
6407.9000 0.1111
6431.1000 0.1113
6431.8000 0.1114
6438.4000 0.1115
6447.0000 0.1116
6450.3000 0.1117
6455.3000 0.1118
6466.4000 0.1119
6479.5000 0.1120
6484.2000 0.1121
6486.9000 0.1122
6507.2000 0.1123
6512.2000 0.1124
6516.3000 0.1125
6522.0000 0.1126
6522.7000 0.1127
6530.2000 0.1128
6537.0000 0.1129
6538.2000 0.1130
6560.4000 0.1131
6568.1000 0.1132
6575.1000 0.1133
6589.6000 0.1134
6592.7000 0.1135
6601.6000 0.1136
6603.2000 0.1138
6604.6000 0.1139
6608.7000 0.1140
6610.5000 0.1141
6614.9000 0.1142
6621.5000 0.1143
6637.8000 0.1144
6647.2000 0.1145
6650.3000 0.1146
6652.7000 0.1147
6653.9000 0.1148
6654.5000 0.1149
6655.0000 0.1150
6655.6000 0.1151
6661.9000 0.1152
6665.0000 0.1153
6675.9000 0.1154
6694.9000 0.1155
6708.3000 0.1156
6734.2000 0.1157
6738.5000 0.1158
6738.6000 0.1159
6743.8000 0.1160
6759.9000 0.1161
6768.8000 0.1163
6773.7000 0.1164
6777.0000 0.1165
6780.0000 0.1166
6782.3000 0.1167
6783.6000 0.1168
6784.7000 0.1169
6791.6000 0.1170
6811.8000 0.1171
6814.1000 0.1172
6817.7000 0.1173
6837.4000 0.1174
6850.2000 0.1175
6857.2000 0.1176
6861.4000 0.1177
6870.6000 0.1178
6886.4000 0.1179
6886.8000 0.1180
6895.9000 0.1181
6899.6000 0.1182
6901.1000 0.1183
6909.7000 0.1184
6929.1000 0.1185
6931.5000 0.1186
6945.9000 0.1188
6946.8000 0.1189
6950.3000 0.1190
6958.3000 0.1191
6958.7000 0.1192
6960.6000 0.1193
6966.2000 0.1194
6969.2000 0.1195
6992.2000 0.1196
6993.1000 0.1197
6995.1000 0.1198
6999.7000 0.1199
7001.7000 0.1200
7005.3000 0.1201
7007.6000 0.1202
7013.6000 0.1203
7018.2000 0.1204
7031.3000 0.1205
7031.5000 0.1206
7031.7000 0.1207
7046.0000 0.1208
7046.4000 0.1209
7060.6000 0.1210
7072.4000 0.1211
7081.2000 0.1213
7097.3000 0.1214
7121.0000 0.1215
7128.4000 0.1216
7140.3000 0.1217
7141.2000 0.1218
7160.1000 0.1219
7175.1000 0.1220
7183.8000 0.1221
7185.2000 0.1222
7195.6000 0.1223
7195.7000 0.1224
7200.5000 0.1225
7207.4000 0.1226
7216.4000 0.1227
7220.4000 0.1228
7223.1000 0.1229
7226.3000 0.1230
7242.9000 0.1231
7271.0000 0.1232
7282.2000 0.1233
7285.7000 0.1234
7292.9000 0.1235
7293.3000 0.1236
7300.9000 0.1238
7314.9000 0.1239
7324.8000 0.1240
7325.7000 0.1241
7333.0000 0.1242
7335.4000 0.1243
7335.5000 0.1244
7342.2000 0.1245
7349.6000 0.1246
7362.1000 0.1247
7366.5000 0.1248
7367.7000 0.1249
7379.2000 0.1250
7387.7000 0.1251
7391.6000 0.1252
7394.6000 0.1253
7435.6000 0.1254
7437.8000 0.1255
7441.3000 0.1256
7455.2000 0.1257
7456.2000 0.1258
7463.9000 0.1259
7468.4000 0.1260
7468.8000 0.1261
7479.2000 0.1263
7485.7000 0.1264
7486.8000 0.1265
7489.0000 0.1266
7501.9000 0.1267
7503.7000 0.1268
7507.7000 0.1269
7510.6000 0.1270
7519.5000 0.1271
7522.4000 0.1272
7525.7000 0.1273
7526.3000 0.1274
7560.6000 0.1275
7562.2000 0.1276
7568.2000 0.1277
7570.8000 0.1278
7574.7000 0.1279
7577.8000 0.1280
7605.0000 0.1281
7606.7000 0.1282
7637.6000 0.1283
7639.4000 0.1284
7662.4000 0.1285
7663.5000 0.1286
7674.4000 0.1288
7674.5000 0.1289
7688.9000 0.1290
7700.7000 0.1291
7701.6000 0.1292
7717.7000 0.1293
7719.5000 0.1294
7724.3000 0.1295
7732.3000 0.1296
7740.7000 0.1297
7749.1000 0.1298
7755.5000 0.1299
7762.7000 0.1300
7767.2000 0.1301
7769.0000 0.1302
7782.5000 0.1303
7788.4000 0.1304
7794.1000 0.1305
7802.1000 0.1306
7804.8000 0.1307
7812.3000 0.1308
7814.5000 0.1309
7832.6000 0.1310
7833.7000 0.1311
7837.9000 0.1313
7839.8000 0.1314
7840.5000 0.1315
7841.2000 0.1316
7850.3000 0.1317
7858.7000 0.1318
7866.6000 0.1319
7873.8000 0.1320
7880.4000 0.1321
7882.5000 0.1322
7883.8000 0.1323
7889.0000 0.1324
7910.6000 0.1325
7929.3000 0.1326
7937.8000 0.1327
7943.9000 0.1328
7945.6000 0.1329
7950.4000 0.1330
7951.9000 0.1331
7957.9000 0.1332
7959.5000 0.1333
7960.7000 0.1334
7962.7000 0.1335
7963.3000 0.1336
7975.4000 0.1338
7986.6000 0.1339
7990.5000 0.1340
7997.5000 0.1341
8014.8000 0.1342
8017.0000 0.1343
8021.7000 0.1344
8038.6000 0.1345
8040.7000 0.1346
8040.9000 0.1347
8042.3000 0.1348
8052.7000 0.1349
8062.8000 0.1350
8067.3000 0.1351
8078.6000 0.1352
8084.9000 0.1353
8098.5000 0.1354
8099.2000 0.1355
8109.2000 0.1356
8118.3000 0.1357
8121.8000 0.1358
8124.9000 0.1359
8130.4000 0.1360
8130.5000 0.1361
8139.5000 0.1363
8174.6000 0.1364
8184.9000 0.1365
8186.4000 0.1366
8190.0000 0.1367
8198.4000 0.1368
8203.1000 0.1369
8236.2000 0.1370
8247.7000 0.1371
8253.1000 0.1372
8258.4000 0.1373
8258.6000 0.1374
8263.8000 0.1375
8268.8000 0.1376
8286.0000 0.1377
8289.4000 0.1378
8289.7000 0.1379
8293.6000 0.1380
8294.3000 0.1381
8299.7000 0.1382
8307.9000 0.1383
8312.1000 0.1384
8317.2000 0.1385
8322.1000 0.1386
8326.6000 0.1388
8327.0000 0.1389
8329.4000 0.1390
8332.5000 0.1391
8333.8000 0.1392
8336.3000 0.1393
8348.2000 0.1394
8352.8000 0.1395
8360.9000 0.1396
8360.9000 0.1397
8366.0000 0.1398
8367.8000 0.1399
8372.7000 0.1400
8383.7000 0.1401
8384.1000 0.1402
8388.5000 0.1403
8405.8000 0.1404
8411.1000 0.1405
8417.9000 0.1406
8421.3000 0.1407
8426.0000 0.1408
8443.6000 0.1409
8446.3000 0.1410
8461.4000 0.1411
8469.4000 0.1413
8470.6000 0.1414
8486.1000 0.1415
8492.3000 0.1416
8495.8000 0.1417
8496.5000 0.1418
8497.7000 0.1419
8502.3000 0.1420
8503.6000 0.1421
8515.2000 0.1422
8517.1000 0.1423
8534.8000 0.1424
8546.7000 0.1425
8547.8000 0.1426
8548.0000 0.1427
8549.0000 0.1428
8556.8000 0.1429
8557.7000 0.1430
8562.7000 0.1431
8567.0000 0.1432
8574.2000 0.1433
8576.9000 0.1434
8578.4000 0.1435
8597.3000 0.1436
8614.7000 0.1437
8619.8000 0.1439
8626.8000 0.1440
8633.9000 0.1441
8640.8000 0.1442
8659.9000 0.1443
8676.3000 0.1444
8678.1000 0.1445
8683.7000 0.1446
8688.5000 0.1447
8705.2000 0.1448
8714.5000 0.1449
8728.7000 0.1450
8748.3000 0.1451
8772.6000 0.1452
8801.7000 0.1453
8807.3000 0.1454
8824.6000 0.1455
8825.1000 0.1456
8826.2000 0.1457
8842.0000 0.1458
8853.9000 0.1459
8855.5000 0.1460
8870.7000 0.1461
8880.6000 0.1462
8881.8000 0.1464
8884.7000 0.1465
8886.8000 0.1466
8892.2000 0.1467
8901.3000 0.1468
8910.7000 0.1469
8915.6000 0.1470
8916.5000 0.1471
8918.0000 0.1472
8918.5000 0.1473
8929.3000 0.1474
8942.3000 0.1475
8945.1000 0.1476
8949.1000 0.1477
8949.4000 0.1478
8949.9000 0.1479
8950.6000 0.1480
8954.1000 0.1481
8979.3000 0.1482
8984.9000 0.1483
8994.8000 0.1484
8995.7000 0.1485
8998.0000 0.1486
9017.6000 0.1487
9019.0000 0.1489
9025.0000 0.1490
9029.3000 0.1491
9038.8000 0.1492
9042.6000 0.1493
9047.5000 0.1494
9050.3000 0.1495
9051.7000 0.1496
9054.4000 0.1497
9062.3000 0.1498
9072.8000 0.1499
9082.3000 0.1500
9084.3000 0.1501
9084.5000 0.1502
9094.3000 0.1503
9110.3000 0.1504
9110.5000 0.1505
9138.7000 0.1506
9139.7000 0.1507
9140.7000 0.1508
9142.3000 0.1509
9154.6000 0.1510
9174.4000 0.1511
9176.7000 0.1512
9179.1000 0.1514
9196.3000 0.1515
9234.1000 0.1516
9236.8000 0.1517
9238.6000 0.1518
9245.7000 0.1519
9271.6000 0.1520
9289.3000 0.1521
9313.5000 0.1522
9314.5000 0.1523
9317.9000 0.1524
9326.4000 0.1525
9329.7000 0.1526
9337.3000 0.1527
9341.4000 0.1528
9346.3000 0.1529
9354.7000 0.1530
9363.7000 0.1531
9368.7000 0.1532
9372.7000 0.1533
9376.9000 0.1534
9380.8000 0.1535
9396.6000 0.1536
9398.5000 0.1537
9404.6000 0.1539
9404.7000 0.1540
9418.6000 0.1541
9435.4000 0.1542
9437.5000 0.1543
9451.3000 0.1544
9460.9000 0.1545
9465.1000 0.1546
9469.7000 0.1547
9476.6000 0.1548
9495.7000 0.1549
9496.9000 0.1550
9504.1000 0.1551
9529.7000 0.1552
9534.0000 0.1553
9545.7000 0.1554
9558.1000 0.1555
9585.2000 0.1556
9593.3000 0.1557
9597.1000 0.1558
9597.7000 0.1559
9601.6000 0.1560
9608.4000 0.1561
9616.3000 0.1562
9618.6000 0.1564
9620.4000 0.1565
9621.1000 0.1566
9623.2000 0.1567
9623.2000 0.1568
9630.4000 0.1569
9658.5000 0.1570
9672.4000 0.1571
9675.4000 0.1572
9678.2000 0.1573
9687.4000 0.1574
9693.5000 0.1575
9701.6000 0.1576
9741.7000 0.1577
9745.8000 0.1578
9747.6000 0.1579
9748.6000 0.1580
9751.8000 0.1581
9756.3000 0.1582
9756.5000 0.1583
9758.7000 0.1584
9779.7000 0.1585
9789.0000 0.1586
9789.0000 0.1587
9813.1000 0.1589
9815.1000 0.1590
9824.8000 0.1591
9832.4000 0.1592
9842.7000 0.1593
9851.5000 0.1594
9859.7000 0.1595
9862.6000 0.1596
9886.0000 0.1597
9888.2000 0.1598
9901.8000 0.1599
9903.0000 0.1600
9907.1000 0.1601
9908.7000 0.1602
9909.5000 0.1603
9913.7000 0.1604
9919.3000 0.1605
9927.5000 0.1606
9945.6000 0.1607
9946.1000 0.1608
9953.3000 0.1609
9962.7000 0.1610
9967.9000 0.1611
9973.7000 0.1612
9974.0000 0.1614
9995.8000 0.1615
9996.2000 0.1616
10005.5000 0.1617
10019.8000 0.1618
10025.3000 0.1619
10029.1000 0.1620
10029.3000 0.1621
10029.7000 0.1622
10078.7000 0.1623
10094.2000 0.1624
10102.2000 0.1625
10103.5000 0.1626
10105.5000 0.1627
10112.5000 0.1628
10115.9000 0.1629
10119.6000 0.1630
10120.0000 0.1631
10125.4000 0.1632
10131.8000 0.1633
10132.8000 0.1634
10150.3000 0.1635
10152.4000 0.1636
10162.9000 0.1637
10186.0000 0.1639
10190.3000 0.1640
10213.7000 0.1641
10216.4000 0.1642
10222.6000 0.1643
10228.1000 0.1644
10250.6000 0.1645
10254.5000 0.1646
10254.8000 0.1647
10265.3000 0.1648
10270.2000 0.1649
10272.2000 0.1650
10276.9000 0.1651
10277.4000 0.1652
10283.8000 0.1653
10299.8000 0.1654
10319.0000 0.1655
10326.8000 0.1656
10334.8000 0.1657
10336.4000 0.1658
10337.1000 0.1659
10339.7000 0.1660
10341.2000 0.1661
10345.9000 0.1662
10349.5000 0.1664
10351.0000 0.1665
10365.8000 0.1666
10375.5000 0.1667
10377.7000 0.1668
10401.0000 0.1669
10405.0000 0.1670
10417.5000 0.1671
10456.7000 0.1672
10490.5000 0.1673
10492.0000 0.1674
10510.8000 0.1675
10518.0000 0.1676
10519.9000 0.1677
10528.6000 0.1678
10534.0000 0.1679
10538.9000 0.1680
10552.2000 0.1681
10552.8000 0.1682
10560.6000 0.1683
10563.8000 0.1684
10577.4000 0.1685
10580.6000 0.1686
10581.2000 0.1687
10585.6000 0.1689
10593.5000 0.1690
10594.7000 0.1691
10614.4000 0.1692
10623.3000 0.1693
10638.8000 0.1694
10646.9000 0.1695
10653.3000 0.1696
10656.8000 0.1697
10673.0000 0.1698
10692.7000 0.1699
10693.3000 0.1700
10699.2000 0.1701
10707.4000 0.1702
10709.8000 0.1703
10723.5000 0.1704
10728.3000 0.1705
10729.8000 0.1706
10730.6000 0.1707
10735.4000 0.1708
10744.7000 0.1709
10748.0000 0.1710
10757.7000 0.1711
10780.8000 0.1712
10784.7000 0.1714
10790.9000 0.1715
10795.7000 0.1716
10803.7000 0.1717
10807.4000 0.1718
10808.3000 0.1719
10810.5000 0.1720
10810.5000 0.1721
10813.2000 0.1722
10819.4000 0.1723
10828.5000 0.1724
10830.0000 0.1725
10833.9000 0.1726
10840.3000 0.1727
10854.1000 0.1728
10857.7000 0.1729
10868.7000 0.1730
10894.0000 0.1731
10898.5000 0.1732
10941.1000 0.1733
10943.3000 0.1734
10947.5000 0.1735
10948.7000 0.1736
10950.3000 0.1737
10951.0000 0.1739
10951.3000 0.1740
10951.8000 0.1741
10959.7000 0.1742
10960.8000 0.1743
10984.2000 0.1744
11003.6000 0.1745
11007.0000 0.1746
11013.5000 0.1747
11031.2000 0.1748
11035.4000 0.1749
11043.1000 0.1750
11049.6000 0.1751
11061.4000 0.1752
11066.4000 0.1753
11094.3000 0.1754
11110.7000 0.1755
11113.1000 0.1756
11119.9000 0.1757
11130.6000 0.1758
11134.1000 0.1759
11137.5000 0.1760
11139.8000 0.1761
11154.4000 0.1762
11158.7000 0.1764
11162.8000 0.1765
11175.1000 0.1766
11199.9000 0.1767
11201.5000 0.1768
11202.7000 0.1769
11206.1000 0.1770
11223.1000 0.1771
11230.1000 0.1772
11232.4000 0.1773
11242.8000 0.1774
11247.7000 0.1775
11261.4000 0.1776
11264.7000 0.1777
11267.1000 0.1778
11273.6000 0.1779
11281.9000 0.1780
11288.8000 0.1781
11291.8000 0.1782
11299.1000 0.1783
11306.9000 0.1784
11313.7000 0.1785
11320.6000 0.1786
11321.0000 0.1787
11337.7000 0.1789
11344.1000 0.1790
11348.8000 0.1791
11350.6000 0.1792
11351.6000 0.1793
11360.7000 0.1794
11362.5000 0.1795
11363.7000 0.1796
11366.5000 0.1797
11372.3000 0.1798
11378.0000 0.1799
11384.0000 0.1800
11384.5000 0.1801
11386.7000 0.1802
11406.7000 0.1803
11410.0000 0.1804
11414.5000 0.1805
11422.2000 0.1806
11440.9000 0.1807
11447.0000 0.1808
11452.4000 0.1809
11461.8000 0.1810
11466.0000 0.1811
11467.8000 0.1812
11474.4000 0.1814
11476.2000 0.1815
11476.3000 0.1816
11482.7000 0.1817
11493.8000 0.1818
11502.5000 0.1819
11504.3000 0.1820
11506.8000 0.1821
11520.8000 0.1822
11523.5000 0.1823
11525.6000 0.1824
11530.5000 0.1825
11531.4000 0.1826
11532.7000 0.1827
11540.7000 0.1828
11543.5000 0.1829
11551.3000 0.1830
11553.9000 0.1831
11567.0000 0.1832
11586.7000 0.1833
11604.2000 0.1834
11609.7000 0.1835
11611.6000 0.1836
11624.4000 0.1837
11637.0000 0.1839
11648.1000 0.1840
11671.2000 0.1841
11701.4000 0.1842
11714.7000 0.1843
11737.0000 0.1844
11774.4000 0.1845
11775.1000 0.1846
11782.1000 0.1847
11785.4000 0.1848
11800.6000 0.1849
11803.7000 0.1850
11819.8000 0.1851
11832.3000 0.1852
11844.5000 0.1853
11851.9000 0.1854
11852.3000 0.1855
11869.2000 0.1856
11887.8000 0.1857
11907.2000 0.1858
11920.5000 0.1859
11923.1000 0.1860
11939.6000 0.1861
11940.1000 0.1862
11950.9000 0.1864
11953.6000 0.1865
11954.4000 0.1866
11962.6000 0.1867
11968.3000 0.1868
11984.1000 0.1869
12002.5000 0.1870
12006.3000 0.1871
12007.6000 0.1872
12052.4000 0.1873
12053.4000 0.1874
12060.1000 0.1875
12062.2000 0.1876
12062.7000 0.1877
12065.5000 0.1878
12069.4000 0.1879
12079.4000 0.1880
12084.5000 0.1881
12097.3000 0.1882
12104.8000 0.1883
12105.4000 0.1884
12114.0000 0.1885
12124.9000 0.1886
12129.0000 0.1887
12141.3000 0.1889
12141.4000 0.1890
12144.4000 0.1891
12147.2000 0.1892
12150.8000 0.1893
12162.9000 0.1894
12182.9000 0.1895
12194.2000 0.1896
12195.7000 0.1897
12196.8000 0.1898
12198.2000 0.1899
12199.3000 0.1900
12200.4000 0.1901
12202.2000 0.1902
12209.9000 0.1903
12217.5000 0.1904
12225.8000 0.1905
12228.4000 0.1906
12244.2000 0.1907
12244.4000 0.1908
12245.9000 0.1909
12249.4000 0.1910
12250.8000 0.1911
12255.4000 0.1912
12272.2000 0.1914
12280.3000 0.1915
12283.1000 0.1916
12294.5000 0.1917
12296.8000 0.1918
12298.8000 0.1919
12308.5000 0.1920
12308.9000 0.1921
12312.2000 0.1922
12313.4000 0.1923
12317.4000 0.1924
12326.3000 0.1925
12337.9000 0.1926
12340.0000 0.1927
12343.5000 0.1928
12346.7000 0.1929
12347.0000 0.1930
12348.5000 0.1931
12354.8000 0.1932
12371.9000 0.1933
12374.2000 0.1934
12384.1000 0.1935
12399.6000 0.1936
12402.6000 0.1937
12405.4000 0.1939
12411.0000 0.1940
12412.9000 0.1941
12417.6000 0.1942
12418.3000 0.1943
12421.8000 0.1944
12422.5000 0.1945
12435.2000 0.1946
12456.7000 0.1947
12467.5000 0.1948
12469.3000 0.1949
12478.7000 0.1950
12481.9000 0.1951
12482.2000 0.1952
12482.2000 0.1953
12488.4000 0.1954
12492.4000 0.1955
12496.7000 0.1956
12503.4000 0.1957
12504.7000 0.1958
12508.9000 0.1959
12509.0000 0.1960
12532.2000 0.1961
12537.3000 0.1962
12544.1000 0.1964
12565.7000 0.1965
12586.8000 0.1966
12595.4000 0.1967
12599.6000 0.1968
12605.2000 0.1969
12613.9000 0.1970
12624.9000 0.1971
12635.8000 0.1972
12636.4000 0.1973
12646.2000 0.1974
12650.4000 0.1975
12678.7000 0.1976
12697.9000 0.1977
12714.5000 0.1978
12740.1000 0.1979
12756.0000 0.1980
12767.0000 0.1981
12768.2000 0.1982
12776.6000 0.1983
12777.4000 0.1984
12778.2000 0.1985
12781.4000 0.1986
12785.5000 0.1987
12786.9000 0.1989
12834.5000 0.1990
12846.7000 0.1991
12855.9000 0.1992
12859.4000 0.1993
12864.3000 0.1994
12884.4000 0.1995
12896.4000 0.1996
12904.9000 0.1997
12932.1000 0.1998
12932.7000 0.1999
12955.7000 0.2000
12958.2000 0.2001
12973.4000 0.2002
12975.6000 0.2003
12979.7000 0.2004
12984.3000 0.2005
13002.2000 0.2006
13014.2000 0.2007
13025.6000 0.2008
13028.3000 0.2009
13046.9000 0.2010
13052.5000 0.2011
13053.0000 0.2012
13057.8000 0.2014
13058.9000 0.2015
13079.8000 0.2016
13082.2000 0.2017
13106.4000 0.2018
13113.5000 0.2019
13138.4000 0.2020
13141.4000 0.2021
13159.1000 0.2022
13190.5000 0.2023
13191.1000 0.2024
13192.0000 0.2025
13199.7000 0.2026
13208.7000 0.2027
13209.2000 0.2028
13217.0000 0.2029
13218.8000 0.2030
13228.9000 0.2031
13247.6000 0.2032
13270.7000 0.2033
13275.4000 0.2034
13277.4000 0.2035
13280.1000 0.2036
13285.8000 0.2037
13293.7000 0.2039
13300.7000 0.2040
13303.8000 0.2041
13313.4000 0.2042
13316.4000 0.2043
13320.9000 0.2044
13326.1000 0.2045
13340.3000 0.2046
13348.0000 0.2047
13350.1000 0.2048
13363.4000 0.2049
13366.5000 0.2050
13372.4000 0.2051
13376.2000 0.2052
13398.0000 0.2053
13407.5000 0.2054
13421.3000 0.2055
13434.4000 0.2056
13437.2000 0.2057
13440.2000 0.2058
13452.2000 0.2059
13454.7000 0.2060
13456.2000 0.2061
13464.9000 0.2062
13503.0000 0.2064
13503.9000 0.2065
13505.1000 0.2066
13518.5000 0.2067
13530.7000 0.2068
13536.7000 0.2069
13541.2000 0.2070
13559.8000 0.2071
13564.6000 0.2072
13580.7000 0.2073
13581.1000 0.2074
13603.5000 0.2075
13611.6000 0.2076
13621.2000 0.2077
13628.3000 0.2078
13632.4000 0.2079
13646.7000 0.2080
13651.4000 0.2081
13655.3000 0.2082
13669.4000 0.2083
13682.0000 0.2084
13682.6000 0.2085
13688.4000 0.2086
13689.5000 0.2087
13700.5000 0.2089
13709.0000 0.2090
13712.3000 0.2091
13725.8000 0.2092
13736.6000 0.2093
13745.9000 0.2094
13779.3000 0.2095
13793.9000 0.2096
13796.5000 0.2097
13798.4000 0.2098
13806.6000 0.2099
13818.3000 0.2100
13827.5000 0.2101
13847.6000 0.2102
13855.0000 0.2103
13860.3000 0.2104
13874.3000 0.2105
13877.3000 0.2106
13881.6000 0.2107
13882.1000 0.2108
13890.4000 0.2109
13905.4000 0.2110
13912.7000 0.2111
13920.0000 0.2112
13929.8000 0.2114
13935.5000 0.2115
13943.7000 0.2116
13951.5000 0.2117
13956.2000 0.2118
13961.7000 0.2119
13973.8000 0.2120
13999.3000 0.2121
14013.9000 0.2122
14025.0000 0.2123
14036.3000 0.2124
14050.1000 0.2125
14073.3000 0.2126
14086.8000 0.2127
14115.8000 0.2128
14121.2000 0.2129
14135.9000 0.2130
14138.1000 0.2131
14142.9000 0.2132
14156.1000 0.2133
14163.0000 0.2134
14164.0000 0.2135
14181.7000 0.2136
14186.5000 0.2137
14192.2000 0.2139
14193.1000 0.2140
14195.5000 0.2141
14203.4000 0.2142
14203.7000 0.2143
14212.7000 0.2144
14213.2000 0.2145
14225.9000 0.2146
14228.2000 0.2147
14272.6000 0.2148
14279.7000 0.2149
14281.7000 0.2150
14304.2000 0.2151
14312.0000 0.2152
14312.9000 0.2153
14315.2000 0.2154
14319.1000 0.2155
14320.5000 0.2156
14328.3000 0.2157
14330.5000 0.2158
14346.0000 0.2159
14348.8000 0.2160
14375.5000 0.2161
14381.7000 0.2162
14390.6000 0.2164
14394.5000 0.2165
14399.8000 0.2166
14410.0000 0.2167
14410.9000 0.2168
14414.8000 0.2169
14415.7000 0.2170
14418.4000 0.2171
14425.7000 0.2172
14437.5000 0.2173
14438.8000 0.2174
14446.6000 0.2175
14471.9000 0.2176
14472.8000 0.2177
14490.1000 0.2178
14499.6000 0.2179
14507.0000 0.2180
14518.1000 0.2181
14525.4000 0.2182
14529.3000 0.2183
14529.3000 0.2184
14534.4000 0.2185
14540.5000 0.2186
14561.4000 0.2187
14572.3000 0.2189
14592.4000 0.2190
14600.0000 0.2191
14601.0000 0.2192
14624.6000 0.2193
14632.9000 0.2194
14640.0000 0.2195
14642.2000 0.2196
14645.1000 0.2197
14663.8000 0.2198
14670.8000 0.2199
14682.0000 0.2200
14702.9000 0.2201
14707.9000 0.2202
14715.8000 0.2203
14724.3000 0.2204
14726.7000 0.2205
14728.6000 0.2206
14745.1000 0.2207
14747.1000 0.2208
14768.9000 0.2209
14783.3000 0.2210
14792.7000 0.2211
14800.6000 0.2212
14810.1000 0.2214
14815.2000 0.2215
14819.9000 0.2216
14824.2000 0.2217
14839.3000 0.2218
14842.3000 0.2219
14844.6000 0.2220
14856.6000 0.2221
14869.3000 0.2222
14871.3000 0.2223
14872.3000 0.2224
14903.8000 0.2225
14907.5000 0.2226
14910.6000 0.2227
14917.5000 0.2228
14923.8000 0.2229
14958.5000 0.2230
14959.0000 0.2231
14960.0000 0.2232
14963.9000 0.2233
14969.0000 0.2234
14970.7000 0.2235
15002.7000 0.2236
15011.8000 0.2237
15043.6000 0.2239
15044.3000 0.2240
15047.3000 0.2241
15066.4000 0.2242
15072.6000 0.2243
15079.4000 0.2244
15082.7000 0.2245
15086.4000 0.2246
15094.9000 0.2247
15112.4000 0.2248
15129.7000 0.2249
15139.7000 0.2250
15153.2000 0.2251
15154.3000 0.2252
15159.4000 0.2253
15162.6000 0.2254
15170.8000 0.2255
15178.2000 0.2256
15184.0000 0.2257
15186.8000 0.2258
15187.2000 0.2259
15191.4000 0.2260
15195.3000 0.2261
15226.3000 0.2262
15228.1000 0.2264
15229.0000 0.2265
15230.0000 0.2266
15234.4000 0.2267
15242.7000 0.2268
15247.3000 0.2269
15257.2000 0.2270
15263.2000 0.2271
15287.7000 0.2272
15319.1000 0.2273
15334.3000 0.2274
15339.2000 0.2275
15342.0000 0.2276
15342.6000 0.2277
15355.7000 0.2278
15360.1000 0.2279
15366.2000 0.2280
15370.7000 0.2281
15378.3000 0.2282
15402.1000 0.2283
15411.7000 0.2284
15419.5000 0.2285
15426.6000 0.2286
15432.7000 0.2287
15435.2000 0.2289
15443.3000 0.2290
15452.1000 0.2291
15465.1000 0.2292
15473.4000 0.2293
15483.5000 0.2294
15489.9000 0.2295
15497.0000 0.2296
15503.1000 0.2297
15531.3000 0.2298
15534.1000 0.2299
15536.4000 0.2300
15555.1000 0.2301
15556.3000 0.2302
15561.5000 0.2303
15573.6000 0.2304
15576.8000 0.2305
15577.5000 0.2306
15595.6000 0.2307
15610.7000 0.2308
15611.8000 0.2309
15612.8000 0.2310
15614.2000 0.2311
15631.0000 0.2312
15639.0000 0.2314
15640.7000 0.2315
15644.2000 0.2316
15655.9000 0.2317
15683.2000 0.2318
15697.6000 0.2319
15720.8000 0.2320
15724.5000 0.2321
15732.9000 0.2322
15746.0000 0.2323
15746.8000 0.2324
15752.3000 0.2325
15758.5000 0.2326
15763.3000 0.2327
15765.9000 0.2328
15770.5000 0.2329
15774.7000 0.2330
15779.5000 0.2331
15788.5000 0.2332
15789.0000 0.2333
15808.7000 0.2334
15814.7000 0.2335
15816.6000 0.2336
15818.0000 0.2337
15832.7000 0.2339
15834.4000 0.2340
15837.5000 0.2341
15841.0000 0.2342
15867.5000 0.2343
15884.9000 0.2344
15891.1000 0.2345
15897.5000 0.2346
15906.4000 0.2347
15907.9000 0.2348
15913.8000 0.2349
15922.2000 0.2350
15925.5000 0.2351
15936.4000 0.2352
15938.6000 0.2353
15939.5000 0.2354
15939.7000 0.2355
15943.2000 0.2356
15944.7000 0.2357
15949.1000 0.2358
15954.3000 0.2359
15959.0000 0.2360
15966.6000 0.2361
15974.7000 0.2362
15976.1000 0.2364
15981.5000 0.2365
15993.4000 0.2366
16010.3000 0.2367
16010.6000 0.2368
16022.6000 0.2369
16026.4000 0.2370
16028.1000 0.2371
16043.6000 0.2372
16045.5000 0.2373
16046.0000 0.2374
16046.4000 0.2375
16062.9000 0.2376
16063.8000 0.2377
16076.6000 0.2378
16097.7000 0.2379
16104.2000 0.2380
16116.8000 0.2381
16118.5000 0.2382
16129.6000 0.2383
16134.4000 0.2384
16147.7000 0.2385
16152.6000 0.2386
16170.5000 0.2387
16203.3000 0.2389
16236.0000 0.2390
16238.8000 0.2391
16251.4000 0.2392
16256.6000 0.2393
16259.0000 0.2394
16259.1000 0.2395
16259.2000 0.2396
16263.3000 0.2397
16267.8000 0.2398
16274.1000 0.2399
16276.9000 0.2400
16279.0000 0.2401
16279.2000 0.2402
16281.5000 0.2403
16291.8000 0.2404
16297.2000 0.2405
16310.9000 0.2406
16318.4000 0.2407
16336.1000 0.2408
16336.5000 0.2409
16347.6000 0.2410
16355.0000 0.2411
16355.2000 0.2412
16356.6000 0.2414
16363.1000 0.2415
16363.7000 0.2416
16365.8000 0.2417
16369.2000 0.2418
16371.2000 0.2419
16372.3000 0.2420
16390.3000 0.2421
16394.7000 0.2422
16397.2000 0.2423
16415.2000 0.2424
16421.4000 0.2425
16422.5000 0.2426
16424.4000 0.2427
16424.7000 0.2428
16430.1000 0.2429
16458.7000 0.2430
16459.1000 0.2431
16459.1000 0.2432
16462.2000 0.2433
16466.6000 0.2434
16488.3000 0.2435
16493.1000 0.2436
16508.7000 0.2437
16517.7000 0.2439
16524.5000 0.2440
16530.7000 0.2441
16542.8000 0.2442
16544.3000 0.2443
16552.8000 0.2444
16553.7000 0.2445
16555.9000 0.2446
16567.2000 0.2447
16577.5000 0.2448
16579.7000 0.2449
16605.9000 0.2450
16613.7000 0.2451
16623.4000 0.2452
16639.5000 0.2453
16643.0000 0.2454
16665.6000 0.2455
16677.5000 0.2456
16710.5000 0.2457
16710.5000 0.2458
16716.2000 0.2459
16718.0000 0.2460
16718.4000 0.2461
16729.0000 0.2462
16733.4000 0.2464
16733.9000 0.2465
16734.5000 0.2466
16741.7000 0.2467
16744.3000 0.2468
16750.3000 0.2469
16757.4000 0.2470
16761.5000 0.2471
16771.4000 0.2472
16777.5000 0.2473
16780.3000 0.2474
16781.2000 0.2475
16783.4000 0.2476
16787.4000 0.2477
16790.6000 0.2478
16795.5000 0.2479
16806.4000 0.2480
16806.5000 0.2481
16811.9000 0.2482
16814.7000 0.2483
16815.2000 0.2484
16825.9000 0.2485
16830.1000 0.2486
16836.0000 0.2487
16842.2000 0.2489
16842.3000 0.2490
16845.0000 0.2491
16852.9000 0.2492
16867.1000 0.2493
16867.3000 0.2494
16867.7000 0.2495
16871.2000 0.2496
16871.6000 0.2497
16874.5000 0.2498
16884.7000 0.2499
16900.4000 0.2500
16911.7000 0.2501
16918.3000 0.2502
16936.1000 0.2503
16938.2000 0.2504
16968.2000 0.2505
16968.7000 0.2506
16987.3000 0.2507
16988.5000 0.2508
17001.7000 0.2509
17006.9000 0.2510
17014.2000 0.2511
17026.3000 0.2512
17058.4000 0.2514
17078.8000 0.2515
17089.5000 0.2516
17104.2000 0.2517
17126.1000 0.2518
17129.7000 0.2519
17136.3000 0.2520
17136.5000 0.2521
17138.0000 0.2522
17138.1000 0.2523
17141.6000 0.2524
17143.5000 0.2525
17158.4000 0.2526
17161.0000 0.2527
17184.8000 0.2528
17185.1000 0.2529
17194.0000 0.2530
17199.6000 0.2531
17199.7000 0.2532
17213.5000 0.2533
17232.4000 0.2534
17248.1000 0.2535
17251.2000 0.2536
17255.1000 0.2537
17259.1000 0.2539
17271.1000 0.2540
17291.5000 0.2541
17297.0000 0.2542
17311.8000 0.2543
17334.5000 0.2544
17336.1000 0.2545
17355.7000 0.2546
17356.9000 0.2547
17359.5000 0.2548
17359.8000 0.2549
17360.6000 0.2550
17364.7000 0.2551
17380.1000 0.2552
17389.4000 0.2553
17404.5000 0.2554
17406.3000 0.2555
17408.7000 0.2556
17411.5000 0.2557
17415.6000 0.2558
17421.2000 0.2559
17423.0000 0.2560
17444.5000 0.2561
17464.1000 0.2562
17468.8000 0.2564
17469.6000 0.2565
17484.5000 0.2566
17497.2000 0.2567
17507.3000 0.2568
17511.6000 0.2569
17527.9000 0.2570
17536.7000 0.2571
17553.1000 0.2572
17554.2000 0.2573
17573.5000 0.2574
17598.8000 0.2575
17599.1000 0.2576
17599.4000 0.2577
17603.5000 0.2578
17613.8000 0.2579
17616.0000 0.2580
17619.1000 0.2581
17619.9000 0.2582
17675.3000 0.2583
17693.2000 0.2584
17704.6000 0.2585
17706.9000 0.2586
17707.1000 0.2587
17720.5000 0.2589
17722.5000 0.2590
17736.6000 0.2591
17743.2000 0.2592
17750.1000 0.2593
17751.1000 0.2594
17752.5000 0.2595
17761.7000 0.2596
17776.1000 0.2597
17778.4000 0.2598
17795.2000 0.2599
17800.5000 0.2600
17811.1000 0.2601
17812.0000 0.2602
17815.1000 0.2603
17815.5000 0.2604
17816.4000 0.2605
17817.9000 0.2606
17819.9000 0.2607
17844.3000 0.2608
17846.3000 0.2609
17856.1000 0.2610
17863.6000 0.2611
17863.8000 0.2612
17868.3000 0.2614
17869.1000 0.2615
17876.4000 0.2616
17879.9000 0.2617
17885.7000 0.2618
17891.2000 0.2619
17905.9000 0.2620
17910.1000 0.2621
17911.0000 0.2622
17932.3000 0.2623
17940.1000 0.2624
17950.5000 0.2625
17959.8000 0.2626
17963.9000 0.2627
17965.3000 0.2628
17978.1000 0.2629
17982.6000 0.2630
17985.3000 0.2631
18005.8000 0.2632
18006.3000 0.2633
18019.5000 0.2634
18027.7000 0.2635
18033.3000 0.2636
18034.1000 0.2637
18037.7000 0.2639
18042.8000 0.2640
18051.3000 0.2641
18057.2000 0.2642
18057.4000 0.2643
18062.7000 0.2644
18064.9000 0.2645
18075.4000 0.2646
18075.9000 0.2647
18076.0000 0.2648
18076.6000 0.2649
18080.5000 0.2650
18093.2000 0.2651
18099.6000 0.2652
18099.7000 0.2653
18115.2000 0.2654
18144.6000 0.2655
18146.8000 0.2656
18149.2000 0.2657
18150.4000 0.2658
18158.6000 0.2659
18160.9000 0.2660
18177.5000 0.2661
18194.7000 0.2662
18195.9000 0.2664
18204.4000 0.2665
18211.5000 0.2666
18216.9000 0.2667
18221.1000 0.2668
18239.7000 0.2669
18241.4000 0.2670
18285.1000 0.2671
18291.6000 0.2672
18294.5000 0.2673
18301.3000 0.2674
18307.4000 0.2675
18307.9000 0.2676
18311.4000 0.2677
18327.6000 0.2678
18331.7000 0.2679
18335.6000 0.2680
18348.6000 0.2681
18349.3000 0.2682
18377.6000 0.2683
18394.4000 0.2684
18396.2000 0.2685
18412.7000 0.2686
18415.8000 0.2687
18416.6000 0.2689
18462.4000 0.2690
18473.1000 0.2691
18474.8000 0.2692
18479.4000 0.2693
18493.7000 0.2694
18494.3000 0.2695
18496.8000 0.2696
18502.6000 0.2697
18519.0000 0.2698
18539.8000 0.2699
18547.0000 0.2700
18550.4000 0.2701
18557.1000 0.2702
18571.2000 0.2703
18590.1000 0.2704
18597.3000 0.2705
18617.5000 0.2706
18645.4000 0.2707
18650.4000 0.2708
18650.5000 0.2709
18671.9000 0.2710
18683.9000 0.2711
18691.3000 0.2712
18705.7000 0.2714
18714.7000 0.2715
18720.2000 0.2716
18736.8000 0.2717
18750.5000 0.2718
18751.5000 0.2719
18780.3000 0.2720
18795.6000 0.2721
18807.6000 0.2722
18848.5000 0.2723
18893.9000 0.2724
18919.8000 0.2725
18925.5000 0.2726
18936.5000 0.2727
18940.0000 0.2728
18948.4000 0.2729
18949.1000 0.2730
18962.9000 0.2731
18974.4000 0.2732
18975.0000 0.2733
18977.4000 0.2734
18987.9000 0.2735
18991.9000 0.2736
18995.4000 0.2737
19003.6000 0.2739
19010.1000 0.2740
19040.6000 0.2741
19065.4000 0.2742
19072.6000 0.2743
19078.9000 0.2744
19084.1000 0.2745
19089.7000 0.2746
19090.5000 0.2747
19098.2000 0.2748
19101.2000 0.2749
19104.6000 0.2750
19111.3000 0.2751
19115.6000 0.2752
19117.7000 0.2753
19122.6000 0.2754
19145.6000 0.2755
19158.5000 0.2756
19159.7000 0.2757
19185.2000 0.2758
19190.1000 0.2759
19194.1000 0.2760
19199.6000 0.2761
19207.6000 0.2762
19208.0000 0.2764
19209.5000 0.2765
19243.9000 0.2766
19244.4000 0.2767
19251.5000 0.2768
19262.5000 0.2769
19268.9000 0.2770
19274.1000 0.2771
19282.4000 0.2772
19283.3000 0.2773
19292.8000 0.2774
19297.8000 0.2775
19299.1000 0.2776
19312.6000 0.2777
19339.1000 0.2778
19345.5000 0.2779
19346.7000 0.2780
19353.3000 0.2781
19381.3000 0.2782
19386.6000 0.2783
19387.5000 0.2784
19403.8000 0.2785
19404.4000 0.2786
19409.4000 0.2787
19410.9000 0.2789
19411.2000 0.2790
19440.5000 0.2791
19452.6000 0.2792
19461.3000 0.2793
19463.1000 0.2794
19465.8000 0.2795
19492.4000 0.2796
19505.4000 0.2797
19508.3000 0.2798
19513.6000 0.2799
19518.3000 0.2800
19521.4000 0.2801
19549.9000 0.2802
19581.6000 0.2803
19598.9000 0.2804
19615.3000 0.2805
19619.0000 0.2806
19643.7000 0.2807
19650.1000 0.2808
19665.7000 0.2809
19671.4000 0.2810
19728.4000 0.2811
19729.2000 0.2812
19749.1000 0.2814
19750.9000 0.2815
19756.1000 0.2816
19773.7000 0.2817
19777.4000 0.2818
19783.4000 0.2819
19862.4000 0.2820
19863.6000 0.2821
19874.6000 0.2822
19874.7000 0.2823
19912.7000 0.2824
19918.3000 0.2825
19924.5000 0.2826
19934.0000 0.2827
19938.4000 0.2828
19973.8000 0.2829
19992.0000 0.2830
20006.2000 0.2831
20055.0000 0.2832
20099.7000 0.2833
20131.1000 0.2834
20139.1000 0.2835
20145.9000 0.2836
20161.9000 0.2837
20162.8000 0.2839
20168.3000 0.2840
20188.2000 0.2841
20194.5000 0.2842
20217.7000 0.2843
20221.8000 0.2844
20245.2000 0.2845
20255.1000 0.2846
20267.8000 0.2847
20270.6000 0.2848
20305.0000 0.2849
20330.3000 0.2850
20331.7000 0.2851
20332.5000 0.2852
20335.4000 0.2853
20339.2000 0.2854
20351.4000 0.2855
20374.0000 0.2856
20394.7000 0.2857
20399.9000 0.2858
20402.8000 0.2859
20425.4000 0.2860
20425.8000 0.2861
20441.6000 0.2862
20443.9000 0.2864
20468.8000 0.2865
20480.8000 0.2866
20485.6000 0.2867
20516.5000 0.2868
20522.9000 0.2869
20536.3000 0.2870
20537.1000 0.2871
20545.8000 0.2872
20559.6000 0.2873
20598.6000 0.2874
20619.4000 0.2875
20627.2000 0.2876
20641.8000 0.2877
20643.1000 0.2878
20650.1000 0.2879
20657.5000 0.2880
20666.2000 0.2881
20672.2000 0.2882
20675.2000 0.2883
20695.7000 0.2884
20714.9000 0.2885
20727.3000 0.2886
20736.7000 0.2887
20766.8000 0.2889
20769.6000 0.2890
20772.4000 0.2891
20777.8000 0.2892
20791.5000 0.2893
20806.0000 0.2894
20842.8000 0.2895
20884.5000 0.2896
20899.1000 0.2897
20923.2000 0.2898
20924.5000 0.2899
20943.1000 0.2900
20949.0000 0.2901
20958.7000 0.2902
20967.6000 0.2903
20980.7000 0.2904
20989.3000 0.2905
21007.4000 0.2906
21015.0000 0.2907
21017.2000 0.2908
21023.2000 0.2909
21034.2000 0.2910
21057.8000 0.2911
21063.2000 0.2912
21089.4000 0.2914
21092.6000 0.2915
21093.1000 0.2916
21114.2000 0.2917
21124.8000 0.2918
21126.8000 0.2919
21129.3000 0.2920
21142.8000 0.2921
21174.8000 0.2922
21178.1000 0.2923
21243.4000 0.2924
21258.2000 0.2925
21261.4000 0.2926
21267.7000 0.2927
21285.4000 0.2928
21304.5000 0.2929
21380.5000 0.2930
21397.5000 0.2931
21401.5000 0.2932
21406.0000 0.2933
21413.6000 0.2934
21421.8000 0.2935
21422.3000 0.2936
21460.2000 0.2937
21476.1000 0.2939
21487.2000 0.2940
21526.4000 0.2941
21556.6000 0.2942
21578.7000 0.2943
21619.5000 0.2944
21623.4000 0.2945
21641.2000 0.2946
21645.4000 0.2947
21656.7000 0.2948
21671.9000 0.2949
21679.8000 0.2950
21686.9000 0.2951
21697.0000 0.2952
21711.3000 0.2953
21734.0000 0.2954
21806.7000 0.2955
21873.1000 0.2956
21881.3000 0.2957
21887.4000 0.2958
21902.5000 0.2959
21959.1000 0.2960
22025.6000 0.2961
22032.3000 0.2962
22048.6000 0.2964
22053.9000 0.2965
22078.9000 0.2966
22102.4000 0.2967
22107.9000 0.2968
22156.7000 0.2969
22169.4000 0.2970
22197.7000 0.2971
22210.4000 0.2972
22214.5000 0.2973
22226.2000 0.2974
22228.7000 0.2975
22243.5000 0.2976
22270.8000 0.2977
22332.3000 0.2978
22344.4000 0.2979
22351.8000 0.2980
22359.4000 0.2981
22421.2000 0.2982
22473.1000 0.2983
22509.5000 0.2984
22509.9000 0.2985
22520.7000 0.2986
22521.2000 0.2987
22530.2000 0.2989
22530.4000 0.2990
22549.2000 0.2991
22584.9000 0.2992
22591.1000 0.2993
22596.0000 0.2994
22603.9000 0.2995
22612.4000 0.2996
22626.0000 0.2997
22630.8000 0.2998
22638.6000 0.2999
22644.5000 0.3000
22651.7000 0.3001
22654.3000 0.3002
22666.0000 0.3003
22668.3000 0.3004
22671.5000 0.3005
22684.5000 0.3006
22685.0000 0.3007
22694.7000 0.3008
22770.9000 0.3009
22783.3000 0.3010
22834.6000 0.3011
22844.3000 0.3012
22860.7000 0.3014
22908.0000 0.3015
22913.8000 0.3016
22923.6000 0.3017
22937.2000 0.3018
22970.6000 0.3019
22979.8000 0.3020
22980.9000 0.3021
22985.9000 0.3022
22992.9000 0.3023
23005.0000 0.3024
23008.9000 0.3025
23033.3000 0.3026
23085.0000 0.3027
23086.6000 0.3028
23125.6000 0.3029
23127.5000 0.3030
23138.2000 0.3031
23142.0000 0.3032
23146.8000 0.3033
23153.5000 0.3034
23159.6000 0.3035
23175.6000 0.3036
23180.3000 0.3037
23190.3000 0.3039
23202.6000 0.3040
23221.8000 0.3041
23223.2000 0.3042
23231.7000 0.3043
23235.6000 0.3044
23245.5000 0.3045
23259.3000 0.3046
23265.9000 0.3047
23283.4000 0.3048
23290.5000 0.3049
23301.3000 0.3050
23319.6000 0.3051
23375.8000 0.3052
23376.5000 0.3053
23377.6000 0.3054
23409.5000 0.3055
23445.6000 0.3056
23512.1000 0.3057
23514.9000 0.3058
23520.6000 0.3059
23545.8000 0.3060
23558.3000 0.3061
23570.3000 0.3062
23574.6000 0.3064
23587.5000 0.3065
23598.7000 0.3066
23635.0000 0.3067
23644.7000 0.3068
23672.7000 0.3069
23703.4000 0.3070
23721.1000 0.3071
23721.2000 0.3072
23722.7000 0.3073
23726.0000 0.3074
23732.2000 0.3075
23736.9000 0.3076
23781.4000 0.3077
23791.8000 0.3078
23794.5000 0.3079
23800.5000 0.3080
23897.8000 0.3081
23914.2000 0.3082
23915.9000 0.3083
23937.0000 0.3084
23944.9000 0.3085
23951.2000 0.3086
23961.8000 0.3087
24025.9000 0.3089
24052.7000 0.3090
24066.2000 0.3091
24122.5000 0.3092
24186.2000 0.3093
24188.6000 0.3094
24207.4000 0.3095
24228.3000 0.3096
24259.5000 0.3097
24278.5000 0.3098
24373.2000 0.3099
24377.8000 0.3100
24447.4000 0.3101
24471.3000 0.3102
24503.4000 0.3103
24521.4000 0.3104
24524.5000 0.3105
24529.1000 0.3106
24535.1000 0.3107
24541.5000 0.3108
24566.7000 0.3109
24618.1000 0.3110
24639.7000 0.3111
24652.8000 0.3112
24790.5000 0.3114
24793.8000 0.3115
24864.7000 0.3116
24879.6000 0.3117
24891.9000 0.3118
24912.2000 0.3119
24992.5000 0.3120
25004.2000 0.3121
25031.6000 0.3122
25082.4000 0.3123
25108.6000 0.3124
25113.0000 0.3125
25163.3000 0.3126
25176.8000 0.3127
25194.6000 0.3128
25235.9000 0.3129
25237.2000 0.3130
25237.7000 0.3131
25242.0000 0.3132
25273.9000 0.3133
25284.7000 0.3134
25320.2000 0.3135
25322.4000 0.3136
25331.9000 0.3137
25342.2000 0.3139
25376.5000 0.3140
25381.8000 0.3141
25399.2000 0.3142
25433.5000 0.3143
25481.8000 0.3144
25585.3000 0.3145
25626.5000 0.3146
25638.7000 0.3147
25680.3000 0.3148
25749.8000 0.3149
25817.5000 0.3150
25829.2000 0.3151
25971.9000 0.3152
25990.2000 0.3153
26005.4000 0.3154
26009.5000 0.3155
26039.8000 0.3156
26120.3000 0.3157
26131.3000 0.3158
26143.5000 0.3159
26163.5000 0.3160
26175.9000 0.3161
26288.6000 0.3162
26295.6000 0.3164
26357.8000 0.3165
26392.5000 0.3166
26420.1000 0.3167
26550.2000 0.3168
26669.2000 0.3169
26716.9000 0.3170
26735.3000 0.3171
26753.9000 0.3172
26790.9000 0.3173
26921.9000 0.3174
26934.5000 0.3175
27073.4000 0.3176
27126.9000 0.3177
27172.9000 0.3178
27263.9000 0.3179
27295.0000 0.3180
27338.1000 0.3181
27472.2000 0.3182
27501.1000 0.3183
27555.6000 0.3184
27732.4000 0.3185
28079.0000 0.3186
28097.4000 0.3187
28179.6000 0.3189
28197.6000 0.3190
