# messageDelay  cumulativeProbability
5.0000 0.0002
5.0000 0.0003
5.0000 0.0005
5.0000 0.0007
5.0000 0.0009
5.0000 0.0010
5.0000 0.0012
5.0000 0.0014
5.0000 0.0016
5.0000 0.0017
5.0000 0.0019
5.0000 0.0021
5.0000 0.0023
5.0000 0.0024
5.0000 0.0026
5.0000 0.0028
5.0000 0.0030
5.0000 0.0031
5.0000 0.0033
5.0000 0.0035
5.0000 0.0036
5.0000 0.0038
5.0000 0.0040
5.0000 0.0042
6.4000 0.0043
7.3000 0.0045
7.7000 0.0047
9.1000 0.0049
10.0000 0.0050
10.0000 0.0052
10.0000 0.0054
13.9000 0.0056
15.0000 0.0057
26.9000 0.0059
45.1000 0.0061
101.9000 0.0063
104.6000 0.0064
126.6000 0.0066
131.1000 0.0068
161.4000 0.0069
183.6000 0.0071
186.4000 0.0073
201.4000 0.0075
206.3000 0.0076
211.6000 0.0078
213.4000 0.0080
217.3000 0.0082
246.0000 0.0083
249.1000 0.0085
258.8000 0.0087
267.2000 0.0089
270.3000 0.0090
284.1000 0.0092
302.2000 0.0094
312.0000 0.0095
332.1000 0.0097
349.6000 0.0099
351.7000 0.0101
352.0000 0.0102
356.8000 0.0104
358.4000 0.0106
368.9000 0.0108
373.6000 0.0109
379.3000 0.0111
390.4000 0.0113
396.4000 0.0115
407.5000 0.0116
409.5000 0.0118
412.7000 0.0120
417.0000 0.0122
418.2000 0.0123
419.9000 0.0125
429.1000 0.0127
440.1000 0.0128
446.1000 0.0130
453.4000 0.0132
454.2000 0.0134
456.7000 0.0135
459.0000 0.0137
482.0000 0.0139
491.7000 0.0141
505.9000 0.0142
509.5000 0.0144
511.0000 0.0146
517.5000 0.0148
518.3000 0.0149
522.2000 0.0151
525.6000 0.0153
526.6000 0.0155
531.6000 0.0156
533.6000 0.0158
553.4000 0.0160
568.2000 0.0161
574.0000 0.0163
591.6000 0.0165
594.1000 0.0167
602.6000 0.0168
603.7000 0.0170
607.2000 0.0172
613.1000 0.0174
624.5000 0.0175
627.3000 0.0177
634.0000 0.0179
637.4000 0.0181
640.2000 0.0182
644.4000 0.0184
649.5000 0.0186
670.8000 0.0187
672.5000 0.0189
678.1000 0.0191
679.3000 0.0193
679.3000 0.0194
679.6000 0.0196
689.9000 0.0198
693.0000 0.0200
694.1000 0.0201
697.2000 0.0203
712.3000 0.0205
714.7000 0.0207
715.0000 0.0208
723.9000 0.0210
730.5000 0.0212
737.6000 0.0214
739.4000 0.0215
742.6000 0.0217
744.8000 0.0219
749.5000 0.0220
760.3000 0.0222
770.7000 0.0224
771.0000 0.0226
771.7000 0.0227
778.3000 0.0229
778.5000 0.0231
779.9000 0.0233
780.9000 0.0234
782.5000 0.0236
782.7000 0.0238
788.9000 0.0240
792.5000 0.0241
793.7000 0.0243
796.2000 0.0245
798.4000 0.0247
798.7000 0.0248
811.5000 0.0250
811.6000 0.0252
812.6000 0.0253
815.2000 0.0255
817.4000 0.0257
819.7000 0.0259
821.8000 0.0260
824.7000 0.0262
826.6000 0.0264
829.7000 0.0266
833.7000 0.0267
834.4000 0.0269
838.4000 0.0271
841.9000 0.0273
844.3000 0.0274
848.1000 0.0276
854.2000 0.0278
855.3000 0.0280
861.7000 0.0281
862.8000 0.0283
864.0000 0.0285
865.7000 0.0286
866.2000 0.0288
868.0000 0.0290
877.2000 0.0292
880.7000 0.0293
881.5000 0.0295
884.8000 0.0297
894.2000 0.0299
897.8000 0.0300
900.4000 0.0302
907.2000 0.0304
909.5000 0.0306
910.8000 0.0307
911.8000 0.0309
929.8000 0.0311
930.0000 0.0312
931.6000 0.0314
934.0000 0.0316
941.5000 0.0318
951.5000 0.0319
953.2000 0.0321
956.6000 0.0323
961.4000 0.0325
962.3000 0.0326
965.7000 0.0328
966.5000 0.0330
966.9000 0.0332
970.0000 0.0333
970.6000 0.0335
974.4000 0.0337
977.0000 0.0339
981.1000 0.0340
982.7000 0.0342
987.4000 0.0344
990.0000 0.0345
992.5000 0.0347
997.2000 0.0349
1002.0000 0.0351
1002.5000 0.0352
1009.9000 0.0354
1013.7000 0.0356
1014.2000 0.0358
1019.6000 0.0359
1026.5000 0.0361
1027.2000 0.0363
1032.5000 0.0365
1032.5000 0.0366
1034.9000 0.0368
1046.8000 0.0370
1048.6000 0.0372
1048.9000 0.0373
1056.2000 0.0375
1059.3000 0.0377
1063.6000 0.0378
1063.9000 0.0380
1065.3000 0.0382
1066.5000 0.0384
1066.5000 0.0385
1076.2000 0.0387
1077.9000 0.0389
1088.9000 0.0391
1090.1000 0.0392
1098.5000 0.0394
1124.4000 0.0396
1125.7000 0.0398
1132.8000 0.0399
1138.6000 0.0401
1140.2000 0.0403
1142.4000 0.0405
1142.9000 0.0406
1144.7000 0.0408
1146.1000 0.0410
1148.6000 0.0411
1150.6000 0.0413
1155.0000 0.0415
1156.6000 0.0417
1158.4000 0.0418
1162.2000 0.0420
1164.7000 0.0422
1165.0000 0.0424
1174.6000 0.0425
1176.4000 0.0427
1196.2000 0.0429
1205.7000 0.0431
1214.0000 0.0432
1215.5000 0.0434
1217.1000 0.0436
1217.7000 0.0437
1226.4000 0.0439
1226.9000 0.0441
1231.3000 0.0443
1232.8000 0.0444
1242.5000 0.0446
1247.0000 0.0448
1257.9000 0.0450
1267.6000 0.0451
1269.2000 0.0453
1272.0000 0.0455
1280.6000 0.0457
1283.5000 0.0458
1285.5000 0.0460
1285.8000 0.0462
1289.6000 0.0464
1292.3000 0.0465
1298.6000 0.0467
1303.4000 0.0469
1316.1000 0.0470
1318.3000 0.0472
1319.7000 0.0474
1320.8000 0.0476
1327.7000 0.0477
1333.3000 0.0479
1337.1000 0.0481
1353.0000 0.0483
1354.6000 0.0484
1356.2000 0.0486
1356.9000 0.0488
1364.8000 0.0490
1372.0000 0.0491
1373.8000 0.0493
1380.2000 0.0495
1392.6000 0.0497
1408.6000 0.0498
1415.6000 0.0500
1427.2000 0.0502
1443.6000 0.0503
1446.1000 0.0505
1446.1000 0.0507
1446.7000 0.0509
1447.2000 0.0510
1455.3000 0.0512
1456.4000 0.0514
1457.2000 0.0516
1491.6000 0.0517
1492.7000 0.0519
1506.7000 0.0521
1511.5000 0.0523
1516.9000 0.0524
1517.2000 0.0526
1518.6000 0.0528
1524.4000 0.0530
1528.5000 0.0531
1536.3000 0.0533
1537.5000 0.0535
1538.1000 0.0536
1543.3000 0.0538
1546.6000 0.0540
1560.0000 0.0542
1560.8000 0.0543
1564.4000 0.0545
1568.3000 0.0547
1569.9000 0.0549
1574.1000 0.0550
1577.4000 0.0552
1578.0000 0.0554
1579.3000 0.0556
1584.0000 0.0557
1584.2000 0.0559
1587.7000 0.0561
1598.1000 0.0562
1601.1000 0.0564
1607.0000 0.0566
1610.6000 0.0568
1622.5000 0.0569
1626.6000 0.0571
1635.1000 0.0573
1637.4000 0.0575
1639.5000 0.0576
1640.4000 0.0578
1647.9000 0.0580
1654.2000 0.0582
1670.6000 0.0583
1670.7000 0.0585
1680.3000 0.0587
1684.4000 0.0589
1685.8000 0.0590
1691.5000 0.0592
1691.8000 0.0594
1696.9000 0.0595
1697.6000 0.0597
1699.3000 0.0599
1703.5000 0.0601
1704.6000 0.0602
1705.6000 0.0604
1708.5000 0.0606
1715.0000 0.0608
1717.8000 0.0609
1725.9000 0.0611
1727.4000 0.0613
1731.3000 0.0615
1739.5000 0.0616
1741.1000 0.0618
1743.4000 0.0620
1751.1000 0.0622
1759.4000 0.0623
1763.4000 0.0625
1763.5000 0.0627
1767.0000 0.0628
1790.0000 0.0630
1790.1000 0.0632
1797.6000 0.0634
1798.4000 0.0635
1805.5000 0.0637
1806.0000 0.0639
1812.2000 0.0641
1816.9000 0.0642
1817.7000 0.0644
1818.9000 0.0646
1829.4000 0.0648
1829.8000 0.0649
1833.1000 0.0651
1839.2000 0.0653
1841.0000 0.0655
1848.0000 0.0656
1856.3000 0.0658
1861.4000 0.0660
1869.6000 0.0661
1874.5000 0.0663
1875.5000 0.0665
1882.5000 0.0667
1884.6000 0.0668
1885.5000 0.0670
1905.4000 0.0672
1908.7000 0.0674
1916.4000 0.0675
1920.7000 0.0677
1921.1000 0.0679
1925.3000 0.0681
1929.0000 0.0682
1936.8000 0.0684
1943.3000 0.0686
1949.5000 0.0687
1952.5000 0.0689
1957.0000 0.0691
1964.9000 0.0693
1967.7000 0.0694
1971.6000 0.0696
1978.4000 0.0698
1979.4000 0.0700
1997.6000 0.0701
1999.2000 0.0703
1999.6000 0.0705
2007.9000 0.0707
2012.0000 0.0708
2026.4000 0.0710
2030.7000 0.0712
2039.6000 0.0714
2041.8000 0.0715
2050.3000 0.0717
2051.3000 0.0719
2051.8000 0.0720
2058.1000 0.0722
2061.5000 0.0724
2067.2000 0.0726
2068.2000 0.0727
2084.5000 0.0729
2087.9000 0.0731
2091.8000 0.0733
2107.8000 0.0734
2115.6000 0.0736
2121.3000 0.0738
2122.2000 0.0740
2141.2000 0.0741
2162.2000 0.0743
2166.8000 0.0745
2170.6000 0.0747
2176.6000 0.0748
2184.4000 0.0750
2188.3000 0.0752
2192.6000 0.0753
2195.4000 0.0755
2206.1000 0.0757
2206.9000 0.0759
2229.3000 0.0760
2232.0000 0.0762
2240.4000 0.0764
2247.6000 0.0766
2247.8000 0.0767
2247.8000 0.0769
2254.8000 0.0771
2262.3000 0.0773
2269.8000 0.0774
2272.7000 0.0776
2291.2000 0.0778
2292.4000 0.0780
2301.9000 0.0781
2303.3000 0.0783
2310.3000 0.0785
2311.2000 0.0786
2327.7000 0.0788
2347.5000 0.0790
2351.7000 0.0792
2361.5000 0.0793
2370.9000 0.0795
2372.5000 0.0797
2375.6000 0.0799
2384.3000 0.0800
2385.3000 0.0802
2386.4000 0.0804
2389.8000 0.0806
2395.8000 0.0807
2396.9000 0.0809
2400.6000 0.0811
2407.1000 0.0812
2409.0000 0.0814
2436.8000 0.0816
2440.8000 0.0818
2446.0000 0.0819
2463.4000 0.0821
2472.6000 0.0823
2503.1000 0.0825
2505.7000 0.0826
2512.0000 0.0828
2521.4000 0.0830
2521.7000 0.0832
2523.5000 0.0833
2524.4000 0.0835
2530.1000 0.0837
2533.4000 0.0839
2537.3000 0.0840
2538.9000 0.0842
2543.5000 0.0844
2547.8000 0.0845
2551.6000 0.0847
2552.2000 0.0849
2561.8000 0.0851
2571.1000 0.0852
2600.7000 0.0854
2616.8000 0.0856
2656.6000 0.0858
2684.8000 0.0859
2687.4000 0.0861
2695.2000 0.0863
2700.9000 0.0865
2703.9000 0.0866
2704.8000 0.0868
2710.8000 0.0870
2712.7000 0.0872
2719.0000 0.0873
2722.0000 0.0875
2725.4000 0.0877
2725.6000 0.0878
2726.5000 0.0880
2730.4000 0.0882
2738.1000 0.0884
2750.6000 0.0885
2771.8000 0.0887
2772.8000 0.0889
2775.4000 0.0891
2778.7000 0.0892
2788.0000 0.0894
2819.6000 0.0896
2824.3000 0.0898
2832.0000 0.0899
2865.4000 0.0901
2872.5000 0.0903
2872.9000 0.0905
2876.0000 0.0906
2879.5000 0.0908
2882.2000 0.0910
2887.2000 0.0911
2893.0000 0.0913
2893.7000 0.0915
2911.7000 0.0917
2921.1000 0.0918
2926.8000 0.0920
2927.9000 0.0922
2937.7000 0.0924
2953.1000 0.0925
2954.9000 0.0927
2958.8000 0.0929
2995.8000 0.0931
3001.6000 0.0932
3005.8000 0.0934
3017.5000 0.0936
3022.2000 0.0937
3044.2000 0.0939
3062.6000 0.0941
3064.7000 0.0943
3078.7000 0.0944
3088.1000 0.0946
3091.1000 0.0948
3093.5000 0.0950
3098.9000 0.0951
3101.3000 0.0953
3115.8000 0.0955
3129.6000 0.0957
3140.3000 0.0958
3142.8000 0.0960
3151.6000 0.0962
3186.7000 0.0964
3196.8000 0.0965
3200.7000 0.0967
3206.6000 0.0969
3206.8000 0.0970
3208.1000 0.0972
3215.8000 0.0974
3215.8000 0.0976
3216.2000 0.0977
3226.9000 0.0979
3236.4000 0.0981
3241.8000 0.0983
3251.7000 0.0984
3255.0000 0.0986
3258.1000 0.0988
3262.2000 0.0990
3268.9000 0.0991
3271.1000 0.0993
3314.5000 0.0995
3372.8000 0.0997
3397.4000 0.0998
3397.8000 0.1000
3412.4000 0.1002
3420.0000 0.1003
3448.3000 0.1005
3455.3000 0.1007
3462.5000 0.1009
3466.7000 0.1010
3476.1000 0.1012
3477.4000 0.1014
3481.3000 0.1016
3483.1000 0.1017
3487.1000 0.1019
3506.5000 0.1021
3511.3000 0.1023
3512.7000 0.1024
3514.7000 0.1026
3516.8000 0.1028
3534.0000 0.1030
3537.6000 0.1031
3581.6000 0.1033
3588.1000 0.1035
3594.0000 0.1036
3597.1000 0.1038
3600.4000 0.1040
3606.5000 0.1042
3619.0000 0.1043
3619.5000 0.1045
3632.1000 0.1047
3633.3000 0.1049
3652.5000 0.1050
3656.7000 0.1052
3672.6000 0.1054
3678.3000 0.1056
3688.0000 0.1057
3703.6000 0.1059
3731.9000 0.1061
3739.9000 0.1062
3742.0000 0.1064
3750.3000 0.1066
3757.0000 0.1068
3766.0000 0.1069
3768.9000 0.1071
3769.0000 0.1073
3784.4000 0.1075
3786.4000 0.1076
3788.2000 0.1078
3800.0000 0.1080
3802.7000 0.1082
3804.0000 0.1083
3814.2000 0.1085
3822.5000 0.1087
3823.3000 0.1089
3830.2000 0.1090
3830.3000 0.1092
3835.3000 0.1094
3839.9000 0.1095
3857.5000 0.1097
3862.3000 0.1099
3869.6000 0.1101
3872.7000 0.1102
3878.7000 0.1104
3880.6000 0.1106
3891.2000 0.1108
3907.4000 0.1109
3914.9000 0.1111
3917.0000 0.1113
3921.0000 0.1115
3925.6000 0.1116
3926.0000 0.1118
3931.4000 0.1120
3946.5000 0.1122
3947.0000 0.1123
3948.7000 0.1125
3984.9000 0.1127
3991.7000 0.1128
3995.3000 0.1130
3996.5000 0.1132
4035.0000 0.1134
4045.6000 0.1135
4046.4000 0.1137
4058.2000 0.1139
4058.4000 0.1141
4059.1000 0.1142
4070.0000 0.1144
4070.8000 0.1146
4072.9000 0.1148
4084.0000 0.1149
4104.6000 0.1151
4113.1000 0.1153
4127.5000 0.1155
4142.9000 0.1156
4143.3000 0.1158
4147.8000 0.1160
4163.3000 0.1161
4166.4000 0.1163
4172.3000 0.1165
4176.8000 0.1167
4180.4000 0.1168
4184.8000 0.1170
4185.2000 0.1172
4208.4000 0.1174
4225.8000 0.1175
4242.3000 0.1177
4244.4000 0.1179
4254.2000 0.1181
4254.6000 0.1182
4256.0000 0.1184
4277.9000 0.1186
4286.4000 0.1187
4290.9000 0.1189
4295.2000 0.1191
4307.1000 0.1193
4320.9000 0.1194
4338.5000 0.1196
4345.4000 0.1198
4366.9000 0.1200
4395.5000 0.1201
4408.2000 0.1203
4416.7000 0.1205
4427.2000 0.1207
4448.4000 0.1208
4466.7000 0.1210
4478.7000 0.1212
4483.7000 0.1214
4489.3000 0.1215
4490.5000 0.1217
4491.8000 0.1219
4518.1000 0.1220
4542.3000 0.1222
4551.6000 0.1224
4552.3000 0.1226
4558.8000 0.1227
4563.2000 0.1229
4580.4000 0.1231
4584.0000 0.1233
4607.6000 0.1234
4621.1000 0.1236
4627.3000 0.1238
4629.7000 0.1240
4652.9000 0.1241
4658.3000 0.1243
4668.6000 0.1245
4690.6000 0.1247
4691.1000 0.1248
4701.8000 0.1250
4719.4000 0.1252
4722.1000 0.1253
4733.3000 0.1255
4745.0000 0.1257
4746.1000 0.1259
4747.4000 0.1260
4766.6000 0.1262
4771.4000 0.1264
4776.7000 0.1266
4785.0000 0.1267
4788.1000 0.1269
4795.1000 0.1271
4806.5000 0.1273
4810.0000 0.1274
4822.8000 0.1276
4843.7000 0.1278
4849.9000 0.1280
4857.7000 0.1281
4865.6000 0.1283
4868.6000 0.1285
4870.4000 0.1286
4875.9000 0.1288
4901.3000 0.1290
4902.5000 0.1292
4902.7000 0.1293
4917.1000 0.1295
4935.4000 0.1297
4943.8000 0.1299
4948.6000 0.1300
4969.2000 0.1302
5007.4000 0.1304
5009.2000 0.1306
5013.6000 0.1307
5027.1000 0.1309
5046.5000 0.1311
5046.9000 0.1312
5050.6000 0.1314
5096.6000 0.1316
5116.8000 0.1318
5124.9000 0.1319
5125.0000 0.1321
5147.3000 0.1323
5151.1000 0.1325
5158.4000 0.1326
5174.2000 0.1328
5191.6000 0.1330
5196.7000 0.1332
5201.6000 0.1333
5204.9000 0.1335
5206.4000 0.1337
5224.3000 0.1339
5228.1000 0.1340
5230.0000 0.1342
5262.6000 0.1344
5276.7000 0.1345
5283.2000 0.1347
5296.9000 0.1349
5297.0000 0.1351
5299.7000 0.1352
5309.4000 0.1354
5314.0000 0.1356
5314.0000 0.1358
5343.1000 0.1359
5358.6000 0.1361
5364.5000 0.1363
5365.6000 0.1365
5370.1000 0.1366
5382.3000 0.1368
5401.7000 0.1370
5428.9000 0.1372
5454.4000 0.1373
5468.4000 0.1375
5478.1000 0.1377
5487.9000 0.1378
5498.4000 0.1380
5508.6000 0.1382
5551.2000 0.1384
5560.8000 0.1385
5572.8000 0.1387
5573.1000 0.1389
5577.1000 0.1391
5586.1000 0.1392
5603.9000 0.1394
5608.5000 0.1396
5612.0000 0.1398
5621.9000 0.1399
5622.0000 0.1401
5636.5000 0.1403
5652.8000 0.1405
5661.3000 0.1406
5670.7000 0.1408
5673.3000 0.1410
5677.4000 0.1411
5685.2000 0.1413
5685.9000 0.1415
5688.1000 0.1417
5729.6000 0.1418
5730.8000 0.1420
5731.7000 0.1422
5755.1000 0.1424
5758.4000 0.1425
5770.3000 0.1427
5830.1000 0.1429
5841.9000 0.1431
5856.4000 0.1432
5871.2000 0.1434
5878.3000 0.1436
5892.7000 0.1437
5898.8000 0.1439
5918.1000 0.1441
5931.6000 0.1443
5943.7000 0.1444
5958.7000 0.1446
5962.0000 0.1448
5963.8000 0.1450
5988.1000 0.1451
5998.3000 0.1453
6029.5000 0.1455
6036.4000 0.1457
6044.1000 0.1458
6049.4000 0.1460
6113.5000 0.1462
6139.2000 0.1464
6141.6000 0.1465
6148.2000 0.1467
6157.8000 0.1469
6171.9000 0.1470
6180.3000 0.1472
6184.4000 0.1474
6196.0000 0.1476
6204.2000 0.1477
6205.6000 0.1479
6231.3000 0.1481
6232.5000 0.1483
6255.5000 0.1484
6265.9000 0.1486
6276.6000 0.1488
6300.6000 0.1490
6321.4000 0.1491
6322.6000 0.1493
6333.1000 0.1495
6337.9000 0.1497
6350.0000 0.1498
6360.4000 0.1500
6371.0000 0.1502
6383.0000 0.1503
6392.9000 0.1505
6395.3000 0.1507
6410.8000 0.1509
6429.9000 0.1510
6447.1000 0.1512
6459.0000 0.1514
6480.6000 0.1516
6510.4000 0.1517
6522.1000 0.1519
6526.1000 0.1521
6532.0000 0.1523
6536.1000 0.1524
6545.6000 0.1526
6565.9000 0.1528
6599.3000 0.1530
6601.2000 0.1531
6645.0000 0.1533
6645.9000 0.1535
6651.1000 0.1536
6653.5000 0.1538
6658.1000 0.1540
6660.2000 0.1542
6666.6000 0.1543
6693.0000 0.1545
6693.6000 0.1547
6706.4000 0.1549
6737.8000 0.1550
6739.0000 0.1552
6750.1000 0.1554
6766.6000 0.1556
6775.4000 0.1557
6778.8000 0.1559
6789.8000 0.1561
6809.3000 0.1562
6814.8000 0.1564
6816.0000 0.1566
6818.0000 0.1568
6829.9000 0.1569
6839.0000 0.1571
6850.9000 0.1573
6869.8000 0.1575
6895.2000 0.1576
6918.2000 0.1578
6921.4000 0.1580
6942.4000 0.1582
6959.7000 0.1583
6972.9000 0.1585
6976.6000 0.1587
6991.9000 0.1589
6996.6000 0.1590
6999.6000 0.1592
7014.0000 0.1594
7021.6000 0.1595
7026.7000 0.1597
7026.7000 0.1599
7051.6000 0.1601
7056.1000 0.1602
7064.7000 0.1604
7111.3000 0.1606
7111.4000 0.1608
7169.7000 0.1609
7170.1000 0.1611
7177.5000 0.1613
7196.1000 0.1615
7204.7000 0.1616
7225.9000 0.1618
7232.9000 0.1620
7252.8000 0.1622
7257.3000 0.1623
7260.1000 0.1625
7263.2000 0.1627
7286.9000 0.1628
7303.5000 0.1630
7309.6000 0.1632
7316.1000 0.1634
7322.0000 0.1635
7329.9000 0.1637
7330.0000 0.1639
7343.6000 0.1641
7351.0000 0.1642
7353.0000 0.1644
7363.5000 0.1646
7376.7000 0.1648
7392.4000 0.1649
7408.7000 0.1651
7409.1000 0.1653
7420.0000 0.1655
7436.1000 0.1656
7458.3000 0.1658
7482.3000 0.1660
7484.4000 0.1661
7506.8000 0.1663
7520.3000 0.1665
7540.6000 0.1667
7545.5000 0.1668
7545.7000 0.1670
7546.8000 0.1672
7554.5000 0.1674
7557.2000 0.1675
7574.2000 0.1677
7576.0000 0.1679
7582.9000 0.1681
7599.8000 0.1682
7612.1000 0.1684
7612.2000 0.1686
7621.9000 0.1687
7632.0000 0.1689
7637.1000 0.1691
7657.7000 0.1693
7686.6000 0.1694
7716.0000 0.1696
7738.8000 0.1698
7753.3000 0.1700
7757.5000 0.1701
7767.0000 0.1703
7783.4000 0.1705
7795.1000 0.1707
7814.3000 0.1708
7836.2000 0.1710
7840.9000 0.1712
7843.4000 0.1714
7854.5000 0.1715
7872.1000 0.1717
7879.5000 0.1719
7932.9000 0.1720
7943.9000 0.1722
7952.5000 0.1724
7955.3000 0.1726
7959.7000 0.1727
7981.0000 0.1729
7993.8000 0.1731
8001.7000 0.1733
8003.1000 0.1734
8024.0000 0.1736
8028.1000 0.1738
8045.7000 0.1740
8059.0000 0.1741
8061.1000 0.1743
8062.5000 0.1745
8067.2000 0.1747
8071.8000 0.1748
8091.7000 0.1750
8111.6000 0.1752
8111.8000 0.1753
8111.9000 0.1755
8112.8000 0.1757
8142.6000 0.1759
8152.6000 0.1760
8158.0000 0.1762
8160.7000 0.1764
8165.4000 0.1766
8176.3000 0.1767
8217.0000 0.1769
8224.7000 0.1771
8235.3000 0.1773
8236.9000 0.1774
8250.6000 0.1776
8251.3000 0.1778
8254.2000 0.1780
8267.8000 0.1781
8282.9000 0.1783
8287.5000 0.1785
8292.2000 0.1786
8297.0000 0.1788
8305.4000 0.1790
8313.1000 0.1792
8318.0000 0.1793
8322.2000 0.1795
8335.3000 0.1797
8337.5000 0.1799
8345.5000 0.1800
8376.1000 0.1802
8382.2000 0.1804
8402.7000 0.1806
8412.6000 0.1807
8417.4000 0.1809
8433.6000 0.1811
8442.5000 0.1812
8464.8000 0.1814
8466.1000 0.1816
8493.3000 0.1818
8494.3000 0.1819
8497.2000 0.1821
8498.5000 0.1823
8557.4000 0.1825
8566.7000 0.1826
8577.5000 0.1828
8583.2000 0.1830
8591.5000 0.1832
8601.7000 0.1833
8609.6000 0.1835
8622.0000 0.1837
8627.6000 0.1839
8639.3000 0.1840
8678.6000 0.1842
8712.0000 0.1844
8716.6000 0.1845
8719.0000 0.1847
8728.1000 0.1849
8728.3000 0.1851
8764.3000 0.1852
8770.0000 0.1854
8782.1000 0.1856
8792.0000 0.1858
8796.6000 0.1859
8801.5000 0.1861
8804.4000 0.1863
8808.7000 0.1865
8824.6000 0.1866
8831.8000 0.1868
8836.6000 0.1870
8844.9000 0.1872
8861.7000 0.1873
8876.9000 0.1875
8902.2000 0.1877
8930.9000 0.1878
8972.9000 0.1880
8982.2000 0.1882
8987.7000 0.1884
9008.1000 0.1885
9016.9000 0.1887
9028.2000 0.1889
9041.7000 0.1891
9054.3000 0.1892
9061.6000 0.1894
9066.6000 0.1896
9071.2000 0.1898
9078.5000 0.1899
9093.1000 0.1901
9101.2000 0.1903
9108.2000 0.1905
9109.9000 0.1906
9127.4000 0.1908
9137.5000 0.1910
9156.5000 0.1911
9159.8000 0.1913
9171.2000 0.1915
9173.7000 0.1917
9183.4000 0.1918
9186.2000 0.1920
9189.2000 0.1922
9189.5000 0.1924
9195.7000 0.1925
9206.5000 0.1927
9208.1000 0.1929
9235.4000 0.1931
9262.5000 0.1932
9277.0000 0.1934
9292.0000 0.1936
9303.6000 0.1937
9336.2000 0.1939
9361.5000 0.1941
9362.7000 0.1943
9368.4000 0.1944
9369.0000 0.1946
9381.5000 0.1948
9391.1000 0.1950
9397.0000 0.1951
9413.3000 0.1953
9415.4000 0.1955
9417.0000 0.1957
9426.3000 0.1958
9427.4000 0.1960
9447.4000 0.1962
9454.8000 0.1964
9470.1000 0.1965
9473.6000 0.1967
9476.9000 0.1969
9487.5000 0.1970
9501.9000 0.1972
9505.3000 0.1974
9505.4000 0.1976
9508.5000 0.1977
9571.6000 0.1979
9575.7000 0.1981
9585.8000 0.1983
9592.9000 0.1984
9602.4000 0.1986
9612.7000 0.1988
9613.4000 0.1990
9619.0000 0.1991
9624.4000 0.1993
9625.5000 0.1995
9631.6000 0.1997
9636.6000 0.1998
9652.1000 0.2000
9672.1000 0.2002
9684.4000 0.2003
9691.7000 0.2005
9702.4000 0.2007
9708.1000 0.2009
9721.6000 0.2010
9735.4000 0.2012
9743.3000 0.2014
9752.0000 0.2016
9772.0000 0.2017
9773.8000 0.2019
9776.2000 0.2021
9792.8000 0.2023
9805.8000 0.2024
9817.0000 0.2026
9834.6000 0.2028
9836.1000 0.2030
9843.4000 0.2031
9848.6000 0.2033
9871.0000 0.2035
9874.1000 0.2036
9882.0000 0.2038
9898.4000 0.2040
9900.7000 0.2042
9944.8000 0.2043
9958.5000 0.2045
9966.8000 0.2047
9975.6000 0.2049
9994.8000 0.2050
9996.4000 0.2052
10014.4000 0.2054
10045.1000 0.2056
10054.8000 0.2057
10064.3000 0.2059
10073.3000 0.2061
10086.5000 0.2062
10113.9000 0.2064
10125.5000 0.2066
10126.6000 0.2068
10134.9000 0.2069
10141.5000 0.2071
10157.2000 0.2073
10174.2000 0.2075
10199.8000 0.2076
10217.9000 0.2078
10223.8000 0.2080
10232.8000 0.2082
10235.3000 0.2083
10238.5000 0.2085
10262.8000 0.2087
10264.1000 0.2089
10291.3000 0.2090
10313.1000 0.2092
10328.0000 0.2094
10328.1000 0.2095
10339.8000 0.2097
10342.3000 0.2099
10345.2000 0.2101
10353.9000 0.2102
10362.8000 0.2104
10367.0000 0.2106
10381.6000 0.2108
10382.9000 0.2109
10386.7000 0.2111
10396.7000 0.2113
10405.1000 0.2115
10413.6000 0.2116
10416.7000 0.2118
10437.5000 0.2120
10443.4000 0.2122
10500.4000 0.2123
10506.9000 0.2125
10531.3000 0.2127
10537.1000 0.2128
10544.7000 0.2130
10557.4000 0.2132
10563.6000 0.2134
10565.7000 0.2135
10584.6000 0.2137
10589.3000 0.2139
10593.5000 0.2141
10612.4000 0.2142
10630.9000 0.2144
10632.7000 0.2146
10635.0000 0.2148
10642.0000 0.2149
10668.9000 0.2151
10681.3000 0.2153
10698.5000 0.2155
10706.7000 0.2156
10733.1000 0.2158
10734.0000 0.2160
10736.4000 0.2161
10742.2000 0.2163
10743.3000 0.2165
10743.5000 0.2167
10763.2000 0.2168
10767.9000 0.2170
10774.2000 0.2172
10781.7000 0.2174
10788.4000 0.2175
10809.8000 0.2177
10818.9000 0.2179
10830.7000 0.2181
10843.3000 0.2182
10847.0000 0.2184
10861.2000 0.2186
10873.0000 0.2187
10874.8000 0.2189
10879.3000 0.2191
10897.6000 0.2193
10900.1000 0.2194
10910.1000 0.2196
10926.5000 0.2198
10931.4000 0.2200
10931.5000 0.2201
10932.0000 0.2203
10950.3000 0.2205
10956.7000 0.2207
10958.4000 0.2208
10958.6000 0.2210
11008.3000 0.2212
11009.3000 0.2214
11037.6000 0.2215
11070.3000 0.2217
11106.7000 0.2219
11121.6000 0.2220
11203.1000 0.2222
11224.9000 0.2224
11228.2000 0.2226
11249.5000 0.2227
11250.5000 0.2229
11263.4000 0.2231
11272.0000 0.2233
11278.6000 0.2234
11305.8000 0.2236
11315.9000 0.2238
11336.9000 0.2240
11357.9000 0.2241
11378.9000 0.2243
11402.7000 0.2245
11417.5000 0.2247
11450.0000 0.2248
11480.7000 0.2250
11495.8000 0.2252
11508.5000 0.2253
11553.1000 0.2255
11557.5000 0.2257
11567.0000 0.2259
11573.7000 0.2260
11576.7000 0.2262
11581.7000 0.2264
11595.1000 0.2266
11601.9000 0.2267
11633.0000 0.2269
11633.4000 0.2271
11657.2000 0.2273
11662.7000 0.2274
11687.2000 0.2276
11701.6000 0.2278
11714.2000 0.2280
11747.3000 0.2281
11770.6000 0.2283
11772.0000 0.2285
11807.6000 0.2286
11814.4000 0.2288
11824.4000 0.2290
11827.1000 0.2292
11852.1000 0.2293
11855.4000 0.2295
11862.8000 0.2297
11863.8000 0.2299
11879.9000 0.2300
11905.0000 0.2302
11917.1000 0.2304
11917.4000 0.2306
11921.1000 0.2307
11925.7000 0.2309
11937.1000 0.2311
11940.2000 0.2312
11944.2000 0.2314
11944.7000 0.2316
11946.7000 0.2318
11947.2000 0.2319
11959.0000 0.2321
11985.7000 0.2323
11991.6000 0.2325
12034.3000 0.2326
12035.4000 0.2328
12038.3000 0.2330
12047.4000 0.2332
12090.3000 0.2333
12102.0000 0.2335
12116.0000 0.2337
12118.4000 0.2339
12135.4000 0.2340
12145.8000 0.2342
12155.3000 0.2344
12157.4000 0.2345
12168.3000 0.2347
12170.0000 0.2349
12179.0000 0.2351
12186.2000 0.2352
12211.5000 0.2354
12218.4000 0.2356
12229.2000 0.2358
12257.2000 0.2359
12277.3000 0.2361
12291.0000 0.2363
12304.6000 0.2365
12313.4000 0.2366
12316.9000 0.2368
12356.8000 0.2370
12360.6000 0.2372
12369.8000 0.2373
12376.2000 0.2375
12380.8000 0.2377
12392.3000 0.2378
12393.1000 0.2380
12395.8000 0.2382
12406.0000 0.2384
12410.9000 0.2385
12478.3000 0.2387
12479.2000 0.2389
12484.1000 0.2391
12501.0000 0.2392
12515.7000 0.2394
12543.0000 0.2396
12579.0000 0.2398
12583.1000 0.2399
12597.5000 0.2401
12600.4000 0.2403
12638.1000 0.2405
12662.8000 0.2406
12676.6000 0.2408
12688.0000 0.2410
12691.4000 0.2411
12697.9000 0.2413
12699.7000 0.2415
12719.6000 0.2417
12733.1000 0.2418
12736.4000 0.2420
12740.0000 0.2422
12750.7000 0.2424
12769.4000 0.2425
12784.3000 0.2427
12788.4000 0.2429
12819.8000 0.2431
12822.0000 0.2432
12830.7000 0.2434
12856.4000 0.2436
12873.4000 0.2437
12875.0000 0.2439
12879.3000 0.2441
12888.0000 0.2443
12910.8000 0.2444
12916.6000 0.2446
12948.2000 0.2448
12948.4000 0.2450
12953.7000 0.2451
12953.8000 0.2453
12960.6000 0.2455
12992.1000 0.2457
13012.7000 0.2458
13027.5000 0.2460
13036.5000 0.2462
13040.7000 0.2464
13055.9000 0.2465
13088.2000 0.2467
13089.0000 0.2469
13093.0000 0.2470
13101.1000 0.2472
13118.7000 0.2474
13128.4000 0.2476
13181.3000 0.2477
13212.2000 0.2479
13233.5000 0.2481
13235.4000 0.2483
13237.4000 0.2484
13241.7000 0.2486
13244.9000 0.2488
13245.6000 0.2490
13260.3000 0.2491
13271.9000 0.2493
13288.2000 0.2495
13295.6000 0.2497
13308.2000 0.2498
13322.4000 0.2500
13328.7000 0.2502
13350.2000 0.2503
13375.1000 0.2505
13377.8000 0.2507
13390.9000 0.2509
13405.0000 0.2510
13416.6000 0.2512
13426.5000 0.2514
13435.3000 0.2516
13435.9000 0.2517
13438.0000 0.2519
13464.9000 0.2521
13488.0000 0.2523
13509.3000 0.2524
13515.1000 0.2526
13521.7000 0.2528
13525.5000 0.2530
13533.2000 0.2531
13550.0000 0.2533
13583.7000 0.2535
13586.3000 0.2536
13594.0000 0.2538
13609.8000 0.2540
13628.6000 0.2542
13631.4000 0.2543
13640.1000 0.2545
13660.2000 0.2547
13661.4000 0.2549
13663.6000 0.2550
13665.5000 0.2552
13678.2000 0.2554
13684.0000 0.2556
13684.9000 0.2557
13687.1000 0.2559
13693.3000 0.2561
13737.1000 0.2563
13737.5000 0.2564
13742.5000 0.2566
13746.8000 0.2568
13758.9000 0.2569
13787.1000 0.2571
13791.6000 0.2573
13796.1000 0.2575
13811.2000 0.2576
13812.4000 0.2578
13875.4000 0.2580
13877.8000 0.2582
13900.7000 0.2583
13903.4000 0.2585
13917.1000 0.2587
13924.6000 0.2589
13926.5000 0.2590
13927.9000 0.2592
13941.2000 0.2594
13946.7000 0.2595
13954.4000 0.2597
13981.2000 0.2599
13986.4000 0.2601
14024.4000 0.2602
14050.4000 0.2604
14057.1000 0.2606
14061.2000 0.2608
14073.4000 0.2609
14077.2000 0.2611
14083.6000 0.2613
14092.4000 0.2615
14097.5000 0.2616
14098.0000 0.2618
14099.3000 0.2620
14102.8000 0.2622
14107.4000 0.2623
14111.1000 0.2625
14124.0000 0.2627
14136.9000 0.2628
14141.3000 0.2630
14169.4000 0.2632
14173.2000 0.2634
14206.6000 0.2635
14214.4000 0.2637
14215.1000 0.2639
14221.1000 0.2641
14229.9000 0.2642
14238.0000 0.2644
14248.5000 0.2646
14265.2000 0.2648
14272.5000 0.2649
14287.7000 0.2651
14299.8000 0.2653
14320.5000 0.2655
14324.0000 0.2656
14347.0000 0.2658
14368.6000 0.2660
14378.9000 0.2661
14384.6000 0.2663
14395.6000 0.2665
14403.6000 0.2667
14404.2000 0.2668
14405.9000 0.2670
14406.7000 0.2672
14413.0000 0.2674
14422.0000 0.2675
14422.5000 0.2677
14425.0000 0.2679
14454.8000 0.2681
14469.7000 0.2682
14482.1000 0.2684
14516.9000 0.2686
14539.9000 0.2688
14567.0000 0.2689
14583.4000 0.2691
14586.7000 0.2693
14587.4000 0.2694
14602.8000 0.2696
14608.4000 0.2698
14631.0000 0.2700
14636.9000 0.2701
14668.6000 0.2703
14668.9000 0.2705
14691.1000 0.2707
14693.2000 0.2708
14702.1000 0.2710
14720.0000 0.2712
14723.8000 0.2714
14744.2000 0.2715
14748.5000 0.2717
14770.3000 0.2719
14788.5000 0.2720
14790.8000 0.2722
14805.3000 0.2724
14846.7000 0.2726
14884.5000 0.2727
14886.6000 0.2729
14907.3000 0.2731
14920.6000 0.2733
14936.6000 0.2734
14938.8000 0.2736
14947.3000 0.2738
14963.2000 0.2740
14994.8000 0.2741
15006.9000 0.2743
15007.7000 0.2745
15032.4000 0.2747
15047.6000 0.2748
15049.7000 0.2750
15051.4000 0.2752
15053.6000 0.2753
15096.5000 0.2755
15104.8000 0.2757
15113.1000 0.2759
15130.4000 0.2760
15133.5000 0.2762
15138.7000 0.2764
15142.1000 0.2766
15146.8000 0.2767
15159.4000 0.2769
15168.7000 0.2771
15172.0000 0.2773
15178.3000 0.2774
15187.9000 0.2776
15201.1000 0.2778
15203.4000 0.2780
15219.2000 0.2781
15225.5000 0.2783
15246.8000 0.2785
15248.4000 0.2786
15251.8000 0.2788
15255.4000 0.2790
15268.8000 0.2792
15291.6000 0.2793
15302.5000 0.2795
15308.4000 0.2797
15330.1000 0.2799
15334.3000 0.2800
15335.6000 0.2802
15383.4000 0.2804
15386.8000 0.2806
15387.1000 0.2807
15387.7000 0.2809
15388.1000 0.2811
15403.6000 0.2813
15420.4000 0.2814
15471.7000 0.2816
15472.3000 0.2818
15473.1000 0.2819
15481.7000 0.2821
15489.0000 0.2823
15502.3000 0.2825
15546.0000 0.2826
15559.0000 0.2828
15569.0000 0.2830
15574.2000 0.2832
15584.3000 0.2833
15589.1000 0.2835
15605.6000 0.2837
15614.3000 0.2839
15618.6000 0.2840
15621.7000 0.2842
15625.4000 0.2844
15631.7000 0.2845
15635.9000 0.2847
15662.7000 0.2849
15696.3000 0.2851
15699.8000 0.2852
15760.9000 0.2854
15777.6000 0.2856
15786.2000 0.2858
15792.3000 0.2859
15800.9000 0.2861
15801.4000 0.2863
15847.3000 0.2865
15871.1000 0.2866
15897.9000 0.2868
15907.9000 0.2870
15908.5000 0.2872
15917.0000 0.2873
15926.4000 0.2875
15929.8000 0.2877
15931.6000 0.2878
15939.1000 0.2880
15957.3000 0.2882
15981.2000 0.2884
15991.6000 0.2885
16016.4000 0.2887
16021.5000 0.2889
16023.5000 0.2891
16051.2000 0.2892
16086.6000 0.2894
16096.7000 0.2896
16097.2000 0.2898
16106.9000 0.2899
16110.9000 0.2901
16127.5000 0.2903
16137.4000 0.2905
16138.3000 0.2906
16160.6000 0.2908
16171.6000 0.2910
16181.7000 0.2911
16192.0000 0.2913
16203.0000 0.2915
16208.5000 0.2917
16208.6000 0.2918
16214.2000 0.2920
16241.1000 0.2922
16243.3000 0.2924
16257.7000 0.2925
16273.3000 0.2927
16278.4000 0.2929
16286.6000 0.2931
16292.0000 0.2932
16300.7000 0.2934
16302.7000 0.2936
16305.4000 0.2938
16306.8000 0.2939
16317.5000 0.2941
16325.0000 0.2943
16326.0000 0.2944
16341.8000 0.2946
16342.6000 0.2948
16353.5000 0.2950
16355.7000 0.2951
16368.8000 0.2953
16380.0000 0.2955
16401.3000 0.2957
16401.5000 0.2958
16471.7000 0.2960
16490.1000 0.2962
16509.8000 0.2964
16515.0000 0.2965
16515.4000 0.2967
16538.3000 0.2969
16551.9000 0.2970
16561.3000 0.2972
16572.5000 0.2974
16578.2000 0.2976
16584.5000 0.2977
16599.0000 0.2979
16621.2000 0.2981
16623.5000 0.2983
16625.1000 0.2984
16645.4000 0.2986
16645.8000 0.2988
16646.7000 0.2990
16652.5000 0.2991
16657.3000 0.2993
16658.7000 0.2995
16679.6000 0.2997
16682.0000 0.2998
16691.8000 0.3000
16696.4000 0.3002
16714.5000 0.3003
16715.6000 0.3005
16718.0000 0.3007
16725.8000 0.3009
16726.9000 0.3010
16750.1000 0.3012
16770.3000 0.3014
16771.8000 0.3016
16776.6000 0.3017
16777.0000 0.3019
16787.0000 0.3021
16802.5000 0.3023
16808.0000 0.3024
16808.6000 0.3026
16820.8000 0.3028
16825.2000 0.3030
16839.9000 0.3031
16845.4000 0.3033
16853.8000 0.3035
16859.0000 0.3036
16859.0000 0.3038
16863.5000 0.3040
16872.3000 0.3042
16892.1000 0.3043
16906.7000 0.3045
16906.7000 0.3047
16915.5000 0.3049
16941.7000 0.3050
16946.1000 0.3052
16956.8000 0.3054
16984.7000 0.3056
16986.6000 0.3057
16986.8000 0.3059
16987.1000 0.3061
16992.0000 0.3063
16992.1000 0.3064
17027.5000 0.3066
17035.6000 0.3068
17049.6000 0.3069
17057.9000 0.3071
17064.2000 0.3073
17066.5000 0.3075
17092.6000 0.3076
17125.8000 0.3078
17143.4000 0.3080
17170.2000 0.3082
17204.6000 0.3083
17218.5000 0.3085
17220.3000 0.3087
17226.9000 0.3089
17229.3000 0.3090
17259.2000 0.3092
17275.4000 0.3094
17278.4000 0.3095
17279.0000 0.3097
17291.2000 0.3099
17350.0000 0.3101
17350.7000 0.3102
17365.4000 0.3104
17374.0000 0.3106
17391.4000 0.3108
17393.9000 0.3109
17441.1000 0.3111
17445.9000 0.3113
17450.6000 0.3115
17454.0000 0.3116
17457.2000 0.3118
17462.4000 0.3120
17481.8000 0.3122
17493.5000 0.3123
17510.9000 0.3125
17530.3000 0.3127
17536.7000 0.3128
17549.6000 0.3130
17562.8000 0.3132
17584.2000 0.3134
17596.8000 0.3135
17612.8000 0.3137
17645.1000 0.3139
17649.3000 0.3141
17650.3000 0.3142
17652.1000 0.3144
17672.5000 0.3146
17689.0000 0.3148
17693.4000 0.3149
17698.6000 0.3151
17716.0000 0.3153
17717.1000 0.3155
17721.9000 0.3156
17726.2000 0.3158
17726.4000 0.3160
17731.0000 0.3161
17734.8000 0.3163
17737.3000 0.3165
17741.3000 0.3167
17761.6000 0.3168
17764.5000 0.3170
17780.1000 0.3172
17783.9000 0.3174
17787.6000 0.3175
17789.2000 0.3177
17798.1000 0.3179
17807.7000 0.3181
17812.9000 0.3182
17817.2000 0.3184
17823.6000 0.3186
17840.9000 0.3188
17852.6000 0.3189
17856.6000 0.3191
17857.5000 0.3193
17859.7000 0.3194
17862.8000 0.3196
17868.4000 0.3198
17869.2000 0.3200
17873.2000 0.3201
17891.5000 0.3203
17901.5000 0.3205
17903.5000 0.3207
17918.5000 0.3208
17925.6000 0.3210
17926.8000 0.3212
17935.1000 0.3214
17984.4000 0.3215
18022.2000 0.3217
18022.9000 0.3219
18028.3000 0.3220
18041.9000 0.3222
18050.2000 0.3224
18057.2000 0.3226
18061.8000 0.3227
18086.9000 0.3229
18116.1000 0.3231
18135.4000 0.3233
18146.8000 0.3234
18149.2000 0.3236
18163.3000 0.3238
18170.9000 0.3240
18177.8000 0.3241
18179.7000 0.3243
18199.5000 0.3245
18206.1000 0.3247
18207.2000 0.3248
18207.3000 0.3250
18219.4000 0.3252
18229.6000 0.3253
18237.2000 0.3255
18241.7000 0.3257
18254.8000 0.3259
18256.8000 0.3260
18271.6000 0.3262
18279.2000 0.3264
18286.4000 0.3266
18291.3000 0.3267
18301.1000 0.3269
18318.4000 0.3271
18322.0000 0.3273
18332.1000 0.3274
18333.4000 0.3276
18354.8000 0.3278
18359.1000 0.3280
18383.8000 0.3281
18390.0000 0.3283
18425.8000 0.3285
18442.4000 0.3286
18461.7000 0.3288
18472.1000 0.3290
18481.1000 0.3292
18489.2000 0.3293
18493.3000 0.3295
18500.5000 0.3297
18501.3000 0.3299
18518.9000 0.3300
18531.8000 0.3302
18532.3000 0.3304
18536.2000 0.3306
18539.2000 0.3307
18540.4000 0.3309
18567.1000 0.3311
18577.8000 0.3313
18582.5000 0.3314
18596.8000 0.3316
18596.8000 0.3318
18603.7000 0.3319
18610.4000 0.3321
18620.9000 0.3323
18625.6000 0.3325
18689.9000 0.3326
18696.0000 0.3328
18720.3000 0.3330
18742.0000 0.3332
18746.0000 0.3333
18758.3000 0.3335
18783.0000 0.3337
18784.8000 0.3339
18808.1000 0.3340
18808.8000 0.3342
18811.5000 0.3344
18818.3000 0.3345
18843.2000 0.3347
18850.9000 0.3349
18862.1000 0.3351
18869.6000 0.3352
18876.1000 0.3354
18879.6000 0.3356
18885.6000 0.3358
18886.4000 0.3359
18904.8000 0.3361
18913.7000 0.3363
18935.5000 0.3365
18973.9000 0.3366
18986.7000 0.3368
18997.3000 0.3370
19013.7000 0.3372
19030.0000 0.3373
19030.8000 0.3375
19033.2000 0.3377
19034.3000 0.3378
19091.4000 0.3380
19116.8000 0.3382
19126.4000 0.3384
19132.4000 0.3385
19132.6000 0.3387
19149.1000 0.3389
19156.6000 0.3391
19171.6000 0.3392
19179.2000 0.3394
19180.7000 0.3396
19189.0000 0.3398
19198.5000 0.3399
19219.7000 0.3401
19232.1000 0.3403
19237.6000 0.3405
19252.2000 0.3406
19254.0000 0.3408
19288.4000 0.3410
19305.8000 0.3411
19315.5000 0.3413
19322.5000 0.3415
19340.4000 0.3417
19341.0000 0.3418
19366.1000 0.3420
19382.9000 0.3422
19392.0000 0.3424
19403.4000 0.3425
19406.0000 0.3427
19406.9000 0.3429
19424.0000 0.3431
19434.6000 0.3432
19449.8000 0.3434
19451.0000 0.3436
19454.4000 0.3438
19459.0000 0.3439
19464.8000 0.3441
19465.8000 0.3443
19465.8000 0.3444
19471.8000 0.3446
19483.3000 0.3448
19490.8000 0.3450
19511.1000 0.3451
19522.0000 0.3453
19529.6000 0.3455
19544.9000 0.3457
19572.9000 0.3458
19574.5000 0.3460
19575.7000 0.3462
19586.1000 0.3464
19590.1000 0.3465
19602.6000 0.3467
19604.1000 0.3469
19619.9000 0.3470
19640.0000 0.3472
19650.3000 0.3474
19661.8000 0.3476
19665.4000 0.3477
19671.1000 0.3479
19683.1000 0.3481
19718.2000 0.3483
19742.7000 0.3484
19747.6000 0.3486
19749.4000 0.3488
19755.5000 0.3490
19759.2000 0.3491
19761.9000 0.3493
19774.6000 0.3495
19776.9000 0.3497
19786.8000 0.3498
19814.8000 0.3500
19819.2000 0.3502
19851.1000 0.3503
19861.9000 0.3505
19863.1000 0.3507
19863.2000 0.3509
19892.5000 0.3510
19912.8000 0.3512
19914.5000 0.3514
19928.5000 0.3516
19938.1000 0.3517
19947.3000 0.3519
19955.4000 0.3521
19959.8000 0.3523
20005.1000 0.3524
20010.1000 0.3526
20018.0000 0.3528
20021.9000 0.3530
20038.9000 0.3531
20046.1000 0.3533
20048.0000 0.3535
20057.6000 0.3536
20065.2000 0.3538
20076.9000 0.3540
20097.3000 0.3542
20120.4000 0.3543
20155.0000 0.3545
20162.9000 0.3547
20179.2000 0.3549
20186.5000 0.3550
20188.4000 0.3552
20192.2000 0.3554
20259.4000 0.3556
20261.6000 0.3557
20273.4000 0.3559
20297.9000 0.3561
20317.9000 0.3563
20351.6000 0.3564
20362.6000 0.3566
20386.0000 0.3568
20389.2000 0.3569
20391.7000 0.3571
20395.4000 0.3573
20412.0000 0.3575
20446.6000 0.3576
20446.7000 0.3578
20471.6000 0.3580
20488.2000 0.3582
20489.0000 0.3583
20492.1000 0.3585
20492.3000 0.3587
20494.0000 0.3589
20495.2000 0.3590
20507.0000 0.3592
20518.1000 0.3594
20525.3000 0.3595
20526.8000 0.3597
20572.8000 0.3599
20581.1000 0.3601
20587.8000 0.3602
20595.4000 0.3604
20601.5000 0.3606
20605.5000 0.3608
20608.2000 0.3609
20616.7000 0.3611
20628.2000 0.3613
20657.8000 0.3615
20684.3000 0.3616
20702.8000 0.3618
20707.5000 0.3620
20717.6000 0.3622
20717.7000 0.3623
20720.6000 0.3625
20733.0000 0.3627
20737.9000 0.3628
20756.6000 0.3630
20767.9000 0.3632
20802.6000 0.3634
20820.6000 0.3635
20832.9000 0.3637
20843.9000 0.3639
20848.3000 0.3641
20862.0000 0.3642
20868.1000 0.3644
20884.5000 0.3646
20905.1000 0.3648
20914.2000 0.3649
21006.2000 0.3651
21031.0000 0.3653
21055.0000 0.3655
21059.1000 0.3656
21060.3000 0.3658
21064.6000 0.3660
21073.5000 0.3661
21090.5000 0.3663
21095.2000 0.3665
21097.8000 0.3667
21099.9000 0.3668
21101.8000 0.3670
21136.2000 0.3672
21140.0000 0.3674
21147.7000 0.3675
21163.8000 0.3677
21197.8000 0.3679
21221.4000 0.3681
21221.5000 0.3682
21251.7000 0.3684
21331.7000 0.3686
21337.3000 0.3688
21352.0000 0.3689
21353.2000 0.3691
21386.5000 0.3693
21403.8000 0.3694
21407.0000 0.3696
21410.6000 0.3698
21416.2000 0.3700
21423.3000 0.3701
21425.7000 0.3703
21441.1000 0.3705
21447.7000 0.3707
21463.1000 0.3708
21479.8000 0.3710
21480.0000 0.3712
21481.7000 0.3714
21488.6000 0.3715
21546.8000 0.3717
21586.9000 0.3719
21615.6000 0.3720
21693.1000 0.3722
21712.3000 0.3724
21717.3000 0.3726
21724.0000 0.3727
21732.7000 0.3729
21746.7000 0.3731
21777.2000 0.3733
21788.6000 0.3734
21819.5000 0.3736
21870.6000 0.3738
21896.5000 0.3740
21900.7000 0.3741
21934.2000 0.3743
21952.0000 0.3745
21991.4000 0.3747
22007.0000 0.3748
22022.4000 0.3750
22049.4000 0.3752
22073.8000 0.3753
22093.2000 0.3755
22102.3000 0.3757
22120.7000 0.3759
22163.2000 0.3760
22219.8000 0.3762
22231.0000 0.3764
22234.5000 0.3766
22289.2000 0.3767
22301.2000 0.3769
22321.4000 0.3771
22340.3000 0.3773
22363.2000 0.3774
22366.6000 0.3776
22370.4000 0.3778
22402.0000 0.3780
22452.7000 0.3781
22468.9000 0.3783
22511.8000 0.3785
22515.0000 0.3786
22521.1000 0.3788
22529.2000 0.3790
22550.2000 0.3792
22574.1000 0.3793
22582.3000 0.3795
22589.9000 0.3797
22591.1000 0.3799
22596.1000 0.3800
22596.9000 0.3802
22656.7000 0.3804
22665.4000 0.3806
22666.6000 0.3807
22686.1000 0.3809
22736.9000 0.3811
22749.0000 0.3813
22831.1000 0.3814
22831.3000 0.3816
22846.7000 0.3818
22854.5000 0.3819
22858.8000 0.3821
22909.9000 0.3823
22935.4000 0.3825
22950.3000 0.3826
22978.3000 0.3828
23008.5000 0.3830
23010.6000 0.3832
23115.4000 0.3833
23151.3000 0.3835
23178.3000 0.3837
23178.9000 0.3839
23390.6000 0.3840
23431.7000 0.3842
23435.3000 0.3844
23436.6000 0.3845
23454.9000 0.3847
23521.1000 0.3849
23522.3000 0.3851
23556.1000 0.3852
23598.2000 0.3854
23634.6000 0.3856
23646.4000 0.3858
23695.9000 0.3859
23728.9000 0.3861
23736.1000 0.3863
23781.1000 0.3865
23797.0000 0.3866
23807.7000 0.3868
23831.8000 0.3870
23891.7000 0.3872
23941.0000 0.3873
23947.8000 0.3875
23983.0000 0.3877
24061.8000 0.3878
24065.7000 0.3880
24074.0000 0.3882
24121.0000 0.3884
24158.4000 0.3885
24185.2000 0.3887
24201.0000 0.3889
24211.5000 0.3891
24233.6000 0.3892
24307.8000 0.3894
24329.1000 0.3896
24336.4000 0.3898
24371.0000 0.3899
24379.1000 0.3901
24384.9000 0.3903
24402.7000 0.3905
24479.1000 0.3906
24511.7000 0.3908
24526.6000 0.3910
24566.8000 0.3911
24572.7000 0.3913
24604.9000 0.3915
24689.5000 0.3917
24739.0000 0.3918
24835.9000 0.3920
24863.5000 0.3922
24870.3000 0.3924
24956.4000 0.3925
24986.6000 0.3927
25000.3000 0.3929
25007.7000 0.3931
25032.4000 0.3932
25083.5000 0.3934
25131.6000 0.3936
25222.8000 0.3938
25226.1000 0.3939
25235.9000 0.3941
25253.0000 0.3943
25256.9000 0.3944
25295.9000 0.3946
25299.2000 0.3948
25324.5000 0.3950
25402.7000 0.3951
25406.9000 0.3953
25418.8000 0.3955
25561.2000 0.3957
25644.9000 0.3958
25750.1000 0.3960
25768.1000 0.3962
25824.1000 0.3964
25837.3000 0.3965
25886.9000 0.3967
25997.8000 0.3969
26039.2000 0.3970
26045.0000 0.3972
26075.4000 0.3974
26094.9000 0.3976
26141.7000 0.3977
26334.6000 0.3979
26423.5000 0.3981
26458.4000 0.3983
26706.1000 0.3984
26717.8000 0.3986
27091.7000 0.3988
27402.0000 0.3990
27414.9000 0.3991
27458.2000 0.3993
27475.0000 0.3995
27866.9000 0.3997
28009.1000 0.3998
28271.6000 0.4000
