# messageDelay  cumulativeProbability
0.2000 0.0002
0.2000 0.0003
0.2000 0.0005
0.2000 0.0007
0.2000 0.0009
0.2000 0.0010
0.2000 0.0012
0.2000 0.0014
0.2000 0.0016
0.2000 0.0017
0.2000 0.0019
0.2000 0.0021
0.2000 0.0023
0.2000 0.0024
0.2000 0.0026
0.2000 0.0028
0.2000 0.0030
0.2000 0.0031
0.2000 0.0033
0.2000 0.0035
0.2000 0.0036
0.2000 0.0038
0.2000 0.0040
0.2000 0.0042
0.2000 0.0043
0.2000 0.0045
0.2000 0.0047
0.2000 0.0049
0.2000 0.0050
0.2000 0.0052
0.3000 0.0054
0.4000 0.0056
0.5000 0.0057
0.5000 0.0059
1.3000 0.0061
27.4000 0.0063
55.6000 0.0064
57.2000 0.0066
67.7000 0.0068
73.3000 0.0069
82.8000 0.0071
83.6000 0.0073
93.4000 0.0075
93.9000 0.0076
97.1000 0.0078
99.8000 0.0080
100.3000 0.0082
110.9000 0.0083
112.2000 0.0085
115.0000 0.0087
117.9000 0.0089
118.7000 0.0090
119.7000 0.0092
121.7000 0.0094
123.7000 0.0095
124.0000 0.0097
126.3000 0.0099
130.4000 0.0101
132.6000 0.0102
137.0000 0.0104
139.9000 0.0106
146.0000 0.0108
154.9000 0.0109
155.2000 0.0111
156.8000 0.0113
156.9000 0.0115
167.0000 0.0116
172.3000 0.0118
173.8000 0.0120
174.2000 0.0122
179.7000 0.0123
180.4000 0.0125
181.6000 0.0127
189.3000 0.0128
193.4000 0.0130
196.8000 0.0132
201.0000 0.0134
201.5000 0.0135
201.8000 0.0137
202.2000 0.0139
206.8000 0.0141
208.8000 0.0142
209.7000 0.0144
210.0000 0.0146
212.0000 0.0148
212.5000 0.0149
217.4000 0.0151
227.7000 0.0153
231.6000 0.0155
232.4000 0.0156
233.5000 0.0158
234.4000 0.0160
237.7000 0.0161
239.5000 0.0163
241.2000 0.0165
243.3000 0.0167
244.3000 0.0168
244.7000 0.0170
248.9000 0.0172
249.9000 0.0174
251.5000 0.0175
251.7000 0.0177
254.0000 0.0179
257.1000 0.0181
262.4000 0.0182
263.5000 0.0184
264.1000 0.0186
265.7000 0.0187
266.8000 0.0189
267.1000 0.0191
268.4000 0.0193
278.8000 0.0194
283.4000 0.0196
285.4000 0.0198
287.8000 0.0200
288.3000 0.0201
289.6000 0.0203
291.8000 0.0205
298.4000 0.0207
302.3000 0.0208
304.5000 0.0210
307.2000 0.0212
307.6000 0.0214
311.1000 0.0215
316.8000 0.0217
318.5000 0.0219
318.7000 0.0220
327.3000 0.0222
332.8000 0.0224
334.8000 0.0226
335.7000 0.0227
336.9000 0.0229
338.5000 0.0231
339.1000 0.0233
339.2000 0.0234
340.9000 0.0236
344.2000 0.0238
344.8000 0.0240
345.4000 0.0241
346.9000 0.0243
349.3000 0.0245
350.3000 0.0247
351.7000 0.0248
352.4000 0.0250
353.0000 0.0252
353.6000 0.0253
354.5000 0.0255
358.5000 0.0257
362.3000 0.0259
362.9000 0.0260
366.3000 0.0262
366.6000 0.0264
366.8000 0.0266
368.8000 0.0267
369.3000 0.0269
369.8000 0.0271
370.0000 0.0273
374.5000 0.0274
374.5000 0.0276
377.2000 0.0278
377.8000 0.0280
384.5000 0.0281
385.1000 0.0283
386.6000 0.0285
388.8000 0.0286
391.3000 0.0288
391.6000 0.0290
397.7000 0.0292
397.8000 0.0293
403.0000 0.0295
404.4000 0.0297
404.5000 0.0299
404.7000 0.0300
404.9000 0.0302
404.9000 0.0304
407.9000 0.0306
408.8000 0.0307
410.1000 0.0309
410.2000 0.0311
412.2000 0.0312
412.8000 0.0314
413.6000 0.0316
415.1000 0.0318
415.8000 0.0319
420.2000 0.0321
424.3000 0.0323
428.4000 0.0325
429.3000 0.0326
435.1000 0.0328
435.2000 0.0330
435.2000 0.0332
435.5000 0.0333
436.7000 0.0335
437.1000 0.0337
438.2000 0.0339
439.8000 0.0340
445.3000 0.0342
450.5000 0.0344
451.0000 0.0345
451.4000 0.0347
451.9000 0.0349
454.2000 0.0351
454.6000 0.0352
455.0000 0.0354
455.1000 0.0356
458.9000 0.0358
462.7000 0.0359
463.1000 0.0361
466.2000 0.0363
467.3000 0.0365
468.8000 0.0366
470.7000 0.0368
473.0000 0.0370
473.2000 0.0372
473.6000 0.0373
475.1000 0.0375
476.1000 0.0377
477.4000 0.0378
479.9000 0.0380
481.5000 0.0382
481.6000 0.0384
484.5000 0.0385
485.1000 0.0387
485.7000 0.0389
486.9000 0.0391
487.6000 0.0392
490.6000 0.0394
491.6000 0.0396
496.1000 0.0398
497.1000 0.0399
501.1000 0.0401
501.7000 0.0403
503.2000 0.0405
506.2000 0.0406
506.3000 0.0408
506.6000 0.0410
506.8000 0.0411
508.3000 0.0413
508.3000 0.0415
512.2000 0.0417
512.3000 0.0418
512.5000 0.0420
513.7000 0.0422
514.1000 0.0424
515.5000 0.0425
517.0000 0.0427
517.2000 0.0429
523.0000 0.0431
523.8000 0.0432
524.3000 0.0434
524.9000 0.0436
526.8000 0.0437
526.9000 0.0439
527.1000 0.0441
527.8000 0.0443
529.9000 0.0444
529.9000 0.0446
534.3000 0.0448
538.0000 0.0450
538.2000 0.0451
540.2000 0.0453
544.0000 0.0455
546.7000 0.0457
549.6000 0.0458
552.4000 0.0460
554.2000 0.0462
554.6000 0.0464
557.2000 0.0465
558.4000 0.0467
558.8000 0.0469
559.9000 0.0470
561.9000 0.0472
564.7000 0.0474
565.7000 0.0476
565.8000 0.0477
566.5000 0.0479
569.2000 0.0481
569.5000 0.0483
569.9000 0.0484
571.1000 0.0486
572.1000 0.0488
574.2000 0.0490
574.6000 0.0491
576.9000 0.0493
577.8000 0.0495
579.7000 0.0497
580.4000 0.0498
580.7000 0.0500
583.0000 0.0502
583.3000 0.0503
583.6000 0.0505
586.4000 0.0507
586.8000 0.0509
590.3000 0.0510
590.8000 0.0512
591.0000 0.0514
597.8000 0.0516
597.9000 0.0517
598.0000 0.0519
598.3000 0.0521
598.9000 0.0523
599.0000 0.0524
599.7000 0.0526
602.1000 0.0528
603.3000 0.0530
603.6000 0.0531
605.1000 0.0533
606.1000 0.0535
607.9000 0.0536
612.1000 0.0538
612.1000 0.0540
612.6000 0.0542
615.6000 0.0543
616.9000 0.0545
617.3000 0.0547
617.6000 0.0549
620.8000 0.0550
621.9000 0.0552
622.5000 0.0554
624.4000 0.0556
627.9000 0.0557
629.2000 0.0559
630.2000 0.0561
633.0000 0.0562
633.6000 0.0564
637.2000 0.0566
637.3000 0.0568
638.5000 0.0569
638.6000 0.0571
638.6000 0.0573
641.7000 0.0575
642.1000 0.0576
642.7000 0.0578
643.1000 0.0580
643.9000 0.0582
645.2000 0.0583
651.8000 0.0585
652.4000 0.0587
657.1000 0.0589
659.8000 0.0590
664.7000 0.0592
665.1000 0.0594
667.6000 0.0595
667.6000 0.0597
667.7000 0.0599
668.5000 0.0601
669.1000 0.0602
669.7000 0.0604
670.0000 0.0606
671.6000 0.0608
672.1000 0.0609
673.1000 0.0611
673.3000 0.0613
673.4000 0.0615
673.5000 0.0616
674.5000 0.0618
674.8000 0.0620
674.9000 0.0622
674.9000 0.0623
676.6000 0.0625
677.4000 0.0627
678.1000 0.0628
681.3000 0.0630
681.4000 0.0632
681.5000 0.0634
682.2000 0.0635
683.6000 0.0637
684.4000 0.0639
685.1000 0.0641
685.3000 0.0642
688.5000 0.0644
689.5000 0.0646
692.0000 0.0648
692.0000 0.0649
692.4000 0.0651
692.4000 0.0653
692.5000 0.0655
692.6000 0.0656
693.7000 0.0658
694.1000 0.0660
696.8000 0.0661
697.6000 0.0663
700.2000 0.0665
700.7000 0.0667
701.5000 0.0668
701.7000 0.0670
704.6000 0.0672
706.2000 0.0674
706.2000 0.0675
706.6000 0.0677
707.3000 0.0679
707.5000 0.0681
707.5000 0.0682
708.6000 0.0684
708.6000 0.0686
710.7000 0.0687
711.4000 0.0689
714.9000 0.0691
716.3000 0.0693
718.6000 0.0694
719.1000 0.0696
721.7000 0.0698
722.7000 0.0700
724.6000 0.0701
724.8000 0.0703
725.8000 0.0705
729.8000 0.0707
731.6000 0.0708
731.6000 0.0710
731.8000 0.0712
732.1000 0.0714
732.8000 0.0715
733.6000 0.0717
734.9000 0.0719
735.7000 0.0720
736.2000 0.0722
736.6000 0.0724
737.9000 0.0726
739.9000 0.0727
740.2000 0.0729
741.6000 0.0731
741.6000 0.0733
743.4000 0.0734
744.1000 0.0736
744.8000 0.0738
744.9000 0.0740
745.9000 0.0741
747.0000 0.0743
747.1000 0.0745
747.2000 0.0747
749.3000 0.0748
750.2000 0.0750
751.3000 0.0752
751.8000 0.0753
752.1000 0.0755
754.1000 0.0757
755.5000 0.0759
756.8000 0.0760
757.4000 0.0762
757.7000 0.0764
758.2000 0.0766
761.1000 0.0767
761.2000 0.0769
761.8000 0.0771
761.9000 0.0773
762.0000 0.0774
762.1000 0.0776
762.2000 0.0778
762.6000 0.0780
762.9000 0.0781
764.3000 0.0783
764.8000 0.0785
765.0000 0.0786
765.8000 0.0788
765.8000 0.0790
766.0000 0.0792
766.6000 0.0793
767.7000 0.0795
767.8000 0.0797
767.9000 0.0799
768.0000 0.0800
768.8000 0.0802
768.8000 0.0804
770.7000 0.0806
771.2000 0.0807
771.5000 0.0809
771.5000 0.0811
771.5000 0.0812
772.9000 0.0814
773.0000 0.0816
773.9000 0.0818
774.7000 0.0819
774.8000 0.0821
775.3000 0.0823
776.0000 0.0825
777.3000 0.0826
778.2000 0.0828
778.7000 0.0830
779.6000 0.0832
782.7000 0.0833
783.2000 0.0835
784.1000 0.0837
784.2000 0.0839
784.4000 0.0840
785.5000 0.0842
786.5000 0.0844
786.8000 0.0845
787.4000 0.0847
788.4000 0.0849
788.9000 0.0851
788.9000 0.0852
789.3000 0.0854
789.6000 0.0856
791.5000 0.0858
791.7000 0.0859
791.9000 0.0861
792.0000 0.0863
792.2000 0.0865
795.0000 0.0866
798.8000 0.0868
800.5000 0.0870
800.6000 0.0872
801.7000 0.0873
804.5000 0.0875
805.3000 0.0877
805.7000 0.0878
805.9000 0.0880
806.7000 0.0882
806.8000 0.0884
807.2000 0.0885
807.3000 0.0887
807.8000 0.0889
809.3000 0.0891
810.5000 0.0892
810.9000 0.0894
812.7000 0.0896
816.6000 0.0898
818.0000 0.0899
819.2000 0.0901
819.2000 0.0903
820.1000 0.0905
820.3000 0.0906
821.1000 0.0908
821.6000 0.0910
824.7000 0.0911
826.2000 0.0913
826.3000 0.0915
828.8000 0.0917
828.8000 0.0918
830.0000 0.0920
831.3000 0.0922
831.4000 0.0924
832.6000 0.0925
832.8000 0.0927
833.1000 0.0929
833.3000 0.0931
833.3000 0.0932
833.4000 0.0934
835.3000 0.0936
836.1000 0.0937
836.3000 0.0939
837.1000 0.0941
837.4000 0.0943
837.5000 0.0944
838.3000 0.0946
839.2000 0.0948
839.5000 0.0950
840.2000 0.0951
841.5000 0.0953
841.7000 0.0955
842.0000 0.0957
843.3000 0.0958
843.6000 0.0960
844.0000 0.0962
844.3000 0.0964
845.7000 0.0965
848.2000 0.0967
848.8000 0.0969
849.0000 0.0970
851.2000 0.0972
851.8000 0.0974
852.2000 0.0976
852.3000 0.0977
854.4000 0.0979
854.5000 0.0981
854.8000 0.0983
854.8000 0.0984
859.0000 0.0986
859.2000 0.0988
860.0000 0.0990
860.9000 0.0991
860.9000 0.0993
861.3000 0.0995
862.6000 0.0997
864.1000 0.0998
864.3000 0.1000
864.3000 0.1002
865.1000 0.1003
865.1000 0.1005
865.5000 0.1007
865.8000 0.1009
866.1000 0.1010
866.8000 0.1012
870.0000 0.1014
871.0000 0.1016
872.5000 0.1017
872.6000 0.1019
872.6000 0.1021
872.8000 0.1023
873.6000 0.1024
880.0000 0.1026
880.9000 0.1028
882.5000 0.1030
884.4000 0.1031
887.5000 0.1033
888.2000 0.1035
890.4000 0.1036
890.9000 0.1038
891.8000 0.1040
892.2000 0.1042
893.0000 0.1043
893.1000 0.1045
893.2000 0.1047
893.2000 0.1049
894.8000 0.1050
895.6000 0.1052
896.3000 0.1054
897.3000 0.1056
897.8000 0.1057
898.0000 0.1059
898.0000 0.1061
898.4000 0.1062
898.7000 0.1064
900.4000 0.1066
900.4000 0.1068
901.6000 0.1069
901.6000 0.1071
902.0000 0.1073
902.4000 0.1075
906.5000 0.1076
908.0000 0.1078
909.9000 0.1080
910.2000 0.1082
911.8000 0.1083
911.9000 0.1085
913.2000 0.1087
917.4000 0.1089
917.9000 0.1090
918.0000 0.1092
918.1000 0.1094
918.4000 0.1095
922.1000 0.1097
923.3000 0.1099
924.6000 0.1101
926.8000 0.1102
928.7000 0.1104
929.0000 0.1106
929.3000 0.1108
929.8000 0.1109
932.2000 0.1111
934.1000 0.1113
934.9000 0.1115
935.8000 0.1116
936.7000 0.1118
938.5000 0.1120
940.1000 0.1122
940.1000 0.1123
940.1000 0.1125
941.8000 0.1127
942.2000 0.1128
942.6000 0.1130
943.7000 0.1132
944.2000 0.1134
944.3000 0.1135
944.7000 0.1137
946.4000 0.1139
946.4000 0.1141
946.9000 0.1142
947.6000 0.1144
947.7000 0.1146
950.8000 0.1148
951.5000 0.1149
952.9000 0.1151
953.8000 0.1153
954.3000 0.1155
954.6000 0.1156
956.3000 0.1158
956.6000 0.1160
956.9000 0.1161
958.0000 0.1163
959.2000 0.1165
960.4000 0.1167
960.9000 0.1168
961.3000 0.1170
962.3000 0.1172
964.4000 0.1174
965.1000 0.1175
965.3000 0.1177
966.0000 0.1179
966.3000 0.1181
968.4000 0.1182
969.6000 0.1184
969.7000 0.1186
971.3000 0.1187
971.9000 0.1189
972.3000 0.1191
976.9000 0.1193
977.1000 0.1194
978.3000 0.1196
978.9000 0.1198
979.1000 0.1200
979.3000 0.1201
979.6000 0.1203
979.8000 0.1205
981.1000 0.1207
981.3000 0.1208
981.3000 0.1210
985.3000 0.1212
986.6000 0.1214
990.8000 0.1215
994.0000 0.1217
994.1000 0.1219
995.7000 0.1220
997.8000 0.1222
998.1000 0.1224
998.9000 0.1226
999.0000 0.1227
999.6000 0.1229
1000.1000 0.1231
1000.2000 0.1233
1000.9000 0.1234
1001.4000 0.1236
1001.5000 0.1238
1002.0000 0.1240
1005.5000 0.1241
1006.4000 0.1243
1006.8000 0.1245
1006.9000 0.1247
1007.4000 0.1248
1011.7000 0.1250
1012.7000 0.1252
1012.9000 0.1253
1013.3000 0.1255
1013.4000 0.1257
1013.8000 0.1259
1014.0000 0.1260
1014.4000 0.1262
1014.7000 0.1264
1014.7000 0.1266
1015.1000 0.1267
1017.4000 0.1269
1019.7000 0.1271
1019.8000 0.1273
1020.5000 0.1274
1021.7000 0.1276
1022.2000 0.1278
1024.4000 0.1280
1024.8000 0.1281
1024.8000 0.1283
1026.6000 0.1285
1026.9000 0.1286
1027.2000 0.1288
1027.9000 0.1290
1030.7000 0.1292
1031.7000 0.1293
1034.5000 0.1295
1034.9000 0.1297
1036.4000 0.1299
1036.8000 0.1300
1037.0000 0.1302
1037.2000 0.1304
1038.4000 0.1306
1038.5000 0.1307
1038.8000 0.1309
1039.0000 0.1311
1039.9000 0.1312
1040.7000 0.1314
1042.2000 0.1316
1043.4000 0.1318
1044.3000 0.1319
1045.6000 0.1321
1045.9000 0.1323
1046.1000 0.1325
1046.3000 0.1326
1047.6000 0.1328
1048.8000 0.1330
1051.2000 0.1332
1051.6000 0.1333
1052.3000 0.1335
1053.0000 0.1337
1055.9000 0.1339
1056.5000 0.1340
1056.7000 0.1342
1057.1000 0.1344
1058.7000 0.1345
1059.1000 0.1347
1059.3000 0.1349
1059.8000 0.1351
1060.1000 0.1352
1060.4000 0.1354
1061.1000 0.1356
1061.1000 0.1358
1061.5000 0.1359
1063.1000 0.1361
1063.9000 0.1363
1064.2000 0.1365
1064.5000 0.1366
1065.0000 0.1368
1065.3000 0.1370
1066.2000 0.1372
1068.3000 0.1373
1069.1000 0.1375
1069.1000 0.1377
1070.0000 0.1378
1071.4000 0.1380
1071.4000 0.1382
1072.1000 0.1384
1073.7000 0.1385
1074.2000 0.1387
1075.1000 0.1389
1075.6000 0.1391
1076.7000 0.1392
1078.0000 0.1394
1080.2000 0.1396
1080.4000 0.1398
1080.9000 0.1399
1081.2000 0.1401
1081.4000 0.1403
1081.8000 0.1405
1082.0000 0.1406
1083.7000 0.1408
1084.1000 0.1410
1085.3000 0.1411
1085.7000 0.1413
1087.9000 0.1415
1088.4000 0.1417
1088.7000 0.1418
1089.5000 0.1420
1089.6000 0.1422
1091.8000 0.1424
1092.0000 0.1425
1092.3000 0.1427
1092.7000 0.1429
1093.3000 0.1431
1094.5000 0.1432
1094.7000 0.1434
1095.0000 0.1436
1095.9000 0.1437
1096.7000 0.1439
1097.5000 0.1441
1099.7000 0.1443
1100.4000 0.1444
1101.9000 0.1446
1102.3000 0.1448
1103.1000 0.1450
1106.5000 0.1451
1108.3000 0.1453
1109.4000 0.1455
1109.9000 0.1457
1110.9000 0.1458
1112.0000 0.1460
1112.8000 0.1462
1113.2000 0.1464
1113.3000 0.1465
1113.5000 0.1467
1113.7000 0.1469
1116.0000 0.1470
1118.4000 0.1472
1118.5000 0.1474
1119.7000 0.1476
1121.7000 0.1477
1121.8000 0.1479
1122.9000 0.1481
1123.1000 0.1483
1123.1000 0.1484
1124.3000 0.1486
1127.1000 0.1488
1127.3000 0.1490
1127.4000 0.1491
1127.9000 0.1493
1129.6000 0.1495
1133.3000 0.1497
1133.4000 0.1498
1135.3000 0.1500
1135.4000 0.1502
1136.7000 0.1503
1136.8000 0.1505
1136.9000 0.1507
1137.9000 0.1509
1138.2000 0.1510
1142.4000 0.1512
1143.4000 0.1514
1143.8000 0.1516
1145.0000 0.1517
1145.1000 0.1519
1145.6000 0.1521
1145.9000 0.1523
1147.2000 0.1524
1148.9000 0.1526
1149.4000 0.1528
1149.7000 0.1530
1149.9000 0.1531
1150.2000 0.1533
1150.5000 0.1535
1150.5000 0.1536
1151.2000 0.1538
1151.5000 0.1540
1151.6000 0.1542
1157.3000 0.1543
1157.4000 0.1545
1158.1000 0.1547
1158.1000 0.1549
1163.2000 0.1550
1163.6000 0.1552
1163.8000 0.1554
1164.1000 0.1556
1164.6000 0.1557
1165.0000 0.1559
1166.3000 0.1561
1167.0000 0.1562
1170.5000 0.1564
1172.0000 0.1566
1172.1000 0.1568
1174.0000 0.1569
1174.2000 0.1571
1175.3000 0.1573
1175.7000 0.1575
1176.0000 0.1576
1176.3000 0.1578
1177.1000 0.1580
1177.3000 0.1582
1177.3000 0.1583
1179.7000 0.1585
1180.5000 0.1587
1180.8000 0.1589
1180.9000 0.1590
1182.3000 0.1592
1183.8000 0.1594
1185.5000 0.1595
1190.0000 0.1597
1191.7000 0.1599
1193.3000 0.1601
1194.0000 0.1602
1194.3000 0.1604
1194.6000 0.1606
1194.8000 0.1608
1195.6000 0.1609
1195.7000 0.1611
1195.9000 0.1613
1197.2000 0.1615
1197.5000 0.1616
1198.9000 0.1618
1199.0000 0.1620
1199.5000 0.1622
1200.1000 0.1623
1200.4000 0.1625
1200.7000 0.1627
1200.9000 0.1628
1202.0000 0.1630
1203.0000 0.1632
1204.9000 0.1634
1208.1000 0.1635
1208.7000 0.1637
1209.1000 0.1639
1210.3000 0.1641
1211.1000 0.1642
1212.0000 0.1644
1212.3000 0.1646
1212.3000 0.1648
1212.6000 0.1649
1212.6000 0.1651
1212.9000 0.1653
1213.1000 0.1655
1216.5000 0.1656
1217.0000 0.1658
1220.1000 0.1660
1220.8000 0.1661
1222.0000 0.1663
1222.0000 0.1665
1222.3000 0.1667
1222.4000 0.1668
1222.5000 0.1670
1223.1000 0.1672
1223.8000 0.1674
1224.9000 0.1675
1225.0000 0.1677
1226.5000 0.1679
1229.3000 0.1681
1229.6000 0.1682
1229.8000 0.1684
1230.5000 0.1686
1231.5000 0.1687
1232.2000 0.1689
1232.2000 0.1691
1234.5000 0.1693
1235.3000 0.1694
1235.5000 0.1696
1237.2000 0.1698
1237.7000 0.1700
1239.6000 0.1701
1240.4000 0.1703
1243.0000 0.1705
1244.1000 0.1707
1244.3000 0.1708
1245.9000 0.1710
1246.6000 0.1712
1247.3000 0.1714
1248.3000 0.1715
1248.3000 0.1717
1248.8000 0.1719
1250.3000 0.1720
1250.5000 0.1722
1250.8000 0.1724
1252.1000 0.1726
1252.9000 0.1727
1253.0000 0.1729
1256.0000 0.1731
1256.4000 0.1733
1257.5000 0.1734
1257.8000 0.1736
1258.2000 0.1738
1258.4000 0.1740
1259.4000 0.1741
1259.8000 0.1743
1261.3000 0.1745
1261.6000 0.1747
1261.6000 0.1748
1261.8000 0.1750
1264.1000 0.1752
1264.1000 0.1753
1264.2000 0.1755
1264.9000 0.1757
1265.8000 0.1759
1266.1000 0.1760
1266.1000 0.1762
1266.4000 0.1764
1266.6000 0.1766
1266.7000 0.1767
1266.7000 0.1769
1266.8000 0.1771
1267.4000 0.1773
1267.4000 0.1774
1267.8000 0.1776
1269.2000 0.1778
1269.6000 0.1780
1270.0000 0.1781
1270.2000 0.1783
1270.2000 0.1785
1272.0000 0.1786
1272.1000 0.1788
1273.0000 0.1790
1273.0000 0.1792
1274.7000 0.1793
1275.2000 0.1795
1275.2000 0.1797
1275.6000 0.1799
1276.0000 0.1800
1276.5000 0.1802
1277.0000 0.1804
1277.1000 0.1806
1278.4000 0.1807
1278.9000 0.1809
1280.1000 0.1811
1280.2000 0.1812
1281.1000 0.1814
1281.3000 0.1816
1281.9000 0.1818
1282.2000 0.1819
1283.5000 0.1821
1283.8000 0.1823
1284.3000 0.1825
1285.8000 0.1826
1286.5000 0.1828
1287.5000 0.1830
1287.7000 0.1832
1288.6000 0.1833
1289.6000 0.1835
1293.5000 0.1837
1294.4000 0.1839
1294.5000 0.1840
1294.7000 0.1842
1296.1000 0.1844
1296.3000 0.1845
1296.5000 0.1847
1296.7000 0.1849
1296.7000 0.1851
1297.9000 0.1852
1298.2000 0.1854
1299.6000 0.1856
1300.6000 0.1858
1302.2000 0.1859
1302.7000 0.1861
1303.1000 0.1863
1304.5000 0.1865
1305.2000 0.1866
1306.1000 0.1868
1306.3000 0.1870
1307.0000 0.1872
1307.0000 0.1873
1307.1000 0.1875
1308.5000 0.1877
1313.3000 0.1878
1313.5000 0.1880
1316.2000 0.1882
1316.2000 0.1884
1316.9000 0.1885
1318.0000 0.1887
1318.7000 0.1889
1318.8000 0.1891
1319.7000 0.1892
1319.8000 0.1894
1320.2000 0.1896
1322.9000 0.1898
1325.2000 0.1899
1325.3000 0.1901
1325.5000 0.1903
1325.9000 0.1905
1328.4000 0.1906
1328.6000 0.1908
1328.6000 0.1910
1332.4000 0.1911
1336.1000 0.1913
1337.1000 0.1915
1337.3000 0.1917
1337.7000 0.1918
1339.8000 0.1920
1341.2000 0.1922
1342.1000 0.1924
1342.3000 0.1925
1342.5000 0.1927
1343.0000 0.1929
1343.8000 0.1931
1344.3000 0.1932
1346.8000 0.1934
1347.8000 0.1936
1348.1000 0.1937
1348.2000 0.1939
1349.8000 0.1941
1350.9000 0.1943
1351.1000 0.1944
1351.8000 0.1946
1352.5000 0.1948
1353.0000 0.1950
1353.7000 0.1951
1355.6000 0.1953
1359.9000 0.1955
1360.0000 0.1957
1362.2000 0.1958
1362.2000 0.1960
1362.5000 0.1962
1362.6000 0.1964
1362.6000 0.1965
1365.1000 0.1967
1365.1000 0.1969
1367.2000 0.1970
1367.6000 0.1972
1368.0000 0.1974
1368.7000 0.1976
1370.6000 0.1977
1374.5000 0.1979
1374.5000 0.1981
1375.6000 0.1983
1378.4000 0.1984
1382.8000 0.1986
1384.5000 0.1988
1385.0000 0.1990
1385.6000 0.1991
1386.7000 0.1993
1390.9000 0.1995
1392.2000 0.1997
1392.8000 0.1998
1394.9000 0.2000
1395.0000 0.2002
1396.2000 0.2003
1397.4000 0.2005
1399.9000 0.2007
1401.1000 0.2009
1401.3000 0.2010
1402.2000 0.2012
1404.1000 0.2014
1405.7000 0.2016
1406.2000 0.2017
1406.3000 0.2019
1406.5000 0.2021
1407.0000 0.2023
1413.1000 0.2024
1414.1000 0.2026
1414.8000 0.2028
1415.1000 0.2030
1416.1000 0.2031
1418.6000 0.2033
1418.9000 0.2035
1422.2000 0.2036
1422.8000 0.2038
1423.0000 0.2040
1424.9000 0.2042
1426.1000 0.2043
1427.0000 0.2045
1427.6000 0.2047
1430.0000 0.2049
1430.5000 0.2050
1431.2000 0.2052
1431.3000 0.2054
1431.4000 0.2056
1435.4000 0.2057
1435.5000 0.2059
1436.5000 0.2061
1437.4000 0.2062
1439.7000 0.2064
1440.2000 0.2066
1440.7000 0.2068
1440.9000 0.2069
1441.2000 0.2071
1442.3000 0.2073
1444.9000 0.2075
1446.7000 0.2076
1446.9000 0.2078
1449.8000 0.2080
1450.1000 0.2082
1450.2000 0.2083
1452.8000 0.2085
1453.1000 0.2087
1453.7000 0.2089
1454.3000 0.2090
1455.8000 0.2092
1456.9000 0.2094
1461.7000 0.2095
1462.5000 0.2097
1462.9000 0.2099
1464.6000 0.2101
1464.7000 0.2102
1466.3000 0.2104
1466.5000 0.2106
1468.5000 0.2108
1470.6000 0.2109
1471.4000 0.2111
1471.9000 0.2113
1472.1000 0.2115
1472.1000 0.2116
1474.3000 0.2118
1475.2000 0.2120
1475.7000 0.2122
1476.0000 0.2123
1477.0000 0.2125
1481.9000 0.2127
1482.0000 0.2128
1482.5000 0.2130
1485.0000 0.2132
1485.3000 0.2134
1486.1000 0.2135
1486.7000 0.2137
1486.8000 0.2139
1487.5000 0.2141
1487.7000 0.2142
1493.1000 0.2144
1494.2000 0.2146
1494.4000 0.2148
1500.4000 0.2149
1501.4000 0.2151
1501.8000 0.2153
1502.1000 0.2155
1502.2000 0.2156
1502.4000 0.2158
1502.7000 0.2160
1503.3000 0.2161
1503.7000 0.2163
1504.1000 0.2165
1505.3000 0.2167
1505.6000 0.2168
1506.1000 0.2170
1506.7000 0.2172
1506.8000 0.2174
1508.7000 0.2175
1516.4000 0.2177
1519.6000 0.2179
1520.3000 0.2181
1522.1000 0.2182
1522.8000 0.2184
1523.5000 0.2186
1524.0000 0.2187
1525.1000 0.2189
1525.9000 0.2191
1526.1000 0.2193
1527.5000 0.2194
1528.6000 0.2196
1529.2000 0.2198
1529.8000 0.2200
1530.1000 0.2201
1530.2000 0.2203
1531.5000 0.2205
1531.9000 0.2207
1532.9000 0.2208
1534.2000 0.2210
1535.3000 0.2212
1535.8000 0.2214
1536.4000 0.2215
1537.1000 0.2217
1538.8000 0.2219
1539.7000 0.2220
1541.1000 0.2222
1541.4000 0.2224
1541.9000 0.2226
1542.1000 0.2227
1543.5000 0.2229
1545.7000 0.2231
1545.7000 0.2233
1547.3000 0.2234
1547.4000 0.2236
1547.9000 0.2238
1548.3000 0.2240
1548.3000 0.2241
1549.8000 0.2243
1551.6000 0.2245
1551.8000 0.2247
1553.3000 0.2248
1555.0000 0.2250
1555.4000 0.2252
1555.5000 0.2253
1557.7000 0.2255
1558.5000 0.2257
1559.6000 0.2259
1560.0000 0.2260
1560.3000 0.2262
1560.4000 0.2264
1563.8000 0.2266
1564.0000 0.2267
1564.8000 0.2269
1566.5000 0.2271
1567.4000 0.2273
1567.8000 0.2274
1568.9000 0.2276
1569.7000 0.2278
1572.6000 0.2280
1572.9000 0.2281
1573.1000 0.2283
1573.9000 0.2285
1574.1000 0.2286
1575.2000 0.2288
1576.2000 0.2290
1577.2000 0.2292
1578.7000 0.2293
1581.1000 0.2295
1581.5000 0.2297
1582.3000 0.2299
1582.8000 0.2300
1583.0000 0.2302
1583.3000 0.2304
1585.1000 0.2306
1586.7000 0.2307
1587.0000 0.2309
1587.2000 0.2311
1587.2000 0.2312
1587.2000 0.2314
1587.6000 0.2316
1589.2000 0.2318
1589.4000 0.2319
1589.8000 0.2321
1591.0000 0.2323
1591.5000 0.2325
1592.1000 0.2326
1592.8000 0.2328
1593.3000 0.2330
1594.8000 0.2332
1596.3000 0.2333
1602.2000 0.2335
1603.6000 0.2337
1604.7000 0.2339
1605.7000 0.2340
1606.0000 0.2342
1606.3000 0.2344
1609.8000 0.2345
1610.0000 0.2347
1610.6000 0.2349
1611.6000 0.2351
1612.2000 0.2352
1612.4000 0.2354
1612.9000 0.2356
1613.4000 0.2358
1613.5000 0.2359
1614.5000 0.2361
1615.8000 0.2363
1616.1000 0.2365
1619.8000 0.2366
1620.2000 0.2368
1620.4000 0.2370
1621.9000 0.2372
1624.1000 0.2373
1624.3000 0.2375
1625.1000 0.2377
1626.5000 0.2378
1627.9000 0.2380
1628.5000 0.2382
1631.3000 0.2384
1633.4000 0.2385
1634.7000 0.2387
1635.2000 0.2389
1636.7000 0.2391
1637.9000 0.2392
1638.6000 0.2394
1639.9000 0.2396
1640.4000 0.2398
1642.5000 0.2399
1642.6000 0.2401
1643.0000 0.2403
1643.4000 0.2405
1648.2000 0.2406
1648.3000 0.2408
1649.8000 0.2410
1649.8000 0.2411
1651.4000 0.2413
1651.8000 0.2415
1651.9000 0.2417
1653.0000 0.2418
1653.2000 0.2420
1654.0000 0.2422
1654.9000 0.2424
1656.9000 0.2425
1658.2000 0.2427
1658.6000 0.2429
1659.4000 0.2431
1662.7000 0.2432
1664.2000 0.2434
1666.0000 0.2436
1671.7000 0.2437
1676.1000 0.2439
1676.2000 0.2441
1676.5000 0.2443
1676.7000 0.2444
1678.5000 0.2446
1679.2000 0.2448
1682.1000 0.2450
1683.2000 0.2451
1683.3000 0.2453
1684.6000 0.2455
1686.5000 0.2457
1686.8000 0.2458
1687.0000 0.2460
1687.2000 0.2462
1688.8000 0.2464
1693.7000 0.2465
1693.8000 0.2467
1694.2000 0.2469
1695.2000 0.2470
1696.9000 0.2472
1697.4000 0.2474
1698.7000 0.2476
1700.1000 0.2477
1702.1000 0.2479
1702.3000 0.2481
1702.9000 0.2483
1703.0000 0.2484
1704.4000 0.2486
1704.5000 0.2488
1705.5000 0.2490
1707.7000 0.2491
1707.9000 0.2493
1708.0000 0.2495
1708.1000 0.2497
1709.9000 0.2498
1712.6000 0.2500
1713.2000 0.2502
1713.4000 0.2503
1716.9000 0.2505
1717.1000 0.2507
1717.4000 0.2509
1719.9000 0.2510
1720.7000 0.2512
1722.1000 0.2514
1722.1000 0.2516
1722.6000 0.2517
1723.9000 0.2519
1724.9000 0.2521
1725.5000 0.2523
1725.7000 0.2524
1726.0000 0.2526
1727.0000 0.2528
1728.4000 0.2530
1728.6000 0.2531
1728.7000 0.2533
1729.9000 0.2535
1734.0000 0.2536
1734.0000 0.2538
1736.0000 0.2540
1736.3000 0.2542
1739.7000 0.2543
1741.9000 0.2545
1742.1000 0.2547
1742.4000 0.2549
1744.2000 0.2550
1745.7000 0.2552
1746.9000 0.2554
1753.5000 0.2556
1755.1000 0.2557
1756.4000 0.2559
1757.2000 0.2561
1757.2000 0.2563
1757.7000 0.2564
1757.8000 0.2566
1758.7000 0.2568
1758.9000 0.2569
1759.1000 0.2571
1764.8000 0.2573
1766.8000 0.2575
1767.0000 0.2576
1767.2000 0.2578
1768.0000 0.2580
1768.2000 0.2582
1776.0000 0.2583
1779.6000 0.2585
1780.4000 0.2587
1784.4000 0.2589
1786.6000 0.2590
1788.4000 0.2592
1794.4000 0.2594
1794.8000 0.2595
1795.1000 0.2597
1795.5000 0.2599
1795.6000 0.2601
1795.7000 0.2602
1797.5000 0.2604
1798.6000 0.2606
1798.7000 0.2608
1799.5000 0.2609
1800.0000 0.2611
1801.4000 0.2613
1803.1000 0.2615
1803.7000 0.2616
1804.9000 0.2618
1807.3000 0.2620
1807.9000 0.2622
1809.1000 0.2623
1810.0000 0.2625
1810.6000 0.2627
1811.1000 0.2628
1812.8000 0.2630
1813.5000 0.2632
1816.0000 0.2634
1816.5000 0.2635
1818.4000 0.2637
1818.7000 0.2639
1821.4000 0.2641
1821.8000 0.2642
1822.5000 0.2644
1823.0000 0.2646
1823.7000 0.2648
1825.0000 0.2649
1826.2000 0.2651
1828.1000 0.2653
1828.3000 0.2655
1829.2000 0.2656
1829.3000 0.2658
1829.5000 0.2660
1831.2000 0.2661
1831.2000 0.2663
1831.4000 0.2665
1831.9000 0.2667
1832.2000 0.2668
1832.3000 0.2670
1834.0000 0.2672
1838.0000 0.2674
1838.3000 0.2675
1839.6000 0.2677
1840.1000 0.2679
1841.8000 0.2681
1841.9000 0.2682
1842.0000 0.2684
1844.2000 0.2686
1846.6000 0.2688
1847.4000 0.2689
1851.5000 0.2691
1852.5000 0.2693
1853.4000 0.2694
1857.0000 0.2696
1858.0000 0.2698
1858.3000 0.2700
1860.9000 0.2701
1861.0000 0.2703
1862.3000 0.2705
1862.9000 0.2707
1865.6000 0.2708
1866.0000 0.2710
1866.1000 0.2712
1868.1000 0.2714
1869.2000 0.2715
1869.7000 0.2717
1871.8000 0.2719
1876.6000 0.2720
1877.2000 0.2722
1877.6000 0.2724
1880.9000 0.2726
1881.0000 0.2727
1881.3000 0.2729
1881.5000 0.2731
1881.8000 0.2733
1882.5000 0.2734
1887.4000 0.2736
1888.8000 0.2738
1889.2000 0.2740
1893.0000 0.2741
1894.8000 0.2743
1894.9000 0.2745
1896.2000 0.2747
1896.2000 0.2748
1897.4000 0.2750
1898.0000 0.2752
1898.0000 0.2753
1900.3000 0.2755
1903.9000 0.2757
1906.3000 0.2759
1909.2000 0.2760
1909.8000 0.2762
1910.0000 0.2764
1910.4000 0.2766
1911.9000 0.2767
1914.6000 0.2769
1914.8000 0.2771
1915.7000 0.2773
1916.0000 0.2774
1917.7000 0.2776
1920.1000 0.2778
1922.3000 0.2780
1922.9000 0.2781
1924.1000 0.2783
1925.2000 0.2785
1925.4000 0.2786
1927.7000 0.2788
1928.2000 0.2790
1931.0000 0.2792
1932.0000 0.2793
1932.1000 0.2795
1933.5000 0.2797
1934.0000 0.2799
1934.3000 0.2800
1935.3000 0.2802
1936.0000 0.2804
1936.2000 0.2806
1939.9000 0.2807
1940.6000 0.2809
1942.5000 0.2811
1944.1000 0.2813
1944.4000 0.2814
1945.3000 0.2816
1948.4000 0.2818
1951.4000 0.2819
1953.8000 0.2821
1955.0000 0.2823
1955.1000 0.2825
1956.5000 0.2826
1956.5000 0.2828
1959.3000 0.2830
1962.0000 0.2832
1962.2000 0.2833
1964.6000 0.2835
1966.0000 0.2837
1966.6000 0.2839
1968.5000 0.2840
1970.4000 0.2842
1971.2000 0.2844
1974.8000 0.2845
1975.4000 0.2847
1975.8000 0.2849
1977.2000 0.2851
1978.1000 0.2852
1979.2000 0.2854
1981.0000 0.2856
1981.2000 0.2858
1982.0000 0.2859
1984.0000 0.2861
1987.2000 0.2863
1987.6000 0.2865
1987.6000 0.2866
1988.2000 0.2868
1988.9000 0.2870
1991.0000 0.2872
1992.1000 0.2873
1993.0000 0.2875
1993.1000 0.2877
1994.1000 0.2878
1994.3000 0.2880
1995.0000 0.2882
1995.0000 0.2884
1996.3000 0.2885
1997.4000 0.2887
1997.8000 0.2889
1998.5000 0.2891
1998.9000 0.2892
2000.1000 0.2894
2002.2000 0.2896
2002.8000 0.2898
2008.7000 0.2899
2015.4000 0.2901
2020.4000 0.2903
2021.6000 0.2905
2021.6000 0.2906
2021.9000 0.2908
2026.5000 0.2910
2028.0000 0.2911
2028.4000 0.2913
2029.8000 0.2915
2033.5000 0.2917
2035.6000 0.2918
2035.6000 0.2920
2037.4000 0.2922
2039.4000 0.2924
2041.8000 0.2925
2043.4000 0.2927
2046.5000 0.2929
2049.1000 0.2931
2053.0000 0.2932
2053.9000 0.2934
2055.4000 0.2936
2055.7000 0.2938
2057.0000 0.2939
2058.3000 0.2941
2059.8000 0.2943
2061.7000 0.2944
2061.8000 0.2946
2062.0000 0.2948
2062.8000 0.2950
2066.3000 0.2951
2066.9000 0.2953
2067.7000 0.2955
2067.8000 0.2957
2068.6000 0.2958
2071.9000 0.2960
2074.9000 0.2962
2077.8000 0.2964
2083.7000 0.2965
2083.8000 0.2967
2085.8000 0.2969
2086.3000 0.2970
2086.3000 0.2972
2087.1000 0.2974
2090.2000 0.2976
2093.8000 0.2977
2095.6000 0.2979
2096.6000 0.2981
2097.0000 0.2983
2102.4000 0.2984
2103.6000 0.2986
2106.7000 0.2988
2107.2000 0.2990
2107.2000 0.2991
2108.5000 0.2993
2108.9000 0.2995
2110.2000 0.2997
2111.4000 0.2998
2114.8000 0.3000
2115.8000 0.3002
2116.0000 0.3003
2116.7000 0.3005
2117.7000 0.3007
2119.6000 0.3009
2120.0000 0.3010
2121.5000 0.3012
2126.8000 0.3014
2132.7000 0.3016
2133.4000 0.3017
2136.1000 0.3019
2136.6000 0.3021
2136.7000 0.3023
2136.8000 0.3024
2137.4000 0.3026
2140.0000 0.3028
2140.3000 0.3030
2140.6000 0.3031
2143.1000 0.3033
2143.6000 0.3035
2146.2000 0.3036
2148.3000 0.3038
2153.2000 0.3040
2154.1000 0.3042
2154.2000 0.3043
2156.1000 0.3045
2158.4000 0.3047
2161.3000 0.3049
2164.0000 0.3050
2166.2000 0.3052
2166.6000 0.3054
2168.5000 0.3056
2170.6000 0.3057
2173.5000 0.3059
2174.7000 0.3061
2175.8000 0.3063
2176.5000 0.3064
2177.2000 0.3066
2177.5000 0.3068
2180.3000 0.3069
2181.5000 0.3071
2184.5000 0.3073
2184.9000 0.3075
2185.3000 0.3076
2185.7000 0.3078
2186.0000 0.3080
2193.5000 0.3082
2194.5000 0.3083
2195.0000 0.3085
2196.0000 0.3087
2196.6000 0.3089
2201.3000 0.3090
2202.2000 0.3092
2202.2000 0.3094
2202.2000 0.3095
2202.8000 0.3097
2206.1000 0.3099
2206.3000 0.3101
2207.4000 0.3102
2208.5000 0.3104
2211.4000 0.3106
2212.5000 0.3108
2214.9000 0.3109
2218.3000 0.3111
2218.8000 0.3113
2219.2000 0.3115
2220.2000 0.3116
2221.5000 0.3118
2223.0000 0.3120
2223.7000 0.3122
2225.1000 0.3123
2225.5000 0.3125
2226.5000 0.3127
2226.7000 0.3128
2228.4000 0.3130
2231.1000 0.3132
2231.2000 0.3134
2231.2000 0.3135
2235.4000 0.3137
2236.5000 0.3139
2237.0000 0.3141
2242.0000 0.3142
2243.2000 0.3144
2243.5000 0.3146
2245.9000 0.3148
2252.3000 0.3149
2258.5000 0.3151
2262.3000 0.3153
2262.3000 0.3155
2264.9000 0.3156
2266.7000 0.3158
2272.0000 0.3160
2274.5000 0.3161
2275.3000 0.3163
2275.8000 0.3165
2276.6000 0.3167
2276.6000 0.3168
2277.4000 0.3170
2282.2000 0.3172
2284.6000 0.3174
2286.6000 0.3175
2288.6000 0.3177
2290.1000 0.3179
2293.0000 0.3181
2293.7000 0.3182
2294.2000 0.3184
2295.4000 0.3186
2295.5000 0.3188
2295.8000 0.3189
2297.1000 0.3191
2297.3000 0.3193
2298.0000 0.3194
2299.9000 0.3196
2302.2000 0.3198
2305.2000 0.3200
2305.3000 0.3201
2305.5000 0.3203
2306.6000 0.3205
2307.0000 0.3207
2307.6000 0.3208
2308.0000 0.3210
2309.6000 0.3212
2312.1000 0.3214
2315.0000 0.3215
2316.9000 0.3217
2317.2000 0.3219
2318.8000 0.3220
2323.6000 0.3222
2327.2000 0.3224
2331.4000 0.3226
2331.4000 0.3227
2331.7000 0.3229
2332.9000 0.3231
2336.6000 0.3233
2338.0000 0.3234
2339.7000 0.3236
2339.8000 0.3238
2341.0000 0.3240
2342.7000 0.3241
2342.9000 0.3243
2344.7000 0.3245
2347.0000 0.3247
2348.3000 0.3248
2350.3000 0.3250
2351.3000 0.3252
2356.2000 0.3253
2356.4000 0.3255
2356.7000 0.3257
2357.2000 0.3259
2364.4000 0.3260
2368.8000 0.3262
2369.1000 0.3264
2372.4000 0.3266
2372.8000 0.3267
2377.8000 0.3269
2378.3000 0.3271
2378.5000 0.3273
2380.5000 0.3274
2384.9000 0.3276
2385.0000 0.3278
2385.4000 0.3280
2386.6000 0.3281
2387.2000 0.3283
2391.0000 0.3285
2394.4000 0.3286
2398.1000 0.3288
2399.9000 0.3290
2409.8000 0.3292
2411.9000 0.3293
2412.7000 0.3295
2416.7000 0.3297
2418.6000 0.3299
2419.0000 0.3300
2422.4000 0.3302
2428.3000 0.3304
2428.7000 0.3306
2429.4000 0.3307
2430.1000 0.3309
2433.6000 0.3311
2435.1000 0.3313
2436.5000 0.3314
2437.6000 0.3316
2438.9000 0.3318
2439.1000 0.3319
2442.6000 0.3321
2447.4000 0.3323
2449.7000 0.3325
2450.3000 0.3326
2452.4000 0.3328
2452.6000 0.3330
2453.0000 0.3332
2461.1000 0.3333
2461.2000 0.3335
2461.6000 0.3337
2467.7000 0.3339
2474.9000 0.3340
2479.7000 0.3342
2481.0000 0.3344
2481.6000 0.3345
2486.2000 0.3347
2490.2000 0.3349
2492.5000 0.3351
2494.5000 0.3352
2496.9000 0.3354
2498.9000 0.3356
2499.2000 0.3358
2499.7000 0.3359
2500.9000 0.3361
2502.4000 0.3363
2505.1000 0.3365
2505.9000 0.3366
2507.7000 0.3368
2509.4000 0.3370
2509.4000 0.3372
2512.3000 0.3373
2516.0000 0.3375
2517.4000 0.3377
2518.2000 0.3378
2518.2000 0.3380
2528.1000 0.3382
2529.1000 0.3384
2531.9000 0.3385
2532.3000 0.3387
2534.1000 0.3389
2538.8000 0.3391
2541.8000 0.3392
2552.8000 0.3394
2555.2000 0.3396
2556.0000 0.3398
2557.3000 0.3399
2558.7000 0.3401
2563.3000 0.3403
2566.6000 0.3405
2568.0000 0.3406
2569.6000 0.3408
2570.5000 0.3410
2571.3000 0.3411
2577.8000 0.3413
2579.7000 0.3415
2580.7000 0.3417
2580.8000 0.3418
2582.0000 0.3420
2587.2000 0.3422
2590.6000 0.3424
2591.4000 0.3425
2596.2000 0.3427
2598.0000 0.3429
2599.5000 0.3431
2602.4000 0.3432
2609.5000 0.3434
2611.3000 0.3436
2613.6000 0.3438
2614.0000 0.3439
2614.7000 0.3441
2615.5000 0.3443
2619.5000 0.3444
2622.5000 0.3446
2624.9000 0.3448
2626.3000 0.3450
2626.4000 0.3451
2631.8000 0.3453
2637.3000 0.3455
2641.8000 0.3457
2647.8000 0.3458
2652.3000 0.3460
2657.2000 0.3462
2657.6000 0.3464
2659.7000 0.3465
2664.4000 0.3467
2666.6000 0.3469
2667.2000 0.3470
2667.9000 0.3472
2674.6000 0.3474
2678.1000 0.3476
2679.7000 0.3477
2682.8000 0.3479
2685.8000 0.3481
2687.3000 0.3483
2687.4000 0.3484
2689.4000 0.3486
2690.8000 0.3488
2691.7000 0.3490
2696.2000 0.3491
2701.1000 0.3493
2701.6000 0.3495
2702.1000 0.3497
2704.0000 0.3498
2706.1000 0.3500
2712.3000 0.3502
2714.8000 0.3503
2715.8000 0.3505
2716.0000 0.3507
2716.5000 0.3509
2717.0000 0.3510
2717.1000 0.3512
2718.2000 0.3514
2718.7000 0.3516
2720.8000 0.3517
2730.2000 0.3519
2730.6000 0.3521
2733.9000 0.3523
2735.6000 0.3524
2737.1000 0.3526
2742.2000 0.3528
2742.7000 0.3530
2744.3000 0.3531
2745.8000 0.3533
2747.1000 0.3535
2748.1000 0.3536
2751.4000 0.3538
2752.0000 0.3540
2752.9000 0.3542
2753.9000 0.3543
2768.3000 0.3545
2768.3000 0.3547
2774.6000 0.3549
2779.7000 0.3550
2785.2000 0.3552
2795.1000 0.3554
2806.8000 0.3556
2807.6000 0.3557
2807.6000 0.3559
2817.6000 0.3561
2821.2000 0.3563
2832.9000 0.3564
2833.2000 0.3566
2834.1000 0.3568
2839.0000 0.3569
2845.9000 0.3571
2847.5000 0.3573
2851.4000 0.3575
2854.6000 0.3576
2860.0000 0.3578
2860.8000 0.3580
2863.3000 0.3582
2864.0000 0.3583
2865.5000 0.3585
2866.6000 0.3587
2866.7000 0.3589
2868.8000 0.3590
2872.9000 0.3592
2876.1000 0.3594
2876.8000 0.3595
2882.4000 0.3597
2883.9000 0.3599
2884.2000 0.3601
2884.3000 0.3602
2886.8000 0.3604
2888.2000 0.3606
2897.1000 0.3608
2903.9000 0.3609
2904.6000 0.3611
2906.2000 0.3613
2910.5000 0.3615
2917.0000 0.3616
2917.1000 0.3618
2918.7000 0.3620
2920.4000 0.3622
2929.1000 0.3623
2934.3000 0.3625
2948.4000 0.3627
2956.0000 0.3628
2956.9000 0.3630
2964.1000 0.3632
2978.1000 0.3634
2978.7000 0.3635
2982.6000 0.3637
2991.3000 0.3639
3003.4000 0.3641
3003.7000 0.3642
3008.3000 0.3644
3009.1000 0.3646
3009.7000 0.3648
3010.4000 0.3649
3010.4000 0.3651
3016.1000 0.3653
3016.9000 0.3655
3027.8000 0.3656
3030.7000 0.3658
3032.1000 0.3660
3032.4000 0.3661
3036.5000 0.3663
3041.4000 0.3665
3041.6000 0.3667
3047.4000 0.3668
3047.6000 0.3670
3051.7000 0.3672
3052.5000 0.3674
3058.4000 0.3675
3058.6000 0.3677
3059.1000 0.3679
3063.9000 0.3681
3067.2000 0.3682
3070.4000 0.3684
3074.9000 0.3686
3076.4000 0.3688
3078.3000 0.3689
3080.9000 0.3691
3083.8000 0.3693
3085.1000 0.3694
3091.5000 0.3696
3093.9000 0.3698
3111.2000 0.3700
3114.0000 0.3701
3120.9000 0.3703
3128.7000 0.3705
3134.5000 0.3707
3135.4000 0.3708
3137.8000 0.3710
3138.8000 0.3712
3139.7000 0.3714
3140.1000 0.3715
3140.8000 0.3717
3145.0000 0.3719
3147.2000 0.3720
3148.1000 0.3722
3155.2000 0.3724
3157.5000 0.3726
3165.5000 0.3727
3178.0000 0.3729
3182.0000 0.3731
3183.4000 0.3733
3191.0000 0.3734
3191.4000 0.3736
3196.7000 0.3738
3198.9000 0.3740
3201.8000 0.3741
3203.5000 0.3743
3217.0000 0.3745
3219.9000 0.3747
3226.3000 0.3748
3231.9000 0.3750
3232.3000 0.3752
3235.8000 0.3753
3244.8000 0.3755
3246.7000 0.3757
3246.7000 0.3759
3252.6000 0.3760
3258.5000 0.3762
3263.4000 0.3764
3268.5000 0.3766
3273.5000 0.3767
3274.2000 0.3769
3275.2000 0.3771
3275.6000 0.3773
3291.9000 0.3774
3294.0000 0.3776
3297.5000 0.3778
3308.6000 0.3780
3310.9000 0.3781
3315.4000 0.3783
3316.8000 0.3785
3318.5000 0.3786
3323.0000 0.3788
3326.7000 0.3790
3348.3000 0.3792
3349.9000 0.3793
3354.4000 0.3795
3356.0000 0.3797
3357.2000 0.3799
3359.4000 0.3800
3363.6000 0.3802
3366.0000 0.3804
3371.9000 0.3806
3378.5000 0.3807
3380.4000 0.3809
3381.9000 0.3811
3385.8000 0.3813
3390.6000 0.3814
3391.3000 0.3816
3391.4000 0.3818
3392.3000 0.3819
3395.9000 0.3821
3396.4000 0.3823
3398.9000 0.3825
3400.0000 0.3826
3400.8000 0.3828
3404.5000 0.3830
3406.5000 0.3832
3407.0000 0.3833
3407.7000 0.3835
3411.7000 0.3837
3414.5000 0.3839
3417.4000 0.3840
3422.5000 0.3842
3425.8000 0.3844
3435.9000 0.3845
3436.3000 0.3847
3436.5000 0.3849
3451.8000 0.3851
3454.3000 0.3852
3458.2000 0.3854
3462.4000 0.3856
3473.6000 0.3858
3478.3000 0.3859
3483.2000 0.3861
3484.6000 0.3863
3486.4000 0.3865
3488.2000 0.3866
3489.1000 0.3868
3496.6000 0.3870
3498.8000 0.3872
3505.1000 0.3873
3511.8000 0.3875
3514.0000 0.3877
3515.7000 0.3878
3518.6000 0.3880
3519.2000 0.3882
3519.4000 0.3884
3525.8000 0.3885
3528.3000 0.3887
3534.0000 0.3889
3535.3000 0.3891
3538.6000 0.3892
3539.3000 0.3894
3541.6000 0.3896
3542.4000 0.3898
3553.6000 0.3899
3556.5000 0.3901
3558.2000 0.3903
3568.4000 0.3905
3568.8000 0.3906
3573.7000 0.3908
3577.2000 0.3910
3581.7000 0.3911
3586.0000 0.3913
3589.6000 0.3915
3592.3000 0.3917
3594.8000 0.3918
3601.9000 0.3920
3602.9000 0.3922
3604.4000 0.3924
3608.0000 0.3925
3616.5000 0.3927
3618.5000 0.3929
3623.5000 0.3931
3630.8000 0.3932
3632.1000 0.3934
3635.0000 0.3936
3635.2000 0.3938
3638.4000 0.3939
3642.3000 0.3941
3643.1000 0.3943
3643.2000 0.3944
3644.3000 0.3946
3644.4000 0.3948
3645.5000 0.3950
3648.0000 0.3951
3649.1000 0.3953
3654.5000 0.3955
3659.5000 0.3957
3661.8000 0.3958
3667.1000 0.3960
3677.6000 0.3962
3680.2000 0.3964
3682.1000 0.3965
3687.3000 0.3967
3688.1000 0.3969
3688.8000 0.3970
3689.2000 0.3972
3696.8000 0.3974
3699.6000 0.3976
3703.1000 0.3977
3705.2000 0.3979
3708.2000 0.3981
3709.0000 0.3983
3716.9000 0.3984
3718.0000 0.3986
3719.6000 0.3988
3727.4000 0.3990
3733.5000 0.3991
3736.0000 0.3993
3737.9000 0.3995
3738.1000 0.3997
3739.0000 0.3998
3739.7000 0.4000
3744.4000 0.4002
3758.0000 0.4003
3762.8000 0.4005
3762.9000 0.4007
3764.1000 0.4009
3764.5000 0.4010
3778.1000 0.4012
3779.0000 0.4014
3787.3000 0.4016
3794.1000 0.4017
3798.6000 0.4019
3801.8000 0.4021
3802.0000 0.4023
3802.8000 0.4024
3806.0000 0.4026
3808.5000 0.4028
3811.0000 0.4030
3812.7000 0.4031
3822.7000 0.4033
3827.2000 0.4035
3828.2000 0.4036
3830.2000 0.4038
3836.5000 0.4040
3842.7000 0.4042
3843.5000 0.4043
3843.7000 0.4045
3856.8000 0.4047
3858.4000 0.4049
3859.5000 0.4050
3867.0000 0.4052
3869.5000 0.4054
3873.2000 0.4056
3877.0000 0.4057
3879.6000 0.4059
3880.5000 0.4061
3884.0000 0.4063
3886.0000 0.4064
3886.4000 0.4066
3893.0000 0.4068
3896.2000 0.4069
3902.0000 0.4071
3902.5000 0.4073
3909.0000 0.4075
3912.0000 0.4076
3916.2000 0.4078
3920.0000 0.4080
3924.5000 0.4082
3939.3000 0.4083
3943.9000 0.4085
3946.7000 0.4087
3952.5000 0.4089
3965.4000 0.4090
3966.9000 0.4092
3972.4000 0.4094
3975.7000 0.4095
3978.2000 0.4097
3980.1000 0.4099
3983.1000 0.4101
3989.2000 0.4102
3990.5000 0.4104
3991.4000 0.4106
3992.0000 0.4108
3993.1000 0.4109
3997.4000 0.4111
3998.9000 0.4113
4004.1000 0.4115
4009.4000 0.4116
4015.2000 0.4118
4018.3000 0.4120
4018.8000 0.4122
4019.9000 0.4123
4024.1000 0.4125
4026.8000 0.4127
4027.2000 0.4128
4028.0000 0.4130
4033.8000 0.4132
4039.0000 0.4134
4040.2000 0.4135
4052.1000 0.4137
4062.1000 0.4139
4062.6000 0.4141
4062.9000 0.4142
4062.9000 0.4144
4063.7000 0.4146
4065.7000 0.4148
4066.4000 0.4149
4069.3000 0.4151
4069.6000 0.4153
4070.4000 0.4155
4071.2000 0.4156
4075.2000 0.4158
4075.2000 0.4160
4081.4000 0.4161
4082.0000 0.4163
4086.1000 0.4165
4104.8000 0.4167
4112.2000 0.4168
4114.2000 0.4170
4123.6000 0.4172
4131.1000 0.4174
4132.8000 0.4175
4139.6000 0.4177
4147.7000 0.4179
4162.3000 0.4181
4169.9000 0.4182
4170.7000 0.4184
4179.4000 0.4186
4179.5000 0.4188
4180.2000 0.4189
4182.2000 0.4191
4186.7000 0.4193
4189.1000 0.4194
4190.4000 0.4196
4200.1000 0.4198
4205.3000 0.4200
4207.4000 0.4201
4217.6000 0.4203
4219.9000 0.4205
4233.9000 0.4207
4234.8000 0.4208
4237.0000 0.4210
4237.0000 0.4212
4250.6000 0.4214
4266.0000 0.4215
4268.3000 0.4217
4270.5000 0.4219
4277.7000 0.4220
4283.4000 0.4222
4287.3000 0.4224
4288.2000 0.4226
4292.2000 0.4227
4293.7000 0.4229
4302.9000 0.4231
4303.2000 0.4233
4311.3000 0.4234
4320.0000 0.4236
4329.9000 0.4238
4333.0000 0.4240
4334.3000 0.4241
4341.5000 0.4243
4348.1000 0.4245
4352.1000 0.4247
4357.6000 0.4248
4357.9000 0.4250
4364.0000 0.4252
4366.5000 0.4253
4371.3000 0.4255
4372.2000 0.4257
4406.8000 0.4259
4409.7000 0.4260
4417.9000 0.4262
4422.9000 0.4264
4432.0000 0.4266
4433.5000 0.4267
4434.8000 0.4269
4437.9000 0.4271
4441.1000 0.4273
4449.9000 0.4274
4451.1000 0.4276
4452.0000 0.4278
4454.0000 0.4280
4455.0000 0.4281
4455.0000 0.4283
4457.6000 0.4285
4465.7000 0.4286
4471.6000 0.4288
4472.4000 0.4290
4473.2000 0.4292
4479.2000 0.4293
4479.5000 0.4295
4494.3000 0.4297
4496.5000 0.4299
4497.9000 0.4300
4506.7000 0.4302
4508.6000 0.4304
4510.2000 0.4306
4510.9000 0.4307
4522.9000 0.4309
4531.5000 0.4311
4542.8000 0.4313
4547.1000 0.4314
4547.8000 0.4316
4556.6000 0.4318
4556.8000 0.4319
4559.1000 0.4321
4560.6000 0.4323
4561.5000 0.4325
4563.8000 0.4326
4574.2000 0.4328
4575.7000 0.4330
4577.0000 0.4332
4579.3000 0.4333
4581.3000 0.4335
4587.8000 0.4337
4589.4000 0.4339
4592.9000 0.4340
4599.0000 0.4342
4608.5000 0.4344
4617.8000 0.4345
4621.6000 0.4347
4627.1000 0.4349
4630.7000 0.4351
4634.2000 0.4352
4634.6000 0.4354
4636.4000 0.4356
4651.1000 0.4358
4654.0000 0.4359
4657.3000 0.4361
4661.7000 0.4363
4662.4000 0.4365
4664.1000 0.4366
4681.1000 0.4368
4684.2000 0.4370
4685.0000 0.4372
4688.1000 0.4373
4696.6000 0.4375
4702.7000 0.4377
4722.2000 0.4378
4727.9000 0.4380
4733.8000 0.4382
4737.3000 0.4384
4741.3000 0.4385
4742.6000 0.4387
4750.1000 0.4389
4750.2000 0.4391
4750.6000 0.4392
4755.6000 0.4394
4771.8000 0.4396
4776.2000 0.4398
4776.6000 0.4399
4778.8000 0.4401
4785.1000 0.4403
4793.5000 0.4405
4793.5000 0.4406
4795.5000 0.4408
4822.3000 0.4410
4824.0000 0.4411
4824.3000 0.4413
4834.1000 0.4415
4838.2000 0.4417
4838.3000 0.4418
4846.7000 0.4420
4852.5000 0.4422
4872.1000 0.4424
4874.5000 0.4425
4874.5000 0.4427
4878.1000 0.4429
4883.4000 0.4431
4887.9000 0.4432
4889.6000 0.4434
4897.1000 0.4436
4900.4000 0.4438
4907.4000 0.4439
4908.5000 0.4441
4916.0000 0.4443
4920.1000 0.4444
4939.8000 0.4446
4943.6000 0.4448
4953.3000 0.4450
4956.4000 0.4451
4964.1000 0.4453
4973.5000 0.4455
4974.0000 0.4457
4975.6000 0.4458
4983.9000 0.4460
4984.5000 0.4462
4987.5000 0.4464
4992.6000 0.4465
4995.7000 0.4467
4997.0000 0.4469
5000.7000 0.4470
5000.9000 0.4472
5010.9000 0.4474
5018.2000 0.4476
5027.4000 0.4477
5028.5000 0.4479
5032.5000 0.4481
5034.8000 0.4483
5036.5000 0.4484
5045.3000 0.4486
5045.3000 0.4488
5046.7000 0.4490
5052.7000 0.4491
5052.8000 0.4493
5053.3000 0.4495
5059.7000 0.4497
5059.8000 0.4498
5062.4000 0.4500
5062.7000 0.4502
5068.3000 0.4503
5069.3000 0.4505
5071.0000 0.4507
5071.1000 0.4509
5072.8000 0.4510
5073.7000 0.4512
5075.6000 0.4514
5076.8000 0.4516
5079.7000 0.4517
5080.7000 0.4519
5082.3000 0.4521
5091.5000 0.4523
5097.0000 0.4524
5109.3000 0.4526
5113.0000 0.4528
5115.6000 0.4530
5116.8000 0.4531
5120.3000 0.4533
5123.3000 0.4535
5134.7000 0.4536
5146.8000 0.4538
5152.8000 0.4540
5155.3000 0.4542
5156.8000 0.4543
5160.9000 0.4545
5170.3000 0.4547
5181.6000 0.4549
5186.7000 0.4550
5188.5000 0.4552
5197.7000 0.4554
5215.3000 0.4556
5215.9000 0.4557
5218.3000 0.4559
5219.9000 0.4561
5220.5000 0.4563
5222.5000 0.4564
5227.0000 0.4566
5238.8000 0.4568
5243.4000 0.4569
5246.5000 0.4571
5249.2000 0.4573
5268.9000 0.4575
5273.3000 0.4576
5282.0000 0.4578
5282.5000 0.4580
5289.9000 0.4582
5297.7000 0.4583
5297.8000 0.4585
5302.6000 0.4587
5308.5000 0.4589
5308.6000 0.4590
5312.0000 0.4592
5324.7000 0.4594
5325.9000 0.4595
5326.3000 0.4597
5327.5000 0.4599
5332.3000 0.4601
5333.6000 0.4602
5335.5000 0.4604
5336.1000 0.4606
5341.2000 0.4608
5346.9000 0.4609
5364.6000 0.4611
5365.5000 0.4613
5368.7000 0.4615
5386.4000 0.4616
5389.9000 0.4618
5393.1000 0.4620
5402.4000 0.4622
5404.1000 0.4623
5410.2000 0.4625
5414.0000 0.4627
5422.1000 0.4628
5424.5000 0.4630
5424.6000 0.4632
5425.0000 0.4634
5432.0000 0.4635
5439.9000 0.4637
5450.0000 0.4639
5453.1000 0.4641
5453.8000 0.4642
5455.8000 0.4644
5457.6000 0.4646
5467.9000 0.4648
5468.3000 0.4649
5468.5000 0.4651
5469.0000 0.4653
5472.5000 0.4655
5475.2000 0.4656
5476.1000 0.4658
5478.1000 0.4660
5480.4000 0.4661
5481.6000 0.4663
5484.6000 0.4665
5484.9000 0.4667
5488.0000 0.4668
5490.0000 0.4670
5493.3000 0.4672
5504.8000 0.4674
5507.0000 0.4675
5508.4000 0.4677
5515.8000 0.4679
5517.5000 0.4681
5518.3000 0.4682
5522.7000 0.4684
5523.9000 0.4686
5526.3000 0.4688
5528.8000 0.4689
5534.7000 0.4691
5541.6000 0.4693
5546.6000 0.4694
5546.8000 0.4696
5551.3000 0.4698
5555.0000 0.4700
5556.6000 0.4701
5562.4000 0.4703
5572.1000 0.4705
5572.7000 0.4707
5577.1000 0.4708
5581.3000 0.4710
5582.6000 0.4712
5589.7000 0.4714
5595.8000 0.4715
5595.8000 0.4717
5602.2000 0.4719
5603.8000 0.4720
5605.6000 0.4722
5606.3000 0.4724
5606.4000 0.4726
5614.7000 0.4727
5626.1000 0.4729
5633.4000 0.4731
5638.4000 0.4733
5642.1000 0.4734
5644.8000 0.4736
5655.6000 0.4738
5661.4000 0.4740
5663.5000 0.4741
5668.5000 0.4743
5668.9000 0.4745
5675.8000 0.4747
5681.7000 0.4748
5683.5000 0.4750
5696.4000 0.4752
5705.4000 0.4753
5712.7000 0.4755
5716.3000 0.4757
5721.2000 0.4759
5722.8000 0.4760
5723.7000 0.4762
5728.9000 0.4764
5730.6000 0.4766
5732.5000 0.4767
5740.0000 0.4769
5749.9000 0.4771
5751.0000 0.4773
5751.3000 0.4774
5756.1000 0.4776
5756.8000 0.4778
5763.1000 0.4780
5766.2000 0.4781
5772.8000 0.4783
5777.9000 0.4785
5783.8000 0.4786
5804.1000 0.4788
5810.2000 0.4790
5816.9000 0.4792
5820.3000 0.4793
5828.8000 0.4795
5832.4000 0.4797
5847.7000 0.4799
5849.6000 0.4800
5852.0000 0.4802
5858.6000 0.4804
5859.1000 0.4806
5868.4000 0.4807
5880.7000 0.4809
5881.0000 0.4811
5882.4000 0.4813
5887.3000 0.4814
5894.3000 0.4816
5904.6000 0.4818
5906.8000 0.4819
5912.3000 0.4821
5913.7000 0.4823
5926.1000 0.4825
5929.1000 0.4826
5933.9000 0.4828
5934.4000 0.4830
5939.2000 0.4832
5940.2000 0.4833
5947.2000 0.4835
5952.0000 0.4837
5955.6000 0.4839
5956.3000 0.4840
5959.2000 0.4842
5963.8000 0.4844
5968.4000 0.4845
5969.5000 0.4847
5976.6000 0.4849
5991.7000 0.4851
6007.6000 0.4852
6015.5000 0.4854
6017.7000 0.4856
6019.4000 0.4858
6020.4000 0.4859
6023.2000 0.4861
6023.4000 0.4863
6031.1000 0.4865
6031.3000 0.4866
6031.6000 0.4868
6034.1000 0.4870
6040.1000 0.4872
6045.9000 0.4873
6050.6000 0.4875
6055.8000 0.4877
6060.8000 0.4878
6064.9000 0.4880
6067.0000 0.4882
6083.2000 0.4884
6085.3000 0.4885
6092.3000 0.4887
6092.4000 0.4889
6092.4000 0.4891
6108.0000 0.4892
6109.6000 0.4894
6116.4000 0.4896
6116.5000 0.4898
6121.7000 0.4899
6123.0000 0.4901
6125.8000 0.4903
6136.4000 0.4905
6136.9000 0.4906
6138.7000 0.4908
6145.8000 0.4910
6146.4000 0.4911
6149.2000 0.4913
6153.0000 0.4915
6155.0000 0.4917
6156.0000 0.4918
6159.2000 0.4920
6163.3000 0.4922
6164.8000 0.4924
6170.2000 0.4925
6178.1000 0.4927
6189.3000 0.4929
6193.0000 0.4931
6193.6000 0.4932
6196.0000 0.4934
6199.4000 0.4936
6201.7000 0.4938
6214.2000 0.4939
6219.8000 0.4941
6229.3000 0.4943
6250.5000 0.4944
6251.5000 0.4946
6252.6000 0.4948
6283.8000 0.4950
6284.9000 0.4951
6285.7000 0.4953
6288.8000 0.4955
6293.3000 0.4957
6298.2000 0.4958
6303.2000 0.4960
6303.9000 0.4962
6305.3000 0.4964
6307.3000 0.4965
6309.3000 0.4967
6315.8000 0.4969
6316.9000 0.4970
6319.0000 0.4972
6321.1000 0.4974
6322.0000 0.4976
6326.5000 0.4977
6329.6000 0.4979
6337.1000 0.4981
6337.2000 0.4983
6339.6000 0.4984
6345.8000 0.4986
6355.6000 0.4988
6355.8000 0.4990
6365.4000 0.4991
6366.6000 0.4993
6369.7000 0.4995
6369.8000 0.4997
6377.9000 0.4998
6379.8000 0.5000
6387.3000 0.5002
6407.2000 0.5003
6407.9000 0.5005
6412.5000 0.5007
6418.2000 0.5009
6422.1000 0.5010
6424.2000 0.5012
6425.7000 0.5014
6426.2000 0.5016
6426.2000 0.5017
6427.2000 0.5019
6437.0000 0.5021
6448.2000 0.5023
6452.1000 0.5024
6454.1000 0.5026
6458.4000 0.5028
6468.9000 0.5030
6477.5000 0.5031
6478.3000 0.5033
6481.9000 0.5035
6482.0000 0.5036
6498.2000 0.5038
6504.9000 0.5040
6507.4000 0.5042
6511.1000 0.5043
6512.1000 0.5045
6522.2000 0.5047
6523.6000 0.5049
6524.5000 0.5050
6525.7000 0.5052
6527.2000 0.5054
6542.6000 0.5056
6557.3000 0.5057
6560.5000 0.5059
6562.2000 0.5061
6569.2000 0.5063
6579.4000 0.5064
6581.7000 0.5066
6583.9000 0.5068
6590.0000 0.5069
6596.6000 0.5071
6603.1000 0.5073
6604.6000 0.5075
6607.2000 0.5076
6613.3000 0.5078
6621.2000 0.5080
6621.8000 0.5082
6624.2000 0.5083
6629.6000 0.5085
6631.5000 0.5087
6633.5000 0.5089
6640.6000 0.5090
6642.9000 0.5092
6648.1000 0.5094
6660.8000 0.5095
6661.7000 0.5097
6661.8000 0.5099
6662.6000 0.5101
6676.9000 0.5102
6677.8000 0.5104
6678.4000 0.5106
6679.9000 0.5108
6685.9000 0.5109
6689.9000 0.5111
6691.0000 0.5113
6694.3000 0.5115
6702.6000 0.5116
6703.3000 0.5118
6726.4000 0.5120
6727.0000 0.5122
6727.5000 0.5123
6733.9000 0.5125
6744.4000 0.5127
6748.7000 0.5128
6752.8000 0.5130
6754.8000 0.5132
6763.3000 0.5134
6767.2000 0.5135
6769.7000 0.5137
6771.0000 0.5139
6779.1000 0.5141
6780.8000 0.5142
6786.3000 0.5144
6788.3000 0.5146
6792.0000 0.5148
6796.4000 0.5149
6797.8000 0.5151
6803.6000 0.5153
6805.0000 0.5155
6826.6000 0.5156
6826.6000 0.5158
6834.4000 0.5160
6837.4000 0.5161
6837.5000 0.5163
6838.4000 0.5165
6841.2000 0.5167
6843.8000 0.5168
6853.1000 0.5170
6857.5000 0.5172
6865.0000 0.5174
6870.0000 0.5175
6888.2000 0.5177
6888.5000 0.5179
6905.8000 0.5181
6905.9000 0.5182
6911.2000 0.5184
6911.6000 0.5186
6911.7000 0.5188
6916.5000 0.5189
6918.6000 0.5191
6922.5000 0.5193
6925.9000 0.5194
6927.5000 0.5196
6947.0000 0.5198
6947.9000 0.5200
6948.4000 0.5201
6952.2000 0.5203
6956.0000 0.5205
6962.4000 0.5207
6966.1000 0.5208
6970.4000 0.5210
6972.1000 0.5212
6972.6000 0.5214
6980.0000 0.5215
6980.0000 0.5217
6987.0000 0.5219
6988.6000 0.5220
7003.4000 0.5222
7003.5000 0.5224
7007.4000 0.5226
7016.4000 0.5227
7017.2000 0.5229
7017.4000 0.5231
7022.2000 0.5233
7027.3000 0.5234
7036.3000 0.5236
7037.3000 0.5238
7040.5000 0.5240
7041.5000 0.5241
7046.6000 0.5243
7046.8000 0.5245
7053.5000 0.5247
7059.1000 0.5248
7069.7000 0.5250
7071.0000 0.5252
7076.2000 0.5253
7090.3000 0.5255
7092.7000 0.5257
7094.0000 0.5259
7101.3000 0.5260
7106.5000 0.5262
7109.1000 0.5264
7111.7000 0.5266
7113.6000 0.5267
7122.8000 0.5269
7123.0000 0.5271
7127.9000 0.5273
7128.2000 0.5274
7145.7000 0.5276
7150.6000 0.5278
7151.7000 0.5280
7165.3000 0.5281
7177.3000 0.5283
7181.2000 0.5285
7183.5000 0.5286
7194.4000 0.5288
7197.1000 0.5290
7197.6000 0.5292
7208.7000 0.5293
7222.4000 0.5295
7224.5000 0.5297
7228.6000 0.5299
7230.7000 0.5300
7234.3000 0.5302
7245.9000 0.5304
7249.5000 0.5306
7250.2000 0.5307
7260.6000 0.5309
7262.2000 0.5311
7270.6000 0.5313
7274.8000 0.5314
7277.4000 0.5316
7286.4000 0.5318
7291.6000 0.5319
7293.8000 0.5321
7294.8000 0.5323
7304.8000 0.5325
7305.4000 0.5326
7306.0000 0.5328
7328.5000 0.5330
7345.2000 0.5332
7349.8000 0.5333
7350.3000 0.5335
7350.9000 0.5337
7356.3000 0.5339
7364.1000 0.5340
7364.2000 0.5342
7365.1000 0.5344
7377.1000 0.5345
7377.2000 0.5347
7377.7000 0.5349
7391.0000 0.5351
7392.8000 0.5352
7397.8000 0.5354
7404.3000 0.5356
7417.1000 0.5358
7427.1000 0.5359
7429.4000 0.5361
7435.7000 0.5363
7437.5000 0.5365
7442.4000 0.5366
7446.6000 0.5368
7485.8000 0.5370
7492.1000 0.5372
7496.7000 0.5373
7497.3000 0.5375
7504.4000 0.5377
7514.0000 0.5378
7514.4000 0.5380
7524.8000 0.5382
7525.4000 0.5384
7526.0000 0.5385
7528.0000 0.5387
7549.7000 0.5389
7558.5000 0.5391
7582.0000 0.5392
7592.0000 0.5394
7594.6000 0.5396
7602.4000 0.5398
7607.9000 0.5399
7616.8000 0.5401
7617.3000 0.5403
7617.3000 0.5405
7617.8000 0.5406
7618.9000 0.5408
7619.7000 0.5410
7623.2000 0.5411
7624.3000 0.5413
7626.6000 0.5415
7627.7000 0.5417
7631.5000 0.5418
7635.5000 0.5420
7653.7000 0.5422
7668.4000 0.5424
7673.8000 0.5425
7687.3000 0.5427
7693.7000 0.5429
7693.9000 0.5431
7706.4000 0.5432
7706.8000 0.5434
7708.7000 0.5436
7711.0000 0.5438
7726.8000 0.5439
7726.9000 0.5441
7732.5000 0.5443
7737.1000 0.5444
7737.5000 0.5446
7738.7000 0.5448
7747.2000 0.5450
7747.9000 0.5451
7748.7000 0.5453
7754.0000 0.5455
7758.5000 0.5457
7761.5000 0.5458
7765.6000 0.5460
7771.6000 0.5462
7773.6000 0.5464
7777.7000 0.5465
7778.3000 0.5467
7790.5000 0.5469
7791.1000 0.5470
7792.8000 0.5472
7794.9000 0.5474
7798.0000 0.5476
7805.3000 0.5477
7806.9000 0.5479
7808.7000 0.5481
7809.1000 0.5483
7813.8000 0.5484
7815.5000 0.5486
7828.0000 0.5488
7836.0000 0.5490
7838.8000 0.5491
7851.4000 0.5493
7855.4000 0.5495
7857.3000 0.5497
7857.3000 0.5498
7862.5000 0.5500
7863.5000 0.5502
7866.6000 0.5503
7875.3000 0.5505
7898.2000 0.5507
7900.1000 0.5509
7903.8000 0.5510
7905.0000 0.5512
7905.2000 0.5514
7906.9000 0.5516
7908.1000 0.5517
7911.7000 0.5519
7918.9000 0.5521
7927.7000 0.5523
7929.4000 0.5524
7932.7000 0.5526
7934.1000 0.5528
7945.2000 0.5530
7945.4000 0.5531
7955.8000 0.5533
7958.1000 0.5535
7961.0000 0.5536
7973.4000 0.5538
7974.0000 0.5540
7975.4000 0.5542
7983.7000 0.5543
7988.0000 0.5545
8004.9000 0.5547
8006.4000 0.5549
8023.1000 0.5550
8025.0000 0.5552
8026.4000 0.5554
8027.7000 0.5556
8028.6000 0.5557
8030.6000 0.5559
8033.6000 0.5561
8052.7000 0.5563
8054.1000 0.5564
8056.9000 0.5566
8057.3000 0.5568
8062.0000 0.5569
8062.1000 0.5571
8068.9000 0.5573
8077.4000 0.5575
8080.6000 0.5576
8088.8000 0.5578
8091.7000 0.5580
8092.3000 0.5582
8095.5000 0.5583
8099.3000 0.5585
8109.1000 0.5587
8112.8000 0.5589
8115.1000 0.5590
8124.7000 0.5592
8136.5000 0.5594
8153.2000 0.5595
8162.0000 0.5597
8162.9000 0.5599
8165.2000 0.5601
8168.0000 0.5602
8169.0000 0.5604
8180.8000 0.5606
8194.2000 0.5608
8195.7000 0.5609
8198.2000 0.5611
8200.5000 0.5613
8202.8000 0.5615
8227.4000 0.5616
8229.8000 0.5618
8243.7000 0.5620
8256.0000 0.5622
8258.5000 0.5623
8262.0000 0.5625
8264.0000 0.5627
8269.4000 0.5628
8270.9000 0.5630
8272.8000 0.5632
8277.8000 0.5634
8283.4000 0.5635
8286.0000 0.5637
8287.8000 0.5639
8288.1000 0.5641
8292.5000 0.5642
8299.5000 0.5644
8312.6000 0.5646
8313.2000 0.5648
8314.7000 0.5649
8322.6000 0.5651
8327.2000 0.5653
8328.8000 0.5655
8331.0000 0.5656
8332.5000 0.5658
8332.6000 0.5660
8336.1000 0.5661
8345.4000 0.5663
8346.8000 0.5665
8350.6000 0.5667
8360.9000 0.5668
8362.8000 0.5670
8365.5000 0.5672
8380.1000 0.5674
8382.4000 0.5675
8384.2000 0.5677
8386.2000 0.5679
8394.3000 0.5681
8414.8000 0.5682
8417.1000 0.5684
8422.9000 0.5686
8423.7000 0.5688
8425.6000 0.5689
8430.6000 0.5691
8432.0000 0.5693
8451.4000 0.5694
8454.7000 0.5696
8465.7000 0.5698
8481.9000 0.5700
8485.4000 0.5701
8485.8000 0.5703
8487.4000 0.5705
8505.9000 0.5707
8508.3000 0.5708
8511.6000 0.5710
8513.3000 0.5712
8513.8000 0.5714
8527.3000 0.5715
8533.4000 0.5717
8537.0000 0.5719
8541.9000 0.5720
8549.6000 0.5722
8551.8000 0.5724
8554.6000 0.5726
8557.8000 0.5727
8558.3000 0.5729
8559.6000 0.5731
8561.4000 0.5733
8562.5000 0.5734
8565.7000 0.5736
8566.5000 0.5738
8572.0000 0.5740
8574.2000 0.5741
8578.4000 0.5743
8578.5000 0.5745
8579.3000 0.5747
8581.7000 0.5748
8586.2000 0.5750
8587.5000 0.5752
8592.7000 0.5753
8593.0000 0.5755
8603.3000 0.5757
8612.6000 0.5759
8619.9000 0.5760
8620.4000 0.5762
8631.7000 0.5764
8671.0000 0.5766
8671.9000 0.5767
8673.1000 0.5769
8680.8000 0.5771
8681.1000 0.5773
8684.1000 0.5774
8689.9000 0.5776
8703.0000 0.5778
8716.4000 0.5780
8719.9000 0.5781
8720.9000 0.5783
8725.9000 0.5785
8732.4000 0.5786
8746.9000 0.5788
8748.9000 0.5790
8753.0000 0.5792
8766.1000 0.5793
8778.8000 0.5795
8780.6000 0.5797
8785.6000 0.5799
8787.3000 0.5800
8788.7000 0.5802
8798.6000 0.5804
8800.5000 0.5806
8822.4000 0.5807
8833.4000 0.5809
8835.1000 0.5811
8836.3000 0.5813
8837.1000 0.5814
8837.2000 0.5816
8866.2000 0.5818
8871.0000 0.5819
8875.0000 0.5821
8878.1000 0.5823
8881.8000 0.5825
8886.3000 0.5826
8888.5000 0.5828
8912.1000 0.5830
8913.0000 0.5832
8925.7000 0.5833
8933.2000 0.5835
8940.7000 0.5837
8947.6000 0.5839
8951.2000 0.5840
8966.5000 0.5842
8967.7000 0.5844
8969.2000 0.5845
8970.3000 0.5847
8970.8000 0.5849
8973.9000 0.5851
8976.2000 0.5852
8976.4000 0.5854
8980.3000 0.5856
8995.0000 0.5858
8997.2000 0.5859
9013.6000 0.5861
9016.9000 0.5863
9024.9000 0.5865
9031.4000 0.5866
9032.5000 0.5868
9040.7000 0.5870
9042.8000 0.5872
9051.2000 0.5873
9057.9000 0.5875
9059.3000 0.5877
9071.6000 0.5878
9076.3000 0.5880
9077.1000 0.5882
9082.4000 0.5884
9086.6000 0.5885
9089.7000 0.5887
9091.0000 0.5889
9095.9000 0.5891
9097.3000 0.5892
9104.0000 0.5894
9107.3000 0.5896
9107.6000 0.5898
9116.5000 0.5899
9123.2000 0.5901
9127.9000 0.5903
9135.1000 0.5905
9142.2000 0.5906
9142.4000 0.5908
9152.0000 0.5910
9153.4000 0.5911
9165.1000 0.5913
9166.7000 0.5915
9171.0000 0.5917
9180.7000 0.5918
9187.7000 0.5920
9192.6000 0.5922
9192.8000 0.5924
9199.1000 0.5925
9200.3000 0.5927
9209.7000 0.5929
9210.9000 0.5931
9211.0000 0.5932
9211.8000 0.5934
9224.1000 0.5936
9227.8000 0.5938
9229.2000 0.5939
9231.2000 0.5941
9232.1000 0.5943
9234.1000 0.5944
9236.9000 0.5946
9250.3000 0.5948
9252.4000 0.5950
9264.0000 0.5951
9265.7000 0.5953
9267.7000 0.5955
9272.2000 0.5957
9274.3000 0.5958
9275.8000 0.5960
9287.2000 0.5962
9297.2000 0.5964
9308.6000 0.5965
9311.6000 0.5967
9316.8000 0.5969
9320.4000 0.5970
9326.7000 0.5972
9327.5000 0.5974
9335.9000 0.5976
9338.1000 0.5977
9354.0000 0.5979
9354.9000 0.5981
9369.4000 0.5983
9372.2000 0.5984
9376.2000 0.5986
9376.4000 0.5988
9382.7000 0.5990
9386.1000 0.5991
9391.7000 0.5993
9392.4000 0.5995
9396.4000 0.5997
9397.6000 0.5998
9399.8000 0.6000
9404.4000 0.6002
9406.8000 0.6003
9407.1000 0.6005
9420.1000 0.6007
9431.3000 0.6009
9431.4000 0.6010
9438.9000 0.6012
9441.3000 0.6014
9445.3000 0.6016
9454.0000 0.6017
9460.1000 0.6019
9460.3000 0.6021
9463.5000 0.6023
9464.1000 0.6024
9464.9000 0.6026
9471.2000 0.6028
9475.0000 0.6030
9478.7000 0.6031
9488.5000 0.6033
9490.3000 0.6035
9491.1000 0.6036
9504.0000 0.6038
9511.2000 0.6040
9528.0000 0.6042
9529.1000 0.6043
9541.3000 0.6045
9546.6000 0.6047
9549.6000 0.6049
9556.8000 0.6050
9566.8000 0.6052
9568.0000 0.6054
9570.1000 0.6056
9580.2000 0.6057
9583.3000 0.6059
9583.5000 0.6061
9583.5000 0.6063
9598.2000 0.6064
9612.3000 0.6066
9619.5000 0.6068
9630.5000 0.6069
9631.2000 0.6071
9631.8000 0.6073
9633.5000 0.6075
9634.8000 0.6076
9643.0000 0.6078
9646.5000 0.6080
9656.7000 0.6082
9662.5000 0.6083
9668.6000 0.6085
9670.0000 0.6087
9675.5000 0.6089
9676.7000 0.6090
9685.3000 0.6092
9703.1000 0.6094
9705.7000 0.6095
9707.4000 0.6097
9709.0000 0.6099
9720.6000 0.6101
9723.2000 0.6102
9728.1000 0.6104
9732.3000 0.6106
9733.1000 0.6108
9734.0000 0.6109
9746.1000 0.6111
9746.2000 0.6113
9747.8000 0.6115
9750.5000 0.6116
9752.6000 0.6118
9760.4000 0.6120
9760.9000 0.6122
9763.9000 0.6123
9769.2000 0.6125
9771.2000 0.6127
9775.0000 0.6128
9776.3000 0.6130
9776.3000 0.6132
9780.2000 0.6134
9781.5000 0.6135
9787.6000 0.6137
9794.6000 0.6139
9810.7000 0.6141
9831.3000 0.6142
9844.4000 0.6144
9855.8000 0.6146
9877.5000 0.6148
9883.3000 0.6149
9889.1000 0.6151
9895.8000 0.6153
9898.0000 0.6155
9902.1000 0.6156
9926.3000 0.6158
9930.0000 0.6160
9933.1000 0.6161
9939.3000 0.6163
9941.1000 0.6165
9942.9000 0.6167
9949.3000 0.6168
9954.6000 0.6170
9957.2000 0.6172
9976.3000 0.6174
9977.8000 0.6175
9982.3000 0.6177
9983.2000 0.6179
9985.2000 0.6181
9996.9000 0.6182
9999.6000 0.6184
10001.6000 0.6186
10003.3000 0.6188
10006.7000 0.6189
10015.9000 0.6191
10025.1000 0.6193
10026.2000 0.6194
10029.7000 0.6196
10036.4000 0.6198
10036.9000 0.6200
10046.5000 0.6201
10049.5000 0.6203
10063.9000 0.6205
10064.6000 0.6207
10071.9000 0.6208
10073.1000 0.6210
10087.9000 0.6212
10093.3000 0.6214
10098.1000 0.6215
10100.1000 0.6217
10106.1000 0.6219
10107.5000 0.6220
10107.6000 0.6222
10108.2000 0.6224
10109.5000 0.6226
10112.5000 0.6227
10114.8000 0.6229
10116.9000 0.6231
10120.7000 0.6233
10121.6000 0.6234
10124.2000 0.6236
10126.7000 0.6238
10127.0000 0.6240
10131.5000 0.6241
10145.4000 0.6243
10153.0000 0.6245
10153.7000 0.6247
10157.6000 0.6248
10160.3000 0.6250
10170.9000 0.6252
10179.8000 0.6253
10186.8000 0.6255
10192.9000 0.6257
10193.3000 0.6259
10202.7000 0.6260
10203.0000 0.6262
10203.6000 0.6264
10207.7000 0.6266
10216.2000 0.6267
10217.0000 0.6269
10224.0000 0.6271
10232.0000 0.6273
10233.2000 0.6274
10234.8000 0.6276
10240.2000 0.6278
10243.6000 0.6280
10244.2000 0.6281
10256.8000 0.6283
10258.9000 0.6285
10270.8000 0.6286
10273.2000 0.6288
10276.9000 0.6290
10287.5000 0.6292
10289.4000 0.6293
10303.3000 0.6295
10310.9000 0.6297
10311.1000 0.6299
10315.1000 0.6300
10316.0000 0.6302
10320.8000 0.6304
10321.0000 0.6306
10322.5000 0.6307
10337.8000 0.6309
10338.0000 0.6311
10345.4000 0.6313
10348.6000 0.6314
10349.6000 0.6316
10349.7000 0.6318
10360.6000 0.6319
10362.5000 0.6321
10366.3000 0.6323
10367.0000 0.6325
10369.5000 0.6326
10372.6000 0.6328
10376.2000 0.6330
10380.4000 0.6332
10382.5000 0.6333
10386.7000 0.6335
10389.2000 0.6337
10401.9000 0.6339
10405.5000 0.6340
10407.9000 0.6342
10415.7000 0.6344
10419.6000 0.6345
10421.5000 0.6347
10422.0000 0.6349
10426.2000 0.6351
10434.4000 0.6352
10444.2000 0.6354
10444.7000 0.6356
10445.1000 0.6358
10459.0000 0.6359
10462.7000 0.6361
10477.2000 0.6363
10488.3000 0.6365
10493.2000 0.6366
10493.8000 0.6368
10497.8000 0.6370
10499.0000 0.6372
10500.9000 0.6373
10507.3000 0.6375
10507.6000 0.6377
10508.8000 0.6378
10520.6000 0.6380
10529.9000 0.6382
10537.6000 0.6384
10541.4000 0.6385
10541.6000 0.6387
10548.3000 0.6389
10548.6000 0.6391
10549.4000 0.6392
10551.4000 0.6394
10552.7000 0.6396
10555.7000 0.6398
10555.9000 0.6399
10558.3000 0.6401
10568.2000 0.6403
10569.1000 0.6405
10570.7000 0.6406
10579.5000 0.6408
10582.8000 0.6410
10583.1000 0.6411
10591.5000 0.6413
10592.5000 0.6415
10596.4000 0.6417
10598.6000 0.6418
10601.1000 0.6420
10601.3000 0.6422
10605.8000 0.6424
10609.5000 0.6425
10612.3000 0.6427
10613.8000 0.6429
10619.5000 0.6431
10621.9000 0.6432
10623.8000 0.6434
10626.7000 0.6436
10631.1000 0.6438
10631.7000 0.6439
10632.6000 0.6441
10638.0000 0.6443
10645.5000 0.6444
10651.6000 0.6446
10654.6000 0.6448
10654.9000 0.6450
10656.1000 0.6451
10657.6000 0.6453
10658.0000 0.6455
10664.3000 0.6457
10671.9000 0.6458
10676.5000 0.6460
10686.6000 0.6462
10691.1000 0.6464
10696.6000 0.6465
10697.3000 0.6467
10706.3000 0.6469
10715.1000 0.6470
10719.0000 0.6472
10727.1000 0.6474
10733.2000 0.6476
10737.6000 0.6477
10737.9000 0.6479
10746.5000 0.6481
10748.0000 0.6483
10750.0000 0.6484
10753.0000 0.6486
10754.7000 0.6488
10757.3000 0.6490
10763.6000 0.6491
10763.6000 0.6493
10764.4000 0.6495
10767.7000 0.6497
10769.7000 0.6498
10776.2000 0.6500
10781.3000 0.6502
10796.8000 0.6503
10799.9000 0.6505
10802.1000 0.6507
10804.9000 0.6509
10812.3000 0.6510
10817.5000 0.6512
10817.6000 0.6514
10818.6000 0.6516
10823.3000 0.6517
10828.2000 0.6519
10830.9000 0.6521
10835.4000 0.6523
10837.3000 0.6524
10839.9000 0.6526
10845.3000 0.6528
10845.3000 0.6530
10847.7000 0.6531
10848.5000 0.6533
10851.6000 0.6535
10851.8000 0.6536
10852.6000 0.6538
10853.1000 0.6540
10855.2000 0.6542
10855.6000 0.6543
10860.4000 0.6545
10861.1000 0.6547
10862.3000 0.6549
10864.5000 0.6550
10876.7000 0.6552
10882.0000 0.6554
10885.7000 0.6556
10888.4000 0.6557
10888.7000 0.6559
10888.9000 0.6561
10889.0000 0.6563
10898.1000 0.6564
10902.3000 0.6566
10903.1000 0.6568
10908.0000 0.6569
10910.5000 0.6571
10911.8000 0.6573
10912.9000 0.6575
10916.7000 0.6576
10923.4000 0.6578
10927.9000 0.6580
10929.2000 0.6582
10929.5000 0.6583
10936.9000 0.6585
10937.6000 0.6587
10938.8000 0.6589
10939.0000 0.6590
10939.3000 0.6592
10946.3000 0.6594
10946.8000 0.6595
10951.8000 0.6597
10952.7000 0.6599
10974.4000 0.6601
10987.0000 0.6602
10987.4000 0.6604
10991.3000 0.6606
11000.1000 0.6608
11000.2000 0.6609
11009.8000 0.6611
11009.9000 0.6613
11019.6000 0.6615
11025.1000 0.6616
11027.5000 0.6618
11036.9000 0.6620
11039.7000 0.6622
11052.8000 0.6623
11055.0000 0.6625
11055.9000 0.6627
11081.5000 0.6628
11086.8000 0.6630
11092.7000 0.6632
11094.3000 0.6634
11098.6000 0.6635
11101.6000 0.6637
11107.8000 0.6639
11112.7000 0.6641
11114.9000 0.6642
11124.5000 0.6644
11133.6000 0.6646
11134.4000 0.6648
11142.7000 0.6649
11143.0000 0.6651
11144.4000 0.6653
11146.1000 0.6655
11147.0000 0.6656
11153.8000 0.6658
11155.1000 0.6660
11160.1000 0.6661
11163.8000 0.6663
11170.1000 0.6665
11179.8000 0.6667
11183.8000 0.6668
11187.4000 0.6670
11190.6000 0.6672
11192.1000 0.6674
11192.1000 0.6675
11192.6000 0.6677
11215.5000 0.6679
11223.0000 0.6681
11225.0000 0.6682
11225.2000 0.6684
11225.5000 0.6686
11227.3000 0.6688
11236.2000 0.6689
11237.6000 0.6691
11239.5000 0.6693
11240.1000 0.6694
11245.4000 0.6696
11256.8000 0.6698
11259.4000 0.6700
11260.8000 0.6701
11262.2000 0.6703
11271.0000 0.6705
11274.2000 0.6707
11275.2000 0.6708
11285.0000 0.6710
11301.4000 0.6712
11302.4000 0.6714
11310.1000 0.6715
11312.1000 0.6717
11316.1000 0.6719
11321.1000 0.6720
11324.6000 0.6722
11340.0000 0.6724
11347.6000 0.6726
11348.1000 0.6727
11354.1000 0.6729
11354.2000 0.6731
11363.2000 0.6733
11364.3000 0.6734
11364.3000 0.6736
11371.5000 0.6738
11372.8000 0.6740
11384.3000 0.6741
11387.2000 0.6743
11387.9000 0.6745
11389.0000 0.6747
11397.4000 0.6748
11407.9000 0.6750
11411.5000 0.6752
11417.0000 0.6753
11434.8000 0.6755
11447.0000 0.6757
11447.4000 0.6759
11449.6000 0.6760
11460.0000 0.6762
11467.7000 0.6764
11471.1000 0.6766
11472.4000 0.6767
11483.8000 0.6769
11484.4000 0.6771
11491.6000 0.6773
11507.1000 0.6774
11507.4000 0.6776
11509.5000 0.6778
11515.3000 0.6780
11523.0000 0.6781
11535.6000 0.6783
11538.0000 0.6785
11538.7000 0.6786
11542.0000 0.6788
11543.7000 0.6790
11551.2000 0.6792
11552.2000 0.6793
11553.1000 0.6795
11561.6000 0.6797
11575.9000 0.6799
11577.8000 0.6800
11593.0000 0.6802
11617.5000 0.6804
11618.6000 0.6806
11621.2000 0.6807
11646.4000 0.6809
11648.9000 0.6811
11653.4000 0.6813
11662.6000 0.6814
11664.1000 0.6816
11664.4000 0.6818
11665.1000 0.6819
11668.8000 0.6821
11678.6000 0.6823
11687.5000 0.6825
11691.2000 0.6826
11702.5000 0.6828
11705.4000 0.6830
11713.3000 0.6832
11716.8000 0.6833
11718.2000 0.6835
11740.2000 0.6837
11745.3000 0.6839
11750.2000 0.6840
11754.8000 0.6842
11761.3000 0.6844
11773.7000 0.6845
11778.6000 0.6847
11781.1000 0.6849
11798.3000 0.6851
11819.7000 0.6852
11820.0000 0.6854
11828.4000 0.6856
11845.8000 0.6858
11846.6000 0.6859
11847.3000 0.6861
11856.7000 0.6863
11860.2000 0.6865
11862.1000 0.6866
11866.4000 0.6868
11871.7000 0.6870
11871.8000 0.6872
11878.1000 0.6873
11882.1000 0.6875
11885.2000 0.6877
11895.0000 0.6878
11900.6000 0.6880
11906.3000 0.6882
11916.1000 0.6884
11916.9000 0.6885
11925.2000 0.6887
11935.1000 0.6889
11935.4000 0.6891
11937.1000 0.6892
11947.8000 0.6894
11954.6000 0.6896
11955.7000 0.6898
11958.5000 0.6899
11968.3000 0.6901
11969.3000 0.6903
11978.3000 0.6905
11986.6000 0.6906
