# messageDelay  cumulativeProbability
1.0000 0.0002
1.0000 0.0003
1.0000 0.0005
1.0000 0.0007
1.0000 0.0009
1.0000 0.0010
1.0000 0.0012
1.0000 0.0014
1.0000 0.0016
1.0000 0.0017
1.0000 0.0019
1.0000 0.0021
1.0000 0.0023
1.0000 0.0024
1.0000 0.0026
1.0000 0.0028
1.0000 0.0030
1.0000 0.0031
1.0000 0.0033
1.0000 0.0035
1.0000 0.0036
1.0000 0.0038
1.0000 0.0040
1.0000 0.0042
1.0000 0.0043
1.1000 0.0045
1.3000 0.0047
2.0000 0.0049
2.1000 0.0050
2.4000 0.0052
2.6000 0.0054
3.7000 0.0056
15.0000 0.0057
15.9000 0.0059
21.6000 0.0061
28.2000 0.0063
57.8000 0.0064
84.4000 0.0066
97.9000 0.0068
100.6000 0.0069
103.3000 0.0071
113.0000 0.0073
118.7000 0.0075
120.6000 0.0076
127.1000 0.0078
133.2000 0.0080
138.0000 0.0082
140.7000 0.0083
147.0000 0.0085
155.7000 0.0087
156.0000 0.0089
158.4000 0.0090
167.6000 0.0092
173.3000 0.0094
173.6000 0.0095
174.6000 0.0097
180.5000 0.0099
181.2000 0.0101
182.4000 0.0102
190.1000 0.0104
197.4000 0.0106
201.8000 0.0108
202.3000 0.0109
202.4000 0.0111
207.6000 0.0113
210.4000 0.0115
212.8000 0.0116
213.3000 0.0118
216.6000 0.0120
221.9000 0.0122
228.9000 0.0123
233.2000 0.0125
233.4000 0.0127
238.3000 0.0128
242.0000 0.0130
245.1000 0.0132
245.9000 0.0134
253.1000 0.0135
257.9000 0.0137
263.2000 0.0139
266.3000 0.0141
267.6000 0.0142
267.9000 0.0144
268.4000 0.0146
277.2000 0.0148
277.8000 0.0149
281.9000 0.0151
283.4000 0.0153
284.2000 0.0155
284.4000 0.0156
286.2000 0.0158
289.3000 0.0160
293.8000 0.0161
295.0000 0.0163
297.8000 0.0165
299.2000 0.0167
304.1000 0.0168
305.1000 0.0170
313.8000 0.0172
318.2000 0.0174
328.1000 0.0175
333.6000 0.0177
336.8000 0.0179
339.7000 0.0181
345.0000 0.0182
345.6000 0.0184
347.0000 0.0186
347.7000 0.0187
353.8000 0.0189
354.4000 0.0191
356.0000 0.0193
358.1000 0.0194
359.6000 0.0196
359.7000 0.0198
362.7000 0.0200
369.6000 0.0201
370.1000 0.0203
370.8000 0.0205
375.3000 0.0207
381.0000 0.0208
381.8000 0.0210
386.3000 0.0212
386.4000 0.0214
387.4000 0.0215
392.4000 0.0217
394.2000 0.0219
396.6000 0.0220
398.3000 0.0222
405.4000 0.0224
405.5000 0.0226
406.5000 0.0227
408.7000 0.0229
410.9000 0.0231
411.8000 0.0233
413.0000 0.0234
414.3000 0.0236
416.4000 0.0238
418.7000 0.0240
425.1000 0.0241
427.7000 0.0243
429.2000 0.0245
436.1000 0.0247
437.2000 0.0248
437.9000 0.0250
439.5000 0.0252
442.1000 0.0253
442.8000 0.0255
447.1000 0.0257
452.2000 0.0259
452.7000 0.0260
453.0000 0.0262
453.7000 0.0264
455.0000 0.0266
455.0000 0.0267
458.7000 0.0269
472.8000 0.0271
472.9000 0.0273
474.3000 0.0274
479.9000 0.0276
480.3000 0.0278
480.5000 0.0280
483.3000 0.0281
484.6000 0.0283
485.9000 0.0285
486.5000 0.0286
487.7000 0.0288
487.8000 0.0290
488.4000 0.0292
496.5000 0.0293
496.9000 0.0295
500.5000 0.0297
501.9000 0.0299
502.5000 0.0300
507.0000 0.0302
509.8000 0.0304
513.1000 0.0306
513.1000 0.0307
514.3000 0.0309
514.9000 0.0311
518.6000 0.0312
524.6000 0.0314
525.7000 0.0316
527.6000 0.0318
527.9000 0.0319
529.2000 0.0321
529.4000 0.0323
530.7000 0.0325
535.1000 0.0326
538.7000 0.0328
540.4000 0.0330
548.3000 0.0332
553.2000 0.0333
555.0000 0.0335
555.4000 0.0337
559.2000 0.0339
559.6000 0.0340
561.4000 0.0342
562.7000 0.0344
563.3000 0.0345
566.5000 0.0347
568.1000 0.0349
570.0000 0.0351
571.9000 0.0352
572.7000 0.0354
572.9000 0.0356
573.3000 0.0358
574.8000 0.0359
576.2000 0.0361
581.2000 0.0363
582.5000 0.0365
587.2000 0.0366
587.6000 0.0368
591.6000 0.0370
593.0000 0.0372
594.1000 0.0373
594.9000 0.0375
598.6000 0.0377
598.8000 0.0378
599.1000 0.0380
599.2000 0.0382
599.7000 0.0384
605.9000 0.0385
611.9000 0.0387
613.4000 0.0389
615.1000 0.0391
617.9000 0.0392
619.1000 0.0394
619.7000 0.0396
621.6000 0.0398
623.3000 0.0399
625.2000 0.0401
625.9000 0.0403
629.1000 0.0405
630.0000 0.0406
635.4000 0.0408
636.2000 0.0410
636.7000 0.0411
638.0000 0.0413
638.4000 0.0415
638.9000 0.0417
639.4000 0.0418
640.4000 0.0420
642.5000 0.0422
642.5000 0.0424
643.3000 0.0425
644.7000 0.0427
651.1000 0.0429
659.9000 0.0431
662.0000 0.0432
664.1000 0.0434
665.6000 0.0436
666.9000 0.0437
668.4000 0.0439
668.5000 0.0441
670.1000 0.0443
671.8000 0.0444
672.5000 0.0446
674.3000 0.0448
675.3000 0.0450
675.6000 0.0451
678.1000 0.0453
678.9000 0.0455
678.9000 0.0457
679.6000 0.0458
679.7000 0.0460
682.3000 0.0462
682.4000 0.0464
685.4000 0.0465
685.6000 0.0467
685.8000 0.0469
685.9000 0.0470
686.0000 0.0472
690.1000 0.0474
691.7000 0.0476
691.8000 0.0477
693.2000 0.0479
693.5000 0.0481
694.0000 0.0483
696.4000 0.0484
698.7000 0.0486
700.2000 0.0488
701.5000 0.0490
703.5000 0.0491
708.3000 0.0493
709.4000 0.0495
717.1000 0.0497
717.2000 0.0498
717.5000 0.0500
721.0000 0.0502
721.8000 0.0503
723.3000 0.0505
723.5000 0.0507
725.0000 0.0509
725.8000 0.0510
726.4000 0.0512
731.6000 0.0514
734.6000 0.0516
735.4000 0.0517
737.0000 0.0519
740.5000 0.0521
745.0000 0.0523
746.0000 0.0524
746.5000 0.0526
747.3000 0.0528
750.8000 0.0530
750.9000 0.0531
751.2000 0.0533
752.2000 0.0535
753.1000 0.0536
753.7000 0.0538
754.2000 0.0540
756.3000 0.0542
760.1000 0.0543
760.2000 0.0545
760.5000 0.0547
762.0000 0.0549
763.0000 0.0550
764.6000 0.0552
765.8000 0.0554
767.6000 0.0556
768.2000 0.0557
768.5000 0.0559
769.5000 0.0561
769.6000 0.0562
772.2000 0.0564
772.3000 0.0566
772.9000 0.0568
773.3000 0.0569
774.0000 0.0571
774.3000 0.0573
774.3000 0.0575
775.5000 0.0576
776.1000 0.0578
776.3000 0.0580
776.5000 0.0582
778.6000 0.0583
778.9000 0.0585
779.0000 0.0587
782.0000 0.0589
783.5000 0.0590
784.5000 0.0592
784.8000 0.0594
785.0000 0.0595
785.9000 0.0597
788.4000 0.0599
789.7000 0.0601
792.6000 0.0602
793.7000 0.0604
794.5000 0.0606
795.5000 0.0608
795.9000 0.0609
797.8000 0.0611
802.0000 0.0613
802.3000 0.0615
802.3000 0.0616
804.4000 0.0618
806.9000 0.0620
807.5000 0.0622
808.6000 0.0623
808.6000 0.0625
810.1000 0.0627
812.8000 0.0628
814.1000 0.0630
817.6000 0.0632
818.2000 0.0634
820.2000 0.0635
820.7000 0.0637
820.9000 0.0639
820.9000 0.0641
821.5000 0.0642
821.6000 0.0644
821.9000 0.0646
822.4000 0.0648
822.4000 0.0649
827.0000 0.0651
828.2000 0.0653
829.0000 0.0655
830.4000 0.0656
830.5000 0.0658
832.2000 0.0660
833.6000 0.0661
834.3000 0.0663
835.4000 0.0665
836.7000 0.0667
837.9000 0.0668
840.0000 0.0670
840.7000 0.0672
842.3000 0.0674
842.5000 0.0675
843.5000 0.0677
843.9000 0.0679
847.7000 0.0681
849.3000 0.0682
850.6000 0.0684
851.2000 0.0686
852.1000 0.0687
853.0000 0.0689
853.4000 0.0691
853.4000 0.0693
855.6000 0.0694
856.6000 0.0696
856.7000 0.0698
856.8000 0.0700
860.0000 0.0701
860.5000 0.0703
861.7000 0.0705
867.2000 0.0707
869.7000 0.0708
871.5000 0.0710
871.8000 0.0712
873.4000 0.0714
874.0000 0.0715
874.2000 0.0717
874.4000 0.0719
874.9000 0.0720
875.0000 0.0722
875.2000 0.0724
876.5000 0.0726
876.7000 0.0727
877.9000 0.0729
880.8000 0.0731
883.3000 0.0733
885.2000 0.0734
890.6000 0.0736
892.9000 0.0738
894.0000 0.0740
895.9000 0.0741
896.4000 0.0743
896.8000 0.0745
898.7000 0.0747
899.8000 0.0748
900.6000 0.0750
902.0000 0.0752
902.1000 0.0753
902.4000 0.0755
903.8000 0.0757
904.4000 0.0759
905.5000 0.0760
907.2000 0.0762
909.2000 0.0764
910.7000 0.0766
912.9000 0.0767
913.8000 0.0769
916.1000 0.0771
918.2000 0.0773
919.2000 0.0774
925.5000 0.0776
925.5000 0.0778
926.4000 0.0780
930.2000 0.0781
932.4000 0.0783
933.9000 0.0785
937.4000 0.0786
937.5000 0.0788
938.9000 0.0790
940.7000 0.0792
943.5000 0.0793
945.0000 0.0795
947.5000 0.0797
948.4000 0.0799
951.4000 0.0800
956.1000 0.0802
957.1000 0.0804
957.4000 0.0806
958.0000 0.0807
959.1000 0.0809
960.0000 0.0811
961.7000 0.0812
962.5000 0.0814
962.6000 0.0816
962.9000 0.0818
963.0000 0.0819
963.1000 0.0821
967.6000 0.0823
970.4000 0.0825
970.5000 0.0826
972.2000 0.0828
972.4000 0.0830
973.1000 0.0832
978.7000 0.0833
979.4000 0.0835
980.9000 0.0837
981.2000 0.0839
981.2000 0.0840
983.5000 0.0842
986.1000 0.0844
991.5000 0.0845
991.5000 0.0847
994.1000 0.0849
994.3000 0.0851
994.9000 0.0852
1000.4000 0.0854
1000.9000 0.0856
1001.5000 0.0858
1002.0000 0.0859
1002.3000 0.0861
1003.0000 0.0863
1003.2000 0.0865
1005.0000 0.0866
1006.1000 0.0868
1007.6000 0.0870
1007.7000 0.0872
1008.5000 0.0873
1009.2000 0.0875
1011.9000 0.0877
1013.1000 0.0878
1013.6000 0.0880
1014.6000 0.0882
1015.5000 0.0884
1015.9000 0.0885
1017.9000 0.0887
1020.5000 0.0889
1021.3000 0.0891
1023.0000 0.0892
1023.7000 0.0894
1026.4000 0.0896
1027.0000 0.0898
1027.7000 0.0899
1029.2000 0.0901
1029.5000 0.0903
1030.5000 0.0905
1037.2000 0.0906
1037.6000 0.0908
1037.8000 0.0910
1038.1000 0.0911
1039.3000 0.0913
1039.4000 0.0915
1039.7000 0.0917
1041.5000 0.0918
1043.5000 0.0920
1046.9000 0.0922
1047.9000 0.0924
1049.0000 0.0925
1049.4000 0.0927
1052.3000 0.0929
1052.4000 0.0931
1054.6000 0.0932
1055.6000 0.0934
1057.5000 0.0936
1060.6000 0.0937
1060.9000 0.0939
1062.6000 0.0941
1069.6000 0.0943
1070.6000 0.0944
1072.2000 0.0946
1073.9000 0.0948
1074.4000 0.0950
1076.0000 0.0951
1076.0000 0.0953
1079.8000 0.0955
1082.3000 0.0957
1084.9000 0.0958
1086.1000 0.0960
1086.2000 0.0962
1086.6000 0.0964
1086.7000 0.0965
1088.3000 0.0967
1089.1000 0.0969
1089.5000 0.0970
1094.5000 0.0972
1095.8000 0.0974
1097.5000 0.0976
1099.5000 0.0977
1102.5000 0.0979
1104.2000 0.0981
1105.1000 0.0983
1108.1000 0.0984
1108.6000 0.0986
1108.9000 0.0988
1111.3000 0.0990
1114.1000 0.0991
1115.0000 0.0993
1119.2000 0.0995
1119.6000 0.0997
1120.5000 0.0998
1122.8000 0.1000
1123.8000 0.1002
1124.1000 0.1003
1125.2000 0.1005
1125.4000 0.1007
1126.0000 0.1009
1133.7000 0.1010
1134.8000 0.1012
1135.3000 0.1014
1136.2000 0.1016
1137.9000 0.1017
1138.8000 0.1019
1140.8000 0.1021
1143.6000 0.1023
1144.9000 0.1024
1146.4000 0.1026
1148.2000 0.1028
1151.0000 0.1030
1151.0000 0.1031
1151.6000 0.1033
1152.1000 0.1035
1152.5000 0.1036
1152.9000 0.1038
1153.4000 0.1040
1153.6000 0.1042
1154.7000 0.1043
1155.1000 0.1045
1156.9000 0.1047
1158.2000 0.1049
1172.8000 0.1050
1172.9000 0.1052
1177.3000 0.1054
1178.1000 0.1056
1178.3000 0.1057
1179.1000 0.1059
1181.3000 0.1061
1184.5000 0.1062
1186.6000 0.1064
1189.3000 0.1066
1190.7000 0.1068
1191.7000 0.1069
1194.5000 0.1071
1194.7000 0.1073
1195.8000 0.1075
1197.4000 0.1076
1197.8000 0.1078
1198.3000 0.1080
1199.5000 0.1082
1200.8000 0.1083
1200.8000 0.1085
1201.1000 0.1087
1202.0000 0.1089
1204.1000 0.1090
1206.0000 0.1092
1206.5000 0.1094
1206.9000 0.1095
1207.9000 0.1097
1207.9000 0.1099
1208.9000 0.1101
1209.9000 0.1102
1210.4000 0.1104
1211.4000 0.1106
1213.1000 0.1108
1213.4000 0.1109
1214.1000 0.1111
1216.7000 0.1113
1221.4000 0.1115
1222.3000 0.1116
1222.3000 0.1118
1224.6000 0.1120
1224.9000 0.1122
1226.2000 0.1123
1227.3000 0.1125
1231.4000 0.1127
1231.7000 0.1128
1232.4000 0.1130
1233.0000 0.1132
1233.5000 0.1134
1234.9000 0.1135
1238.5000 0.1137
1240.3000 0.1139
1241.1000 0.1141
1242.1000 0.1142
1242.6000 0.1144
1242.9000 0.1146
1248.1000 0.1148
1253.7000 0.1149
1259.5000 0.1151
1260.2000 0.1153
1260.4000 0.1155
1260.6000 0.1156
1262.4000 0.1158
1262.6000 0.1160
1263.8000 0.1161
1264.0000 0.1163
1264.2000 0.1165
1266.6000 0.1167
1267.6000 0.1168
1268.2000 0.1170
1269.0000 0.1172
1270.6000 0.1174
1270.7000 0.1175
1274.6000 0.1177
1274.8000 0.1179
1276.1000 0.1181
1276.8000 0.1182
1277.5000 0.1184
1278.0000 0.1186
1278.9000 0.1187
1280.1000 0.1189
1280.9000 0.1191
1281.0000 0.1193
1281.0000 0.1194
1282.5000 0.1196
1282.6000 0.1198
1285.4000 0.1200
1286.1000 0.1201
1288.3000 0.1203
1288.5000 0.1205
1289.3000 0.1207
1290.4000 0.1208
1290.9000 0.1210
1292.1000 0.1212
1292.3000 0.1214
1292.4000 0.1215
1295.1000 0.1217
1295.5000 0.1219
1295.8000 0.1220
1296.1000 0.1222
1299.4000 0.1224
1300.0000 0.1226
1300.1000 0.1227
1302.1000 0.1229
1302.3000 0.1231
1302.4000 0.1233
1303.3000 0.1234
1304.9000 0.1236
1305.6000 0.1238
1306.8000 0.1240
1307.1000 0.1241
1308.6000 0.1243
1310.3000 0.1245
1312.9000 0.1247
1313.1000 0.1248
1317.1000 0.1250
1317.6000 0.1252
1317.8000 0.1253
1318.0000 0.1255
1318.5000 0.1257
1320.0000 0.1259
1320.3000 0.1260
1322.2000 0.1262
1325.7000 0.1264
1328.3000 0.1266
1329.3000 0.1267
1331.0000 0.1269
1332.4000 0.1271
1336.9000 0.1273
1337.9000 0.1274
1338.5000 0.1276
1339.0000 0.1278
1342.0000 0.1280
1342.6000 0.1281
1344.8000 0.1283
1345.1000 0.1285
1347.0000 0.1286
1348.6000 0.1288
1348.9000 0.1290
1349.1000 0.1292
1352.2000 0.1293
1352.4000 0.1295
1353.1000 0.1297
1355.3000 0.1299
1357.1000 0.1300
1360.8000 0.1302
1361.6000 0.1304
1362.6000 0.1306
1363.8000 0.1307
1364.5000 0.1309
1367.8000 0.1311
1369.0000 0.1312
1369.4000 0.1314
1369.4000 0.1316
1371.2000 0.1318
1371.4000 0.1319
1372.5000 0.1321
1387.4000 0.1323
1387.5000 0.1325
1393.4000 0.1326
1394.9000 0.1328
1395.8000 0.1330
1401.5000 0.1332
1401.7000 0.1333
1405.4000 0.1335
1406.5000 0.1337
1407.0000 0.1339
1407.5000 0.1340
1407.5000 0.1342
1410.2000 0.1344
1413.8000 0.1345
1413.9000 0.1347
1419.5000 0.1349
1419.8000 0.1351
1423.0000 0.1352
1423.7000 0.1354
1424.1000 0.1356
1425.2000 0.1358
1427.4000 0.1359
1430.8000 0.1361
1431.3000 0.1363
1434.0000 0.1365
1435.2000 0.1366
1435.8000 0.1368
1438.2000 0.1370
1438.8000 0.1372
1440.8000 0.1373
1441.5000 0.1375
1442.0000 0.1377
1442.1000 0.1378
1443.7000 0.1380
1443.9000 0.1382
1444.0000 0.1384
1444.9000 0.1385
1445.7000 0.1387
1445.8000 0.1389
1446.1000 0.1391
1446.2000 0.1392
1448.7000 0.1394
1450.6000 0.1396
1451.0000 0.1398
1451.7000 0.1399
1452.2000 0.1401
1458.6000 0.1403
1462.3000 0.1405
1464.9000 0.1406
1466.1000 0.1408
1466.2000 0.1410
1467.3000 0.1411
1470.3000 0.1413
1472.9000 0.1415
1473.6000 0.1417
1473.9000 0.1418
1474.1000 0.1420
1476.0000 0.1422
1476.8000 0.1424
1479.0000 0.1425
1480.9000 0.1427
1481.8000 0.1429
1482.7000 0.1431
1482.8000 0.1432
1483.0000 0.1434
1483.1000 0.1436
1484.6000 0.1437
1484.8000 0.1439
1487.3000 0.1441
1487.6000 0.1443
1488.9000 0.1444
1489.1000 0.1446
1493.0000 0.1448
1493.9000 0.1450
1494.6000 0.1451
1496.0000 0.1453
1497.2000 0.1455
1498.7000 0.1457
1500.6000 0.1458
1501.8000 0.1460
1501.8000 0.1462
1503.2000 0.1464
1506.1000 0.1465
1506.9000 0.1467
1507.5000 0.1469
1514.8000 0.1470
1516.7000 0.1472
1517.6000 0.1474
1520.4000 0.1476
1525.1000 0.1477
1526.4000 0.1479
1527.3000 0.1481
1528.9000 0.1483
1529.8000 0.1484
1531.0000 0.1486
1532.1000 0.1488
1532.3000 0.1490
1532.9000 0.1491
1532.9000 0.1493
1533.7000 0.1495
1535.4000 0.1497
1537.1000 0.1498
1537.4000 0.1500
1540.2000 0.1502
1540.5000 0.1503
1542.3000 0.1505
1542.5000 0.1507
1547.1000 0.1509
1548.7000 0.1510
1548.9000 0.1512
1549.1000 0.1514
1549.9000 0.1516
1552.4000 0.1517
1552.6000 0.1519
1553.8000 0.1521
1555.1000 0.1523
1558.8000 0.1524
1560.8000 0.1526
1560.9000 0.1528
1561.3000 0.1530
1563.7000 0.1531
1565.4000 0.1533
1567.3000 0.1535
1567.6000 0.1536
1568.3000 0.1538
1571.3000 0.1540
1571.8000 0.1542
1576.8000 0.1543
1576.8000 0.1545
1577.2000 0.1547
1581.2000 0.1549
1582.2000 0.1550
1583.3000 0.1552
1583.8000 0.1554
1584.1000 0.1556
1584.6000 0.1557
1586.0000 0.1559
1586.1000 0.1561
1587.7000 0.1562
1587.7000 0.1564
1588.6000 0.1566
1588.6000 0.1568
1590.2000 0.1569
1590.6000 0.1571
1592.0000 0.1573
1593.4000 0.1575
1594.1000 0.1576
1598.2000 0.1578
1603.4000 0.1580
1605.2000 0.1582
1605.5000 0.1583
1606.0000 0.1585
1607.4000 0.1587
1607.5000 0.1589
1608.6000 0.1590
1608.9000 0.1592
1612.6000 0.1594
1613.3000 0.1595
1614.3000 0.1597
1615.3000 0.1599
1617.9000 0.1601
1618.8000 0.1602
1619.3000 0.1604
1620.4000 0.1606
1624.7000 0.1608
1628.0000 0.1609
1628.5000 0.1611
1629.1000 0.1613
1629.1000 0.1615
1629.7000 0.1616
1632.3000 0.1618
1634.8000 0.1620
1635.5000 0.1622
1635.9000 0.1623
1637.0000 0.1625
1637.5000 0.1627
1637.6000 0.1628
1637.6000 0.1630
1638.2000 0.1632
1640.2000 0.1634
1641.4000 0.1635
1641.5000 0.1637
1644.9000 0.1639
1646.1000 0.1641
1648.0000 0.1642
1648.6000 0.1644
1649.7000 0.1646
1650.8000 0.1648
1652.2000 0.1649
1655.7000 0.1651
1657.6000 0.1653
1657.8000 0.1655
1661.3000 0.1656
1661.9000 0.1658
1663.5000 0.1660
1673.0000 0.1661
1675.1000 0.1663
1677.1000 0.1665
1677.3000 0.1667
1680.3000 0.1668
1680.8000 0.1670
1683.2000 0.1672
1685.8000 0.1674
1687.8000 0.1675
1687.8000 0.1677
1687.9000 0.1679
1696.3000 0.1681
1699.5000 0.1682
1700.2000 0.1684
1703.9000 0.1686
1705.0000 0.1687
1705.0000 0.1689
1705.4000 0.1691
1706.5000 0.1693
1707.7000 0.1694
1708.8000 0.1696
1710.2000 0.1698
1712.0000 0.1700
1712.4000 0.1701
1714.2000 0.1703
1718.5000 0.1705
1718.7000 0.1707
1721.9000 0.1708
1723.3000 0.1710
1723.4000 0.1712
1723.5000 0.1714
1724.7000 0.1715
1724.7000 0.1717
1725.3000 0.1719
1730.0000 0.1720
1731.4000 0.1722
1731.6000 0.1724
1738.4000 0.1726
1740.4000 0.1727
1744.3000 0.1729
1745.0000 0.1731
1745.1000 0.1733
1746.5000 0.1734
1747.9000 0.1736
1752.4000 0.1738
1758.6000 0.1740
1758.9000 0.1741
1759.5000 0.1743
1759.7000 0.1745
1760.3000 0.1747
1760.3000 0.1748
1763.5000 0.1750
1766.7000 0.1752
1767.4000 0.1753
1767.6000 0.1755
1767.8000 0.1757
1769.0000 0.1759
1771.1000 0.1760
1779.1000 0.1762
1779.4000 0.1764
1781.5000 0.1766
1783.0000 0.1767
1784.0000 0.1769
1784.4000 0.1771
1784.7000 0.1773
1789.8000 0.1774
1794.2000 0.1776
1795.3000 0.1778
1795.9000 0.1780
1796.3000 0.1781
1796.6000 0.1783
1798.0000 0.1785
1798.9000 0.1786
1798.9000 0.1788
1799.4000 0.1790
1800.3000 0.1792
1802.2000 0.1793
1805.2000 0.1795
1805.3000 0.1797
1805.7000 0.1799
1808.7000 0.1800
1808.9000 0.1802
1810.7000 0.1804
1811.1000 0.1806
1813.3000 0.1807
1813.9000 0.1809
1815.7000 0.1811
1818.1000 0.1812
1818.9000 0.1814
1819.1000 0.1816
1822.4000 0.1818
1823.0000 0.1819
1823.1000 0.1821
1824.3000 0.1823
1827.8000 0.1825
1828.7000 0.1826
1828.9000 0.1828
1829.1000 0.1830
1831.8000 0.1832
1831.9000 0.1833
1832.8000 0.1835
1833.0000 0.1837
1833.0000 0.1839
1834.0000 0.1840
1837.8000 0.1842
1839.8000 0.1844
1840.2000 0.1845
1840.2000 0.1847
1841.5000 0.1849
1842.4000 0.1851
1842.7000 0.1852
1842.8000 0.1854
1842.8000 0.1856
1842.9000 0.1858
1843.1000 0.1859
1847.4000 0.1861
1848.8000 0.1863
1852.3000 0.1865
1853.6000 0.1866
1854.4000 0.1868
1854.8000 0.1870
1859.8000 0.1872
1862.8000 0.1873
1863.5000 0.1875
1863.5000 0.1877
1865.6000 0.1878
1867.5000 0.1880
1868.9000 0.1882
1870.5000 0.1884
1870.5000 0.1885
1872.9000 0.1887
1873.4000 0.1889
1875.0000 0.1891
1876.6000 0.1892
1876.8000 0.1894
1878.4000 0.1896
1880.6000 0.1898
1881.5000 0.1899
1882.9000 0.1901
1883.1000 0.1903
1885.6000 0.1905
1886.5000 0.1906
1887.1000 0.1908
1892.5000 0.1910
1893.3000 0.1911
1894.2000 0.1913
1894.4000 0.1915
1895.3000 0.1917
1896.8000 0.1918
1898.0000 0.1920
1898.4000 0.1922
1898.8000 0.1924
1898.8000 0.1925
1898.9000 0.1927
1900.4000 0.1929
1900.5000 0.1931
1904.7000 0.1932
1911.2000 0.1934
1914.3000 0.1936
1916.3000 0.1937
1916.9000 0.1939
1919.4000 0.1941
1920.7000 0.1943
1923.9000 0.1944
1925.7000 0.1946
1927.8000 0.1948
1927.9000 0.1950
1929.3000 0.1951
1929.3000 0.1953
1935.8000 0.1955
1939.3000 0.1957
1939.4000 0.1958
1940.3000 0.1960
1940.9000 0.1962
1943.5000 0.1964
1948.0000 0.1965
1952.4000 0.1967
1952.9000 0.1969
1957.1000 0.1970
1957.3000 0.1972
1957.6000 0.1974
1960.6000 0.1976
1961.7000 0.1977
1963.0000 0.1979
1965.2000 0.1981
1965.5000 0.1983
1965.9000 0.1984
1967.8000 0.1986
1970.5000 0.1988
1972.3000 0.1990
1976.6000 0.1991
1976.8000 0.1993
1977.2000 0.1995
1977.4000 0.1997
1979.8000 0.1998
1981.4000 0.2000
1981.9000 0.2002
1988.0000 0.2003
1989.0000 0.2005
1990.1000 0.2007
1993.6000 0.2009
1995.5000 0.2010
1995.9000 0.2012
1996.6000 0.2014
1996.9000 0.2016
1997.9000 0.2017
1999.4000 0.2019
1999.5000 0.2021
2000.9000 0.2023
2005.1000 0.2024
2006.0000 0.2026
2008.1000 0.2028
2016.3000 0.2030
2022.7000 0.2031
2023.4000 0.2033
2024.4000 0.2035
2025.5000 0.2036
2026.7000 0.2038
2027.2000 0.2040
2029.8000 0.2042
2030.6000 0.2043
2035.5000 0.2045
2048.3000 0.2047
2048.8000 0.2049
2049.3000 0.2050
2049.3000 0.2052
2050.4000 0.2054
2050.7000 0.2056
2058.1000 0.2057
2059.9000 0.2059
2061.4000 0.2061
2062.3000 0.2062
2064.9000 0.2064
2066.2000 0.2066
2068.8000 0.2068
2069.6000 0.2069
2070.5000 0.2071
2070.9000 0.2073
2073.8000 0.2075
2076.0000 0.2076
2076.1000 0.2078
2076.5000 0.2080
2079.9000 0.2082
2082.1000 0.2083
2083.4000 0.2085
2086.6000 0.2087
2086.8000 0.2089
2086.9000 0.2090
2088.3000 0.2092
2092.5000 0.2094
2092.7000 0.2095
2096.4000 0.2097
2097.9000 0.2099
2099.0000 0.2101
2104.8000 0.2102
2105.0000 0.2104
2106.6000 0.2106
2106.8000 0.2108
2107.2000 0.2109
2114.2000 0.2111
2116.5000 0.2113
2117.3000 0.2115
2120.2000 0.2116
2120.4000 0.2118
2122.1000 0.2120
2127.8000 0.2122
2129.9000 0.2123
2130.4000 0.2125
2132.7000 0.2127
2134.0000 0.2128
2134.9000 0.2130
2137.2000 0.2132
2137.5000 0.2134
2137.7000 0.2135
2138.3000 0.2137
2140.6000 0.2139
2141.3000 0.2141
2143.4000 0.2142
2145.7000 0.2144
2147.1000 0.2146
2148.2000 0.2148
2152.2000 0.2149
2153.9000 0.2151
2155.7000 0.2153
2156.1000 0.2155
2159.3000 0.2156
2160.5000 0.2158
2161.6000 0.2160
2162.5000 0.2161
2168.6000 0.2163
2171.4000 0.2165
2172.0000 0.2167
2174.0000 0.2168
2174.3000 0.2170
2175.9000 0.2172
2178.0000 0.2174
2179.5000 0.2175
2187.2000 0.2177
2187.3000 0.2179
2188.2000 0.2181
2189.4000 0.2182
2190.4000 0.2184
2192.5000 0.2186
2193.5000 0.2187
2195.1000 0.2189
2197.0000 0.2191
2201.6000 0.2193
2203.4000 0.2194
2204.6000 0.2196
2207.5000 0.2198
2209.7000 0.2200
2210.0000 0.2201
2210.6000 0.2203
2213.8000 0.2205
2214.4000 0.2207
2217.1000 0.2208
2220.8000 0.2210
2222.8000 0.2212
2224.3000 0.2214
2224.5000 0.2215
2227.1000 0.2217
2227.1000 0.2219
2227.3000 0.2220
2228.0000 0.2222
2228.8000 0.2224
2233.7000 0.2226
2235.1000 0.2227
2235.6000 0.2229
2237.0000 0.2231
2241.4000 0.2233
2244.1000 0.2234
2244.2000 0.2236
2244.9000 0.2238
2245.6000 0.2240
2245.8000 0.2241
2249.1000 0.2243
2251.4000 0.2245
2252.4000 0.2247
2253.9000 0.2248
2255.9000 0.2250
2261.2000 0.2252
2263.1000 0.2253
2265.1000 0.2255
2271.6000 0.2257
2272.0000 0.2259
2272.9000 0.2260
2277.0000 0.2262
2281.3000 0.2264
2282.0000 0.2266
2282.4000 0.2267
2287.6000 0.2269
2295.3000 0.2271
2297.5000 0.2273
2297.9000 0.2274
2299.7000 0.2276
2301.6000 0.2278
2305.8000 0.2280
2307.9000 0.2281
2308.4000 0.2283
2309.2000 0.2285
2310.2000 0.2286
2311.1000 0.2288
2312.8000 0.2290
2315.8000 0.2292
2319.1000 0.2293
2319.1000 0.2295
2320.0000 0.2297
2322.9000 0.2299
2323.0000 0.2300
2329.4000 0.2302
2330.4000 0.2304
2332.8000 0.2306
2332.9000 0.2307
2333.8000 0.2309
2338.1000 0.2311
2340.0000 0.2312
2344.5000 0.2314
2346.3000 0.2316
2350.8000 0.2318
2353.8000 0.2319
2356.8000 0.2321
2357.5000 0.2323
2360.8000 0.2325
2362.9000 0.2326
2366.0000 0.2328
2371.2000 0.2330
2373.5000 0.2332
2374.6000 0.2333
2377.9000 0.2335
2379.2000 0.2337
2381.3000 0.2339
2384.7000 0.2340
2385.8000 0.2342
2387.0000 0.2344
2387.6000 0.2345
2391.8000 0.2347
2397.6000 0.2349
2399.7000 0.2351
2401.1000 0.2352
2413.5000 0.2354
2413.9000 0.2356
2418.9000 0.2358
2419.7000 0.2359
2419.8000 0.2361
2423.7000 0.2363
2423.8000 0.2365
2427.5000 0.2366
2431.3000 0.2368
2434.2000 0.2370
2434.4000 0.2372
2435.9000 0.2373
2440.4000 0.2375
2446.4000 0.2377
2448.7000 0.2378
2449.0000 0.2380
2449.2000 0.2382
2449.3000 0.2384
2451.7000 0.2385
2454.3000 0.2387
2457.9000 0.2389
2460.4000 0.2391
2463.2000 0.2392
2463.9000 0.2394
2464.0000 0.2396
2465.3000 0.2398
2466.9000 0.2399
2468.4000 0.2401
2468.5000 0.2403
2475.7000 0.2405
2478.1000 0.2406
2482.4000 0.2408
2482.9000 0.2410
2483.2000 0.2411
2487.0000 0.2413
2492.7000 0.2415
2493.7000 0.2417
2495.7000 0.2418
2496.3000 0.2420
2497.8000 0.2422
2498.4000 0.2424
2500.0000 0.2425
2500.1000 0.2427
2500.5000 0.2429
2501.3000 0.2431
2501.7000 0.2432
2505.1000 0.2434
2507.8000 0.2436
2511.6000 0.2437
2514.7000 0.2439
2515.5000 0.2441
2517.1000 0.2443
2518.0000 0.2444
2519.0000 0.2446
2529.9000 0.2448
2533.7000 0.2450
2535.3000 0.2451
2536.1000 0.2453
2540.3000 0.2455
2542.7000 0.2457
2543.4000 0.2458
2550.0000 0.2460
2554.4000 0.2462
2556.0000 0.2464
2557.4000 0.2465
2558.2000 0.2467
2560.2000 0.2469
2564.0000 0.2470
2569.6000 0.2472
2571.3000 0.2474
2571.5000 0.2476
2578.6000 0.2477
2581.5000 0.2479
2582.5000 0.2481
2583.6000 0.2483
2588.7000 0.2484
2588.8000 0.2486
2590.6000 0.2488
2591.8000 0.2490
2596.4000 0.2491
2601.2000 0.2493
2602.1000 0.2495
2602.8000 0.2497
2606.0000 0.2498
2610.3000 0.2500
2612.3000 0.2502
2613.5000 0.2503
2615.4000 0.2505
2615.5000 0.2507
2616.1000 0.2509
2617.0000 0.2510
2617.4000 0.2512
2618.0000 0.2514
2620.3000 0.2516
2625.6000 0.2517
2637.0000 0.2519
2641.3000 0.2521
2642.6000 0.2523
2643.9000 0.2524
2648.9000 0.2526
2651.6000 0.2528
2652.9000 0.2530
2653.2000 0.2531
2655.9000 0.2533
2657.8000 0.2535
2660.2000 0.2536
2664.5000 0.2538
2665.2000 0.2540
2668.5000 0.2542
2670.0000 0.2543
2670.2000 0.2545
2675.1000 0.2547
2676.2000 0.2549
2677.5000 0.2550
2677.9000 0.2552
2678.4000 0.2554
2683.2000 0.2556
2686.8000 0.2557
2694.9000 0.2559
2695.2000 0.2561
2697.0000 0.2563
2703.3000 0.2564
2705.4000 0.2566
2706.6000 0.2568
2706.9000 0.2569
2707.9000 0.2571
2707.9000 0.2573
2710.8000 0.2575
2715.3000 0.2576
2716.6000 0.2578
2717.4000 0.2580
2718.5000 0.2582
2719.4000 0.2583
2719.5000 0.2585
2721.6000 0.2587
2721.8000 0.2589
2722.8000 0.2590
2729.7000 0.2592
2730.3000 0.2594
2731.5000 0.2595
2743.2000 0.2597
2744.3000 0.2599
2744.7000 0.2601
2746.5000 0.2602
2746.6000 0.2604
2752.6000 0.2606
2753.3000 0.2608
2757.1000 0.2609
2757.2000 0.2611
2769.3000 0.2613
2772.6000 0.2615
2773.7000 0.2616
2775.1000 0.2618
2793.9000 0.2620
2797.2000 0.2622
2803.6000 0.2623
2805.3000 0.2625
2817.2000 0.2627
2818.0000 0.2628
2824.4000 0.2630
2827.1000 0.2632
2829.7000 0.2634
2834.0000 0.2635
2834.3000 0.2637
2835.3000 0.2639
2839.0000 0.2641
2840.8000 0.2642
2844.8000 0.2644
2848.3000 0.2646
2852.0000 0.2648
2852.5000 0.2649
2860.6000 0.2651
2862.1000 0.2653
2865.3000 0.2655
2867.5000 0.2656
2867.5000 0.2658
2867.6000 0.2660
2868.5000 0.2661
2870.9000 0.2663
2872.5000 0.2665
2874.6000 0.2667
2875.7000 0.2668
2877.4000 0.2670
2879.3000 0.2672
2883.3000 0.2674
2883.8000 0.2675
2892.0000 0.2677
2919.2000 0.2679
2920.9000 0.2681
2923.3000 0.2682
2932.1000 0.2684
2932.6000 0.2686
2932.9000 0.2688
2938.1000 0.2689
2938.3000 0.2691
2942.9000 0.2693
2944.6000 0.2694
2949.8000 0.2696
2951.2000 0.2698
2956.7000 0.2700
2958.7000 0.2701
2965.7000 0.2703
2965.7000 0.2705
2966.8000 0.2707
2967.5000 0.2708
2968.9000 0.2710
2973.0000 0.2712
2976.0000 0.2714
2978.9000 0.2715
2984.6000 0.2717
2985.6000 0.2719
2997.3000 0.2720
2997.9000 0.2722
3004.9000 0.2724
3008.1000 0.2726
3010.6000 0.2727
3010.8000 0.2729
3011.9000 0.2731
3012.2000 0.2733
3017.3000 0.2734
3022.6000 0.2736
3025.9000 0.2738
3030.6000 0.2740
3036.7000 0.2741
3039.4000 0.2743
3040.6000 0.2745
3040.9000 0.2747
3042.2000 0.2748
3042.6000 0.2750
3044.3000 0.2752
3048.6000 0.2753
3049.5000 0.2755
3050.6000 0.2757
3053.2000 0.2759
3059.5000 0.2760
3063.1000 0.2762
3064.0000 0.2764
3072.2000 0.2766
3076.2000 0.2767
3077.5000 0.2769
3079.1000 0.2771
3079.7000 0.2773
3085.7000 0.2774
3091.1000 0.2776
3094.1000 0.2778
3094.3000 0.2780
3094.9000 0.2781
3114.0000 0.2783
3119.1000 0.2785
3122.0000 0.2786
3123.0000 0.2788
3127.9000 0.2790
3131.5000 0.2792
3138.8000 0.2793
3141.3000 0.2795
3141.5000 0.2797
3142.8000 0.2799
3144.3000 0.2800
3144.8000 0.2802
3147.5000 0.2804
3149.5000 0.2806
3149.9000 0.2807
3150.0000 0.2809
3150.5000 0.2811
3150.6000 0.2813
3153.8000 0.2814
3157.0000 0.2816
3159.1000 0.2818
3167.4000 0.2819
3185.8000 0.2821
3187.1000 0.2823
3190.0000 0.2825
3194.2000 0.2826
3195.2000 0.2828
3196.9000 0.2830
3197.6000 0.2832
3200.1000 0.2833
3200.8000 0.2835
3200.8000 0.2837
3202.6000 0.2839
3202.6000 0.2840
3205.1000 0.2842
3208.0000 0.2844
3209.3000 0.2845
3213.1000 0.2847
3218.3000 0.2849
3224.4000 0.2851
3225.4000 0.2852
3225.8000 0.2854
3227.1000 0.2856
3232.7000 0.2858
3233.1000 0.2859
3233.4000 0.2861
3235.1000 0.2863
3248.5000 0.2865
3253.2000 0.2866
3257.0000 0.2868
3262.0000 0.2870
3264.6000 0.2872
3274.3000 0.2873
3274.4000 0.2875
3274.8000 0.2877
3276.7000 0.2878
3278.2000 0.2880
3289.0000 0.2882
3293.2000 0.2884
3294.6000 0.2885
3298.3000 0.2887
3313.2000 0.2889
3318.4000 0.2891
3318.8000 0.2892
3322.4000 0.2894
3323.4000 0.2896
3331.8000 0.2898
3331.9000 0.2899
3343.8000 0.2901
3360.6000 0.2903
3361.7000 0.2905
3372.2000 0.2906
3379.1000 0.2908
3382.1000 0.2910
3391.8000 0.2911
3392.9000 0.2913
3400.5000 0.2915
3402.8000 0.2917
3403.7000 0.2918
3404.7000 0.2920
3408.7000 0.2922
3408.8000 0.2924
3409.7000 0.2925
3411.1000 0.2927
3414.1000 0.2929
3414.1000 0.2931
3419.4000 0.2932
3419.4000 0.2934
3425.0000 0.2936
3426.0000 0.2938
3432.7000 0.2939
3433.8000 0.2941
3439.1000 0.2943
3439.2000 0.2944
3446.7000 0.2946
3446.9000 0.2948
3453.0000 0.2950
3455.7000 0.2951
3458.8000 0.2953
3459.7000 0.2955
3462.6000 0.2957
3466.8000 0.2958
3467.3000 0.2960
3467.9000 0.2962
3469.6000 0.2964
3479.1000 0.2965
3486.9000 0.2967
3490.4000 0.2969
3490.5000 0.2970
3497.1000 0.2972
3497.7000 0.2974
3498.0000 0.2976
3498.4000 0.2977
3503.1000 0.2979
3504.2000 0.2981
3504.3000 0.2983
3506.5000 0.2984
3506.7000 0.2986
3510.4000 0.2988
3513.6000 0.2990
3513.6000 0.2991
3517.4000 0.2993
3521.2000 0.2995
3524.3000 0.2997
3527.5000 0.2998
3527.5000 0.3000
3534.9000 0.3002
3539.1000 0.3003
3539.8000 0.3005
3542.6000 0.3007
3544.9000 0.3009
3558.9000 0.3010
3559.8000 0.3012
3567.1000 0.3014
3567.6000 0.3016
3573.2000 0.3017
3575.9000 0.3019
3583.4000 0.3021
3584.3000 0.3023
3588.4000 0.3024
3588.8000 0.3026
3590.3000 0.3028
3593.1000 0.3030
3595.7000 0.3031
3597.3000 0.3033
3600.5000 0.3035
3600.8000 0.3036
3606.4000 0.3038
3609.9000 0.3040
3618.2000 0.3042
3619.3000 0.3043
3619.3000 0.3045
3619.3000 0.3047
3620.8000 0.3049
3621.3000 0.3050
3632.9000 0.3052
3636.6000 0.3054
3637.4000 0.3056
3638.2000 0.3057
3639.6000 0.3059
3644.9000 0.3061
3645.3000 0.3063
3648.0000 0.3064
3649.9000 0.3066
3651.1000 0.3068
3654.1000 0.3069
3668.6000 0.3071
3671.1000 0.3073
3674.9000 0.3075
3679.5000 0.3076
3686.6000 0.3078
3688.9000 0.3080
3689.2000 0.3082
3694.1000 0.3083
3698.6000 0.3085
3702.8000 0.3087
3703.7000 0.3089
3704.1000 0.3090
3709.0000 0.3092
3709.6000 0.3094
3713.5000 0.3095
3718.7000 0.3097
3718.8000 0.3099
3719.4000 0.3101
3720.2000 0.3102
3720.8000 0.3104
3723.0000 0.3106
3724.5000 0.3108
3724.5000 0.3109
3725.3000 0.3111
3729.6000 0.3113
3732.7000 0.3115
3738.0000 0.3116
3738.6000 0.3118
3740.4000 0.3120
3741.0000 0.3122
3741.0000 0.3123
3747.7000 0.3125
3759.7000 0.3127
3764.9000 0.3128
3769.0000 0.3130
3771.2000 0.3132
3773.8000 0.3134
3780.3000 0.3135
3782.9000 0.3137
3783.2000 0.3139
3784.9000 0.3141
3787.5000 0.3142
3796.1000 0.3144
3799.6000 0.3146
3799.7000 0.3148
3801.2000 0.3149
3805.8000 0.3151
3807.0000 0.3153
3811.9000 0.3155
3815.1000 0.3156
3817.0000 0.3158
3820.0000 0.3160
3821.4000 0.3161
3823.6000 0.3163
3828.2000 0.3165
3832.6000 0.3167
3833.9000 0.3168
3836.3000 0.3170
3841.3000 0.3172
3842.4000 0.3174
3846.7000 0.3175
3848.7000 0.3177
3858.2000 0.3179
3858.5000 0.3181
3865.0000 0.3182
3867.8000 0.3184
3869.8000 0.3186
3872.4000 0.3188
3872.7000 0.3189
3878.2000 0.3191
3879.4000 0.3193
3880.2000 0.3194
3880.9000 0.3196
3880.9000 0.3198
3883.3000 0.3200
3887.2000 0.3201
3893.2000 0.3203
3897.7000 0.3205
3898.5000 0.3207
3908.8000 0.3208
3910.1000 0.3210
3911.0000 0.3212
3916.0000 0.3214
3917.0000 0.3215
3921.3000 0.3217
3922.3000 0.3219
3929.0000 0.3220
3940.9000 0.3222
3945.6000 0.3224
3946.7000 0.3226
3949.3000 0.3227
3951.6000 0.3229
3958.5000 0.3231
3962.6000 0.3233
3967.5000 0.3234
3967.8000 0.3236
3973.0000 0.3238
3973.8000 0.3240
3976.5000 0.3241
3977.0000 0.3243
3978.8000 0.3245
3981.9000 0.3247
3986.8000 0.3248
3990.1000 0.3250
3995.5000 0.3252
3996.6000 0.3253
3998.6000 0.3255
3999.7000 0.3257
4008.4000 0.3259
4018.6000 0.3260
4021.4000 0.3262
4024.6000 0.3264
4026.1000 0.3266
4031.3000 0.3267
4032.8000 0.3269
4033.0000 0.3271
4040.0000 0.3273
4040.3000 0.3274
4042.0000 0.3276
4042.6000 0.3278
4053.2000 0.3280
4056.8000 0.3281
4058.0000 0.3283
4059.1000 0.3285
4059.4000 0.3286
4063.5000 0.3288
4064.3000 0.3290
4065.4000 0.3292
4069.1000 0.3293
4070.0000 0.3295
4072.3000 0.3297
4073.1000 0.3299
4073.4000 0.3300
4075.3000 0.3302
4076.0000 0.3304
4076.8000 0.3306
4083.9000 0.3307
4094.3000 0.3309
4095.3000 0.3311
4098.3000 0.3313
4104.6000 0.3314
4106.4000 0.3316
4115.6000 0.3318
4117.9000 0.3319
4124.6000 0.3321
4126.4000 0.3323
4127.1000 0.3325
4127.1000 0.3326
4140.6000 0.3328
4141.8000 0.3330
4143.8000 0.3332
4143.8000 0.3333
4146.9000 0.3335
4149.8000 0.3337
4155.3000 0.3339
4158.0000 0.3340
4163.1000 0.3342
4170.6000 0.3344
4171.4000 0.3345
4175.1000 0.3347
4177.8000 0.3349
4180.6000 0.3351
4190.9000 0.3352
4196.6000 0.3354
4199.6000 0.3356
4201.9000 0.3358
4202.3000 0.3359
4212.2000 0.3361
4212.6000 0.3363
4218.0000 0.3365
4218.0000 0.3366
4219.3000 0.3368
4221.3000 0.3370
4223.6000 0.3372
4223.8000 0.3373
4224.9000 0.3375
4228.9000 0.3377
4229.6000 0.3378
4232.4000 0.3380
4232.7000 0.3382
4233.4000 0.3384
4236.2000 0.3385
4238.4000 0.3387
4238.6000 0.3389
4239.4000 0.3391
4241.9000 0.3392
4250.6000 0.3394
4253.7000 0.3396
4262.9000 0.3398
4268.7000 0.3399
4288.1000 0.3401
4290.5000 0.3403
4305.3000 0.3405
4313.6000 0.3406
4322.9000 0.3408
4330.3000 0.3410
4336.5000 0.3411
4339.2000 0.3413
4341.3000 0.3415
4345.4000 0.3417
4347.5000 0.3418
4353.7000 0.3420
4357.4000 0.3422
4366.0000 0.3424
4367.8000 0.3425
4369.4000 0.3427
4373.4000 0.3429
4381.9000 0.3431
4385.3000 0.3432
4387.4000 0.3434
4395.0000 0.3436
4399.8000 0.3438
4401.5000 0.3439
4402.8000 0.3441
4407.4000 0.3443
4408.6000 0.3444
4409.5000 0.3446
4412.6000 0.3448
4414.9000 0.3450
4415.3000 0.3451
4416.7000 0.3453
4432.9000 0.3455
4436.7000 0.3457
4439.7000 0.3458
4443.1000 0.3460
4446.0000 0.3462
4452.8000 0.3464
4454.8000 0.3465
4458.6000 0.3467
4463.3000 0.3469
4465.2000 0.3470
4466.2000 0.3472
4466.8000 0.3474
4471.1000 0.3476
4477.3000 0.3477
4480.3000 0.3479
4487.9000 0.3481
4488.3000 0.3483
4496.4000 0.3484
4496.8000 0.3486
4500.3000 0.3488
4500.9000 0.3490
4502.6000 0.3491
4507.4000 0.3493
4509.5000 0.3495
4516.5000 0.3497
4518.5000 0.3498
4519.3000 0.3500
4521.7000 0.3502
4527.6000 0.3503
4533.8000 0.3505
4537.5000 0.3507
4538.9000 0.3509
4542.0000 0.3510
4549.6000 0.3512
4552.8000 0.3514
4555.8000 0.3516
4556.0000 0.3517
4562.8000 0.3519
4566.9000 0.3521
4575.9000 0.3523
4576.2000 0.3524
4576.6000 0.3526
4579.1000 0.3528
4585.4000 0.3530
4589.3000 0.3531
4595.6000 0.3533
4601.1000 0.3535
4605.2000 0.3536
4610.9000 0.3538
4613.1000 0.3540
4615.1000 0.3542
4631.3000 0.3543
4636.6000 0.3545
4637.7000 0.3547
4639.5000 0.3549
4641.8000 0.3550
4644.0000 0.3552
4646.6000 0.3554
4648.7000 0.3556
4651.9000 0.3557
4653.0000 0.3559
4653.7000 0.3561
4656.6000 0.3563
4657.7000 0.3564
4660.2000 0.3566
4663.0000 0.3568
4663.1000 0.3569
4663.7000 0.3571
4673.9000 0.3573
4675.3000 0.3575
4675.4000 0.3576
4684.4000 0.3578
4687.8000 0.3580
4689.7000 0.3582
4693.5000 0.3583
4702.0000 0.3585
4704.0000 0.3587
4706.1000 0.3589
4719.6000 0.3590
4726.6000 0.3592
4728.3000 0.3594
4742.1000 0.3595
4743.4000 0.3597
4748.3000 0.3599
4749.5000 0.3601
4751.9000 0.3602
4752.6000 0.3604
4753.6000 0.3606
4762.7000 0.3608
4768.7000 0.3609
4770.6000 0.3611
4783.7000 0.3613
4786.5000 0.3615
4788.3000 0.3616
4791.7000 0.3618
4793.4000 0.3620
4802.9000 0.3622
4810.6000 0.3623
4820.7000 0.3625
4820.7000 0.3627
4824.3000 0.3628
4824.3000 0.3630
4825.3000 0.3632
4825.4000 0.3634
4832.4000 0.3635
4832.9000 0.3637
4834.0000 0.3639
4834.9000 0.3641
4865.9000 0.3642
4868.8000 0.3644
4872.9000 0.3646
4880.8000 0.3648
4880.8000 0.3649
4881.0000 0.3651
4883.4000 0.3653
4889.2000 0.3655
4894.6000 0.3656
4897.1000 0.3658
4908.8000 0.3660
4916.4000 0.3661
4918.6000 0.3663
4926.2000 0.3665
4930.5000 0.3667
4935.8000 0.3668
4941.2000 0.3670
4945.4000 0.3672
4949.2000 0.3674
4953.1000 0.3675
4957.4000 0.3677
4961.1000 0.3679
4965.8000 0.3681
4974.0000 0.3682
4976.8000 0.3684
4979.8000 0.3686
4980.5000 0.3688
4981.0000 0.3689
4982.5000 0.3691
4986.1000 0.3693
4988.3000 0.3694
4988.9000 0.3696
4989.1000 0.3698
4989.2000 0.3700
4990.1000 0.3701
4992.9000 0.3703
4997.1000 0.3705
4997.6000 0.3707
5001.7000 0.3708
5003.3000 0.3710
5005.1000 0.3712
5011.7000 0.3714
5012.6000 0.3715
5016.0000 0.3717
5022.0000 0.3719
5022.6000 0.3720
5040.0000 0.3722
5043.1000 0.3724
5049.3000 0.3726
5053.3000 0.3727
5053.9000 0.3729
5063.3000 0.3731
5066.3000 0.3733
5066.5000 0.3734
5067.3000 0.3736
5068.8000 0.3738
5070.5000 0.3740
5071.6000 0.3741
5072.5000 0.3743
5072.7000 0.3745
5074.7000 0.3747
5076.9000 0.3748
5081.3000 0.3750
5098.9000 0.3752
5101.3000 0.3753
5101.8000 0.3755
5107.6000 0.3757
5112.0000 0.3759
5112.4000 0.3760
5112.9000 0.3762
5114.1000 0.3764
5116.8000 0.3766
5116.9000 0.3767
5117.4000 0.3769
5118.7000 0.3771
5119.4000 0.3773
5121.9000 0.3774
5124.3000 0.3776
5127.1000 0.3778
5130.8000 0.3780
5146.1000 0.3781
5149.6000 0.3783
5154.2000 0.3785
5155.0000 0.3786
5156.1000 0.3788
5157.6000 0.3790
5160.2000 0.3792
5163.6000 0.3793
5165.7000 0.3795
5171.9000 0.3797
5178.7000 0.3799
5179.8000 0.3800
5182.4000 0.3802
5183.6000 0.3804
5188.3000 0.3806
5196.7000 0.3807
5196.7000 0.3809
5200.0000 0.3811
5205.7000 0.3813
5210.0000 0.3814
5213.8000 0.3816
5215.7000 0.3818
5217.3000 0.3819
5223.1000 0.3821
5225.3000 0.3823
5229.3000 0.3825
5229.9000 0.3826
5230.6000 0.3828
5231.1000 0.3830
5236.3000 0.3832
5241.8000 0.3833
5243.0000 0.3835
5247.3000 0.3837
5249.8000 0.3839
5250.0000 0.3840
5257.5000 0.3842
5267.0000 0.3844
5272.7000 0.3845
5279.4000 0.3847
5280.9000 0.3849
5282.8000 0.3851
5287.9000 0.3852
5290.7000 0.3854
5295.9000 0.3856
5298.6000 0.3858
5302.8000 0.3859
5304.0000 0.3861
5308.9000 0.3863
5313.3000 0.3865
5316.6000 0.3866
5321.3000 0.3868
5324.3000 0.3870
5326.8000 0.3872
5328.5000 0.3873
5331.3000 0.3875
5333.1000 0.3877
5334.8000 0.3878
5336.1000 0.3880
5337.5000 0.3882
5339.6000 0.3884
5342.0000 0.3885
5345.0000 0.3887
5352.6000 0.3889
5354.8000 0.3891
5361.4000 0.3892
5365.3000 0.3894
5372.0000 0.3896
5388.2000 0.3898
5389.8000 0.3899
5389.9000 0.3901
5392.4000 0.3903
5404.9000 0.3905
5416.1000 0.3906
5426.1000 0.3908
5430.4000 0.3910
5431.8000 0.3911
5439.5000 0.3913
5444.2000 0.3915
5450.4000 0.3917
5455.4000 0.3918
5458.2000 0.3920
5464.4000 0.3922
5468.2000 0.3924
5470.1000 0.3925
5472.8000 0.3927
5480.3000 0.3929
5481.0000 0.3931
5482.0000 0.3932
5483.8000 0.3934
5486.3000 0.3936
5489.0000 0.3938
5489.3000 0.3939
5494.7000 0.3941
5496.3000 0.3943
5505.6000 0.3944
5506.2000 0.3946
5508.9000 0.3948
5510.3000 0.3950
5511.8000 0.3951
5516.1000 0.3953
5519.4000 0.3955
5525.6000 0.3957
5527.8000 0.3958
5529.0000 0.3960
5529.0000 0.3962
5532.9000 0.3964
5537.3000 0.3965
5538.3000 0.3967
5541.9000 0.3969
5548.2000 0.3970
5549.8000 0.3972
5552.5000 0.3974
5555.8000 0.3976
5556.1000 0.3977
5557.7000 0.3979
5557.7000 0.3981
5559.5000 0.3983
5566.7000 0.3984
5573.1000 0.3986
5576.9000 0.3988
5580.3000 0.3990
5591.8000 0.3991
5593.9000 0.3993
5596.3000 0.3995
5596.6000 0.3997
5598.4000 0.3998
5599.2000 0.4000
5622.1000 0.4002
5626.9000 0.4003
5629.0000 0.4005
5629.3000 0.4007
5633.8000 0.4009
5638.4000 0.4010
5643.0000 0.4012
5645.3000 0.4014
5646.7000 0.4016
5648.0000 0.4017
5650.7000 0.4019
5666.1000 0.4021
5676.2000 0.4023
5682.1000 0.4024
5684.1000 0.4026
5693.1000 0.4028
5695.6000 0.4030
5704.3000 0.4031
5706.6000 0.4033
5708.3000 0.4035
5711.2000 0.4036
5712.8000 0.4038
5713.1000 0.4040
5717.0000 0.4042
5723.4000 0.4043
5723.8000 0.4045
5725.6000 0.4047
5726.9000 0.4049
5729.8000 0.4050
5731.3000 0.4052
5733.0000 0.4054
5735.3000 0.4056
5743.8000 0.4057
5748.7000 0.4059
5749.5000 0.4061
5752.3000 0.4063
5755.7000 0.4064
5755.9000 0.4066
5756.9000 0.4068
5757.3000 0.4069
5758.0000 0.4071
5759.6000 0.4073
5762.0000 0.4075
5764.8000 0.4076
5766.1000 0.4078
5766.6000 0.4080
5767.2000 0.4082
5767.8000 0.4083
5771.6000 0.4085
5774.1000 0.4087
5777.8000 0.4089
5779.1000 0.4090
5785.6000 0.4092
5790.8000 0.4094
5792.8000 0.4095
5794.9000 0.4097
5808.1000 0.4099
5814.2000 0.4101
5822.1000 0.4102
5840.9000 0.4104
5843.0000 0.4106
5849.1000 0.4108
5854.8000 0.4109
5857.4000 0.4111
5860.0000 0.4113
5864.0000 0.4115
5871.8000 0.4116
5872.7000 0.4118
5883.6000 0.4120
5898.3000 0.4122
5902.0000 0.4123
5910.2000 0.4125
5910.6000 0.4127
5913.1000 0.4128
5923.9000 0.4130
5927.6000 0.4132
5931.7000 0.4134
5934.7000 0.4135
5939.8000 0.4137
5941.8000 0.4139
5946.5000 0.4141
5946.8000 0.4142
5947.9000 0.4144
5949.8000 0.4146
5952.6000 0.4148
5956.9000 0.4149
5960.5000 0.4151
5960.8000 0.4153
5965.6000 0.4155
5972.5000 0.4156
5976.6000 0.4158
5977.4000 0.4160
5981.4000 0.4161
5986.3000 0.4163
5993.1000 0.4165
5994.3000 0.4167
6005.3000 0.4168
6012.3000 0.4170
6018.6000 0.4172
6022.3000 0.4174
6026.6000 0.4175
6036.4000 0.4177
6036.9000 0.4179
6040.5000 0.4181
6040.9000 0.4182
6050.3000 0.4184
6053.9000 0.4186
6054.2000 0.4188
6056.6000 0.4189
6065.7000 0.4191
6068.2000 0.4193
6068.9000 0.4194
6071.4000 0.4196
6072.7000 0.4198
6081.6000 0.4200
6123.8000 0.4201
6134.8000 0.4203
6136.6000 0.4205
6137.6000 0.4207
6143.1000 0.4208
6147.6000 0.4210
6148.9000 0.4212
6149.0000 0.4214
6150.2000 0.4215
6155.8000 0.4217
6156.8000 0.4219
6158.7000 0.4220
6163.6000 0.4222
6167.4000 0.4224
6170.1000 0.4226
6176.5000 0.4227
6183.1000 0.4229
6185.4000 0.4231
6186.7000 0.4233
6190.5000 0.4234
6191.9000 0.4236
6197.6000 0.4238
6200.2000 0.4240
6210.3000 0.4241
6214.6000 0.4243
6230.4000 0.4245
6234.4000 0.4247
6237.0000 0.4248
6238.4000 0.4250
6257.1000 0.4252
6263.7000 0.4253
6266.0000 0.4255
6266.7000 0.4257
6273.0000 0.4259
6287.0000 0.4260
6288.6000 0.4262
6288.7000 0.4264
6292.7000 0.4266
6293.5000 0.4267
6296.3000 0.4269
6296.6000 0.4271
6298.2000 0.4273
6310.9000 0.4274
6316.3000 0.4276
6317.7000 0.4278
6320.0000 0.4280
6320.1000 0.4281
6322.1000 0.4283
6326.2000 0.4285
6329.3000 0.4286
6333.3000 0.4288
6338.4000 0.4290
6342.8000 0.4292
6344.8000 0.4293
6349.0000 0.4295
6356.2000 0.4297
6364.9000 0.4299
6367.4000 0.4300
6371.0000 0.4302
6371.9000 0.4304
6377.8000 0.4306
6379.1000 0.4307
6381.6000 0.4309
6383.9000 0.4311
6387.3000 0.4313
6391.7000 0.4314
6402.8000 0.4316
6406.6000 0.4318
6409.8000 0.4319
6412.4000 0.4321
6414.9000 0.4323
6416.5000 0.4325
6418.4000 0.4326
6421.0000 0.4328
6428.8000 0.4330
6429.7000 0.4332
6433.6000 0.4333
6434.8000 0.4335
6439.7000 0.4337
6439.7000 0.4339
6442.0000 0.4340
6449.8000 0.4342
6453.5000 0.4344
6454.5000 0.4345
6458.9000 0.4347
6467.8000 0.4349
6480.9000 0.4351
6482.7000 0.4352
6482.9000 0.4354
6486.8000 0.4356
6495.4000 0.4358
6506.3000 0.4359
6510.3000 0.4361
6510.9000 0.4363
6514.2000 0.4365
6517.7000 0.4366
6518.3000 0.4368
6528.0000 0.4370
6530.1000 0.4372
6551.6000 0.4373
6552.4000 0.4375
6556.9000 0.4377
6557.6000 0.4378
6563.6000 0.4380
6572.0000 0.4382
6590.2000 0.4384
6597.0000 0.4385
6598.3000 0.4387
6601.2000 0.4389
6601.5000 0.4391
6603.1000 0.4392
6609.2000 0.4394
6610.0000 0.4396
6625.4000 0.4398
6638.9000 0.4399
6653.7000 0.4401
6662.3000 0.4403
6665.2000 0.4405
6670.3000 0.4406
6676.8000 0.4408
6677.8000 0.4410
6678.3000 0.4411
6681.4000 0.4413
6683.7000 0.4415
6686.6000 0.4417
6686.7000 0.4418
6690.5000 0.4420
6691.8000 0.4422
6696.4000 0.4424
6707.0000 0.4425
6708.0000 0.4427
6721.0000 0.4429
6722.0000 0.4431
6731.8000 0.4432
6737.1000 0.4434
6737.4000 0.4436
6741.1000 0.4438
6742.2000 0.4439
6754.4000 0.4441
6761.1000 0.4443
6764.4000 0.4444
6768.1000 0.4446
6770.0000 0.4448
6777.1000 0.4450
6778.1000 0.4451
6781.0000 0.4453
6784.8000 0.4455
6790.4000 0.4457
6793.2000 0.4458
6793.6000 0.4460
6797.8000 0.4462
6805.2000 0.4464
6822.9000 0.4465
6837.4000 0.4467
6839.6000 0.4469
6844.0000 0.4470
6846.6000 0.4472
6859.7000 0.4474
6864.0000 0.4476
6865.8000 0.4477
6871.3000 0.4479
6893.3000 0.4481
6895.0000 0.4483
6905.9000 0.4484
6906.6000 0.4486
6912.4000 0.4488
6919.5000 0.4490
6923.6000 0.4491
6944.3000 0.4493
6950.5000 0.4495
6954.6000 0.4497
6954.6000 0.4498
6957.8000 0.4500
6958.8000 0.4502
6960.8000 0.4503
6978.9000 0.4505
6983.6000 0.4507
6988.3000 0.4509
6989.2000 0.4510
6991.6000 0.4512
6991.6000 0.4514
7002.4000 0.4516
7010.8000 0.4517
7012.6000 0.4519
7018.2000 0.4521
7019.6000 0.4523
7019.6000 0.4524
7019.7000 0.4526
7026.7000 0.4528
7037.1000 0.4530
7046.8000 0.4531
7047.8000 0.4533
7064.5000 0.4535
7067.3000 0.4536
7077.8000 0.4538
7087.3000 0.4540
7090.1000 0.4542
7090.5000 0.4543
7093.9000 0.4545
7094.7000 0.4547
7097.8000 0.4549
7107.3000 0.4550
7118.4000 0.4552
7125.2000 0.4554
7130.8000 0.4556
7135.5000 0.4557
7154.6000 0.4559
7163.3000 0.4561
7167.7000 0.4563
7168.3000 0.4564
7178.3000 0.4566
7179.6000 0.4568
7180.9000 0.4569
7182.7000 0.4571
7183.6000 0.4573
7187.4000 0.4575
7193.3000 0.4576
7196.7000 0.4578
7200.9000 0.4580
7204.6000 0.4582
7216.4000 0.4583
7218.5000 0.4585
7222.7000 0.4587
7224.3000 0.4589
7225.7000 0.4590
7228.6000 0.4592
7229.3000 0.4594
7230.2000 0.4595
7230.2000 0.4597
7235.1000 0.4599
7239.4000 0.4601
7245.1000 0.4602
7246.1000 0.4604
7250.4000 0.4606
7251.0000 0.4608
7254.7000 0.4609
7255.6000 0.4611
7261.4000 0.4613
7263.8000 0.4615
7273.0000 0.4616
7282.6000 0.4618
7291.7000 0.4620
7297.5000 0.4622
7298.5000 0.4623
7305.6000 0.4625
7306.6000 0.4627
7308.9000 0.4628
7310.9000 0.4630
7315.9000 0.4632
7319.7000 0.4634
7333.6000 0.4635
7340.3000 0.4637
7347.4000 0.4639
7356.7000 0.4641
7357.1000 0.4642
7362.7000 0.4644
7364.8000 0.4646
7364.9000 0.4648
7365.6000 0.4649
7365.9000 0.4651
7368.0000 0.4653
7368.7000 0.4655
7378.3000 0.4656
7380.1000 0.4658
7387.3000 0.4660
7405.7000 0.4661
7415.8000 0.4663
7423.5000 0.4665
7424.8000 0.4667
7426.9000 0.4668
7443.2000 0.4670
7447.6000 0.4672
7458.2000 0.4674
7462.1000 0.4675
7466.9000 0.4677
7468.3000 0.4679
7473.6000 0.4681
7476.9000 0.4682
7478.0000 0.4684
7478.3000 0.4686
7483.2000 0.4688
7484.1000 0.4689
7490.6000 0.4691
7498.0000 0.4693
7499.3000 0.4694
7499.9000 0.4696
7500.3000 0.4698
7501.5000 0.4700
7505.4000 0.4701
7509.8000 0.4703
7524.6000 0.4705
7538.3000 0.4707
7538.9000 0.4708
7539.0000 0.4710
7540.8000 0.4712
7542.4000 0.4714
7550.4000 0.4715
7550.5000 0.4717
7554.0000 0.4719
7572.1000 0.4720
7575.2000 0.4722
7583.4000 0.4724
7585.5000 0.4726
7603.8000 0.4727
7608.1000 0.4729
7623.0000 0.4731
7629.1000 0.4733
7630.7000 0.4734
7631.5000 0.4736
7636.8000 0.4738
7643.3000 0.4740
7651.0000 0.4741
7666.4000 0.4743
7679.2000 0.4745
7696.1000 0.4747
7699.1000 0.4748
7699.1000 0.4750
7710.6000 0.4752
7717.4000 0.4753
7724.8000 0.4755
7726.8000 0.4757
7737.6000 0.4759
7738.7000 0.4760
7741.2000 0.4762
7746.7000 0.4764
7748.7000 0.4766
7749.9000 0.4767
7750.4000 0.4769
7751.1000 0.4771
7767.6000 0.4773
7778.7000 0.4774
7779.1000 0.4776
7781.2000 0.4778
7788.8000 0.4780
7790.1000 0.4781
7792.1000 0.4783
7793.0000 0.4785
7809.9000 0.4786
7810.1000 0.4788
7814.0000 0.4790
7822.4000 0.4792
7825.3000 0.4793
7839.5000 0.4795
7840.4000 0.4797
7848.3000 0.4799
7862.7000 0.4800
7866.1000 0.4802
7869.6000 0.4804
7871.8000 0.4806
7876.5000 0.4807
7894.1000 0.4809
7899.7000 0.4811
7899.8000 0.4813
7907.3000 0.4814
7913.9000 0.4816
7916.5000 0.4818
7927.8000 0.4819
7932.5000 0.4821
7935.7000 0.4823
7936.9000 0.4825
7942.3000 0.4826
7945.8000 0.4828
7957.8000 0.4830
7964.1000 0.4832
7965.0000 0.4833
7974.6000 0.4835
7975.7000 0.4837
7977.0000 0.4839
7987.1000 0.4840
7988.9000 0.4842
7998.8000 0.4844
8000.7000 0.4845
8009.6000 0.4847
8018.9000 0.4849
8020.7000 0.4851
8024.1000 0.4852
8024.3000 0.4854
8034.2000 0.4856
8037.4000 0.4858
8053.5000 0.4859
8054.3000 0.4861
8055.4000 0.4863
8059.5000 0.4865
8063.3000 0.4866
8065.8000 0.4868
8070.9000 0.4870
8072.7000 0.4872
8080.7000 0.4873
8084.4000 0.4875
8086.0000 0.4877
8089.6000 0.4878
8095.4000 0.4880
8095.8000 0.4882
8100.9000 0.4884
8135.1000 0.4885
8139.7000 0.4887
8145.6000 0.4889
8146.9000 0.4891
8154.0000 0.4892
8154.8000 0.4894
8160.5000 0.4896
8167.6000 0.4898
8171.4000 0.4899
8171.6000 0.4901
8183.8000 0.4903
8186.0000 0.4905
8188.3000 0.4906
8195.2000 0.4908
8199.2000 0.4910
8199.2000 0.4911
8202.5000 0.4913
8213.0000 0.4915
8227.9000 0.4917
8232.7000 0.4918
8234.2000 0.4920
8262.0000 0.4922
8263.6000 0.4924
8265.8000 0.4925
8273.5000 0.4927
8276.6000 0.4929
8286.9000 0.4931
8288.6000 0.4932
8290.2000 0.4934
8296.6000 0.4936
8298.9000 0.4938
8313.3000 0.4939
8314.2000 0.4941
8315.3000 0.4943
8316.1000 0.4944
8322.7000 0.4946
8325.4000 0.4948
8328.3000 0.4950
8331.8000 0.4951
8339.0000 0.4953
8339.5000 0.4955
8342.7000 0.4957
8354.2000 0.4958
8356.2000 0.4960
8372.3000 0.4962
8384.3000 0.4964
8389.1000 0.4965
8393.0000 0.4967
8394.9000 0.4969
8404.5000 0.4970
8423.1000 0.4972
8425.3000 0.4974
8428.1000 0.4976
8428.8000 0.4977
8445.9000 0.4979
8446.6000 0.4981
8460.1000 0.4983
8466.4000 0.4984
8470.6000 0.4986
8486.6000 0.4988
8487.8000 0.4990
8489.2000 0.4991
8489.3000 0.4993
8494.3000 0.4995
8494.3000 0.4997
8497.0000 0.4998
8515.0000 0.5000
8519.0000 0.5002
8520.4000 0.5003
8528.0000 0.5005
8528.1000 0.5007
8536.6000 0.5009
8543.7000 0.5010
8551.7000 0.5012
8552.3000 0.5014
8553.0000 0.5016
8553.4000 0.5017
8555.6000 0.5019
8556.4000 0.5021
8556.5000 0.5023
8563.9000 0.5024
8567.6000 0.5026
8568.5000 0.5028
8572.7000 0.5030
8575.1000 0.5031
8579.2000 0.5033
8580.7000 0.5035
8581.5000 0.5036
8584.1000 0.5038
8589.6000 0.5040
8596.6000 0.5042
8597.5000 0.5043
8608.3000 0.5045
8617.8000 0.5047
8619.0000 0.5049
8631.1000 0.5050
8634.0000 0.5052
8637.0000 0.5054
8641.7000 0.5056
8647.5000 0.5057
8648.2000 0.5059
8660.0000 0.5061
8673.6000 0.5063
8675.3000 0.5064
8676.0000 0.5066
8682.1000 0.5068
8685.4000 0.5069
8698.8000 0.5071
8701.9000 0.5073
8704.5000 0.5075
8716.5000 0.5076
8718.0000 0.5078
8719.2000 0.5080
8726.5000 0.5082
8732.2000 0.5083
8744.0000 0.5085
8754.0000 0.5087
8758.1000 0.5089
8758.3000 0.5090
8764.9000 0.5092
8779.0000 0.5094
8794.5000 0.5095
8795.6000 0.5097
8798.2000 0.5099
8824.6000 0.5101
8824.6000 0.5102
8835.0000 0.5104
8835.9000 0.5106
8838.8000 0.5108
8847.6000 0.5109
8856.1000 0.5111
8859.3000 0.5113
8865.2000 0.5115
8875.0000 0.5116
8878.2000 0.5118
8880.3000 0.5120
8885.2000 0.5122
8890.5000 0.5123
8892.3000 0.5125
8895.0000 0.5127
8908.1000 0.5128
8922.4000 0.5130
8932.7000 0.5132
8932.9000 0.5134
8933.7000 0.5135
8934.4000 0.5137
8947.9000 0.5139
8962.4000 0.5141
8963.0000 0.5142
8963.9000 0.5144
8969.9000 0.5146
8970.0000 0.5148
8971.3000 0.5149
8972.0000 0.5151
8973.5000 0.5153
8977.9000 0.5155
8980.1000 0.5156
8980.3000 0.5158
8999.2000 0.5160
9000.7000 0.5161
9002.4000 0.5163
9003.2000 0.5165
9014.1000 0.5167
9017.5000 0.5168
9019.2000 0.5170
9022.7000 0.5172
9027.9000 0.5174
9037.8000 0.5175
9041.3000 0.5177
9042.9000 0.5179
9052.6000 0.5181
9060.3000 0.5182
9068.8000 0.5184
9069.4000 0.5186
9077.7000 0.5188
9087.4000 0.5189
9089.1000 0.5191
9091.5000 0.5193
9091.8000 0.5194
9106.2000 0.5196
9112.3000 0.5198
9115.1000 0.5200
9116.9000 0.5201
9135.6000 0.5203
9144.8000 0.5205
9154.0000 0.5207
9154.3000 0.5208
9155.0000 0.5210
9157.7000 0.5212
9165.5000 0.5214
9177.2000 0.5215
9178.1000 0.5217
9181.1000 0.5219
9182.6000 0.5220
9196.0000 0.5222
9199.9000 0.5224
9203.1000 0.5226
9209.3000 0.5227
9212.3000 0.5229
9212.6000 0.5231
9215.5000 0.5233
9230.1000 0.5234
9230.3000 0.5236
9231.8000 0.5238
9238.1000 0.5240
9244.9000 0.5241
9249.9000 0.5243
9254.2000 0.5245
9258.9000 0.5247
9267.3000 0.5248
9274.5000 0.5250
9284.4000 0.5252
9285.3000 0.5253
9295.6000 0.5255
9295.8000 0.5257
9298.5000 0.5259
9299.1000 0.5260
9301.0000 0.5262
9311.5000 0.5264
9315.6000 0.5266
9321.2000 0.5267
9324.1000 0.5269
9357.3000 0.5271
9366.3000 0.5273
9377.2000 0.5274
9378.8000 0.5276
9389.3000 0.5278
9398.0000 0.5280
9398.0000 0.5281
9399.0000 0.5283
9402.5000 0.5285
9406.9000 0.5286
9420.3000 0.5288
9430.2000 0.5290
9444.1000 0.5292
9444.9000 0.5293
9445.6000 0.5295
9445.9000 0.5297
9447.2000 0.5299
9453.7000 0.5300
9458.8000 0.5302
9460.1000 0.5304
9461.1000 0.5306
9463.2000 0.5307
9463.5000 0.5309
9466.3000 0.5311
9471.0000 0.5313
9471.8000 0.5314
9472.4000 0.5316
9474.3000 0.5318
9476.4000 0.5319
9476.4000 0.5321
9480.7000 0.5323
9481.0000 0.5325
9492.2000 0.5326
9494.9000 0.5328
9495.3000 0.5330
9497.5000 0.5332
9500.7000 0.5333
9520.5000 0.5335
9528.7000 0.5337
9540.7000 0.5339
9544.4000 0.5340
9544.6000 0.5342
9547.4000 0.5344
9567.6000 0.5345
9572.7000 0.5347
9579.6000 0.5349
9583.9000 0.5351
9598.7000 0.5352
9601.0000 0.5354
9620.3000 0.5356
9620.6000 0.5358
9622.7000 0.5359
9626.1000 0.5361
9628.7000 0.5363
9630.6000 0.5365
9632.6000 0.5366
9633.6000 0.5368
9636.3000 0.5370
9646.4000 0.5372
9647.2000 0.5373
9647.5000 0.5375
9650.2000 0.5377
9657.0000 0.5378
9659.6000 0.5380
9676.3000 0.5382
9680.7000 0.5384
9685.9000 0.5385
9686.1000 0.5387
9688.5000 0.5389
9704.5000 0.5391
9706.5000 0.5392
9707.6000 0.5394
9707.7000 0.5396
9721.3000 0.5398
9725.6000 0.5399
9738.0000 0.5401
9739.3000 0.5403
9745.4000 0.5405
9746.3000 0.5406
9747.7000 0.5408
9749.1000 0.5410
9753.9000 0.5411
9755.6000 0.5413
9763.4000 0.5415
9764.5000 0.5417
9765.1000 0.5418
9765.5000 0.5420
9765.7000 0.5422
9769.5000 0.5424
9770.5000 0.5425
9770.8000 0.5427
9771.5000 0.5429
9776.0000 0.5431
9782.7000 0.5432
9783.8000 0.5434
9791.6000 0.5436
9799.9000 0.5438
9805.3000 0.5439
9812.7000 0.5441
9813.8000 0.5443
9852.6000 0.5444
9856.6000 0.5446
9856.8000 0.5448
9856.8000 0.5450
9862.0000 0.5451
9862.5000 0.5453
9862.6000 0.5455
9865.5000 0.5457
9882.9000 0.5458
9891.1000 0.5460
9895.3000 0.5462
9896.6000 0.5464
9897.8000 0.5465
9904.5000 0.5467
9905.2000 0.5469
9913.3000 0.5470
9931.1000 0.5472
9938.0000 0.5474
9948.4000 0.5476
9950.8000 0.5477
9951.3000 0.5479
9959.8000 0.5481
9962.0000 0.5483
9967.6000 0.5484
9969.1000 0.5486
9970.3000 0.5488
9976.8000 0.5490
9978.8000 0.5491
9984.1000 0.5493
10001.4000 0.5495
10007.6000 0.5497
10008.1000 0.5498
10010.7000 0.5500
10016.7000 0.5502
10022.8000 0.5503
10029.0000 0.5505
10034.9000 0.5507
10036.2000 0.5509
10039.9000 0.5510
10042.2000 0.5512
10045.6000 0.5514
10065.4000 0.5516
10071.5000 0.5517
10072.1000 0.5519
10076.3000 0.5521
10079.9000 0.5523
10084.3000 0.5524
10086.6000 0.5526
10087.5000 0.5528
10091.4000 0.5530
10091.5000 0.5531
10093.6000 0.5533
10100.9000 0.5535
10103.4000 0.5536
10109.9000 0.5538
10122.7000 0.5540
10126.7000 0.5542
10126.9000 0.5543
10127.2000 0.5545
10128.9000 0.5547
10129.9000 0.5549
10129.9000 0.5550
10130.6000 0.5552
10135.1000 0.5554
10135.6000 0.5556
10155.6000 0.5557
10160.6000 0.5559
10169.4000 0.5561
10187.9000 0.5563
10188.6000 0.5564
10190.5000 0.5566
10192.9000 0.5568
10204.3000 0.5569
10220.2000 0.5571
10220.9000 0.5573
10223.8000 0.5575
10227.5000 0.5576
10229.3000 0.5578
10232.7000 0.5580
10243.6000 0.5582
10247.7000 0.5583
10253.0000 0.5585
10254.9000 0.5587
10257.1000 0.5589
10268.9000 0.5590
10289.6000 0.5592
10293.3000 0.5594
10297.8000 0.5595
10299.8000 0.5597
10306.0000 0.5599
10315.9000 0.5601
10318.6000 0.5602
10321.6000 0.5604
10323.3000 0.5606
10333.6000 0.5608
10340.7000 0.5609
10342.0000 0.5611
10348.2000 0.5613
10357.4000 0.5615
10359.6000 0.5616
10367.8000 0.5618
10367.9000 0.5620
10376.9000 0.5622
10385.7000 0.5623
10387.5000 0.5625
10388.1000 0.5627
10393.1000 0.5628
10399.2000 0.5630
10411.9000 0.5632
10413.6000 0.5634
10416.5000 0.5635
10430.0000 0.5637
10432.7000 0.5639
10435.6000 0.5641
10443.0000 0.5642
10444.8000 0.5644
10444.9000 0.5646
10457.1000 0.5648
10465.6000 0.5649
10483.6000 0.5651
10484.2000 0.5653
10484.8000 0.5655
10487.8000 0.5656
10488.9000 0.5658
10493.8000 0.5660
10494.1000 0.5661
10502.8000 0.5663
10507.2000 0.5665
10515.8000 0.5667
10518.0000 0.5668
10519.7000 0.5670
10521.0000 0.5672
10530.7000 0.5674
10537.3000 0.5675
10538.4000 0.5677
10542.2000 0.5679
10545.4000 0.5681
10549.9000 0.5682
10551.9000 0.5684
10555.6000 0.5686
10555.6000 0.5688
10577.2000 0.5689
10588.4000 0.5691
10595.1000 0.5693
10597.8000 0.5694
10604.7000 0.5696
10610.5000 0.5698
10618.1000 0.5700
10618.5000 0.5701
10622.7000 0.5703
10623.6000 0.5705
10633.8000 0.5707
10635.2000 0.5708
10636.0000 0.5710
10639.6000 0.5712
10649.3000 0.5714
10651.8000 0.5715
10654.9000 0.5717
10662.4000 0.5719
10665.9000 0.5720
10670.9000 0.5722
10677.3000 0.5724
10677.4000 0.5726
10692.3000 0.5727
10694.9000 0.5729
10700.0000 0.5731
10702.9000 0.5733
10705.3000 0.5734
10713.6000 0.5736
10718.1000 0.5738
10721.6000 0.5740
10722.3000 0.5741
10723.2000 0.5743
10725.7000 0.5745
10726.4000 0.5747
10727.9000 0.5748
10734.1000 0.5750
10734.2000 0.5752
10743.1000 0.5753
10747.7000 0.5755
10753.3000 0.5757
10754.8000 0.5759
10759.6000 0.5760
10765.2000 0.5762
10772.1000 0.5764
10775.2000 0.5766
10784.5000 0.5767
10796.2000 0.5769
10801.7000 0.5771
10803.1000 0.5773
10805.7000 0.5774
10808.9000 0.5776
10811.9000 0.5778
10818.4000 0.5780
10822.4000 0.5781
10832.3000 0.5783
10841.3000 0.5785
10850.1000 0.5786
10852.2000 0.5788
10858.0000 0.5790
10858.5000 0.5792
10859.6000 0.5793
10863.4000 0.5795
10864.1000 0.5797
10864.4000 0.5799
10865.8000 0.5800
10868.7000 0.5802
10870.4000 0.5804
10870.7000 0.5806
10883.7000 0.5807
10890.0000 0.5809
10890.1000 0.5811
10894.4000 0.5813
10894.4000 0.5814
10894.6000 0.5816
10910.1000 0.5818
10911.6000 0.5819
10913.2000 0.5821
10914.3000 0.5823
10921.3000 0.5825
10927.3000 0.5826
10928.5000 0.5828
10929.0000 0.5830
10931.0000 0.5832
10936.9000 0.5833
10938.7000 0.5835
10941.4000 0.5837
10947.1000 0.5839
10947.1000 0.5840
10949.4000 0.5842
10950.5000 0.5844
10951.0000 0.5845
10952.9000 0.5847
10956.4000 0.5849
10974.6000 0.5851
10991.3000 0.5852
10993.1000 0.5854
10999.3000 0.5856
11002.3000 0.5858
11004.8000 0.5859
11008.0000 0.5861
11009.3000 0.5863
11010.6000 0.5865
11018.5000 0.5866
11018.6000 0.5868
11021.8000 0.5870
11026.2000 0.5872
11028.7000 0.5873
11029.7000 0.5875
11030.0000 0.5877
11042.1000 0.5878
11048.0000 0.5880
11049.1000 0.5882
11052.2000 0.5884
11053.4000 0.5885
11053.7000 0.5887
11055.1000 0.5889
11057.6000 0.5891
11058.6000 0.5892
11061.3000 0.5894
11063.3000 0.5896
11069.5000 0.5898
11084.3000 0.5899
11088.5000 0.5901
11102.9000 0.5903
11107.9000 0.5905
11108.2000 0.5906
11114.6000 0.5908
11125.4000 0.5910
11132.8000 0.5911
11133.4000 0.5913
11147.0000 0.5915
11164.0000 0.5917
11167.3000 0.5918
11170.3000 0.5920
11180.6000 0.5922
11185.3000 0.5924
11193.7000 0.5925
11199.3000 0.5927
11218.5000 0.5929
11220.3000 0.5931
11222.9000 0.5932
11223.8000 0.5934
11225.8000 0.5936
11228.1000 0.5938
11230.4000 0.5939
11230.9000 0.5941
11231.8000 0.5943
11236.4000 0.5944
11239.2000 0.5946
11241.2000 0.5948
11241.5000 0.5950
11250.3000 0.5951
11253.2000 0.5953
11257.6000 0.5955
11261.0000 0.5957
11262.1000 0.5958
11262.2000 0.5960
11264.0000 0.5962
11270.0000 0.5964
11274.3000 0.5965
11274.4000 0.5967
11277.2000 0.5969
11290.1000 0.5970
11290.4000 0.5972
11294.1000 0.5974
11296.7000 0.5976
11302.8000 0.5977
11312.7000 0.5979
11321.9000 0.5981
11348.9000 0.5983
11365.1000 0.5984
11367.9000 0.5986
11372.6000 0.5988
11380.5000 0.5990
11395.9000 0.5991
11402.9000 0.5993
11411.4000 0.5995
11413.1000 0.5997
11413.5000 0.5998
11419.2000 0.6000
11447.2000 0.6002
11449.2000 0.6003
11451.7000 0.6005
11452.2000 0.6007
11453.5000 0.6009
11459.0000 0.6010
11464.4000 0.6012
11467.3000 0.6014
11478.7000 0.6016
11479.3000 0.6017
11484.3000 0.6019
11487.0000 0.6021
11496.2000 0.6023
11497.3000 0.6024
11501.9000 0.6026
11503.7000 0.6028
11507.9000 0.6030
11511.3000 0.6031
11519.8000 0.6033
11527.0000 0.6035
11528.3000 0.6036
11533.1000 0.6038
11537.3000 0.6040
11539.6000 0.6042
11550.5000 0.6043
11553.6000 0.6045
11557.2000 0.6047
11561.7000 0.6049
11566.7000 0.6050
11578.6000 0.6052
11582.1000 0.6054
11604.4000 0.6056
11617.9000 0.6057
11626.0000 0.6059
11633.6000 0.6061
11633.9000 0.6063
11637.8000 0.6064
11640.3000 0.6066
11641.4000 0.6068
11646.5000 0.6069
11653.2000 0.6071
11656.5000 0.6073
11657.1000 0.6075
11659.7000 0.6076
11670.0000 0.6078
11679.4000 0.6080
11681.0000 0.6082
11684.4000 0.6083
11693.2000 0.6085
11693.6000 0.6087
11699.7000 0.6089
11717.6000 0.6090
11721.6000 0.6092
11722.3000 0.6094
11726.9000 0.6095
11728.8000 0.6097
11731.9000 0.6099
11731.9000 0.6101
11735.7000 0.6102
11740.0000 0.6104
11748.1000 0.6106
11750.0000 0.6108
11753.7000 0.6109
11765.2000 0.6111
11768.3000 0.6113
11772.9000 0.6115
11788.4000 0.6116
11794.6000 0.6118
11807.7000 0.6120
11831.8000 0.6122
11839.9000 0.6123
11842.2000 0.6125
11845.0000 0.6127
11847.5000 0.6128
11849.7000 0.6130
11857.3000 0.6132
11862.1000 0.6134
11864.6000 0.6135
11868.6000 0.6137
11873.5000 0.6139
11881.2000 0.6141
11892.7000 0.6142
11893.7000 0.6144
11907.9000 0.6146
11907.9000 0.6148
11910.2000 0.6149
11910.2000 0.6151
11911.3000 0.6153
11912.8000 0.6155
11918.3000 0.6156
11919.9000 0.6158
11934.1000 0.6160
11937.7000 0.6161
11938.2000 0.6163
11939.1000 0.6165
11940.7000 0.6167
11947.2000 0.6168
11948.6000 0.6170
11952.0000 0.6172
11954.9000 0.6174
11955.4000 0.6175
11957.1000 0.6177
11961.2000 0.6179
11969.2000 0.6181
11970.6000 0.6182
