# messageDelay  cumulativeProbability
1.0000 0.0002
1.0000 0.0003
1.0000 0.0005
1.0000 0.0007
1.0000 0.0009
1.0000 0.0010
1.0000 0.0012
1.0000 0.0014
1.0000 0.0016
1.0000 0.0017
1.0000 0.0019
1.0000 0.0021
1.0000 0.0023
1.0000 0.0024
1.0000 0.0026
1.0000 0.0028
1.0000 0.0030
1.0000 0.0031
1.0000 0.0033
1.0000 0.0035
1.0000 0.0036
1.0000 0.0038
1.0000 0.0040
1.0000 0.0042
1.0000 0.0043
1.1000 0.0045
1.4000 0.0047
2.0000 0.0049
2.1000 0.0050
2.2000 0.0052
2.6000 0.0054
4.8000 0.0056
9.9000 0.0057
21.6000 0.0059
28.2000 0.0061
36.9000 0.0063
57.8000 0.0064
93.4000 0.0066
97.9000 0.0068
106.6000 0.0069
118.7000 0.0071
120.6000 0.0073
127.1000 0.0075
138.1000 0.0076
140.5000 0.0078
140.7000 0.0080
158.4000 0.0082
173.3000 0.0083
174.6000 0.0085
182.4000 0.0087
182.9000 0.0089
202.3000 0.0090
203.4000 0.0092
207.6000 0.0094
212.4000 0.0095
212.8000 0.0097
212.9000 0.0099
213.3000 0.0101
220.6000 0.0102
232.4000 0.0104
233.2000 0.0106
241.3000 0.0108
242.0000 0.0109
245.1000 0.0111
245.3000 0.0113
255.1000 0.0115
263.2000 0.0116
266.3000 0.0118
267.9000 0.0120
274.5000 0.0122
277.8000 0.0123
283.5000 0.0125
284.4000 0.0127
285.1000 0.0128
286.7000 0.0130
292.2000 0.0132
292.8000 0.0134
296.4000 0.0135
302.2000 0.0137
303.1000 0.0139
318.2000 0.0141
328.1000 0.0142
334.6000 0.0144
335.6000 0.0146
337.7000 0.0148
337.7000 0.0149
339.7000 0.0151
341.0000 0.0153
345.0000 0.0155
345.6000 0.0156
347.7000 0.0158
352.8000 0.0160
354.4000 0.0161
359.3000 0.0163
359.7000 0.0165
360.6000 0.0167
369.6000 0.0168
370.8000 0.0170
371.1000 0.0172
375.3000 0.0174
382.0000 0.0175
384.0000 0.0177
386.4000 0.0179
387.4000 0.0181
392.4000 0.0182
399.3000 0.0184
402.5000 0.0186
405.5000 0.0187
408.7000 0.0189
410.9000 0.0191
411.8000 0.0193
411.8000 0.0194
413.0000 0.0196
415.2000 0.0198
415.5000 0.0200
419.4000 0.0201
425.1000 0.0203
436.8000 0.0205
437.1000 0.0207
438.9000 0.0208
440.2000 0.0210
442.1000 0.0212
446.1000 0.0214
451.3000 0.0215
452.2000 0.0217
452.7000 0.0219
455.0000 0.0220
455.0000 0.0222
472.2000 0.0224
472.9000 0.0226
474.3000 0.0227
476.3000 0.0229
476.9000 0.0231
478.7000 0.0233
479.0000 0.0234
481.5000 0.0236
482.6000 0.0238
485.9000 0.0240
487.7000 0.0241
488.8000 0.0243
491.8000 0.0245
496.1000 0.0247
497.5000 0.0248
497.9000 0.0250
501.9000 0.0252
502.5000 0.0253
507.0000 0.0255
513.3000 0.0257
514.3000 0.0259
514.9000 0.0260
516.7000 0.0262
518.1000 0.0264
518.6000 0.0266
521.6000 0.0267
524.6000 0.0269
526.9000 0.0271
527.6000 0.0273
530.7000 0.0274
534.9000 0.0276
537.4000 0.0278
538.7000 0.0280
540.4000 0.0281
540.7000 0.0283
541.8000 0.0285
543.3000 0.0286
552.9000 0.0288
555.0000 0.0290
555.4000 0.0292
558.8000 0.0293
559.2000 0.0295
566.5000 0.0297
570.3000 0.0299
570.7000 0.0300
571.0000 0.0302
571.9000 0.0304
576.2000 0.0306
576.8000 0.0307
582.0000 0.0309
587.2000 0.0311
590.1000 0.0312
591.6000 0.0314
592.6000 0.0316
595.9000 0.0318
598.2000 0.0319
598.6000 0.0321
599.1000 0.0323
599.7000 0.0325
603.5000 0.0326
604.2000 0.0328
619.9000 0.0330
621.6000 0.0332
623.3000 0.0333
624.1000 0.0335
625.9000 0.0337
628.1000 0.0339
630.0000 0.0340
633.4000 0.0342
636.7000 0.0344
639.4000 0.0345
640.4000 0.0347
641.5000 0.0349
642.5000 0.0351
646.5000 0.0352
648.1000 0.0354
663.0000 0.0356
665.9000 0.0358
668.3000 0.0359
668.5000 0.0361
670.1000 0.0363
670.8000 0.0365
675.3000 0.0366
675.3000 0.0368
675.8000 0.0370
676.6000 0.0372
678.9000 0.0373
679.6000 0.0375
680.7000 0.0377
681.4000 0.0378
685.7000 0.0380
686.0000 0.0382
689.8000 0.0384
690.1000 0.0385
691.5000 0.0387
698.0000 0.0389
699.0000 0.0391
699.2000 0.0392
701.0000 0.0394
704.3000 0.0396
705.4000 0.0398
706.5000 0.0399
708.3000 0.0401
709.5000 0.0403
711.0000 0.0405
714.3000 0.0406
717.1000 0.0408
717.4000 0.0410
718.8000 0.0411
720.0000 0.0413
720.3000 0.0415
723.3000 0.0417
723.5000 0.0418
724.8000 0.0420
725.1000 0.0422
726.4000 0.0424
726.6000 0.0425
730.6000 0.0427
735.6000 0.0429
737.0000 0.0431
747.3000 0.0432
748.5000 0.0434
749.0000 0.0436
750.9000 0.0437
751.2000 0.0439
756.3000 0.0441
757.9000 0.0443
758.4000 0.0444
760.0000 0.0446
761.1000 0.0448
761.5000 0.0450
762.0000 0.0451
765.5000 0.0453
766.7000 0.0455
767.9000 0.0457
768.2000 0.0458
768.5000 0.0460
768.6000 0.0462
772.3000 0.0464
772.9000 0.0465
773.7000 0.0467
774.3000 0.0469
774.3000 0.0470
775.5000 0.0472
777.7000 0.0474
778.5000 0.0476
779.0000 0.0477
780.6000 0.0479
783.5000 0.0481
784.8000 0.0483
786.3000 0.0484
789.7000 0.0486
790.5000 0.0488
791.7000 0.0490
793.7000 0.0491
795.9000 0.0493
803.1000 0.0495
807.5000 0.0497
807.6000 0.0498
808.6000 0.0500
813.1000 0.0502
813.1000 0.0503
813.8000 0.0505
819.2000 0.0507
820.7000 0.0509
821.6000 0.0510
822.0000 0.0512
829.4000 0.0514
830.4000 0.0516
832.2000 0.0517
832.7000 0.0519
833.5000 0.0521
835.8000 0.0523
836.2000 0.0524
837.7000 0.0526
837.9000 0.0528
839.8000 0.0530
840.0000 0.0531
840.2000 0.0533
840.9000 0.0535
843.6000 0.0536
849.3000 0.0538
849.6000 0.0540
852.1000 0.0542
852.9000 0.0543
853.0000 0.0545
853.0000 0.0547
853.4000 0.0549
855.4000 0.0550
855.6000 0.0552
856.2000 0.0554
856.7000 0.0556
857.8000 0.0557
860.0000 0.0559
861.7000 0.0561
862.5000 0.0562
870.9000 0.0564
872.2000 0.0566
873.2000 0.0568
873.4000 0.0569
873.5000 0.0571
874.2000 0.0573
876.5000 0.0575
877.4000 0.0576
884.2000 0.0578
884.8000 0.0580
885.2000 0.0582
889.1000 0.0583
890.6000 0.0585
893.9000 0.0587
894.0000 0.0589
896.4000 0.0590
898.6000 0.0592
899.8000 0.0594
899.9000 0.0595
902.4000 0.0597
903.8000 0.0599
905.5000 0.0601
908.5000 0.0602
908.8000 0.0604
910.7000 0.0606
911.9000 0.0608
915.4000 0.0609
919.2000 0.0611
922.2000 0.0613
937.5000 0.0615
938.3000 0.0616
938.7000 0.0618
939.3000 0.0620
947.5000 0.0622
948.7000 0.0623
956.1000 0.0625
956.7000 0.0627
957.1000 0.0628
957.4000 0.0630
957.7000 0.0632
958.5000 0.0634
960.0000 0.0635
961.7000 0.0637
962.5000 0.0639
962.7000 0.0641
962.9000 0.0642
965.8000 0.0644
967.6000 0.0646
970.3000 0.0648
970.4000 0.0649
970.5000 0.0651
973.1000 0.0653
978.7000 0.0655
979.4000 0.0656
979.4000 0.0658
982.9000 0.0660
990.7000 0.0661
995.2000 0.0663
996.4000 0.0665
997.7000 0.0667
1000.4000 0.0668
1000.9000 0.0670
1002.0000 0.0672
1002.3000 0.0674
1007.6000 0.0675
1009.1000 0.0677
1009.7000 0.0679
1010.2000 0.0681
1011.9000 0.0682
1013.6000 0.0684
1014.3000 0.0686
1014.6000 0.0687
1015.9000 0.0689
1015.9000 0.0691
1017.8000 0.0693
1020.3000 0.0694
1023.6000 0.0696
1025.0000 0.0698
1027.1000 0.0700
1027.7000 0.0701
1029.5000 0.0703
1033.1000 0.0705
1034.0000 0.0707
1035.5000 0.0708
1035.9000 0.0710
1037.2000 0.0712
1037.8000 0.0714
1039.1000 0.0715
1040.5000 0.0717
1047.1000 0.0719
1048.5000 0.0720
1051.9000 0.0722
1057.5000 0.0724
1059.6000 0.0726
1060.9000 0.0727
1061.0000 0.0729
1061.3000 0.0731
1069.1000 0.0733
1070.2000 0.0734
1072.2000 0.0736
1074.9000 0.0738
1077.8000 0.0740
1082.3000 0.0741
1082.5000 0.0743
1084.9000 0.0745
1085.7000 0.0747
1086.1000 0.0748
1087.6000 0.0750
1088.3000 0.0752
1090.6000 0.0753
1094.5000 0.0755
1094.6000 0.0757
1101.1000 0.0759
1107.1000 0.0760
1107.1000 0.0762
1114.0000 0.0764
1114.2000 0.0766
1117.8000 0.0767
1119.3000 0.0769
1120.5000 0.0771
1121.6000 0.0773
1122.2000 0.0774
1122.8000 0.0776
1124.1000 0.0778
1132.6000 0.0780
1136.2000 0.0781
1137.9000 0.0783
1140.8000 0.0785
1141.0000 0.0786
1143.6000 0.0788
1149.7000 0.0790
1151.1000 0.0792
1151.7000 0.0793
1152.4000 0.0795
1153.6000 0.0797
1154.8000 0.0799
1154.9000 0.0800
1156.0000 0.0802
1163.5000 0.0804
1166.1000 0.0806
1172.2000 0.0807
1172.4000 0.0809
1173.9000 0.0811
1182.1000 0.0812
1182.8000 0.0814
1185.2000 0.0816
1190.2000 0.0818
1190.4000 0.0819
1194.8000 0.0821
1197.8000 0.0823
1198.1000 0.0825
1199.5000 0.0826
1202.0000 0.0828
1202.1000 0.0830
1202.9000 0.0832
1203.6000 0.0833
1207.9000 0.0835
1208.9000 0.0837
1211.1000 0.0839
1213.3000 0.0840
1213.4000 0.0842
1214.1000 0.0844
1214.9000 0.0845
1217.5000 0.0847
1218.9000 0.0849
1221.0000 0.0851
1224.6000 0.0852
1227.3000 0.0854
1233.0000 0.0856
1235.5000 0.0858
1236.5000 0.0859
1236.7000 0.0861
1238.5000 0.0863
1241.1000 0.0865
1246.0000 0.0866
1248.8000 0.0868
1249.2000 0.0870
1251.8000 0.0872
1252.4000 0.0873
1253.3000 0.0875
1255.5000 0.0877
1255.7000 0.0878
1256.2000 0.0880
1260.6000 0.0882
1266.0000 0.0884
1266.2000 0.0885
1266.6000 0.0887
1267.9000 0.0889
1268.6000 0.0891
1270.0000 0.0892
1270.2000 0.0894
1274.6000 0.0896
1276.8000 0.0898
1279.5000 0.0899
1280.6000 0.0901
1280.9000 0.0903
1282.6000 0.0905
1282.9000 0.0906
1283.4000 0.0908
1283.4000 0.0910
1283.4000 0.0911
1288.3000 0.0913
1288.8000 0.0915
1289.3000 0.0917
1289.6000 0.0918
1290.4000 0.0920
1292.4000 0.0922
1295.1000 0.0924
1295.1000 0.0925
1295.1000 0.0927
1295.2000 0.0929
1295.5000 0.0931
1295.8000 0.0932
1301.0000 0.0934
1301.1000 0.0936
1302.1000 0.0937
1302.3000 0.0939
1307.1000 0.0941
1308.6000 0.0943
1313.9000 0.0944
1316.6000 0.0946
1317.8000 0.0948
1321.0000 0.0950
1324.2000 0.0951
1325.3000 0.0953
1328.1000 0.0955
1331.0000 0.0957
1332.4000 0.0958
1334.3000 0.0960
1340.2000 0.0962
1342.0000 0.0964
1342.6000 0.0965
1343.8000 0.0967
1347.6000 0.0969
1350.0000 0.0970
1350.1000 0.0972
1352.2000 0.0974
1353.4000 0.0976
1357.3000 0.0977
1360.8000 0.0979
1362.8000 0.0981
1363.0000 0.0983
1363.9000 0.0984
1364.6000 0.0986
1365.8000 0.0988
1367.8000 0.0990
1369.0000 0.0991
1369.5000 0.0993
1371.2000 0.0995
1388.4000 0.0997
1391.7000 0.0998
1392.4000 0.1000
1392.5000 0.1002
1401.5000 0.1003
1402.8000 0.1005
1405.9000 0.1007
1406.5000 0.1009
1408.2000 0.1010
1421.8000 0.1012
1425.0000 0.1014
1426.8000 0.1016
1427.2000 0.1017
1431.3000 0.1019
1435.1000 0.1021
1435.5000 0.1023
1438.1000 0.1024
1438.2000 0.1026
1441.5000 0.1028
1448.7000 0.1030
1449.8000 0.1031
1453.2000 0.1033
1453.5000 0.1035
1454.1000 0.1036
1460.4000 0.1038
1462.2000 0.1040
1462.3000 0.1042
1464.2000 0.1043
1467.3000 0.1045
1469.3000 0.1047
1470.6000 0.1049
1471.4000 0.1050
1471.8000 0.1052
1472.9000 0.1054
1473.9000 0.1056
1483.1000 0.1057
1484.6000 0.1059
1487.6000 0.1061
1489.1000 0.1062
1489.1000 0.1064
1492.2000 0.1066
1493.6000 0.1068
1494.8000 0.1069
1495.3000 0.1071
1496.0000 0.1073
1500.7000 0.1075
1505.2000 0.1076
1507.5000 0.1078
1511.0000 0.1080
1513.2000 0.1082
1516.7000 0.1083
1520.4000 0.1085
1522.3000 0.1087
1524.8000 0.1089
1530.1000 0.1090
1530.5000 0.1092
1531.0000 0.1094
1532.1000 0.1095
1532.3000 0.1097
1532.9000 0.1099
1535.4000 0.1101
1538.9000 0.1102
1539.9000 0.1104
1544.5000 0.1106
1548.7000 0.1108
1548.9000 0.1109
1549.1000 0.1111
1552.1000 0.1113
1554.1000 0.1115
1559.2000 0.1116
1559.5000 0.1118
1560.1000 0.1120
1560.3000 0.1122
1564.3000 0.1123
1565.6000 0.1125
1567.3000 0.1127
1569.4000 0.1128
1571.3000 0.1130
1571.8000 0.1132
1576.8000 0.1134
1577.2000 0.1135
1583.6000 0.1137
1583.8000 0.1139
1584.1000 0.1141
1585.4000 0.1142
1586.1000 0.1144
1587.1000 0.1146
1588.1000 0.1148
1588.7000 0.1149
1592.6000 0.1151
1592.8000 0.1153
1592.9000 0.1155
1594.1000 0.1156
1595.4000 0.1158
1600.2000 0.1160
1606.0000 0.1161
1606.5000 0.1163
1609.0000 0.1165
1610.6000 0.1167
1612.6000 0.1168
1619.3000 0.1170
1622.7000 0.1172
1625.5000 0.1174
1626.6000 0.1175
1629.1000 0.1177
1635.0000 0.1179
1635.5000 0.1181
1635.9000 0.1182
1640.2000 0.1184
1640.6000 0.1186
1640.7000 0.1187
1647.2000 0.1189
1649.7000 0.1191
1650.8000 0.1193
1651.6000 0.1194
1652.2000 0.1196
1652.3000 0.1198
1655.7000 0.1200
1656.6000 0.1201
1660.3000 0.1203
1660.9000 0.1205
1661.8000 0.1207
1663.5000 0.1208
1670.0000 0.1210
1671.3000 0.1212
1680.3000 0.1214
1680.5000 0.1215
1680.8000 0.1217
1687.7000 0.1219
1687.8000 0.1220
1687.8000 0.1222
1687.9000 0.1224
1692.1000 0.1226
1692.5000 0.1227
1696.6000 0.1229
1698.9000 0.1231
1699.5000 0.1233
1700.3000 0.1234
1701.7000 0.1236
1708.8000 0.1238
1710.2000 0.1240
1710.8000 0.1241
1714.0000 0.1243
1714.1000 0.1245
1714.2000 0.1247
1714.4000 0.1248
1714.9000 0.1250
1718.5000 0.1252
1718.7000 0.1253
1721.7000 0.1255
1721.9000 0.1257
1723.4000 0.1259
1726.3000 0.1260
1726.7000 0.1262
1727.7000 0.1264
1729.4000 0.1266
1735.5000 0.1267
1739.5000 0.1269
1740.4000 0.1271
1740.5000 0.1273
1744.0000 0.1274
1748.9000 0.1276
1752.1000 0.1278
1755.4000 0.1280
1758.2000 0.1281
1758.6000 0.1283
1759.8000 0.1285
1760.5000 0.1286
1762.9000 0.1288
1763.5000 0.1290
1766.1000 0.1292
1770.5000 0.1293
1771.0000 0.1295
1774.9000 0.1297
1781.5000 0.1299
1783.0000 0.1300
1783.0000 0.1302
1788.2000 0.1304
1789.8000 0.1306
1791.9000 0.1307
1794.9000 0.1309
1795.3000 0.1311
1796.3000 0.1312
1796.5000 0.1314
1797.0000 0.1316
1797.2000 0.1318
1801.3000 0.1319
1803.7000 0.1321
1805.8000 0.1323
1808.9000 0.1325
1809.5000 0.1326
1811.9000 0.1328
1818.1000 0.1330
1823.0000 0.1332
1824.1000 0.1333
1825.8000 0.1335
1825.8000 0.1337
1829.1000 0.1339
1829.7000 0.1340
1832.0000 0.1342
1836.4000 0.1344
1836.8000 0.1345
1838.9000 0.1347
1839.8000 0.1349
1842.8000 0.1351
1847.4000 0.1352
1848.8000 0.1354
1852.3000 0.1356
1853.2000 0.1358
1853.4000 0.1359
1853.9000 0.1361
1858.0000 0.1363
1858.2000 0.1365
1858.7000 0.1366
1861.5000 0.1368
1865.0000 0.1370
1865.1000 0.1372
1866.5000 0.1373
1869.5000 0.1375
1870.6000 0.1377
1872.2000 0.1378
1872.5000 0.1380
1872.9000 0.1382
1876.8000 0.1384
1878.4000 0.1385
1879.6000 0.1387
1882.3000 0.1389
1883.1000 0.1391
1890.5000 0.1392
1893.3000 0.1394
1897.8000 0.1396
1898.8000 0.1398
1904.4000 0.1399
1904.7000 0.1401
1907.5000 0.1403
1909.5000 0.1405
1913.3000 0.1406
1913.4000 0.1408
1913.5000 0.1410
1913.7000 0.1411
1918.8000 0.1413
1921.3000 0.1415
1923.4000 0.1417
1924.9000 0.1418
1926.7000 0.1420
1933.4000 0.1422
1934.8000 0.1424
1935.0000 0.1425
1936.8000 0.1427
1938.3000 0.1429
1939.0000 0.1431
1939.3000 0.1432
1942.5000 0.1434
1943.8000 0.1436
1944.6000 0.1437
1947.5000 0.1439
1957.2000 0.1441
1957.3000 0.1443
1958.7000 0.1444
1965.8000 0.1446
1967.0000 0.1448
1968.1000 0.1450
1970.4000 0.1451
1972.0000 0.1453
1972.7000 0.1455
1973.3000 0.1457
1973.4000 0.1458
1976.3000 0.1460
1977.2000 0.1462
1980.6000 0.1464
1981.0000 0.1465
1983.8000 0.1467
1991.4000 0.1469
1993.6000 0.1470
1995.1000 0.1472
1996.6000 0.1474
1998.0000 0.1476
1998.5000 0.1477
1998.6000 0.1479
1998.8000 0.1481
2000.9000 0.1483
2002.8000 0.1484
2003.9000 0.1486
2005.6000 0.1488
2006.0000 0.1490
2012.4000 0.1491
2013.0000 0.1493
2016.2000 0.1495
2020.3000 0.1497
2020.5000 0.1498
2022.4000 0.1500
2022.7000 0.1502
2023.0000 0.1503
2024.6000 0.1505
2026.7000 0.1507
2027.7000 0.1509
2030.6000 0.1510
2030.7000 0.1512
2041.8000 0.1514
2041.8000 0.1516
2047.3000 0.1517
2050.3000 0.1519
2051.7000 0.1521
2053.0000 0.1523
2057.6000 0.1524
2058.2000 0.1526
2059.2000 0.1528
2064.2000 0.1530
2065.9000 0.1531
2068.8000 0.1533
2072.9000 0.1535
2076.5000 0.1536
2081.9000 0.1538
2086.9000 0.1540
2094.6000 0.1542
2094.8000 0.1543
2106.8000 0.1545
2108.8000 0.1547
2110.2000 0.1549
2110.3000 0.1550
2117.3000 0.1552
2120.4000 0.1554
2120.5000 0.1556
2126.8000 0.1557
2128.3000 0.1559
2129.9000 0.1561
2131.2000 0.1562
2137.5000 0.1564
2138.0000 0.1566
2138.3000 0.1568
2139.2000 0.1569
2140.6000 0.1571
2141.5000 0.1573
2142.4000 0.1575
2147.7000 0.1576
2154.5000 0.1578
2156.7000 0.1580
2170.6000 0.1582
2172.0000 0.1583
2172.4000 0.1585
2173.1000 0.1587
2174.3000 0.1589
2177.6000 0.1590
2178.0000 0.1592
2180.8000 0.1594
2187.5000 0.1595
2188.2000 0.1597
2192.2000 0.1599
2194.0000 0.1601
2195.6000 0.1602
2196.9000 0.1604
2198.7000 0.1606
2203.4000 0.1608
2204.5000 0.1609
2209.7000 0.1611
2210.0000 0.1613
2213.8000 0.1615
2220.8000 0.1616
2222.3000 0.1618
2222.8000 0.1620
2225.4000 0.1622
2227.6000 0.1623
2230.0000 0.1625
2232.3000 0.1627
2237.8000 0.1628
2238.1000 0.1630
2241.8000 0.1632
2243.0000 0.1634
2243.8000 0.1635
2245.6000 0.1637
2246.1000 0.1639
2249.7000 0.1641
2250.9000 0.1642
2251.8000 0.1644
2252.9000 0.1646
2258.4000 0.1648
2263.1000 0.1649
2265.6000 0.1651
2271.6000 0.1653
2272.9000 0.1655
2282.0000 0.1656
2284.3000 0.1658
2285.1000 0.1660
2296.3000 0.1661
2297.3000 0.1663
2297.9000 0.1665
2301.6000 0.1667
2306.5000 0.1668
2306.8000 0.1670
2309.2000 0.1672
2312.3000 0.1674
2317.9000 0.1675
2322.8000 0.1677
2324.5000 0.1679
2333.9000 0.1681
2336.0000 0.1682
2339.3000 0.1684
2340.0000 0.1686
2341.0000 0.1687
2341.4000 0.1689
2344.5000 0.1691
2349.1000 0.1693
2355.8000 0.1694
2357.5000 0.1696
2357.7000 0.1698
2366.9000 0.1700
2368.0000 0.1701
2368.2000 0.1703
2372.1000 0.1705
2372.6000 0.1707
2373.5000 0.1708
2374.2000 0.1710
2375.5000 0.1712
2376.6000 0.1714
2381.3000 0.1715
2382.8000 0.1717
2385.8000 0.1719
2388.0000 0.1720
2391.8000 0.1722
2398.7000 0.1724
2399.7000 0.1726
2407.0000 0.1727
2413.5000 0.1729
2414.2000 0.1731
2419.8000 0.1733
2419.9000 0.1734
2420.8000 0.1736
2429.9000 0.1738
2430.2000 0.1740
2436.9000 0.1741
2442.4000 0.1743
2443.0000 0.1745
2452.1000 0.1747
2454.2000 0.1748
2455.0000 0.1750
2456.1000 0.1752
2456.7000 0.1753
2462.1000 0.1755
2464.2000 0.1757
2465.8000 0.1759
2468.5000 0.1760
2474.8000 0.1762
2476.1000 0.1764
2482.3000 0.1766
2483.2000 0.1767
2483.9000 0.1769
2484.6000 0.1771
2486.2000 0.1773
2487.3000 0.1774
2492.7000 0.1776
2495.1000 0.1778
2495.8000 0.1780
2497.8000 0.1781
2498.5000 0.1783
2499.4000 0.1785
2499.8000 0.1786
2502.4000 0.1788
2505.1000 0.1790
2505.3000 0.1792
2515.7000 0.1793
2518.4000 0.1795
2519.7000 0.1797
2520.1000 0.1799
2523.0000 0.1800
2529.9000 0.1802
2534.7000 0.1804
2535.3000 0.1806
2538.7000 0.1807
2543.4000 0.1809
2544.6000 0.1811
2547.3000 0.1812
2549.1000 0.1814
2552.2000 0.1816
2555.8000 0.1818
2558.0000 0.1819
2559.0000 0.1821
2559.0000 0.1823
2559.8000 0.1825
2560.7000 0.1826
2563.6000 0.1828
2568.4000 0.1830
2569.6000 0.1832
2571.5000 0.1833
2571.6000 0.1835
2572.2000 0.1837
2575.0000 0.1839
2575.3000 0.1840
2578.6000 0.1842
2581.4000 0.1844
2581.5000 0.1845
2590.1000 0.1847
2592.7000 0.1849
2598.4000 0.1851
2600.8000 0.1852
2603.1000 0.1854
2605.9000 0.1856
2612.3000 0.1858
2612.5000 0.1859
2615.0000 0.1861
2615.5000 0.1863
2619.4000 0.1865
2620.9000 0.1866
2624.0000 0.1868
2629.2000 0.1870
2630.5000 0.1872
2642.3000 0.1873
2644.6000 0.1875
2647.6000 0.1877
2649.6000 0.1878
2656.0000 0.1880
2659.9000 0.1882
2668.2000 0.1884
2671.0000 0.1885
2673.6000 0.1887
2678.0000 0.1889
2682.1000 0.1891
2682.2000 0.1892
2686.2000 0.1894
2687.1000 0.1896
2690.2000 0.1898
2696.5000 0.1899
2696.9000 0.1901
2699.7000 0.1903
2700.2000 0.1905
2702.0000 0.1906
2704.3000 0.1908
2704.6000 0.1910
2705.4000 0.1911
2707.9000 0.1913
2709.5000 0.1915
2710.2000 0.1917
2715.5000 0.1918
2718.3000 0.1920
2718.4000 0.1922
2718.5000 0.1924
2721.6000 0.1925
2723.3000 0.1927
2727.8000 0.1929
2727.9000 0.1931
2732.3000 0.1932
2738.8000 0.1934
2743.3000 0.1936
2743.4000 0.1937
2746.6000 0.1939
2747.7000 0.1941
2747.9000 0.1943
2753.1000 0.1944
2755.1000 0.1946
2762.6000 0.1948
2764.2000 0.1950
2766.7000 0.1951
2774.1000 0.1953
2775.6000 0.1955
2776.9000 0.1957
2783.8000 0.1958
2790.3000 0.1960
2791.2000 0.1962
2795.7000 0.1964
2796.0000 0.1965
2797.4000 0.1967
2804.8000 0.1969
2808.1000 0.1970
2810.6000 0.1972
2814.2000 0.1974
2819.0000 0.1976
2831.7000 0.1977
2841.2000 0.1979
2841.2000 0.1981
2844.5000 0.1983
2848.1000 0.1984
2850.3000 0.1986
2853.6000 0.1988
2855.4000 0.1990
2866.1000 0.1991
2866.5000 0.1993
2869.8000 0.1995
2871.4000 0.1997
2877.4000 0.1998
2881.1000 0.2000
2882.8000 0.2002
2885.0000 0.2003
2889.0000 0.2005
2891.9000 0.2007
2895.4000 0.2009
2896.2000 0.2010
2897.1000 0.2012
2899.7000 0.2014
2908.5000 0.2016
2917.2000 0.2017
2919.9000 0.2019
2923.0000 0.2021
2923.3000 0.2023
2926.8000 0.2024
2927.2000 0.2026
2933.7000 0.2028
2935.9000 0.2030
2938.3000 0.2031
2947.1000 0.2033
2950.8000 0.2035
2952.8000 0.2036
2953.2000 0.2038
2959.7000 0.2040
2965.7000 0.2042
2972.4000 0.2043
2974.3000 0.2045
2980.9000 0.2047
2981.3000 0.2049
2982.6000 0.2050
2983.3000 0.2052
2984.6000 0.2054
2992.2000 0.2056
2993.2000 0.2057
2995.5000 0.2059
2997.9000 0.2061
3002.7000 0.2062
3003.6000 0.2064
3008.5000 0.2066
3009.9000 0.2068
3011.8000 0.2069
3016.3000 0.2071
3022.8000 0.2073
3029.6000 0.2075
3036.2000 0.2076
3037.4000 0.2078
3037.7000 0.2080
3042.2000 0.2082
3045.6000 0.2083
3048.2000 0.2085
3050.5000 0.2087
3061.6000 0.2089
3068.2000 0.2090
3073.5000 0.2092
3077.7000 0.2094
3081.2000 0.2095
3085.9000 0.2097
3086.8000 0.2099
3087.0000 0.2101
3091.8000 0.2102
3116.7000 0.2104
3122.9000 0.2106
3126.0000 0.2108
3126.8000 0.2109
3134.2000 0.2111
3139.8000 0.2113
3142.5000 0.2115
3146.5000 0.2116
3150.5000 0.2118
3151.6000 0.2120
3152.5000 0.2122
3155.6000 0.2123
3158.6000 0.2125
3162.0000 0.2127
3180.8000 0.2128
3189.4000 0.2130
3197.9000 0.2132
3201.2000 0.2134
3202.5000 0.2135
3202.6000 0.2137
3205.0000 0.2139
3205.6000 0.2141
3213.8000 0.2142
3214.3000 0.2144
3215.8000 0.2146
3218.5000 0.2148
3226.4000 0.2149
3226.4000 0.2151
3227.7000 0.2153
3233.1000 0.2155
3235.2000 0.2156
3236.7000 0.2158
3237.4000 0.2160
3240.5000 0.2161
3253.0000 0.2163
3253.2000 0.2165
3256.9000 0.2167
3269.9000 0.2168
3274.7000 0.2170
3274.8000 0.2172
3275.4000 0.2174
3284.7000 0.2175
3294.9000 0.2177
3296.6000 0.2179
3297.3000 0.2181
3298.3000 0.2182
3302.6000 0.2184
3311.2000 0.2186
3313.2000 0.2187
3317.5000 0.2189
3319.1000 0.2191
3323.4000 0.2193
3330.9000 0.2194
3342.9000 0.2196
3357.5000 0.2198
3357.9000 0.2200
3366.3000 0.2201
3388.9000 0.2203
3399.9000 0.2205
3401.4000 0.2207
3403.0000 0.2208
3414.1000 0.2210
3414.2000 0.2212
3415.2000 0.2214
3416.9000 0.2215
3418.4000 0.2217
3420.5000 0.2219
3422.9000 0.2220
3424.4000 0.2222
3425.1000 0.2224
3425.1000 0.2226
3432.7000 0.2227
3440.5000 0.2229
3442.0000 0.2231
3443.8000 0.2233
3447.1000 0.2234
3448.7000 0.2236
3454.0000 0.2238
3461.6000 0.2240
3462.6000 0.2241
3463.9000 0.2243
3469.2000 0.2245
3469.4000 0.2247
3479.1000 0.2248
3489.8000 0.2250
3493.0000 0.2252
3495.1000 0.2253
3496.6000 0.2255
3497.7000 0.2257
3502.5000 0.2259
3507.2000 0.2260
3507.7000 0.2262
3513.1000 0.2264
3513.4000 0.2266
3514.3000 0.2267
3515.2000 0.2269
3520.5000 0.2271
3525.7000 0.2273
3529.5000 0.2274
3543.8000 0.2276
3546.6000 0.2278
3549.9000 0.2280
3563.1000 0.2281
3567.1000 0.2283
3579.2000 0.2285
3580.7000 0.2286
3584.3000 0.2288
3585.3000 0.2290
3591.9000 0.2292
3593.7000 0.2293
3597.6000 0.2295
3600.5000 0.2297
3618.2000 0.2299
3621.0000 0.2300
3622.3000 0.2302
3630.3000 0.2304
3631.8000 0.2306
3633.0000 0.2307
3636.8000 0.2309
3637.4000 0.2311
3640.2000 0.2312
3645.5000 0.2314
3646.9000 0.2316
3649.8000 0.2318
3649.9000 0.2319
3652.6000 0.2321
3656.1000 0.2323
3656.7000 0.2325
3666.8000 0.2326
3676.2000 0.2328
3677.1000 0.2330
3680.1000 0.2332
3688.7000 0.2333
3689.9000 0.2335
3692.1000 0.2337
3699.6000 0.2339
3707.1000 0.2340
3712.9000 0.2342
3722.0000 0.2344
3723.2000 0.2345
3726.1000 0.2347
3729.6000 0.2349
3731.7000 0.2351
3732.9000 0.2352
3736.9000 0.2354
3741.0000 0.2356
3742.9000 0.2358
3743.0000 0.2359
3754.5000 0.2361
3757.4000 0.2363
3764.2000 0.2365
3764.9000 0.2366
3768.9000 0.2368
3773.2000 0.2370
3773.8000 0.2372
3775.3000 0.2373
3779.2000 0.2375
3781.8000 0.2377
3783.1000 0.2378
3783.7000 0.2380
3789.3000 0.2382
3792.4000 0.2384
3793.5000 0.2385
3794.6000 0.2387
3796.0000 0.2389
3805.9000 0.2391
3812.2000 0.2392
3814.0000 0.2394
3814.9000 0.2396
3818.9000 0.2398
3819.3000 0.2399
3820.2000 0.2401
3831.6000 0.2403
3836.8000 0.2405
3837.3000 0.2406
3839.3000 0.2408
3839.5000 0.2410
3867.5000 0.2411
3869.8000 0.2413
3873.7000 0.2415
3880.4000 0.2417
3888.2000 0.2418
3889.2000 0.2420
3895.2000 0.2422
3895.7000 0.2424
3896.7000 0.2425
3897.8000 0.2427
3910.7000 0.2429
3911.6000 0.2431
3915.0000 0.2432
3917.0000 0.2434
3921.4000 0.2436
3922.8000 0.2437
3926.8000 0.2439
3929.0000 0.2441
3930.9000 0.2443
3932.2000 0.2444
3939.9000 0.2446
3940.0000 0.2448
3941.5000 0.2450
3949.3000 0.2451
3956.0000 0.2453
3961.6000 0.2455
3962.6000 0.2457
3971.0000 0.2458
3975.9000 0.2460
3978.2000 0.2462
3979.0000 0.2464
3989.1000 0.2465
3990.2000 0.2467
3991.8000 0.2469
3992.7000 0.2470
3993.1000 0.2472
3995.5000 0.2474
3997.0000 0.2476
4002.7000 0.2477
4010.2000 0.2479
4012.6000 0.2481
4015.6000 0.2483
4024.4000 0.2484
4025.8000 0.2486
4026.5000 0.2488
4039.1000 0.2490
4039.6000 0.2491
4044.0000 0.2493
4044.5000 0.2495
4052.4000 0.2497
4052.8000 0.2498
4053.2000 0.2500
4057.7000 0.2502
4060.4000 0.2503
4064.4000 0.2505
4064.6000 0.2507
4066.1000 0.2509
4069.2000 0.2510
4070.4000 0.2512
4071.0000 0.2514
4075.8000 0.2516
4078.8000 0.2517
4088.0000 0.2519
4088.3000 0.2521
4089.7000 0.2523
4099.3000 0.2524
4101.2000 0.2526
4114.4000 0.2528
4114.6000 0.2530
4114.7000 0.2531
4115.6000 0.2533
4116.5000 0.2535
4122.0000 0.2536
4122.9000 0.2538
4124.6000 0.2540
4128.7000 0.2542
4137.6000 0.2543
4142.8000 0.2545
4152.7000 0.2547
4155.8000 0.2549
4162.6000 0.2550
4165.4000 0.2552
4171.5000 0.2554
4173.0000 0.2556
4177.6000 0.2557
4177.8000 0.2559
4182.6000 0.2561
4186.5000 0.2563
4190.1000 0.2564
4191.4000 0.2566
4200.9000 0.2568
4201.3000 0.2569
4203.6000 0.2571
4222.2000 0.2573
4226.3000 0.2575
4228.6000 0.2576
4232.4000 0.2578
4239.2000 0.2580
4239.4000 0.2582
4240.6000 0.2583
4242.8000 0.2585
4246.7000 0.2587
4253.1000 0.2589
4254.2000 0.2590
4258.7000 0.2592
4268.0000 0.2594
4279.4000 0.2595
4279.8000 0.2597
4280.1000 0.2599
4287.8000 0.2601
4296.7000 0.2602
4299.4000 0.2604
4302.1000 0.2606
4302.9000 0.2608
4308.9000 0.2609
4309.5000 0.2611
4310.6000 0.2613
4312.1000 0.2615
4313.3000 0.2616
4314.3000 0.2618
4320.7000 0.2620
4322.3000 0.2622
4327.1000 0.2623
4329.9000 0.2625
4337.7000 0.2627
4348.1000 0.2628
4350.2000 0.2630
4360.5000 0.2632
4360.8000 0.2634
4364.0000 0.2635
4365.8000 0.2637
4366.5000 0.2639
4367.8000 0.2641
4367.9000 0.2642
4379.4000 0.2644
4379.4000 0.2646
4382.5000 0.2648
4392.0000 0.2649
4414.3000 0.2651
4417.7000 0.2653
4425.5000 0.2655
4438.6000 0.2656
4441.7000 0.2658
4444.7000 0.2660
4453.8000 0.2661
4454.2000 0.2663
4456.4000 0.2665
4459.7000 0.2667
4475.1000 0.2668
4477.3000 0.2670
4482.3000 0.2672
4483.8000 0.2674
4483.9000 0.2675
4502.9000 0.2677
4509.5000 0.2679
4510.1000 0.2681
4529.6000 0.2682
4537.4000 0.2684
4539.5000 0.2686
4559.8000 0.2688
4564.2000 0.2689
4566.2000 0.2691
4569.5000 0.2693
4572.6000 0.2694
4572.9000 0.2696
4574.0000 0.2698
4574.5000 0.2700
4589.6000 0.2701
4593.2000 0.2703
4594.0000 0.2705
4600.5000 0.2707
4606.2000 0.2708
4606.6000 0.2710
4608.2000 0.2712
4638.3000 0.2714
4644.8000 0.2715
4647.2000 0.2717
4647.8000 0.2719
4648.8000 0.2720
4654.0000 0.2722
4655.0000 0.2724
4655.6000 0.2726
4658.7000 0.2727
4663.3000 0.2729
4678.4000 0.2731
4690.8000 0.2733
4694.6000 0.2734
4708.9000 0.2736
4711.8000 0.2738
4718.6000 0.2740
4719.8000 0.2741
4724.8000 0.2743
4728.6000 0.2745
4734.3000 0.2747
4742.0000 0.2748
4742.1000 0.2750
4743.4000 0.2752
4743.4000 0.2753
4745.6000 0.2755
4748.3000 0.2757
4749.5000 0.2759
4750.9000 0.2760
4752.0000 0.2762
4762.6000 0.2764
4765.6000 0.2766
4766.7000 0.2767
4769.7000 0.2769
4773.4000 0.2771
4788.3000 0.2773
4809.3000 0.2774
4820.4000 0.2776
4828.3000 0.2778
4830.3000 0.2780
4836.0000 0.2781
4851.1000 0.2783
4860.3000 0.2785
4863.9000 0.2786
4868.0000 0.2788
4873.8000 0.2790
4874.0000 0.2792
4875.7000 0.2793
4887.7000 0.2795
4890.2000 0.2797
4890.4000 0.2799
4890.9000 0.2800
4895.6000 0.2802
4907.8000 0.2804
4923.2000 0.2806
4930.8000 0.2807
4935.3000 0.2809
4946.2000 0.2811
4954.1000 0.2813
4957.4000 0.2814
4961.0000 0.2816
4972.8000 0.2818
4977.5000 0.2819
4977.8000 0.2821
4977.8000 0.2823
4986.8000 0.2825
4990.2000 0.2826
4992.0000 0.2828
4995.3000 0.2830
4998.3000 0.2832
5003.4000 0.2833
5005.1000 0.2835
5005.3000 0.2837
5011.1000 0.2839
5019.2000 0.2840
5032.0000 0.2842
5033.7000 0.2844
5040.2000 0.2845
5048.0000 0.2847
5064.3000 0.2849
5070.1000 0.2851
5071.3000 0.2852
5073.7000 0.2854
5079.0000 0.2856
5083.1000 0.2858
5091.2000 0.2859
5096.3000 0.2861
5112.9000 0.2863
5116.4000 0.2865
5116.5000 0.2866
5118.0000 0.2868
5119.0000 0.2870
5119.1000 0.2872
5120.4000 0.2873
5121.9000 0.2875
5122.1000 0.2877
5123.9000 0.2878
5125.2000 0.2880
5128.5000 0.2882
5143.3000 0.2884
5159.1000 0.2885
5163.8000 0.2887
5165.2000 0.2889
5185.0000 0.2891
5185.3000 0.2892
5186.6000 0.2894
5188.4000 0.2896
5194.1000 0.2898
5202.7000 0.2899
5203.3000 0.2901
5218.1000 0.2903
5220.6000 0.2905
5223.1000 0.2906
5231.3000 0.2908
5237.4000 0.2910
5237.6000 0.2911
5239.8000 0.2913
5253.0000 0.2915
5262.3000 0.2917
5271.9000 0.2918
5280.4000 0.2920
5280.9000 0.2922
5283.3000 0.2924
5298.8000 0.2925
5302.0000 0.2927
5303.6000 0.2929
5306.4000 0.2931
5307.9000 0.2932
5309.7000 0.2934
5319.8000 0.2936
5328.3000 0.2938
5328.5000 0.2939
5336.8000 0.2941
5339.9000 0.2943
5343.0000 0.2944
5343.5000 0.2946
5343.6000 0.2948
5355.6000 0.2950
5356.1000 0.2951
5360.7000 0.2953
5366.4000 0.2955
5371.7000 0.2957
5383.5000 0.2958
5385.2000 0.2960
5387.2000 0.2962
5391.1000 0.2964
5404.9000 0.2965
5405.6000 0.2967
5418.6000 0.2969
5433.4000 0.2970
5438.1000 0.2972
5446.9000 0.2974
5458.3000 0.2976
5465.8000 0.2977
5471.1000 0.2979
5475.6000 0.2981
5480.6000 0.2983
5481.0000 0.2984
5488.5000 0.2986
5489.3000 0.2988
5490.0000 0.2990
5490.2000 0.2991
5490.7000 0.2993
5490.8000 0.2995
5498.7000 0.2997
5503.3000 0.2998
5512.6000 0.3000
5513.8000 0.3002
5519.4000 0.3003
5521.9000 0.3005
5522.3000 0.3007
5525.2000 0.3009
5526.3000 0.3010
5528.6000 0.3012
5531.4000 0.3014
5533.2000 0.3016
5539.0000 0.3017
5539.1000 0.3019
5545.5000 0.3021
5546.2000 0.3023
5552.2000 0.3024
5554.8000 0.3026
5561.5000 0.3028
5594.7000 0.3030
5600.2000 0.3031
5612.7000 0.3033
5626.8000 0.3035
5633.8000 0.3036
5642.3000 0.3038
5642.4000 0.3040
5646.0000 0.3042
5650.7000 0.3043
5653.5000 0.3045
5663.1000 0.3047
5668.7000 0.3049
5670.7000 0.3050
5681.9000 0.3052
5685.1000 0.3054
5691.6000 0.3056
5702.3000 0.3057
5703.3000 0.3059
5715.5000 0.3061
5716.0000 0.3063
5720.5000 0.3064
5722.6000 0.3066
5722.8000 0.3068
5725.9000 0.3069
5729.3000 0.3071
5735.0000 0.3073
5749.2000 0.3075
5754.7000 0.3076
5763.6000 0.3078
5765.4000 0.3080
5765.8000 0.3082
5772.6000 0.3083
5773.1000 0.3085
5782.1000 0.3087
5786.4000 0.3089
5790.4000 0.3090
5803.9000 0.3092
5806.8000 0.3094
5809.2000 0.3095
5824.1000 0.3097
5842.0000 0.3099
5858.4000 0.3101
5859.1000 0.3102
5860.0000 0.3104
5864.7000 0.3106
5884.4000 0.3108
5885.1000 0.3109
5886.7000 0.3111
5888.1000 0.3113
5892.8000 0.3115
5894.7000 0.3116
5897.4000 0.3118
5898.3000 0.3120
5906.0000 0.3122
5906.9000 0.3123
5909.2000 0.3125
5913.1000 0.3127
5916.6000 0.3128
5924.8000 0.3130
5928.9000 0.3132
5931.2000 0.3134
5931.7000 0.3135
5934.7000 0.3137
5935.0000 0.3139
5935.6000 0.3141
5943.4000 0.3142
5950.2000 0.3144
5950.7000 0.3146
5952.9000 0.3148
5956.0000 0.3149
5959.5000 0.3151
5960.1000 0.3153
5960.8000 0.3155
5963.0000 0.3156
5969.3000 0.3158
5976.6000 0.3160
5977.4000 0.3161
5981.4000 0.3163
5990.0000 0.3165
6016.3000 0.3167
6031.0000 0.3168
6031.5000 0.3170
6040.1000 0.3172
6041.4000 0.3174
6057.0000 0.3175
6058.6000 0.3177
6059.4000 0.3179
6063.2000 0.3181
6071.4000 0.3182
6073.2000 0.3184
6113.6000 0.3186
6115.0000 0.3188
6116.1000 0.3189
6123.8000 0.3191
6128.5000 0.3193
6136.9000 0.3194
6138.6000 0.3196
6140.3000 0.3198
6140.5000 0.3200
6141.8000 0.3201
6142.5000 0.3203
6148.4000 0.3205
6150.9000 0.3207
6154.8000 0.3208
6162.3000 0.3210
6166.9000 0.3212
6169.1000 0.3214
6177.1000 0.3215
6186.4000 0.3217
6186.6000 0.3219
6191.0000 0.3220
6193.8000 0.3222
6196.5000 0.3224
6197.5000 0.3226
6197.6000 0.3227
6200.2000 0.3229
6217.9000 0.3231
6230.6000 0.3233
6252.1000 0.3234
6258.5000 0.3236
6268.6000 0.3238
6269.7000 0.3240
6278.7000 0.3241
6282.7000 0.3243
6285.6000 0.3245
6287.0000 0.3247
6293.5000 0.3248
6294.7000 0.3250
6296.4000 0.3252
6298.2000 0.3253
6301.3000 0.3255
6303.0000 0.3257
6304.0000 0.3259
6305.6000 0.3260
6312.7000 0.3262
6313.2000 0.3264
6317.3000 0.3266
6327.7000 0.3267
6332.2000 0.3269
6332.3000 0.3271
6335.6000 0.3273
6347.0000 0.3274
6355.0000 0.3276
6359.2000 0.3278
6362.8000 0.3280
6371.0000 0.3281
6376.9000 0.3283
6384.4000 0.3285
6389.3000 0.3286
6404.8000 0.3288
6411.8000 0.3290
6422.1000 0.3292
6425.5000 0.3293
6426.8000 0.3295
6428.7000 0.3297
6432.0000 0.3299
6432.8000 0.3300
6433.6000 0.3302
6442.1000 0.3304
6444.8000 0.3306
6450.2000 0.3307
6452.9000 0.3309
6453.8000 0.3311
6458.9000 0.3313
6467.6000 0.3314
6470.8000 0.3316
6475.6000 0.3318
6486.9000 0.3319
6488.7000 0.3321
6496.4000 0.3323
6498.1000 0.3325
6528.0000 0.3326
6530.3000 0.3328
6535.1000 0.3330
6536.7000 0.3332
6542.0000 0.3333
6556.9000 0.3335
6563.8000 0.3337
6579.0000 0.3339
6588.1000 0.3340
6596.1000 0.3342
6598.3000 0.3344
6605.1000 0.3345
6607.2000 0.3347
6608.2000 0.3349
6609.8000 0.3351
6611.1000 0.3352
6613.8000 0.3354
6621.3000 0.3356
6643.3000 0.3358
6650.5000 0.3359
6651.6000 0.3361
6655.2000 0.3363
6664.2000 0.3365
6664.6000 0.3366
6666.3000 0.3368
6672.6000 0.3370
6674.5000 0.3372
6682.5000 0.3373
6682.9000 0.3375
6683.8000 0.3377
6685.3000 0.3378
6693.5000 0.3380
6695.1000 0.3382
6703.0000 0.3384
6721.0000 0.3385
6722.3000 0.3387
6735.9000 0.3389
6736.9000 0.3391
6738.1000 0.3392
6750.1000 0.3394
6758.1000 0.3396
6764.2000 0.3398
6771.1000 0.3399
6771.9000 0.3401
6777.9000 0.3403
6778.1000 0.3405
6781.8000 0.3406
6784.2000 0.3408
6788.3000 0.3410
6795.6000 0.3411
6798.2000 0.3413
6799.8000 0.3415
6808.8000 0.3417
6812.5000 0.3418
6815.0000 0.3420
6831.3000 0.3422
6840.7000 0.3424
6844.6000 0.3425
6855.6000 0.3427
6865.8000 0.3429
6868.5000 0.3431
6870.0000 0.3432
6884.6000 0.3434
6905.1000 0.3436
6909.7000 0.3438
6912.4000 0.3439
6912.6000 0.3441
6922.7000 0.3443
6923.8000 0.3444
6933.0000 0.3446
6936.6000 0.3448
6945.9000 0.3450
6950.6000 0.3451
6951.1000 0.3453
6963.1000 0.3455
6963.5000 0.3457
6963.6000 0.3458
6966.9000 0.3460
6967.4000 0.3462
6968.5000 0.3464
6968.6000 0.3465
6971.0000 0.3467
6977.0000 0.3469
6978.3000 0.3470
6986.6000 0.3472
6988.7000 0.3474
6994.6000 0.3476
7001.9000 0.3477
7009.8000 0.3479
7012.8000 0.3481
7016.0000 0.3483
7017.6000 0.3484
7017.7000 0.3486
7018.2000 0.3488
7020.6000 0.3490
7021.6000 0.3491
7024.4000 0.3493
7025.7000 0.3495
7026.7000 0.3497
7041.3000 0.3498
7049.1000 0.3500
7055.0000 0.3502
7058.5000 0.3503
7064.6000 0.3505
7074.1000 0.3507
7076.0000 0.3509
7077.3000 0.3510
7077.5000 0.3512
7082.9000 0.3514
7084.0000 0.3516
7086.3000 0.3517
7092.9000 0.3519
7093.9000 0.3521
7095.1000 0.3523
7096.5000 0.3524
7100.4000 0.3526
7107.3000 0.3528
7116.4000 0.3530
7119.3000 0.3531
7129.4000 0.3533
7134.6000 0.3535
7134.8000 0.3536
7137.1000 0.3538
7139.5000 0.3540
7148.5000 0.3542
7151.6000 0.3543
7157.4000 0.3545
7166.7000 0.3547
7169.2000 0.3549
7178.9000 0.3550
7181.6000 0.3552
7186.4000 0.3554
7188.4000 0.3556
7189.5000 0.3557
7189.6000 0.3559
7190.3000 0.3561
7191.3000 0.3563
7192.9000 0.3564
7198.8000 0.3566
7204.7000 0.3568
7207.0000 0.3569
7209.9000 0.3571
7210.2000 0.3573
7214.4000 0.3575
7229.4000 0.3576
7230.2000 0.3578
7231.1000 0.3580
7231.7000 0.3582
7234.0000 0.3583
7246.1000 0.3585
7248.8000 0.3587
7255.9000 0.3589
7258.6000 0.3590
7262.4000 0.3592
7271.0000 0.3594
7271.3000 0.3595
7290.8000 0.3597
7293.6000 0.3599
7302.9000 0.3601
7305.6000 0.3602
7324.8000 0.3604
7328.7000 0.3606
7346.3000 0.3608
7362.0000 0.3609
7365.3000 0.3611
7365.3000 0.3613
7365.9000 0.3615
7367.9000 0.3616
7371.8000 0.3618
7374.6000 0.3620
7379.1000 0.3622
7384.6000 0.3623
7390.4000 0.3625
7398.7000 0.3627
7400.6000 0.3628
7409.7000 0.3630
7412.0000 0.3632
7443.2000 0.3634
7462.1000 0.3635
7470.4000 0.3637
7482.6000 0.3639
7493.5000 0.3641
7502.0000 0.3642
7505.3000 0.3644
7510.1000 0.3646
7513.1000 0.3648
7520.5000 0.3649
7526.6000 0.3651
7531.6000 0.3653
7533.6000 0.3655
7552.5000 0.3656
7582.8000 0.3658
7586.4000 0.3660
7592.3000 0.3661
7594.3000 0.3663
7595.8000 0.3665
7599.3000 0.3667
7603.8000 0.3668
7613.3000 0.3670
7618.9000 0.3672
7624.4000 0.3674
7626.0000 0.3675
7629.1000 0.3677
7639.1000 0.3679
7650.6000 0.3681
7664.6000 0.3682
7665.6000 0.3684
7669.3000 0.3686
7669.8000 0.3688
7681.6000 0.3689
7684.5000 0.3691
7698.3000 0.3693
7699.6000 0.3694
7732.4000 0.3696
7745.0000 0.3698
7753.4000 0.3700
7756.4000 0.3701
7762.2000 0.3703
7763.0000 0.3705
7767.6000 0.3707
7771.9000 0.3708
7778.2000 0.3710
7782.4000 0.3712
7785.5000 0.3714
7786.1000 0.3715
7788.0000 0.3717
7788.7000 0.3719
7792.1000 0.3720
7807.0000 0.3722
7808.3000 0.3724
7815.8000 0.3726
7815.9000 0.3727
7820.1000 0.3729
7822.3000 0.3731
7825.7000 0.3733
7829.6000 0.3734
7848.8000 0.3736
7850.4000 0.3738
7875.6000 0.3740
7876.8000 0.3741
7877.7000 0.3743
7880.8000 0.3745
7880.8000 0.3747
7881.5000 0.3748
7881.5000 0.3750
7881.6000 0.3752
7884.3000 0.3753
7895.1000 0.3755
7897.5000 0.3757
7905.4000 0.3759
7905.4000 0.3760
7913.9000 0.3762
7917.4000 0.3764
7917.5000 0.3766
7937.9000 0.3767
7941.9000 0.3769
7946.5000 0.3771
7953.6000 0.3773
7981.0000 0.3774
7984.8000 0.3776
7998.8000 0.3778
8000.4000 0.3780
8006.6000 0.3781
8012.2000 0.3783
8012.7000 0.3785
8026.1000 0.3786
8027.3000 0.3788
8038.2000 0.3790
8042.1000 0.3792
8050.1000 0.3793
8053.5000 0.3795
8064.3000 0.3797
8064.8000 0.3799
8070.0000 0.3800
8080.2000 0.3802
8091.3000 0.3804
8127.5000 0.3806
8128.2000 0.3807
8135.7000 0.3809
8138.6000 0.3811
8142.1000 0.3813
8145.6000 0.3814
8154.0000 0.3816
8164.0000 0.3818
8169.6000 0.3819
8169.7000 0.3821
8172.4000 0.3823
8180.8000 0.3825
8186.8000 0.3826
8193.7000 0.3828
8209.0000 0.3830
8209.7000 0.3832
8212.8000 0.3833
8218.5000 0.3835
8242.6000 0.3837
8259.2000 0.3839
8261.3000 0.3840
8264.0000 0.3842
8270.8000 0.3844
8272.5000 0.3845
8274.8000 0.3847
8278.6000 0.3849
8289.3000 0.3851
8289.5000 0.3852
8290.2000 0.3854
8291.5000 0.3856
8291.9000 0.3858
8293.6000 0.3859
8298.0000 0.3861
8309.7000 0.3863
8312.0000 0.3865
8314.2000 0.3866
8315.1000 0.3868
8320.5000 0.3870
8322.7000 0.3872
8328.4000 0.3873
8330.8000 0.3875
8333.8000 0.3877
8337.5000 0.3878
8347.6000 0.3880
8347.8000 0.3882
8350.8000 0.3884
8354.2000 0.3885
8357.3000 0.3887
8360.6000 0.3889
8366.0000 0.3891
8367.4000 0.3892
8379.4000 0.3894
8385.1000 0.3896
8388.0000 0.3898
8390.6000 0.3899
8397.9000 0.3901
8423.1000 0.3903
8424.1000 0.3905
8428.6000 0.3906
8433.6000 0.3908
8442.3000 0.3910
8451.4000 0.3911
8452.1000 0.3913
8455.4000 0.3915
8461.1000 0.3917
8472.4000 0.3918
8476.3000 0.3920
8481.4000 0.3922
8485.4000 0.3924
8486.6000 0.3925
8489.2000 0.3927
8498.0000 0.3929
8508.5000 0.3931
8511.1000 0.3932
8513.0000 0.3934
8522.6000 0.3936
8524.2000 0.3938
8538.1000 0.3939
8538.6000 0.3941
8539.9000 0.3943
8541.2000 0.3944
8544.7000 0.3946
8549.0000 0.3948
8552.2000 0.3950
8559.9000 0.3951
8561.0000 0.3953
8570.6000 0.3955
8571.7000 0.3957
8579.2000 0.3958
8579.5000 0.3960
8587.7000 0.3962
8588.5000 0.3964
8591.2000 0.3965
8596.6000 0.3967
8611.3000 0.3969
8612.4000 0.3970
8615.6000 0.3972
8622.0000 0.3974
8633.4000 0.3976
8635.8000 0.3977
8642.4000 0.3979
8648.6000 0.3981
8650.0000 0.3983
8650.0000 0.3984
8651.7000 0.3986
8654.7000 0.3988
8677.1000 0.3990
8684.1000 0.3991
8700.4000 0.3993
8704.3000 0.3995
8711.1000 0.3997
8716.5000 0.3998
8719.4000 0.4000
8722.5000 0.4002
8727.2000 0.4003
8727.5000 0.4005
8728.9000 0.4007
8729.9000 0.4009
8733.2000 0.4010
8735.1000 0.4012
8739.0000 0.4014
8739.3000 0.4016
8755.3000 0.4017
8781.8000 0.4019
8786.6000 0.4021
8799.0000 0.4023
8809.2000 0.4024
8816.2000 0.4026
8821.7000 0.4028
8824.6000 0.4030
8830.4000 0.4031
8833.5000 0.4033
8835.9000 0.4035
8839.6000 0.4036
8858.7000 0.4038
8867.2000 0.4040
8877.0000 0.4042
8880.9000 0.4043
8882.2000 0.4045
8893.3000 0.4047
8921.6000 0.4049
8925.2000 0.4050
8926.9000 0.4052
8929.7000 0.4054
8942.5000 0.4056
8944.8000 0.4057
8951.4000 0.4059
8958.7000 0.4061
8964.9000 0.4063
8968.0000 0.4064
8968.9000 0.4066
8969.0000 0.4068
8973.3000 0.4069
8975.5000 0.4071
8981.3000 0.4073
8981.6000 0.4075
8988.9000 0.4076
8998.9000 0.4078
9002.1000 0.4080
9019.2000 0.4082
9028.2000 0.4083
9049.3000 0.4085
9051.7000 0.4087
9060.3000 0.4089
9065.8000 0.4090
9077.4000 0.4092
9077.4000 0.4094
9078.3000 0.4095
9078.7000 0.4097
9079.2000 0.4099
9081.0000 0.4101
9091.1000 0.4102
9093.8000 0.4104
9094.6000 0.4106
9102.6000 0.4108
9104.2000 0.4109
9110.1000 0.4111
9122.9000 0.4113
9128.1000 0.4115
9130.0000 0.4116
9137.8000 0.4118
9141.3000 0.4120
9143.8000 0.4122
9145.5000 0.4123
9155.7000 0.4125
9156.3000 0.4127
9162.0000 0.4128
9170.5000 0.4130
9172.2000 0.4132
9176.2000 0.4134
9182.3000 0.4135
9182.6000 0.4137
9184.1000 0.4139
9197.0000 0.4141
9201.5000 0.4142
9202.1000 0.4144
9214.3000 0.4146
9214.4000 0.4148
9224.3000 0.4149
9224.4000 0.4151
9225.8000 0.4153
9233.6000 0.4155
9236.1000 0.4156
9242.8000 0.4158
9242.9000 0.4160
9247.4000 0.4161
9250.9000 0.4163
9256.2000 0.4165
9261.5000 0.4167
9273.3000 0.4168
9284.3000 0.4170
9297.6000 0.4172
9298.5000 0.4174
9300.0000 0.4175
9313.7000 0.4177
9314.6000 0.4179
9319.2000 0.4181
9326.1000 0.4182
9337.0000 0.4184
9369.2000 0.4186
9377.2000 0.4188
9387.8000 0.4189
9397.0000 0.4191
9399.8000 0.4193
9400.0000 0.4194
9400.4000 0.4196
9427.7000 0.4198
9439.4000 0.4200
9442.1000 0.4201
9460.1000 0.4203
9461.1000 0.4205
9465.3000 0.4207
9466.3000 0.4208
9469.8000 0.4210
9471.4000 0.4212
9473.5000 0.4214
9475.1000 0.4215
9476.4000 0.4217
9489.7000 0.4219
9504.6000 0.4220
9526.7000 0.4222
9531.4000 0.4224
9541.7000 0.4226
9549.2000 0.4227
9549.5000 0.4229
9549.8000 0.4231
9550.1000 0.4233
9550.1000 0.4234
9554.9000 0.4236
9567.6000 0.4238
9585.9000 0.4240
9596.7000 0.4241
9606.4000 0.4243
9616.3000 0.4245
9632.6000 0.4247
9633.1000 0.4248
9633.6000 0.4250
9636.6000 0.4252
9640.7000 0.4253
9642.4000 0.4255
9648.9000 0.4257
9650.0000 0.4259
9651.1000 0.4260
9651.5000 0.4262
9665.2000 0.4264
9685.9000 0.4266
9707.5000 0.4267
9725.6000 0.4269
9731.0000 0.4271
9731.3000 0.4273
9734.9000 0.4274
9737.9000 0.4276
9744.0000 0.4278
9750.9000 0.4280
9751.1000 0.4281
9760.5000 0.4283
9763.5000 0.4285
9765.4000 0.4286
9765.5000 0.4288
9769.8000 0.4290
9775.5000 0.4292
9781.8000 0.4293
9784.7000 0.4295
9789.1000 0.4297
9791.5000 0.4299
9798.6000 0.4300
9799.9000 0.4302
9803.0000 0.4304
9812.2000 0.4306
9819.3000 0.4307
9836.6000 0.4309
9837.4000 0.4311
9839.1000 0.4313
9854.9000 0.4314
9862.6000 0.4316
9866.6000 0.4318
9867.6000 0.4319
9886.0000 0.4321
9888.9000 0.4323
9890.8000 0.4325
9898.1000 0.4326
9901.7000 0.4328
9903.8000 0.4330
9911.3000 0.4332
9914.2000 0.4333
9929.0000 0.4335
9931.8000 0.4337
9933.1000 0.4339
9934.6000 0.4340
9937.0000 0.4342
9938.9000 0.4344
9939.2000 0.4345
9940.8000 0.4347
9951.8000 0.4349
9956.3000 0.4351
9958.2000 0.4352
9958.8000 0.4354
9965.0000 0.4356
9971.4000 0.4358
9973.1000 0.4359
9974.0000 0.4361
9979.1000 0.4363
9980.8000 0.4365
9984.9000 0.4366
9998.4000 0.4368
10000.4000 0.4370
10008.8000 0.4372
10016.7000 0.4373
10022.6000 0.4375
10026.7000 0.4377
10033.3000 0.4378
10041.2000 0.4380
10043.4000 0.4382
10057.0000 0.4384
10063.5000 0.4385
10066.4000 0.4387
10072.1000 0.4389
10088.3000 0.4391
10089.5000 0.4392
10096.2000 0.4394
10097.4000 0.4396
10104.2000 0.4398
10114.7000 0.4399
10126.2000 0.4401
10127.0000 0.4403
10138.1000 0.4405
10138.6000 0.4406
10145.4000 0.4408
10149.4000 0.4410
10159.9000 0.4411
10175.9000 0.4413
10176.2000 0.4415
10188.9000 0.4417
10209.1000 0.4418
10217.1000 0.4420
10217.3000 0.4422
10219.2000 0.4424
10219.3000 0.4425
10233.7000 0.4427
10246.5000 0.4429
10249.4000 0.4431
10252.0000 0.4432
10256.9000 0.4434
10285.6000 0.4436
10297.3000 0.4438
10322.6000 0.4439
10325.3000 0.4441
10339.4000 0.4443
10341.0000 0.4444
10347.8000 0.4446
10348.5000 0.4448
10349.9000 0.4450
10352.4000 0.4451
10353.5000 0.4453
10358.5000 0.4455
10371.9000 0.4457
10378.9000 0.4458
10382.0000 0.4460
10382.7000 0.4462
10394.1000 0.4464
10394.1000 0.4465
10418.5000 0.4467
10420.6000 0.4469
10427.6000 0.4470
10431.7000 0.4472
10433.4000 0.4474
10440.5000 0.4476
10446.9000 0.4477
10447.6000 0.4479
10466.8000 0.4481
10472.7000 0.4483
10473.0000 0.4484
10475.2000 0.4486
10479.6000 0.4488
10488.2000 0.4490
10489.5000 0.4491
10490.8000 0.4493
10500.1000 0.4495
10503.3000 0.4497
10530.2000 0.4498
10530.7000 0.4500
10531.0000 0.4502
10535.3000 0.4503
10549.9000 0.4505
10556.6000 0.4507
10566.8000 0.4509
10568.6000 0.4510
10570.1000 0.4512
10585.9000 0.4514
10595.4000 0.4516
10597.8000 0.4517
10598.3000 0.4519
10603.7000 0.4521
10618.1000 0.4523
10624.7000 0.4524
10625.6000 0.4526
10633.6000 0.4528
10638.2000 0.4530
10638.6000 0.4531
10644.3000 0.4533
10646.6000 0.4535
10654.8000 0.4536
10663.0000 0.4538
10670.3000 0.4540
10674.6000 0.4542
10677.3000 0.4543
10678.2000 0.4545
10679.8000 0.4547
10690.6000 0.4549
10694.2000 0.4550
10698.0000 0.4552
10705.0000 0.4554
10716.3000 0.4556
10721.8000 0.4557
10725.6000 0.4559
10727.5000 0.4561
10729.0000 0.4563
10735.2000 0.4564
10743.1000 0.4566
10747.8000 0.4568
10752.8000 0.4569
10754.6000 0.4571
10758.9000 0.4573
10768.1000 0.4575
10769.2000 0.4576
10775.2000 0.4578
10784.8000 0.4580
10787.1000 0.4582
10790.6000 0.4583
10792.2000 0.4585
10793.7000 0.4587
10803.7000 0.4589
10819.4000 0.4590
10820.4000 0.4592
10838.5000 0.4594
10854.2000 0.4595
10856.1000 0.4597
10859.0000 0.4599
10861.4000 0.4601
10863.1000 0.4602
10866.7000 0.4604
10869.1000 0.4606
10877.2000 0.4608
10886.1000 0.4609
10892.5000 0.4611
10897.4000 0.4613
10901.4000 0.4615
10902.6000 0.4616
10911.3000 0.4618
10912.5000 0.4620
10927.1000 0.4622
10927.3000 0.4623
10929.1000 0.4625
10930.5000 0.4627
10931.0000 0.4628
10931.4000 0.4630
10934.1000 0.4632
10937.7000 0.4634
10938.6000 0.4635
10946.0000 0.4637
10959.0000 0.4639
10967.4000 0.4641
10972.5000 0.4642
10987.3000 0.4644
11002.3000 0.4646
11002.8000 0.4648
11003.3000 0.4649
11004.1000 0.4651
11005.8000 0.4653
11012.6000 0.4655
11012.8000 0.4656
11015.7000 0.4658
11021.9000 0.4660
11030.7000 0.4661
11032.0000 0.4663
11032.8000 0.4665
11040.5000 0.4667
11047.3000 0.4668
11054.3000 0.4670
11055.2000 0.4672
11057.0000 0.4674
11058.9000 0.4675
11061.3000 0.4677
11069.5000 0.4679
11081.9000 0.4681
11082.5000 0.4682
11089.3000 0.4684
11108.2000 0.4686
11112.4000 0.4688
11121.1000 0.4689
11129.9000 0.4691
11134.6000 0.4693
11143.5000 0.4694
11146.3000 0.4696
11147.8000 0.4698
11148.2000 0.4700
11157.0000 0.4701
11162.6000 0.4703
11165.1000 0.4705
11168.5000 0.4707
11183.6000 0.4708
11186.3000 0.4710
11189.9000 0.4712
11192.1000 0.4714
11193.3000 0.4715
11194.0000 0.4717
11201.7000 0.4719
11215.8000 0.4720
11223.9000 0.4722
11231.1000 0.4724
11233.9000 0.4726
11235.4000 0.4727
11239.4000 0.4729
11240.5000 0.4731
11248.4000 0.4733
11255.5000 0.4734
11257.0000 0.4736
11267.0000 0.4738
11267.5000 0.4740
11267.9000 0.4741
11270.6000 0.4743
11287.7000 0.4745
11300.3000 0.4747
11301.8000 0.4748
11302.0000 0.4750
11313.6000 0.4752
11344.2000 0.4753
11347.9000 0.4755
11348.9000 0.4757
11352.9000 0.4759
11366.9000 0.4760
11367.1000 0.4762
11375.6000 0.4764
11396.1000 0.4766
11401.3000 0.4767
11417.5000 0.4769
11423.2000 0.4771
11426.3000 0.4773
11440.1000 0.4774
11441.6000 0.4776
11447.8000 0.4778
11450.2000 0.4780
11453.2000 0.4781
11466.4000 0.4783
11471.2000 0.4785
11473.6000 0.4786
11473.7000 0.4788
11476.8000 0.4790
11479.1000 0.4792
11486.2000 0.4793
11491.6000 0.4795
11495.2000 0.4797
11502.7000 0.4799
11510.3000 0.4800
11513.0000 0.4802
11535.1000 0.4804
11537.6000 0.4806
11538.8000 0.4807
11539.2000 0.4809
11546.5000 0.4811
11549.0000 0.4813
11551.0000 0.4814
11555.8000 0.4816
11557.7000 0.4818
11561.7000 0.4819
11570.7000 0.4821
11580.1000 0.4823
11582.9000 0.4825
11585.0000 0.4826
11608.3000 0.4828
11617.2000 0.4830
11618.9000 0.4832
11621.0000 0.4833
11642.4000 0.4835
11651.9000 0.4837
11660.2000 0.4839
11686.4000 0.4840
11687.0000 0.4842
11688.8000 0.4844
11689.6000 0.4845
11698.2000 0.4847
11712.8000 0.4849
11715.7000 0.4851
11717.6000 0.4852
11724.3000 0.4854
11727.8000 0.4856
11727.9000 0.4858
11731.7000 0.4859
11734.6000 0.4861
11736.0000 0.4863
11758.5000 0.4865
11766.6000 0.4866
11770.2000 0.4868
11776.5000 0.4870
11792.6000 0.4872
11798.2000 0.4873
11804.6000 0.4875
11815.6000 0.4877
11816.5000 0.4878
11838.3000 0.4880
11839.9000 0.4882
11843.0000 0.4884
11847.5000 0.4885
11868.4000 0.4887
11907.2000 0.4889
11910.0000 0.4891
11913.9000 0.4892
11918.1000 0.4894
11918.4000 0.4896
11921.5000 0.4898
11938.2000 0.4899
11938.7000 0.4901
11956.4000 0.4903
11960.1000 0.4905
11963.9000 0.4906
11968.5000 0.4908
11971.7000 0.4910
11972.6000 0.4911
11996.8000 0.4913
12011.2000 0.4915
12011.9000 0.4917
12014.0000 0.4918
12014.1000 0.4920
12020.0000 0.4922
12020.6000 0.4924
12032.2000 0.4925
12033.3000 0.4927
12034.4000 0.4929
12048.2000 0.4931
12054.1000 0.4932
12056.1000 0.4934
12059.1000 0.4936
12063.3000 0.4938
12068.1000 0.4939
12074.7000 0.4941
12091.0000 0.4943
12091.3000 0.4944
12092.8000 0.4946
12093.6000 0.4948
12099.3000 0.4950
12103.7000 0.4951
12109.1000 0.4953
12111.8000 0.4955
12118.5000 0.4957
12121.8000 0.4958
12132.7000 0.4960
12133.2000 0.4962
12139.6000 0.4964
12145.0000 0.4965
12147.8000 0.4967
12162.4000 0.4969
12164.8000 0.4970
12168.5000 0.4972
12176.0000 0.4974
12176.9000 0.4976
12180.3000 0.4977
12186.7000 0.4979
12194.0000 0.4981
12195.2000 0.4983
12205.4000 0.4984
12214.4000 0.4986
12216.4000 0.4988
12220.9000 0.4990
12227.7000 0.4991
12234.1000 0.4993
12242.6000 0.4995
12252.1000 0.4997
12255.0000 0.4998
12263.6000 0.5000
12265.8000 0.5002
12268.8000 0.5003
12274.8000 0.5005
12284.0000 0.5007
12285.3000 0.5009
12285.6000 0.5010
12287.2000 0.5012
12290.6000 0.5014
12291.1000 0.5016
12303.1000 0.5017
12307.3000 0.5019
12311.3000 0.5021
12313.4000 0.5023
12320.5000 0.5024
12323.1000 0.5026
12330.8000 0.5028
12346.7000 0.5030
12348.7000 0.5031
12353.2000 0.5033
12358.8000 0.5035
12361.5000 0.5036
12372.7000 0.5038
12373.2000 0.5040
12385.7000 0.5042
12386.1000 0.5043
12413.1000 0.5045
12413.8000 0.5047
12413.9000 0.5049
12424.6000 0.5050
12438.6000 0.5052
12441.9000 0.5054
12447.7000 0.5056
12450.7000 0.5057
12452.2000 0.5059
12474.3000 0.5061
12476.0000 0.5063
12480.3000 0.5064
12491.3000 0.5066
12494.1000 0.5068
12510.5000 0.5069
12516.3000 0.5071
12526.3000 0.5073
12528.0000 0.5075
12531.3000 0.5076
12538.4000 0.5078
12549.5000 0.5080
12552.2000 0.5082
12554.1000 0.5083
12559.2000 0.5085
12560.1000 0.5087
12560.5000 0.5089
12573.0000 0.5090
12573.6000 0.5092
12579.1000 0.5094
12581.3000 0.5095
12587.5000 0.5097
12590.3000 0.5099
12591.4000 0.5101
12592.3000 0.5102
12615.5000 0.5104
12618.8000 0.5106
12621.3000 0.5108
12623.3000 0.5109
12623.3000 0.5111
12623.8000 0.5113
12631.0000 0.5115
12632.1000 0.5116
12643.7000 0.5118
12649.2000 0.5120
12666.6000 0.5122
12677.2000 0.5123
12688.4000 0.5125
12693.4000 0.5127
12697.9000 0.5128
12707.5000 0.5130
12719.1000 0.5132
12731.7000 0.5134
12733.9000 0.5135
12737.3000 0.5137
12746.9000 0.5139
12758.8000 0.5141
12766.3000 0.5142
12779.1000 0.5144
12781.1000 0.5146
12786.8000 0.5148
12813.5000 0.5149
12816.4000 0.5151
12816.8000 0.5153
12823.7000 0.5155
12824.1000 0.5156
12829.4000 0.5158
12832.8000 0.5160
12835.1000 0.5161
12836.6000 0.5163
12837.1000 0.5165
12852.4000 0.5167
12855.0000 0.5168
12857.2000 0.5170
12864.7000 0.5172
12884.0000 0.5174
12897.2000 0.5175
12898.6000 0.5177
12904.1000 0.5179
12904.8000 0.5181
12904.8000 0.5182
12912.8000 0.5184
12912.9000 0.5186
12915.3000 0.5188
12921.2000 0.5189
12921.2000 0.5191
12925.0000 0.5193
12950.7000 0.5194
12952.6000 0.5196
12953.0000 0.5198
12959.7000 0.5200
12963.7000 0.5201
12986.8000 0.5203
12995.3000 0.5205
12997.1000 0.5207
13004.2000 0.5208
13007.5000 0.5210
13016.6000 0.5212
13017.7000 0.5214
13021.3000 0.5215
13021.5000 0.5217
13024.9000 0.5219
13030.8000 0.5220
13033.1000 0.5222
13041.9000 0.5224
13046.5000 0.5226
13073.6000 0.5227
13090.7000 0.5229
13090.9000 0.5231
13096.6000 0.5233
13104.7000 0.5234
13115.7000 0.5236
13120.0000 0.5238
13128.3000 0.5240
13130.9000 0.5241
13155.1000 0.5243
13178.8000 0.5245
13188.1000 0.5247
13196.4000 0.5248
13196.6000 0.5250
13205.9000 0.5252
13206.0000 0.5253
13215.5000 0.5255
13232.0000 0.5257
13232.1000 0.5259
13236.1000 0.5260
13236.6000 0.5262
13239.6000 0.5264
13256.0000 0.5266
13259.7000 0.5267
13270.8000 0.5269
13279.3000 0.5271
13283.3000 0.5273
13289.1000 0.5274
13290.5000 0.5276
13291.6000 0.5278
13306.2000 0.5280
13312.9000 0.5281
13321.0000 0.5283
13321.9000 0.5285
13324.6000 0.5286
13335.0000 0.5288
13335.7000 0.5290
13339.3000 0.5292
13347.3000 0.5293
13361.4000 0.5295
13363.6000 0.5297
13364.8000 0.5299
13374.6000 0.5300
13381.8000 0.5302
13391.9000 0.5304
13396.1000 0.5306
13420.7000 0.5307
13428.3000 0.5309
13431.9000 0.5311
13439.0000 0.5313
13442.4000 0.5314
13444.9000 0.5316
13445.2000 0.5318
13450.5000 0.5319
13452.2000 0.5321
13452.6000 0.5323
13453.6000 0.5325
13455.6000 0.5326
13456.8000 0.5328
13460.9000 0.5330
13462.0000 0.5332
13464.4000 0.5333
13464.9000 0.5335
13472.0000 0.5337
13478.5000 0.5339
13479.2000 0.5340
13479.4000 0.5342
13482.0000 0.5344
13486.5000 0.5345
13495.0000 0.5347
13498.3000 0.5349
13500.2000 0.5351
13504.0000 0.5352
13507.3000 0.5354
13508.5000 0.5356
13516.8000 0.5358
13519.0000 0.5359
13519.5000 0.5361
13521.5000 0.5363
13523.7000 0.5365
13534.8000 0.5366
13544.9000 0.5368
13557.3000 0.5370
13559.3000 0.5372
13559.8000 0.5373
13579.8000 0.5375
13580.7000 0.5377
13582.5000 0.5378
13604.1000 0.5380
13615.3000 0.5382
13635.5000 0.5384
13648.4000 0.5385
13649.5000 0.5387
13652.0000 0.5389
13657.6000 0.5391
13662.6000 0.5392
13670.1000 0.5394
13677.8000 0.5396
13681.3000 0.5398
13684.3000 0.5399
13684.3000 0.5401
13704.1000 0.5403
13704.6000 0.5405
13717.2000 0.5406
13717.5000 0.5408
13725.6000 0.5410
13728.8000 0.5411
13735.3000 0.5413
13754.2000 0.5415
13754.8000 0.5417
13760.4000 0.5418
13770.7000 0.5420
13791.5000 0.5422
13799.9000 0.5424
13802.2000 0.5425
13802.4000 0.5427
13804.0000 0.5429
13810.7000 0.5431
13812.2000 0.5432
13813.9000 0.5434
13830.8000 0.5436
13840.9000 0.5438
13856.1000 0.5439
13857.4000 0.5441
13857.6000 0.5443
13872.9000 0.5444
13873.6000 0.5446
13874.2000 0.5448
13879.4000 0.5450
13884.5000 0.5451
13884.8000 0.5453
13886.9000 0.5455
13889.3000 0.5457
13892.5000 0.5458
13896.0000 0.5460
13896.1000 0.5462
13896.6000 0.5464
13899.2000 0.5465
13919.8000 0.5467
13925.6000 0.5469
13930.8000 0.5470
13930.8000 0.5472
13939.0000 0.5474
13940.4000 0.5476
13954.8000 0.5477
13964.4000 0.5479
13969.3000 0.5481
13992.4000 0.5483
13999.0000 0.5484
14000.9000 0.5486
14010.4000 0.5488
14016.4000 0.5490
14020.1000 0.5491
14044.8000 0.5493
14046.4000 0.5495
14059.2000 0.5497
14076.2000 0.5498
14079.8000 0.5500
14091.0000 0.5502
14095.0000 0.5503
14097.3000 0.5505
14099.1000 0.5507
14099.3000 0.5509
14113.1000 0.5510
14115.1000 0.5512
14119.4000 0.5514
14121.2000 0.5516
14131.3000 0.5517
14133.0000 0.5519
14137.6000 0.5521
14140.9000 0.5523
14169.3000 0.5524
14170.0000 0.5526
14182.4000 0.5528
14194.5000 0.5530
14202.6000 0.5531
14214.1000 0.5533
14215.4000 0.5535
14217.1000 0.5536
14229.0000 0.5538
14232.5000 0.5540
14244.8000 0.5542
14268.4000 0.5543
14278.3000 0.5545
14278.7000 0.5547
14288.3000 0.5549
14300.1000 0.5550
14303.7000 0.5552
14312.7000 0.5554
14327.6000 0.5556
14332.0000 0.5557
14349.7000 0.5559
14353.1000 0.5561
14358.8000 0.5563
14373.9000 0.5564
14376.2000 0.5566
14377.8000 0.5568
14384.0000 0.5569
14386.4000 0.5571
14390.1000 0.5573
14393.9000 0.5575
14398.0000 0.5576
14399.2000 0.5578
14399.6000 0.5580
14400.2000 0.5582
14403.9000 0.5583
14405.9000 0.5585
14419.0000 0.5587
14422.2000 0.5589
14429.1000 0.5590
14435.0000 0.5592
14437.1000 0.5594
14448.6000 0.5595
14449.3000 0.5597
14452.0000 0.5599
14454.9000 0.5601
14469.5000 0.5602
14470.8000 0.5604
14474.1000 0.5606
14482.4000 0.5608
14486.9000 0.5609
14496.8000 0.5611
14499.8000 0.5613
14503.1000 0.5615
14516.8000 0.5616
14526.1000 0.5618
14533.6000 0.5620
14541.3000 0.5622
14552.7000 0.5623
14553.4000 0.5625
14557.5000 0.5627
14572.7000 0.5628
14574.3000 0.5630
14585.5000 0.5632
14591.9000 0.5634
14596.3000 0.5635
14626.5000 0.5637
14648.8000 0.5639
14658.0000 0.5641
14658.1000 0.5642
14665.9000 0.5644
14674.6000 0.5646
14675.9000 0.5648
14684.2000 0.5649
14686.3000 0.5651
14687.6000 0.5653
14697.1000 0.5655
14720.5000 0.5656
14725.0000 0.5658
14737.0000 0.5660
14740.2000 0.5661
14741.7000 0.5663
14743.0000 0.5665
14745.9000 0.5667
14747.6000 0.5668
14748.8000 0.5670
14750.3000 0.5672
14753.7000 0.5674
14754.7000 0.5675
14760.3000 0.5677
14763.6000 0.5679
14768.5000 0.5681
14770.3000 0.5682
14782.5000 0.5684
14791.5000 0.5686
14794.0000 0.5688
14799.3000 0.5689
14801.2000 0.5691
14804.1000 0.5693
14820.1000 0.5694
14825.5000 0.5696
14830.6000 0.5698
14831.4000 0.5700
14831.9000 0.5701
14833.7000 0.5703
14835.1000 0.5705
14837.6000 0.5707
14838.1000 0.5708
14852.6000 0.5710
14896.4000 0.5712
14900.8000 0.5714
14901.3000 0.5715
14903.4000 0.5717
14906.6000 0.5719
14913.3000 0.5720
14915.8000 0.5722
14916.6000 0.5724
14933.6000 0.5726
14937.7000 0.5727
14950.1000 0.5729
14950.3000 0.5731
14953.6000 0.5733
14961.0000 0.5734
14970.6000 0.5736
14978.5000 0.5738
14983.8000 0.5740
14986.0000 0.5741
14989.2000 0.5743
14992.8000 0.5745
14992.9000 0.5747
14997.2000 0.5748
15000.8000 0.5750
15003.6000 0.5752
15006.5000 0.5753
15015.5000 0.5755
15017.5000 0.5757
15019.6000 0.5759
15023.7000 0.5760
15025.4000 0.5762
15027.1000 0.5764
15027.8000 0.5766
15028.2000 0.5767
15031.4000 0.5769
15037.7000 0.5771
15038.6000 0.5773
15041.1000 0.5774
15043.4000 0.5776
15044.6000 0.5778
15055.5000 0.5780
15057.1000 0.5781
15059.4000 0.5783
15059.4000 0.5785
15065.3000 0.5786
15074.7000 0.5788
15075.2000 0.5790
15088.7000 0.5792
15099.1000 0.5793
15102.6000 0.5795
15115.5000 0.5797
15121.6000 0.5799
15121.8000 0.5800
15130.9000 0.5802
15133.3000 0.5804
15137.3000 0.5806
15141.1000 0.5807
15149.5000 0.5809
15150.2000 0.5811
15161.6000 0.5813
15161.9000 0.5814
15166.2000 0.5816
15168.8000 0.5818
15171.8000 0.5819
15183.9000 0.5821
15183.9000 0.5823
15186.4000 0.5825
15188.9000 0.5826
15199.4000 0.5828
15201.3000 0.5830
15218.0000 0.5832
15222.9000 0.5833
15224.6000 0.5835
15225.9000 0.5837
15226.8000 0.5839
15228.9000 0.5840
15230.4000 0.5842
15237.2000 0.5844
15242.8000 0.5845
15244.7000 0.5847
15259.5000 0.5849
15279.9000 0.5851
15282.6000 0.5852
15292.4000 0.5854
15295.6000 0.5856
15301.5000 0.5858
15311.5000 0.5859
15326.1000 0.5861
15331.3000 0.5863
15344.3000 0.5865
15345.2000 0.5866
15355.8000 0.5868
15363.3000 0.5870
15368.0000 0.5872
15383.5000 0.5873
15401.6000 0.5875
15404.3000 0.5877
15404.3000 0.5878
15408.4000 0.5880
15408.5000 0.5882
15411.0000 0.5884
15437.5000 0.5885
15438.6000 0.5887
15440.7000 0.5889
15447.2000 0.5891
15447.6000 0.5892
15447.9000 0.5894
15456.6000 0.5896
15460.1000 0.5898
15463.8000 0.5899
15467.7000 0.5901
15470.5000 0.5903
15471.7000 0.5905
15495.0000 0.5906
15496.2000 0.5908
15499.8000 0.5910
15502.7000 0.5911
15503.4000 0.5913
15512.6000 0.5915
15513.0000 0.5917
15513.2000 0.5918
15515.2000 0.5920
15517.3000 0.5922
15520.4000 0.5924
15531.8000 0.5925
15543.9000 0.5927
15546.3000 0.5929
15548.5000 0.5931
15549.8000 0.5932
15561.8000 0.5934
15567.6000 0.5936
15568.5000 0.5938
15569.3000 0.5939
15571.6000 0.5941
15582.1000 0.5943
15590.3000 0.5944
15600.9000 0.5946
15601.6000 0.5948
15604.4000 0.5950
15610.6000 0.5951
15616.5000 0.5953
15617.9000 0.5955
15632.7000 0.5957
15633.4000 0.5958
15638.3000 0.5960
15641.6000 0.5962
15642.6000 0.5964
15643.6000 0.5965
15662.0000 0.5967
15669.9000 0.5969
15673.6000 0.5970
15677.7000 0.5972
15686.8000 0.5974
15690.2000 0.5976
15716.3000 0.5977
15716.9000 0.5979
15718.2000 0.5981
15739.0000 0.5983
15751.6000 0.5984
15754.4000 0.5986
15754.6000 0.5988
15756.9000 0.5990
15771.8000 0.5991
15787.0000 0.5993
15788.9000 0.5995
15793.0000 0.5997
15794.0000 0.5998
15797.4000 0.6000
15798.9000 0.6002
15806.0000 0.6003
15812.1000 0.6005
15821.8000 0.6007
15833.2000 0.6009
15840.0000 0.6010
15855.7000 0.6012
15863.6000 0.6014
15865.6000 0.6016
15867.5000 0.6017
15871.8000 0.6019
15873.9000 0.6021
15887.9000 0.6023
15888.9000 0.6024
15891.8000 0.6026
15900.8000 0.6028
15902.9000 0.6030
15904.8000 0.6031
15905.9000 0.6033
15907.6000 0.6035
15912.8000 0.6036
15912.8000 0.6038
15913.4000 0.6040
15914.4000 0.6042
15914.5000 0.6043
15919.3000 0.6045
15920.7000 0.6047
15922.0000 0.6049
15927.0000 0.6050
15928.2000 0.6052
15932.1000 0.6054
15932.7000 0.6056
15932.9000 0.6057
15934.9000 0.6059
15936.6000 0.6061
15937.2000 0.6063
15939.4000 0.6064
15944.1000 0.6066
15947.2000 0.6068
15950.6000 0.6069
15955.8000 0.6071
15963.2000 0.6073
15968.1000 0.6075
15975.1000 0.6076
15977.2000 0.6078
15986.2000 0.6080
15987.5000 0.6082
15992.6000 0.6083
15995.6000 0.6085
15998.6000 0.6087
16005.5000 0.6089
16015.4000 0.6090
16038.3000 0.6092
16043.5000 0.6094
16057.6000 0.6095
16058.0000 0.6097
16059.6000 0.6099
16064.6000 0.6101
16075.4000 0.6102
16078.2000 0.6104
16083.2000 0.6106
16083.8000 0.6108
16088.4000 0.6109
16088.7000 0.6111
16090.9000 0.6113
16096.2000 0.6115
16101.2000 0.6116
16102.9000 0.6118
16103.7000 0.6120
16114.6000 0.6122
16117.6000 0.6123
16123.0000 0.6125
16126.7000 0.6127
16127.1000 0.6128
16138.6000 0.6130
16138.9000 0.6132
16140.8000 0.6134
16141.2000 0.6135
16148.0000 0.6137
16149.1000 0.6139
16161.3000 0.6141
16165.5000 0.6142
16168.6000 0.6144
16179.7000 0.6146
16182.4000 0.6148
16189.0000 0.6149
16190.4000 0.6151
16195.6000 0.6153
16200.9000 0.6155
16202.5000 0.6156
16204.6000 0.6158
16205.4000 0.6160
16209.4000 0.6161
16221.4000 0.6163
16222.0000 0.6165
16222.4000 0.6167
16232.1000 0.6168
16233.0000 0.6170
16238.1000 0.6172
16239.6000 0.6174
16244.3000 0.6175
16252.9000 0.6177
16257.7000 0.6179
16261.1000 0.6181
16273.6000 0.6182
16283.5000 0.6184
16294.2000 0.6186
16297.8000 0.6188
16301.4000 0.6189
16306.6000 0.6191
16316.0000 0.6193
16319.9000 0.6194
16340.6000 0.6196
16347.9000 0.6198
16349.1000 0.6200
16351.3000 0.6201
16364.3000 0.6203
16375.6000 0.6205
16377.3000 0.6207
16378.4000 0.6208
16396.7000 0.6210
16420.1000 0.6212
16420.3000 0.6214
16427.3000 0.6215
16429.1000 0.6217
16430.3000 0.6219
16431.6000 0.6220
16433.5000 0.6222
16437.6000 0.6224
16438.4000 0.6226
16442.3000 0.6227
16446.7000 0.6229
16461.3000 0.6231
16462.5000 0.6233
16466.2000 0.6234
16467.7000 0.6236
16469.1000 0.6238
16480.3000 0.6240
16486.7000 0.6241
16501.0000 0.6243
16509.2000 0.6245
16511.2000 0.6247
16524.6000 0.6248
16524.7000 0.6250
16534.3000 0.6252
16535.4000 0.6253
16545.1000 0.6255
16550.6000 0.6257
16555.9000 0.6259
16558.2000 0.6260
16559.3000 0.6262
16570.9000 0.6264
16576.4000 0.6266
16577.3000 0.6267
16590.1000 0.6269
16595.1000 0.6271
16622.2000 0.6273
16628.3000 0.6274
16631.7000 0.6276
16633.0000 0.6278
16642.7000 0.6280
16643.4000 0.6281
16648.6000 0.6283
16655.2000 0.6285
16656.3000 0.6286
16656.4000 0.6288
16661.1000 0.6290
16663.4000 0.6292
16663.9000 0.6293
16666.3000 0.6295
16671.6000 0.6297
16673.0000 0.6299
16678.6000 0.6300
16679.0000 0.6302
16685.8000 0.6304
16689.8000 0.6306
16693.4000 0.6307
16701.5000 0.6309
16703.1000 0.6311
16705.8000 0.6313
16712.6000 0.6314
16731.3000 0.6316
16739.1000 0.6318
16741.8000 0.6319
16743.2000 0.6321
16745.4000 0.6323
16747.1000 0.6325
16758.8000 0.6326
16768.3000 0.6328
16768.6000 0.6330
16774.6000 0.6332
16785.5000 0.6333
16788.3000 0.6335
16797.0000 0.6337
16834.4000 0.6339
16836.4000 0.6340
16842.3000 0.6342
16853.6000 0.6344
16855.0000 0.6345
16856.0000 0.6347
16859.6000 0.6349
16868.1000 0.6351
16875.0000 0.6352
16887.7000 0.6354
16894.8000 0.6356
16909.1000 0.6358
16913.0000 0.6359
16918.7000 0.6361
16929.4000 0.6363
16936.1000 0.6365
16940.4000 0.6366
16946.8000 0.6368
16957.0000 0.6370
16965.2000 0.6372
16970.1000 0.6373
16971.0000 0.6375
16976.7000 0.6377
16984.6000 0.6378
16985.1000 0.6380
16991.0000 0.6382
17008.0000 0.6384
17021.6000 0.6385
17022.3000 0.6387
17024.6000 0.6389
17036.6000 0.6391
17037.0000 0.6392
17041.8000 0.6394
17057.6000 0.6396
17071.5000 0.6398
17074.1000 0.6399
17078.0000 0.6401
17083.8000 0.6403
17087.6000 0.6405
17090.8000 0.6406
17098.8000 0.6408
17101.9000 0.6410
17107.4000 0.6411
17108.4000 0.6413
17118.2000 0.6415
17133.8000 0.6417
17133.9000 0.6418
17137.6000 0.6420
17138.8000 0.6422
17155.1000 0.6424
17155.1000 0.6425
17164.8000 0.6427
17173.4000 0.6429
17191.4000 0.6431
17194.5000 0.6432
17196.2000 0.6434
17206.7000 0.6436
17207.4000 0.6438
17216.0000 0.6439
17221.0000 0.6441
17224.4000 0.6443
17226.5000 0.6444
17228.0000 0.6446
17228.2000 0.6448
17230.1000 0.6450
17233.4000 0.6451
17239.5000 0.6453
17257.6000 0.6455
17261.7000 0.6457
17267.4000 0.6458
17269.8000 0.6460
17272.5000 0.6462
17276.9000 0.6464
17279.3000 0.6465
17302.1000 0.6467
17306.7000 0.6469
17307.9000 0.6470
17327.0000 0.6472
17330.8000 0.6474
17338.5000 0.6476
17343.0000 0.6477
17343.0000 0.6479
17345.8000 0.6481
17351.2000 0.6483
17359.6000 0.6484
17367.9000 0.6486
17370.0000 0.6488
17370.4000 0.6490
17371.1000 0.6491
17388.2000 0.6493
17397.3000 0.6495
17397.4000 0.6497
17398.1000 0.6498
17398.3000 0.6500
17398.9000 0.6502
17412.3000 0.6503
17427.1000 0.6505
17430.3000 0.6507
17435.3000 0.6509
17453.6000 0.6510
17466.5000 0.6512
17470.6000 0.6514
17472.6000 0.6516
17479.9000 0.6517
17488.1000 0.6519
17500.3000 0.6521
17512.3000 0.6523
17523.8000 0.6524
17524.5000 0.6526
17526.4000 0.6528
17527.0000 0.6530
17533.9000 0.6531
17539.6000 0.6533
17540.9000 0.6535
17544.7000 0.6536
17547.6000 0.6538
17549.5000 0.6540
17552.5000 0.6542
17560.6000 0.6543
17564.4000 0.6545
17566.5000 0.6547
17573.5000 0.6549
17573.7000 0.6550
17575.9000 0.6552
17586.1000 0.6554
17592.3000 0.6556
17594.7000 0.6557
17594.7000 0.6559
17603.5000 0.6561
17606.9000 0.6563
17619.3000 0.6564
17619.6000 0.6566
17620.6000 0.6568
17621.0000 0.6569
17626.0000 0.6571
17634.0000 0.6573
17637.2000 0.6575
17648.3000 0.6576
17654.0000 0.6578
17654.3000 0.6580
17654.9000 0.6582
17658.4000 0.6583
17665.0000 0.6585
17669.3000 0.6587
17672.4000 0.6589
17679.0000 0.6590
17687.1000 0.6592
17697.7000 0.6594
17700.6000 0.6595
17700.9000 0.6597
17710.3000 0.6599
17711.1000 0.6601
17718.4000 0.6602
17722.6000 0.6604
17748.1000 0.6606
17750.9000 0.6608
17752.7000 0.6609
17765.5000 0.6611
17770.9000 0.6613
17776.5000 0.6615
17777.8000 0.6616
17782.4000 0.6618
17786.8000 0.6620
17790.8000 0.6622
17792.2000 0.6623
17799.6000 0.6625
17802.5000 0.6627
17804.0000 0.6628
17804.7000 0.6630
17810.2000 0.6632
17822.7000 0.6634
17826.0000 0.6635
17831.9000 0.6637
17845.0000 0.6639
17848.5000 0.6641
17850.0000 0.6642
17859.6000 0.6644
17865.6000 0.6646
17866.0000 0.6648
17878.0000 0.6649
17885.6000 0.6651
17888.5000 0.6653
17891.6000 0.6655
17899.2000 0.6656
17899.2000 0.6658
17902.6000 0.6660
17904.5000 0.6661
17904.8000 0.6663
17905.0000 0.6665
17910.5000 0.6667
17915.4000 0.6668
17920.4000 0.6670
17933.2000 0.6672
17949.0000 0.6674
17953.6000 0.6675
17954.5000 0.6677
17962.0000 0.6679
17963.5000 0.6681
17966.2000 0.6682
17966.6000 0.6684
17973.1000 0.6686
17977.0000 0.6688
17984.9000 0.6689
17990.1000 0.6691
18005.0000 0.6693
18005.4000 0.6694
18019.9000 0.6696
18022.8000 0.6698
18033.6000 0.6700
18036.2000 0.6701
18044.1000 0.6703
18047.5000 0.6705
18052.5000 0.6707
18061.8000 0.6708
18063.3000 0.6710
18064.1000 0.6712
18069.0000 0.6714
18076.1000 0.6715
18088.8000 0.6717
18102.3000 0.6719
18112.0000 0.6720
18124.9000 0.6722
18131.6000 0.6724
18138.6000 0.6726
18145.3000 0.6727
18145.5000 0.6729
18151.4000 0.6731
18151.6000 0.6733
18151.8000 0.6734
18153.9000 0.6736
18168.9000 0.6738
18169.7000 0.6740
18177.1000 0.6741
18181.8000 0.6743
18182.1000 0.6745
18184.5000 0.6747
18197.3000 0.6748
18202.6000 0.6750
18218.9000 0.6752
18219.0000 0.6753
18220.0000 0.6755
18223.2000 0.6757
18225.7000 0.6759
18226.4000 0.6760
18228.0000 0.6762
18228.4000 0.6764
18230.6000 0.6766
18233.2000 0.6767
18253.5000 0.6769
18254.5000 0.6771
18259.4000 0.6773
18262.2000 0.6774
18263.8000 0.6776
18281.6000 0.6778
18283.1000 0.6780
18289.1000 0.6781
18292.9000 0.6783
18293.7000 0.6785
18301.3000 0.6786
18314.6000 0.6788
18317.8000 0.6790
18318.0000 0.6792
18319.1000 0.6793
18332.4000 0.6795
18340.1000 0.6797
18342.9000 0.6799
18346.5000 0.6800
18348.8000 0.6802
18364.2000 0.6804
18369.9000 0.6806
18372.3000 0.6807
18374.7000 0.6809
18379.3000 0.6811
18379.4000 0.6813
18384.9000 0.6814
18389.3000 0.6816
18396.5000 0.6818
18403.4000 0.6819
18405.0000 0.6821
18413.9000 0.6823
18419.0000 0.6825
18448.0000 0.6826
18451.8000 0.6828
18464.1000 0.6830
18466.2000 0.6832
18479.5000 0.6833
18484.5000 0.6835
18491.0000 0.6837
18493.0000 0.6839
18508.8000 0.6840
18525.6000 0.6842
18529.8000 0.6844
18531.3000 0.6845
18537.6000 0.6847
18554.6000 0.6849
18557.8000 0.6851
18558.3000 0.6852
18559.3000 0.6854
18571.9000 0.6856
18578.9000 0.6858
18579.5000 0.6859
18581.5000 0.6861
18581.9000 0.6863
18586.0000 0.6865
18587.0000 0.6866
18600.2000 0.6868
18600.8000 0.6870
18609.1000 0.6872
18613.2000 0.6873
18616.6000 0.6875
18620.8000 0.6877
18622.5000 0.6878
18627.6000 0.6880
18633.2000 0.6882
18639.9000 0.6884
18645.8000 0.6885
18653.0000 0.6887
18654.6000 0.6889
18663.9000 0.6891
18664.2000 0.6892
18671.2000 0.6894
18671.4000 0.6896
18676.2000 0.6898
18678.3000 0.6899
18678.8000 0.6901
18686.4000 0.6903
18687.4000 0.6905
18690.9000 0.6906
18692.8000 0.6908
18700.3000 0.6910
18703.0000 0.6911
18706.4000 0.6913
18707.6000 0.6915
18709.6000 0.6917
18713.3000 0.6918
18713.6000 0.6920
18714.4000 0.6922
18723.6000 0.6924
18728.7000 0.6925
18730.9000 0.6927
18735.3000 0.6929
18737.6000 0.6931
18745.8000 0.6932
18746.6000 0.6934
18747.9000 0.6936
18750.0000 0.6938
18760.6000 0.6939
18761.0000 0.6941
18768.8000 0.6943
18770.5000 0.6944
18776.3000 0.6946
18783.0000 0.6948
18786.9000 0.6950
18791.6000 0.6951
18798.1000 0.6953
18799.2000 0.6955
18828.5000 0.6957
18846.3000 0.6958
18846.9000 0.6960
18847.3000 0.6962
18850.1000 0.6964
18852.1000 0.6965
18853.6000 0.6967
18857.8000 0.6969
18864.5000 0.6970
18867.8000 0.6972
18871.2000 0.6974
18874.9000 0.6976
18878.2000 0.6977
18884.6000 0.6979
18892.4000 0.6981
18904.1000 0.6983
18910.3000 0.6984
18910.3000 0.6986
18917.6000 0.6988
18928.6000 0.6990
18935.9000 0.6991
18947.1000 0.6993
18953.8000 0.6995
18960.0000 0.6997
18971.1000 0.6998
18971.6000 0.7000
18972.5000 0.7002
19007.5000 0.7003
19008.5000 0.7005
19010.7000 0.7007
19034.4000 0.7009
19036.1000 0.7010
19047.0000 0.7012
19053.3000 0.7014
19074.3000 0.7016
19077.1000 0.7017
19082.5000 0.7019
19085.0000 0.7021
19086.5000 0.7023
19088.0000 0.7024
19093.5000 0.7026
19094.8000 0.7028
19122.8000 0.7030
19132.1000 0.7031
19147.0000 0.7033
19163.4000 0.7035
19169.3000 0.7036
19172.1000 0.7038
19172.4000 0.7040
19176.2000 0.7042
19183.1000 0.7043
19188.0000 0.7045
19190.6000 0.7047
19191.8000 0.7049
19233.1000 0.7050
19233.6000 0.7052
19235.6000 0.7054
19236.5000 0.7056
19239.2000 0.7057
19243.3000 0.7059
19250.7000 0.7061
19261.4000 0.7063
19269.4000 0.7064
19270.8000 0.7066
19278.9000 0.7068
19284.9000 0.7069
19293.6000 0.7071
19298.9000 0.7073
19300.4000 0.7075
19311.6000 0.7076
19314.5000 0.7078
19315.7000 0.7080
19319.6000 0.7082
19325.2000 0.7083
19327.1000 0.7085
19330.3000 0.7087
19339.5000 0.7089
19348.7000 0.7090
19349.6000 0.7092
19358.9000 0.7094
19362.8000 0.7095
19363.7000 0.7097
19367.1000 0.7099
19377.0000 0.7101
19378.5000 0.7102
19378.8000 0.7104
19396.4000 0.7106
19411.2000 0.7108
19412.3000 0.7109
19412.7000 0.7111
19422.5000 0.7113
19425.8000 0.7115
19428.6000 0.7116
19435.6000 0.7118
19443.6000 0.7120
19462.7000 0.7122
19465.9000 0.7123
19492.8000 0.7125
19495.5000 0.7127
19512.2000 0.7128
19522.7000 0.7130
19527.4000 0.7132
19527.6000 0.7134
19528.4000 0.7135
19529.6000 0.7137
19530.1000 0.7139
19545.3000 0.7141
19547.4000 0.7142
19563.0000 0.7144
19567.8000 0.7146
19570.9000 0.7148
19572.0000 0.7149
19575.6000 0.7151
19577.4000 0.7153
19589.1000 0.7155
19595.7000 0.7156
19606.6000 0.7158
19615.5000 0.7160
19642.0000 0.7161
19684.9000 0.7163
19685.1000 0.7165
19685.3000 0.7167
19686.4000 0.7168
19715.3000 0.7170
19729.6000 0.7172
19745.8000 0.7174
19751.9000 0.7175
19772.2000 0.7177
19785.6000 0.7179
19806.2000 0.7181
19810.9000 0.7182
19814.3000 0.7184
19817.6000 0.7186
19827.2000 0.7188
19840.6000 0.7189
19844.3000 0.7191
19845.2000 0.7193
19851.1000 0.7194
19859.9000 0.7196
19865.4000 0.7198
19868.4000 0.7200
19877.3000 0.7201
19885.3000 0.7203
19898.1000 0.7205
19900.8000 0.7207
19906.8000 0.7208
19907.9000 0.7210
19916.2000 0.7212
19924.9000 0.7214
19944.1000 0.7215
19944.5000 0.7217
19953.9000 0.7219
19959.7000 0.7220
19983.0000 0.7222
19988.9000 0.7224
20013.6000 0.7226
20016.0000 0.7227
20023.5000 0.7229
20038.2000 0.7231
20056.3000 0.7233
20056.5000 0.7234
20061.5000 0.7236
20063.8000 0.7238
20067.0000 0.7240
20072.3000 0.7241
20074.5000 0.7243
20076.2000 0.7245
20103.4000 0.7247
20104.1000 0.7248
20111.4000 0.7250
20118.0000 0.7252
20119.4000 0.7253
20123.6000 0.7255
20130.8000 0.7257
20140.2000 0.7259
20141.9000 0.7260
20142.0000 0.7262
20146.6000 0.7264
20166.5000 0.7266
20170.8000 0.7267
20172.5000 0.7269
20177.2000 0.7271
20222.4000 0.7273
20224.9000 0.7274
20237.5000 0.7276
20244.1000 0.7278
20247.8000 0.7280
20248.4000 0.7281
20265.8000 0.7283
20280.1000 0.7285
20284.1000 0.7286
20334.2000 0.7288
20344.5000 0.7290
20357.9000 0.7292
20361.5000 0.7293
20414.6000 0.7295
20415.0000 0.7297
20422.5000 0.7299
20426.9000 0.7300
20429.2000 0.7302
20429.9000 0.7304
20439.4000 0.7306
20440.1000 0.7307
20446.7000 0.7309
20476.7000 0.7311
20485.1000 0.7313
20489.5000 0.7314
20508.9000 0.7316
20518.7000 0.7318
20519.3000 0.7319
20520.2000 0.7321
20520.5000 0.7323
20522.3000 0.7325
20524.6000 0.7326
20525.3000 0.7328
20537.5000 0.7330
20541.9000 0.7332
20543.2000 0.7333
20552.9000 0.7335
20583.1000 0.7337
20591.4000 0.7339
20600.6000 0.7340
20602.1000 0.7342
20605.3000 0.7344
20610.5000 0.7345
20619.8000 0.7347
20625.5000 0.7349
20633.6000 0.7351
20639.8000 0.7352
20657.4000 0.7354
20662.4000 0.7356
20699.4000 0.7358
20701.2000 0.7359
20702.3000 0.7361
20710.0000 0.7363
20716.0000 0.7365
20720.1000 0.7366
20725.0000 0.7368
20727.3000 0.7370
20727.4000 0.7372
20738.1000 0.7373
20753.4000 0.7375
20757.9000 0.7377
20782.9000 0.7378
20791.6000 0.7380
20795.7000 0.7382
20800.9000 0.7384
20810.8000 0.7385
20814.9000 0.7387
20816.5000 0.7389
20817.9000 0.7391
20825.3000 0.7392
20825.4000 0.7394
20835.3000 0.7396
20843.6000 0.7398
20845.5000 0.7399
20848.3000 0.7401
20859.1000 0.7403
20869.1000 0.7405
20875.2000 0.7406
20877.1000 0.7408
20889.0000 0.7410
20896.1000 0.7411
20900.2000 0.7413
20909.7000 0.7415
20916.1000 0.7417
20917.5000 0.7418
20928.2000 0.7420
20973.2000 0.7422
20982.5000 0.7424
20993.0000 0.7425
21027.0000 0.7427
21038.9000 0.7429
21041.5000 0.7431
21052.6000 0.7432
21054.9000 0.7434
21055.1000 0.7436
21061.1000 0.7438
21068.6000 0.7439
21077.7000 0.7441
21080.3000 0.7443
21084.9000 0.7444
21091.2000 0.7446
21095.3000 0.7448
21110.3000 0.7450
21144.3000 0.7451
21145.7000 0.7453
21147.6000 0.7455
21150.2000 0.7457
21166.1000 0.7458
21166.1000 0.7460
21169.4000 0.7462
21187.3000 0.7464
21188.0000 0.7465
21196.9000 0.7467
21218.7000 0.7469
21218.9000 0.7470
21233.2000 0.7472
21250.3000 0.7474
21265.4000 0.7476
21268.7000 0.7477
21295.9000 0.7479
21297.9000 0.7481
21299.8000 0.7483
21300.9000 0.7484
21351.6000 0.7486
21371.6000 0.7488
21377.0000 0.7490
21377.9000 0.7491
21402.2000 0.7493
21427.3000 0.7495
21427.5000 0.7497
21434.6000 0.7498
21437.9000 0.7500
21446.5000 0.7502
21484.9000 0.7503
21494.8000 0.7505
21503.2000 0.7507
21533.4000 0.7509
21537.5000 0.7510
21540.6000 0.7512
21548.9000 0.7514
21559.4000 0.7516
21606.6000 0.7517
21616.4000 0.7519
21620.6000 0.7521
21621.9000 0.7523
21623.0000 0.7524
21631.6000 0.7526
21652.8000 0.7528
21670.9000 0.7530
21682.1000 0.7531
21686.6000 0.7533
21697.8000 0.7535
21705.8000 0.7536
21719.5000 0.7538
21725.0000 0.7540
21725.4000 0.7542
21738.2000 0.7543
21749.0000 0.7545
21749.2000 0.7547
21770.6000 0.7549
21787.5000 0.7550
21791.5000 0.7552
21820.4000 0.7554
21844.4000 0.7556
21850.0000 0.7557
21859.1000 0.7559
21866.7000 0.7561
21872.8000 0.7563
21876.1000 0.7564
21880.5000 0.7566
21902.7000 0.7568
21903.0000 0.7569
21938.9000 0.7571
21955.2000 0.7573
21976.3000 0.7575
21977.9000 0.7576
21989.8000 0.7578
22011.3000 0.7580
22016.1000 0.7582
22023.4000 0.7583
22041.4000 0.7585
22043.3000 0.7587
22053.4000 0.7589
22077.1000 0.7590
22080.0000 0.7592
22080.1000 0.7594
22090.5000 0.7595
22096.3000 0.7597
22099.3000 0.7599
22123.1000 0.7601
22138.0000 0.7602
22157.6000 0.7604
22176.9000 0.7606
22193.3000 0.7608
22198.3000 0.7609
22200.3000 0.7611
22209.0000 0.7613
22224.4000 0.7615
22224.9000 0.7616
22240.0000 0.7618
22242.2000 0.7620
22277.4000 0.7622
22312.0000 0.7623
22350.0000 0.7625
22358.7000 0.7627
22372.0000 0.7628
22393.0000 0.7630
22421.5000 0.7632
22441.7000 0.7634
22447.4000 0.7635
22458.5000 0.7637
22488.6000 0.7639
22494.3000 0.7641
22498.8000 0.7642
22506.1000 0.7644
22522.8000 0.7646
22523.7000 0.7648
22536.1000 0.7649
22536.8000 0.7651
22567.7000 0.7653
22574.1000 0.7655
22594.5000 0.7656
22610.3000 0.7658
22612.0000 0.7660
22617.4000 0.7661
22630.3000 0.7663
22653.3000 0.7665
22655.7000 0.7667
22660.4000 0.7668
22664.0000 0.7670
22674.7000 0.7672
22679.6000 0.7674
22727.7000 0.7675
22767.5000 0.7677
22823.5000 0.7679
22833.2000 0.7681
22854.9000 0.7682
22875.6000 0.7684
22877.8000 0.7686
22889.5000 0.7688
22903.0000 0.7689
22906.2000 0.7691
22912.2000 0.7693
22913.8000 0.7694
22916.0000 0.7696
22918.0000 0.7698
22922.9000 0.7700
22926.6000 0.7701
22929.6000 0.7703
22930.2000 0.7705
22942.1000 0.7707
22967.3000 0.7708
22989.4000 0.7710
23012.4000 0.7712
23045.4000 0.7714
23056.0000 0.7715
23075.2000 0.7717
23083.3000 0.7719
23085.7000 0.7720
23090.4000 0.7722
23126.7000 0.7724
23130.6000 0.7726
23139.1000 0.7727
23166.3000 0.7729
23167.6000 0.7731
23168.2000 0.7733
23180.0000 0.7734
23198.0000 0.7736
23219.6000 0.7738
23222.3000 0.7740
23246.8000 0.7741
23266.0000 0.7743
23339.7000 0.7745
23351.5000 0.7747
23375.0000 0.7748
23402.6000 0.7750
23430.0000 0.7752
23447.4000 0.7753
23467.6000 0.7755
23496.1000 0.7757
23538.6000 0.7759
23578.0000 0.7760
23596.9000 0.7762
23636.0000 0.7764
23638.2000 0.7766
23646.1000 0.7767
23659.7000 0.7769
23668.6000 0.7771
23673.3000 0.7773
23674.2000 0.7774
23679.2000 0.7776
23722.9000 0.7778
23738.5000 0.7780
23744.6000 0.7781
23747.1000 0.7783
23764.6000 0.7785
23769.0000 0.7786
23780.1000 0.7788
23782.0000 0.7790
23823.1000 0.7792
23911.9000 0.7793
23921.5000 0.7795
23946.2000 0.7797
23946.6000 0.7799
23950.2000 0.7800
23950.7000 0.7802
24051.5000 0.7804
24100.3000 0.7806
24123.4000 0.7807
24170.2000 0.7809
24172.9000 0.7811
24244.0000 0.7813
24247.2000 0.7814
24275.3000 0.7816
24364.9000 0.7818
24377.9000 0.7819
24407.9000 0.7821
24418.8000 0.7823
24422.0000 0.7825
24453.7000 0.7826
24500.9000 0.7828
24507.7000 0.7830
24519.7000 0.7832
24558.9000 0.7833
24631.1000 0.7835
24680.7000 0.7837
24682.1000 0.7839
24694.1000 0.7840
24747.3000 0.7842
24951.0000 0.7844
24958.7000 0.7845
24978.9000 0.7847
25044.9000 0.7849
25085.3000 0.7851
25168.3000 0.7852
25170.6000 0.7854
25178.8000 0.7856
25304.0000 0.7858
25327.5000 0.7859
25449.6000 0.7861
25528.0000 0.7863
25543.6000 0.7865
25561.0000 0.7866
25662.3000 0.7868
25712.9000 0.7870
25713.0000 0.7872
25885.8000 0.7873
25971.0000 0.7875
26084.5000 0.7877
26103.5000 0.7878
26441.6000 0.7880
26639.5000 0.7882
27730.3000 0.7884
