60.0000 0.0002 0.0000
120.1000 0.0005 0.0000
180.2000 0.0009 0.0000
240.3000 0.0013 0.0000
300.3000 0.0017 0.0000
360.3000 0.0021 0.0000
420.3000 0.0027 0.0000
480.3000 0.0032 0.0000
540.3000 0.0039 0.0000
600.3000 0.0048 0.0000
660.3000 0.0056 0.0000
720.3000 0.0065 0.0000
780.3000 0.0074 0.0000
840.3000 0.0085 0.0000
900.3000 0.0095 0.0000
960.3000 0.0104 0.0000
1020.3000 0.0114 0.0000
1080.4000 0.0123 0.0000
1140.5000 0.0131 0.0000
1200.6000 0.0140 0.0000
1260.7000 0.0152 0.0000
1320.8000 0.0161 0.0000
1380.9000 0.0172 0.0000
1441.0000 0.0181 0.0000
1501.1000 0.0189 0.0000
1561.2000 0.0201 0.0000
1621.3000 0.0210 0.0000
1681.4000 0.0221 0.0000
1741.5000 0.0231 0.0000
1801.6000 0.0242 0.0000
1861.7000 0.0251 0.0000
1921.8000 0.0262 0.0000
1981.9000 0.0270 0.0000
2042.0000 0.0278 0.0000
2102.1000 0.0288 0.0000
2162.2000 0.0297 0.0000
2222.3000 0.0305 0.0000
2282.4000 0.0315 0.0000
2342.5000 0.0324 0.0000
2402.6000 0.0333 0.0000
2462.7000 0.0343 0.0000
2522.8000 0.0352 0.0000
2582.9000 0.0361 0.0000
2643.0000 0.0369 0.0000
2703.1000 0.0376 0.0000
2763.2000 0.0384 0.0000
2823.3000 0.0391 0.0000
2883.4000 0.0399 0.0000
2943.5000 0.0406 0.0000
3003.6000 0.0412 0.0000
3063.7000 0.0419 0.0000
3123.8000 0.0426 0.0000
3183.9000 0.0433 0.0000
3244.0000 0.0440 0.0000
3304.1000 0.0449 0.0000
3364.2000 0.0456 0.0000
3424.3000 0.0462 0.0000
3484.4000 0.0469 0.0000
3544.5000 0.0475 0.0000
3604.6000 0.0482 0.0000
3664.7000 0.0488 0.0000
3724.8000 0.0495 0.0000
3784.9000 0.0502 0.0000
3845.0000 0.0510 0.0000
3905.1000 0.0519 0.0000
3965.2000 0.0526 0.0000
4025.3000 0.0532 0.0000
4085.4000 0.0539 0.0000
4145.4000 0.0544 0.0000
4205.4000 0.0550 0.0000
4265.4000 0.0555 0.0000
4325.4000 0.0559 0.0000
4385.4000 0.0563 0.0000
4445.4000 0.0567 0.0000
4505.4000 0.0570 0.0000
4565.4000 0.0574 0.0000
4625.4000 0.0578 0.0000
4685.4000 0.0582 0.0000
4745.4000 0.0585 0.0000
4805.4000 0.0588 0.0000
4865.4000 0.0591 0.0000
4925.4000 0.0594 0.0000
4985.4000 0.0596 0.0000
5045.4000 0.0598 0.0000
5105.4000 0.0600 0.0000
5165.4000 0.0602 0.0000
5225.4000 0.0604 0.0000
5285.4000 0.0606 0.0000
5345.4000 0.0608 0.0000
5405.4000 0.0609 0.0000
5465.4000 0.0611 0.0000
5525.4000 0.0613 0.0000
5585.4000 0.0615 0.0000
5645.4000 0.0617 0.0000
5705.4000 0.0619 0.0000
5765.4000 0.0621 0.0000
5825.4000 0.0623 0.0001
5885.4000 0.0625 0.0001
5945.4000 0.0627 0.0001
6005.4000 0.0629 0.0001
6065.4000 0.0631 0.0001
6125.4000 0.0633 0.0001
6185.4000 0.0634 0.0001
6245.4000 0.0636 0.0001
6305.4000 0.0638 0.0001
6365.4000 0.0640 0.0001
6425.4000 0.0642 0.0001
6485.4000 0.0644 0.0001
6545.4000 0.0646 0.0001
6605.4000 0.0647 0.0001
6665.4000 0.0649 0.0001
6725.4000 0.0651 0.0001
6785.4000 0.0653 0.0001
6845.4000 0.0655 0.0001
6905.4000 0.0657 0.0001
6965.4000 0.0659 0.0001
7025.4000 0.0661 0.0001
7085.4000 0.0663 0.0001
7145.4000 0.0664 0.0001
7205.4000 0.0666 0.0001
7265.4000 0.0669 0.0001
7325.4000 0.0670 0.0001
7385.4000 0.0672 0.0001
7445.4000 0.0674 0.0001
7505.4000 0.0676 0.0001
7565.4000 0.0678 0.0001
7625.4000 0.0680 0.0001
7685.4000 0.0682 0.0001
7745.4000 0.0684 0.0001
7805.4000 0.0686 0.0001
7865.4000 0.0688 0.0001
7925.4000 0.0690 0.0001
7985.4000 0.0692 0.0001
8045.4000 0.0694 0.0001
8105.4000 0.0696 0.0001
8165.4000 0.0698 0.0001
8225.4000 0.0700 0.0001
8285.4000 0.0702 0.0001
8345.4000 0.0704 0.0001
8405.4000 0.0705 0.0001
8465.4000 0.0707 0.0001
8525.4000 0.0709 0.0001
8585.4000 0.0711 0.0001
8645.4000 0.0713 0.0001
8705.4000 0.0715 0.0001
8765.4000 0.0717 0.0001
8825.4000 0.0719 0.0001
8885.4000 0.0721 0.0001
8945.4000 0.0723 0.0001
9005.4000 0.0725 0.0001
9065.4000 0.0727 0.0001
9125.4000 0.0729 0.0001
9185.4000 0.0731 0.0001
9245.4000 0.0733 0.0001
9305.4000 0.0735 0.0001
9365.4000 0.0737 0.0001
9425.4000 0.0739 0.0001
9485.4000 0.0741 0.0001
9545.4000 0.0743 0.0001
9605.4000 0.0745 0.0001
9665.4000 0.0747 0.0001
9725.4000 0.0748 0.0001
9785.4000 0.0750 0.0001
9845.4000 0.0752 0.0001
9905.4000 0.0753 0.0001
9965.4000 0.0755 0.0001
10025.4000 0.0757 0.0001
10085.4000 0.0759 0.0001
10145.4000 0.0761 0.0001
10205.4000 0.0763 0.0001
10265.4000 0.0764 0.0001
10325.4000 0.0766 0.0001
10385.4000 0.0768 0.0001
10445.4000 0.0770 0.0001
10505.4000 0.0772 0.0001
10565.4000 0.0773 0.0001
10625.4000 0.0775 0.0001
10685.4000 0.0777 0.0001
10745.4000 0.0779 0.0001
10805.4000 0.0781 0.0001
10865.4000 0.0783 0.0001
10925.4000 0.0785 0.0001
10985.4000 0.0787 0.0001
11045.4000 0.0789 0.0001
11105.4000 0.0791 0.0001
11165.4000 0.0793 0.0001
11225.4000 0.0795 0.0001
11285.4000 0.0796 0.0001
11345.4000 0.0798 0.0001
11405.4000 0.0801 0.0001
11465.4000 0.0803 0.0001
11525.4000 0.0805 0.0001
11585.4000 0.0806 0.0001
11645.4000 0.0808 0.0001
11705.4000 0.0810 0.0001
11765.4000 0.0812 0.0001
11825.4000 0.0814 0.0001
11885.4000 0.0816 0.0001
11945.4000 0.0817 0.0001
12005.4000 0.0791 0.0001
12065.4000 0.0767 0.0001
12125.4000 0.0744 0.0001
12185.4000 0.0719 0.0001
12245.4000 0.0700 0.0001
12305.4000 0.0682 0.0001
12365.4000 0.0665 0.0001
12425.4000 0.0651 0.0001
12485.4000 0.0638 0.0001
12545.4000 0.0628 0.0001
12605.4000 0.0621 0.0000
12665.4000 0.0613 0.0000
12725.4000 0.0605 0.0000
12785.4000 0.0599 0.0000
12845.4000 0.0591 0.0000
12905.4000 0.0583 0.0000
12965.4000 0.0578 0.0000
13025.4000 0.0571 0.0000
13085.4000 0.0566 0.0000
13145.4000 0.0563 0.0000
13205.4000 0.0559 0.0000
13265.4000 0.0556 0.0000
13325.4000 0.0554 0.0000
13385.4000 0.0552 0.0000
13445.4000 0.0550 0.0000
13505.4000 0.0547 0.0000
13565.4000 0.0546 0.0000
13625.4000 0.0544 0.0000
13685.4000 0.0542 0.0000
13745.4000 0.0541 0.0000
13805.4000 0.0539 0.0000
13865.4000 0.0538 0.0000
13925.4000 0.0536 0.0000
13985.4000 0.0535 0.0000
14045.4000 0.0534 0.0000
14105.4000 0.0533 0.0000
14165.4000 0.0531 0.0000
14225.4000 0.0531 0.0000
14285.4000 0.0529 0.0000
14345.4000 0.0528 0.0000
14405.4000 0.0527 0.0000
14465.4000 0.0525 0.0000
14525.4000 0.0524 0.0000
14585.4000 0.0523 0.0000
14645.4000 0.0522 0.0000
14705.4000 0.0522 0.0000
14765.4000 0.0521 0.0000
14825.4000 0.0521 0.0000
14885.4000 0.0520 0.0000
14945.4000 0.0520 0.0000
15005.4000 0.0519 0.0000
15065.4000 0.0519 0.0000
15125.4000 0.0520 0.0000
15185.4000 0.0520 0.0000
15245.4000 0.0519 0.0000
15305.4000 0.0519 0.0000
15365.4000 0.0519 0.0000
15425.4000 0.0518 0.0000
15485.4000 0.0518 0.0000
15545.4000 0.0518 0.0000
15605.4000 0.0518 0.0000
15665.4000 0.0518 0.0000
15725.4000 0.0518 0.0000
15785.4000 0.0518 0.0000
15845.4000 0.0518 0.0000
15905.4000 0.0518 0.0000
15965.4000 0.0517 0.0000
16025.4000 0.0517 0.0000
16085.4000 0.0517 0.0000
16145.4000 0.0517 0.0000
16205.4000 0.0517 0.0000
16265.4000 0.0517 0.0000
16325.4000 0.0517 0.0000
16385.4000 0.0517 0.0000
16445.5000 0.0517 0.0000
16505.6000 0.0517 0.0000
16565.7000 0.0517 0.0000
16625.8000 0.0517 0.0000
16685.9000 0.0513 0.0000
16746.0000 0.0513 0.0000
16806.1000 0.0513 0.0000
16866.2000 0.0514 0.0000
16926.3000 0.0512 0.0000
16986.4000 0.0514 0.0000
17046.5000 0.0515 0.0000
17106.6000 0.0512 0.0000
17166.7000 0.0500 0.0000
17226.8000 0.0502 0.0000
17286.9000 0.0504 0.0000
17347.0000 0.0502 0.0000
17407.1000 0.0500 0.0000
17467.2000 0.0498 0.0000
17527.3000 0.0502 0.0000
17587.4000 0.0505 0.0000
17647.5000 0.0503 0.0000
17707.6000 0.0507 0.0000
17767.7000 0.0512 0.0000
17827.8000 0.0518 0.0000
17887.9000 0.0524 0.0000
17948.0000 0.0532 0.0000
18008.1000 0.0543 0.0000
18068.2000 0.0553 0.0000
18128.3000 0.0561 0.0000
18188.4000 0.0567 0.0000
18248.5000 0.0574 0.0000
18308.6000 0.0580 0.0000
18368.7000 0.0584 0.0000
18428.8000 0.0592 0.0000
18488.9000 0.0599 0.0000
18549.0000 0.0607 0.0000
18609.1000 0.0616 0.0000
18669.2000 0.0625 0.0000
18729.3000 0.0626 0.0000
18789.4000 0.0629 0.0000
18849.5000 0.0641 0.0000
18909.6000 0.0652 0.0000
18969.7000 0.0665 0.0001
19029.8000 0.0664 0.0001
19089.9000 0.0675 0.0001
19150.0000 0.0686 0.0001
19210.1000 0.0697 0.0001
19270.2000 0.0700 0.0001
19330.3000 0.0709 0.0001
19390.4000 0.0719 0.0001
19450.5000 0.0729 0.0001
19510.6000 0.0738 0.0001
19570.7000 0.0749 0.0001
19630.8000 0.0756 0.0001
19690.9000 0.0763 0.0001
19751.0000 0.0774 0.0001
19811.1000 0.0785 0.0001
19871.2000 0.0794 0.0001
19931.3000 0.0786 0.0001
19991.4000 0.0795 0.0001
20051.5000 0.0805 0.0001
20111.6000 0.0815 0.0001
20171.7000 0.0824 0.0001
20231.8000 0.0832 0.0001
20291.9000 0.0844 0.0001
20352.0000 0.0855 0.0001
20412.1000 0.0865 0.0001
20472.2000 0.0876 0.0001
20532.3000 0.0889 0.0001
20592.4000 0.0901 0.0001
20652.5000 0.0911 0.0001
20712.6000 0.0923 0.0001
20772.7000 0.0934 0.0001
20832.8000 0.0946 0.0001
20892.9000 0.0955 0.0001
20953.0000 0.0971 0.0001
21013.1000 0.0986 0.0001
21073.2000 0.0997 0.0001
21133.3000 0.1007 0.0001
21193.4000 0.1018 0.0001
21253.5000 0.1031 0.0001
21313.6000 0.1042 0.0001
21373.7000 0.1052 0.0001
21433.8000 0.1064 0.0001
21493.9000 0.1076 0.0001
21554.0000 0.1091 0.0002
21614.1000 0.1106 0.0002
21674.2000 0.1119 0.0002
21734.3000 0.1134 0.0002
21794.4000 0.1144 0.0002
21854.5000 0.1162 0.0002
21914.6000 0.1178 0.0002
21974.7000 0.1192 0.0002
22034.8000 0.1205 0.0002
22094.9000 0.1221 0.0002
22155.0000 0.1235 0.0002
22215.1000 0.1248 0.0002
22275.2000 0.1262 0.0002
22335.3000 0.1267 0.0002
22395.4000 0.1279 0.0002
22455.5000 0.1295 0.0002
22515.6000 0.1311 0.0002
22575.7000 0.1326 0.0002
22635.8000 0.1340 0.0002
22695.9000 0.1356 0.0002
22756.0000 0.1377 0.0002
22816.1000 0.1397 0.0002
22876.2000 0.1414 0.0002
22936.3000 0.1430 0.0002
22996.4000 0.1444 0.0003
23056.5000 0.1460 0.0003
23116.6000 0.1474 0.0003
23176.7000 0.1493 0.0003
23236.8000 0.1507 0.0003
23296.9000 0.1524 0.0003
23357.0000 0.1543 0.0003
23417.1000 0.1561 0.0003
23477.2000 0.1582 0.0003
23537.3000 0.1606 0.0003
23597.4000 0.1628 0.0003
23657.5000 0.1653 0.0003
23717.6000 0.1674 0.0003
23777.7000 0.1695 0.0003
23837.8000 0.1712 0.0003
23897.9000 0.1732 0.0003
23958.0000 0.1748 0.0003
24018.1000 0.1765 0.0003
24078.2000 0.1782 0.0004
24138.3000 0.1801 0.0004
24198.4000 0.1823 0.0004
24258.5000 0.1849 0.0004
24318.6000 0.1868 0.0004
24378.7000 0.1890 0.0004
24438.8000 0.1914 0.0004
24498.9000 0.1930 0.0004
24559.0000 0.1950 0.0004
24619.1000 0.1971 0.0004
24679.2000 0.1991 0.0004
24739.3000 0.2016 0.0005
24799.4000 0.2036 0.0005
24859.5000 0.2060 0.0005
24919.6000 0.2081 0.0005
24979.7000 0.2107 0.0005
25039.8000 0.2128 0.0005
25099.9000 0.2150 0.0005
25160.0000 0.2173 0.0005
25220.1000 0.2202 0.0005
25280.2000 0.2222 0.0005
25340.3000 0.2244 0.0006
25400.4000 0.2261 0.0006
25460.5000 0.2283 0.0006
25520.6000 0.2309 0.0006
25580.7000 0.2340 0.0006
25640.8000 0.2360 0.0006
25700.9000 0.2385 0.0006
25761.0000 0.2411 0.0006
25821.1000 0.2433 0.0006
25881.2000 0.2453 0.0006
25941.3000 0.2481 0.0007
26001.4000 0.2500 0.0007
26061.5000 0.2527 0.0007
26121.6000 0.2553 0.0007
26181.7000 0.2573 0.0007
26241.8000 0.2595 0.0007
26301.9000 0.2620 0.0007
26362.0000 0.2642 0.0007
26422.1000 0.2667 0.0008
26482.2000 0.2688 0.0008
26542.3000 0.2710 0.0008
26602.4000 0.2733 0.0008
26662.5000 0.2753 0.0008
26722.6000 0.2774 0.0008
26782.7000 0.2798 0.0008
26842.8000 0.2821 0.0008
26902.9000 0.2838 0.0009
26963.0000 0.2850 0.0009
27023.1000 0.2871 0.0009
27083.2000 0.2883 0.0009
27143.3000 0.2909 0.0009
27203.4000 0.2929 0.0009
27263.5000 0.2949 0.0009
27323.6000 0.2966 0.0009
27383.7000 0.2987 0.0010
27443.8000 0.3005 0.0010
27503.9000 0.3030 0.0010
27564.0000 0.3046 0.0010
27624.1000 0.3060 0.0010
27684.2000 0.3080 0.0010
27744.3000 0.3102 0.0010
27804.4000 0.3118 0.0011
27864.5000 0.3137 0.0011
27924.6000 0.3158 0.0011
27984.7000 0.3174 0.0011
28044.8000 0.3190 0.0011
28104.9000 0.3206 0.0011
28165.0000 0.3219 0.0011
28225.1000 0.3238 0.0011
28285.2000 0.3249 0.0012
28345.3000 0.3261 0.0012
28405.4000 0.3270 0.0012
28465.5000 0.3284 0.0012
28525.6000 0.3298 0.0012
28585.7000 0.3312 0.0012
28645.8000 0.3323 0.0012
28705.9000 0.3332 0.0012
28766.0000 0.3348 0.0012
