# messageDelay  cumulativeProbability
5.0000 0.0001
5.0000 0.0002
5.0000 0.0003
5.0000 0.0004
5.0000 0.0005
5.0000 0.0006
5.0000 0.0007
5.0000 0.0008
5.0000 0.0009
5.0000 0.0010
5.0000 0.0011
5.0000 0.0013
5.0000 0.0014
5.0000 0.0015
5.0000 0.0016
5.0000 0.0017
5.0000 0.0018
5.0000 0.0019
5.0000 0.0020
5.0000 0.0021
5.0000 0.0022
5.0000 0.0023
5.0000 0.0024
5.0000 0.0025
5.0000 0.0026
5.0000 0.0027
5.0000 0.0028
5.0000 0.0029
5.0000 0.0030
5.0000 0.0031
5.0000 0.0032
5.0000 0.0033
6.0000 0.0034
6.5000 0.0035
7.0000 0.0036
7.0000 0.0037
7.4000 0.0039
8.2000 0.0040
8.4000 0.0041
9.0000 0.0042
9.1000 0.0043
10.0000 0.0044
10.0000 0.0045
10.1000 0.0046
13.3000 0.0047
25.2000 0.0048
41.6000 0.0049
50.0000 0.0050
51.3000 0.0051
63.3000 0.0052
79.8000 0.0053
89.2000 0.0054
108.4000 0.0055
116.6000 0.0056
168.4000 0.0057
179.5000 0.0058
196.7000 0.0059
204.0000 0.0060
216.6000 0.0061
218.7000 0.0062
219.3000 0.0064
219.6000 0.0065
230.2000 0.0066
233.4000 0.0067
242.3000 0.0068
246.3000 0.0069
258.7000 0.0070
261.6000 0.0071
264.6000 0.0072
269.5000 0.0073
270.8000 0.0074
277.7000 0.0075
294.1000 0.0076
298.3000 0.0077
299.9000 0.0078
302.3000 0.0079
314.3000 0.0080
320.9000 0.0081
322.8000 0.0082
322.8000 0.0083
324.4000 0.0084
328.0000 0.0085
330.2000 0.0086
330.7000 0.0087
348.8000 0.0089
355.4000 0.0090
359.5000 0.0091
366.1000 0.0092
367.7000 0.0093
370.9000 0.0094
371.0000 0.0095
374.0000 0.0096
374.9000 0.0097
378.1000 0.0098
387.1000 0.0099
394.1000 0.0100
397.6000 0.0101
398.9000 0.0102
400.4000 0.0103
402.2000 0.0104
402.4000 0.0105
404.3000 0.0106
420.0000 0.0107
423.7000 0.0108
423.8000 0.0109
425.7000 0.0110
429.7000 0.0111
430.2000 0.0113
431.4000 0.0114
437.1000 0.0115
439.7000 0.0116
441.5000 0.0117
441.6000 0.0118
450.9000 0.0119
452.1000 0.0120
456.7000 0.0121
458.2000 0.0122
469.3000 0.0123
471.9000 0.0124
473.1000 0.0125
476.2000 0.0126
479.9000 0.0127
481.2000 0.0128
498.3000 0.0129
499.7000 0.0130
504.6000 0.0131
517.5000 0.0132
519.6000 0.0133
525.7000 0.0134
527.7000 0.0135
529.5000 0.0136
530.7000 0.0138
536.7000 0.0139
541.7000 0.0140
548.6000 0.0141
549.5000 0.0142
550.3000 0.0143
553.6000 0.0144
559.1000 0.0145
561.6000 0.0146
561.8000 0.0147
565.6000 0.0148
570.3000 0.0149
579.9000 0.0150
580.5000 0.0151
581.7000 0.0152
587.2000 0.0153
590.0000 0.0154
590.5000 0.0155
593.2000 0.0156
596.0000 0.0157
599.4000 0.0158
608.4000 0.0159
610.4000 0.0160
613.0000 0.0161
614.1000 0.0163
620.7000 0.0164
623.3000 0.0165
623.4000 0.0166
624.8000 0.0167
629.3000 0.0168
643.2000 0.0169
643.7000 0.0170
644.2000 0.0171
645.8000 0.0172
646.6000 0.0173
647.0000 0.0174
647.1000 0.0175
647.2000 0.0176
655.6000 0.0177
658.3000 0.0178
658.8000 0.0179
663.5000 0.0180
666.5000 0.0181
670.2000 0.0182
671.1000 0.0183
671.5000 0.0184
671.6000 0.0185
674.6000 0.0186
675.9000 0.0188
681.8000 0.0189
685.7000 0.0190
686.9000 0.0191
688.0000 0.0192
689.9000 0.0193
690.9000 0.0194
697.7000 0.0195
699.0000 0.0196
701.4000 0.0197
705.8000 0.0198
709.1000 0.0199
713.4000 0.0200
714.8000 0.0201
714.9000 0.0202
719.0000 0.0203
723.8000 0.0204
724.0000 0.0205
726.6000 0.0206
728.4000 0.0207
731.1000 0.0208
736.1000 0.0209
747.1000 0.0210
747.5000 0.0211
748.4000 0.0212
748.6000 0.0214
748.8000 0.0215
749.7000 0.0216
754.2000 0.0217
758.3000 0.0218
759.2000 0.0219
760.7000 0.0220
764.0000 0.0221
766.4000 0.0222
767.5000 0.0223
767.9000 0.0224
772.0000 0.0225
777.3000 0.0226
778.3000 0.0227
778.8000 0.0228
782.4000 0.0229
782.8000 0.0230
784.0000 0.0231
787.3000 0.0232
788.3000 0.0233
790.9000 0.0234
791.8000 0.0235
799.3000 0.0236
799.9000 0.0237
803.9000 0.0239
804.2000 0.0240
805.4000 0.0241
805.4000 0.0242
811.6000 0.0243
812.3000 0.0244
825.2000 0.0245
828.9000 0.0246
829.3000 0.0247
830.4000 0.0248
834.1000 0.0249
835.2000 0.0250
835.4000 0.0251
839.1000 0.0252
839.4000 0.0253
841.7000 0.0254
842.6000 0.0255
844.6000 0.0256
846.6000 0.0257
847.2000 0.0258
855.8000 0.0259
857.5000 0.0260
858.3000 0.0261
858.3000 0.0262
864.5000 0.0264
866.5000 0.0265
867.9000 0.0266
867.9000 0.0267
870.8000 0.0268
873.0000 0.0269
874.6000 0.0270
877.2000 0.0271
882.6000 0.0272
882.6000 0.0273
882.8000 0.0274
883.4000 0.0275
883.8000 0.0276
885.4000 0.0277
886.0000 0.0278
886.9000 0.0279
889.3000 0.0280
890.5000 0.0281
897.2000 0.0282
902.5000 0.0283
905.6000 0.0284
908.2000 0.0285
910.3000 0.0286
910.9000 0.0287
912.9000 0.0289
918.4000 0.0290
920.6000 0.0291
921.7000 0.0292
923.9000 0.0293
929.5000 0.0294
931.2000 0.0295
933.6000 0.0296
934.7000 0.0297
935.6000 0.0298
940.4000 0.0299
941.5000 0.0300
948.2000 0.0301
952.0000 0.0302
956.6000 0.0303
959.1000 0.0304
960.8000 0.0305
961.1000 0.0306
962.1000 0.0307
964.9000 0.0308
968.2000 0.0309
970.6000 0.0310
972.0000 0.0311
973.3000 0.0312
975.6000 0.0314
979.4000 0.0315
988.0000 0.0316
988.7000 0.0317
991.6000 0.0318
991.9000 0.0319
993.9000 0.0320
996.5000 0.0321
996.5000 0.0322
997.3000 0.0323
998.8000 0.0324
1000.4000 0.0325
1007.4000 0.0326
1008.4000 0.0327
1014.2000 0.0328
1015.8000 0.0329
1020.7000 0.0330
1023.6000 0.0331
1023.8000 0.0332
1024.9000 0.0333
1025.4000 0.0334
1028.1000 0.0335
1031.3000 0.0336
1032.8000 0.0337
1033.4000 0.0339
1038.5000 0.0340
1039.5000 0.0341
1039.5000 0.0342
1048.5000 0.0343
1048.8000 0.0344
1052.0000 0.0345
1056.8000 0.0346
1058.9000 0.0347
1059.1000 0.0348
1059.2000 0.0349
1065.6000 0.0350
1066.4000 0.0351
1066.8000 0.0352
1068.5000 0.0353
1068.8000 0.0354
1072.5000 0.0355
1074.6000 0.0356
1075.9000 0.0357
1078.7000 0.0358
1086.2000 0.0359
1087.7000 0.0360
1090.2000 0.0361
1090.9000 0.0362
1095.2000 0.0364
1097.2000 0.0365
1102.7000 0.0366
1103.9000 0.0367
1105.2000 0.0368
1108.4000 0.0369
1126.8000 0.0370
1138.9000 0.0371
1139.2000 0.0372
1142.6000 0.0373
1142.9000 0.0374
1144.0000 0.0375
1147.1000 0.0376
1147.6000 0.0377
1149.9000 0.0378
1150.9000 0.0379
1152.1000 0.0380
1155.9000 0.0381
1156.1000 0.0382
1158.3000 0.0383
1165.0000 0.0384
1167.4000 0.0385
1173.0000 0.0386
1175.2000 0.0388
1180.2000 0.0389
1181.2000 0.0390
1181.4000 0.0391
1182.3000 0.0392
1182.9000 0.0393
1185.7000 0.0394
1186.1000 0.0395
1188.9000 0.0396
1191.8000 0.0397
1192.1000 0.0398
1193.6000 0.0399
1194.6000 0.0400
1197.4000 0.0401
1200.9000 0.0402
1201.8000 0.0403
1205.0000 0.0404
1205.9000 0.0405
1206.9000 0.0406
1207.8000 0.0407
1208.8000 0.0408
1210.0000 0.0409
1212.3000 0.0410
1212.7000 0.0411
1216.3000 0.0413
1219.2000 0.0414
1219.7000 0.0415
1221.6000 0.0416
1223.4000 0.0417
1225.6000 0.0418
1225.6000 0.0419
1225.9000 0.0420
1227.0000 0.0421
1228.5000 0.0422
1231.8000 0.0423
1233.4000 0.0424
1236.5000 0.0425
1237.2000 0.0426
1238.3000 0.0427
1242.6000 0.0428
1243.8000 0.0429
1244.7000 0.0430
1251.0000 0.0431
1251.6000 0.0432
1255.3000 0.0433
1260.9000 0.0434
1261.5000 0.0435
1262.7000 0.0436
1262.9000 0.0438
1266.1000 0.0439
1268.1000 0.0440
1270.0000 0.0441
1277.4000 0.0442
1278.5000 0.0443
1281.5000 0.0444
1285.5000 0.0445
1286.0000 0.0446
1287.3000 0.0447
1293.4000 0.0448
1294.2000 0.0449
1302.3000 0.0450
1303.5000 0.0451
1307.2000 0.0452
1312.8000 0.0453
1316.4000 0.0454
1317.9000 0.0455
1319.4000 0.0456
1322.7000 0.0457
1323.4000 0.0458
1324.0000 0.0459
1330.2000 0.0460
1335.6000 0.0461
1338.3000 0.0463
1341.4000 0.0464
1342.2000 0.0465
1342.5000 0.0466
1342.7000 0.0467
1345.9000 0.0468
1348.7000 0.0469
1348.8000 0.0470
1351.3000 0.0471
1355.0000 0.0472
1355.2000 0.0473
1356.8000 0.0474
1357.1000 0.0475
1358.2000 0.0476
1361.2000 0.0477
1362.9000 0.0478
1362.9000 0.0479
1363.2000 0.0480
1365.2000 0.0481
1366.6000 0.0482
1366.7000 0.0483
1371.9000 0.0484
1380.2000 0.0485
1380.3000 0.0486
1380.5000 0.0488
1382.0000 0.0489
1382.7000 0.0490
1383.8000 0.0491
1384.0000 0.0492
1385.8000 0.0493
1389.1000 0.0494
1390.0000 0.0495
1394.9000 0.0496
1395.4000 0.0497
1404.9000 0.0498
1405.4000 0.0499
1406.6000 0.0500
1408.2000 0.0501
1413.4000 0.0502
1419.1000 0.0503
1419.3000 0.0504
1420.2000 0.0505
1424.5000 0.0506
1424.6000 0.0507
1425.5000 0.0508
1427.3000 0.0509
1430.9000 0.0510
1437.3000 0.0511
1439.0000 0.0513
1439.5000 0.0514
1440.1000 0.0515
1440.6000 0.0516
1442.5000 0.0517
1442.5000 0.0518
1445.0000 0.0519
1458.0000 0.0520
1458.7000 0.0521
1458.8000 0.0522
1462.7000 0.0523
1463.5000 0.0524
1465.5000 0.0525
1467.8000 0.0526
1472.1000 0.0527
1472.5000 0.0528
1473.2000 0.0529
1474.1000 0.0530
1475.5000 0.0531
1481.0000 0.0532
1482.2000 0.0533
1488.3000 0.0534
1488.8000 0.0535
1495.9000 0.0536
1499.0000 0.0538
1500.0000 0.0539
1500.7000 0.0540
1507.0000 0.0541
1507.4000 0.0542
1512.0000 0.0543
1513.5000 0.0544
1515.6000 0.0545
1517.4000 0.0546
1518.8000 0.0547
1523.7000 0.0548
1525.6000 0.0549
1528.0000 0.0550
1528.4000 0.0551
1536.6000 0.0552
1537.5000 0.0553
1539.5000 0.0554
1539.8000 0.0555
1540.9000 0.0556
1541.1000 0.0557
1548.3000 0.0558
1552.2000 0.0559
1553.6000 0.0560
1557.9000 0.0561
1563.0000 0.0563
1564.1000 0.0564
1565.8000 0.0565
1569.7000 0.0566
1576.0000 0.0567
1581.5000 0.0568
1585.3000 0.0569
1585.8000 0.0570
1585.9000 0.0571
1586.9000 0.0572
1592.4000 0.0573
1594.4000 0.0574
1596.9000 0.0575
1599.0000 0.0576
1599.2000 0.0577
1603.6000 0.0578
1608.5000 0.0579
1609.6000 0.0580
1610.3000 0.0581
1610.6000 0.0582
1613.8000 0.0583
1614.4000 0.0584
1618.4000 0.0585
1621.0000 0.0586
1623.7000 0.0588
1626.2000 0.0589
1632.2000 0.0590
1632.2000 0.0591
1634.3000 0.0592
1641.4000 0.0593
1642.9000 0.0594
1643.5000 0.0595
1649.2000 0.0596
1654.2000 0.0597
1661.4000 0.0598
1662.7000 0.0599
1664.3000 0.0600
1665.3000 0.0601
1668.9000 0.0602
1670.9000 0.0603
1672.0000 0.0604
1675.6000 0.0605
1675.8000 0.0606
1676.1000 0.0607
1676.2000 0.0608
1680.4000 0.0609
1686.7000 0.0610
1687.2000 0.0611
1690.2000 0.0613
1690.9000 0.0614
1694.9000 0.0615
1695.5000 0.0616
1695.7000 0.0617
1700.9000 0.0618
1702.6000 0.0619
1707.0000 0.0620
1707.8000 0.0621
1711.5000 0.0622
1714.6000 0.0623
1716.3000 0.0624
1718.1000 0.0625
1730.1000 0.0626
1730.8000 0.0627
1732.1000 0.0628
1734.4000 0.0629
1735.6000 0.0630
1737.1000 0.0631
1742.0000 0.0632
1744.5000 0.0633
1747.1000 0.0634
1752.9000 0.0635
1753.2000 0.0636
1758.3000 0.0638
1764.0000 0.0639
1765.2000 0.0640
1765.5000 0.0641
1767.9000 0.0642
1768.3000 0.0643
1772.1000 0.0644
1775.6000 0.0645
1777.5000 0.0646
1778.3000 0.0647
1779.3000 0.0648
1782.0000 0.0649
1785.5000 0.0650
1787.0000 0.0651
1790.0000 0.0652
1790.9000 0.0653
1794.0000 0.0654
1804.9000 0.0655
1810.2000 0.0656
1810.6000 0.0657
1812.5000 0.0658
1813.4000 0.0659
1814.1000 0.0660
1816.1000 0.0661
1816.6000 0.0663
1817.6000 0.0664
1826.9000 0.0665
1831.9000 0.0666
1836.6000 0.0667
1839.7000 0.0668
1842.6000 0.0669
1843.8000 0.0670
1844.3000 0.0671
1845.8000 0.0672
1848.6000 0.0673
1849.1000 0.0674
1851.5000 0.0675
1853.0000 0.0676
1866.6000 0.0677
1868.0000 0.0678
1877.9000 0.0679
1878.8000 0.0680
1882.5000 0.0681
1884.0000 0.0682
1885.8000 0.0683
1888.5000 0.0684
1888.6000 0.0685
1891.4000 0.0686
1891.8000 0.0688
1896.0000 0.0689
1904.0000 0.0690
1904.9000 0.0691
1907.1000 0.0692
1910.1000 0.0693
1929.0000 0.0694
1933.2000 0.0695
1936.1000 0.0696
1937.5000 0.0697
1940.9000 0.0698
1949.3000 0.0699
1950.3000 0.0700
1951.8000 0.0701
1952.6000 0.0702
1961.6000 0.0703
1967.6000 0.0704
1968.0000 0.0705
1973.1000 0.0706
1973.8000 0.0707
1975.3000 0.0708
1981.3000 0.0709
1985.5000 0.0710
1986.4000 0.0711
1986.4000 0.0713
1993.6000 0.0714
1998.2000 0.0715
1998.8000 0.0716
2001.4000 0.0717
2002.6000 0.0718
2003.2000 0.0719
2003.7000 0.0720
2005.3000 0.0721
2005.5000 0.0722
2008.5000 0.0723
2011.5000 0.0724
2014.5000 0.0725
2016.7000 0.0726
2020.9000 0.0727
2021.0000 0.0728
2022.1000 0.0729
2029.2000 0.0730
2033.8000 0.0731
2046.8000 0.0732
2054.2000 0.0733
2057.0000 0.0734
2057.4000 0.0735
2058.0000 0.0736
2059.5000 0.0738
2060.5000 0.0739
2060.9000 0.0740
2072.3000 0.0741
2077.7000 0.0742
2078.8000 0.0743
2078.9000 0.0744
2088.1000 0.0745
2089.7000 0.0746
2106.6000 0.0747
2107.5000 0.0748
2114.4000 0.0749
2116.6000 0.0750
2119.0000 0.0751
2121.2000 0.0752
2123.1000 0.0753
2124.5000 0.0754
2125.7000 0.0755
2127.6000 0.0756
2129.7000 0.0757
2133.1000 0.0758
2135.5000 0.0759
2135.9000 0.0760
2138.1000 0.0761
2139.6000 0.0763
2141.9000 0.0764
2146.6000 0.0765
2148.4000 0.0766
2152.9000 0.0767
2154.2000 0.0768
2157.9000 0.0769
2158.3000 0.0770
2162.6000 0.0771
2164.5000 0.0772
2168.2000 0.0773
2168.4000 0.0774
2174.0000 0.0775
2179.6000 0.0776
2188.0000 0.0777
2195.6000 0.0778
2204.8000 0.0779
2222.5000 0.0780
2223.0000 0.0781
2223.6000 0.0782
2224.0000 0.0783
2224.6000 0.0784
2235.1000 0.0785
2245.8000 0.0786
2247.6000 0.0788
2249.3000 0.0789
2250.4000 0.0790
2253.7000 0.0791
2255.6000 0.0792
2258.9000 0.0793
2259.2000 0.0794
2261.0000 0.0795
2262.6000 0.0796
2263.8000 0.0797
2264.0000 0.0798
2276.8000 0.0799
2277.7000 0.0800
2289.3000 0.0801
2298.3000 0.0802
2300.6000 0.0803
2301.8000 0.0804
2305.9000 0.0805
2310.6000 0.0806
2315.9000 0.0807
2323.0000 0.0808
2334.9000 0.0809
2339.2000 0.0810
2339.2000 0.0811
2342.9000 0.0813
2349.9000 0.0814
2350.1000 0.0815
2354.2000 0.0816
2356.6000 0.0817
2361.9000 0.0818
2368.8000 0.0819
2371.7000 0.0820
2371.9000 0.0821
2374.7000 0.0822
2380.6000 0.0823
2382.7000 0.0824
2386.2000 0.0825
2386.4000 0.0826
2386.6000 0.0827
2395.6000 0.0828
2398.4000 0.0829
2400.3000 0.0830
2401.6000 0.0831
2401.7000 0.0832
2403.3000 0.0833
2406.8000 0.0834
2407.3000 0.0835
2413.9000 0.0836
2415.5000 0.0838
2416.0000 0.0839
2419.7000 0.0840
2425.0000 0.0841
2438.7000 0.0842
2445.9000 0.0843
2449.8000 0.0844
2455.3000 0.0845
2463.9000 0.0846
2467.5000 0.0847
2467.9000 0.0848
2468.8000 0.0849
2477.2000 0.0850
2480.7000 0.0851
2483.6000 0.0852
2483.8000 0.0853
2488.1000 0.0854
2488.2000 0.0855
2496.2000 0.0856
2503.9000 0.0857
2507.1000 0.0858
2511.4000 0.0859
2512.8000 0.0860
2517.9000 0.0861
2517.9000 0.0863
2519.5000 0.0864
2521.8000 0.0865
2523.3000 0.0866
2528.9000 0.0867
2530.7000 0.0868
2536.4000 0.0869
2553.7000 0.0870
2554.2000 0.0871
2558.8000 0.0872
2560.6000 0.0873
2563.3000 0.0874
2564.0000 0.0875
2566.0000 0.0876
2579.5000 0.0877
2580.3000 0.0878
2580.6000 0.0879
2589.3000 0.0880
2597.3000 0.0881
2598.0000 0.0882
2599.8000 0.0883
2620.6000 0.0884
2624.5000 0.0885
2626.9000 0.0886
2628.7000 0.0888
2629.3000 0.0889
2629.8000 0.0890
2638.4000 0.0891
2644.0000 0.0892
2651.2000 0.0893
2654.6000 0.0894
2663.2000 0.0895
2663.3000 0.0896
2668.4000 0.0897
2671.2000 0.0898
2671.4000 0.0899
2679.0000 0.0900
2685.4000 0.0901
2695.7000 0.0902
2716.8000 0.0903
2718.9000 0.0904
2719.8000 0.0905
2724.7000 0.0906
2742.6000 0.0907
2746.2000 0.0908
2752.4000 0.0909
2756.6000 0.0910
2760.2000 0.0911
2761.6000 0.0913
2761.9000 0.0914
2762.4000 0.0915
2763.3000 0.0916
2767.5000 0.0917
2769.0000 0.0918
2770.9000 0.0919
2775.8000 0.0920
2777.9000 0.0921
2781.2000 0.0922
2799.9000 0.0923
2801.7000 0.0924
2803.4000 0.0925
2809.5000 0.0926
2813.6000 0.0927
2814.1000 0.0928
2814.5000 0.0929
2820.0000 0.0930
2822.9000 0.0931
2828.3000 0.0932
2831.8000 0.0933
2835.1000 0.0934
2836.1000 0.0935
2839.9000 0.0936
2841.4000 0.0938
2842.8000 0.0939
2856.9000 0.0940
2865.5000 0.0941
2870.4000 0.0942
2872.5000 0.0943
2876.6000 0.0944
2891.2000 0.0945
2898.3000 0.0946
2901.9000 0.0947
2904.8000 0.0948
2908.6000 0.0949
2911.5000 0.0950
2917.1000 0.0951
2920.6000 0.0952
2928.1000 0.0953
2933.7000 0.0954
2934.0000 0.0955
2938.4000 0.0956
2941.9000 0.0957
2944.3000 0.0958
2945.3000 0.0959
2950.2000 0.0960
2953.2000 0.0961
2955.3000 0.0963
2955.9000 0.0964
2963.6000 0.0965
2967.0000 0.0966
2983.3000 0.0967
2988.5000 0.0968
2988.5000 0.0969
2995.9000 0.0970
2996.3000 0.0971
2999.4000 0.0972
3000.3000 0.0973
3000.7000 0.0974
3000.8000 0.0975
3003.1000 0.0976
3005.8000 0.0977
3009.0000 0.0978
3009.6000 0.0979
3011.5000 0.0980
3015.0000 0.0981
3023.7000 0.0982
3029.0000 0.0983
3031.1000 0.0984
3040.6000 0.0985
3042.0000 0.0986
3043.7000 0.0988
3047.4000 0.0989
3048.7000 0.0990
3053.7000 0.0991
3055.4000 0.0992
3060.6000 0.0993
3067.5000 0.0994
3067.8000 0.0995
3077.2000 0.0996
3083.2000 0.0997
3083.4000 0.0998
3084.4000 0.0999
3088.4000 0.1000
3090.0000 0.1001
3097.9000 0.1002
3098.0000 0.1003
3103.6000 0.1004
3106.8000 0.1005
3119.2000 0.1006
3132.9000 0.1007
3133.2000 0.1008
3141.3000 0.1009
3151.3000 0.1010
3152.9000 0.1011
3153.6000 0.1013
3158.6000 0.1014
3162.9000 0.1015
3163.1000 0.1016
3166.5000 0.1017
3166.5000 0.1018
3174.1000 0.1019
3174.6000 0.1020
3175.3000 0.1021
3177.5000 0.1022
3182.3000 0.1023
3186.1000 0.1024
3187.9000 0.1025
3192.8000 0.1026
3196.7000 0.1027
3200.5000 0.1028
3209.3000 0.1029
3210.6000 0.1030
3212.4000 0.1031
3213.6000 0.1032
3215.2000 0.1033
3219.4000 0.1034
3234.0000 0.1035
3236.9000 0.1036
3246.8000 0.1038
3261.6000 0.1039
3264.2000 0.1040
3268.0000 0.1041
3269.4000 0.1042
3277.4000 0.1043
3285.6000 0.1044
3287.8000 0.1045
3294.4000 0.1046
3294.8000 0.1047
3299.0000 0.1048
3301.0000 0.1049
3304.4000 0.1050
3308.3000 0.1051
3309.2000 0.1052
3313.5000 0.1053
3315.0000 0.1054
3320.3000 0.1055
3322.8000 0.1056
3323.2000 0.1057
3327.9000 0.1058
3328.6000 0.1059
3338.1000 0.1060
3338.6000 0.1061
3340.7000 0.1063
3342.8000 0.1064
3344.2000 0.1065
3359.4000 0.1066
3360.4000 0.1067
3363.9000 0.1068
3364.6000 0.1069
3367.9000 0.1070
3373.1000 0.1071
3376.9000 0.1072
3377.0000 0.1073
3388.2000 0.1074
3391.5000 0.1075
3395.9000 0.1076
3399.7000 0.1077
3403.4000 0.1078
3405.3000 0.1079
3414.2000 0.1080
3415.0000 0.1081
3421.5000 0.1082
3421.6000 0.1083
3433.9000 0.1084
3436.2000 0.1085
3436.3000 0.1086
3439.4000 0.1088
3440.4000 0.1089
3445.3000 0.1090
3446.3000 0.1091
3446.4000 0.1092
3453.2000 0.1093
3463.3000 0.1094
3465.3000 0.1095
3467.5000 0.1096
3470.4000 0.1097
3477.2000 0.1098
3480.8000 0.1099
3482.2000 0.1100
3483.0000 0.1101
3484.8000 0.1102
3485.6000 0.1103
3493.2000 0.1104
3495.2000 0.1105
3500.6000 0.1106
3505.6000 0.1107
3510.5000 0.1108
3510.5000 0.1109
3512.7000 0.1110
3523.8000 0.1111
3526.5000 0.1113
3532.5000 0.1114
3549.5000 0.1115
3550.0000 0.1116
3556.7000 0.1117
3563.6000 0.1118
3572.1000 0.1119
3573.5000 0.1120
3582.4000 0.1121
3583.6000 0.1122
3592.2000 0.1123
3593.8000 0.1124
3605.6000 0.1125
3610.9000 0.1126
3611.6000 0.1127
3622.2000 0.1128
3624.5000 0.1129
3626.9000 0.1130
3640.6000 0.1131
3641.8000 0.1132
3642.1000 0.1133
3647.5000 0.1134
3649.9000 0.1135
3673.1000 0.1136
3682.6000 0.1138
3689.3000 0.1139
3690.1000 0.1140
3692.6000 0.1141
3698.5000 0.1142
3703.6000 0.1143
3704.1000 0.1144
3705.3000 0.1145
3713.6000 0.1146
3722.9000 0.1147
3729.8000 0.1148
3732.8000 0.1149
3740.6000 0.1150
3747.7000 0.1151
3751.6000 0.1152
3752.9000 0.1153
3756.5000 0.1154
3763.4000 0.1155
3773.9000 0.1156
3774.8000 0.1157
3789.8000 0.1158
3797.2000 0.1159
3798.8000 0.1160
3798.9000 0.1161
3803.1000 0.1163
3806.2000 0.1164
3808.8000 0.1165
3821.0000 0.1166
3821.3000 0.1167
3829.7000 0.1168
3832.0000 0.1169
3840.5000 0.1170
3848.1000 0.1171
3861.9000 0.1172
3866.7000 0.1173
3872.3000 0.1174
3882.9000 0.1175
3892.6000 0.1176
3896.2000 0.1177
3902.8000 0.1178
3905.8000 0.1179
3905.9000 0.1180
3917.9000 0.1181
3925.6000 0.1182
3930.3000 0.1183
3942.9000 0.1184
3943.4000 0.1185
3955.6000 0.1186
3958.4000 0.1188
3964.0000 0.1189
3968.8000 0.1190
3980.4000 0.1191
3980.6000 0.1192
3982.2000 0.1193
3982.7000 0.1194
3985.1000 0.1195
3989.0000 0.1196
3991.7000 0.1197
3996.5000 0.1198
4013.1000 0.1199
4013.7000 0.1200
4016.0000 0.1201
4024.3000 0.1202
4024.8000 0.1203
4025.7000 0.1204
4026.4000 0.1205
4029.3000 0.1206
4030.8000 0.1207
4048.2000 0.1208
4052.4000 0.1209
4056.7000 0.1210
4060.3000 0.1211
4069.2000 0.1213
4075.3000 0.1214
4078.6000 0.1215
4082.4000 0.1216
4099.3000 0.1217
4099.7000 0.1218
4106.7000 0.1219
4112.0000 0.1220
4112.7000 0.1221
4123.1000 0.1222
4132.2000 0.1223
4145.2000 0.1224
4149.6000 0.1225
4157.1000 0.1226
4160.1000 0.1227
4162.5000 0.1228
4164.9000 0.1229
4186.7000 0.1230
4191.3000 0.1231
4205.0000 0.1232
4207.9000 0.1233
4208.6000 0.1234
4213.8000 0.1235
4218.7000 0.1236
4229.9000 0.1238
4231.0000 0.1239
4232.5000 0.1240
4235.3000 0.1241
4240.1000 0.1242
4240.2000 0.1243
4243.6000 0.1244
4246.8000 0.1245
4252.8000 0.1246
4262.9000 0.1247
4267.5000 0.1248
4276.7000 0.1249
4281.8000 0.1250
4293.6000 0.1251
4297.0000 0.1252
4301.1000 0.1253
4308.7000 0.1254
4309.0000 0.1255
4310.2000 0.1256
4342.9000 0.1257
4360.9000 0.1258
4361.2000 0.1259
4361.9000 0.1260
4367.7000 0.1261
4375.4000 0.1263
4376.1000 0.1264
4376.7000 0.1265
4380.5000 0.1266
4382.0000 0.1267
4389.4000 0.1268
4391.7000 0.1269
4395.1000 0.1270
4409.8000 0.1271
4412.7000 0.1272
4424.4000 0.1273
4425.5000 0.1274
4429.0000 0.1275
4431.8000 0.1276
4439.6000 0.1277
4445.8000 0.1278
4454.3000 0.1279
4457.4000 0.1280
4462.8000 0.1281
4472.0000 0.1282
4489.1000 0.1283
4496.4000 0.1284
4507.7000 0.1285
4510.7000 0.1286
4510.8000 0.1288
4517.2000 0.1289
4517.2000 0.1290
4529.3000 0.1291
4544.7000 0.1292
4560.9000 0.1293
4564.5000 0.1294
4564.9000 0.1295
4569.9000 0.1296
4584.9000 0.1297
4589.4000 0.1298
4591.3000 0.1299
4592.6000 0.1300
4596.4000 0.1301
4597.2000 0.1302
4599.5000 0.1303
4600.3000 0.1304
4601.3000 0.1305
4614.5000 0.1306
4616.7000 0.1307
4619.0000 0.1308
4622.7000 0.1309
4623.9000 0.1310
4625.0000 0.1311
4626.2000 0.1313
4630.7000 0.1314
4649.2000 0.1315
4655.6000 0.1316
4656.9000 0.1317
4662.1000 0.1318
4663.8000 0.1319
4667.3000 0.1320
4670.4000 0.1321
4670.5000 0.1322
4672.4000 0.1323
4679.9000 0.1324
4681.8000 0.1325
4683.3000 0.1326
4703.8000 0.1327
4705.0000 0.1328
4706.0000 0.1329
4712.4000 0.1330
4719.9000 0.1331
4720.8000 0.1332
4725.7000 0.1333
4728.6000 0.1334
4729.5000 0.1335
4732.6000 0.1336
4733.8000 0.1338
4735.3000 0.1339
4762.9000 0.1340
4767.6000 0.1341
4768.5000 0.1342
4774.6000 0.1343
4778.0000 0.1344
4782.2000 0.1345
4791.7000 0.1346
4796.4000 0.1347
4812.9000 0.1348
4815.3000 0.1349
4829.9000 0.1350
4842.6000 0.1351
4864.6000 0.1352
4867.7000 0.1353
4875.8000 0.1354
4876.6000 0.1355
4887.2000 0.1356
4910.5000 0.1357
4912.6000 0.1358
4930.2000 0.1359
4933.3000 0.1360
4933.5000 0.1361
4941.5000 0.1363
4944.9000 0.1364
4946.6000 0.1365
4947.7000 0.1366
4956.9000 0.1367
4959.2000 0.1368
4963.7000 0.1369
4964.1000 0.1370
4970.3000 0.1371
4973.5000 0.1372
4986.6000 0.1373
5001.3000 0.1374
5001.7000 0.1375
5013.7000 0.1376
5023.1000 0.1377
5033.3000 0.1378
5038.7000 0.1379
5041.0000 0.1380
5050.4000 0.1381
5054.1000 0.1382
5055.5000 0.1383
5066.4000 0.1384
5066.6000 0.1385
5070.0000 0.1386
5072.9000 0.1388
5073.1000 0.1389
5075.5000 0.1390
5078.2000 0.1391
5083.4000 0.1392
5096.8000 0.1393
5100.9000 0.1394
5111.0000 0.1395
5121.4000 0.1396
5123.6000 0.1397
5132.7000 0.1398
5134.5000 0.1399
5140.0000 0.1400
5149.8000 0.1401
5169.4000 0.1402
5171.4000 0.1403
5181.6000 0.1404
5188.2000 0.1405
5188.3000 0.1406
5202.1000 0.1407
5203.8000 0.1408
5204.6000 0.1409
5207.3000 0.1410
5209.7000 0.1411
5211.6000 0.1413
5216.7000 0.1414
5218.6000 0.1415
5218.9000 0.1416
5230.4000 0.1417
5232.5000 0.1418
5246.6000 0.1419
5255.1000 0.1420
5259.9000 0.1421
5260.2000 0.1422
5283.1000 0.1423
5283.3000 0.1424
5284.2000 0.1425
5286.4000 0.1426
5286.9000 0.1427
5289.0000 0.1428
5293.3000 0.1429
5294.1000 0.1430
5294.8000 0.1431
5297.9000 0.1432
5301.0000 0.1433
5304.7000 0.1434
5309.3000 0.1435
5310.5000 0.1436
5312.1000 0.1437
5324.5000 0.1439
5325.3000 0.1440
5326.4000 0.1441
5328.6000 0.1442
5339.7000 0.1443
5341.1000 0.1444
5346.7000 0.1445
5359.6000 0.1446
5370.5000 0.1447
5376.2000 0.1448
5384.7000 0.1449
5398.8000 0.1450
5400.6000 0.1451
5400.7000 0.1452
5407.8000 0.1453
5410.3000 0.1454
5420.9000 0.1455
5427.5000 0.1456
5430.9000 0.1457
5433.4000 0.1458
5438.5000 0.1459
5446.9000 0.1460
5450.3000 0.1461
5461.3000 0.1462
5463.3000 0.1464
5467.0000 0.1465
5482.1000 0.1466
5485.9000 0.1467
5488.6000 0.1468
5489.1000 0.1469
5495.3000 0.1470
5501.5000 0.1471
5505.6000 0.1472
5506.0000 0.1473
5510.6000 0.1474
5514.5000 0.1475
5518.0000 0.1476
5524.7000 0.1477
5526.7000 0.1478
5526.8000 0.1479
5527.6000 0.1480
5530.5000 0.1481
5534.6000 0.1482
5538.8000 0.1483
5543.0000 0.1484
5546.7000 0.1485
5555.5000 0.1486
5563.3000 0.1487
5571.3000 0.1489
5572.0000 0.1490
5577.9000 0.1491
5586.4000 0.1492
5604.9000 0.1493
5609.3000 0.1494
5618.5000 0.1495
5627.2000 0.1496
5628.2000 0.1497
5635.3000 0.1498
5636.5000 0.1499
5639.0000 0.1500
5653.4000 0.1501
5654.0000 0.1502
5664.6000 0.1503
5673.0000 0.1504
5678.4000 0.1505
5679.5000 0.1506
5680.4000 0.1507
5688.8000 0.1508
5705.8000 0.1509
5710.3000 0.1510
5719.3000 0.1511
5724.0000 0.1512
5738.3000 0.1514
5738.9000 0.1515
5756.0000 0.1516
5775.7000 0.1517
5776.2000 0.1518
5786.0000 0.1519
5787.0000 0.1520
5789.4000 0.1521
5792.7000 0.1522
5800.9000 0.1523
5817.3000 0.1524
5828.0000 0.1525
5834.9000 0.1526
5834.9000 0.1527
5853.2000 0.1528
5868.9000 0.1529
5870.5000 0.1530
5875.3000 0.1531
5879.5000 0.1532
5880.0000 0.1533
5881.7000 0.1534
5894.6000 0.1535
5899.7000 0.1536
5903.7000 0.1537
5906.0000 0.1539
5912.7000 0.1540
5914.5000 0.1541
5922.6000 0.1542
5933.3000 0.1543
5941.3000 0.1544
5942.3000 0.1545
5946.4000 0.1546
5968.0000 0.1547
5976.6000 0.1548
5978.6000 0.1549
5984.0000 0.1550
5984.3000 0.1551
5985.9000 0.1552
5989.9000 0.1553
5994.5000 0.1554
5998.9000 0.1555
6007.5000 0.1556
6016.3000 0.1557
6016.4000 0.1558
6019.8000 0.1559
6022.0000 0.1560
6025.3000 0.1561
6029.2000 0.1562
6029.6000 0.1564
6034.6000 0.1565
6039.0000 0.1566
6041.8000 0.1567
6042.8000 0.1568
6050.2000 0.1569
6054.1000 0.1570
6058.4000 0.1571
6059.4000 0.1572
6066.2000 0.1573
6068.4000 0.1574
6068.7000 0.1575
6081.1000 0.1576
6081.1000 0.1577
6083.3000 0.1578
6107.0000 0.1579
6116.0000 0.1580
6119.2000 0.1581
6121.7000 0.1582
6125.9000 0.1583
6129.1000 0.1584
6131.3000 0.1585
6136.1000 0.1586
6146.6000 0.1587
6147.3000 0.1589
6151.5000 0.1590
6155.6000 0.1591
6159.9000 0.1592
6169.9000 0.1593
6173.9000 0.1594
6176.6000 0.1595
6197.5000 0.1596
6201.5000 0.1597
6205.5000 0.1598
6209.1000 0.1599
6224.0000 0.1600
6236.7000 0.1601
6240.7000 0.1602
6263.6000 0.1603
6265.1000 0.1604
6270.8000 0.1605
6281.1000 0.1606
6281.3000 0.1607
6291.3000 0.1608
6297.7000 0.1609
6306.7000 0.1610
6328.8000 0.1611
6333.0000 0.1612
6347.4000 0.1614
6354.8000 0.1615
6355.5000 0.1616
6356.9000 0.1617
6369.9000 0.1618
6375.2000 0.1619
6375.4000 0.1620
6379.6000 0.1621
6386.5000 0.1622
6390.4000 0.1623
6393.9000 0.1624
6397.0000 0.1625
6397.9000 0.1626
6404.5000 0.1627
6415.3000 0.1628
6420.7000 0.1629
6422.6000 0.1630
6425.7000 0.1631
6435.6000 0.1632
6437.6000 0.1633
6442.4000 0.1634
6447.9000 0.1635
6447.9000 0.1636
6448.3000 0.1637
6451.7000 0.1639
6453.1000 0.1640
6463.0000 0.1641
6484.6000 0.1642
6485.3000 0.1643
6490.6000 0.1644
6496.2000 0.1645
6498.7000 0.1646
6511.4000 0.1647
6524.7000 0.1648
6526.9000 0.1649
6534.1000 0.1650
6535.0000 0.1651
6545.9000 0.1652
6548.2000 0.1653
6569.9000 0.1654
6573.5000 0.1655
6577.3000 0.1656
6578.0000 0.1657
6579.6000 0.1658
6581.5000 0.1659
6582.9000 0.1660
6602.0000 0.1661
6607.6000 0.1662
6612.4000 0.1664
6622.0000 0.1665
6622.1000 0.1666
6623.2000 0.1667
6630.5000 0.1668
6632.0000 0.1669
6633.8000 0.1670
6642.7000 0.1671
6645.6000 0.1672
6652.4000 0.1673
6661.7000 0.1674
6666.0000 0.1675
6669.4000 0.1676
6673.6000 0.1677
6676.6000 0.1678
6679.3000 0.1679
6689.1000 0.1680
6689.9000 0.1681
6693.9000 0.1682
6694.8000 0.1683
6697.0000 0.1684
6704.8000 0.1685
6706.6000 0.1686
6707.4000 0.1687
6718.7000 0.1689
6724.5000 0.1690
6726.6000 0.1691
6731.6000 0.1692
6734.3000 0.1693
6743.5000 0.1694
6751.1000 0.1695
6756.9000 0.1696
6759.9000 0.1697
6765.9000 0.1698
6770.1000 0.1699
6784.2000 0.1700
6784.9000 0.1701
6788.6000 0.1702
6791.6000 0.1703
6794.9000 0.1704
6798.6000 0.1705
6802.8000 0.1706
6813.9000 0.1707
6818.5000 0.1708
6820.2000 0.1709
6823.6000 0.1710
6827.1000 0.1711
6837.6000 0.1712
6849.6000 0.1714
6850.0000 0.1715
6852.4000 0.1716
6856.9000 0.1717
6864.8000 0.1718
6869.5000 0.1719
6879.8000 0.1720
6880.4000 0.1721
6891.4000 0.1722
6897.1000 0.1723
6903.7000 0.1724
6904.9000 0.1725
6906.6000 0.1726
6912.1000 0.1727
6915.3000 0.1728
6923.3000 0.1729
6925.2000 0.1730
6931.3000 0.1731
6947.3000 0.1732
6950.0000 0.1733
6951.6000 0.1734
6957.6000 0.1735
6960.5000 0.1736
6964.5000 0.1737
6967.4000 0.1739
6970.2000 0.1740
6974.9000 0.1741
6985.4000 0.1742
6986.6000 0.1743
6992.4000 0.1744
6993.2000 0.1745
6998.5000 0.1746
7001.6000 0.1747
7002.6000 0.1748
7016.8000 0.1749
7016.9000 0.1750
7029.6000 0.1751
7034.6000 0.1752
7043.6000 0.1753
7045.4000 0.1754
7048.3000 0.1755
7072.4000 0.1756
7072.9000 0.1757
7076.7000 0.1758
7077.4000 0.1759
7090.1000 0.1760
7095.8000 0.1761
7112.4000 0.1762
7117.5000 0.1764
7131.5000 0.1765
7133.4000 0.1766
7133.5000 0.1767
7147.0000 0.1768
7150.4000 0.1769
7166.5000 0.1770
7168.2000 0.1771
7179.2000 0.1772
7179.7000 0.1773
7183.5000 0.1774
7188.8000 0.1775
7189.5000 0.1776
7224.1000 0.1777
7226.8000 0.1778
7232.9000 0.1779
7235.8000 0.1780
7241.1000 0.1781
7254.1000 0.1782
7288.7000 0.1783
7295.6000 0.1784
7300.9000 0.1785
7305.2000 0.1786
7318.8000 0.1787
7321.7000 0.1789
7327.1000 0.1790
7340.2000 0.1791
7342.4000 0.1792
7351.1000 0.1793
7353.5000 0.1794
7356.2000 0.1795
7360.3000 0.1796
7372.2000 0.1797
7372.7000 0.1798
7373.9000 0.1799
7374.0000 0.1800
7374.8000 0.1801
7398.7000 0.1802
7402.5000 0.1803
7411.6000 0.1804
7415.3000 0.1805
7418.5000 0.1806
7419.8000 0.1807
7424.0000 0.1808
7428.5000 0.1809
7432.0000 0.1810
7439.0000 0.1811
7451.1000 0.1812
7455.4000 0.1814
7456.9000 0.1815
7472.0000 0.1816
7479.0000 0.1817
7484.1000 0.1818
7485.7000 0.1819
7501.7000 0.1820
7504.5000 0.1821
7504.6000 0.1822
7508.8000 0.1823
7510.8000 0.1824
7515.0000 0.1825
7527.4000 0.1826
7530.5000 0.1827
7535.0000 0.1828
7539.2000 0.1829
7542.3000 0.1830
7546.5000 0.1831
7573.5000 0.1832
7576.0000 0.1833
7581.5000 0.1834
7588.4000 0.1835
7602.3000 0.1836
7602.9000 0.1837
7605.7000 0.1839
7607.0000 0.1840
7634.3000 0.1841
7655.0000 0.1842
7664.0000 0.1843
7674.4000 0.1844
7677.7000 0.1845
7680.5000 0.1846
7681.1000 0.1847
7684.9000 0.1848
7693.6000 0.1849
7693.6000 0.1850
7696.4000 0.1851
7708.6000 0.1852
7713.8000 0.1853
7720.3000 0.1854
7726.2000 0.1855
7754.6000 0.1856
7763.7000 0.1857
7766.9000 0.1858
7774.3000 0.1859
7787.7000 0.1860
7788.6000 0.1861
7792.6000 0.1862
7793.3000 0.1864
7796.5000 0.1865
7802.1000 0.1866
7809.0000 0.1867
7814.6000 0.1868
7818.0000 0.1869
7818.1000 0.1870
7828.3000 0.1871
7832.4000 0.1872
7838.6000 0.1873
7846.8000 0.1874
7853.8000 0.1875
7860.7000 0.1876
7864.7000 0.1877
7866.7000 0.1878
7873.9000 0.1879
7876.6000 0.1880
7877.3000 0.1881
7878.4000 0.1882
7878.9000 0.1883
7882.9000 0.1884
7891.3000 0.1885
7892.6000 0.1886
7892.6000 0.1887
7902.4000 0.1889
7914.9000 0.1890
7918.8000 0.1891
7919.6000 0.1892
7933.6000 0.1893
7948.0000 0.1894
7952.0000 0.1895
7966.4000 0.1896
7966.9000 0.1897
7967.0000 0.1898
7969.2000 0.1899
7977.8000 0.1900
7981.0000 0.1901
7985.3000 0.1902
7986.6000 0.1903
7990.3000 0.1904
7997.7000 0.1905
8001.6000 0.1906
8003.6000 0.1907
8019.0000 0.1908
8024.4000 0.1909
8025.8000 0.1910
8027.0000 0.1911
8028.6000 0.1912
8031.6000 0.1914
8052.2000 0.1915
8055.6000 0.1916
8059.5000 0.1917
8062.2000 0.1918
8064.3000 0.1919
8078.3000 0.1920
8085.6000 0.1921
8092.4000 0.1922
8092.8000 0.1923
8096.3000 0.1924
8103.4000 0.1925
8107.9000 0.1926
8120.7000 0.1927
8147.6000 0.1928
8159.8000 0.1929
8161.5000 0.1930
8170.6000 0.1931
8172.1000 0.1932
8176.0000 0.1933
8176.3000 0.1934
8178.4000 0.1935
8181.5000 0.1936
8188.3000 0.1937
8220.6000 0.1939
8223.0000 0.1940
8230.9000 0.1941
8234.3000 0.1942
8234.5000 0.1943
8240.3000 0.1944
8242.0000 0.1945
8244.7000 0.1946
8259.7000 0.1947
8271.1000 0.1948
8280.5000 0.1949
8285.9000 0.1950
8287.6000 0.1951
8289.5000 0.1952
8291.9000 0.1953
8310.8000 0.1954
8314.9000 0.1955
8332.6000 0.1956
8341.2000 0.1957
8341.6000 0.1958
8342.6000 0.1959
8352.7000 0.1960
8367.5000 0.1961
8377.5000 0.1962
8379.6000 0.1964
8387.6000 0.1965
8389.2000 0.1966
8396.1000 0.1967
8397.2000 0.1968
8406.4000 0.1969
8409.3000 0.1970
8418.9000 0.1971
8420.3000 0.1972
8424.4000 0.1973
8425.1000 0.1974
8430.4000 0.1975
8432.7000 0.1976
8435.1000 0.1977
8448.0000 0.1978
8455.7000 0.1979
8466.3000 0.1980
8479.5000 0.1981
8484.1000 0.1982
8484.3000 0.1983
8485.4000 0.1984
8485.6000 0.1985
8489.9000 0.1986
8505.0000 0.1987
8505.3000 0.1989
8528.2000 0.1990
8529.7000 0.1991
8537.9000 0.1992
8542.2000 0.1993
8557.2000 0.1994
8567.6000 0.1995
8575.8000 0.1996
8577.2000 0.1997
8586.8000 0.1998
8600.7000 0.1999
8607.7000 0.2000
8611.3000 0.2001
8613.2000 0.2002
8635.2000 0.2003
8636.4000 0.2004
8640.3000 0.2005
8641.9000 0.2006
8651.0000 0.2007
8652.2000 0.2008
8655.9000 0.2009
8661.8000 0.2010
8662.0000 0.2011
8662.5000 0.2012
8662.6000 0.2014
8664.3000 0.2015
8679.0000 0.2016
8683.0000 0.2017
8683.4000 0.2018
8685.6000 0.2019
8699.4000 0.2020
8706.0000 0.2021
8706.1000 0.2022
8708.9000 0.2023
8712.7000 0.2024
8714.0000 0.2025
8716.5000 0.2026
8717.5000 0.2027
8723.1000 0.2028
8723.7000 0.2029
8738.7000 0.2030
8756.0000 0.2031
8763.8000 0.2032
8765.3000 0.2033
8770.1000 0.2034
8773.5000 0.2035
8777.3000 0.2036
8781.4000 0.2037
8781.6000 0.2039
8807.1000 0.2040
8807.2000 0.2041
8811.6000 0.2042
8813.5000 0.2043
8814.6000 0.2044
8815.3000 0.2045
8819.7000 0.2046
8830.1000 0.2047
8833.0000 0.2048
8838.8000 0.2049
8845.7000 0.2050
8859.0000 0.2051
8872.9000 0.2052
8875.2000 0.2053
8880.0000 0.2054
8880.5000 0.2055
8891.2000 0.2056
8911.8000 0.2057
8920.0000 0.2058
8923.6000 0.2059
8926.1000 0.2060
8926.5000 0.2061
8938.6000 0.2062
8961.3000 0.2064
8963.2000 0.2065
8964.6000 0.2066
8984.7000 0.2067
8988.7000 0.2068
8991.1000 0.2069
8992.4000 0.2070
8997.5000 0.2071
9000.3000 0.2072
9002.0000 0.2073
9003.7000 0.2074
9011.8000 0.2075
9033.3000 0.2076
9034.3000 0.2077
9055.1000 0.2078
9055.8000 0.2079
9063.4000 0.2080
9094.0000 0.2081
9101.9000 0.2082
9105.4000 0.2083
9106.2000 0.2084
9139.9000 0.2085
9144.5000 0.2086
9144.7000 0.2087
9145.3000 0.2089
9150.9000 0.2090
9153.9000 0.2091
9155.4000 0.2092
9156.3000 0.2093
9164.6000 0.2094
9171.6000 0.2095
9190.0000 0.2096
9196.6000 0.2097
9197.3000 0.2098
9197.6000 0.2099
9200.7000 0.2100
9205.6000 0.2101
9209.6000 0.2102
9223.5000 0.2103
9227.2000 0.2104
9243.5000 0.2105
9246.7000 0.2106
9261.0000 0.2107
9262.3000 0.2108
9264.8000 0.2109
9266.9000 0.2110
9269.4000 0.2111
9273.3000 0.2112
9275.4000 0.2114
9291.7000 0.2115
9292.6000 0.2116
9296.4000 0.2117
9298.9000 0.2118
9311.7000 0.2119
9319.1000 0.2120
9321.2000 0.2121
9321.8000 0.2122
9328.9000 0.2123
9331.9000 0.2124
9340.6000 0.2125
9356.3000 0.2126
9374.8000 0.2127
9378.0000 0.2128
9383.0000 0.2129
9390.4000 0.2130
9390.4000 0.2131
9391.0000 0.2132
9397.5000 0.2133
9401.5000 0.2134
9412.0000 0.2135
9414.8000 0.2136
9415.5000 0.2137
9427.3000 0.2139
9433.0000 0.2140
9440.3000 0.2141
9445.6000 0.2142
9454.8000 0.2143
9460.2000 0.2144
9463.7000 0.2145
9466.0000 0.2146
9476.9000 0.2147
9480.8000 0.2148
9492.3000 0.2149
9505.3000 0.2150
9507.0000 0.2151
9515.9000 0.2152
9528.9000 0.2153
9539.0000 0.2154
9540.5000 0.2155
9543.9000 0.2156
9544.4000 0.2157
9544.5000 0.2158
9554.1000 0.2159
9555.2000 0.2160
9558.0000 0.2161
9560.9000 0.2162
9564.0000 0.2164
9569.5000 0.2165
9582.5000 0.2166
9587.5000 0.2167
9591.8000 0.2168
9597.6000 0.2169
9603.0000 0.2170
9605.1000 0.2171
9605.3000 0.2172
9611.3000 0.2173
9615.6000 0.2174
9618.7000 0.2175
9631.9000 0.2176
9633.9000 0.2177
9634.7000 0.2178
9645.9000 0.2179
9646.6000 0.2180
9653.8000 0.2181
9654.9000 0.2182
9656.3000 0.2183
9673.6000 0.2184
9673.8000 0.2185
9674.7000 0.2186
9680.7000 0.2187
9693.0000 0.2189
9694.6000 0.2190
9708.1000 0.2191
9713.7000 0.2192
9725.7000 0.2193
9729.7000 0.2194
9733.3000 0.2195
9735.8000 0.2196
9744.1000 0.2197
9753.1000 0.2198
9754.6000 0.2199
9760.5000 0.2200
9766.7000 0.2201
9767.1000 0.2202
9770.9000 0.2203
9773.5000 0.2204
9780.3000 0.2205
9780.6000 0.2206
9788.4000 0.2207
9791.0000 0.2208
9801.0000 0.2209
9802.0000 0.2210
9827.6000 0.2211
9831.9000 0.2212
9833.8000 0.2214
9839.8000 0.2215
9840.0000 0.2216
9840.9000 0.2217
9851.1000 0.2218
9854.4000 0.2219
9857.0000 0.2220
9878.7000 0.2221
9883.3000 0.2222
9883.7000 0.2223
9883.8000 0.2224
9884.0000 0.2225
9885.3000 0.2226
9891.3000 0.2227
9894.6000 0.2228
9907.0000 0.2229
9908.5000 0.2230
9909.5000 0.2231
9912.1000 0.2232
9921.6000 0.2233
9925.5000 0.2234
9937.9000 0.2235
9952.2000 0.2236
9954.7000 0.2237
9958.7000 0.2239
9964.3000 0.2240
9977.4000 0.2241
9992.3000 0.2242
10009.1000 0.2243
10025.6000 0.2244
10026.2000 0.2245
10028.0000 0.2246
10031.4000 0.2247
10035.6000 0.2248
10041.9000 0.2249
10051.9000 0.2250
10073.8000 0.2251
10084.0000 0.2252
10089.2000 0.2253
10092.7000 0.2254
10093.8000 0.2255
10094.3000 0.2256
10098.6000 0.2257
10101.3000 0.2258
10105.6000 0.2259
10120.7000 0.2260
10128.5000 0.2261
10129.8000 0.2262
10132.7000 0.2264
10151.5000 0.2265
10152.1000 0.2266
10171.8000 0.2267
10175.7000 0.2268
10175.8000 0.2269
10185.2000 0.2270
10191.2000 0.2271
10192.7000 0.2272
10196.0000 0.2273
10198.3000 0.2274
10198.6000 0.2275
10207.5000 0.2276
10213.3000 0.2277
10232.0000 0.2278
10233.3000 0.2279
10236.6000 0.2280
10238.7000 0.2281
10245.3000 0.2282
10250.0000 0.2283
10261.9000 0.2284
10268.2000 0.2285
10277.4000 0.2286
10279.7000 0.2287
10283.4000 0.2289
10286.1000 0.2290
10289.5000 0.2291
10303.1000 0.2292
10316.0000 0.2293
10327.0000 0.2294
10336.6000 0.2295
10354.5000 0.2296
10362.5000 0.2297
10369.9000 0.2298
10377.6000 0.2299
10378.7000 0.2300
10379.1000 0.2301
10383.6000 0.2302
10383.9000 0.2303
10384.9000 0.2304
10407.3000 0.2305
10418.7000 0.2306
10427.2000 0.2307
10428.1000 0.2308
10444.6000 0.2309
10448.9000 0.2310
10456.2000 0.2311
10462.8000 0.2312
10463.4000 0.2314
10466.2000 0.2315
10475.1000 0.2316
10482.2000 0.2317
10495.4000 0.2318
10498.5000 0.2319
10498.8000 0.2320
10512.9000 0.2321
10522.8000 0.2322
10530.7000 0.2323
10539.7000 0.2324
10550.5000 0.2325
10551.7000 0.2326
10555.1000 0.2327
10575.3000 0.2328
10575.4000 0.2329
10577.0000 0.2330
10588.6000 0.2331
10591.7000 0.2332
10597.9000 0.2333
10610.9000 0.2334
10619.8000 0.2335
10644.0000 0.2336
10648.6000 0.2337
10664.4000 0.2339
10669.8000 0.2340
10674.1000 0.2341
10676.5000 0.2342
10678.0000 0.2343
10686.6000 0.2344
10704.6000 0.2345
10712.6000 0.2346
10716.7000 0.2347
10717.5000 0.2348
10722.1000 0.2349
10723.7000 0.2350
10725.1000 0.2351
10730.4000 0.2352
10739.2000 0.2353
10745.8000 0.2354
10749.8000 0.2355
10757.8000 0.2356
10763.7000 0.2357
10782.9000 0.2358
10785.4000 0.2359
10786.3000 0.2360
10793.4000 0.2361
10800.0000 0.2362
10800.2000 0.2364
10808.5000 0.2365
10812.0000 0.2366
10817.6000 0.2367
10837.3000 0.2368
10838.0000 0.2369
10843.9000 0.2370
10854.3000 0.2371
10855.1000 0.2372
10862.6000 0.2373
10864.0000 0.2374
10869.6000 0.2375
10872.0000 0.2376
10874.4000 0.2377
10877.1000 0.2378
10880.5000 0.2379
10883.5000 0.2380
10885.6000 0.2381
10887.2000 0.2382
10902.3000 0.2383
10913.3000 0.2384
10933.6000 0.2385
10936.4000 0.2386
10944.3000 0.2387
10947.3000 0.2389
10961.7000 0.2390
10965.0000 0.2391
10966.7000 0.2392
10972.7000 0.2393
10974.4000 0.2394
10985.4000 0.2395
11002.7000 0.2396
11012.7000 0.2397
11016.6000 0.2398
11040.1000 0.2399
11044.1000 0.2400
11055.7000 0.2401
11072.5000 0.2402
11090.7000 0.2403
11098.9000 0.2404
11103.0000 0.2405
11111.8000 0.2406
11111.9000 0.2407
11118.2000 0.2408
11123.8000 0.2409
11125.5000 0.2410
11126.4000 0.2411
11133.6000 0.2412
11136.1000 0.2414
11141.5000 0.2415
11142.0000 0.2416
11148.9000 0.2417
11151.4000 0.2418
11155.6000 0.2419
11164.8000 0.2420
11167.5000 0.2421
11172.4000 0.2422
11189.9000 0.2423
11194.5000 0.2424
11222.2000 0.2425
11224.4000 0.2426
11236.1000 0.2427
11239.0000 0.2428
11251.5000 0.2429
11255.6000 0.2430
11260.5000 0.2431
11267.7000 0.2432
11268.0000 0.2433
11268.1000 0.2434
11269.1000 0.2435
11270.2000 0.2436
11278.2000 0.2437
11279.6000 0.2439
11282.7000 0.2440
11286.8000 0.2441
11299.9000 0.2442
11302.9000 0.2443
11321.3000 0.2444
11321.4000 0.2445
11325.1000 0.2446
11339.5000 0.2447
11347.0000 0.2448
11376.8000 0.2449
11379.7000 0.2450
11381.2000 0.2451
11397.7000 0.2452
11406.2000 0.2453
11407.6000 0.2454
11422.9000 0.2455
11436.1000 0.2456
11440.1000 0.2457
11450.9000 0.2458
11451.3000 0.2459
11460.8000 0.2460
11462.0000 0.2461
11472.7000 0.2462
11478.9000 0.2464
11489.3000 0.2465
11499.6000 0.2466
11504.6000 0.2467
11506.0000 0.2468
11518.3000 0.2469
11526.6000 0.2470
11536.6000 0.2471
11538.6000 0.2472
11542.7000 0.2473
11542.7000 0.2474
11543.4000 0.2475
11550.1000 0.2476
11551.9000 0.2477
11552.2000 0.2478
11559.3000 0.2479
11560.2000 0.2480
11567.6000 0.2481
11569.0000 0.2482
11575.8000 0.2483
11592.5000 0.2484
11598.9000 0.2485
11603.0000 0.2486
11611.8000 0.2487
11631.3000 0.2489
11647.6000 0.2490
11664.7000 0.2491
11665.3000 0.2492
11666.3000 0.2493
11682.4000 0.2494
11704.1000 0.2495
11704.6000 0.2496
11708.6000 0.2497
11715.0000 0.2498
11719.7000 0.2499
11732.2000 0.2500
11733.0000 0.2501
11733.5000 0.2502
11736.3000 0.2503
11743.4000 0.2504
11746.3000 0.2505
11757.6000 0.2506
11770.6000 0.2507
11773.8000 0.2508
11778.7000 0.2509
11781.1000 0.2510
11790.4000 0.2511
11800.2000 0.2512
11807.6000 0.2514
11810.9000 0.2515
11811.0000 0.2516
11816.8000 0.2517
11824.8000 0.2518
11830.7000 0.2519
11831.2000 0.2520
11831.3000 0.2521
11831.7000 0.2522
11835.6000 0.2523
11851.6000 0.2524
11854.2000 0.2525
11866.6000 0.2526
11868.8000 0.2527
11872.0000 0.2528
11879.3000 0.2529
11880.8000 0.2530
11893.4000 0.2531
11898.2000 0.2532
11904.1000 0.2533
11904.8000 0.2534
11924.6000 0.2535
11925.2000 0.2536
11927.9000 0.2537
11938.7000 0.2539
11942.6000 0.2540
11965.4000 0.2541
11966.6000 0.2542
11982.7000 0.2543
11985.3000 0.2544
