# messageDelay  cumulativeProbability
1.0000 0.0002
1.0000 0.0003
1.0000 0.0005
1.0000 0.0007
1.0000 0.0009
1.0000 0.0010
1.0000 0.0012
1.0000 0.0014
1.0000 0.0016
1.0000 0.0017
1.0000 0.0019
1.0000 0.0021
1.0000 0.0023
1.0000 0.0024
1.0000 0.0026
1.0000 0.0028
1.0000 0.0030
1.0000 0.0031
1.0000 0.0033
1.0000 0.0035
1.0000 0.0036
1.0000 0.0038
1.1000 0.0040
1.1000 0.0042
1.4000 0.0043
1.8000 0.0045
2.0000 0.0047
2.1000 0.0049
9.9000 0.0050
10.3000 0.0052
11.0000 0.0054
22.5000 0.0056
33.4000 0.0057
36.1000 0.0059
95.6000 0.0061
118.7000 0.0063
158.4000 0.0064
202.3000 0.0066
207.6000 0.0068
213.3000 0.0069
242.0000 0.0071
263.2000 0.0073
276.3000 0.0075
280.1000 0.0076
283.5000 0.0078
308.0000 0.0080
328.1000 0.0082
332.5000 0.0083
339.7000 0.0085
340.0000 0.0087
345.6000 0.0089
347.7000 0.0090
354.4000 0.0092
383.9000 0.0094
385.6000 0.0095
386.4000 0.0097
392.4000 0.0099
397.0000 0.0101
409.7000 0.0102
410.9000 0.0104
413.0000 0.0106
415.1000 0.0108
425.7000 0.0109
432.4000 0.0111
442.1000 0.0113
453.0000 0.0115
455.0000 0.0116
478.7000 0.0118
483.4000 0.0120
484.5000 0.0122
485.9000 0.0123
501.9000 0.0125
507.0000 0.0127
508.1000 0.0128
509.5000 0.0130
512.5000 0.0132
514.9000 0.0134
518.6000 0.0135
524.6000 0.0137
525.0000 0.0139
527.6000 0.0141
530.7000 0.0142
535.7000 0.0144
536.0000 0.0146
540.2000 0.0148
540.7000 0.0149
548.3000 0.0151
553.2000 0.0153
555.4000 0.0155
561.3000 0.0156
561.6000 0.0158
577.2000 0.0160
588.3000 0.0161
593.1000 0.0163
594.5000 0.0165
598.2000 0.0167
599.7000 0.0168
605.5000 0.0170
609.4000 0.0172
616.6000 0.0174
621.6000 0.0175
623.4000 0.0177
630.0000 0.0179
636.2000 0.0181
639.1000 0.0182
639.4000 0.0184
640.4000 0.0186
665.2000 0.0187
665.9000 0.0189
668.5000 0.0191
670.1000 0.0193
671.4000 0.0194
676.3000 0.0196
677.9000 0.0198
678.9000 0.0200
689.9000 0.0201
690.1000 0.0203
693.1000 0.0205
704.9000 0.0207
708.3000 0.0208
709.8000 0.0210
713.9000 0.0212
717.0000 0.0214
717.1000 0.0215
720.2000 0.0217
724.8000 0.0219
726.4000 0.0220
745.5000 0.0222
751.2000 0.0224
756.3000 0.0226
757.1000 0.0227
763.0000 0.0229
763.2000 0.0231
772.9000 0.0233
779.0000 0.0234
785.0000 0.0236
785.7000 0.0238
786.2000 0.0240
786.3000 0.0241
787.4000 0.0243
789.3000 0.0245
795.5000 0.0247
795.9000 0.0248
808.6000 0.0250
813.3000 0.0252
815.6000 0.0253
815.7000 0.0255
820.2000 0.0257
827.1000 0.0259
830.4000 0.0260
836.2000 0.0262
841.8000 0.0264
843.2000 0.0266
848.3000 0.0267
852.4000 0.0269
853.4000 0.0271
856.7000 0.0273
860.0000 0.0274
861.7000 0.0276
861.7000 0.0278
863.8000 0.0280
869.7000 0.0281
874.3000 0.0283
875.2000 0.0285
876.7000 0.0286
880.8000 0.0288
884.2000 0.0290
896.4000 0.0292
898.5000 0.0293
899.0000 0.0295
902.4000 0.0297
907.6000 0.0299
927.2000 0.0300
930.6000 0.0302
937.5000 0.0304
948.0000 0.0306
948.2000 0.0307
952.0000 0.0309
957.1000 0.0311
957.4000 0.0312
962.9000 0.0314
965.9000 0.0316
967.6000 0.0318
971.0000 0.0319
977.3000 0.0321
977.8000 0.0323
978.4000 0.0325
978.7000 0.0326
979.4000 0.0328
982.2000 0.0330
989.8000 0.0332
995.4000 0.0333
997.9000 0.0335
998.4000 0.0337
1000.4000 0.0339
1007.7000 0.0340
1008.2000 0.0342
1011.7000 0.0344
1013.9000 0.0345
1014.6000 0.0347
1015.9000 0.0349
1023.7000 0.0351
1028.5000 0.0352
1028.5000 0.0354
1037.7000 0.0356
1043.1000 0.0358
1046.8000 0.0359
1047.0000 0.0361
1047.9000 0.0363
1050.2000 0.0365
1060.9000 0.0366
1061.5000 0.0368
1062.1000 0.0370
1063.4000 0.0372
1063.4000 0.0373
1072.2000 0.0375
1074.8000 0.0377
1078.8000 0.0378
1082.1000 0.0380
1084.9000 0.0382
1094.5000 0.0384
1099.8000 0.0385
1101.0000 0.0387
1108.5000 0.0389
1122.4000 0.0391
1123.2000 0.0392
1123.4000 0.0394
1135.5000 0.0396
1136.2000 0.0398
1141.2000 0.0399
1142.2000 0.0401
1145.2000 0.0403
1145.7000 0.0405
1146.1000 0.0406
1151.2000 0.0408
1160.2000 0.0410
1170.1000 0.0411
1171.1000 0.0413
1177.2000 0.0415
1182.4000 0.0417
1184.2000 0.0418
1186.1000 0.0420
1191.9000 0.0422
1198.1000 0.0424
1199.1000 0.0425
1199.5000 0.0427
1201.3000 0.0429
1201.7000 0.0431
1202.8000 0.0432
1203.0000 0.0434
1208.5000 0.0436
1210.0000 0.0437
1212.7000 0.0439
1213.4000 0.0441
1213.7000 0.0443
1215.1000 0.0444
1217.3000 0.0446
1220.1000 0.0448
1221.3000 0.0450
1224.9000 0.0451
1231.4000 0.0453
1231.5000 0.0455
1236.7000 0.0457
1238.5000 0.0458
1245.1000 0.0460
1260.5000 0.0462
1263.4000 0.0464
1265.1000 0.0465
1265.5000 0.0467
1267.2000 0.0469
1273.6000 0.0470
1274.1000 0.0472
1275.2000 0.0474
1278.8000 0.0476
1279.0000 0.0477
1280.9000 0.0479
1283.0000 0.0481
1286.0000 0.0483
1286.5000 0.0484
1287.6000 0.0486
1290.4000 0.0488
1295.1000 0.0490
1295.5000 0.0491
1303.8000 0.0493
1311.5000 0.0495
1312.9000 0.0497
1314.7000 0.0498
1315.5000 0.0500
1317.8000 0.0502
1320.5000 0.0503
1336.5000 0.0505
1337.9000 0.0507
1337.9000 0.0509
1337.9000 0.0510
1342.6000 0.0512
1343.6000 0.0514
1344.0000 0.0516
1344.1000 0.0517
1349.3000 0.0519
1350.8000 0.0521
1352.9000 0.0523
1353.4000 0.0524
1354.5000 0.0526
1354.8000 0.0528
1358.5000 0.0530
1364.6000 0.0531
1368.0000 0.0533
1374.0000 0.0535
1376.4000 0.0536
1383.6000 0.0538
1385.0000 0.0540
1388.0000 0.0542
1391.7000 0.0543
1407.1000 0.0545
1413.4000 0.0547
1414.1000 0.0549
1414.9000 0.0550
1424.2000 0.0552
1427.8000 0.0554
1427.9000 0.0556
1428.0000 0.0557
1431.3000 0.0559
1438.2000 0.0561
1441.1000 0.0562
1442.5000 0.0564
1442.5000 0.0566
1448.5000 0.0568
1456.9000 0.0569
1466.7000 0.0571
1468.2000 0.0573
1469.9000 0.0575
1472.9000 0.0576
1476.2000 0.0578
1482.1000 0.0580
1484.2000 0.0582
1485.8000 0.0583
1487.6000 0.0585
1494.8000 0.0587
1495.0000 0.0589
1496.6000 0.0590
1498.7000 0.0592
1499.5000 0.0594
1500.2000 0.0595
1500.6000 0.0597
1504.2000 0.0599
1505.0000 0.0601
1507.5000 0.0602
1511.6000 0.0604
1526.7000 0.0606
1528.5000 0.0608
1532.3000 0.0609
1534.1000 0.0611
1535.9000 0.0613
1542.7000 0.0615
1543.1000 0.0616
1546.7000 0.0618
1558.7000 0.0620
1558.8000 0.0622
1561.5000 0.0623
1564.3000 0.0625
1574.0000 0.0627
1576.3000 0.0628
1577.2000 0.0630
1580.0000 0.0632
1581.8000 0.0634
1584.9000 0.0635
1588.4000 0.0637
1590.2000 0.0639
1592.0000 0.0641
1594.1000 0.0642
1600.3000 0.0644
1607.9000 0.0646
1612.6000 0.0648
1615.0000 0.0649
1615.4000 0.0651
1616.4000 0.0653
1618.7000 0.0655
1618.9000 0.0656
1620.8000 0.0658
1621.4000 0.0660
1621.7000 0.0661
1633.6000 0.0663
1634.0000 0.0665
1635.5000 0.0667
1636.8000 0.0668
1640.0000 0.0670
1640.5000 0.0672
1642.7000 0.0674
1649.8000 0.0675
1652.2000 0.0677
1652.6000 0.0679
1654.1000 0.0681
1655.7000 0.0682
1659.5000 0.0684
1663.5000 0.0686
1669.9000 0.0687
1670.9000 0.0689
1673.1000 0.0691
1676.3000 0.0693
1677.3000 0.0694
1681.1000 0.0696
1682.6000 0.0698
1683.8000 0.0700
1685.5000 0.0701
1690.5000 0.0703
1690.6000 0.0705
1692.4000 0.0707
1707.1000 0.0708
1714.0000 0.0710
1718.5000 0.0712
1721.2000 0.0714
1721.9000 0.0715
1722.4000 0.0717
1723.4000 0.0719
1729.7000 0.0720
1741.4000 0.0722
1742.1000 0.0724
1743.4000 0.0726
1745.0000 0.0727
1753.3000 0.0729
1754.7000 0.0731
1755.2000 0.0733
1756.1000 0.0734
1758.9000 0.0736
1760.2000 0.0738
1760.4000 0.0740
1761.5000 0.0741
1763.1000 0.0743
1764.4000 0.0745
1766.7000 0.0747
1770.6000 0.0748
1783.5000 0.0750
1789.0000 0.0752
1791.5000 0.0753
1794.9000 0.0755
1795.2000 0.0757
1796.4000 0.0759
1800.3000 0.0760
1801.7000 0.0762
1804.0000 0.0764
1804.7000 0.0766
1804.9000 0.0767
1805.2000 0.0769
1808.7000 0.0771
1808.9000 0.0773
1810.7000 0.0774
1810.9000 0.0776
1813.6000 0.0778
1820.0000 0.0780
1820.9000 0.0781
1821.8000 0.0783
1823.1000 0.0785
1829.0000 0.0786
1829.1000 0.0788
1832.7000 0.0790
1841.5000 0.0792
1842.8000 0.0793
1848.7000 0.0795
1850.8000 0.0797
1852.3000 0.0799
1852.6000 0.0800
1857.2000 0.0802
1859.5000 0.0804
1861.5000 0.0806
1867.8000 0.0807
1869.9000 0.0809
1872.6000 0.0811
1877.1000 0.0812
1879.4000 0.0814
1882.1000 0.0816
1883.2000 0.0818
1883.4000 0.0819
1894.6000 0.0821
1897.9000 0.0823
1898.6000 0.0825
1898.8000 0.0826
1904.7000 0.0828
1911.0000 0.0830
1921.3000 0.0832
1922.7000 0.0833
1924.1000 0.0835
1924.2000 0.0837
1926.5000 0.0839
1929.7000 0.0840
1933.2000 0.0842
1937.4000 0.0844
1940.5000 0.0845
1942.5000 0.0847
1948.9000 0.0849
1953.1000 0.0851
1962.9000 0.0852
1964.8000 0.0854
1964.8000 0.0856
1967.4000 0.0858
1972.5000 0.0859
1975.1000 0.0861
1976.5000 0.0863
1977.4000 0.0865
1981.7000 0.0866
1982.4000 0.0868
1984.2000 0.0870
1985.6000 0.0872
1987.2000 0.0873
1987.6000 0.0875
1987.7000 0.0877
1988.0000 0.0878
1993.9000 0.0880
1994.4000 0.0882
1995.6000 0.0884
2004.0000 0.0885
2011.7000 0.0887
2013.4000 0.0889
2013.9000 0.0891
2015.9000 0.0892
2019.2000 0.0894
2021.8000 0.0896
2022.7000 0.0898
2023.4000 0.0899
2027.2000 0.0901
2028.2000 0.0903
2029.7000 0.0905
2031.2000 0.0906
2031.6000 0.0908
2038.8000 0.0910
2041.9000 0.0911
2046.6000 0.0913
2049.3000 0.0915
2050.0000 0.0917
2050.2000 0.0918
2053.1000 0.0920
2055.0000 0.0922
2059.6000 0.0924
2061.5000 0.0925
2063.2000 0.0927
2064.8000 0.0929
2066.1000 0.0931
2071.0000 0.0932
2071.9000 0.0934
2073.9000 0.0936
2077.0000 0.0937
2086.9000 0.0939
2087.2000 0.0941
2090.7000 0.0943
2098.8000 0.0944
2099.0000 0.0946
2105.8000 0.0948
2110.5000 0.0950
2111.6000 0.0951
2117.3000 0.0953
2118.3000 0.0955
2118.7000 0.0957
2120.4000 0.0958
2120.8000 0.0960
2123.5000 0.0962
2123.7000 0.0964
2125.8000 0.0965
2126.0000 0.0967
2133.2000 0.0969
2133.7000 0.0970
2133.8000 0.0972
2137.5000 0.0974
2139.7000 0.0976
2140.3000 0.0977
2140.6000 0.0979
2155.0000 0.0981
2156.4000 0.0983
2157.6000 0.0984
2158.8000 0.0986
2159.9000 0.0988
2161.1000 0.0990
2167.6000 0.0991
2168.0000 0.0993
2177.5000 0.0995
2177.8000 0.0997
2178.0000 0.0998
2184.3000 0.1000
2185.2000 0.1002
2188.1000 0.1003
2188.2000 0.1005
2189.9000 0.1007
2191.1000 0.1009
2192.6000 0.1010
2194.4000 0.1012
2199.1000 0.1014
2207.1000 0.1016
2208.7000 0.1017
2208.9000 0.1019
2209.4000 0.1021
2210.7000 0.1023
2211.6000 0.1024
2213.2000 0.1026
2215.0000 0.1028
2217.6000 0.1030
2220.1000 0.1031
2226.3000 0.1033
2226.4000 0.1035
2226.7000 0.1036
2228.8000 0.1038
2231.1000 0.1040
2237.1000 0.1042
2240.8000 0.1043
2243.6000 0.1045
2245.8000 0.1047
2250.0000 0.1049
2253.7000 0.1050
2260.2000 0.1052
2261.6000 0.1054
2263.1000 0.1056
2268.7000 0.1057
2274.4000 0.1059
2278.0000 0.1061
2289.0000 0.1062
2290.0000 0.1064
2295.3000 0.1066
2297.9000 0.1068
2299.1000 0.1069
2300.5000 0.1071
2302.1000 0.1073
2306.8000 0.1075
2309.2000 0.1076
2311.1000 0.1078
2315.8000 0.1080
2319.0000 0.1082
2324.0000 0.1083
2324.5000 0.1085
2327.3000 0.1087
2332.7000 0.1089
2333.1000 0.1090
2335.1000 0.1092
2335.4000 0.1094
2337.7000 0.1095
2344.5000 0.1097
2357.5000 0.1099
2357.8000 0.1101
2371.2000 0.1102
2376.8000 0.1104
2377.9000 0.1106
2378.4000 0.1108
2379.2000 0.1109
2383.0000 0.1111
2385.8000 0.1113
2386.0000 0.1115
2387.0000 0.1116
2391.8000 0.1118
2396.8000 0.1120
2399.1000 0.1122
2400.6000 0.1123
2400.7000 0.1125
2401.0000 0.1127
2411.9000 0.1128
2413.5000 0.1130
2414.0000 0.1132
2419.8000 0.1134
2420.6000 0.1135
2423.4000 0.1137
2424.7000 0.1139
2425.0000 0.1141
2435.9000 0.1142
2438.2000 0.1144
2443.1000 0.1146
2447.2000 0.1148
2447.7000 0.1149
2456.9000 0.1151
2457.9000 0.1153
2460.0000 0.1155
2470.3000 0.1156
2470.6000 0.1158
2471.0000 0.1160
2473.9000 0.1161
2475.1000 0.1163
2479.7000 0.1165
2483.2000 0.1167
2487.0000 0.1168
2489.0000 0.1170
2493.7000 0.1172
2494.1000 0.1174
2495.0000 0.1175
2495.7000 0.1177
2497.9000 0.1179
2499.1000 0.1181
2499.5000 0.1182
2500.0000 0.1184
2501.6000 0.1186
2503.8000 0.1187
2504.4000 0.1189
2512.5000 0.1191
2516.1000 0.1193
2516.4000 0.1194
2517.5000 0.1196
2519.0000 0.1198
2519.2000 0.1200
2520.4000 0.1201
2529.3000 0.1203
2529.9000 0.1205
2531.2000 0.1207
2534.1000 0.1208
2536.1000 0.1210
2536.9000 0.1212
2542.4000 0.1214
2551.0000 0.1215
2551.1000 0.1217
2555.4000 0.1219
2568.2000 0.1220
2568.5000 0.1222
2568.7000 0.1224
2581.4000 0.1226
2582.5000 0.1227
2583.9000 0.1229
2587.8000 0.1231
2588.8000 0.1233
2589.2000 0.1234
2609.3000 0.1236
2610.0000 0.1238
2614.0000 0.1240
2615.5000 0.1241
2621.7000 0.1243
2624.6000 0.1245
2639.0000 0.1247
2639.3000 0.1248
2644.7000 0.1250
2647.2000 0.1252
2650.8000 0.1253
2653.9000 0.1255
2661.6000 0.1257
2662.7000 0.1259
2667.7000 0.1260
2672.3000 0.1262
2673.1000 0.1264
2675.0000 0.1266
2679.9000 0.1267
2685.4000 0.1269
2700.0000 0.1271
2707.7000 0.1273
2707.9000 0.1274
2708.7000 0.1276
2712.8000 0.1278
2714.4000 0.1280
2721.6000 0.1281
2723.8000 0.1283
2726.0000 0.1285
2729.1000 0.1286
2730.9000 0.1288
2731.8000 0.1290
2739.3000 0.1292
2742.4000 0.1293
2746.6000 0.1295
2747.0000 0.1297
2756.9000 0.1299
2769.0000 0.1300
2777.0000 0.1302
2780.0000 0.1304
2782.6000 0.1306
2784.1000 0.1307
2784.7000 0.1309
2795.2000 0.1311
2809.0000 0.1312
2817.1000 0.1314
2819.7000 0.1316
2832.7000 0.1318
2841.6000 0.1319
2842.4000 0.1321
2850.4000 0.1323
2853.0000 0.1325
2853.2000 0.1326
2855.9000 0.1328
2863.8000 0.1330
2865.5000 0.1332
2868.4000 0.1333
2868.8000 0.1335
2877.4000 0.1337
2878.0000 0.1339
2880.4000 0.1340
2880.5000 0.1342
2882.4000 0.1344
2885.0000 0.1345
2888.6000 0.1347
2897.7000 0.1349
2905.5000 0.1351
2909.5000 0.1352
2912.5000 0.1354
2915.7000 0.1356
2917.8000 0.1358
2918.2000 0.1359
2926.8000 0.1361
2929.2000 0.1363
2947.1000 0.1365
2948.2000 0.1366
2948.8000 0.1368
2950.8000 0.1370
2952.8000 0.1372
2953.4000 0.1373
2956.8000 0.1375
2957.7000 0.1377
2960.1000 0.1378
2963.7000 0.1380
2964.7000 0.1382
2973.9000 0.1384
2975.0000 0.1385
2976.3000 0.1387
2983.8000 0.1389
2993.3000 0.1391
2993.8000 0.1392
3003.8000 0.1394
3008.5000 0.1396
3010.3000 0.1398
3011.2000 0.1399
3017.4000 0.1401
3018.8000 0.1403
3027.2000 0.1405
3028.9000 0.1406
3033.9000 0.1408
3035.2000 0.1410
3047.8000 0.1411
3050.7000 0.1413
3062.7000 0.1415
3062.8000 0.1417
3063.2000 0.1418
3068.9000 0.1420
3078.1000 0.1422
3081.7000 0.1424
3084.6000 0.1425
3090.1000 0.1427
3092.5000 0.1429
3094.1000 0.1431
3121.9000 0.1432
3124.1000 0.1434
3128.8000 0.1436
3130.7000 0.1437
3137.9000 0.1439
3140.8000 0.1441
3143.5000 0.1443
3147.5000 0.1444
3149.0000 0.1446
3150.3000 0.1448
3151.8000 0.1450
3154.7000 0.1451
3156.1000 0.1453
3161.9000 0.1455
3163.8000 0.1457
3165.7000 0.1458
3167.8000 0.1460
3191.5000 0.1462
3197.6000 0.1464
3197.9000 0.1465
3201.5000 0.1467
3203.6000 0.1469
3215.6000 0.1470
3218.8000 0.1472
3232.7000 0.1474
3236.5000 0.1476
3240.3000 0.1477
3240.8000 0.1479
3240.9000 0.1481
3247.1000 0.1483
3248.4000 0.1484
3251.1000 0.1486
3254.2000 0.1488
3263.3000 0.1490
3266.9000 0.1491
3269.5000 0.1493
3275.6000 0.1495
3285.2000 0.1497
3291.2000 0.1498
3298.7000 0.1500
3298.8000 0.1502
3302.0000 0.1503
3314.1000 0.1505
3319.7000 0.1507
3322.8000 0.1509
3323.0000 0.1510
3326.9000 0.1512
3327.8000 0.1514
3329.0000 0.1516
3338.4000 0.1517
3342.0000 0.1519
3353.2000 0.1521
3355.6000 0.1523
3362.5000 0.1524
3366.6000 0.1526
3370.0000 0.1528
3371.0000 0.1530
3374.4000 0.1531
3376.7000 0.1533
3381.7000 0.1535
3381.9000 0.1536
3382.0000 0.1538
3384.1000 0.1540
3386.6000 0.1542
3392.8000 0.1543
3393.1000 0.1545
3396.5000 0.1547
3413.2000 0.1549
3413.4000 0.1550
3414.2000 0.1552
3420.5000 0.1554
3445.9000 0.1556
3446.9000 0.1557
3459.4000 0.1559
3459.4000 0.1561
3463.0000 0.1562
3464.1000 0.1564
3471.0000 0.1566
3475.4000 0.1568
3475.9000 0.1569
3477.6000 0.1571
3479.2000 0.1573
3481.0000 0.1575
3485.0000 0.1576
3487.8000 0.1578
3489.2000 0.1580
3495.7000 0.1582
3495.8000 0.1583
3496.2000 0.1585
3496.6000 0.1587
3498.2000 0.1589
3498.9000 0.1590
3500.8000 0.1592
3502.5000 0.1594
3504.2000 0.1595
3506.7000 0.1597
3508.3000 0.1599
3511.0000 0.1601
3511.3000 0.1602
3515.1000 0.1604
3516.8000 0.1606
3518.7000 0.1608
3519.5000 0.1609
3523.9000 0.1611
3526.3000 0.1613
3533.9000 0.1615
3535.5000 0.1616
3537.4000 0.1618
3538.2000 0.1620
3546.9000 0.1622
3547.9000 0.1623
3551.9000 0.1625
3557.3000 0.1627
3559.4000 0.1628
3582.3000 0.1630
3586.9000 0.1632
3588.1000 0.1634
3592.8000 0.1635
3599.1000 0.1637
3600.2000 0.1639
3613.2000 0.1641
3613.4000 0.1642
3613.8000 0.1644
3616.0000 0.1646
3623.1000 0.1648
3623.8000 0.1649
3633.1000 0.1651
3636.8000 0.1653
3637.4000 0.1655
3638.0000 0.1656
3645.9000 0.1658
3649.8000 0.1660
3649.9000 0.1661
3654.8000 0.1663
3665.8000 0.1665
3669.8000 0.1667
3678.6000 0.1668
3679.5000 0.1670
3692.5000 0.1672
3695.4000 0.1674
3698.2000 0.1675
3699.0000 0.1677
3702.7000 0.1679
3702.8000 0.1681
3709.1000 0.1682
3713.1000 0.1684
3716.6000 0.1686
3718.3000 0.1687
3719.4000 0.1689
3726.4000 0.1691
3727.6000 0.1693
3729.2000 0.1694
3739.6000 0.1696
3744.2000 0.1698
3746.6000 0.1700
3755.0000 0.1701
3756.4000 0.1703
3761.0000 0.1705
3762.2000 0.1707
3762.9000 0.1708
3763.2000 0.1710
3763.9000 0.1712
3766.9000 0.1714
3772.2000 0.1715
3780.3000 0.1717
3780.5000 0.1719
3793.8000 0.1720
3803.7000 0.1722
3808.4000 0.1724
3808.4000 0.1726
3809.8000 0.1727
3810.9000 0.1729
3811.8000 0.1731
3815.0000 0.1733
3817.0000 0.1734
3819.6000 0.1736
3824.8000 0.1738
3824.9000 0.1740
3830.9000 0.1741
3831.5000 0.1743
3838.3000 0.1745
3841.6000 0.1747
3852.0000 0.1748
3858.7000 0.1750
3862.6000 0.1752
3862.6000 0.1753
3864.5000 0.1755
3869.1000 0.1757
3869.7000 0.1759
3876.0000 0.1760
3881.2000 0.1762
3885.8000 0.1764
3888.2000 0.1766
3894.0000 0.1767
3894.1000 0.1769
3894.5000 0.1771
3904.6000 0.1773
3907.7000 0.1774
3909.0000 0.1776
3911.8000 0.1778
3916.0000 0.1780
3917.0000 0.1781
3920.2000 0.1783
3920.4000 0.1785
3924.8000 0.1786
3925.2000 0.1788
3926.6000 0.1790
3929.5000 0.1792
3931.9000 0.1793
3934.6000 0.1795
3943.9000 0.1797
3944.9000 0.1799
3947.3000 0.1800
3948.9000 0.1802
3952.4000 0.1804
3968.2000 0.1806
3971.0000 0.1807
3972.8000 0.1809
3978.8000 0.1811
3981.0000 0.1812
3984.0000 0.1814
3989.1000 0.1816
3992.9000 0.1818
3995.3000 0.1819
4022.8000 0.1821
4027.5000 0.1823
4029.0000 0.1825
4041.0000 0.1826
4052.1000 0.1828
4052.8000 0.1830
4053.4000 0.1832
4061.2000 0.1833
4069.0000 0.1835
4069.9000 0.1837
4074.0000 0.1839
4076.8000 0.1840
4085.5000 0.1842
4090.3000 0.1844
4096.0000 0.1845
4097.6000 0.1847
4097.7000 0.1849
4100.7000 0.1851
4103.4000 0.1852
4103.9000 0.1854
4104.5000 0.1856
4105.0000 0.1858
4106.4000 0.1859
4107.5000 0.1861
4107.6000 0.1863
4108.0000 0.1865
4112.1000 0.1866
4112.4000 0.1868
4120.5000 0.1870
4121.4000 0.1872
4124.6000 0.1873
4129.0000 0.1875
4132.7000 0.1877
4133.6000 0.1878
4134.7000 0.1880
4143.0000 0.1882
4146.2000 0.1884
4152.7000 0.1885
4154.6000 0.1887
4165.5000 0.1889
4169.1000 0.1891
4172.2000 0.1892
4172.2000 0.1894
4175.6000 0.1896
4176.4000 0.1898
4179.6000 0.1899
4183.3000 0.1901
4183.5000 0.1903
4186.1000 0.1905
4186.7000 0.1906
4196.9000 0.1908
4198.2000 0.1910
4207.6000 0.1911
4208.0000 0.1913
4217.8000 0.1915
4221.3000 0.1917
4235.4000 0.1918
4239.2000 0.1920
4241.6000 0.1922
4241.9000 0.1924
4246.1000 0.1925
4252.5000 0.1927
4270.3000 0.1929
4271.2000 0.1931
4274.4000 0.1932
4281.9000 0.1934
4284.9000 0.1936
4287.8000 0.1937
4288.8000 0.1939
4292.7000 0.1941
4296.7000 0.1943
4297.8000 0.1944
4308.1000 0.1946
4309.2000 0.1948
4314.5000 0.1950
4318.8000 0.1951
4319.1000 0.1953
4324.4000 0.1955
4324.5000 0.1957
4329.6000 0.1958
4336.2000 0.1960
4337.6000 0.1962
4343.5000 0.1964
4348.5000 0.1965
4350.4000 0.1967
4355.5000 0.1969
4357.4000 0.1970
4358.1000 0.1972
4362.0000 0.1974
4363.0000 0.1976
4363.8000 0.1977
4390.6000 0.1979
4390.6000 0.1981
4396.0000 0.1983
4401.2000 0.1984
4403.7000 0.1986
4404.6000 0.1988
4405.9000 0.1990
4408.0000 0.1991
4410.6000 0.1993
4420.6000 0.1995
4421.8000 0.1997
4424.3000 0.1998
4428.7000 0.2000
4431.8000 0.2002
4433.4000 0.2003
4435.3000 0.2005
4438.7000 0.2007
4439.5000 0.2009
4441.5000 0.2010
4444.4000 0.2012
4452.8000 0.2014
4456.3000 0.2016
4466.8000 0.2017
4470.2000 0.2019
4470.6000 0.2021
4470.6000 0.2023
4474.0000 0.2024
4476.3000 0.2026
4477.0000 0.2028
4480.7000 0.2030
4486.5000 0.2031
4488.3000 0.2033
4491.9000 0.2035
4496.9000 0.2036
4497.7000 0.2038
4501.4000 0.2040
4502.5000 0.2042
4504.8000 0.2043
4508.8000 0.2045
4508.9000 0.2047
4510.1000 0.2049
4513.9000 0.2050
4520.1000 0.2052
4523.8000 0.2054
4532.4000 0.2056
4535.9000 0.2057
4537.9000 0.2059
4539.3000 0.2061
4557.0000 0.2062
4559.7000 0.2064
4561.0000 0.2066
4569.6000 0.2068
4569.9000 0.2069
4573.7000 0.2071
4574.6000 0.2073
4577.1000 0.2075
4580.7000 0.2076
4585.4000 0.2078
4589.6000 0.2080
4594.1000 0.2082
4602.0000 0.2083
4602.2000 0.2085
4603.8000 0.2087
4605.7000 0.2089
4608.8000 0.2090
4612.7000 0.2092
4612.9000 0.2094
4615.3000 0.2095
4616.1000 0.2097
4618.1000 0.2099
4619.4000 0.2101
4620.0000 0.2102
4620.5000 0.2104
4621.9000 0.2106
4626.6000 0.2108
4629.9000 0.2109
4631.7000 0.2111
4633.7000 0.2113
4635.5000 0.2115
4638.7000 0.2116
4639.7000 0.2118
4643.7000 0.2120
4647.6000 0.2122
4652.0000 0.2123
4653.3000 0.2125
4653.6000 0.2127
4655.9000 0.2128
4659.6000 0.2130
4661.7000 0.2132
4663.1000 0.2134
4664.1000 0.2135
4670.7000 0.2137
4684.6000 0.2139
4689.6000 0.2141
4692.9000 0.2142
4695.7000 0.2144
4696.4000 0.2146
4697.6000 0.2148
4698.1000 0.2149
4703.2000 0.2151
4703.6000 0.2153
4704.4000 0.2155
4709.4000 0.2156
4717.2000 0.2158
4724.6000 0.2160
4724.8000 0.2161
4727.6000 0.2163
4728.6000 0.2165
4728.6000 0.2167
4731.3000 0.2168
4737.6000 0.2170
4738.0000 0.2172
4743.4000 0.2174
4747.9000 0.2175
4748.5000 0.2177
4749.1000 0.2179
4752.6000 0.2181
4756.7000 0.2182
4758.0000 0.2184
4758.0000 0.2186
4764.9000 0.2187
4768.8000 0.2189
4771.6000 0.2191
4772.0000 0.2193
4776.5000 0.2194
4778.3000 0.2196
4781.3000 0.2198
4786.9000 0.2200
4789.0000 0.2201
4793.4000 0.2203
4795.8000 0.2205
4806.7000 0.2207
4807.7000 0.2208
4809.6000 0.2210
4814.9000 0.2212
4816.2000 0.2214
4819.3000 0.2215
4820.8000 0.2217
4822.7000 0.2219
4828.5000 0.2220
4834.3000 0.2222
4837.8000 0.2224
4839.9000 0.2226
4841.4000 0.2227
4851.3000 0.2229
4852.9000 0.2231
4854.3000 0.2233
4854.7000 0.2234
4858.5000 0.2236
4867.3000 0.2238
4868.6000 0.2240
4872.5000 0.2241
4878.5000 0.2243
4879.1000 0.2245
4881.7000 0.2247
4882.2000 0.2248
4890.4000 0.2250
4897.1000 0.2252
4898.7000 0.2253
4899.3000 0.2255
4906.6000 0.2257
4911.5000 0.2259
4911.7000 0.2260
4913.5000 0.2262
4920.7000 0.2264
4921.8000 0.2266
4923.3000 0.2267
4925.8000 0.2269
4933.7000 0.2271
4936.9000 0.2273
4942.4000 0.2274
4946.9000 0.2276
4948.9000 0.2278
4952.0000 0.2280
4956.5000 0.2281
4957.5000 0.2283
4958.0000 0.2285
4958.7000 0.2286
4959.0000 0.2288
4959.1000 0.2290
4962.5000 0.2292
4967.3000 0.2293
4981.4000 0.2295
4985.1000 0.2297
4988.4000 0.2299
4988.7000 0.2300
4994.7000 0.2302
5001.3000 0.2304
5003.1000 0.2306
5004.0000 0.2307
5005.5000 0.2309
5010.7000 0.2311
5021.2000 0.2312
5022.4000 0.2314
5035.4000 0.2316
5039.2000 0.2318
5056.9000 0.2319
5061.2000 0.2321
5064.3000 0.2323
5067.8000 0.2325
5069.3000 0.2326
5093.3000 0.2328
5095.2000 0.2330
5097.1000 0.2332
5107.2000 0.2333
5112.4000 0.2335
5114.4000 0.2337
5117.4000 0.2339
5119.2000 0.2340
5120.3000 0.2342
5122.9000 0.2344
5130.7000 0.2345
5132.7000 0.2347
5138.5000 0.2349
5145.9000 0.2351
5148.6000 0.2352
5149.0000 0.2354
5156.8000 0.2356
5162.7000 0.2358
5168.9000 0.2359
5172.0000 0.2361
5173.6000 0.2363
5174.3000 0.2365
5174.4000 0.2366
5185.9000 0.2368
5189.5000 0.2370
5194.8000 0.2372
5203.9000 0.2373
5205.7000 0.2375
5207.8000 0.2377
5214.2000 0.2378
5216.8000 0.2380
5217.1000 0.2382
5217.3000 0.2384
5221.1000 0.2385
5221.3000 0.2387
5222.0000 0.2389
5228.6000 0.2391
5232.1000 0.2392
5234.5000 0.2394
5236.1000 0.2396
5236.3000 0.2398
5238.1000 0.2399
5238.5000 0.2401
5238.6000 0.2403
5245.0000 0.2405
5247.9000 0.2406
5249.1000 0.2408
5253.6000 0.2410
5265.3000 0.2411
5266.0000 0.2413
5270.7000 0.2415
5274.0000 0.2417
5282.8000 0.2418
5286.2000 0.2420
5290.4000 0.2422
5290.9000 0.2424
5298.6000 0.2425
5299.0000 0.2427
5303.0000 0.2429
5309.1000 0.2431
5309.4000 0.2432
5312.3000 0.2434
5318.5000 0.2436
5328.3000 0.2437
5328.5000 0.2439
5330.2000 0.2441
5334.5000 0.2443
5334.9000 0.2444
5335.2000 0.2446
5337.5000 0.2448
5339.2000 0.2450
5343.7000 0.2451
5347.0000 0.2453
5351.0000 0.2455
5351.6000 0.2457
5366.6000 0.2458
5369.0000 0.2460
5370.0000 0.2462
5370.6000 0.2464
5385.8000 0.2465
5386.1000 0.2467
5390.2000 0.2469
5396.9000 0.2470
5397.4000 0.2472
5407.9000 0.2474
5410.5000 0.2476
5420.0000 0.2477
5422.9000 0.2479
5425.8000 0.2481
5429.1000 0.2483
5441.8000 0.2484
5442.7000 0.2486
5444.2000 0.2488
5446.0000 0.2490
5450.0000 0.2491
5451.0000 0.2493
5458.2000 0.2495
5462.3000 0.2497
5471.0000 0.2498
5476.8000 0.2500
5485.3000 0.2502
5487.4000 0.2503
5490.5000 0.2505
5492.7000 0.2507
5502.6000 0.2509
5503.7000 0.2510
5533.0000 0.2512
5533.0000 0.2514
5537.3000 0.2516
5540.9000 0.2517
5546.8000 0.2519
5547.2000 0.2521
5549.5000 0.2523
5553.8000 0.2524
5559.6000 0.2526
5567.9000 0.2528
5574.5000 0.2530
5580.0000 0.2531
5582.1000 0.2533
5583.5000 0.2535
5583.7000 0.2536
5584.9000 0.2538
5587.9000 0.2540
5596.6000 0.2542
5597.9000 0.2543
5604.2000 0.2545
5605.8000 0.2547
5609.5000 0.2549
5611.6000 0.2550
5611.9000 0.2552
5616.1000 0.2554
5621.0000 0.2556
5628.2000 0.2557
5636.8000 0.2559
5638.4000 0.2561
5642.3000 0.2563
5648.0000 0.2564
5651.0000 0.2566
5654.7000 0.2568
5657.6000 0.2569
5657.8000 0.2571
5657.9000 0.2573
5669.2000 0.2575
5669.6000 0.2576
5676.0000 0.2578
5690.5000 0.2580
5691.6000 0.2582
5693.5000 0.2583
5697.6000 0.2585
5702.8000 0.2587
5721.8000 0.2589
5722.6000 0.2590
5723.3000 0.2592
5724.9000 0.2594
5729.2000 0.2595
5736.9000 0.2597
5737.8000 0.2599
5740.0000 0.2601
5741.7000 0.2602
5743.4000 0.2604
5750.2000 0.2606
5752.7000 0.2608
5753.9000 0.2609
5757.6000 0.2611
5758.8000 0.2613
5764.8000 0.2615
5765.5000 0.2616
5767.1000 0.2618
5800.6000 0.2620
5808.5000 0.2622
5808.7000 0.2623
5822.1000 0.2625
5822.4000 0.2627
5823.4000 0.2628
5829.3000 0.2630
5831.0000 0.2632
5832.0000 0.2634
5837.0000 0.2635
5846.3000 0.2637
5856.4000 0.2639
5857.2000 0.2641
5860.2000 0.2642
5869.6000 0.2644
5879.6000 0.2646
5880.6000 0.2648
5884.4000 0.2649
5884.4000 0.2651
5891.0000 0.2653
5894.7000 0.2655
5898.9000 0.2656
5908.8000 0.2658
5911.2000 0.2660
5913.1000 0.2661
5915.5000 0.2663
5923.1000 0.2665
5924.6000 0.2667
5927.5000 0.2668
5927.9000 0.2670
5930.4000 0.2672
5938.8000 0.2674
5943.5000 0.2675
5944.7000 0.2677
5947.6000 0.2679
5949.2000 0.2681
5954.1000 0.2682
5955.4000 0.2684
5958.2000 0.2686
5959.8000 0.2688
5961.9000 0.2689
5962.4000 0.2691
5965.6000 0.2693
5967.3000 0.2694
5978.9000 0.2696
5980.3000 0.2698
5985.1000 0.2700
6008.6000 0.2701
6008.6000 0.2703
6011.6000 0.2705
6017.6000 0.2707
6023.4000 0.2708
6025.6000 0.2710
6026.5000 0.2712
6026.7000 0.2714
6038.2000 0.2715
6040.3000 0.2717
6042.8000 0.2719
6050.2000 0.2720
6056.5000 0.2722
6057.6000 0.2724
6066.9000 0.2726
6067.9000 0.2727
6068.0000 0.2729
6085.7000 0.2731
6091.5000 0.2733
6093.6000 0.2734
6102.7000 0.2736
6103.8000 0.2738
6106.4000 0.2740
6106.9000 0.2741
6113.4000 0.2743
6115.5000 0.2745
6119.4000 0.2747
6122.8000 0.2748
6125.1000 0.2750
6125.6000 0.2752
6127.7000 0.2753
6128.3000 0.2755
6131.8000 0.2757
6133.2000 0.2759
6133.3000 0.2760
6136.0000 0.2762
6137.9000 0.2764
6145.1000 0.2766
6145.9000 0.2767
6146.6000 0.2769
6150.1000 0.2771
6157.9000 0.2773
6160.7000 0.2774
6165.1000 0.2776
6174.5000 0.2778
6179.2000 0.2780
6179.3000 0.2781
6189.6000 0.2783
6191.0000 0.2785
6192.8000 0.2786
6198.6000 0.2788
6198.7000 0.2790
6202.9000 0.2792
6207.7000 0.2793
6214.8000 0.2795
6232.4000 0.2797
6242.1000 0.2799
6250.1000 0.2800
6259.1000 0.2802
6261.2000 0.2804
6273.0000 0.2806
6273.4000 0.2807
6275.4000 0.2809
6278.8000 0.2811
6285.2000 0.2813
6294.2000 0.2814
6296.4000 0.2816
6297.2000 0.2818
6298.3000 0.2819
6299.5000 0.2821
6301.0000 0.2823
6301.5000 0.2825
6301.9000 0.2826
6305.1000 0.2828
6310.7000 0.2830
6311.2000 0.2832
6312.9000 0.2833
6313.9000 0.2835
6327.3000 0.2837
6329.8000 0.2839
6341.8000 0.2840
6348.3000 0.2842
6348.9000 0.2844
6351.1000 0.2845
6353.6000 0.2847
6353.9000 0.2849
6359.8000 0.2851
6360.0000 0.2852
6365.1000 0.2854
6365.9000 0.2856
6371.3000 0.2858
6372.0000 0.2859
6373.6000 0.2861
6383.3000 0.2863
6393.4000 0.2865
6397.3000 0.2866
6399.4000 0.2868
6401.6000 0.2870
6409.2000 0.2872
6412.8000 0.2873
6412.9000 0.2875
6421.9000 0.2877
6438.9000 0.2878
6439.1000 0.2880
6442.0000 0.2882
6444.2000 0.2884
6445.6000 0.2885
6449.8000 0.2887
6460.6000 0.2889
6462.5000 0.2891
6478.1000 0.2892
6478.3000 0.2894
6493.7000 0.2896
6496.4000 0.2898
6507.0000 0.2899
6511.4000 0.2901
6514.7000 0.2903
6515.6000 0.2905
6515.6000 0.2906
6521.3000 0.2908
6523.8000 0.2910
6524.1000 0.2911
6524.8000 0.2913
6528.0000 0.2915
6532.8000 0.2917
6533.2000 0.2918
6536.0000 0.2920
6536.7000 0.2922
6543.6000 0.2924
6543.6000 0.2925
6549.3000 0.2927
6550.1000 0.2929
6550.9000 0.2931
6555.1000 0.2932
6556.6000 0.2934
6568.7000 0.2936
6569.5000 0.2938
6569.9000 0.2939
6573.9000 0.2941
6574.6000 0.2943
6576.1000 0.2944
6577.2000 0.2946
6578.9000 0.2948
6579.0000 0.2950
6586.7000 0.2951
6586.8000 0.2953
6597.1000 0.2955
6599.4000 0.2957
6600.0000 0.2958
6603.1000 0.2960
6607.3000 0.2962
6610.6000 0.2964
6612.9000 0.2965
6616.0000 0.2967
6618.7000 0.2969
6627.5000 0.2970
6630.3000 0.2972
6656.4000 0.2974
6657.1000 0.2976
6657.2000 0.2977
6663.8000 0.2979
6666.2000 0.2981
6666.4000 0.2983
6677.8000 0.2984
6689.6000 0.2986
6690.5000 0.2988
6691.6000 0.2990
6709.1000 0.2991
6709.5000 0.2993
6714.9000 0.2995
6719.2000 0.2997
6737.1000 0.2998
6738.2000 0.3000
6738.4000 0.3002
6739.1000 0.3003
6740.6000 0.3005
6741.2000 0.3007
6748.4000 0.3009
6756.6000 0.3010
6761.5000 0.3012
6762.8000 0.3014
6766.6000 0.3016
6781.8000 0.3017
6793.6000 0.3019
6794.8000 0.3021
6798.3000 0.3023
6806.3000 0.3024
6807.9000 0.3026
6808.8000 0.3028
6812.8000 0.3030
6814.2000 0.3031
6826.7000 0.3033
6827.9000 0.3035
6828.1000 0.3036
6838.6000 0.3038
6846.6000 0.3040
6848.4000 0.3042
6850.9000 0.3043
6852.0000 0.3045
6853.8000 0.3047
6871.8000 0.3049
6874.6000 0.3050
6875.2000 0.3052
6876.3000 0.3054
6876.4000 0.3056
6878.0000 0.3057
6893.4000 0.3059
6895.1000 0.3061
6909.0000 0.3063
6912.4000 0.3064
6912.5000 0.3066
6920.8000 0.3068
6935.8000 0.3069
6941.5000 0.3071
6947.0000 0.3073
6948.7000 0.3075
6953.6000 0.3076
6954.3000 0.3078
6955.6000 0.3080
6956.8000 0.3082
6962.9000 0.3083
6963.9000 0.3085
6968.4000 0.3087
6975.1000 0.3089
6976.7000 0.3090
6979.9000 0.3092
6981.6000 0.3094
6981.7000 0.3095
6984.6000 0.3097
6988.3000 0.3099
6993.9000 0.3101
7006.4000 0.3102
7022.9000 0.3104
7028.1000 0.3106
7033.6000 0.3108
7038.8000 0.3109
7039.7000 0.3111
7043.1000 0.3113
7045.6000 0.3115
7047.1000 0.3116
7047.2000 0.3118
7052.1000 0.3120
7052.9000 0.3122
7060.0000 0.3123
7060.7000 0.3125
7081.7000 0.3127
7090.1000 0.3128
7092.7000 0.3130
7095.9000 0.3132
7100.3000 0.3134
7105.7000 0.3135
7108.5000 0.3137
7121.0000 0.3139
7124.2000 0.3141
7127.0000 0.3142
7129.0000 0.3144
7146.3000 0.3146
7148.8000 0.3148
7152.7000 0.3149
7159.8000 0.3151
7165.7000 0.3153
7175.7000 0.3155
7181.1000 0.3156
7182.0000 0.3158
7183.6000 0.3160
7189.7000 0.3161
7193.8000 0.3163
7194.4000 0.3165
7197.0000 0.3167
7197.5000 0.3168
7202.1000 0.3170
7203.6000 0.3172
7208.1000 0.3174
7210.1000 0.3175
7213.3000 0.3177
7220.5000 0.3179
7227.8000 0.3181
7227.8000 0.3182
7228.4000 0.3184
7229.2000 0.3186
7230.3000 0.3188
7231.3000 0.3189
7234.6000 0.3191
7236.6000 0.3193
7245.5000 0.3194
7248.1000 0.3196
7251.3000 0.3198
7254.7000 0.3200
7257.7000 0.3201
7258.5000 0.3203
7269.7000 0.3205
7270.3000 0.3207
7279.7000 0.3208
7286.7000 0.3210
7290.0000 0.3212
7292.8000 0.3214
7297.7000 0.3215
7305.3000 0.3217
7318.8000 0.3219
7319.0000 0.3220
7320.0000 0.3222
7325.1000 0.3224
7327.9000 0.3226
7331.4000 0.3227
7345.7000 0.3229
7353.8000 0.3231
7355.1000 0.3233
7365.8000 0.3234
7365.9000 0.3236
7366.9000 0.3238
7380.5000 0.3240
7382.7000 0.3241
7385.4000 0.3243
7387.9000 0.3245
7388.1000 0.3247
7392.6000 0.3248
7393.8000 0.3250
7396.1000 0.3252
7408.1000 0.3253
7414.7000 0.3255
7420.3000 0.3257
7424.3000 0.3259
7426.8000 0.3260
7442.0000 0.3262
7443.2000 0.3264
7443.5000 0.3266
7444.2000 0.3267
7450.0000 0.3269
7456.0000 0.3271
7458.7000 0.3273
7459.9000 0.3274
7463.4000 0.3276
7476.3000 0.3278
7477.0000 0.3280
7477.3000 0.3281
7482.0000 0.3283
7490.4000 0.3285
7496.8000 0.3286
7498.1000 0.3288
7500.4000 0.3290
7503.4000 0.3292
7513.0000 0.3293
7520.7000 0.3295
7526.4000 0.3297
7535.2000 0.3299
7535.6000 0.3300
7537.4000 0.3302
7548.0000 0.3304
7552.7000 0.3306
7555.2000 0.3307
7562.0000 0.3309
7566.6000 0.3311
7566.9000 0.3313
7570.5000 0.3314
7582.0000 0.3316
7583.4000 0.3318
7584.8000 0.3319
7588.9000 0.3321
7589.6000 0.3323
7590.1000 0.3325
7597.6000 0.3326
7599.9000 0.3328
7601.8000 0.3330
7603.0000 0.3332
7605.7000 0.3333
7607.9000 0.3335
7608.0000 0.3337
7622.2000 0.3339
7624.0000 0.3340
7626.7000 0.3342
7627.1000 0.3344
7629.2000 0.3345
7629.3000 0.3347
7639.4000 0.3349
7644.3000 0.3351
7645.9000 0.3352
7648.2000 0.3354
7649.6000 0.3356
7652.6000 0.3358
7653.9000 0.3359
7656.0000 0.3361
7659.5000 0.3363
7671.3000 0.3365
7673.7000 0.3366
7676.7000 0.3368
7678.2000 0.3370
7682.2000 0.3372
7686.9000 0.3373
7690.1000 0.3375
7697.9000 0.3377
7699.1000 0.3378
7701.2000 0.3380
7708.8000 0.3382
7712.8000 0.3384
7713.4000 0.3385
7719.6000 0.3387
7721.0000 0.3389
7721.7000 0.3391
7728.1000 0.3392
7735.0000 0.3394
7737.6000 0.3396
7747.7000 0.3398
7747.7000 0.3399
7747.8000 0.3401
7749.5000 0.3403
7755.9000 0.3405
7768.0000 0.3406
7773.2000 0.3408
7773.2000 0.3410
7776.6000 0.3411
7781.1000 0.3413
7788.0000 0.3415
7788.8000 0.3417
7789.0000 0.3418
7789.6000 0.3420
7794.8000 0.3422
7799.7000 0.3424
7806.9000 0.3425
7810.0000 0.3427
7831.5000 0.3429
7835.1000 0.3431
7845.2000 0.3432
7850.3000 0.3434
7857.6000 0.3436
7864.1000 0.3438
7866.4000 0.3439
7883.6000 0.3441
7890.0000 0.3443
7892.1000 0.3444
7893.5000 0.3446
7900.1000 0.3448
7903.4000 0.3450
7907.1000 0.3451
7918.6000 0.3453
7935.5000 0.3455
7938.2000 0.3457
7939.2000 0.3458
7944.4000 0.3460
7945.3000 0.3462
7952.8000 0.3464
7958.2000 0.3465
7980.0000 0.3467
7980.4000 0.3469
7982.5000 0.3470
7984.1000 0.3472
7985.1000 0.3474
7985.5000 0.3476
7987.4000 0.3477
7989.9000 0.3479
8000.8000 0.3481
8007.3000 0.3483
8018.1000 0.3484
8018.9000 0.3486
8022.2000 0.3488
8024.1000 0.3490
8028.2000 0.3491
8031.8000 0.3493
8032.4000 0.3495
8037.9000 0.3497
8050.5000 0.3498
8051.3000 0.3500
8053.5000 0.3502
8054.6000 0.3503
8056.9000 0.3505
8057.8000 0.3507
8069.4000 0.3509
8070.1000 0.3510
8071.1000 0.3512
8072.1000 0.3514
8075.1000 0.3516
8075.8000 0.3517
8077.9000 0.3519
8081.4000 0.3521
8093.8000 0.3523
8094.3000 0.3524
8099.1000 0.3526
8103.7000 0.3528
8105.9000 0.3530
8134.3000 0.3531
8134.5000 0.3533
8136.5000 0.3535
8137.9000 0.3536
8143.6000 0.3538
8147.4000 0.3540
8154.3000 0.3542
8156.0000 0.3543
8176.2000 0.3545
8176.6000 0.3547
8180.7000 0.3549
8181.5000 0.3550
8181.8000 0.3552
8182.5000 0.3554
8183.3000 0.3556
8188.8000 0.3557
8202.0000 0.3559
8208.0000 0.3561
8219.1000 0.3563
8221.8000 0.3564
8235.5000 0.3566
8248.3000 0.3568
8254.1000 0.3569
8264.9000 0.3571
8267.8000 0.3573
8269.4000 0.3575
8270.1000 0.3576
8272.1000 0.3578
8278.0000 0.3580
8282.4000 0.3582
8286.4000 0.3583
8289.7000 0.3585
8291.6000 0.3587
8303.3000 0.3589
8304.3000 0.3590
8309.7000 0.3592
8311.0000 0.3594
8311.0000 0.3595
8311.3000 0.3597
8311.5000 0.3599
8312.5000 0.3601
8325.0000 0.3602
8329.3000 0.3604
8329.9000 0.3606
8333.8000 0.3608
8335.3000 0.3609
8358.8000 0.3611
8360.1000 0.3613
8368.9000 0.3615
8370.8000 0.3616
8372.8000 0.3618
8386.1000 0.3620
8404.5000 0.3622
8404.6000 0.3623
8404.7000 0.3625
8410.6000 0.3627
8410.7000 0.3628
8416.5000 0.3630
8425.5000 0.3632
8427.2000 0.3634
8444.9000 0.3635
8451.6000 0.3637
8457.1000 0.3639
8462.3000 0.3641
8462.6000 0.3642
8464.1000 0.3644
8479.3000 0.3646
8485.0000 0.3648
8485.4000 0.3649
8492.5000 0.3651
8494.3000 0.3653
8497.9000 0.3655
8508.0000 0.3656
8512.4000 0.3658
8524.4000 0.3660
8528.6000 0.3661
8532.0000 0.3663
8535.4000 0.3665
8548.7000 0.3667
8557.3000 0.3668
8558.0000 0.3670
8558.9000 0.3672
8568.2000 0.3674
8574.0000 0.3675
8574.8000 0.3677
8577.7000 0.3679
8579.6000 0.3681
8585.1000 0.3682
8590.4000 0.3684
8592.8000 0.3686
8600.1000 0.3688
8604.6000 0.3689
8610.5000 0.3691
8612.9000 0.3693
8618.0000 0.3694
8619.1000 0.3696
8620.1000 0.3698
8627.4000 0.3700
8634.2000 0.3701
8644.1000 0.3703
8647.2000 0.3705
8648.6000 0.3707
8649.7000 0.3708
8653.6000 0.3710
8653.8000 0.3712
8659.7000 0.3714
8665.6000 0.3715
8667.4000 0.3717
8668.2000 0.3719
8671.3000 0.3720
8681.0000 0.3722
8690.0000 0.3724
8693.7000 0.3726
8708.5000 0.3727
8709.0000 0.3729
8714.1000 0.3731
8714.5000 0.3733
8717.0000 0.3734
8720.1000 0.3736
8722.5000 0.3738
8723.0000 0.3740
8723.9000 0.3741
8726.2000 0.3743
8728.5000 0.3745
8734.5000 0.3747
8738.0000 0.3748
8748.3000 0.3750
8758.9000 0.3752
8760.6000 0.3753
8765.7000 0.3755
8766.8000 0.3757
8767.7000 0.3759
8778.7000 0.3760
8784.4000 0.3762
8787.3000 0.3764
8790.6000 0.3766
8797.0000 0.3767
8798.0000 0.3769
8804.3000 0.3771
8805.8000 0.3773
8806.8000 0.3774
8809.6000 0.3776
8818.4000 0.3778
8819.3000 0.3780
8823.9000 0.3781
8824.6000 0.3783
8829.4000 0.3785
8830.3000 0.3786
8831.1000 0.3788
8834.4000 0.3790
8834.9000 0.3792
8835.3000 0.3793
8836.8000 0.3795
8837.9000 0.3797
8837.9000 0.3799
8838.7000 0.3800
8841.2000 0.3802
8844.0000 0.3804
8846.6000 0.3806
8857.7000 0.3807
8862.2000 0.3809
8869.1000 0.3811
8870.0000 0.3813
8873.0000 0.3814
8876.0000 0.3816
8901.9000 0.3818
8902.7000 0.3819
8916.3000 0.3821
8918.4000 0.3823
8924.2000 0.3825
8924.8000 0.3826
8936.3000 0.3828
8938.3000 0.3830
8940.8000 0.3832
8944.2000 0.3833
8944.3000 0.3835
8947.1000 0.3837
8954.2000 0.3839
8956.9000 0.3840
8961.8000 0.3842
8973.8000 0.3844
8974.9000 0.3845
8980.7000 0.3847
8981.8000 0.3849
8984.7000 0.3851
8987.3000 0.3852
8990.3000 0.3854
8993.2000 0.3856
8995.4000 0.3858
8999.1000 0.3859
9000.9000 0.3861
9003.1000 0.3863
9009.1000 0.3865
9016.2000 0.3866
9045.5000 0.3868
9049.1000 0.3870
9058.6000 0.3872
9075.2000 0.3873
9077.3000 0.3875
9091.1000 0.3877
9091.1000 0.3878
9095.7000 0.3880
9104.5000 0.3882
9105.2000 0.3884
9111.1000 0.3885
9117.0000 0.3887
9118.1000 0.3889
9122.8000 0.3891
9131.0000 0.3892
9139.2000 0.3894
9161.3000 0.3896
9166.5000 0.3898
9180.1000 0.3899
9181.8000 0.3901
9192.5000 0.3903
9192.6000 0.3905
9200.1000 0.3906
9211.0000 0.3908
9213.8000 0.3910
9217.6000 0.3911
9218.0000 0.3913
9230.8000 0.3915
9233.0000 0.3917
9236.7000 0.3918
9237.1000 0.3920
9247.7000 0.3922
9253.2000 0.3924
9258.9000 0.3925
9259.5000 0.3927
9261.3000 0.3929
9264.0000 0.3931
9267.3000 0.3932
9278.4000 0.3934
9280.7000 0.3936
9281.4000 0.3938
9290.6000 0.3939
9291.9000 0.3941
9294.9000 0.3943
9296.6000 0.3944
9298.5000 0.3946
9299.0000 0.3948
9304.9000 0.3950
9309.6000 0.3951
9312.6000 0.3953
9328.5000 0.3955
9332.2000 0.3957
9338.7000 0.3958
9343.7000 0.3960
9349.9000 0.3962
9352.9000 0.3964
9357.5000 0.3965
9358.1000 0.3967
9362.6000 0.3969
9365.2000 0.3970
9367.2000 0.3972
9370.0000 0.3974
9387.8000 0.3976
9397.0000 0.3977
9397.0000 0.3979
9400.0000 0.3981
9401.0000 0.3983
9405.3000 0.3984
9408.4000 0.3986
9411.5000 0.3988
9414.3000 0.3990
9414.8000 0.3991
9416.5000 0.3993
9422.5000 0.3995
9426.9000 0.3997
9427.4000 0.3998
9428.7000 0.4000
9430.4000 0.4002
9436.2000 0.4003
9436.9000 0.4005
9439.0000 0.4007
9443.1000 0.4009
9446.7000 0.4010
9448.7000 0.4012
9450.7000 0.4014
9461.3000 0.4016
9464.8000 0.4017
9472.2000 0.4019
9480.2000 0.4021
9481.5000 0.4023
9488.3000 0.4024
9510.4000 0.4026
9511.3000 0.4028
9530.6000 0.4030
9542.2000 0.4031
9556.7000 0.4033
9557.4000 0.4035
9577.1000 0.4036
9584.3000 0.4038
9587.1000 0.4040
9598.5000 0.4042
9599.1000 0.4043
9606.9000 0.4045
9617.3000 0.4047
9621.1000 0.4049
9629.6000 0.4050
9642.7000 0.4052
9643.7000 0.4054
9647.5000 0.4056
9650.3000 0.4057
9659.4000 0.4059
9665.2000 0.4061
9667.1000 0.4063
9673.0000 0.4064
9693.4000 0.4066
9705.4000 0.4068
9708.3000 0.4069
9708.4000 0.4071
9717.0000 0.4073
9718.4000 0.4075
9723.0000 0.4076
9728.2000 0.4078
9731.4000 0.4080
9734.0000 0.4082
9735.2000 0.4083
9745.8000 0.4085
9755.1000 0.4087
9767.5000 0.4089
9770.8000 0.4090
9773.2000 0.4092
9775.6000 0.4094
9783.8000 0.4095
9788.7000 0.4097
9798.3000 0.4099
9824.9000 0.4101
9832.1000 0.4102
9835.7000 0.4104
9836.7000 0.4106
9838.9000 0.4108
9842.6000 0.4109
9851.8000 0.4111
9869.3000 0.4113
9872.1000 0.4115
9882.9000 0.4116
9894.8000 0.4118
9896.8000 0.4120
9907.4000 0.4122
9923.6000 0.4123
9926.7000 0.4125
9927.5000 0.4127
9927.7000 0.4128
9931.8000 0.4130
9933.7000 0.4132
9935.6000 0.4134
9938.9000 0.4135
9940.3000 0.4137
9940.8000 0.4139
9941.3000 0.4141
9942.8000 0.4142
9945.1000 0.4144
9947.2000 0.4146
9955.0000 0.4148
9958.7000 0.4149
9960.2000 0.4151
9972.8000 0.4153
9976.7000 0.4155
9978.3000 0.4156
9979.8000 0.4158
9982.3000 0.4160
9985.5000 0.4161
9993.0000 0.4163
9995.9000 0.4165
10000.5000 0.4167
10006.5000 0.4168
10010.8000 0.4170
10016.5000 0.4172
10018.6000 0.4174
10028.6000 0.4175
10028.8000 0.4177
10037.4000 0.4179
10037.5000 0.4181
10040.2000 0.4182
10046.0000 0.4184
10057.5000 0.4186
10064.4000 0.4188
10068.3000 0.4189
10073.9000 0.4191
10074.4000 0.4193
10078.4000 0.4194
10081.0000 0.4196
10081.8000 0.4198
10085.9000 0.4200
10087.9000 0.4201
10096.6000 0.4203
10098.0000 0.4205
10128.9000 0.4207
10131.1000 0.4208
10145.2000 0.4210
10158.3000 0.4212
10160.6000 0.4214
10163.5000 0.4215
10180.7000 0.4217
10186.7000 0.4219
10192.8000 0.4220
10214.9000 0.4222
10223.8000 0.4224
10237.8000 0.4226
10266.6000 0.4227
10271.2000 0.4229
10272.0000 0.4231
10278.8000 0.4233
10284.6000 0.4234
10285.5000 0.4236
10295.6000 0.4238
10311.7000 0.4240
10340.1000 0.4241
10342.3000 0.4243
10350.5000 0.4245
10354.0000 0.4247
10356.5000 0.4248
10358.1000 0.4250
10359.6000 0.4252
10362.3000 0.4253
10364.5000 0.4255
10379.4000 0.4257
10389.1000 0.4259
10392.5000 0.4260
10393.5000 0.4262
10405.9000 0.4264
10406.5000 0.4266
10414.8000 0.4267
10425.4000 0.4269
10426.0000 0.4271
10427.4000 0.4273
10428.3000 0.4274
10433.5000 0.4276
10446.6000 0.4278
10464.8000 0.4280
10475.2000 0.4281
10491.5000 0.4283
10513.6000 0.4285
10520.2000 0.4286
10529.1000 0.4288
10530.0000 0.4290
10532.3000 0.4292
10532.7000 0.4293
10532.9000 0.4295
10538.0000 0.4297
10538.3000 0.4299
10547.5000 0.4300
10547.9000 0.4302
10549.9000 0.4304
10552.1000 0.4306
10555.0000 0.4307
10568.5000 0.4309
10577.6000 0.4311
10583.6000 0.4313
10585.3000 0.4314
10585.5000 0.4316
10585.7000 0.4318
10592.1000 0.4319
10610.0000 0.4321
10611.1000 0.4323
10618.1000 0.4325
10622.7000 0.4326
10622.9000 0.4328
10632.6000 0.4330
10639.6000 0.4332
10642.3000 0.4333
10647.2000 0.4335
10652.8000 0.4337
10653.9000 0.4339
10656.7000 0.4340
10663.9000 0.4342
10668.1000 0.4344
10668.3000 0.4345
10672.7000 0.4347
10677.3000 0.4349
10678.2000 0.4351
10678.4000 0.4352
10689.5000 0.4354
10706.6000 0.4356
10713.6000 0.4358
10755.8000 0.4359
10756.5000 0.4361
10758.4000 0.4363
10759.5000 0.4365
10760.2000 0.4366
10763.6000 0.4368
10765.4000 0.4370
10773.2000 0.4372
10773.2000 0.4373
10775.2000 0.4375
10784.9000 0.4377
10790.4000 0.4378
10793.0000 0.4380
10809.9000 0.4382
10811.4000 0.4384
10811.7000 0.4385
10812.5000 0.4387
10813.6000 0.4389
10813.9000 0.4391
10815.9000 0.4392
10816.0000 0.4394
10817.5000 0.4396
10820.0000 0.4398
10826.5000 0.4399
10840.0000 0.4401
10840.3000 0.4403
10849.7000 0.4405
10851.7000 0.4406
10852.8000 0.4408
10853.2000 0.4410
10855.0000 0.4411
10863.1000 0.4413
10875.2000 0.4415
10887.1000 0.4417
10892.0000 0.4418
10895.4000 0.4420
10897.9000 0.4422
10912.8000 0.4424
10913.1000 0.4425
10914.4000 0.4427
10917.6000 0.4429
10918.9000 0.4431
10920.4000 0.4432
10925.0000 0.4434
10927.8000 0.4436
10929.5000 0.4438
10935.3000 0.4439
10938.4000 0.4441
10944.1000 0.4443
10950.9000 0.4444
10956.3000 0.4446
10962.8000 0.4448
10963.3000 0.4450
10970.2000 0.4451
10981.1000 0.4453
10995.0000 0.4455
10995.6000 0.4457
10997.4000 0.4458
10998.2000 0.4460
10999.9000 0.4462
11002.3000 0.4464
11013.4000 0.4465
11014.0000 0.4467
11017.8000 0.4469
11019.8000 0.4470
11020.4000 0.4472
11037.0000 0.4474
11055.4000 0.4476
11055.6000 0.4477
11063.2000 0.4479
11077.4000 0.4481
11077.8000 0.4483
11077.9000 0.4484
11079.6000 0.4486
11086.6000 0.4488
11087.6000 0.4490
11100.1000 0.4491
11108.3000 0.4493
11116.9000 0.4495
11117.6000 0.4497
11120.7000 0.4498
11125.9000 0.4500
11134.7000 0.4502
11135.9000 0.4503
11137.3000 0.4505
11146.5000 0.4507
11152.6000 0.4509
11154.9000 0.4510
11156.3000 0.4512
11158.5000 0.4514
11162.1000 0.4516
11163.1000 0.4517
11168.3000 0.4519
11168.9000 0.4521
11173.6000 0.4523
11188.6000 0.4524
11206.4000 0.4526
11212.1000 0.4528
11215.8000 0.4530
11218.9000 0.4531
11219.3000 0.4533
11225.8000 0.4535
11228.5000 0.4536
11240.5000 0.4538
11244.8000 0.4540
11244.9000 0.4542
11248.0000 0.4543
11250.6000 0.4545
11253.1000 0.4547
11257.4000 0.4549
11258.3000 0.4550
11262.1000 0.4552
11264.6000 0.4554
11271.4000 0.4556
11272.0000 0.4557
11287.0000 0.4559
11294.1000 0.4561
11298.1000 0.4563
11322.9000 0.4564
11330.4000 0.4566
11343.2000 0.4568
11347.8000 0.4569
11347.9000 0.4571
11348.9000 0.4573
11352.6000 0.4575
11354.8000 0.4576
11359.1000 0.4578
11384.1000 0.4580
11384.8000 0.4582
11386.8000 0.4583
11388.7000 0.4585
11393.7000 0.4587
11399.5000 0.4589
11399.9000 0.4590
11406.7000 0.4592
11411.9000 0.4594
11429.3000 0.4595
11434.4000 0.4597
11436.6000 0.4599
11436.7000 0.4601
11443.6000 0.4602
11446.0000 0.4604
11449.8000 0.4606
11451.5000 0.4608
11461.7000 0.4609
11484.2000 0.4611
11484.7000 0.4613
11487.6000 0.4615
11494.5000 0.4616
11504.6000 0.4618
11507.9000 0.4620
11508.2000 0.4622
11513.1000 0.4623
11520.9000 0.4625
11522.4000 0.4627
11534.9000 0.4628
11536.8000 0.4630
11542.9000 0.4632
11544.4000 0.4634
11545.3000 0.4635
11548.7000 0.4637
11565.1000 0.4639
11569.1000 0.4641
11569.3000 0.4642
11569.8000 0.4644
11586.8000 0.4646
11596.1000 0.4648
11597.6000 0.4649
11605.6000 0.4651
11607.9000 0.4653
11611.0000 0.4655
11619.0000 0.4656
11620.8000 0.4658
11623.1000 0.4660
11630.4000 0.4661
11631.1000 0.4663
11632.3000 0.4665
11635.2000 0.4667
11638.8000 0.4668
11645.4000 0.4670
11668.8000 0.4672
11682.3000 0.4674
11691.1000 0.4675
11692.2000 0.4677
11692.3000 0.4679
11709.4000 0.4681
11712.1000 0.4682
11717.6000 0.4684
11726.6000 0.4686
11734.4000 0.4688
11734.4000 0.4689
11738.7000 0.4691
11753.5000 0.4693
11760.7000 0.4694
11762.3000 0.4696
11765.6000 0.4698
11768.4000 0.4700
11769.6000 0.4701
11774.5000 0.4703
11775.9000 0.4705
11776.5000 0.4707
11835.6000 0.4708
11839.5000 0.4710
11841.7000 0.4712
11842.6000 0.4714
11846.0000 0.4715
11847.5000 0.4717
11854.6000 0.4719
11871.0000 0.4720
11880.4000 0.4722
11884.8000 0.4724
11907.4000 0.4726
11922.3000 0.4727
11937.3000 0.4729
11940.2000 0.4731
11947.2000 0.4733
11948.6000 0.4734
11948.6000 0.4736
11952.2000 0.4738
11952.4000 0.4740
11953.1000 0.4741
11953.3000 0.4743
11955.2000 0.4745
11955.4000 0.4747
11963.8000 0.4748
11969.2000 0.4750
