# messageDelay  cumulativeProbability
5.0000 0.0001
5.0000 0.0002
5.0000 0.0003
5.0000 0.0004
5.0000 0.0005
5.0000 0.0006
5.0000 0.0007
5.0000 0.0008
5.0000 0.0009
5.0000 0.0010
5.0000 0.0011
5.0000 0.0013
5.0000 0.0014
5.0000 0.0015
5.0000 0.0016
5.0000 0.0017
5.0000 0.0018
5.0000 0.0019
5.0000 0.0020
5.0000 0.0021
5.0000 0.0022
5.0000 0.0023
5.0000 0.0024
5.0000 0.0025
5.0000 0.0026
5.0000 0.0027
5.0000 0.0028
5.0000 0.0029
5.0000 0.0030
5.0000 0.0031
5.0000 0.0032
6.0000 0.0033
6.6000 0.0034
7.0000 0.0035
7.0000 0.0036
7.2000 0.0037
8.2000 0.0039
8.2000 0.0040
8.4000 0.0041
9.0000 0.0042
9.1000 0.0043
10.0000 0.0044
10.0000 0.0045
10.1000 0.0046
10.4000 0.0047
50.0000 0.0048
60.9000 0.0049
65.2000 0.0050
258.7000 0.0051
269.5000 0.0052
294.1000 0.0053
294.7000 0.0054
315.3000 0.0055
321.6000 0.0056
325.9000 0.0057
366.1000 0.0058
385.7000 0.0059
400.4000 0.0060
407.6000 0.0061
450.9000 0.0062
461.7000 0.0064
506.2000 0.0065
536.1000 0.0066
546.6000 0.0067
553.5000 0.0068
563.8000 0.0069
575.2000 0.0070
580.5000 0.0071
587.5000 0.0072
618.5000 0.0073
624.8000 0.0074
643.7000 0.0075
646.6000 0.0076
669.0000 0.0077
676.9000 0.0078
692.3000 0.0079
709.9000 0.0080
710.7000 0.0081
720.6000 0.0082
747.5000 0.0083
759.2000 0.0084
778.8000 0.0085
787.3000 0.0086
788.3000 0.0087
798.5000 0.0089
810.6000 0.0090
842.6000 0.0091
846.4000 0.0092
866.5000 0.0093
900.7000 0.0094
901.8000 0.0095
909.5000 0.0096
916.8000 0.0097
931.2000 0.0098
953.1000 0.0099
958.2000 0.0100
968.4000 0.0101
975.9000 0.0102
1007.4000 0.0103
1015.8000 0.0104
1025.4000 0.0105
1032.9000 0.0106
1048.8000 0.0107
1081.2000 0.0108
1090.2000 0.0109
1102.7000 0.0110
1113.2000 0.0111
1114.4000 0.0113
1135.0000 0.0114
1138.9000 0.0115
1139.9000 0.0116
1143.3000 0.0117
1154.5000 0.0118
1165.5000 0.0119
1195.0000 0.0120
1200.9000 0.0121
1210.0000 0.0122
1212.3000 0.0123
1241.9000 0.0124
1251.0000 0.0125
1253.0000 0.0126
1255.3000 0.0127
1273.7000 0.0128
1286.4000 0.0129
1287.3000 0.0130
1304.5000 0.0131
1334.6000 0.0132
1338.3000 0.0133
1346.7000 0.0134
1351.2000 0.0135
1358.2000 0.0136
1362.9000 0.0138
1367.7000 0.0139
1374.7000 0.0140
1422.5000 0.0141
1453.9000 0.0142
1460.5000 0.0143
1460.8000 0.0144
1472.5000 0.0145
1472.6000 0.0146
1473.2000 0.0147
1482.0000 0.0148
1483.3000 0.0149
1495.9000 0.0150
1500.8000 0.0151
1514.5000 0.0152
1520.5000 0.0153
1520.8000 0.0154
1520.8000 0.0155
1521.0000 0.0156
1521.8000 0.0157
1523.8000 0.0158
1543.1000 0.0159
1553.6000 0.0160
1564.4000 0.0161
1581.6000 0.0163
1585.8000 0.0164
1587.6000 0.0165
1595.8000 0.0166
1606.2000 0.0167
1624.9000 0.0168
1643.5000 0.0169
1646.2000 0.0170
1648.2000 0.0171
1676.0000 0.0172
1711.5000 0.0173
1718.1000 0.0174
1728.6000 0.0175
1744.5000 0.0176
1758.4000 0.0177
1777.5000 0.0178
1782.0000 0.0179
1783.7000 0.0180
1790.0000 0.0181
1806.6000 0.0182
1817.6000 0.0183
1817.9000 0.0184
1821.8000 0.0185
1827.7000 0.0186
1843.9000 0.0188
1846.5000 0.0189
1856.1000 0.0190
1863.4000 0.0191
1878.7000 0.0192
1887.4000 0.0193
1896.6000 0.0194
1901.1000 0.0195
1919.4000 0.0196
1931.1000 0.0197
1937.5000 0.0198
1947.0000 0.0199
1956.5000 0.0200
1960.8000 0.0201
1986.5000 0.0202
2003.2000 0.0203
2021.0000 0.0204
2032.1000 0.0205
2041.7000 0.0206
2056.9000 0.0207
2059.5000 0.0208
2062.3000 0.0209
2095.2000 0.0210
2129.4000 0.0211
2136.7000 0.0212
2147.5000 0.0214
2148.4000 0.0215
2167.4000 0.0216
2173.0000 0.0217
2188.0000 0.0218
2202.2000 0.0219
2220.2000 0.0220
2226.9000 0.0221
2245.8000 0.0222
2247.6000 0.0223
2248.7000 0.0224
2250.4000 0.0225
2251.5000 0.0226
2274.3000 0.0227
2277.7000 0.0228
2295.8000 0.0229
2305.9000 0.0230
2312.2000 0.0231
2340.0000 0.0232
2360.4000 0.0233
2362.6000 0.0234
2371.9000 0.0235
2374.7000 0.0236
2388.6000 0.0237
2390.8000 0.0239
2397.7000 0.0240
2401.6000 0.0241
2403.1000 0.0242
2414.7000 0.0243
2415.5000 0.0244
2484.9000 0.0245
2485.0000 0.0246
2496.2000 0.0247
2496.8000 0.0248
2535.7000 0.0249
2545.1000 0.0250
2548.8000 0.0251
2554.2000 0.0252
2583.9000 0.0253
2584.8000 0.0254
2592.6000 0.0255
2620.8000 0.0256
2624.8000 0.0257
2654.1000 0.0258
2669.2000 0.0259
2687.8000 0.0260
2697.5000 0.0261
2729.9000 0.0262
2734.5000 0.0264
2745.2000 0.0265
2751.0000 0.0266
2758.4000 0.0267
2761.6000 0.0268
2776.4000 0.0269
2777.4000 0.0270
2787.1000 0.0271
2795.0000 0.0272
2812.9000 0.0273
2837.6000 0.0274
2848.0000 0.0275
2865.5000 0.0276
2870.4000 0.0277
2885.0000 0.0278
2887.9000 0.0279
2919.9000 0.0280
2938.4000 0.0281
2950.2000 0.0282
2952.5000 0.0283
2978.6000 0.0284
3000.2000 0.0285
3031.7000 0.0286
3035.0000 0.0287
3040.6000 0.0289
3048.6000 0.0290
3090.5000 0.0291
3096.9000 0.0292
3103.1000 0.0293
3103.6000 0.0294
3113.5000 0.0295
3116.0000 0.0296
3117.2000 0.0297
3128.8000 0.0298
3133.6000 0.0299
3167.0000 0.0300
3170.4000 0.0301
3190.2000 0.0302
3269.7000 0.0303
3291.3000 0.0304
3294.2000 0.0305
3318.4000 0.0306
3323.2000 0.0307
3333.1000 0.0308
3350.4000 0.0309
3363.9000 0.0310
3371.5000 0.0311
3375.5000 0.0312
3376.9000 0.0314
3385.9000 0.0315
3395.9000 0.0316
3396.5000 0.0317
3409.8000 0.0318
3413.3000 0.0319
3419.2000 0.0320
3431.6000 0.0321
3433.1000 0.0322
3457.2000 0.0323
3459.7000 0.0324
3462.5000 0.0325
3522.4000 0.0326
3530.9000 0.0327
3542.6000 0.0328
3546.5000 0.0329
3547.8000 0.0330
3561.4000 0.0331
3565.5000 0.0332
3572.4000 0.0333
3595.0000 0.0334
3609.9000 0.0335
3659.3000 0.0336
3662.8000 0.0337
3670.6000 0.0339
3683.6000 0.0340
3692.6000 0.0341
3696.8000 0.0342
3704.1000 0.0343
3710.4000 0.0344
3732.7000 0.0345
3746.1000 0.0346
3759.6000 0.0347
3790.5000 0.0348
3803.9000 0.0349
3821.0000 0.0350
3824.4000 0.0351
3825.6000 0.0352
3835.1000 0.0353
3846.1000 0.0354
3858.8000 0.0355
3864.4000 0.0356
3885.6000 0.0357
3888.9000 0.0358
3889.4000 0.0359
3940.8000 0.0360
3942.2000 0.0361
3945.9000 0.0362
3967.2000 0.0364
3992.3000 0.0365
3996.5000 0.0366
3999.4000 0.0367
4031.5000 0.0368
4040.1000 0.0369
4043.4000 0.0370
4101.1000 0.0371
4106.0000 0.0372
4106.6000 0.0373
4106.8000 0.0374
4137.0000 0.0375
4139.5000 0.0376
4165.6000 0.0377
4166.0000 0.0378
4170.6000 0.0379
4197.9000 0.0380
4208.6000 0.0381
4217.5000 0.0382
4231.7000 0.0383
4243.7000 0.0384
4295.2000 0.0385
4340.4000 0.0386
4345.0000 0.0388
4345.1000 0.0389
4348.4000 0.0390
4354.1000 0.0391
4361.0000 0.0392
4373.6000 0.0393
4389.8000 0.0394
4396.4000 0.0395
4418.9000 0.0396
4431.0000 0.0397
4442.0000 0.0398
4448.1000 0.0399
4449.9000 0.0400
4451.3000 0.0401
4455.7000 0.0402
4458.4000 0.0403
4489.7000 0.0404
4497.3000 0.0405
4502.6000 0.0406
4510.6000 0.0407
4521.5000 0.0408
4541.8000 0.0409
4580.0000 0.0410
4590.7000 0.0411
4597.2000 0.0413
4601.1000 0.0414
4641.8000 0.0415
4665.4000 0.0416
4672.6000 0.0417
4687.2000 0.0418
4688.8000 0.0419
4689.9000 0.0420
4699.4000 0.0421
4745.2000 0.0422
4747.6000 0.0423
4751.8000 0.0424
4764.0000 0.0425
4782.9000 0.0426
4807.1000 0.0427
4813.5000 0.0428
4817.3000 0.0429
4820.7000 0.0430
4830.3000 0.0431
4847.5000 0.0432
4858.1000 0.0433
4880.7000 0.0434
4900.9000 0.0435
4918.0000 0.0436
4921.6000 0.0438
4936.4000 0.0439
4948.6000 0.0440
4959.4000 0.0441
5044.8000 0.0442
5102.4000 0.0443
5109.4000 0.0444
5115.1000 0.0445
5127.7000 0.0446
5134.1000 0.0447
5138.2000 0.0448
5167.3000 0.0449
5169.3000 0.0450
5181.2000 0.0451
5190.4000 0.0452
5220.0000 0.0453
5220.7000 0.0454
5221.6000 0.0455
5235.3000 0.0456
5273.1000 0.0457
5277.3000 0.0458
5315.5000 0.0459
5316.1000 0.0460
5318.1000 0.0461
5324.4000 0.0463
5326.2000 0.0464
5365.1000 0.0465
5369.5000 0.0466
5370.1000 0.0467
5379.1000 0.0468
5381.3000 0.0469
5407.2000 0.0470
5413.7000 0.0471
5497.6000 0.0472
5518.7000 0.0473
5522.2000 0.0474
5539.3000 0.0475
5584.0000 0.0476
5601.6000 0.0477
5625.3000 0.0478
5636.0000 0.0479
5636.6000 0.0480
5638.4000 0.0481
5653.9000 0.0482
5671.6000 0.0483
5673.6000 0.0484
5700.9000 0.0485
5719.7000 0.0486
5723.7000 0.0488
5746.9000 0.0489
5761.4000 0.0490
5766.1000 0.0491
5773.2000 0.0492
5781.6000 0.0493
5802.0000 0.0494
5841.3000 0.0495
5850.5000 0.0496
5884.7000 0.0497
5898.2000 0.0498
5944.8000 0.0499
5962.9000 0.0500
5966.2000 0.0501
5969.7000 0.0502
5974.7000 0.0503
5982.9000 0.0504
6003.8000 0.0505
6011.5000 0.0506
6023.7000 0.0507
6044.5000 0.0508
6084.5000 0.0509
6096.6000 0.0510
6097.8000 0.0511
6099.1000 0.0513
6100.3000 0.0514
6106.5000 0.0515
6122.0000 0.0516
6130.3000 0.0517
6134.1000 0.0518
6136.5000 0.0519
6136.9000 0.0520
6143.0000 0.0521
6176.5000 0.0522
6186.5000 0.0523
6220.3000 0.0524
6240.0000 0.0525
6265.5000 0.0526
6272.1000 0.0527
6276.0000 0.0528
6317.0000 0.0529
6354.8000 0.0530
6368.7000 0.0531
6389.5000 0.0532
6411.1000 0.0533
6456.3000 0.0534
6457.1000 0.0535
6459.2000 0.0536
6487.5000 0.0538
6501.4000 0.0539
6540.6000 0.0540
6541.6000 0.0541
6545.9000 0.0542
6554.7000 0.0543
6570.3000 0.0544
6572.6000 0.0545
6591.7000 0.0546
6601.7000 0.0547
6614.2000 0.0548
6622.1000 0.0549
6625.9000 0.0550
6637.8000 0.0551
6674.3000 0.0552
6681.5000 0.0553
6691.5000 0.0554
6706.9000 0.0555
6719.5000 0.0556
6782.8000 0.0557
6793.5000 0.0558
6794.1000 0.0559
6810.9000 0.0560
6843.6000 0.0561
6844.3000 0.0563
6877.2000 0.0564
6880.4000 0.0565
6883.9000 0.0566
6896.2000 0.0567
6936.6000 0.0568
6952.0000 0.0569
6977.6000 0.0570
6993.0000 0.0571
7003.9000 0.0572
7004.5000 0.0573
7039.6000 0.0574
7039.7000 0.0575
7048.0000 0.0576
7062.8000 0.0577
7086.5000 0.0578
7093.8000 0.0579
7103.6000 0.0580
7112.5000 0.0581
7124.4000 0.0582
7143.1000 0.0583
7146.7000 0.0584
7155.2000 0.0585
7159.5000 0.0586
7164.5000 0.0588
7188.9000 0.0589
7203.4000 0.0590
7236.0000 0.0591
7241.4000 0.0592
7242.3000 0.0593
7277.3000 0.0594
7285.5000 0.0595
7300.5000 0.0596
7307.0000 0.0597
7333.2000 0.0598
7337.1000 0.0599
7363.5000 0.0600
7383.2000 0.0601
7388.9000 0.0602
7448.1000 0.0603
7479.0000 0.0604
7486.8000 0.0605
7497.3000 0.0606
7506.4000 0.0607
7507.7000 0.0608
7512.6000 0.0609
7515.1000 0.0610
7516.0000 0.0611
7519.6000 0.0613
7528.2000 0.0614
7536.2000 0.0615
7581.6000 0.0616
7602.4000 0.0617
7621.1000 0.0618
7621.5000 0.0619
7638.6000 0.0620
7641.8000 0.0621
7654.8000 0.0622
7664.0000 0.0623
7666.8000 0.0624
7674.0000 0.0625
7710.0000 0.0626
7723.9000 0.0627
7751.3000 0.0628
7759.5000 0.0629
7767.5000 0.0630
7782.9000 0.0631
7791.1000 0.0632
7818.1000 0.0633
7833.8000 0.0634
7847.0000 0.0635
7848.3000 0.0636
7867.3000 0.0638
7873.4000 0.0639
7937.3000 0.0640
7944.6000 0.0641
7949.8000 0.0642
7970.5000 0.0643
7974.2000 0.0644
8017.9000 0.0645
8020.5000 0.0646
8032.0000 0.0647
8034.1000 0.0648
8035.8000 0.0649
8063.5000 0.0650
8063.9000 0.0651
8064.5000 0.0652
8064.7000 0.0653
8094.5000 0.0654
8104.5000 0.0655
8110.0000 0.0656
8154.8000 0.0657
8164.0000 0.0658
8165.8000 0.0659
8173.7000 0.0660
8182.7000 0.0661
8220.6000 0.0663
8223.7000 0.0664
8224.4000 0.0665
8244.1000 0.0666
8244.6000 0.0667
8269.0000 0.0668
8290.3000 0.0669
8293.2000 0.0670
8299.1000 0.0671
8318.8000 0.0672
8326.9000 0.0673
8336.7000 0.0674
8358.4000 0.0675
8369.1000 0.0676
8371.1000 0.0677
8381.1000 0.0678
8402.7000 0.0679
8403.0000 0.0680
8410.7000 0.0681
8412.1000 0.0682
8417.5000 0.0683
8421.9000 0.0684
8427.0000 0.0685
8427.0000 0.0686
8446.1000 0.0688
8448.1000 0.0689
8457.0000 0.0690
8463.0000 0.0691
8466.0000 0.0692
8486.4000 0.0693
8490.6000 0.0694
8493.7000 0.0695
8501.7000 0.0696
8503.0000 0.0697
8504.7000 0.0698
8512.0000 0.0699
8523.7000 0.0700
8530.1000 0.0701
8552.9000 0.0702
8563.9000 0.0703
8564.4000 0.0704
8566.2000 0.0705
8568.8000 0.0706
8608.4000 0.0707
8617.3000 0.0708
8644.1000 0.0709
8654.0000 0.0710
8666.9000 0.0711
8671.4000 0.0713
8677.7000 0.0714
8678.4000 0.0715
8682.1000 0.0716
8729.7000 0.0717
8738.0000 0.0718
8755.3000 0.0719
8765.1000 0.0720
8780.0000 0.0721
8803.3000 0.0722
8824.9000 0.0723
8831.0000 0.0724
8832.0000 0.0725
8846.8000 0.0726
8852.0000 0.0727
8885.2000 0.0728
8892.7000 0.0729
8914.6000 0.0730
8928.2000 0.0731
8933.2000 0.0732
8946.6000 0.0733
8987.4000 0.0734
8992.0000 0.0735
9001.0000 0.0736
9014.8000 0.0738
9028.0000 0.0739
9037.3000 0.0740
9055.3000 0.0741
9078.2000 0.0742
9086.0000 0.0743
9088.9000 0.0744
9160.1000 0.0745
9166.8000 0.0746
9190.6000 0.0747
9197.9000 0.0748
9200.1000 0.0749
9237.6000 0.0750
9240.6000 0.0751
9304.1000 0.0752
9311.2000 0.0753
9321.1000 0.0754
9348.0000 0.0755
9357.7000 0.0756
9360.2000 0.0757
9360.7000 0.0758
9365.6000 0.0759
9369.0000 0.0760
9387.8000 0.0761
9405.1000 0.0763
9407.2000 0.0764
9410.0000 0.0765
9436.5000 0.0766
9448.9000 0.0767
9476.9000 0.0768
9478.3000 0.0769
9486.7000 0.0770
9522.5000 0.0771
9523.9000 0.0772
9536.3000 0.0773
9557.4000 0.0774
9565.2000 0.0775
9568.8000 0.0776
9577.0000 0.0777
9645.9000 0.0778
9679.5000 0.0779
9741.0000 0.0780
9745.2000 0.0781
9768.6000 0.0782
9789.2000 0.0783
9805.0000 0.0784
9812.7000 0.0785
9857.3000 0.0786
9859.9000 0.0788
9860.8000 0.0789
9875.3000 0.0790
9876.6000 0.0791
9912.3000 0.0792
9914.8000 0.0793
9939.1000 0.0794
9963.4000 0.0795
9968.1000 0.0796
9971.9000 0.0797
9985.4000 0.0798
10002.2000 0.0799
10010.6000 0.0800
10011.9000 0.0801
10018.3000 0.0802
10026.0000 0.0803
10047.2000 0.0804
10083.4000 0.0805
10086.2000 0.0806
10116.3000 0.0807
10124.5000 0.0808
10128.3000 0.0809
10167.6000 0.0810
10173.3000 0.0811
10183.4000 0.0813
10216.3000 0.0814
10219.3000 0.0815
10229.6000 0.0816
10282.9000 0.0817
10296.7000 0.0818
10353.8000 0.0819
10370.7000 0.0820
10371.6000 0.0821
10384.4000 0.0822
10400.7000 0.0823
10401.9000 0.0824
10421.4000 0.0825
10454.5000 0.0826
10471.0000 0.0827
10519.3000 0.0828
10519.7000 0.0829
10528.5000 0.0830
10531.9000 0.0831
10576.0000 0.0832
10585.3000 0.0833
10617.1000 0.0834
10637.4000 0.0835
10657.4000 0.0836
10661.6000 0.0838
10683.2000 0.0839
10690.7000 0.0840
10693.6000 0.0841
10704.2000 0.0842
10716.7000 0.0843
10728.2000 0.0844
10731.8000 0.0845
10762.1000 0.0846
10797.3000 0.0847
10809.0000 0.0848
10821.6000 0.0849
10864.2000 0.0850
10914.5000 0.0851
10917.8000 0.0852
10918.7000 0.0853
10957.2000 0.0854
10961.2000 0.0855
10973.9000 0.0856
10990.8000 0.0857
10997.4000 0.0858
11005.4000 0.0859
11023.2000 0.0860
11046.5000 0.0861
11047.8000 0.0863
11092.0000 0.0864
11102.8000 0.0865
11112.9000 0.0866
11114.4000 0.0867
11123.8000 0.0868
11131.1000 0.0869
11144.0000 0.0870
11172.9000 0.0871
11174.9000 0.0872
11179.7000 0.0873
11190.1000 0.0874
11204.9000 0.0875
11235.0000 0.0876
11274.2000 0.0877
11274.9000 0.0878
11278.8000 0.0879
11300.7000 0.0880
11304.8000 0.0881
11344.1000 0.0882
11347.0000 0.0883
11357.2000 0.0884
11370.9000 0.0885
11396.3000 0.0886
11396.5000 0.0888
11403.7000 0.0889
11428.3000 0.0890
11443.9000 0.0891
11445.9000 0.0892
11461.1000 0.0893
11488.7000 0.0894
11490.4000 0.0895
11495.6000 0.0896
11503.4000 0.0897
11520.3000 0.0898
11522.6000 0.0899
11522.7000 0.0900
11560.8000 0.0901
11564.3000 0.0902
11565.5000 0.0903
11575.6000 0.0904
11658.4000 0.0905
11677.7000 0.0906
11718.0000 0.0907
11747.5000 0.0908
11747.8000 0.0909
11755.9000 0.0910
11760.0000 0.0911
11771.1000 0.0913
11809.4000 0.0914
11819.6000 0.0915
11821.7000 0.0916
11834.7000 0.0917
11841.6000 0.0918
11842.5000 0.0919
11860.8000 0.0920
11867.6000 0.0921
11902.8000 0.0922
11930.1000 0.0923
11935.2000 0.0924
11943.3000 0.0925
11945.0000 0.0926
11951.1000 0.0927
11955.1000 0.0928
11957.9000 0.0929
11993.1000 0.0930
11994.1000 0.0931
11996.2000 0.0932
12009.7000 0.0933
12026.2000 0.0934
12069.4000 0.0935
12080.7000 0.0936
12089.5000 0.0938
12114.1000 0.0939
12121.2000 0.0940
12151.4000 0.0941
12156.3000 0.0942
12158.0000 0.0943
12166.5000 0.0944
12166.9000 0.0945
12188.9000 0.0946
12189.8000 0.0947
12199.3000 0.0948
12214.4000 0.0949
12217.8000 0.0950
12221.4000 0.0951
12224.8000 0.0952
12225.2000 0.0953
12244.6000 0.0954
12251.0000 0.0955
12256.9000 0.0956
12271.0000 0.0957
12274.5000 0.0958
12277.5000 0.0959
12289.0000 0.0960
12326.8000 0.0961
12333.6000 0.0963
12340.0000 0.0964
12349.1000 0.0965
12352.1000 0.0966
12352.3000 0.0967
12359.0000 0.0968
12374.7000 0.0969
12375.1000 0.0970
12379.1000 0.0971
12409.9000 0.0972
12418.4000 0.0973
12437.4000 0.0974
12438.0000 0.0975
12453.8000 0.0976
12474.0000 0.0977
12477.7000 0.0978
12512.4000 0.0979
12513.0000 0.0980
12542.8000 0.0981
12545.0000 0.0982
12561.6000 0.0983
12581.2000 0.0984
12603.6000 0.0985
12625.3000 0.0986
12633.9000 0.0988
12636.2000 0.0989
12685.0000 0.0990
12734.8000 0.0991
12765.5000 0.0992
12767.7000 0.0993
12770.4000 0.0994
12772.4000 0.0995
12795.1000 0.0996
12827.6000 0.0997
12832.7000 0.0998
12867.9000 0.0999
12900.5000 0.1000
12900.9000 0.1001
12905.4000 0.1002
12911.6000 0.1003
12918.2000 0.1004
12954.5000 0.1005
12966.5000 0.1006
12968.5000 0.1007
12995.2000 0.1008
13007.5000 0.1009
13015.9000 0.1010
13019.7000 0.1011
13031.9000 0.1013
13067.3000 0.1014
13089.4000 0.1015
13114.5000 0.1016
13127.3000 0.1017
13129.9000 0.1018
13132.8000 0.1019
13135.1000 0.1020
13135.4000 0.1021
13147.8000 0.1022
13148.4000 0.1023
13154.6000 0.1024
13162.1000 0.1025
13184.9000 0.1026
13190.9000 0.1027
13192.0000 0.1028
13202.7000 0.1029
13221.5000 0.1030
13229.6000 0.1031
13274.8000 0.1032
13307.6000 0.1033
13315.0000 0.1034
13335.5000 0.1035
13348.7000 0.1036
13365.1000 0.1038
13368.7000 0.1039
13389.1000 0.1040
13394.1000 0.1041
13395.6000 0.1042
13399.7000 0.1043
13417.2000 0.1044
13420.8000 0.1045
13429.1000 0.1046
13429.6000 0.1047
13445.1000 0.1048
13470.6000 0.1049
13492.9000 0.1050
13497.6000 0.1051
13505.1000 0.1052
13562.5000 0.1053
13567.4000 0.1054
13574.6000 0.1055
13604.3000 0.1056
13606.4000 0.1057
13610.5000 0.1058
13646.2000 0.1059
13648.8000 0.1060
13649.4000 0.1061
13660.2000 0.1063
13664.9000 0.1064
13688.7000 0.1065
13694.9000 0.1066
13709.4000 0.1067
13712.3000 0.1068
13713.0000 0.1069
13715.1000 0.1070
13732.9000 0.1071
13750.4000 0.1072
13769.7000 0.1073
13790.9000 0.1074
13812.5000 0.1075
13820.9000 0.1076
13833.9000 0.1077
13878.5000 0.1078
13879.9000 0.1079
13880.2000 0.1080
13892.2000 0.1081
13906.3000 0.1082
13915.9000 0.1083
13924.6000 0.1084
13946.7000 0.1085
14001.5000 0.1086
14004.9000 0.1088
14010.6000 0.1089
14015.5000 0.1090
14019.3000 0.1091
14035.6000 0.1092
14038.0000 0.1093
14044.6000 0.1094
14078.1000 0.1095
14079.6000 0.1096
14084.1000 0.1097
14128.1000 0.1098
14138.7000 0.1099
14172.6000 0.1100
14189.3000 0.1101
14215.5000 0.1102
14216.2000 0.1103
14248.1000 0.1104
14256.3000 0.1105
14259.7000 0.1106
14270.1000 0.1107
14287.0000 0.1108
14307.1000 0.1109
14357.7000 0.1110
14366.3000 0.1111
14389.5000 0.1113
14409.1000 0.1114
14409.9000 0.1115
14426.2000 0.1116
14437.6000 0.1117
14453.9000 0.1118
14469.7000 0.1119
14470.4000 0.1120
14471.6000 0.1121
14549.2000 0.1122
14594.0000 0.1123
14597.1000 0.1124
14599.2000 0.1125
14617.9000 0.1126
14641.5000 0.1127
14644.2000 0.1128
14683.5000 0.1129
14694.4000 0.1130
14695.9000 0.1131
14722.9000 0.1132
14725.5000 0.1133
14736.6000 0.1134
14752.8000 0.1135
14755.6000 0.1136
14768.5000 0.1138
14824.3000 0.1139
14829.6000 0.1140
14831.0000 0.1141
14833.7000 0.1142
14859.1000 0.1143
14860.1000 0.1144
14869.1000 0.1145
14892.2000 0.1146
14896.3000 0.1147
14896.8000 0.1148
14900.0000 0.1149
14906.1000 0.1150
14932.3000 0.1151
14952.3000 0.1152
14959.4000 0.1153
14962.7000 0.1154
14987.3000 0.1155
14989.2000 0.1156
15003.8000 0.1157
15033.3000 0.1158
15038.6000 0.1159
15067.0000 0.1160
15078.6000 0.1161
15080.1000 0.1163
15091.2000 0.1164
15101.7000 0.1165
15132.1000 0.1166
15134.4000 0.1167
15136.2000 0.1168
15158.2000 0.1169
15161.6000 0.1170
15170.2000 0.1171
15178.3000 0.1172
15184.5000 0.1173
15195.8000 0.1174
15206.1000 0.1175
15210.1000 0.1176
15210.9000 0.1177
15211.3000 0.1178
15221.0000 0.1179
15241.1000 0.1180
15262.9000 0.1181
15268.5000 0.1182
15303.4000 0.1183
15327.7000 0.1184
15337.6000 0.1185
15351.5000 0.1186
15368.9000 0.1188
15478.5000 0.1189
15484.5000 0.1190
15502.7000 0.1191
15508.5000 0.1192
15516.0000 0.1193
15523.9000 0.1194
15528.8000 0.1195
15545.8000 0.1196
15553.7000 0.1197
15555.1000 0.1198
15571.5000 0.1199
15590.4000 0.1200
15621.3000 0.1201
15667.0000 0.1202
15676.6000 0.1203
15704.1000 0.1204
15721.2000 0.1205
15760.0000 0.1206
15776.6000 0.1207
15782.5000 0.1208
15798.7000 0.1209
15817.5000 0.1210
15824.4000 0.1211
15827.0000 0.1213
15853.3000 0.1214
15875.0000 0.1215
15888.3000 0.1216
15895.3000 0.1217
15917.6000 0.1218
15935.8000 0.1219
15943.1000 0.1220
15950.5000 0.1221
15956.7000 0.1222
15992.7000 0.1223
15993.8000 0.1224
15999.8000 0.1225
16001.3000 0.1226
16073.1000 0.1227
16081.9000 0.1228
16092.7000 0.1229
16095.6000 0.1230
16114.1000 0.1231
16130.8000 0.1232
16132.5000 0.1233
16137.9000 0.1234
16147.9000 0.1235
16152.8000 0.1236
16166.9000 0.1238
16170.1000 0.1239
16177.9000 0.1240
16178.9000 0.1241
16182.7000 0.1242
16184.3000 0.1243
16225.2000 0.1244
16253.6000 0.1245
16260.0000 0.1246
16267.1000 0.1247
16267.7000 0.1248
16271.4000 0.1249
16364.7000 0.1250
16365.5000 0.1251
16378.7000 0.1252
16379.7000 0.1253
16385.7000 0.1254
16393.4000 0.1255
16397.7000 0.1256
16400.1000 0.1257
16417.7000 0.1258
16422.0000 0.1259
16428.4000 0.1260
16438.4000 0.1261
16448.9000 0.1263
16451.0000 0.1264
16461.9000 0.1265
16487.9000 0.1266
16488.6000 0.1267
16489.3000 0.1268
16498.4000 0.1269
16553.4000 0.1270
16571.8000 0.1271
16638.6000 0.1272
16645.0000 0.1273
16652.3000 0.1274
16665.4000 0.1275
16712.0000 0.1276
16712.6000 0.1277
16718.3000 0.1278
16751.3000 0.1279
16759.4000 0.1280
16769.0000 0.1281
16773.1000 0.1282
16773.9000 0.1283
16781.6000 0.1284
16790.6000 0.1285
16798.6000 0.1286
16798.8000 0.1288
16803.2000 0.1289
16812.8000 0.1290
16818.7000 0.1291
16850.6000 0.1292
16855.4000 0.1293
16923.2000 0.1294
16961.1000 0.1295
16966.8000 0.1296
16967.7000 0.1297
16973.4000 0.1298
16991.1000 0.1299
16991.3000 0.1300
16994.7000 0.1301
16994.9000 0.1302
17007.2000 0.1303
17023.1000 0.1304
17034.9000 0.1305
17093.2000 0.1306
17109.7000 0.1307
17113.4000 0.1308
17152.3000 0.1309
17162.0000 0.1310
17167.4000 0.1311
17172.2000 0.1313
17194.1000 0.1314
17199.4000 0.1315
17206.5000 0.1316
17239.6000 0.1317
17247.2000 0.1318
17249.4000 0.1319
17256.2000 0.1320
17260.4000 0.1321
17261.4000 0.1322
17266.6000 0.1323
17266.6000 0.1324
17273.4000 0.1325
17284.5000 0.1326
17298.1000 0.1327
17309.8000 0.1328
17339.7000 0.1329
17344.5000 0.1330
17358.3000 0.1331
17371.2000 0.1332
17374.1000 0.1333
17376.1000 0.1334
17393.9000 0.1335
17419.7000 0.1336
17446.3000 0.1338
17446.7000 0.1339
17496.6000 0.1340
17505.1000 0.1341
17505.6000 0.1342
17512.9000 0.1343
17527.7000 0.1344
17528.0000 0.1345
17528.9000 0.1346
17552.0000 0.1347
17585.6000 0.1348
17612.0000 0.1349
17613.0000 0.1350
17617.7000 0.1351
17618.7000 0.1352
17619.5000 0.1353
17625.3000 0.1354
17638.9000 0.1355
17655.5000 0.1356
17687.1000 0.1357
17687.6000 0.1358
17700.1000 0.1359
17707.0000 0.1360
17712.9000 0.1361
17721.1000 0.1363
17745.3000 0.1364
17761.0000 0.1365
17762.5000 0.1366
17777.2000 0.1367
17803.2000 0.1368
17819.3000 0.1369
17837.2000 0.1370
17841.8000 0.1371
17842.9000 0.1372
17875.5000 0.1373
17880.8000 0.1374
17885.8000 0.1375
17896.2000 0.1376
17918.2000 0.1377
17927.7000 0.1378
17951.9000 0.1379
17953.4000 0.1380
18018.1000 0.1381
18031.5000 0.1382
18045.3000 0.1383
18070.9000 0.1384
18079.2000 0.1385
18085.9000 0.1386
18095.6000 0.1388
18097.1000 0.1389
18099.8000 0.1390
18127.0000 0.1391
18150.5000 0.1392
18168.7000 0.1393
18179.5000 0.1394
18180.5000 0.1395
18209.9000 0.1396
18251.4000 0.1397
18284.8000 0.1398
18291.2000 0.1399
18297.5000 0.1400
18306.1000 0.1401
18322.3000 0.1402
18337.4000 0.1403
18341.0000 0.1404
18372.5000 0.1405
18375.0000 0.1406
18413.0000 0.1407
18413.2000 0.1408
18445.2000 0.1409
18447.6000 0.1410
18453.3000 0.1411
18454.0000 0.1413
18458.0000 0.1414
18479.7000 0.1415
18491.2000 0.1416
18502.0000 0.1417
18515.4000 0.1418
18546.2000 0.1419
18557.5000 0.1420
18569.8000 0.1421
18573.4000 0.1422
18579.8000 0.1423
18595.2000 0.1424
18600.4000 0.1425
18611.5000 0.1426
18616.2000 0.1427
18650.3000 0.1428
18660.1000 0.1429
18671.9000 0.1430
18676.8000 0.1431
18681.8000 0.1432
18711.9000 0.1433
18727.6000 0.1434
18737.7000 0.1435
18770.8000 0.1436
18805.3000 0.1437
18839.7000 0.1439
18854.2000 0.1440
18887.5000 0.1441
18902.1000 0.1442
18951.1000 0.1443
18951.3000 0.1444
18995.0000 0.1445
18999.7000 0.1446
19006.4000 0.1447
19007.9000 0.1448
19014.6000 0.1449
19022.7000 0.1450
19038.8000 0.1451
19046.8000 0.1452
19054.6000 0.1453
19057.6000 0.1454
19077.6000 0.1455
19081.1000 0.1456
19119.3000 0.1457
19129.1000 0.1458
19135.0000 0.1459
19173.6000 0.1460
19173.8000 0.1461
19179.8000 0.1462
19207.9000 0.1464
19237.7000 0.1465
19248.8000 0.1466
19285.3000 0.1467
19289.0000 0.1468
19307.3000 0.1469
19381.8000 0.1470
19402.8000 0.1471
19404.8000 0.1472
19409.0000 0.1473
19409.7000 0.1474
19412.7000 0.1475
19441.6000 0.1476
19448.2000 0.1477
19449.5000 0.1478
19450.8000 0.1479
19455.5000 0.1480
19465.1000 0.1481
19466.7000 0.1482
19484.2000 0.1483
19484.5000 0.1484
19487.7000 0.1485
19493.4000 0.1486
19502.2000 0.1487
19510.2000 0.1489
19521.5000 0.1490
19522.8000 0.1491
19527.7000 0.1492
19532.8000 0.1493
19546.9000 0.1494
19551.3000 0.1495
19573.2000 0.1496
19575.8000 0.1497
19591.0000 0.1498
19598.4000 0.1499
19628.2000 0.1500
19641.9000 0.1501
19655.3000 0.1502
19664.6000 0.1503
19669.8000 0.1504
19679.9000 0.1505
19682.8000 0.1506
19714.1000 0.1507
19722.8000 0.1508
19731.7000 0.1509
19731.7000 0.1510
19735.1000 0.1511
19737.0000 0.1512
19739.3000 0.1514
19775.1000 0.1515
19787.9000 0.1516
19805.3000 0.1517
19808.3000 0.1518
19811.3000 0.1519
19829.1000 0.1520
19834.1000 0.1521
19849.5000 0.1522
19877.8000 0.1523
19889.1000 0.1524
19899.4000 0.1525
19905.8000 0.1526
19915.0000 0.1527
19920.9000 0.1528
19930.0000 0.1529
19935.3000 0.1530
19939.1000 0.1531
19941.4000 0.1532
19951.9000 0.1533
19957.5000 0.1534
19987.9000 0.1535
20017.9000 0.1536
20021.5000 0.1537
20041.4000 0.1539
20075.4000 0.1540
20084.9000 0.1541
20094.1000 0.1542
20109.5000 0.1543
20117.9000 0.1544
20130.3000 0.1545
20133.3000 0.1546
20143.1000 0.1547
20154.7000 0.1548
20159.7000 0.1549
20183.5000 0.1550
20245.5000 0.1551
20246.6000 0.1552
20273.9000 0.1553
20304.3000 0.1554
20372.0000 0.1555
20372.1000 0.1556
20392.3000 0.1557
20414.2000 0.1558
20443.9000 0.1559
20454.8000 0.1560
20458.3000 0.1561
20464.7000 0.1562
20502.2000 0.1564
20528.4000 0.1565
20564.8000 0.1566
20596.4000 0.1567
20604.9000 0.1568
20616.4000 0.1569
20653.3000 0.1570
20654.9000 0.1571
20662.0000 0.1572
20668.3000 0.1573
20688.8000 0.1574
20694.0000 0.1575
20708.6000 0.1576
20710.8000 0.1577
20712.0000 0.1578
20817.4000 0.1579
20819.6000 0.1580
20825.1000 0.1581
20873.7000 0.1582
20880.0000 0.1583
20891.4000 0.1584
20909.6000 0.1585
20950.8000 0.1586
20992.8000 0.1587
21002.2000 0.1589
21011.1000 0.1590
21038.0000 0.1591
21039.6000 0.1592
21041.3000 0.1593
21043.5000 0.1594
21085.1000 0.1595
21086.4000 0.1596
21087.8000 0.1597
21100.7000 0.1598
21119.5000 0.1599
21186.4000 0.1600
21198.6000 0.1601
21219.7000 0.1602
21219.8000 0.1603
21249.7000 0.1604
21271.2000 0.1605
21301.9000 0.1606
21308.8000 0.1607
21331.9000 0.1608
21342.9000 0.1609
21346.1000 0.1610
21353.0000 0.1611
21371.7000 0.1612
21378.0000 0.1614
21395.4000 0.1615
21433.0000 0.1616
21443.0000 0.1617
21454.0000 0.1618
21463.7000 0.1619
21476.9000 0.1620
21493.3000 0.1621
21512.1000 0.1622
21519.0000 0.1623
21571.9000 0.1624
21574.4000 0.1625
21582.9000 0.1626
21584.3000 0.1627
21596.6000 0.1628
21633.1000 0.1629
21652.2000 0.1630
21669.8000 0.1631
21684.9000 0.1632
21699.9000 0.1633
21734.2000 0.1634
21738.1000 0.1635
21760.8000 0.1636
21783.9000 0.1637
21794.1000 0.1639
21844.8000 0.1640
21853.8000 0.1641
21865.1000 0.1642
21918.5000 0.1643
21926.1000 0.1644
21958.4000 0.1645
22014.6000 0.1646
22017.1000 0.1647
22030.4000 0.1648
22057.1000 0.1649
22066.0000 0.1650
22069.2000 0.1651
22071.6000 0.1652
22073.8000 0.1653
22080.0000 0.1654
22080.5000 0.1655
22110.6000 0.1656
22134.0000 0.1657
22164.6000 0.1658
22170.7000 0.1659
22193.2000 0.1660
22207.4000 0.1661
22222.7000 0.1662
22237.3000 0.1664
22249.3000 0.1665
22268.9000 0.1666
22274.6000 0.1667
22287.2000 0.1668
22346.6000 0.1669
22357.7000 0.1670
22360.9000 0.1671
22395.6000 0.1672
22411.2000 0.1673
22428.9000 0.1674
22457.7000 0.1675
22483.8000 0.1676
22523.1000 0.1677
22547.8000 0.1678
22553.0000 0.1679
22566.3000 0.1680
22566.6000 0.1681
22585.5000 0.1682
22588.1000 0.1683
22597.0000 0.1684
22663.7000 0.1685
22666.9000 0.1686
22690.0000 0.1687
22692.3000 0.1689
22706.5000 0.1690
22707.6000 0.1691
22725.9000 0.1692
22746.7000 0.1693
22750.8000 0.1694
22763.1000 0.1695
22786.7000 0.1696
22802.5000 0.1697
22814.1000 0.1698
22833.4000 0.1699
22845.4000 0.1700
22869.8000 0.1701
22882.7000 0.1702
22904.9000 0.1703
22921.3000 0.1704
22921.6000 0.1705
22962.4000 0.1706
22963.0000 0.1707
22975.9000 0.1708
22977.5000 0.1709
22978.0000 0.1710
22983.2000 0.1711
23003.3000 0.1712
23014.0000 0.1714
23017.6000 0.1715
23021.8000 0.1716
23047.6000 0.1717
23073.1000 0.1718
23130.0000 0.1719
23166.6000 0.1720
23173.9000 0.1721
23229.0000 0.1722
23231.3000 0.1723
23257.3000 0.1724
23280.7000 0.1725
23286.3000 0.1726
23291.6000 0.1727
23298.7000 0.1728
23320.9000 0.1729
23332.7000 0.1730
23338.0000 0.1731
23338.6000 0.1732
23344.5000 0.1733
23377.3000 0.1734
23429.1000 0.1735
23450.9000 0.1736
23458.5000 0.1737
23464.0000 0.1739
23464.1000 0.1740
23491.6000 0.1741
23516.9000 0.1742
23543.1000 0.1743
23617.3000 0.1744
23621.0000 0.1745
23635.7000 0.1746
23640.0000 0.1747
23643.3000 0.1748
23740.2000 0.1749
23761.7000 0.1750
23794.1000 0.1751
23799.4000 0.1752
23800.9000 0.1753
23814.9000 0.1754
23846.8000 0.1755
23973.2000 0.1756
23997.7000 0.1757
24055.3000 0.1758
24076.3000 0.1759
24117.9000 0.1760
24142.0000 0.1761
24152.8000 0.1762
24168.9000 0.1764
24249.7000 0.1765
24279.1000 0.1766
24309.7000 0.1767
24321.6000 0.1768
24340.8000 0.1769
24371.6000 0.1770
24383.1000 0.1771
24446.5000 0.1772
24531.5000 0.1773
24551.4000 0.1774
24563.2000 0.1775
24580.1000 0.1776
24746.0000 0.1777
24795.8000 0.1778
24815.6000 0.1779
24839.1000 0.1780
24895.0000 0.1781
24970.5000 0.1782
24978.7000 0.1783
25030.3000 0.1784
25148.9000 0.1785
25188.4000 0.1786
25208.4000 0.1787
25211.0000 0.1789
25348.9000 0.1790
25352.0000 0.1791
25379.1000 0.1792
25393.9000 0.1793
25404.9000 0.1794
25426.3000 0.1795
25436.3000 0.1796
25474.1000 0.1797
25578.1000 0.1798
25605.9000 0.1799
25625.5000 0.1800
25645.7000 0.1801
25718.2000 0.1802
25840.3000 0.1803
25857.3000 0.1804
25867.8000 0.1805
26003.5000 0.1806
26079.3000 0.1807
26087.6000 0.1808
26211.5000 0.1809
26335.5000 0.1810
26341.8000 0.1811
26486.9000 0.1812
26491.0000 0.1814
26501.0000 0.1815
26578.5000 0.1816
26612.4000 0.1817
26623.7000 0.1818
26671.5000 0.1819
26689.7000 0.1820
26690.1000 0.1821
26741.1000 0.1822
26814.9000 0.1823
26903.8000 0.1824
26976.3000 0.1825
27030.0000 0.1826
27069.8000 0.1827
27089.8000 0.1828
27109.5000 0.1829
27211.1000 0.1830
27247.6000 0.1831
27305.3000 0.1832
27508.6000 0.1833
27600.3000 0.1834
27790.7000 0.1835
27880.7000 0.1836
27912.7000 0.1837
28110.9000 0.1839
28123.1000 0.1840
28377.0000 0.1841
