# messageDelay  cumulativeProbability
1.0000 0.0002
1.0000 0.0003
1.0000 0.0005
1.0000 0.0007
1.0000 0.0009
1.0000 0.0010
1.0000 0.0012
1.0000 0.0014
1.0000 0.0016
1.0000 0.0017
1.0000 0.0019
1.0000 0.0021
1.0000 0.0023
1.0000 0.0024
1.0000 0.0026
1.0000 0.0028
1.0000 0.0030
1.0000 0.0031
1.0000 0.0033
1.0000 0.0035
1.0000 0.0036
1.0000 0.0038
1.0000 0.0040
1.0000 0.0042
1.1000 0.0043
1.3000 0.0045
1.3000 0.0047
1.9000 0.0049
2.1000 0.0050
2.6000 0.0052
4.0000 0.0054
9.9000 0.0056
16.9000 0.0057
21.5000 0.0059
28.2000 0.0061
57.8000 0.0063
68.1000 0.0064
84.4000 0.0066
100.3000 0.0068
100.6000 0.0069
118.7000 0.0071
123.5000 0.0073
127.1000 0.0075
133.2000 0.0076
140.7000 0.0078
156.0000 0.0080
156.7000 0.0082
158.4000 0.0083
164.4000 0.0085
168.0000 0.0087
173.3000 0.0089
174.6000 0.0090
180.5000 0.0092
181.2000 0.0094
182.4000 0.0095
197.4000 0.0097
197.8000 0.0099
201.8000 0.0101
202.3000 0.0102
206.8000 0.0104
207.6000 0.0106
210.4000 0.0108
212.8000 0.0109
213.3000 0.0111
216.6000 0.0113
233.2000 0.0115
238.3000 0.0116
240.2000 0.0118
242.0000 0.0120
245.1000 0.0122
245.9000 0.0123
246.3000 0.0125
250.9000 0.0127
255.1000 0.0128
255.1000 0.0130
258.9000 0.0132
260.7000 0.0134
262.3000 0.0135
263.2000 0.0137
266.3000 0.0139
267.6000 0.0141
267.9000 0.0142
269.4000 0.0144
277.8000 0.0146
284.2000 0.0148
286.2000 0.0149
286.2000 0.0151
292.8000 0.0153
296.8000 0.0155
297.8000 0.0156
299.2000 0.0158
304.1000 0.0160
318.2000 0.0161
328.1000 0.0163
333.6000 0.0165
335.7000 0.0167
336.7000 0.0168
339.7000 0.0170
345.0000 0.0172
345.6000 0.0174
347.7000 0.0175
349.4000 0.0177
354.4000 0.0179
354.8000 0.0181
354.8000 0.0182
356.4000 0.0184
358.1000 0.0186
359.1000 0.0187
359.7000 0.0189
361.0000 0.0191
369.6000 0.0193
370.1000 0.0194
370.8000 0.0196
379.8000 0.0198
380.0000 0.0200
386.3000 0.0201
386.4000 0.0203
387.4000 0.0205
392.4000 0.0207
398.3000 0.0208
403.5000 0.0210
405.2000 0.0212
405.5000 0.0214
408.7000 0.0215
410.9000 0.0217
411.8000 0.0219
413.0000 0.0220
416.4000 0.0222
418.7000 0.0224
425.1000 0.0226
435.8000 0.0227
437.2000 0.0229
438.9000 0.0231
440.5000 0.0233
442.1000 0.0234
442.7000 0.0236
452.2000 0.0238
452.7000 0.0240
453.0000 0.0241
455.0000 0.0243
455.0000 0.0245
457.2000 0.0247
460.7000 0.0248
466.4000 0.0250
472.9000 0.0252
473.6000 0.0253
475.9000 0.0255
480.5000 0.0257
481.3000 0.0259
483.5000 0.0260
484.6000 0.0262
485.9000 0.0264
487.7000 0.0266
493.5000 0.0267
496.9000 0.0269
501.9000 0.0271
502.5000 0.0273
507.0000 0.0274
507.1000 0.0276
509.8000 0.0278
513.1000 0.0280
514.3000 0.0281
514.9000 0.0283
516.7000 0.0285
517.0000 0.0286
518.6000 0.0288
524.6000 0.0290
527.6000 0.0292
527.9000 0.0293
530.7000 0.0295
535.1000 0.0297
537.7000 0.0299
540.4000 0.0300
548.3000 0.0302
549.5000 0.0304
552.3000 0.0306
555.0000 0.0307
555.4000 0.0309
559.6000 0.0311
562.2000 0.0312
562.3000 0.0314
562.7000 0.0316
566.5000 0.0318
568.1000 0.0319
570.0000 0.0321
570.7000 0.0323
572.4000 0.0325
572.9000 0.0326
573.3000 0.0328
574.8000 0.0330
576.2000 0.0332
578.2000 0.0333
581.2000 0.0335
587.2000 0.0337
587.6000 0.0339
590.1000 0.0340
591.6000 0.0342
592.0000 0.0344
592.8000 0.0345
594.9000 0.0347
595.6000 0.0349
598.2000 0.0351
598.6000 0.0352
599.1000 0.0354
599.7000 0.0356
599.9000 0.0358
605.9000 0.0359
608.2000 0.0361
610.7000 0.0363
611.9000 0.0365
612.1000 0.0366
613.4000 0.0368
617.8000 0.0370
618.2000 0.0372
618.2000 0.0373
620.1000 0.0375
621.6000 0.0377
623.3000 0.0378
624.1000 0.0380
629.1000 0.0382
630.0000 0.0384
633.4000 0.0385
636.2000 0.0387
638.0000 0.0389
638.9000 0.0391
639.4000 0.0392
640.4000 0.0394
642.5000 0.0396
647.3000 0.0398
651.1000 0.0399
657.5000 0.0401
661.0000 0.0403
668.1000 0.0405
668.5000 0.0406
668.9000 0.0408
670.1000 0.0410
671.8000 0.0411
675.3000 0.0413
675.4000 0.0415
675.6000 0.0417
675.7000 0.0418
678.3000 0.0420
678.7000 0.0422
678.9000 0.0424
679.6000 0.0425
683.4000 0.0427
683.4000 0.0429
683.6000 0.0431
685.6000 0.0432
685.8000 0.0434
685.9000 0.0436
686.0000 0.0437
689.5000 0.0439
690.1000 0.0441
690.7000 0.0443
691.8000 0.0444
693.1000 0.0446
693.5000 0.0448
694.9000 0.0450
696.4000 0.0451
697.2000 0.0453
699.4000 0.0455
700.2000 0.0457
705.2000 0.0458
705.5000 0.0460
706.4000 0.0462
708.3000 0.0464
716.8000 0.0465
717.1000 0.0467
718.3000 0.0469
721.7000 0.0470
721.8000 0.0472
722.5000 0.0474
723.3000 0.0476
725.8000 0.0477
726.4000 0.0479
731.6000 0.0481
734.0000 0.0483
734.6000 0.0484
735.4000 0.0486
737.0000 0.0488
741.0000 0.0490
743.0000 0.0491
745.5000 0.0493
746.0000 0.0495
747.3000 0.0497
749.5000 0.0498
749.9000 0.0500
750.7000 0.0502
750.9000 0.0503
751.2000 0.0505
751.2000 0.0507
752.1000 0.0509
752.2000 0.0510
756.3000 0.0512
758.5000 0.0514
760.1000 0.0516
762.0000 0.0517
763.0000 0.0519
763.7000 0.0521
764.8000 0.0523
767.4000 0.0524
767.6000 0.0526
767.7000 0.0528
768.2000 0.0530
768.5000 0.0531
770.6000 0.0533
772.2000 0.0535
772.3000 0.0536
772.9000 0.0538
773.0000 0.0540
774.3000 0.0542
774.3000 0.0543
774.5000 0.0545
776.3000 0.0547
778.6000 0.0549
778.9000 0.0550
779.0000 0.0552
782.9000 0.0554
783.5000 0.0556
785.0000 0.0557
789.7000 0.0559
789.9000 0.0561
792.6000 0.0562
792.7000 0.0564
793.5000 0.0566
793.7000 0.0568
795.9000 0.0569
796.8000 0.0571
802.3000 0.0573
807.5000 0.0575
807.6000 0.0576
808.6000 0.0578
811.8000 0.0580
813.8000 0.0582
814.1000 0.0583
817.7000 0.0585
818.1000 0.0587
819.2000 0.0589
820.2000 0.0590
820.7000 0.0592
820.9000 0.0594
821.6000 0.0595
821.9000 0.0597
822.4000 0.0599
830.4000 0.0601
832.2000 0.0602
832.7000 0.0604
834.3000 0.0606
835.4000 0.0608
836.7000 0.0609
837.9000 0.0611
839.8000 0.0613
840.0000 0.0615
842.3000 0.0616
843.9000 0.0618
845.1000 0.0620
847.4000 0.0622
849.3000 0.0623
849.6000 0.0625
850.3000 0.0627
850.6000 0.0628
850.9000 0.0630
851.2000 0.0632
852.1000 0.0634
853.0000 0.0635
853.4000 0.0637
854.4000 0.0639
855.0000 0.0641
855.6000 0.0642
856.7000 0.0644
856.8000 0.0646
858.9000 0.0648
860.0000 0.0649
860.5000 0.0651
861.7000 0.0653
866.4000 0.0655
870.5000 0.0656
871.5000 0.0658
871.7000 0.0660
873.4000 0.0661
874.2000 0.0663
874.2000 0.0665
880.8000 0.0667
882.6000 0.0668
885.2000 0.0670
888.3000 0.0672
893.9000 0.0674
894.0000 0.0675
895.1000 0.0677
896.4000 0.0679
897.6000 0.0681
897.9000 0.0682
898.4000 0.0684
898.4000 0.0686
899.8000 0.0687
900.6000 0.0689
902.1000 0.0691
902.4000 0.0693
902.4000 0.0694
903.8000 0.0696
908.2000 0.0698
910.1000 0.0700
910.7000 0.0701
912.9000 0.0703
919.2000 0.0705
919.7000 0.0707
921.2000 0.0708
923.1000 0.0710
925.5000 0.0712
932.2000 0.0714
934.6000 0.0715
937.4000 0.0717
937.5000 0.0719
937.7000 0.0720
941.1000 0.0722
941.9000 0.0724
942.7000 0.0726
943.9000 0.0727
947.5000 0.0729
948.7000 0.0731
949.5000 0.0733
950.0000 0.0734
956.1000 0.0736
957.1000 0.0738
957.4000 0.0740
959.1000 0.0741
961.7000 0.0743
962.5000 0.0745
962.9000 0.0747
963.1000 0.0748
963.6000 0.0750
964.6000 0.0752
967.6000 0.0753
970.4000 0.0755
971.0000 0.0757
973.1000 0.0759
978.7000 0.0760
979.4000 0.0762
979.5000 0.0764
982.2000 0.0766
982.2000 0.0767
985.0000 0.0769
986.1000 0.0771
990.1000 0.0773
991.6000 0.0774
994.9000 0.0776
997.7000 0.0778
1000.4000 0.0780
1001.9000 0.0781
1002.0000 0.0783
1002.3000 0.0785
1003.0000 0.0786
1003.0000 0.0788
1003.2000 0.0790
1005.6000 0.0792
1007.1000 0.0793
1007.6000 0.0795
1007.7000 0.0797
1009.7000 0.0799
1011.2000 0.0800
1011.9000 0.0802
1012.9000 0.0804
1013.1000 0.0806
1014.6000 0.0807
1015.9000 0.0809
1016.5000 0.0811
1021.1000 0.0812
1023.6000 0.0814
1025.0000 0.0816
1026.4000 0.0818
1027.7000 0.0819
1029.5000 0.0821
1030.9000 0.0823
1035.0000 0.0825
1037.2000 0.0826
1037.8000 0.0828
1038.1000 0.0830
1039.3000 0.0832
1039.4000 0.0833
1039.7000 0.0835
1040.4000 0.0837
1041.3000 0.0839
1041.5000 0.0840
1046.9000 0.0842
1047.1000 0.0844
1047.6000 0.0845
1049.9000 0.0847
1052.3000 0.0849
1057.5000 0.0851
1060.9000 0.0852
1061.0000 0.0854
1065.2000 0.0856
1070.4000 0.0858
1072.2000 0.0859
1073.8000 0.0861
1073.9000 0.0863
1076.6000 0.0865
1077.8000 0.0866
1081.3000 0.0868
1082.3000 0.0870
1084.9000 0.0872
1086.1000 0.0873
1086.6000 0.0875
1086.7000 0.0877
1088.3000 0.0878
1094.5000 0.0880
1095.8000 0.0882
1097.5000 0.0884
1097.7000 0.0885
1105.1000 0.0887
1106.9000 0.0889
1107.1000 0.0891
1108.9000 0.0892
1110.3000 0.0894
1110.9000 0.0896
1111.1000 0.0898
1111.9000 0.0899
1115.3000 0.0901
1119.2000 0.0903
1120.5000 0.0905
1121.5000 0.0906
1122.2000 0.0908
1122.8000 0.0910
1124.1000 0.0911
1124.1000 0.0913
1126.9000 0.0915
1132.6000 0.0917
1134.4000 0.0918
1135.3000 0.0920
1136.1000 0.0922
1136.2000 0.0924
1136.3000 0.0925
1137.9000 0.0927
1138.8000 0.0929
1140.8000 0.0931
1144.9000 0.0932
1146.4000 0.0934
1149.7000 0.0936
1151.1000 0.0937
1152.6000 0.0939
1154.5000 0.0941
1156.9000 0.0943
1161.7000 0.0944
1162.5000 0.0946
1164.8000 0.0948
1166.1000 0.0950
1166.2000 0.0951
1167.4000 0.0953
1171.1000 0.0955
1172.3000 0.0957
1172.9000 0.0958
1173.8000 0.0960
1177.5000 0.0962
1178.3000 0.0964
1179.9000 0.0965
1183.1000 0.0967
1185.2000 0.0969
1188.3000 0.0970
1189.3000 0.0972
1190.2000 0.0974
1190.7000 0.0976
1191.7000 0.0977
1192.2000 0.0979
1193.4000 0.0981
1194.6000 0.0983
1199.1000 0.0984
1199.5000 0.0986
1199.6000 0.0988
1200.1000 0.0990
1201.1000 0.0991
1202.0000 0.0993
1202.1000 0.0995
1204.4000 0.0997
1206.5000 0.0998
1207.9000 0.1000
1208.0000 0.1002
1208.9000 0.1003
1209.9000 0.1005
1213.3000 0.1007
1213.4000 0.1009
1214.1000 0.1010
1216.7000 0.1012
1216.8000 0.1014
1221.3000 0.1016
1221.4000 0.1017
1223.5000 0.1019
1223.8000 0.1021
1224.6000 0.1023
1224.9000 0.1024
1226.2000 0.1026
1228.3000 0.1028
1230.4000 0.1030
1230.6000 0.1031
1233.0000 0.1033
1233.5000 0.1035
1236.3000 0.1036
1236.5000 0.1038
1237.3000 0.1040
1238.1000 0.1042
1238.5000 0.1043
1238.5000 0.1045
1241.1000 0.1047
1242.2000 0.1049
1242.9000 0.1050
1248.0000 0.1052
1248.8000 0.1054
1251.8000 0.1056
1252.3000 0.1057
1253.7000 0.1059
1260.4000 0.1061
1260.5000 0.1062
1262.4000 0.1064
1263.2000 0.1066
1263.8000 0.1068
1264.0000 0.1069
1264.2000 0.1071
1264.6000 0.1073
1266.2000 0.1075
1267.6000 0.1076
1268.0000 0.1078
1268.5000 0.1080
1268.6000 0.1082
1270.7000 0.1083
1274.6000 0.1085
1275.0000 0.1087
1275.5000 0.1089
1276.1000 0.1090
1277.8000 0.1092
1278.0000 0.1094
1279.0000 0.1095
1279.5000 0.1097
1279.5000 0.1099
1280.9000 0.1101
1280.9000 0.1102
1281.6000 0.1104
1282.7000 0.1106
1283.4000 0.1108
1284.4000 0.1109
1285.1000 0.1111
1288.3000 0.1113
1288.8000 0.1115
1288.9000 0.1116
1289.3000 0.1118
1289.6000 0.1120
1290.4000 0.1122
1292.4000 0.1123
1295.0000 0.1125
1295.1000 0.1127
1295.5000 0.1128
1295.8000 0.1130
1296.9000 0.1132
1299.0000 0.1134
1299.9000 0.1135
1300.6000 0.1137
1301.4000 0.1139
1302.3000 0.1141
1304.1000 0.1142
1306.8000 0.1144
1307.0000 0.1146
1307.1000 0.1148
1310.3000 0.1149
1310.3000 0.1151
1314.1000 0.1153
1317.1000 0.1155
1317.6000 0.1156
1317.8000 0.1158
1319.2000 0.1160
1319.9000 0.1161
1320.3000 0.1163
1321.0000 0.1165
1325.3000 0.1167
1325.3000 0.1168
1325.7000 0.1170
1327.3000 0.1172
1332.4000 0.1174
1332.5000 0.1175
1339.0000 0.1177
1339.2000 0.1179
1342.0000 0.1181
1344.6000 0.1182
1347.0000 0.1184
1347.6000 0.1186
1348.3000 0.1187
1353.1000 0.1189
1355.3000 0.1191
1355.4000 0.1193
1359.0000 0.1194
1360.8000 0.1196
1361.4000 0.1198
1363.6000 0.1200
1363.6000 0.1201
1363.9000 0.1203
1364.0000 0.1205
1364.9000 0.1207
1367.8000 0.1208
1368.8000 0.1210
1369.0000 0.1212
1369.4000 0.1214
1369.5000 0.1215
1371.2000 0.1217
1373.5000 0.1219
1375.7000 0.1220
1378.3000 0.1222
1379.0000 0.1224
1380.6000 0.1226
1382.3000 0.1227
1382.5000 0.1229
1397.4000 0.1231
1397.6000 0.1233
1401.5000 0.1234
1401.5000 0.1236
1403.5000 0.1238
1403.8000 0.1240
1405.0000 0.1241
1406.5000 0.1243
1407.0000 0.1245
1407.5000 0.1247
1411.0000 0.1248
1413.9000 0.1250
1414.5000 0.1252
1415.8000 0.1253
1420.8000 0.1255
1421.8000 0.1257
1424.0000 0.1259
1424.4000 0.1260
1425.2000 0.1262
1427.4000 0.1264
1431.2000 0.1266
1431.3000 0.1267
1437.1000 0.1269
1438.2000 0.1271
1440.5000 0.1273
1440.8000 0.1274
1441.5000 0.1276
1442.1000 0.1278
1443.2000 0.1280
1443.3000 0.1281
1443.7000 0.1283
1445.7000 0.1285
1446.1000 0.1286
1448.2000 0.1288
1449.8000 0.1290
1450.6000 0.1292
1451.9000 0.1293
1452.7000 0.1295
1452.8000 0.1297
1458.3000 0.1299
1458.6000 0.1300
1462.3000 0.1302
1463.9000 0.1304
1465.1000 0.1306
1466.2000 0.1307
1467.3000 0.1309
1471.3000 0.1311
1472.9000 0.1312
1473.1000 0.1314
1473.9000 0.1316
1473.9000 0.1318
1477.0000 0.1319
1482.8000 0.1321
1482.8000 0.1323
1483.0000 0.1325
1483.1000 0.1326
1483.6000 0.1328
1484.3000 0.1330
1487.3000 0.1332
1487.6000 0.1333
1489.1000 0.1335
1489.9000 0.1337
1492.9000 0.1339
1493.6000 0.1340
1494.0000 0.1342
1495.9000 0.1344
1496.0000 0.1345
1499.2000 0.1347
1500.6000 0.1349
1501.8000 0.1351
1502.8000 0.1352
1503.2000 0.1354
1506.9000 0.1356
1507.5000 0.1358
1510.2000 0.1359
1514.8000 0.1361
1516.7000 0.1363
1517.6000 0.1365
1520.4000 0.1366
1522.5000 0.1368
1525.8000 0.1370
1526.9000 0.1372
1528.9000 0.1373
1531.7000 0.1375
1532.0000 0.1377
1532.1000 0.1378
1532.3000 0.1380
1532.9000 0.1382
1533.4000 0.1384
1533.8000 0.1385
1537.9000 0.1387
1538.4000 0.1389
1540.3000 0.1391
1540.5000 0.1392
1542.3000 0.1394
1542.5000 0.1396
1548.7000 0.1398
1549.1000 0.1399
1549.9000 0.1401
1549.9000 0.1403
1552.4000 0.1405
1554.1000 0.1406
1558.8000 0.1408
1560.9000 0.1410
1562.4000 0.1411
1563.8000 0.1413
1567.3000 0.1415
1570.6000 0.1417
1571.3000 0.1418
1571.8000 0.1420
1574.8000 0.1422
1575.8000 0.1424
1576.5000 0.1425
1576.8000 0.1427
1577.2000 0.1429
1578.0000 0.1431
1578.3000 0.1432
1582.2000 0.1434
1583.2000 0.1436
1583.3000 0.1437
1583.6000 0.1439
1583.6000 0.1441
1583.8000 0.1443
1584.1000 0.1444
1584.1000 0.1446
1585.0000 0.1448
1586.1000 0.1450
1587.6000 0.1451
1588.6000 0.1453
1590.2000 0.1455
1591.6000 0.1457
1592.8000 0.1458
1593.0000 0.1460
1593.4000 0.1462
1594.1000 0.1464
1597.8000 0.1465
1599.2000 0.1467
1599.6000 0.1469
1600.3000 0.1470
1603.0000 0.1472
1606.0000 0.1474
1606.5000 0.1476
1607.4000 0.1477
1612.6000 0.1479
1614.3000 0.1481
1618.8000 0.1483
1619.4000 0.1484
1621.6000 0.1486
1623.1000 0.1488
1627.0000 0.1490
1629.1000 0.1491
1629.3000 0.1493
1632.2000 0.1495
1635.5000 0.1497
1635.9000 0.1498
1636.0000 0.1500
1637.5000 0.1502
1639.2000 0.1503
1640.2000 0.1505
1643.4000 0.1507
1644.9000 0.1509
1647.6000 0.1510
1649.7000 0.1512
1650.2000 0.1514
1650.8000 0.1516
1651.6000 0.1517
1653.3000 0.1519
1655.7000 0.1521
1657.6000 0.1523
1657.6000 0.1524
1658.8000 0.1526
1660.7000 0.1528
1663.5000 0.1530
1664.3000 0.1531
1665.3000 0.1533
1672.1000 0.1535
1672.4000 0.1536
1677.3000 0.1538
1677.5000 0.1540
1679.6000 0.1542
1679.8000 0.1543
1680.1000 0.1545
1680.3000 0.1547
1680.8000 0.1549
1684.1000 0.1550
1687.8000 0.1552
1688.9000 0.1554
1689.5000 0.1556
1693.3000 0.1557
1695.0000 0.1559
1698.7000 0.1561
1700.2000 0.1562
1701.4000 0.1564
1703.0000 0.1566
1703.9000 0.1568
1705.0000 0.1569
1705.8000 0.1571
1707.7000 0.1573
1708.8000 0.1575
1710.0000 0.1576
1712.0000 0.1578
1712.5000 0.1580
1714.0000 0.1582
1714.2000 0.1583
1715.4000 0.1585
1718.5000 0.1587
1718.7000 0.1589
1723.4000 0.1590
1724.0000 0.1592
1724.7000 0.1594
1725.9000 0.1595
1726.3000 0.1597
1727.7000 0.1599
1729.4000 0.1601
1732.3000 0.1602
1735.3000 0.1604
1738.4000 0.1606
1740.4000 0.1608
1741.5000 0.1609
1742.0000 0.1611
1745.1000 0.1613
1746.0000 0.1615
1746.9000 0.1616
1750.4000 0.1618
1758.0000 0.1620
1758.5000 0.1622
1758.6000 0.1623
1759.1000 0.1625
1759.2000 0.1627
1759.5000 0.1628
1759.7000 0.1630
1760.3000 0.1632
1761.6000 0.1634
1762.3000 0.1635
1762.9000 0.1637
1763.9000 0.1639
1767.0000 0.1641
1768.6000 0.1642
1769.0000 0.1644
1771.1000 0.1646
1774.3000 0.1648
1774.5000 0.1649
1782.5000 0.1651
1784.7000 0.1653
1789.8000 0.1655
1790.3000 0.1656
1793.6000 0.1658
1795.3000 0.1660
1795.3000 0.1661
1796.0000 0.1663
1796.3000 0.1665
1797.2000 0.1667
1797.2000 0.1668
1798.9000 0.1670
1800.3000 0.1672
1804.7000 0.1674
1805.2000 0.1675
1805.3000 0.1677
1805.7000 0.1679
1808.2000 0.1681
1808.7000 0.1682
1808.9000 0.1684
1811.5000 0.1686
1812.1000 0.1687
1813.3000 0.1689
1813.7000 0.1691
1819.1000 0.1693
1823.0000 0.1694
1823.1000 0.1696
1823.9000 0.1698
1826.8000 0.1700
1828.7000 0.1701
1829.1000 0.1703
1829.8000 0.1705
1831.5000 0.1707
1832.0000 0.1708
1832.9000 0.1710
1833.1000 0.1712
1835.8000 0.1714
1839.8000 0.1715
1840.4000 0.1717
1841.5000 0.1719
1841.8000 0.1720
1841.8000 0.1722
1842.8000 0.1724
1847.1000 0.1726
1847.4000 0.1727
1849.8000 0.1729
1852.3000 0.1731
1852.4000 0.1733
1855.8000 0.1734
1857.2000 0.1736
1857.6000 0.1738
1860.7000 0.1740
1861.8000 0.1741
1862.0000 0.1743
1864.5000 0.1745
1865.1000 0.1747
1866.5000 0.1748
1868.6000 0.1750
1868.9000 0.1752
1869.9000 0.1753
1870.5000 0.1755
1870.6000 0.1757
1870.6000 0.1759
1876.6000 0.1760
1876.8000 0.1762
1878.4000 0.1764
1883.1000 0.1766
1884.6000 0.1767
1886.4000 0.1769
1887.0000 0.1771
1887.5000 0.1773
1889.2000 0.1774
1890.8000 0.1776
1893.1000 0.1778
1893.3000 0.1780
1894.8000 0.1781
1897.1000 0.1783
1897.8000 0.1785
1898.0000 0.1786
1898.4000 0.1788
1898.8000 0.1790
1898.8000 0.1792
1899.3000 0.1793
1900.5000 0.1795
1901.5000 0.1797
1901.9000 0.1799
1904.7000 0.1800
1910.2000 0.1802
1913.7000 0.1804
1918.7000 0.1806
1919.9000 0.1807
1921.0000 0.1809
1921.3000 0.1811
1922.7000 0.1812
1923.3000 0.1814
1923.4000 0.1816
1925.8000 0.1818
1927.8000 0.1819
1929.3000 0.1821
1930.9000 0.1823
1933.3000 0.1825
1935.4000 0.1826
1935.8000 0.1828
1939.3000 0.1830
1941.5000 0.1832
1943.3000 0.1833
1943.8000 0.1835
1945.5000 0.1837
1946.4000 0.1839
1957.3000 0.1840
1960.4000 0.1842
1960.6000 0.1844
1961.7000 0.1845
1963.9000 0.1847
1966.2000 0.1849
1967.8000 0.1851
1972.3000 0.1852
1976.8000 0.1854
1977.2000 0.1856
1984.4000 0.1858
1988.0000 0.1859
1990.1000 0.1861
1991.9000 0.1863
1992.1000 0.1865
1993.6000 0.1866
1993.9000 0.1868
1995.5000 0.1870
1996.6000 0.1872
1996.9000 0.1873
1998.6000 0.1875
2000.4000 0.1877
2001.9000 0.1878
2004.9000 0.1880
2006.0000 0.1882
2008.1000 0.1884
2018.8000 0.1885
2021.8000 0.1887
2022.7000 0.1889
2023.4000 0.1891
2023.4000 0.1892
2026.7000 0.1894
2030.6000 0.1896
2033.7000 0.1898
2033.8000 0.1899
2041.2000 0.1901
2044.6000 0.1903
2044.8000 0.1905
2045.8000 0.1906
2048.3000 0.1908
2049.3000 0.1910
2050.7000 0.1911
2059.1000 0.1913
2061.4000 0.1915
2063.2000 0.1917
2066.9000 0.1918
2068.9000 0.1920
2073.9000 0.1922
2073.9000 0.1924
2076.1000 0.1925
2076.5000 0.1927
2078.0000 0.1929
2081.1000 0.1931
2083.2000 0.1932
2084.2000 0.1934
2084.8000 0.1936
2086.7000 0.1937
2086.8000 0.1939
2087.9000 0.1941
2088.2000 0.1943
2089.8000 0.1944
2092.5000 0.1946
2093.7000 0.1948
2096.4000 0.1950
2099.0000 0.1951
2106.6000 0.1953
2106.8000 0.1955
2114.0000 0.1957
2117.3000 0.1958
2118.9000 0.1960
2120.4000 0.1962
2120.5000 0.1964
2126.3000 0.1965
2127.8000 0.1967
2132.7000 0.1969
2134.3000 0.1970
2134.9000 0.1972
2137.2000 0.1974
2137.5000 0.1976
2138.3000 0.1977
2139.3000 0.1979
2140.6000 0.1981
2141.4000 0.1983
2145.7000 0.1984
2151.3000 0.1986
2155.5000 0.1988
2158.2000 0.1990
2159.5000 0.1991
2162.3000 0.1993
2162.5000 0.1995
2162.6000 0.1997
2163.0000 0.1998
2163.6000 0.2000
2170.6000 0.2002
2171.4000 0.2003
2174.3000 0.2005
2177.8000 0.2007
2178.0000 0.2009
2180.8000 0.2010
2184.0000 0.2012
2184.3000 0.2014
2186.0000 0.2016
2187.3000 0.2017
2189.4000 0.2019
2190.2000 0.2021
2191.5000 0.2023
2192.2000 0.2024
2193.5000 0.2026
2194.9000 0.2028
2197.0000 0.2030
2198.6000 0.2031
2200.5000 0.2033
2201.1000 0.2035
2203.4000 0.2036
2203.8000 0.2038
2204.6000 0.2040
2209.7000 0.2042
2210.0000 0.2043
2210.9000 0.2045
2213.8000 0.2047
2219.2000 0.2049
2220.5000 0.2050
2220.8000 0.2052
2220.8000 0.2054
2221.8000 0.2056
2222.8000 0.2057
2227.0000 0.2059
2227.1000 0.2061
2227.1000 0.2062
2227.3000 0.2064
2230.1000 0.2066
2232.9000 0.2068
2235.1000 0.2069
2235.6000 0.2071
2237.3000 0.2073
2238.3000 0.2075
2243.4000 0.2076
2244.1000 0.2078
2244.2000 0.2080
2245.6000 0.2082
2245.8000 0.2083
2246.4000 0.2085
2249.1000 0.2087
2252.9000 0.2089
2253.4000 0.2090
2253.5000 0.2092
2253.9000 0.2094
2254.9000 0.2095
2256.0000 0.2097
2260.7000 0.2099
2262.9000 0.2101
2263.1000 0.2102
2265.1000 0.2104
2266.6000 0.2106
2267.7000 0.2108
2272.9000 0.2109
2276.0000 0.2111
2277.0000 0.2113
2279.6000 0.2115
2281.0000 0.2116
2291.2000 0.2118
2294.5000 0.2120
2295.3000 0.2122
2297.6000 0.2123
2297.9000 0.2125
2302.9000 0.2127
2303.1000 0.2128
2304.0000 0.2130
2307.6000 0.2132
2307.9000 0.2134
2309.1000 0.2135
2312.9000 0.2137
2316.1000 0.2139
2320.0000 0.2141
2322.9000 0.2142
2324.9000 0.2144
2326.0000 0.2146
2332.4000 0.2148
2332.9000 0.2149
2333.7000 0.2151
2342.2000 0.2153
2344.5000 0.2155
2346.1000 0.2156
2349.5000 0.2158
2350.8000 0.2160
2352.8000 0.2161
2357.5000 0.2163
2361.9000 0.2165
2365.0000 0.2167
2366.2000 0.2168
2367.9000 0.2170
2370.2000 0.2172
2371.2000 0.2174
2373.5000 0.2175
2373.6000 0.2177
2380.2000 0.2179
2380.6000 0.2181
2381.3000 0.2182
2382.0000 0.2184
2385.8000 0.2186
2386.3000 0.2187
2386.6000 0.2189
2387.0000 0.2191
2391.8000 0.2193
2397.6000 0.2194
2399.7000 0.2196
2399.8000 0.2198
2408.8000 0.2200
2413.5000 0.2201
2418.9000 0.2203
2419.5000 0.2205
2419.8000 0.2207
2421.7000 0.2208
2423.5000 0.2210
2434.4000 0.2212
2435.2000 0.2214
2435.9000 0.2215
2440.4000 0.2217
2446.7000 0.2219
2447.4000 0.2220
2449.0000 0.2222
2449.3000 0.2224
2450.2000 0.2226
2453.7000 0.2227
2455.2000 0.2229
2457.7000 0.2231
2459.6000 0.2233
2460.1000 0.2234
2462.1000 0.2236
2463.2000 0.2238
2464.0000 0.2240
2468.5000 0.2241
2471.3000 0.2243
2474.4000 0.2245
2475.3000 0.2247
2475.7000 0.2248
2478.1000 0.2250
2481.6000 0.2252
2482.2000 0.2253
2482.6000 0.2255
2484.9000 0.2257
2487.7000 0.2259
2488.1000 0.2260
2492.5000 0.2262
2492.7000 0.2264
2497.8000 0.2266
2500.0000 0.2267
2500.5000 0.2269
2501.3000 0.2271
2505.1000 0.2273
2507.8000 0.2274
2513.1000 0.2276
2514.7000 0.2278
2516.0000 0.2280
2519.1000 0.2281
2520.2000 0.2283
2522.0000 0.2285
2522.1000 0.2286
2530.9000 0.2288
2533.7000 0.2290
2533.7000 0.2292
2535.0000 0.2293
2535.3000 0.2295
2537.1000 0.2297
2539.3000 0.2299
2539.3000 0.2300
2543.4000 0.2302
2551.8000 0.2304
2555.6000 0.2306
2556.0000 0.2307
2556.8000 0.2309
2558.2000 0.2311
2569.6000 0.2312
2569.9000 0.2314
2571.1000 0.2316
2571.7000 0.2318
2574.3000 0.2319
2575.8000 0.2321
2578.6000 0.2323
2581.5000 0.2325
2583.6000 0.2326
2586.8000 0.2328
2588.4000 0.2330
2590.6000 0.2332
2590.8000 0.2333
2591.5000 0.2335
2592.3000 0.2337
2596.4000 0.2339
2597.4000 0.2340
2601.5000 0.2342
2602.1000 0.2344
2612.3000 0.2345
2615.4000 0.2347
2615.4000 0.2349
2615.5000 0.2351
2618.0000 0.2352
2620.3000 0.2354
2634.0000 0.2356
2642.9000 0.2358
2643.6000 0.2359
2646.7000 0.2361
2650.9000 0.2363
2651.6000 0.2365
2652.9000 0.2366
2657.2000 0.2368
2657.8000 0.2370
2667.2000 0.2372
2669.2000 0.2373
2670.0000 0.2375
2673.1000 0.2377
2673.9000 0.2378
2676.2000 0.2380
2677.5000 0.2382
2679.4000 0.2384
2682.2000 0.2385
2683.2000 0.2387
2692.9000 0.2389
2694.2000 0.2391
2696.0000 0.2392
2698.2000 0.2394
2704.2000 0.2396
2706.4000 0.2398
2707.9000 0.2399
2709.2000 0.2401
2710.8000 0.2403
2713.3000 0.2405
2714.8000 0.2406
2717.4000 0.2408
2718.7000 0.2410
2719.4000 0.2411
2719.9000 0.2413
2721.6000 0.2415
2722.7000 0.2417
2728.3000 0.2418
2729.8000 0.2420
2741.0000 0.2422
2743.4000 0.2424
2744.7000 0.2425
2746.5000 0.2427
2746.6000 0.2429
2751.6000 0.2431
2753.3000 0.2432
2755.1000 0.2434
2761.1000 0.2436
2766.6000 0.2437
2766.7000 0.2439
2768.3000 0.2441
2769.0000 0.2443
2772.6000 0.2444
2774.7000 0.2446
2775.1000 0.2448
2778.0000 0.2450
2785.4000 0.2451
2788.0000 0.2453
2790.2000 0.2455
2793.8000 0.2457
2795.6000 0.2458
2803.6000 0.2460
2804.8000 0.2462
2805.3000 0.2464
2811.2000 0.2465
2815.3000 0.2467
2816.9000 0.2469
2817.2000 0.2470
2818.0000 0.2472
2818.3000 0.2474
2818.9000 0.2476
2826.6000 0.2477
2834.0000 0.2479
2834.6000 0.2481
2837.7000 0.2483
2837.8000 0.2484
2837.9000 0.2486
2838.0000 0.2488
2848.3000 0.2490
2852.5000 0.2491
2853.0000 0.2493
2860.6000 0.2495
2862.1000 0.2497
2864.4000 0.2498
2866.0000 0.2500
2867.5000 0.2502
2867.5000 0.2503
2867.6000 0.2505
2869.3000 0.2507
2877.4000 0.2509
2879.3000 0.2510
2883.8000 0.2512
2891.0000 0.2514
2891.9000 0.2516
2892.0000 0.2517
2892.6000 0.2519
2902.6000 0.2521
2917.0000 0.2523
2918.3000 0.2524
2919.7000 0.2526
2921.9000 0.2528
2929.6000 0.2530
2931.1000 0.2531
2931.9000 0.2533
2933.6000 0.2535
2936.1000 0.2536
2937.0000 0.2538
2938.3000 0.2540
2939.1000 0.2542
2942.9000 0.2543
2943.7000 0.2545
2950.8000 0.2547
2951.2000 0.2549
2955.2000 0.2550
2958.7000 0.2552
2962.1000 0.2554
2962.4000 0.2556
2965.5000 0.2557
2965.7000 0.2559
2972.9000 0.2561
2978.9000 0.2563
2985.6000 0.2564
2986.6000 0.2566
2992.4000 0.2568
2995.3000 0.2569
2997.9000 0.2571
2999.8000 0.2573
3000.6000 0.2575
3003.6000 0.2576
3004.3000 0.2578
3004.9000 0.2580
3006.4000 0.2582
3007.2000 0.2583
3009.2000 0.2585
3010.8000 0.2587
3011.9000 0.2589
3012.3000 0.2590
3014.3000 0.2592
3014.3000 0.2594
3014.9000 0.2595
3022.6000 0.2597
3028.3000 0.2599
3029.3000 0.2601
3029.6000 0.2602
3032.9000 0.2604
3040.9000 0.2606
3042.2000 0.2608
3042.2000 0.2609
3043.3000 0.2611
3053.2000 0.2613
3057.8000 0.2615
3062.0000 0.2616
3064.9000 0.2618
3064.9000 0.2620
3072.2000 0.2622
3075.2000 0.2623
3077.3000 0.2625
3077.5000 0.2627
3084.1000 0.2628
3084.8000 0.2630
3085.7000 0.2632
3087.9000 0.2634
3094.1000 0.2635
3096.8000 0.2637
3103.9000 0.2639
3104.7000 0.2641
3122.2000 0.2642
3126.0000 0.2644
3128.9000 0.2646
3128.9000 0.2648
3129.3000 0.2649
3135.0000 0.2651
3136.3000 0.2653
3137.5000 0.2655
3140.8000 0.2656
3142.7000 0.2658
3142.8000 0.2660
3144.3000 0.2661
3144.8000 0.2663
3148.6000 0.2665
3149.5000 0.2667
3150.0000 0.2668
3153.9000 0.2670
3157.6000 0.2672
3158.8000 0.2674
3161.2000 0.2675
3165.5000 0.2677
3168.4000 0.2679
3173.0000 0.2681
3183.3000 0.2682
3183.8000 0.2684
3183.9000 0.2686
3187.9000 0.2688
3188.6000 0.2689
3189.1000 0.2691
3189.3000 0.2693
3194.3000 0.2694
3194.6000 0.2696
3196.6000 0.2698
3200.2000 0.2700
3202.6000 0.2701
3203.7000 0.2703
3205.1000 0.2705
3209.3000 0.2707
3210.7000 0.2708
3220.8000 0.2710
3224.7000 0.2712
3225.3000 0.2714
3229.1000 0.2715
3232.4000 0.2717
3233.1000 0.2719
3235.0000 0.2720
3236.1000 0.2722
3239.5000 0.2724
3247.9000 0.2726
3254.1000 0.2727
3255.2000 0.2729
3258.2000 0.2731
3261.8000 0.2733
3262.8000 0.2734
3264.9000 0.2736
3273.7000 0.2738
3274.4000 0.2740
3274.8000 0.2741
3278.2000 0.2743
3278.4000 0.2745
3283.3000 0.2747
3294.2000 0.2748
3294.6000 0.2750
3296.3000 0.2752
3298.3000 0.2753
3299.2000 0.2755
3307.3000 0.2757
3310.2000 0.2759
3313.8000 0.2760
3316.2000 0.2762
3318.4000 0.2764
3321.4000 0.2766
3323.4000 0.2767
3324.2000 0.2769
3324.4000 0.2771
3326.0000 0.2773
3330.9000 0.2774
3335.8000 0.2776
3343.0000 0.2778
3343.8000 0.2780
3343.8000 0.2781
3353.2000 0.2783
3357.9000 0.2785
3372.2000 0.2786
3373.0000 0.2788
3382.1000 0.2790
3393.8000 0.2792
3400.5000 0.2793
3404.6000 0.2795
3405.8000 0.2797
3407.0000 0.2799
3408.7000 0.2800
3412.4000 0.2802
3414.1000 0.2804
3418.1000 0.2806
3419.4000 0.2807
3419.4000 0.2809
3422.4000 0.2811
3426.1000 0.2813
3427.3000 0.2814
3432.8000 0.2816
3437.1000 0.2818
3438.8000 0.2819
3440.1000 0.2821
3445.7000 0.2823
3450.8000 0.2825
3451.6000 0.2826
3453.0000 0.2828
3456.7000 0.2830
3458.7000 0.2832
3458.8000 0.2833
3462.6000 0.2835
3463.9000 0.2837
3465.2000 0.2839
3479.1000 0.2840
3481.2000 0.2842
3487.4000 0.2844
3487.4000 0.2845
3490.2000 0.2847
3496.1000 0.2849
3498.0000 0.2851
3499.8000 0.2852
3500.1000 0.2854
3502.3000 0.2856
3503.4000 0.2858
3504.2000 0.2859
3504.6000 0.2861
3506.7000 0.2863
3507.5000 0.2865
3508.7000 0.2866
3510.4000 0.2868
3511.4000 0.2870
3513.9000 0.2872
3514.3000 0.2873
3517.4000 0.2875
3520.5000 0.2877
3525.9000 0.2878
3527.5000 0.2880
3533.9000 0.2882
3537.0000 0.2884
3539.2000 0.2885
3541.1000 0.2887
3542.6000 0.2889
3547.6000 0.2891
3553.2000 0.2892
3557.9000 0.2894
3559.8000 0.2896
3560.3000 0.2898
3561.8000 0.2899
3562.9000 0.2901
3567.1000 0.2903
3570.5000 0.2905
3571.7000 0.2906
3584.3000 0.2908
3588.3000 0.2910
3588.8000 0.2911
3591.9000 0.2913
3593.1000 0.2915
3593.4000 0.2917
3599.9000 0.2918
3600.5000 0.2920
3603.0000 0.2922
3612.5000 0.2924
3614.9000 0.2925
3616.8000 0.2927
3617.3000 0.2929
3618.0000 0.2931
3618.2000 0.2932
3619.3000 0.2934
3619.3000 0.2936
3627.8000 0.2938
3632.9000 0.2939
3635.1000 0.2941
3636.4000 0.2943
3636.6000 0.2944
3636.7000 0.2946
3638.6000 0.2948
3642.2000 0.2950
3643.9000 0.2951
3646.1000 0.2953
3649.9000 0.2955
3653.0000 0.2957
3657.8000 0.2958
3660.7000 0.2960
3671.1000 0.2962
3673.9000 0.2964
3674.2000 0.2965
3682.5000 0.2967
3688.9000 0.2969
3689.2000 0.2970
3692.6000 0.2972
3693.8000 0.2974
3697.6000 0.2976
3704.1000 0.2977
3709.6000 0.2979
3710.2000 0.2981
3716.5000 0.2983
3722.8000 0.2984
3722.8000 0.2986
3723.0000 0.2988
3723.2000 0.2990
3724.5000 0.2991
3726.0000 0.2993
3728.6000 0.2995
3732.7000 0.2997
3735.0000 0.2998
3737.2000 0.3000
3738.6000 0.3002
3741.0000 0.3003
3743.0000 0.3005
3743.1000 0.3007
3743.4000 0.3009
3746.7000 0.3010
3751.8000 0.3012
3756.4000 0.3014
3757.9000 0.3016
3764.9000 0.3017
3765.0000 0.3019
3770.0000 0.3021
3780.3000 0.3023
3782.2000 0.3024
3788.5000 0.3026
3791.2000 0.3028
3791.3000 0.3030
3800.2000 0.3031
3801.2000 0.3033
3814.2000 0.3035
3817.0000 0.3036
3818.0000 0.3038
3819.2000 0.3040
3822.3000 0.3042
3823.1000 0.3043
3826.3000 0.3045
3828.2000 0.3047
3832.6000 0.3049
3832.7000 0.3050
3834.5000 0.3052
3841.3000 0.3054
3843.7000 0.3056
3858.5000 0.3057
3865.0000 0.3059
3867.8000 0.3061
3870.1000 0.3063
3872.7000 0.3064
3878.2000 0.3066
3879.9000 0.3068
3880.2000 0.3069
3881.9000 0.3071
3887.2000 0.3073
3900.7000 0.3075
3907.8000 0.3076
3908.1000 0.3078
3910.0000 0.3080
3913.7000 0.3082
3916.0000 0.3083
3917.0000 0.3085
3917.8000 0.3087
3919.4000 0.3089
3920.8000 0.3090
3924.9000 0.3092
3927.3000 0.3094
3928.1000 0.3095
3929.9000 0.3097
3940.9000 0.3099
3943.3000 0.3101
3945.4000 0.3102
3946.7000 0.3104
3949.3000 0.3106
3953.6000 0.3108
3953.9000 0.3109
3958.5000 0.3111
3963.1000 0.3113
3964.6000 0.3115
3967.8000 0.3116
3969.9000 0.3118
3971.7000 0.3120
3973.6000 0.3122
3973.8000 0.3123
3974.0000 0.3125
3976.5000 0.3127
3977.0000 0.3128
3990.1000 0.3130
3990.8000 0.3132
3990.9000 0.3134
3994.0000 0.3135
3995.8000 0.3137
3999.7000 0.3139
4000.6000 0.3141
4019.8000 0.3142
4020.3000 0.3144
4022.6000 0.3146
4024.6000 0.3148
4028.7000 0.3149
4039.0000 0.3151
4039.6000 0.3153
4042.0000 0.3155
4045.1000 0.3156
4053.2000 0.3158
4055.1000 0.3160
4057.7000 0.3161
4059.4000 0.3163
4063.1000 0.3165
4064.3000 0.3167
4064.5000 0.3168
4065.1000 0.3170
4065.4000 0.3172
4065.5000 0.3174
4068.0000 0.3175
4070.0000 0.3177
4070.4000 0.3179
4073.4000 0.3181
4076.0000 0.3182
4076.4000 0.3184
4076.8000 0.3186
4076.8000 0.3188
4085.0000 0.3189
4091.7000 0.3191
4095.3000 0.3193
4096.8000 0.3194
4098.3000 0.3196
4103.3000 0.3198
4109.4000 0.3200
4111.4000 0.3201
4114.6000 0.3203
4124.6000 0.3205
4127.9000 0.3207
4129.7000 0.3208
4141.8000 0.3210
4147.9000 0.3212
4149.8000 0.3214
4155.8000 0.3215
4156.2000 0.3217
4158.0000 0.3219
4158.2000 0.3220
4158.2000 0.3222
4166.4000 0.3224
4167.6000 0.3226
4175.2000 0.3227
4180.6000 0.3229
4180.8000 0.3231
4184.3000 0.3233
4189.9000 0.3234
4194.6000 0.3236
4199.1000 0.3238
4202.3000 0.3240
4217.3000 0.3241
4217.7000 0.3243
4217.8000 0.3245
4219.3000 0.3247
4221.2000 0.3248
4224.0000 0.3250
4225.9000 0.3252
4226.6000 0.3253
4230.7000 0.3255
4232.4000 0.3257
4236.2000 0.3259
4237.1000 0.3260
4238.6000 0.3262
4242.9000 0.3264
4245.4000 0.3266
4247.6000 0.3267
4262.3000 0.3269
4268.7000 0.3271
4270.5000 0.3273
4271.1000 0.3274
4272.9000 0.3276
4278.0000 0.3278
4278.9000 0.3280
4281.2000 0.3281
4288.1000 0.3283
4290.5000 0.3285
4293.4000 0.3286
4307.1000 0.3288
4311.9000 0.3290
4313.6000 0.3292
4320.3000 0.3293
4322.9000 0.3295
4324.3000 0.3297
4325.3000 0.3299
4331.9000 0.3300
4336.3000 0.3302
4339.2000 0.3304
4339.7000 0.3306
4342.4000 0.3307
4346.8000 0.3309
4347.2000 0.3311
4353.5000 0.3313
4354.7000 0.3314
4355.5000 0.3316
4361.6000 0.3318
4363.4000 0.3319
4367.8000 0.3321
4370.4000 0.3323
4387.6000 0.3325
4389.4000 0.3326
4395.1000 0.3328
4395.5000 0.3330
4396.8000 0.3332
4401.8000 0.3333
4407.6000 0.3335
4410.5000 0.3337
4412.3000 0.3339
4414.9000 0.3340
4416.7000 0.3342
4418.5000 0.3344
4426.6000 0.3345
4429.3000 0.3347
4431.6000 0.3349
4436.7000 0.3351
4439.7000 0.3352
4444.8000 0.3354
4452.8000 0.3356
4454.8000 0.3358
4458.7000 0.3359
4463.3000 0.3361
4466.2000 0.3363
4467.1000 0.3365
4471.7000 0.3366
4477.3000 0.3368
4495.4000 0.3370
4497.8000 0.3372
4500.3000 0.3373
4500.9000 0.3375
4509.5000 0.3377
4513.9000 0.3378
4514.8000 0.3380
4515.5000 0.3382
4515.9000 0.3384
4515.9000 0.3385
4516.3000 0.3387
4516.3000 0.3389
4517.1000 0.3391
4518.8000 0.3392
4519.8000 0.3394
4527.6000 0.3396
4531.5000 0.3398
4536.8000 0.3399
4546.1000 0.3401
4549.6000 0.3403
4552.6000 0.3405
4555.8000 0.3406
4556.3000 0.3408
4557.0000 0.3410
4566.9000 0.3411
4573.8000 0.3413
4576.6000 0.3415
4579.1000 0.3417
4588.5000 0.3418
4588.6000 0.3420
4589.3000 0.3422
4600.7000 0.3424
4605.2000 0.3425
4605.6000 0.3427
4612.7000 0.3429
4613.5000 0.3431
4615.1000 0.3432
4616.1000 0.3434
4620.6000 0.3436
4621.4000 0.3438
4626.3000 0.3439
4633.8000 0.3441
4634.8000 0.3443
4636.5000 0.3444
4637.3000 0.3446
4638.6000 0.3448
4639.9000 0.3450
4642.4000 0.3451
4646.6000 0.3453
4647.8000 0.3455
4648.7000 0.3457
4652.1000 0.3458
4652.7000 0.3460
4653.0000 0.3462
4654.9000 0.3464
4658.3000 0.3465
4663.7000 0.3467
4666.0000 0.3469
4666.1000 0.3470
4671.9000 0.3472
4672.5000 0.3474
4675.3000 0.3476
4675.4000 0.3477
4687.8000 0.3479
4689.7000 0.3481
4704.7000 0.3483
4706.1000 0.3484
4707.0000 0.3486
4714.7000 0.3488
4714.9000 0.3490
4719.6000 0.3491
4721.9000 0.3493
4727.6000 0.3495
4732.9000 0.3497
4738.3000 0.3498
4739.2000 0.3500
4742.1000 0.3502
4743.4000 0.3503
4745.3000 0.3505
4746.0000 0.3507
4751.0000 0.3509
4751.5000 0.3510
4751.9000 0.3512
4760.1000 0.3514
4768.7000 0.3516
4772.5000 0.3517
4784.5000 0.3519
4784.5000 0.3521
4785.1000 0.3523
4788.3000 0.3524
4795.7000 0.3526
4802.9000 0.3528
4805.6000 0.3530
4810.8000 0.3531
4819.3000 0.3533
4820.7000 0.3535
4825.4000 0.3536
4834.9000 0.3538
4840.6000 0.3540
4862.3000 0.3542
4872.9000 0.3543
4876.7000 0.3545
4877.4000 0.3547
4878.8000 0.3549
4883.4000 0.3550
4883.6000 0.3552
4885.0000 0.3554
4890.6000 0.3556
4908.3000 0.3557
4908.8000 0.3559
4909.8000 0.3561
4912.0000 0.3563
4920.4000 0.3564
4920.6000 0.3566
4926.2000 0.3568
4940.0000 0.3569
4941.2000 0.3571
4943.7000 0.3573
4948.9000 0.3575
4953.1000 0.3576
4961.1000 0.3578
4976.8000 0.3580
4980.7000 0.3582
4980.8000 0.3583
4981.5000 0.3585
4986.1000 0.3587
4988.2000 0.3589
4989.1000 0.3590
4997.1000 0.3592
4998.6000 0.3594
5002.3000 0.3595
5005.1000 0.3597
5018.2000 0.3599
5022.2000 0.3601
5023.8000 0.3602
5037.4000 0.3604
5041.7000 0.3606
5042.5000 0.3608
5053.3000 0.3609
5063.3000 0.3611
5063.3000 0.3613
5065.0000 0.3615
5065.3000 0.3616
5068.8000 0.3618
5071.6000 0.3620
5072.5000 0.3622
5072.7000 0.3623
5074.5000 0.3625
5076.4000 0.3627
5078.7000 0.3628
5080.1000 0.3630
5081.3000 0.3632
5088.3000 0.3634
5096.2000 0.3635
5101.8000 0.3637
5103.2000 0.3639
5107.6000 0.3641
5111.1000 0.3642
5112.4000 0.3644
5113.1000 0.3646
5114.1000 0.3648
5116.8000 0.3649
5117.4000 0.3651
5118.9000 0.3653
5119.4000 0.3655
5124.3000 0.3656
5127.8000 0.3658
5128.1000 0.3660
5145.3000 0.3661
5148.5000 0.3663
5149.0000 0.3665
5149.6000 0.3667
5154.2000 0.3668
5154.8000 0.3670
5156.1000 0.3672
5157.6000 0.3674
5160.7000 0.3675
5164.6000 0.3677
5165.7000 0.3679
5174.1000 0.3681
5179.8000 0.3682
5181.1000 0.3684
5182.4000 0.3686
5182.9000 0.3688
5183.6000 0.3689
5185.3000 0.3691
5187.9000 0.3693
5188.3000 0.3694
5196.7000 0.3696
5205.7000 0.3698
5209.9000 0.3700
5210.0000 0.3701
5219.3000 0.3703
5221.1000 0.3705
5229.6000 0.3707
5231.3000 0.3708
5234.3000 0.3710
5234.3000 0.3712
5239.8000 0.3714
5240.9000 0.3715
5242.8000 0.3717
5246.9000 0.3719
5247.3000 0.3720
5248.2000 0.3722
5249.8000 0.3724
5250.0000 0.3726
5271.7000 0.3727
5279.4000 0.3729
5280.9000 0.3731
5282.8000 0.3733
5297.9000 0.3734
5300.2000 0.3736
5306.0000 0.3738
5308.9000 0.3740
5309.6000 0.3741
5313.3000 0.3743
5313.3000 0.3745
5321.3000 0.3747
5326.1000 0.3748
5326.5000 0.3750
5328.8000 0.3752
5333.1000 0.3753
5336.1000 0.3755
5339.5000 0.3757
5342.0000 0.3759
5350.3000 0.3760
5352.6000 0.3762
5355.3000 0.3764
5357.4000 0.3766
5358.2000 0.3767
5359.1000 0.3769
5363.9000 0.3771
5364.1000 0.3773
5378.9000 0.3774
5386.5000 0.3776
5386.6000 0.3778
5391.2000 0.3780
5404.9000 0.3781
5410.1000 0.3783
5416.3000 0.3785
5426.1000 0.3786
5436.4000 0.3788
5439.5000 0.3790
5440.0000 0.3792
5444.2000 0.3793
5450.4000 0.3795
5457.4000 0.3797
5458.2000 0.3799
5462.8000 0.3800
5464.4000 0.3802
5466.0000 0.3804
5468.4000 0.3806
5471.1000 0.3807
5481.0000 0.3809
5481.1000 0.3811
5486.0000 0.3813
5487.3000 0.3814
5490.5000 0.3816
5494.1000 0.3818
5494.7000 0.3819
5496.3000 0.3821
5504.2000 0.3823
5505.6000 0.3825
5506.2000 0.3826
5510.3000 0.3828
5515.3000 0.3830
5517.5000 0.3832
5517.8000 0.3833
5518.4000 0.3835
5522.3000 0.3837
5523.0000 0.3839
5523.6000 0.3840
5524.5000 0.3842
5527.3000 0.3844
5528.2000 0.3845
5530.8000 0.3847
5532.9000 0.3849
5533.0000 0.3851
5533.5000 0.3852
5539.9000 0.3854
5542.7000 0.3856
5548.2000 0.3858
5549.8000 0.3859
5551.9000 0.3861
5553.8000 0.3863
5555.7000 0.3865
5559.5000 0.3866
5561.7000 0.3868
5563.6000 0.3870
5567.7000 0.3872
5567.9000 0.3873
5576.1000 0.3875
5580.3000 0.3877
5582.1000 0.3878
5587.0000 0.3880
5593.9000 0.3882
5596.6000 0.3884
5602.5000 0.3885
5620.1000 0.3887
5626.0000 0.3889
5626.9000 0.3891
5629.3000 0.3892
5633.8000 0.3894
5641.0000 0.3896
5647.4000 0.3898
5648.0000 0.3899
5648.3000 0.3901
5651.5000 0.3903
5658.8000 0.3905
5662.1000 0.3906
5666.1000 0.3908
5671.0000 0.3910
5676.2000 0.3911
5676.3000 0.3913
5683.1000 0.3915
5684.1000 0.3917
5694.1000 0.3918
5700.5000 0.3920
5704.5000 0.3922
5708.5000 0.3924
5708.5000 0.3925
5708.8000 0.3927
5715.6000 0.3929
5722.5000 0.3931
5723.8000 0.3932
5724.4000 0.3934
5724.9000 0.3936
5725.6000 0.3938
5728.2000 0.3939
5730.3000 0.3941
5731.3000 0.3943
5733.3000 0.3944
5742.8000 0.3946
5753.0000 0.3948
5753.6000 0.3950
5755.9000 0.3951
5756.9000 0.3953
5758.3000 0.3955
5761.6000 0.3957
5764.8000 0.3958
5767.1000 0.3960
5767.7000 0.3962
5767.8000 0.3964
5770.6000 0.3965
5771.6000 0.3967
5772.8000 0.3969
5779.1000 0.3970
5782.4000 0.3972
5785.0000 0.3974
5785.6000 0.3976
5792.8000 0.3977
5799.1000 0.3979
5801.7000 0.3981
5808.1000 0.3983
5823.1000 0.3984
5827.4000 0.3986
5833.5000 0.3988
5839.8000 0.3990
5849.1000 0.3991
5857.4000 0.3993
5857.6000 0.3995
5859.0000 0.3997
5862.8000 0.3998
5871.7000 0.4000
5872.0000 0.4002
5872.7000 0.4003
5876.0000 0.4005
5883.6000 0.4007
5884.4000 0.4009
5890.2000 0.4010
5904.0000 0.4012
5910.2000 0.4014
5910.6000 0.4016
5913.1000 0.4017
5925.9000 0.4019
5931.7000 0.4021
5934.7000 0.4023
5935.9000 0.4024
5939.2000 0.4026
5948.5000 0.4028
5948.9000 0.4030
5952.6000 0.4031
5952.8000 0.4033
5955.0000 0.4035
5959.3000 0.4036
5960.8000 0.4038
5965.6000 0.4040
5965.9000 0.4042
5967.0000 0.4043
5977.4000 0.4045
5981.4000 0.4047
5988.4000 0.4049
5995.1000 0.4050
6001.3000 0.4052
6006.3000 0.4054
6007.5000 0.4056
6011.3000 0.4057
6012.6000 0.4059
6017.6000 0.4061
6018.3000 0.4063
6025.6000 0.4064
6036.4000 0.4066
6041.9000 0.4068
6061.6000 0.4069
6067.7000 0.4071
6068.2000 0.4073
6120.4000 0.4075
6122.8000 0.4076
6123.8000 0.4078
6138.6000 0.4080
6142.4000 0.4082
6147.6000 0.4083
6149.0000 0.4085
6150.2000 0.4087
6153.8000 0.4089
6156.8000 0.4090
6157.2000 0.4092
6159.1000 0.4094
6159.7000 0.4095
6163.6000 0.4097
6167.4000 0.4099
6168.2000 0.4101
6171.9000 0.4102
6173.1000 0.4104
6173.6000 0.4106
6177.5000 0.4108
6182.1000 0.4109
6185.4000 0.4111
6190.5000 0.4113
6192.9000 0.4115
6197.6000 0.4116
6200.2000 0.4118
6210.3000 0.4120
6212.6000 0.4122
6234.4000 0.4123
6236.0000 0.4125
6256.1000 0.4127
6264.7000 0.4128
6266.0000 0.4130
6272.0000 0.4132
6274.6000 0.4134
6275.9000 0.4135
6283.2000 0.4137
6286.3000 0.4139
6288.6000 0.4141
6293.7000 0.4142
6294.5000 0.4144
6295.9000 0.4146
6296.3000 0.4148
6298.2000 0.4149
6299.6000 0.4151
6306.3000 0.4153
6310.9000 0.4155
6312.2000 0.4156
6317.7000 0.4158
6317.8000 0.4160
6322.2000 0.4161
6323.1000 0.4163
6325.2000 0.4165
6327.3000 0.4167
6335.3000 0.4168
6338.4000 0.4170
6349.0000 0.4172
6356.2000 0.4174
6362.9000 0.4175
6364.9000 0.4177
6365.2000 0.4179
6367.4000 0.4181
6373.0000 0.4182
6375.6000 0.4184
6376.9000 0.4186
6379.1000 0.4188
6379.7000 0.4189
6381.6000 0.4191
6387.3000 0.4193
6393.7000 0.4194
6399.9000 0.4196
6402.8000 0.4198
6408.8000 0.4200
6414.5000 0.4201
6414.9000 0.4203
6418.9000 0.4205
6428.8000 0.4207
6429.8000 0.4208
6430.7000 0.4210
6439.7000 0.4212
6443.0000 0.4214
6449.8000 0.4215
6453.5000 0.4217
6454.5000 0.4219
6458.9000 0.4220
6463.0000 0.4222
6467.8000 0.4224
6477.4000 0.4226
6482.7000 0.4227
6483.8000 0.4229
6498.9000 0.4231
6501.3000 0.4233
6502.3000 0.4234
6505.8000 0.4236
6509.0000 0.4238
6513.3000 0.4240
6527.1000 0.4241
6528.0000 0.4243
6530.1000 0.4245
6535.6000 0.4247
6536.7000 0.4248
6550.6000 0.4250
6552.6000 0.4252
6553.4000 0.4253
6556.9000 0.4255
6558.4000 0.4257
6563.6000 0.4259
6576.0000 0.4260
6583.2000 0.4262
6598.0000 0.4264
6600.3000 0.4266
6601.2000 0.4267
6603.1000 0.4269
6609.2000 0.4271
6610.0000 0.4273
6615.2000 0.4274
6618.1000 0.4276
6623.6000 0.4278
6628.2000 0.4280
6634.5000 0.4281
6639.3000 0.4283
6644.2000 0.4285
6655.5000 0.4286
6665.2000 0.4288
6667.3000 0.4290
6673.2000 0.4292
6675.1000 0.4293
6676.4000 0.4295
6677.3000 0.4297
6677.8000 0.4299
6678.8000 0.4300
6682.8000 0.4302
6686.7000 0.4304
6690.5000 0.4306
6691.8000 0.4307
6693.2000 0.4309
6700.4000 0.4311
6705.0000 0.4313
6710.0000 0.4314
6722.0000 0.4316
6724.5000 0.4318
6731.8000 0.4319
6737.1000 0.4321
6742.2000 0.4323
6750.5000 0.4325
6759.1000 0.4326
6764.0000 0.4328
6764.6000 0.4330
6767.6000 0.4332
6769.1000 0.4333
6770.0000 0.4335
6778.3000 0.4337
6779.1000 0.4339
6781.0000 0.4340
6784.8000 0.4342
6787.2000 0.4344
6796.6000 0.4345
6797.8000 0.4347
6805.2000 0.4349
6805.6000 0.4351
6809.5000 0.4352
6813.9000 0.4354
6827.4000 0.4356
6830.9000 0.4358
6837.4000 0.4359
6839.6000 0.4361
6844.0000 0.4363
6844.2000 0.4365
6858.3000 0.4366
6865.8000 0.4368
6873.7000 0.4370
6873.8000 0.4372
6877.4000 0.4373
6906.6000 0.4375
6912.4000 0.4377
6925.4000 0.4378
6934.5000 0.4380
6936.3000 0.4382
6947.1000 0.4384
6950.5000 0.4385
6951.5000 0.4387
6954.6000 0.4389
6954.6000 0.4391
6955.8000 0.4392
6956.8000 0.4394
6957.6000 0.4396
6960.4000 0.4398
6963.5000 0.4399
6965.6000 0.4401
6970.6000 0.4403
6988.6000 0.4405
6990.2000 0.4406
6991.6000 0.4408
7017.8000 0.4410
7018.2000 0.4411
7018.6000 0.4413
7018.6000 0.4415
7018.7000 0.4417
7026.7000 0.4418
7037.1000 0.4420
7041.8000 0.4422
7047.8000 0.4424
7048.8000 0.4425
7049.9000 0.4427
7060.9000 0.4429
7061.5000 0.4431
7069.3000 0.4432
7069.5000 0.4434
7077.8000 0.4436
7082.3000 0.4438
7090.1000 0.4439
7090.5000 0.4441
7092.7000 0.4443
7093.9000 0.4444
7097.4000 0.4446
7099.8000 0.4448
7107.3000 0.4450
7115.4000 0.4451
7123.6000 0.4453
7125.2000 0.4455
7127.8000 0.4457
7149.4000 0.4458
7154.6000 0.4460
7165.3000 0.4462
7167.7000 0.4464
7168.2000 0.4465
7168.5000 0.4467
7169.5000 0.4469
7176.3000 0.4470
7180.9000 0.4472
7185.3000 0.4474
7185.6000 0.4476
7187.4000 0.4477
7187.4000 0.4479
7193.3000 0.4481
7195.7000 0.4483
7201.9000 0.4484
7209.0000 0.4486
7209.4000 0.4488
7210.2000 0.4490
7211.6000 0.4491
7216.4000 0.4493
7218.5000 0.4495
7223.7000 0.4497
7228.3000 0.4498
7230.2000 0.4500
7230.3000 0.4502
7233.1000 0.4503
7238.4000 0.4505
7239.1000 0.4507
7247.1000 0.4509
7251.0000 0.4510
7251.4000 0.4512
7254.1000 0.4514
7254.6000 0.4516
7254.7000 0.4517
7256.9000 0.4519
7261.4000 0.4521
7263.8000 0.4523
7273.0000 0.4524
7278.6000 0.4526
7292.7000 0.4528
7293.8000 0.4530
7301.5000 0.4531
7305.6000 0.4533
7305.9000 0.4535
7308.4000 0.4536
7314.4000 0.4538
7316.5000 0.4540
7320.1000 0.4542
7320.3000 0.4543
7320.7000 0.4545
7325.1000 0.4547
7331.2000 0.4549
7331.3000 0.4550
7347.4000 0.4552
7350.8000 0.4554
7357.1000 0.4556
7363.3000 0.4557
7364.7000 0.4559
7364.8000 0.4561
7364.9000 0.4563
7365.9000 0.4564
7374.2000 0.4566
7380.1000 0.4568
7385.3000 0.4569
7405.7000 0.4571
7408.1000 0.4573
7422.5000 0.4575
7432.8000 0.4576
7443.2000 0.4578
7446.7000 0.4580
7447.6000 0.4582
7459.1000 0.4583
7466.9000 0.4585
7467.8000 0.4587
7474.6000 0.4589
7476.9000 0.4590
7478.0000 0.4592
7483.2000 0.4594
7483.6000 0.4595
7492.1000 0.4597
7493.4000 0.4599
7494.1000 0.4601
7497.9000 0.4602
7498.3000 0.4604
7498.3000 0.4606
7502.5000 0.4608
7508.8000 0.4609
7509.6000 0.4611
7513.2000 0.4613
7516.2000 0.4615
7522.6000 0.4616
7524.4000 0.4618
7524.7000 0.4620
7524.8000 0.4622
7531.4000 0.4623
7539.0000 0.4625
7541.4000 0.4627
7542.3000 0.4628
7550.4000 0.4630
7550.5000 0.4632
7557.0000 0.4634
7571.1000 0.4635
7578.2000 0.4637
7578.7000 0.4639
7583.4000 0.4641
7585.5000 0.4642
7591.3000 0.4644
7605.8000 0.4646
7608.1000 0.4648
7613.0000 0.4649
7623.8000 0.4651
7624.0000 0.4653
7629.1000 0.4655
7636.8000 0.4656
7638.3000 0.4658
7645.0000 0.4660
7650.0000 0.4661
7650.7000 0.4663
7663.4000 0.4665
7664.6000 0.4667
7675.0000 0.4668
7679.2000 0.4670
7681.2000 0.4672
7681.5000 0.4674
7696.1000 0.4675
7700.1000 0.4677
7705.6000 0.4679
7707.6000 0.4681
7711.4000 0.4682
7722.8000 0.4684
7726.3000 0.4686
7738.7000 0.4688
7738.9000 0.4689
7745.7000 0.4691
7749.2000 0.4693
7761.8000 0.4694
7767.6000 0.4696
7774.3000 0.4698
7776.2000 0.4700
7778.7000 0.4701
7779.1000 0.4703
7781.2000 0.4705
7782.4000 0.4707
7788.7000 0.4708
7788.8000 0.4710
7792.1000 0.4712
7798.0000 0.4714
7798.8000 0.4715
7809.1000 0.4717
7809.9000 0.4719
7817.4000 0.4720
7828.0000 0.4722
7836.8000 0.4724
7840.4000 0.4726
7866.1000 0.4727
7869.6000 0.4729
7875.5000 0.4731
7898.3000 0.4733
7901.7000 0.4734
7907.8000 0.4736
7908.9000 0.4738
7913.9000 0.4740
7921.7000 0.4741
7932.3000 0.4743
7934.9000 0.4745
7938.2000 0.4747
7942.0000 0.4748
7949.5000 0.4750
7949.8000 0.4752
7964.1000 0.4753
7964.8000 0.4755
7965.0000 0.4757
7967.9000 0.4759
7974.6000 0.4760
7977.7000 0.4762
7985.9000 0.4764
7986.1000 0.4766
7994.7000 0.4767
8008.7000 0.4769
8009.6000 0.4771
8011.2000 0.4773
8020.7000 0.4774
8024.1000 0.4776
8030.2000 0.4778
8034.2000 0.4780
8035.4000 0.4781
8053.5000 0.4783
8054.3000 0.4785
8056.3000 0.4786
8060.2000 0.4788
8062.2000 0.4790
8071.9000 0.4792
8080.7000 0.4793
8082.3000 0.4795
8083.0000 0.4797
8084.4000 0.4799
8084.8000 0.4800
8089.6000 0.4802
8090.9000 0.4804
8094.8000 0.4806
8095.4000 0.4807
8100.4000 0.4809
8100.9000 0.4811
8137.1000 0.4813
8137.7000 0.4814
8138.4000 0.4816
8145.6000 0.4818
8146.5000 0.4819
8150.9000 0.4821
8152.8000 0.4823
8154.0000 0.4825
8158.5000 0.4826
8164.5000 0.4828
8167.6000 0.4830
8169.6000 0.4832
8171.4000 0.4833
8183.8000 0.4835
8188.3000 0.4837
8199.7000 0.4839
8202.5000 0.4840
8208.5000 0.4842
8214.0000 0.4844
8228.9000 0.4845
8232.2000 0.4847
8234.2000 0.4849
8238.6000 0.4851
8244.3000 0.4852
8247.2000 0.4854
8262.0000 0.4856
8265.8000 0.4858
8271.4000 0.4859
8273.5000 0.4861
8278.6000 0.4863
8285.3000 0.4865
8290.2000 0.4866
8295.6000 0.4868
8298.9000 0.4870
8310.8000 0.4872
8314.2000 0.4873
8314.2000 0.4875
8316.1000 0.4877
8323.4000 0.4878
8325.3000 0.4880
8327.8000 0.4882
8331.8000 0.4884
8336.4000 0.4885
8339.0000 0.4887
8343.7000 0.4889
8350.9000 0.4891
8352.2000 0.4892
8354.2000 0.4894
8359.2000 0.4896
8377.4000 0.4898
8382.3000 0.4899
8388.0000 0.4901
8391.6000 0.4903
8394.9000 0.4905
8404.5000 0.4906
8406.4000 0.4908
8408.2000 0.4910
8417.7000 0.4911
8423.1000 0.4913
8424.3000 0.4915
8428.1000 0.4917
8428.8000 0.4918
8445.9000 0.4920
8460.1000 0.4922
8477.3000 0.4924
8486.6000 0.4925
8487.8000 0.4927
8489.2000 0.4929
8489.9000 0.4931
8494.3000 0.4932
8495.0000 0.4934
8496.8000 0.4936
8519.0000 0.4938
8520.4000 0.4939
8526.0000 0.4941
8528.1000 0.4943
8535.6000 0.4944
8540.3000 0.4946
8543.7000 0.4948
8549.7000 0.4950
8553.5000 0.4951
8556.4000 0.4953
8556.6000 0.4955
8567.9000 0.4957
8568.6000 0.4958
8576.5000 0.4960
8579.2000 0.4962
8581.5000 0.4964
8581.7000 0.4965
8586.0000 0.4967
8594.6000 0.4969
8598.5000 0.4970
8613.6000 0.4972
8615.2000 0.4974
8615.5000 0.4976
8620.0000 0.4977
8620.8000 0.4979
8630.1000 0.4981
8634.0000 0.4983
8638.0000 0.4984
8643.4000 0.4986
8650.0000 0.4988
8652.2000 0.4990
8673.0000 0.4991
8675.3000 0.4993
8682.1000 0.4995
8685.2000 0.4997
8705.5000 0.4998
8718.8000 0.5000
8719.2000 0.5002
8720.0000 0.5003
8724.2000 0.5005
8728.5000 0.5007
8736.1000 0.5009
8745.0000 0.5010
8751.9000 0.5012
8757.3000 0.5014
8759.0000 0.5016
8761.1000 0.5017
8761.3000 0.5019
8761.6000 0.5021
8771.8000 0.5023
8781.0000 0.5024
8786.6000 0.5026
8801.8000 0.5028
8824.6000 0.5030
8825.6000 0.5031
8837.0000 0.5033
8837.5000 0.5035
8837.8000 0.5036
8838.8000 0.5038
8855.1000 0.5040
8859.3000 0.5042
8862.5000 0.5043
8865.8000 0.5045
8866.2000 0.5047
8877.0000 0.5049
8884.8000 0.5050
8885.2000 0.5052
8888.9000 0.5054
8922.4000 0.5056
8928.7000 0.5057
8931.8000 0.5059
8949.7000 0.5061
8951.9000 0.5063
8969.9000 0.5064
8971.3000 0.5066
8972.0000 0.5068
8973.5000 0.5069
8978.2000 0.5071
8980.3000 0.5073
8997.5000 0.5075
9002.2000 0.5076
9005.3000 0.5078
9017.5000 0.5080
9019.2000 0.5082
9027.9000 0.5083
9033.8000 0.5085
9044.3000 0.5087
9050.9000 0.5089
9052.6000 0.5090
9061.3000 0.5092
9067.1000 0.5094
9073.4000 0.5095
9073.8000 0.5097
9077.7000 0.5099
9087.4000 0.5101
9089.1000 0.5102
9091.5000 0.5104
9091.8000 0.5106
9092.6000 0.5108
9094.4000 0.5109
9098.6000 0.5111
9106.2000 0.5113
9136.8000 0.5115
9143.4000 0.5116
9144.8000 0.5118
9152.2000 0.5120
9154.0000 0.5122
9157.0000 0.5123
9168.5000 0.5125
9171.2000 0.5127
9181.1000 0.5128
9181.1000 0.5130
9181.6000 0.5132
9193.0000 0.5134
9199.9000 0.5135
9203.1000 0.5137
9212.3000 0.5139
9212.6000 0.5141
9215.5000 0.5142
9218.1000 0.5144
9224.3000 0.5146
9226.1000 0.5148
9227.8000 0.5149
9229.6000 0.5151
9242.1000 0.5153
9244.9000 0.5155
9249.3000 0.5156
9249.9000 0.5158
9254.2000 0.5160
9266.9000 0.5161
9270.3000 0.5163
9278.6000 0.5165
9299.5000 0.5167
9301.0000 0.5168
9315.6000 0.5170
9320.1000 0.5172
9320.2000 0.5174
9349.7000 0.5175
9377.2000 0.5177
9385.8000 0.5179
9398.0000 0.5181
9399.0000 0.5182
9399.0000 0.5184
9399.5000 0.5186
9410.9000 0.5188
9420.8000 0.5189
9423.1000 0.5191
9429.9000 0.5193
9444.1000 0.5194
9444.2000 0.5196
9444.9000 0.5198
9451.4000 0.5200
9457.0000 0.5201
9460.1000 0.5203
9461.1000 0.5205
9463.2000 0.5207
9463.5000 0.5208
9466.3000 0.5210
9472.2000 0.5212
9474.4000 0.5214
9475.4000 0.5215
9492.9000 0.5217
9493.2000 0.5219
9494.8000 0.5220
9495.3000 0.5222
9497.5000 0.5224
9501.5000 0.5226
9502.3000 0.5227
9521.5000 0.5229
9521.9000 0.5231
9527.7000 0.5233
9544.4000 0.5234
9547.4000 0.5236
9548.3000 0.5238
9549.2000 0.5240
9567.6000 0.5241
9570.7000 0.5243
9578.1000 0.5245
9583.9000 0.5247
9586.6000 0.5248
9599.0000 0.5250
9612.7000 0.5252
9619.4000 0.5253
9620.6000 0.5255
9624.2000 0.5257
9629.7000 0.5259
9630.1000 0.5260
9632.6000 0.5262
9632.6000 0.5264
9633.6000 0.5266
9639.3000 0.5267
9641.7000 0.5269
9647.2000 0.5271
9651.2000 0.5273
9652.4000 0.5274
9652.9000 0.5276
9654.0000 0.5278
9675.7000 0.5280
9678.3000 0.5281
9684.1000 0.5283
9685.9000 0.5285
9688.5000 0.5286
9693.9000 0.5288
9696.0000 0.5290
9700.1000 0.5292
9703.5000 0.5293
9706.5000 0.5295
9707.1000 0.5297
9708.7000 0.5299
9711.6000 0.5300
9718.1000 0.5302
9718.4000 0.5304
9724.6000 0.5306
9734.0000 0.5307
9739.1000 0.5309
9739.3000 0.5311
9746.7000 0.5313
9751.9000 0.5314
9752.9000 0.5316
9755.6000 0.5318
9757.3000 0.5319
9763.4000 0.5321
9764.5000 0.5323
9766.1000 0.5325
9769.5000 0.5326
9770.8000 0.5328
9773.5000 0.5330
9774.0000 0.5332
9775.6000 0.5333
9775.7000 0.5335
9778.9000 0.5337
9782.7000 0.5339
9783.8000 0.5340
9788.8000 0.5342
9791.6000 0.5344
9797.9000 0.5345
9806.5000 0.5347
9819.4000 0.5349
9819.7000 0.5351
9850.0000 0.5352
9850.2000 0.5354
9856.6000 0.5356
9856.8000 0.5358
9863.6000 0.5359
9873.8000 0.5361
9882.9000 0.5363
9890.9000 0.5365
9891.1000 0.5366
9899.8000 0.5368
9900.6000 0.5370
9903.5000 0.5372
9914.3000 0.5373
9924.2000 0.5375
9930.1000 0.5377
9938.0000 0.5378
9938.6000 0.5380
9942.1000 0.5382
9945.2000 0.5384
9947.9000 0.5385
9950.8000 0.5387
9951.3000 0.5389
9952.3000 0.5391
9959.8000 0.5392
9963.0000 0.5394
9968.6000 0.5396
9970.1000 0.5398
9976.8000 0.5399
9984.1000 0.5401
10001.4000 0.5403
10007.6000 0.5405
10009.6000 0.5406
10010.7000 0.5408
10020.7000 0.5410
10021.6000 0.5411
10025.9000 0.5413
10027.6000 0.5415
10035.2000 0.5417
10037.0000 0.5418
10042.2000 0.5420
10045.6000 0.5422
10056.5000 0.5424
10065.4000 0.5425
10072.1000 0.5427
10074.8000 0.5429
10078.9000 0.5431
10080.3000 0.5432
10087.5000 0.5434
10091.4000 0.5436
10100.9000 0.5438
10102.5000 0.5439
10109.9000 0.5441
10122.5000 0.5443
10128.2000 0.5444
10128.6000 0.5446
10129.9000 0.5448
10130.6000 0.5450
10131.6000 0.5451
10134.1000 0.5453
10136.8000 0.5455
10139.0000 0.5457
10160.6000 0.5458
10177.0000 0.5460
10189.9000 0.5462
10190.5000 0.5464
10190.9000 0.5465
10195.5000 0.5467
10197.2000 0.5469
10205.3000 0.5470
10209.1000 0.5472
10220.2000 0.5474
10226.3000 0.5476
10226.8000 0.5477
10231.9000 0.5479
10240.6000 0.5481
10243.6000 0.5483
10247.7000 0.5484
10249.0000 0.5486
10257.1000 0.5488
10257.8000 0.5490
10276.9000 0.5491
10285.9000 0.5493
10298.6000 0.5495
10301.8000 0.5497
10301.8000 0.5498
10315.9000 0.5500
10317.7000 0.5502
10318.6000 0.5503
10321.6000 0.5505
10322.3000 0.5507
10323.3000 0.5509
10328.7000 0.5510
10341.6000 0.5512
10343.0000 0.5514
10346.2000 0.5516
10350.9000 0.5517
10352.4000 0.5519
10363.7000 0.5521
10366.8000 0.5523
10367.4000 0.5524
10367.9000 0.5526
10372.9000 0.5528
10385.7000 0.5530
10386.1000 0.5531
10388.5000 0.5533
10393.1000 0.5535
10395.7000 0.5536
10399.2000 0.5538
10402.5000 0.5540
10406.5000 0.5542
10411.9000 0.5543
10414.6000 0.5545
10416.5000 0.5547
10429.4000 0.5549
10431.7000 0.5550
10432.0000 0.5552
10435.6000 0.5554
10443.0000 0.5556
10444.9000 0.5557
10471.9000 0.5559
10476.4000 0.5561
10487.8000 0.5563
10494.8000 0.5564
10498.8000 0.5566
10500.3000 0.5568
10514.5000 0.5569
10514.6000 0.5571
10514.8000 0.5573
10516.3000 0.5575
10522.7000 0.5576
10529.2000 0.5578
10530.7000 0.5580
10542.2000 0.5582
10549.9000 0.5583
10561.6000 0.5585
10563.1000 0.5587
10564.0000 0.5589
10570.8000 0.5590
10573.1000 0.5592
10577.2000 0.5594
10586.6000 0.5595
10588.4000 0.5597
10594.1000 0.5599
10597.8000 0.5601
10601.7000 0.5602
10610.5000 0.5604
10618.1000 0.5606
10621.5000 0.5608
10622.7000 0.5609
10623.6000 0.5611
10632.9000 0.5613
10635.2000 0.5615
10639.0000 0.5616
10640.8000 0.5618
10641.2000 0.5620
10645.5000 0.5622
10649.0000 0.5623
10649.3000 0.5625
10654.8000 0.5627
10656.9000 0.5628
10658.2000 0.5630
10665.9000 0.5632
10675.2000 0.5634
10677.3000 0.5635
10684.5000 0.5637
10694.6000 0.5639
10694.9000 0.5641
10699.9000 0.5642
10705.3000 0.5644
10715.3000 0.5646
10725.2000 0.5648
10729.9000 0.5649
10730.5000 0.5651
10732.1000 0.5653
10734.2000 0.5655
10734.9000 0.5656
10743.1000 0.5658
10751.8000 0.5660
10752.3000 0.5661
10765.2000 0.5663
10770.7000 0.5665
10772.1000 0.5667
10773.0000 0.5668
10778.2000 0.5670
10801.7000 0.5672
10803.1000 0.5674
10804.2000 0.5675
10805.7000 0.5677
10808.9000 0.5679
10818.4000 0.5681
10823.4000 0.5682
10827.5000 0.5684
10835.6000 0.5686
10836.3000 0.5688
10841.3000 0.5689
10852.2000 0.5691
10852.6000 0.5693
10857.1000 0.5694
10859.6000 0.5696
10860.0000 0.5698
10864.1000 0.5700
10864.2000 0.5701
10865.8000 0.5703
10867.7000 0.5705
10870.7000 0.5707
10875.2000 0.5708
10877.6000 0.5710
10885.7000 0.5712
10890.0000 0.5714
10890.1000 0.5715
10894.4000 0.5717
10894.4000 0.5719
10897.8000 0.5720
10899.8000 0.5722
10902.6000 0.5724
10913.1000 0.5726
10913.3000 0.5727
10917.3000 0.5729
10925.0000 0.5731
10926.3000 0.5733
10928.7000 0.5734
10930.5000 0.5736
10931.0000 0.5738
10931.1000 0.5740
10934.9000 0.5741
10939.6000 0.5743
10939.7000 0.5745
10941.4000 0.5747
10942.2000 0.5748
10944.1000 0.5750
10946.0000 0.5752
10947.1000 0.5753
10948.4000 0.5755
10958.4000 0.5757
10969.7000 0.5759
10988.2000 0.5760
10993.1000 0.5762
10999.3000 0.5764
11000.3000 0.5766
11004.8000 0.5767
11009.2000 0.5769
11009.8000 0.5771
11010.6000 0.5773
11012.0000 0.5774
11014.6000 0.5776
11018.5000 0.5778
11019.6000 0.5780
11021.7000 0.5781
11021.8000 0.5783
11025.2000 0.5785
11052.2000 0.5786
11053.1000 0.5788
11056.4000 0.5790
11058.6000 0.5792
11061.3000 0.5793
11073.4000 0.5795
11083.9000 0.5797
11084.8000 0.5799
11086.3000 0.5800
11088.5000 0.5802
11089.4000 0.5804
11111.2000 0.5806
11131.2000 0.5807
11147.0000 0.5809
11147.5000 0.5811
11156.3000 0.5813
11158.3000 0.5814
11164.0000 0.5816
11164.4000 0.5818
11167.3000 0.5819
11168.3000 0.5821
11169.7000 0.5823
11173.7000 0.5825
11180.6000 0.5826
11193.7000 0.5828
11195.2000 0.5830
11195.3000 0.5832
11203.8000 0.5833
11204.2000 0.5835
11225.8000 0.5837
11228.1000 0.5839
11230.9000 0.5840
11232.3000 0.5842
11233.8000 0.5844
11234.4000 0.5845
11241.5000 0.5847
11243.3000 0.5849
11245.0000 0.5851
11253.6000 0.5852
11255.2000 0.5854
11262.0000 0.5856
11263.8000 0.5858
11270.0000 0.5859
11274.4000 0.5861
11277.2000 0.5863
11289.1000 0.5865
11290.4000 0.5866
11294.1000 0.5868
11302.8000 0.5870
11304.5000 0.5872
11321.9000 0.5873
11330.6000 0.5875
11350.9000 0.5877
11352.9000 0.5878
11353.4000 0.5880
11356.1000 0.5882
11365.1000 0.5884
11365.9000 0.5885
11373.2000 0.5887
11378.5000 0.5889
11387.0000 0.5891
11392.9000 0.5892
11401.0000 0.5894
11409.2000 0.5896
11413.5000 0.5898
11417.1000 0.5899
11441.3000 0.5901
11447.0000 0.5903
11451.2000 0.5905
11452.5000 0.5906
11454.2000 0.5908
11464.4000 0.5910
11478.2000 0.5911
11480.5000 0.5913
11487.0000 0.5915
11496.2000 0.5917
11502.7000 0.5918
11507.9000 0.5920
11511.3000 0.5922
11516.3000 0.5924
11519.8000 0.5925
11521.8000 0.5927
11527.0000 0.5929
11533.1000 0.5931
11535.3000 0.5932
11536.2000 0.5934
11538.3000 0.5936
11547.5000 0.5938
11548.1000 0.5939
11549.7000 0.5941
11550.5000 0.5943
11554.6000 0.5944
11558.0000 0.5946
11559.6000 0.5948
11561.7000 0.5950
11564.5000 0.5951
11582.1000 0.5953
11600.5000 0.5955
11617.9000 0.5957
11619.3000 0.5958
11626.0000 0.5960
11626.9000 0.5962
11630.0000 0.5964
11633.4000 0.5965
11636.8000 0.5967
11640.4000 0.5969
11653.2000 0.5970
11654.5000 0.5972
11667.9000 0.5974
11679.4000 0.5976
11682.3000 0.5977
11691.3000 0.5979
11693.2000 0.5981
11693.6000 0.5983
11699.7000 0.5984
11708.5000 0.5986
11717.6000 0.5988
11719.3000 0.5990
11721.6000 0.5991
11723.9000 0.5993
11726.8000 0.5995
11739.0000 0.5997
11747.9000 0.5998
11749.0000 0.6000
11752.8000 0.6002
11765.3000 0.6003
11766.2000 0.6005
11787.4000 0.6007
11795.3000 0.6009
11803.8000 0.6010
11807.7000 0.6012
11820.4000 0.6014
11832.8000 0.6016
11838.5000 0.6017
11839.9000 0.6019
11842.8000 0.6021
11843.0000 0.6023
11847.5000 0.6024
11857.3000 0.6026
11862.1000 0.6028
11864.6000 0.6030
11867.2000 0.6031
11882.3000 0.6033
11893.7000 0.6035
11895.7000 0.6036
11900.3000 0.6038
11907.9000 0.6040
11910.2000 0.6042
11914.5000 0.6043
11934.4000 0.6045
11938.2000 0.6047
11938.7000 0.6049
11939.1000 0.6050
11940.7000 0.6052
11949.2000 0.6054
11950.6000 0.6056
11955.4000 0.6057
11957.1000 0.6059
11959.6000 0.6061
11959.6000 0.6063
11966.9000 0.6064
11968.9000 0.6066
11971.6000 0.6068
