# messageDelay  cumulativeProbability
5.0000 0.0000
5.0000 0.0001
5.0000 0.0001
5.0000 0.0001
5.0000 0.0002
5.0000 0.0002
5.0000 0.0002
5.0000 0.0003
5.0000 0.0003
5.0000 0.0003
5.0000 0.0004
5.0000 0.0004
5.0000 0.0005
5.0000 0.0005
5.0000 0.0005
5.0000 0.0006
5.0000 0.0006
5.0000 0.0006
5.0000 0.0007
5.0000 0.0007
5.0000 0.0007
5.0000 0.0008
5.0000 0.0008
5.0000 0.0008
5.0000 0.0009
5.0000 0.0009
5.0000 0.0009
5.0000 0.0010
5.0000 0.0010
5.0000 0.0010
5.0000 0.0011
5.0000 0.0011
5.0000 0.0011
5.0000 0.0012
5.0000 0.0012
5.0000 0.0013
5.0000 0.0013
5.0000 0.0013
5.0000 0.0014
5.0000 0.0014
5.0000 0.0014
5.0000 0.0015
5.0000 0.0015
5.0000 0.0015
5.0000 0.0016
5.0000 0.0016
5.0000 0.0016
5.0000 0.0017
5.0000 0.0017
5.0000 0.0017
5.0000 0.0018
5.0000 0.0018
5.0000 0.0018
5.0000 0.0019
5.0000 0.0019
5.0000 0.0019
5.0000 0.0020
5.0000 0.0020
5.0000 0.0020
5.0000 0.0021
5.0000 0.0021
5.0000 0.0022
5.0000 0.0022
5.0000 0.0022
5.0000 0.0023
5.0000 0.0023
5.0000 0.0023
5.0000 0.0024
5.0000 0.0024
5.0000 0.0024
5.1000 0.0025
5.4000 0.0025
5.5000 0.0025
5.6000 0.0026
5.6000 0.0026
5.6000 0.0026
5.9000 0.0027
6.0000 0.0027
6.0000 0.0027
6.0000 0.0028
6.0000 0.0028
6.0000 0.0028
6.6000 0.0029
6.7000 0.0029
6.7000 0.0030
6.9000 0.0030
7.0000 0.0030
7.0000 0.0031
7.0000 0.0031
7.0000 0.0031
7.0000 0.0032
7.0000 0.0032
7.0000 0.0032
7.0000 0.0033
7.6000 0.0033
7.9000 0.0033
8.0000 0.0034
8.0000 0.0034
8.0000 0.0034
8.0000 0.0035
8.0000 0.0035
8.2000 0.0035
8.4000 0.0036
8.7000 0.0036
9.0000 0.0036
9.0000 0.0037
9.0000 0.0037
9.0000 0.0037
9.5000 0.0038
10.0000 0.0038
10.0000 0.0039
10.0000 0.0039
10.0000 0.0039
10.0000 0.0040
10.0000 0.0040
10.8000 0.0040
10.9000 0.0041
14.1000 0.0041
14.3000 0.0041
15.1000 0.0042
15.4000 0.0042
16.1000 0.0042
17.2000 0.0043
17.4000 0.0043
18.0000 0.0043
18.1000 0.0044
22.4000 0.0044
30.5000 0.0044
33.2000 0.0045
36.9000 0.0045
39.4000 0.0045
54.0000 0.0046
62.3000 0.0046
70.8000 0.0047
76.9000 0.0047
77.1000 0.0047
80.1000 0.0048
81.3000 0.0048
83.0000 0.0048
84.2000 0.0049
111.5000 0.0049
137.2000 0.0049
151.5000 0.0050
161.5000 0.0050
163.7000 0.0050
179.0000 0.0051
184.2000 0.0051
188.4000 0.0051
207.6000 0.0052
213.5000 0.0052
217.0000 0.0052
226.0000 0.0053
235.3000 0.0053
248.6000 0.0053
249.7000 0.0054
254.1000 0.0054
258.4000 0.0055
266.7000 0.0055
293.7000 0.0055
296.2000 0.0056
298.2000 0.0056
301.9000 0.0056
308.1000 0.0057
310.1000 0.0057
325.7000 0.0057
326.4000 0.0058
328.1000 0.0058
330.1000 0.0058
350.1000 0.0059
354.0000 0.0059
356.9000 0.0059
358.0000 0.0060
365.3000 0.0060
367.1000 0.0060
367.5000 0.0061
369.6000 0.0061
370.5000 0.0061
379.6000 0.0062
391.7000 0.0062
393.9000 0.0063
398.5000 0.0063
399.1000 0.0063
400.1000 0.0064
400.6000 0.0064
404.0000 0.0064
404.4000 0.0065
406.7000 0.0065
411.1000 0.0065
412.6000 0.0066
413.7000 0.0066
417.9000 0.0066
420.0000 0.0067
422.0000 0.0067
426.9000 0.0067
427.2000 0.0068
428.3000 0.0068
428.6000 0.0068
430.4000 0.0069
430.7000 0.0069
434.3000 0.0069
434.9000 0.0070
441.8000 0.0070
443.2000 0.0070
443.8000 0.0071
447.9000 0.0071
450.6000 0.0072
455.6000 0.0072
456.6000 0.0072
464.4000 0.0073
464.8000 0.0073
471.2000 0.0073
475.6000 0.0074
478.0000 0.0074
483.0000 0.0074
484.7000 0.0075
485.0000 0.0075
486.7000 0.0075
488.6000 0.0076
491.3000 0.0076
491.3000 0.0076
497.4000 0.0077
500.1000 0.0077
503.9000 0.0077
507.0000 0.0078
508.4000 0.0078
508.5000 0.0078
511.7000 0.0079
513.9000 0.0079
514.5000 0.0080
529.3000 0.0080
532.8000 0.0080
541.0000 0.0081
541.4000 0.0081
542.3000 0.0081
545.3000 0.0082
553.4000 0.0082
556.2000 0.0082
556.3000 0.0083
561.6000 0.0083
574.6000 0.0083
579.5000 0.0084
581.0000 0.0084
581.4000 0.0084
583.2000 0.0085
588.0000 0.0085
589.6000 0.0085
593.1000 0.0086
594.8000 0.0086
601.3000 0.0086
602.2000 0.0087
602.6000 0.0087
609.6000 0.0088
609.9000 0.0088
611.3000 0.0088
613.1000 0.0089
614.3000 0.0089
614.5000 0.0089
615.6000 0.0090
618.8000 0.0090
623.5000 0.0090
629.4000 0.0091
632.3000 0.0091
634.3000 0.0091
636.7000 0.0092
638.7000 0.0092
639.6000 0.0092
639.9000 0.0093
640.6000 0.0093
640.6000 0.0093
643.4000 0.0094
644.2000 0.0094
647.9000 0.0094
649.0000 0.0095
650.7000 0.0095
652.2000 0.0095
653.5000 0.0096
653.6000 0.0096
653.9000 0.0097
658.3000 0.0097
658.7000 0.0097
660.0000 0.0098
663.6000 0.0098
664.4000 0.0098
669.3000 0.0099
670.0000 0.0099
676.6000 0.0099
676.6000 0.0100
678.6000 0.0100
680.9000 0.0100
681.6000 0.0101
683.1000 0.0101
683.2000 0.0101
683.6000 0.0102
689.4000 0.0102
694.8000 0.0102
694.9000 0.0103
695.5000 0.0103
700.4000 0.0103
701.2000 0.0104
702.0000 0.0104
704.5000 0.0105
705.6000 0.0105
709.2000 0.0105
717.0000 0.0106
718.1000 0.0106
718.7000 0.0106
722.8000 0.0107
725.1000 0.0107
725.9000 0.0107
728.0000 0.0108
732.1000 0.0108
733.6000 0.0108
734.8000 0.0109
735.1000 0.0109
735.2000 0.0109
737.6000 0.0110
742.9000 0.0110
745.6000 0.0110
745.7000 0.0111
746.2000 0.0111
749.7000 0.0111
752.1000 0.0112
757.0000 0.0112
757.6000 0.0113
762.1000 0.0113
762.2000 0.0113
771.7000 0.0114
773.2000 0.0114
773.3000 0.0114
775.4000 0.0115
775.5000 0.0115
777.0000 0.0115
777.4000 0.0116
777.6000 0.0116
778.5000 0.0116
780.1000 0.0117
780.8000 0.0117
782.5000 0.0117
782.6000 0.0118
782.6000 0.0118
784.4000 0.0118
784.7000 0.0119
787.0000 0.0119
789.0000 0.0119
798.6000 0.0120
800.9000 0.0120
800.9000 0.0120
802.6000 0.0121
803.0000 0.0121
803.0000 0.0122
803.2000 0.0122
804.2000 0.0122
804.8000 0.0123
805.5000 0.0123
807.6000 0.0123
809.7000 0.0124
814.0000 0.0124
816.5000 0.0124
818.4000 0.0125
818.5000 0.0125
818.6000 0.0125
821.6000 0.0126
822.1000 0.0126
822.2000 0.0126
822.3000 0.0127
823.0000 0.0127
832.4000 0.0127
833.6000 0.0128
835.2000 0.0128
841.9000 0.0128
845.8000 0.0129
848.6000 0.0129
853.5000 0.0130
854.4000 0.0130
855.7000 0.0130
857.1000 0.0131
857.5000 0.0131
860.2000 0.0131
860.7000 0.0132
862.1000 0.0132
863.7000 0.0132
868.0000 0.0133
872.6000 0.0133
874.0000 0.0133
875.7000 0.0134
875.9000 0.0134
877.4000 0.0134
879.7000 0.0135
879.9000 0.0135
883.9000 0.0135
886.1000 0.0136
886.2000 0.0136
887.1000 0.0136
890.3000 0.0137
893.5000 0.0137
896.2000 0.0138
897.5000 0.0138
901.3000 0.0138
904.3000 0.0139
904.8000 0.0139
906.6000 0.0139
907.2000 0.0140
909.0000 0.0140
909.3000 0.0140
911.4000 0.0141
913.0000 0.0141
913.3000 0.0141
917.7000 0.0142
918.6000 0.0142
919.5000 0.0142
923.7000 0.0143
924.3000 0.0143
927.3000 0.0143
931.0000 0.0144
934.9000 0.0144
935.3000 0.0144
936.8000 0.0145
937.9000 0.0145
949.2000 0.0145
952.1000 0.0146
955.6000 0.0146
957.9000 0.0147
958.2000 0.0147
960.8000 0.0147
961.8000 0.0148
966.2000 0.0148
968.2000 0.0148
968.9000 0.0149
969.9000 0.0149
972.0000 0.0149
975.1000 0.0150
977.6000 0.0150
978.1000 0.0150
978.4000 0.0151
979.6000 0.0151
981.4000 0.0151
982.8000 0.0152
983.3000 0.0152
983.6000 0.0152
983.6000 0.0153
985.1000 0.0153
987.2000 0.0153
988.0000 0.0154
988.4000 0.0154
989.7000 0.0155
989.9000 0.0155
990.5000 0.0155
997.6000 0.0156
999.6000 0.0156
999.7000 0.0156
1001.5000 0.0157
1005.9000 0.0157
1006.0000 0.0157
1008.0000 0.0158
1009.3000 0.0158
1009.3000 0.0158
1014.6000 0.0159
1014.8000 0.0159
1015.1000 0.0159
1015.4000 0.0160
1017.0000 0.0160
1017.2000 0.0160
1018.2000 0.0161
1018.3000 0.0161
1018.8000 0.0161
1019.9000 0.0162
1020.1000 0.0162
1021.3000 0.0163
1026.8000 0.0163
1027.0000 0.0163
1027.0000 0.0164
1027.9000 0.0164
1028.5000 0.0164
1034.5000 0.0165
1035.4000 0.0165
1035.9000 0.0165
1037.2000 0.0166
1037.3000 0.0166
1039.4000 0.0166
1041.2000 0.0167
1041.5000 0.0167
1042.0000 0.0167
1043.2000 0.0168
1044.4000 0.0168
1045.7000 0.0168
1046.4000 0.0169
1048.0000 0.0169
1048.7000 0.0169
1049.3000 0.0170
1051.8000 0.0170
1052.3000 0.0170
1054.2000 0.0171
1058.1000 0.0171
1061.0000 0.0172
1062.1000 0.0172
1062.2000 0.0172
1062.7000 0.0173
1063.9000 0.0173
1069.0000 0.0173
1071.6000 0.0174
1076.8000 0.0174
1079.5000 0.0174
1081.8000 0.0175
1084.2000 0.0175
1085.6000 0.0175
1088.9000 0.0176
1091.4000 0.0176
1092.6000 0.0176
1094.4000 0.0177
1094.9000 0.0177
1095.6000 0.0177
1096.4000 0.0178
1096.4000 0.0178
1098.9000 0.0178
1100.0000 0.0179
1103.4000 0.0179
1106.4000 0.0180
1106.6000 0.0180
1111.0000 0.0180
1112.9000 0.0181
1114.8000 0.0181
1115.1000 0.0181
1115.6000 0.0182
1116.5000 0.0182
1118.3000 0.0182
1119.6000 0.0183
1120.3000 0.0183
1123.4000 0.0183
1123.6000 0.0184
1124.3000 0.0184
1124.4000 0.0184
1126.2000 0.0185
1129.1000 0.0185
1129.5000 0.0185
1131.4000 0.0186
1135.0000 0.0186
1135.7000 0.0186
1143.9000 0.0187
1144.5000 0.0187
1146.5000 0.0187
1147.1000 0.0188
1147.3000 0.0188
1148.7000 0.0189
1151.4000 0.0189
1154.6000 0.0189
1155.4000 0.0190
1155.5000 0.0190
1156.2000 0.0190
1157.1000 0.0191
1157.8000 0.0191
1159.0000 0.0191
1160.6000 0.0192
1162.7000 0.0192
1162.9000 0.0192
1163.0000 0.0193
1164.6000 0.0193
1165.3000 0.0193
1168.1000 0.0194
1172.1000 0.0194
1173.1000 0.0194
1175.7000 0.0195
1179.6000 0.0195
1183.0000 0.0195
1187.6000 0.0196
1188.9000 0.0196
1190.0000 0.0197
1192.4000 0.0197
1194.0000 0.0197
1194.9000 0.0198
1197.0000 0.0198
1198.4000 0.0198
1200.9000 0.0199
1202.1000 0.0199
1204.6000 0.0199
1210.0000 0.0200
1210.2000 0.0200
1211.6000 0.0200
1211.6000 0.0201
1217.9000 0.0201
1218.8000 0.0201
1219.6000 0.0202
1221.1000 0.0202
1221.2000 0.0202
1221.5000 0.0203
1222.6000 0.0203
1226.0000 0.0203
1226.4000 0.0204
1229.0000 0.0204
1229.7000 0.0205
1231.4000 0.0205
1231.6000 0.0205
1233.3000 0.0206
1235.3000 0.0206
1236.6000 0.0206
1239.1000 0.0207
1242.8000 0.0207
1246.4000 0.0207
1246.6000 0.0208
1248.7000 0.0208
1250.9000 0.0208
1251.0000 0.0209
1251.4000 0.0209
1254.5000 0.0209
1254.8000 0.0210
1254.8000 0.0210
1257.2000 0.0210
1259.4000 0.0211
1261.5000 0.0211
1261.9000 0.0211
1263.3000 0.0212
1263.6000 0.0212
1265.7000 0.0212
1268.0000 0.0213
1268.4000 0.0213
1269.7000 0.0214
1270.3000 0.0214
1273.3000 0.0214
1273.4000 0.0215
1277.5000 0.0215
1279.3000 0.0215
1279.7000 0.0216
1280.3000 0.0216
1280.6000 0.0216
1281.2000 0.0217
1284.0000 0.0217
1285.3000 0.0217
1286.6000 0.0218
1288.8000 0.0218
1289.5000 0.0218
1291.6000 0.0219
1291.9000 0.0219
1292.8000 0.0219
1294.2000 0.0220
1298.7000 0.0220
1299.2000 0.0220
1301.7000 0.0221
1303.4000 0.0221
1304.5000 0.0222
1304.8000 0.0222
1308.3000 0.0222
1308.6000 0.0223
1310.0000 0.0223
1310.0000 0.0223
1310.8000 0.0224
1310.9000 0.0224
1311.0000 0.0224
1314.3000 0.0225
1316.1000 0.0225
1322.5000 0.0225
1323.0000 0.0226
1323.6000 0.0226
1324.1000 0.0226
1326.9000 0.0227
1328.4000 0.0227
1331.1000 0.0227
1331.6000 0.0228
1333.8000 0.0228
1338.3000 0.0228
1341.3000 0.0229
1343.0000 0.0229
1345.6000 0.0230
1346.5000 0.0230
1352.3000 0.0230
1352.7000 0.0231
1353.4000 0.0231
1353.7000 0.0231
1354.5000 0.0232
1357.8000 0.0232
1358.6000 0.0232
1359.9000 0.0233
1360.0000 0.0233
1366.3000 0.0233
1366.5000 0.0234
1371.8000 0.0234
1376.6000 0.0234
1377.3000 0.0235
1380.3000 0.0235
1383.1000 0.0235
1383.7000 0.0236
1391.5000 0.0236
1396.6000 0.0236
1402.3000 0.0237
1404.3000 0.0237
1405.1000 0.0237
1405.7000 0.0238
1408.5000 0.0238
1408.6000 0.0239
1409.0000 0.0239
1409.0000 0.0239
1415.1000 0.0240
1416.5000 0.0240
1418.1000 0.0240
1419.0000 0.0241
1419.5000 0.0241
1420.5000 0.0241
1422.6000 0.0242
1425.2000 0.0242
1426.4000 0.0242
1428.1000 0.0243
1428.3000 0.0243
1428.6000 0.0243
1428.9000 0.0244
1431.1000 0.0244
1433.8000 0.0244
1433.9000 0.0245
1434.3000 0.0245
1435.0000 0.0245
1437.9000 0.0246
1438.7000 0.0246
1440.4000 0.0247
1447.8000 0.0247
1451.3000 0.0247
1452.1000 0.0248
1452.6000 0.0248
1452.8000 0.0248
1452.9000 0.0249
1454.2000 0.0249
1456.5000 0.0249
1458.2000 0.0250
1462.6000 0.0250
1466.2000 0.0250
1468.0000 0.0251
1468.2000 0.0251
1468.5000 0.0251
1471.9000 0.0252
1473.5000 0.0252
1474.9000 0.0252
1474.9000 0.0253
1484.6000 0.0253
1484.9000 0.0253
1490.1000 0.0254
1496.9000 0.0254
1498.9000 0.0255
1499.6000 0.0255
1500.6000 0.0255
1502.5000 0.0256
1504.4000 0.0256
1505.9000 0.0256
1506.0000 0.0257
1507.6000 0.0257
1508.7000 0.0257
1509.1000 0.0258
1509.8000 0.0258
1518.0000 0.0258
1520.9000 0.0259
1521.4000 0.0259
1521.6000 0.0259
1524.3000 0.0260
1525.6000 0.0260
1527.5000 0.0260
1527.9000 0.0261
1529.2000 0.0261
1537.6000 0.0261
1540.8000 0.0262
1544.6000 0.0262
1547.7000 0.0262
1548.5000 0.0263
1549.0000 0.0263
1553.2000 0.0264
1553.6000 0.0264
1556.1000 0.0264
1556.4000 0.0265
1559.8000 0.0265
1560.1000 0.0265
1562.9000 0.0266
1564.2000 0.0266
1566.7000 0.0266
1568.8000 0.0267
1571.8000 0.0267
1572.6000 0.0267
1572.8000 0.0268
1576.0000 0.0268
1577.2000 0.0268
1578.2000 0.0269
1581.0000 0.0269
1582.3000 0.0269
1583.3000 0.0270
1583.4000 0.0270
1585.1000 0.0270
1586.0000 0.0271
1586.7000 0.0271
1587.3000 0.0272
1587.4000 0.0272
1589.1000 0.0272
1590.4000 0.0273
1593.2000 0.0273
1593.6000 0.0273
1595.0000 0.0274
1595.2000 0.0274
1596.3000 0.0274
1608.1000 0.0275
1608.5000 0.0275
1608.5000 0.0275
1609.6000 0.0276
1612.7000 0.0276
1614.7000 0.0276
1616.0000 0.0277
1620.3000 0.0277
1621.0000 0.0277
1621.5000 0.0278
1623.0000 0.0278
1625.2000 0.0278
1629.4000 0.0279
1629.8000 0.0279
1635.1000 0.0280
1637.1000 0.0280
1637.7000 0.0280
1638.2000 0.0281
1640.1000 0.0281
1642.0000 0.0281
1643.2000 0.0282
1646.0000 0.0282
1647.2000 0.0282
1650.9000 0.0283
1655.6000 0.0283
1657.7000 0.0283
1666.4000 0.0284
1666.5000 0.0284
1671.4000 0.0284
1677.0000 0.0285
1683.5000 0.0285
1692.0000 0.0285
1694.6000 0.0286
1695.6000 0.0286
1695.9000 0.0286
1696.2000 0.0287
1697.3000 0.0287
1698.4000 0.0287
1698.5000 0.0288
1703.3000 0.0288
1703.7000 0.0289
1705.9000 0.0289
1712.0000 0.0289
1712.3000 0.0290
1713.9000 0.0290
1718.0000 0.0290
1719.0000 0.0291
1719.0000 0.0291
1719.1000 0.0291
1724.1000 0.0292
1727.2000 0.0292
1727.3000 0.0292
1727.4000 0.0293
1728.8000 0.0293
1735.2000 0.0293
1735.3000 0.0294
1736.9000 0.0294
1740.8000 0.0294
1741.8000 0.0295
1745.5000 0.0295
1746.1000 0.0295
1746.2000 0.0296
1746.3000 0.0296
1746.9000 0.0297
1747.3000 0.0297
1748.1000 0.0297
1753.1000 0.0298
1754.1000 0.0298
1757.6000 0.0298
1758.5000 0.0299
1759.9000 0.0299
1760.3000 0.0299
1760.9000 0.0300
1764.0000 0.0300
1764.7000 0.0300
1769.2000 0.0301
1772.1000 0.0301
1772.9000 0.0301
1776.6000 0.0302
1780.2000 0.0302
1781.0000 0.0302
1785.6000 0.0303
1788.3000 0.0303
1789.7000 0.0303
1793.1000 0.0304
1793.8000 0.0304
1793.8000 0.0305
1794.6000 0.0305
1795.1000 0.0305
1795.2000 0.0306
1795.3000 0.0306
1804.1000 0.0306
1807.4000 0.0307
1812.7000 0.0307
1813.8000 0.0307
1815.8000 0.0308
1818.9000 0.0308
1822.0000 0.0308
1824.2000 0.0309
1824.5000 0.0309
1827.5000 0.0309
1828.3000 0.0310
1828.4000 0.0310
1829.9000 0.0310
1830.0000 0.0311
1831.0000 0.0311
1831.9000 0.0311
1838.1000 0.0312
1838.2000 0.0312
1839.0000 0.0312
1839.1000 0.0313
1839.2000 0.0313
1843.9000 0.0314
1850.0000 0.0314
1856.2000 0.0314
1863.3000 0.0315
1865.1000 0.0315
1867.9000 0.0315
1872.2000 0.0316
1876.8000 0.0316
1878.5000 0.0316
1881.0000 0.0317
1885.4000 0.0317
1886.5000 0.0317
1887.8000 0.0318
1892.8000 0.0318
1898.5000 0.0318
1901.5000 0.0319
1901.6000 0.0319
1902.5000 0.0319
1902.9000 0.0320
1907.6000 0.0320
1908.3000 0.0320
1908.6000 0.0321
1909.0000 0.0321
1909.1000 0.0322
1913.6000 0.0322
1913.8000 0.0322
1918.5000 0.0323
1920.6000 0.0323
1922.3000 0.0323
1922.5000 0.0324
1923.8000 0.0324
1923.8000 0.0324
1925.7000 0.0325
1931.6000 0.0325
1934.8000 0.0325
1942.1000 0.0326
1944.6000 0.0326
1945.9000 0.0326
1951.0000 0.0327
1955.8000 0.0327
1956.6000 0.0327
1956.7000 0.0328
1961.3000 0.0328
1962.4000 0.0328
1966.7000 0.0329
1973.0000 0.0329
1973.8000 0.0330
1975.0000 0.0330
1977.6000 0.0330
1979.4000 0.0331
1979.9000 0.0331
1981.9000 0.0331
1982.0000 0.0332
1982.3000 0.0332
1982.6000 0.0332
1983.3000 0.0333
1985.6000 0.0333
1989.2000 0.0333
1990.1000 0.0334
1990.2000 0.0334
1990.2000 0.0334
1990.9000 0.0335
1993.0000 0.0335
1994.6000 0.0335
1994.6000 0.0336
1997.4000 0.0336
2000.7000 0.0336
2002.3000 0.0337
2005.4000 0.0337
2006.3000 0.0337
2008.5000 0.0338
2008.9000 0.0338
2011.3000 0.0339
2011.6000 0.0339
2013.9000 0.0339
2018.1000 0.0340
2019.2000 0.0340
2021.2000 0.0340
2023.9000 0.0341
2024.8000 0.0341
2031.0000 0.0341
2031.3000 0.0342
2031.9000 0.0342
2034.0000 0.0342
2035.1000 0.0343
2035.6000 0.0343
2035.9000 0.0343
2038.8000 0.0344
2041.3000 0.0344
2041.4000 0.0344
2043.1000 0.0345
2043.4000 0.0345
2045.7000 0.0345
2048.1000 0.0346
2050.2000 0.0346
2053.1000 0.0347
2053.7000 0.0347
2054.4000 0.0347
2054.6000 0.0348
2055.0000 0.0348
2055.8000 0.0348
2056.3000 0.0349
2056.8000 0.0349
2059.5000 0.0349
2060.4000 0.0350
2062.4000 0.0350
2064.1000 0.0350
2067.5000 0.0351
2068.2000 0.0351
2068.3000 0.0351
2068.6000 0.0352
2074.4000 0.0352
2074.5000 0.0352
2077.7000 0.0353
2078.8000 0.0353
2079.3000 0.0353
2083.1000 0.0354
2083.1000 0.0354
2086.6000 0.0355
2088.8000 0.0355
2089.1000 0.0355
2092.1000 0.0356
2093.5000 0.0356
2099.7000 0.0356
2101.6000 0.0357
2103.3000 0.0357
2106.0000 0.0357
2106.4000 0.0358
2106.5000 0.0358
2108.5000 0.0358
2111.9000 0.0359
2112.6000 0.0359
2113.0000 0.0359
2113.5000 0.0360
2114.4000 0.0360
2114.9000 0.0360
2115.0000 0.0361
2115.7000 0.0361
2119.3000 0.0361
2121.7000 0.0362
2122.2000 0.0362
2126.1000 0.0362
2133.5000 0.0363
2136.0000 0.0363
2137.4000 0.0364
2137.9000 0.0364
2141.9000 0.0364
2145.2000 0.0365
2145.5000 0.0365
2148.4000 0.0365
2149.1000 0.0366
2149.8000 0.0366
2153.8000 0.0366
2154.5000 0.0367
2156.5000 0.0367
2157.4000 0.0367
2161.1000 0.0368
2169.8000 0.0368
2172.1000 0.0368
2177.1000 0.0369
2179.1000 0.0369
2179.2000 0.0369
2182.5000 0.0370
2183.6000 0.0370
2186.5000 0.0370
2186.8000 0.0371
2188.7000 0.0371
2192.7000 0.0372
2195.1000 0.0372
2196.0000 0.0372
2199.0000 0.0373
2200.6000 0.0373
2201.3000 0.0373
2210.3000 0.0374
2210.7000 0.0374
2215.1000 0.0374
2217.5000 0.0375
2218.7000 0.0375
2222.9000 0.0375
2223.2000 0.0376
2227.0000 0.0376
2229.1000 0.0376
2231.7000 0.0377
2240.8000 0.0377
2242.4000 0.0377
2242.7000 0.0378
2244.7000 0.0378
2244.9000 0.0378
2245.0000 0.0379
2245.8000 0.0379
2249.1000 0.0380
2249.1000 0.0380
2250.2000 0.0380
2251.2000 0.0381
2251.9000 0.0381
2252.0000 0.0381
2252.4000 0.0382
2254.3000 0.0382
2255.3000 0.0382
2256.5000 0.0383
2257.6000 0.0383
2258.9000 0.0383
2261.6000 0.0384
2262.0000 0.0384
2266.6000 0.0384
2267.1000 0.0385
2271.4000 0.0385
2276.5000 0.0385
2277.5000 0.0386
2279.0000 0.0386
2279.1000 0.0386
2279.3000 0.0387
2284.0000 0.0387
2284.6000 0.0387
2284.9000 0.0388
2286.2000 0.0388
2287.4000 0.0389
2288.1000 0.0389
2290.4000 0.0389
2290.4000 0.0390
2291.3000 0.0390
2292.6000 0.0390
2296.9000 0.0391
2297.3000 0.0391
2298.5000 0.0391
2299.2000 0.0392
2300.4000 0.0392
2301.6000 0.0392
2301.9000 0.0393
2305.6000 0.0393
2311.6000 0.0393
2322.2000 0.0394
2324.2000 0.0394
2324.3000 0.0394
2330.6000 0.0395
2340.0000 0.0395
2347.7000 0.0395
2352.2000 0.0396
2354.1000 0.0396
2354.2000 0.0397
2356.0000 0.0397
2358.7000 0.0397
2359.0000 0.0398
2362.2000 0.0398
2370.3000 0.0398
2372.5000 0.0399
2376.5000 0.0399
2377.0000 0.0399
2380.7000 0.0400
2389.0000 0.0400
2392.3000 0.0400
2394.8000 0.0401
2395.1000 0.0401
2396.6000 0.0401
2398.4000 0.0402
2398.4000 0.0402
2399.8000 0.0402
2400.7000 0.0403
2406.7000 0.0403
2407.0000 0.0403
2407.1000 0.0404
2411.7000 0.0404
2417.6000 0.0405
2418.3000 0.0405
2420.3000 0.0405
2423.2000 0.0406
2424.3000 0.0406
2424.7000 0.0406
2431.1000 0.0407
2433.1000 0.0407
2433.4000 0.0407
2437.6000 0.0408
2444.9000 0.0408
2448.3000 0.0408
2454.1000 0.0409
2454.9000 0.0409
2462.3000 0.0409
2464.8000 0.0410
2465.3000 0.0410
2465.8000 0.0410
2465.8000 0.0411
2470.2000 0.0411
2475.3000 0.0411
2475.4000 0.0412
2476.7000 0.0412
2476.9000 0.0412
2476.9000 0.0413
2478.3000 0.0413
2484.5000 0.0414
2487.5000 0.0414
2492.0000 0.0414
2493.1000 0.0415
2494.1000 0.0415
2494.8000 0.0415
2497.0000 0.0416
2499.8000 0.0416
2500.0000 0.0416
2506.2000 0.0417
2509.4000 0.0417
2509.7000 0.0417
2509.7000 0.0418
2510.0000 0.0418
2514.3000 0.0418
2519.0000 0.0419
2520.5000 0.0419
2520.8000 0.0419
2521.3000 0.0420
2521.4000 0.0420
2523.8000 0.0420
2525.8000 0.0421
2526.0000 0.0421
2526.5000 0.0422
2528.1000 0.0422
2530.8000 0.0422
2533.6000 0.0423
2534.0000 0.0423
2535.5000 0.0423
2541.8000 0.0424
2542.2000 0.0424
2553.0000 0.0424
2555.9000 0.0425
2556.0000 0.0425
2556.3000 0.0425
2557.6000 0.0426
2558.3000 0.0426
2558.9000 0.0426
2568.1000 0.0427
2568.2000 0.0427
2569.3000 0.0427
2570.2000 0.0428
2572.5000 0.0428
2574.5000 0.0428
2577.0000 0.0429
2583.7000 0.0429
2584.5000 0.0430
2587.3000 0.0430
2588.7000 0.0430
2588.8000 0.0431
2597.1000 0.0431
2603.6000 0.0431
2605.0000 0.0432
2609.9000 0.0432
2615.3000 0.0432
2618.5000 0.0433
2618.6000 0.0433
2623.6000 0.0433
2628.6000 0.0434
2632.0000 0.0434
2632.6000 0.0434
2637.7000 0.0435
2642.1000 0.0435
2643.9000 0.0435
2645.8000 0.0436
2651.3000 0.0436
2652.8000 0.0436
2653.8000 0.0437
2656.0000 0.0437
2662.3000 0.0437
2669.6000 0.0438
2672.5000 0.0438
2672.7000 0.0439
2672.8000 0.0439
2674.0000 0.0439
2676.2000 0.0440
2677.0000 0.0440
2680.4000 0.0440
2681.5000 0.0441
2682.3000 0.0441
2683.2000 0.0441
2683.8000 0.0442
2685.7000 0.0442
2687.8000 0.0442
2691.6000 0.0443
2692.3000 0.0443
2692.8000 0.0443
2694.5000 0.0444
2694.6000 0.0444
2695.2000 0.0444
2701.4000 0.0445
2701.9000 0.0445
2706.0000 0.0445
2707.3000 0.0446
2708.0000 0.0446
2712.0000 0.0447
2716.3000 0.0447
2716.4000 0.0447
2718.8000 0.0448
2723.4000 0.0448
2723.7000 0.0448
2725.6000 0.0449
2730.6000 0.0449
2736.9000 0.0449
2738.0000 0.0450
2738.3000 0.0450
2740.3000 0.0450
2743.3000 0.0451
2747.0000 0.0451
2748.1000 0.0451
2750.1000 0.0452
2753.3000 0.0452
2754.2000 0.0452
2756.2000 0.0453
2757.2000 0.0453
2759.9000 0.0453
2760.4000 0.0454
2764.4000 0.0454
2765.5000 0.0455
2772.0000 0.0455
2775.8000 0.0455
2778.2000 0.0456
2780.4000 0.0456
2787.8000 0.0456
2790.8000 0.0457
2793.0000 0.0457
2797.6000 0.0457
2798.0000 0.0458
2799.1000 0.0458
2800.1000 0.0458
2803.1000 0.0459
2806.3000 0.0459
2809.1000 0.0459
2811.6000 0.0460
2817.7000 0.0460
2818.0000 0.0460
2823.5000 0.0461
2825.6000 0.0461
2830.0000 0.0461
2830.4000 0.0462
2831.9000 0.0462
2837.6000 0.0462
2839.6000 0.0463
2841.9000 0.0463
2850.0000 0.0464
2850.3000 0.0464
2851.5000 0.0464
2852.0000 0.0465
2855.4000 0.0465
2864.6000 0.0465
2866.0000 0.0466
2869.1000 0.0466
2869.4000 0.0466
2870.4000 0.0467
2872.1000 0.0467
2875.1000 0.0467
2876.1000 0.0468
2880.3000 0.0468
2880.7000 0.0468
2883.9000 0.0469
2888.2000 0.0469
2888.8000 0.0469
2889.4000 0.0470
2890.9000 0.0470
2891.5000 0.0470
2892.7000 0.0471
2896.2000 0.0471
2897.8000 0.0472
2897.9000 0.0472
2899.0000 0.0472
2899.4000 0.0473
2900.0000 0.0473
2900.4000 0.0473
2903.2000 0.0474
2903.2000 0.0474
2904.3000 0.0474
2908.0000 0.0475
2908.4000 0.0475
2912.2000 0.0475
2912.6000 0.0476
2918.7000 0.0476
2918.9000 0.0476
2920.1000 0.0477
2921.0000 0.0477
2922.7000 0.0477
2924.6000 0.0478
2926.4000 0.0478
2928.0000 0.0478
2930.3000 0.0479
2932.6000 0.0479
2933.1000 0.0480
2934.6000 0.0480
2940.5000 0.0480
2941.5000 0.0481
2941.9000 0.0481
2943.1000 0.0481
2943.4000 0.0482
2944.2000 0.0482
2944.6000 0.0482
2945.3000 0.0483
2946.3000 0.0483
2948.6000 0.0483
2948.9000 0.0484
2951.3000 0.0484
2953.9000 0.0484
2955.6000 0.0485
2960.0000 0.0485
2962.1000 0.0485
2963.2000 0.0486
2964.4000 0.0486
2968.4000 0.0486
2978.1000 0.0487
2979.7000 0.0487
2981.8000 0.0487
2982.4000 0.0488
2985.4000 0.0488
2988.8000 0.0489
2999.6000 0.0489
3001.0000 0.0489
3001.1000 0.0490
3002.2000 0.0490
3002.8000 0.0490
3003.8000 0.0491
3007.1000 0.0491
3008.4000 0.0491
3010.2000 0.0492
3011.6000 0.0492
3015.6000 0.0492
3023.8000 0.0493
3024.3000 0.0493
3024.6000 0.0493
3025.2000 0.0494
3027.7000 0.0494
3029.1000 0.0494
3036.1000 0.0495
3036.1000 0.0495
3037.4000 0.0495
3041.1000 0.0496
3046.9000 0.0496
3048.5000 0.0497
3049.8000 0.0497
3051.0000 0.0497
3054.7000 0.0498
3060.3000 0.0498
3061.3000 0.0498
3062.8000 0.0499
3065.1000 0.0499
3065.8000 0.0499
3066.1000 0.0500
3066.3000 0.0500
3071.7000 0.0500
3074.6000 0.0501
3074.7000 0.0501
3078.9000 0.0501
3082.1000 0.0502
3088.5000 0.0502
3092.3000 0.0502
3099.8000 0.0503
3100.3000 0.0503
3103.0000 0.0503
3104.6000 0.0504
3105.9000 0.0504
3112.0000 0.0505
3117.1000 0.0505
3118.4000 0.0505
3118.5000 0.0506
3118.6000 0.0506
3121.5000 0.0506
3124.1000 0.0507
3125.5000 0.0507
3126.2000 0.0507
3128.5000 0.0508
3131.9000 0.0508
3134.0000 0.0508
3134.9000 0.0509
3135.9000 0.0509
3137.5000 0.0509
3147.4000 0.0510
3147.5000 0.0510
3150.6000 0.0510
3150.6000 0.0511
3150.8000 0.0511
3153.0000 0.0511
3156.1000 0.0512
3158.2000 0.0512
3159.0000 0.0512
3159.3000 0.0513
3164.1000 0.0513
3170.5000 0.0514
3177.6000 0.0514
3180.4000 0.0514
3184.5000 0.0515
3189.3000 0.0515
3194.9000 0.0515
3195.0000 0.0516
3195.9000 0.0516
3195.9000 0.0516
3198.1000 0.0517
3198.7000 0.0517
3199.1000 0.0517
3199.4000 0.0518
3201.3000 0.0518
3202.3000 0.0518
3205.6000 0.0519
3207.9000 0.0519
3212.9000 0.0519
3214.5000 0.0520
3217.0000 0.0520
3226.0000 0.0520
3227.5000 0.0521
3229.3000 0.0521
3230.8000 0.0522
3243.0000 0.0522
3243.1000 0.0522
3248.0000 0.0523
3251.3000 0.0523
3254.6000 0.0523
3255.8000 0.0524
3256.9000 0.0524
3257.8000 0.0524
3258.8000 0.0525
3260.9000 0.0525
3265.6000 0.0525
3267.8000 0.0526
3268.2000 0.0526
3269.0000 0.0526
3272.1000 0.0527
3274.2000 0.0527
3276.6000 0.0527
3277.3000 0.0528
3281.3000 0.0528
3282.2000 0.0528
3283.1000 0.0529
3303.5000 0.0529
3304.1000 0.0530
3308.9000 0.0530
3308.9000 0.0530
3309.3000 0.0531
3317.6000 0.0531
3318.1000 0.0531
3318.4000 0.0532
3319.9000 0.0532
3321.4000 0.0532
3322.2000 0.0533
3323.2000 0.0533
3328.8000 0.0533
3330.6000 0.0534
3331.6000 0.0534
3335.0000 0.0534
3338.3000 0.0535
3338.6000 0.0535
3340.3000 0.0535
3344.4000 0.0536
3346.8000 0.0536
3348.4000 0.0536
3349.1000 0.0537
3349.4000 0.0537
3349.6000 0.0537
3352.6000 0.0538
3359.3000 0.0538
3365.0000 0.0539
3368.6000 0.0539
3371.5000 0.0539
3372.4000 0.0540
3380.0000 0.0540
3380.6000 0.0540
3380.9000 0.0541
3380.9000 0.0541
3382.5000 0.0541
3382.8000 0.0542
3383.7000 0.0542
3389.5000 0.0542
3390.2000 0.0543
3392.6000 0.0543
3393.3000 0.0543
3394.5000 0.0544
3403.0000 0.0544
3403.0000 0.0544
3406.5000 0.0545
3407.4000 0.0545
3413.0000 0.0545
3415.7000 0.0546
3416.3000 0.0546
3419.4000 0.0547
3419.9000 0.0547
3425.0000 0.0547
3427.1000 0.0548
3432.9000 0.0548
3439.4000 0.0548
3441.3000 0.0549
3443.5000 0.0549
3443.6000 0.0549
3444.9000 0.0550
3445.9000 0.0550
3448.1000 0.0550
3448.7000 0.0551
3449.2000 0.0551
3451.6000 0.0551
3452.0000 0.0552
3458.0000 0.0552
3461.7000 0.0552
3461.9000 0.0553
3464.7000 0.0553
3468.1000 0.0553
3468.1000 0.0554
3470.0000 0.0554
3470.2000 0.0555
3472.2000 0.0555
3474.6000 0.0555
3476.6000 0.0556
3479.3000 0.0556
3479.9000 0.0556
3484.9000 0.0557
3485.3000 0.0557
3492.3000 0.0557
3494.2000 0.0558
3499.6000 0.0558
3504.5000 0.0558
3507.4000 0.0559
3510.2000 0.0559
3512.7000 0.0559
3513.7000 0.0560
3518.1000 0.0560
3519.9000 0.0560
3527.8000 0.0561
3528.4000 0.0561
3529.8000 0.0561
3530.2000 0.0562
3535.2000 0.0562
3537.3000 0.0562
3538.2000 0.0563
3538.4000 0.0563
3538.4000 0.0564
3541.9000 0.0564
3544.7000 0.0564
3546.2000 0.0565
3546.7000 0.0565
3549.5000 0.0565
3549.8000 0.0566
3551.8000 0.0566
3555.4000 0.0566
3556.6000 0.0567
3557.0000 0.0567
3559.8000 0.0567
3561.3000 0.0568
3562.9000 0.0568
3563.2000 0.0568
3563.3000 0.0569
3565.7000 0.0569
3567.0000 0.0569
3572.2000 0.0570
3581.1000 0.0570
3583.0000 0.0570
3584.6000 0.0571
3584.6000 0.0571
3586.3000 0.0572
3588.6000 0.0572
3599.4000 0.0572
3604.4000 0.0573
3605.7000 0.0573
3608.3000 0.0573
3608.8000 0.0574
3610.0000 0.0574
3613.8000 0.0574
3619.3000 0.0575
3630.9000 0.0575
3631.1000 0.0575
3638.2000 0.0576
3639.4000 0.0576
3640.6000 0.0576
3645.3000 0.0577
3651.6000 0.0577
3653.3000 0.0577
3655.2000 0.0578
3657.6000 0.0578
3658.9000 0.0578
3659.3000 0.0579
3660.9000 0.0579
3660.9000 0.0580
3661.0000 0.0580
3664.2000 0.0580
3668.6000 0.0581
3672.0000 0.0581
3675.0000 0.0581
3682.4000 0.0582
3689.1000 0.0582
3690.5000 0.0582
3697.3000 0.0583
3698.9000 0.0583
3700.2000 0.0583
3700.6000 0.0584
3700.8000 0.0584
3709.3000 0.0584
3710.2000 0.0585
3712.2000 0.0585
3713.4000 0.0585
3713.7000 0.0586
3715.4000 0.0586
3715.8000 0.0586
3727.1000 0.0587
3730.1000 0.0587
3731.1000 0.0587
3733.6000 0.0588
3734.6000 0.0588
3736.6000 0.0589
3737.3000 0.0589
3739.8000 0.0589
3741.1000 0.0590
3743.6000 0.0590
3745.8000 0.0590
3753.0000 0.0591
3756.0000 0.0591
3756.5000 0.0591
3757.9000 0.0592
3760.0000 0.0592
3762.6000 0.0592
3777.2000 0.0593
3778.5000 0.0593
3780.3000 0.0593
3780.7000 0.0594
3782.7000 0.0594
3783.5000 0.0594
3785.0000 0.0595
3788.0000 0.0595
3799.0000 0.0595
3802.9000 0.0596
3804.2000 0.0596
3805.3000 0.0597
3810.6000 0.0597
3814.1000 0.0597
3814.8000 0.0598
3819.1000 0.0598
3819.9000 0.0598
3819.9000 0.0599
3822.2000 0.0599
3826.6000 0.0599
3830.2000 0.0600
3831.2000 0.0600
3832.3000 0.0600
3834.2000 0.0601
3836.2000 0.0601
3841.9000 0.0601
3842.0000 0.0602
3846.1000 0.0602
3849.8000 0.0602
3858.8000 0.0603
3860.1000 0.0603
3861.7000 0.0603
3862.1000 0.0604
3862.4000 0.0604
3864.7000 0.0605
3865.1000 0.0605
3865.3000 0.0605
3866.4000 0.0606
3873.0000 0.0606
3873.2000 0.0606
3874.6000 0.0607
3883.7000 0.0607
3884.4000 0.0607
3884.7000 0.0608
3885.8000 0.0608
3886.3000 0.0608
3892.4000 0.0609
3892.5000 0.0609
3892.7000 0.0609
3894.0000 0.0610
3895.5000 0.0610
3896.5000 0.0610
3896.8000 0.0611
3897.3000 0.0611
3898.3000 0.0611
3899.3000 0.0612
3907.8000 0.0612
3908.6000 0.0612
3920.7000 0.0613
3923.4000 0.0613
3924.8000 0.0614
3926.0000 0.0614
3927.0000 0.0614
3930.3000 0.0615
3932.5000 0.0615
3934.8000 0.0615
3941.6000 0.0616
3948.2000 0.0616
3950.1000 0.0616
3950.5000 0.0617
3951.0000 0.0617
3951.2000 0.0617
3954.2000 0.0618
3955.8000 0.0618
3956.0000 0.0618
3957.0000 0.0619
3960.0000 0.0619
3962.5000 0.0619
3962.8000 0.0620
3963.9000 0.0620
3964.7000 0.0620
3965.3000 0.0621
3967.2000 0.0621
3970.7000 0.0622
3972.9000 0.0622
3973.9000 0.0622
3975.9000 0.0623
3977.3000 0.0623
3980.7000 0.0623
3982.6000 0.0624
3984.6000 0.0624
3986.7000 0.0624
3987.1000 0.0625
3987.4000 0.0625
3987.4000 0.0625
3992.3000 0.0626
3994.0000 0.0626
3997.2000 0.0626
4000.7000 0.0627
4000.8000 0.0627
4000.9000 0.0627
4004.4000 0.0628
4006.7000 0.0628
4009.7000 0.0628
4009.7000 0.0629
4012.7000 0.0629
4014.1000 0.0630
4021.4000 0.0630
4024.1000 0.0630
4031.9000 0.0631
4034.3000 0.0631
4036.1000 0.0631
4036.7000 0.0632
4037.0000 0.0632
4037.2000 0.0632
4038.4000 0.0633
4040.6000 0.0633
4041.8000 0.0633
4043.4000 0.0634
4047.6000 0.0634
4047.8000 0.0634
4048.2000 0.0635
4049.6000 0.0635
4058.3000 0.0635
4059.3000 0.0636
4060.9000 0.0636
4063.3000 0.0636
4066.2000 0.0637
4066.6000 0.0637
4067.5000 0.0637
4070.1000 0.0638
4072.0000 0.0638
4072.4000 0.0639
4080.1000 0.0639
4080.4000 0.0639
4084.1000 0.0640
4088.6000 0.0640
4088.7000 0.0640
4088.9000 0.0641
4089.9000 0.0641
4092.7000 0.0641
4095.9000 0.0642
4097.9000 0.0642
4098.5000 0.0642
4108.4000 0.0643
4111.6000 0.0643
4113.8000 0.0643
4118.4000 0.0644
4118.7000 0.0644
4120.7000 0.0644
4121.1000 0.0645
4122.7000 0.0645
4123.1000 0.0645
4130.7000 0.0646
4131.1000 0.0646
4137.0000 0.0647
4137.3000 0.0647
4138.6000 0.0647
4140.9000 0.0648
4144.4000 0.0648
4150.1000 0.0648
4155.3000 0.0649
4159.0000 0.0649
4159.5000 0.0649
4162.4000 0.0650
4165.0000 0.0650
4167.0000 0.0650
4171.0000 0.0651
4172.6000 0.0651
4174.4000 0.0651
4174.7000 0.0652
4179.0000 0.0652
4182.2000 0.0652
4183.6000 0.0653
4188.6000 0.0653
4189.0000 0.0653
4189.5000 0.0654
4189.8000 0.0654
4194.9000 0.0655
4195.7000 0.0655
4196.6000 0.0655
4203.7000 0.0656
4204.4000 0.0656
4204.4000 0.0656
4212.2000 0.0657
4216.3000 0.0657
4216.4000 0.0657
4219.6000 0.0658
4227.0000 0.0658
4227.6000 0.0658
4227.9000 0.0659
4230.8000 0.0659
4233.4000 0.0659
4234.9000 0.0660
4238.6000 0.0660
4240.4000 0.0660
4241.5000 0.0661
4247.0000 0.0661
4247.6000 0.0661
4251.4000 0.0662
4256.2000 0.0662
4257.0000 0.0662
4258.9000 0.0663
4262.0000 0.0663
4266.2000 0.0664
4266.9000 0.0664
4268.8000 0.0664
4272.9000 0.0665
4274.3000 0.0665
4276.9000 0.0665
4288.0000 0.0666
4288.7000 0.0666
4293.7000 0.0666
4295.5000 0.0667
4299.5000 0.0667
4300.9000 0.0667
4303.6000 0.0668
4305.0000 0.0668
4307.7000 0.0668
4307.8000 0.0669
4308.2000 0.0669
4312.0000 0.0669
4312.1000 0.0670
4313.8000 0.0670
4315.6000 0.0670
4315.7000 0.0671
4319.0000 0.0671
4319.1000 0.0672
4320.3000 0.0672
4323.2000 0.0672
4323.8000 0.0673
4324.3000 0.0673
4324.8000 0.0673
4325.5000 0.0674
4325.9000 0.0674
4334.5000 0.0674
4335.9000 0.0675
4337.4000 0.0675
4340.3000 0.0675
4346.7000 0.0676
4351.0000 0.0676
4352.9000 0.0676
4353.2000 0.0677
4354.9000 0.0677
4357.6000 0.0677
4359.9000 0.0678
4364.4000 0.0678
4365.4000 0.0678
4369.0000 0.0679
4373.6000 0.0679
4373.8000 0.0680
4379.0000 0.0680
4383.9000 0.0680
4384.0000 0.0681
4393.8000 0.0681
4395.5000 0.0681
4398.3000 0.0682
4399.4000 0.0682
4400.0000 0.0682
4402.4000 0.0683
4403.9000 0.0683
4404.6000 0.0683
4405.7000 0.0684
4409.8000 0.0684
4411.1000 0.0684
4411.4000 0.0685
4411.9000 0.0685
4413.6000 0.0685
4413.9000 0.0686
4414.0000 0.0686
4417.3000 0.0686
4418.6000 0.0687
4419.2000 0.0687
4419.9000 0.0687
4420.6000 0.0688
4423.7000 0.0688
4427.5000 0.0689
4431.1000 0.0689
4434.7000 0.0689
4435.5000 0.0690
4438.0000 0.0690
4438.9000 0.0690
4441.9000 0.0691
4443.8000 0.0691
4446.6000 0.0691
4448.3000 0.0692
4455.2000 0.0692
4461.8000 0.0692
4461.9000 0.0693
4466.3000 0.0693
4466.6000 0.0693
4466.9000 0.0694
4477.3000 0.0694
4478.2000 0.0694
4478.6000 0.0695
4492.0000 0.0695
4495.6000 0.0695
4499.8000 0.0696
4505.0000 0.0696
4506.5000 0.0697
4508.5000 0.0697
4509.1000 0.0697
4521.4000 0.0698
4524.3000 0.0698
4530.4000 0.0698
4532.1000 0.0699
4535.2000 0.0699
4538.1000 0.0699
4542.2000 0.0700
4545.2000 0.0700
4549.1000 0.0700
4549.4000 0.0701
4549.4000 0.0701
4553.2000 0.0701
4554.0000 0.0702
4556.6000 0.0702
4557.4000 0.0702
4559.5000 0.0703
4563.4000 0.0703
4563.9000 0.0703
4566.1000 0.0704
4566.6000 0.0704
4568.3000 0.0705
4572.0000 0.0705
4574.9000 0.0705
4576.6000 0.0706
4577.3000 0.0706
4581.1000 0.0706
4581.6000 0.0707
4581.6000 0.0707
4582.0000 0.0707
4584.3000 0.0708
4586.9000 0.0708
4589.3000 0.0708
4589.5000 0.0709
4590.7000 0.0709
4591.9000 0.0709
4602.6000 0.0710
4606.0000 0.0710
4616.1000 0.0710
4617.3000 0.0711
4623.7000 0.0711
4627.4000 0.0711
4629.4000 0.0712
4633.5000 0.0712
4640.0000 0.0712
4642.3000 0.0713
4648.1000 0.0713
4650.2000 0.0714
4655.0000 0.0714
4655.3000 0.0714
4656.0000 0.0715
4666.2000 0.0715
4667.4000 0.0715
4667.9000 0.0716
4675.0000 0.0716
4676.0000 0.0716
4693.7000 0.0717
4695.2000 0.0717
4697.5000 0.0717
4700.3000 0.0718
4700.6000 0.0718
4704.2000 0.0718
4707.4000 0.0719
4710.8000 0.0719
4711.4000 0.0719
4715.3000 0.0720
4726.6000 0.0720
4726.7000 0.0720
4727.8000 0.0721
4734.3000 0.0721
4740.4000 0.0722
4742.0000 0.0722
4748.3000 0.0722
4749.0000 0.0723
4749.2000 0.0723
4751.0000 0.0723
4753.6000 0.0724
4754.0000 0.0724
4754.9000 0.0724
4762.3000 0.0725
4768.0000 0.0725
4782.0000 0.0725
4783.7000 0.0726
4786.4000 0.0726
4787.6000 0.0726
4797.6000 0.0727
4798.3000 0.0727
4803.2000 0.0727
4806.0000 0.0728
4809.2000 0.0728
4811.8000 0.0728
4813.6000 0.0729
4815.8000 0.0729
4818.7000 0.0730
4819.0000 0.0730
4820.0000 0.0730
4824.3000 0.0731
4825.3000 0.0731
4825.3000 0.0731
4827.9000 0.0732
4828.7000 0.0732
4830.7000 0.0732
4832.5000 0.0733
4832.6000 0.0733
4834.0000 0.0733
4839.6000 0.0734
4844.9000 0.0734
4854.0000 0.0734
4854.3000 0.0735
4856.8000 0.0735
4865.0000 0.0735
4865.4000 0.0736
4867.6000 0.0736
4868.1000 0.0736
4871.5000 0.0737
4874.3000 0.0737
4876.3000 0.0737
4878.9000 0.0738
4880.6000 0.0738
4885.6000 0.0739
4886.2000 0.0739
4891.2000 0.0739
4891.8000 0.0740
4896.7000 0.0740
4899.5000 0.0740
4901.9000 0.0741
4908.3000 0.0741
4910.6000 0.0741
4911.9000 0.0742
4914.8000 0.0742
4915.5000 0.0742
4918.5000 0.0743
4918.7000 0.0743
4921.9000 0.0743
4923.8000 0.0744
4924.8000 0.0744
4924.9000 0.0744
4925.2000 0.0745
4932.9000 0.0745
4938.6000 0.0745
4942.1000 0.0746
4945.8000 0.0746
4959.9000 0.0747
4965.7000 0.0747
4971.7000 0.0747
4977.6000 0.0748
4983.8000 0.0748
4986.8000 0.0748
4987.0000 0.0749
4989.7000 0.0749
4991.8000 0.0749
4993.6000 0.0750
4993.7000 0.0750
4997.5000 0.0750
5004.4000 0.0751
5005.6000 0.0751
5007.1000 0.0751
5008.6000 0.0752
5011.5000 0.0752
5011.5000 0.0752
5017.9000 0.0753
5022.5000 0.0753
5022.7000 0.0753
5025.6000 0.0754
5027.9000 0.0754
5033.9000 0.0755
5034.6000 0.0755
5035.0000 0.0755
5035.9000 0.0756
5041.0000 0.0756
5044.9000 0.0756
5045.6000 0.0757
5045.7000 0.0757
5045.9000 0.0757
5050.1000 0.0758
5050.1000 0.0758
5050.9000 0.0758
5051.5000 0.0759
5052.5000 0.0759
5057.4000 0.0759
5060.8000 0.0760
5063.1000 0.0760
5064.7000 0.0760
5067.2000 0.0761
5068.6000 0.0761
5069.3000 0.0761
5073.6000 0.0762
5077.3000 0.0762
5079.2000 0.0763
5079.9000 0.0763
5087.0000 0.0763
5088.1000 0.0764
5090.7000 0.0764
5091.7000 0.0764
5093.0000 0.0765
5095.3000 0.0765
5095.6000 0.0765
5100.0000 0.0766
5100.4000 0.0766
5102.3000 0.0766
5109.9000 0.0767
5111.8000 0.0767
5120.0000 0.0767
5120.9000 0.0768
5121.6000 0.0768
5126.4000 0.0768
5128.2000 0.0769
5132.9000 0.0769
5133.5000 0.0769
5135.0000 0.0770
5135.9000 0.0770
5137.9000 0.0770
5145.1000 0.0771
5158.3000 0.0771
5163.7000 0.0772
5167.0000 0.0772
5171.5000 0.0772
5172.4000 0.0773
5182.8000 0.0773
5184.5000 0.0773
5186.6000 0.0774
5189.4000 0.0774
5189.7000 0.0774
5192.3000 0.0775
5193.0000 0.0775
5194.6000 0.0775
5194.6000 0.0776
5195.2000 0.0776
5197.6000 0.0776
5205.5000 0.0777
5219.6000 0.0777
5221.6000 0.0777
5221.6000 0.0778
5225.0000 0.0778
5235.6000 0.0778
5248.0000 0.0779
5248.9000 0.0779
5256.2000 0.0780
5262.1000 0.0780
5263.5000 0.0780
5267.2000 0.0781
5267.3000 0.0781
5267.6000 0.0781
5269.3000 0.0782
5277.0000 0.0782
5281.5000 0.0782
5282.6000 0.0783
5282.8000 0.0783
5283.7000 0.0783
5285.4000 0.0784
5286.6000 0.0784
5287.4000 0.0784
5294.0000 0.0785
5298.7000 0.0785
5299.0000 0.0785
5302.3000 0.0786
5302.9000 0.0786
5303.2000 0.0786
5303.6000 0.0787
5308.2000 0.0787
5312.0000 0.0788
5313.9000 0.0788
5317.5000 0.0788
5319.3000 0.0789
5322.9000 0.0789
5327.0000 0.0789
5330.7000 0.0790
5333.3000 0.0790
5339.1000 0.0790
5339.1000 0.0791
5347.3000 0.0791
5349.0000 0.0791
5351.7000 0.0792
5352.2000 0.0792
5357.4000 0.0792
5362.6000 0.0793
5363.1000 0.0793
5367.3000 0.0793
5372.6000 0.0794
5373.7000 0.0794
5374.0000 0.0794
5377.0000 0.0795
5377.3000 0.0795
5379.7000 0.0795
5381.6000 0.0796
5385.3000 0.0796
5389.6000 0.0797
5390.1000 0.0797
5391.9000 0.0797
5392.6000 0.0798
5393.2000 0.0798
5393.5000 0.0798
5402.9000 0.0799
5403.9000 0.0799
5407.3000 0.0799
5408.2000 0.0800
5411.9000 0.0800
5415.8000 0.0800
5416.1000 0.0801
5421.4000 0.0801
5424.3000 0.0801
5427.0000 0.0802
5433.3000 0.0802
5436.1000 0.0802
5437.0000 0.0803
5448.0000 0.0803
5452.4000 0.0803
5459.0000 0.0804
5461.2000 0.0804
5468.2000 0.0805
5468.9000 0.0805
5471.6000 0.0805
5472.0000 0.0806
5475.3000 0.0806
5478.2000 0.0806
5478.4000 0.0807
5480.9000 0.0807
5481.2000 0.0807
5484.0000 0.0808
5487.3000 0.0808
5487.7000 0.0808
5488.7000 0.0809
5492.5000 0.0809
5492.8000 0.0809
5494.0000 0.0810
5494.3000 0.0810
5495.1000 0.0810
5497.4000 0.0811
5499.0000 0.0811
5499.0000 0.0811
5501.4000 0.0812
5502.7000 0.0812
5504.5000 0.0813
5510.8000 0.0813
5511.6000 0.0813
5514.1000 0.0814
5515.7000 0.0814
5519.3000 0.0814
5520.0000 0.0815
5525.8000 0.0815
5539.6000 0.0815
5548.3000 0.0816
5548.8000 0.0816
5552.1000 0.0816
5554.9000 0.0817
5557.2000 0.0817
5560.9000 0.0817
5568.1000 0.0818
5582.3000 0.0818
5583.2000 0.0818
5584.6000 0.0819
5585.6000 0.0819
5587.0000 0.0819
5588.0000 0.0820
5589.0000 0.0820
5591.9000 0.0820
5592.5000 0.0821
5597.1000 0.0821
5603.6000 0.0822
5604.0000 0.0822
5605.8000 0.0822
5608.0000 0.0823
5612.3000 0.0823
5613.4000 0.0823
5619.4000 0.0824
5622.2000 0.0824
5627.0000 0.0824
5627.0000 0.0825
5627.9000 0.0825
5628.1000 0.0825
5630.2000 0.0826
5634.6000 0.0826
5634.9000 0.0826
5636.6000 0.0827
5650.6000 0.0827
5666.9000 0.0827
5667.4000 0.0828
5668.6000 0.0828
5669.6000 0.0828
5672.3000 0.0829
5673.7000 0.0829
5674.5000 0.0830
5674.7000 0.0830
5678.3000 0.0830
5678.9000 0.0831
5683.7000 0.0831
5685.7000 0.0831
5687.3000 0.0832
5688.4000 0.0832
5692.5000 0.0832
5693.8000 0.0833
5707.0000 0.0833
5708.6000 0.0833
5709.7000 0.0834
5717.3000 0.0834
5720.9000 0.0834
5721.3000 0.0835
5722.7000 0.0835
5725.1000 0.0835
5725.7000 0.0836
5731.9000 0.0836
5732.3000 0.0836
5734.4000 0.0837
5737.8000 0.0837
5742.9000 0.0838
5749.2000 0.0838
5751.5000 0.0838
5753.1000 0.0839
5765.8000 0.0839
5767.5000 0.0839
5772.0000 0.0840
5788.2000 0.0840
5792.1000 0.0840
5795.6000 0.0841
5796.8000 0.0841
5802.1000 0.0841
5805.4000 0.0842
5811.6000 0.0842
5811.7000 0.0842
5812.0000 0.0843
5814.0000 0.0843
5815.6000 0.0843
5818.2000 0.0844
5820.0000 0.0844
5820.2000 0.0844
5822.3000 0.0845
5823.4000 0.0845
5824.4000 0.0845
5826.9000 0.0846
5830.6000 0.0846
5831.0000 0.0847
5834.2000 0.0847
5838.3000 0.0847
5841.0000 0.0848
5843.3000 0.0848
5845.5000 0.0848
5846.6000 0.0849
5848.6000 0.0849
5850.5000 0.0849
5855.9000 0.0850
5857.1000 0.0850
5858.7000 0.0850
5866.8000 0.0851
5868.0000 0.0851
5870.3000 0.0851
5873.3000 0.0852
5876.2000 0.0852
5876.9000 0.0852
5882.0000 0.0853
5882.1000 0.0853
5883.6000 0.0853
5884.5000 0.0854
5884.6000 0.0854
5885.3000 0.0855
5887.3000 0.0855
5888.2000 0.0855
5890.3000 0.0856
5890.7000 0.0856
5894.0000 0.0856
5905.9000 0.0857
5912.5000 0.0857
5915.4000 0.0857
5915.6000 0.0858
5920.7000 0.0858
5925.3000 0.0858
5926.8000 0.0859
5927.3000 0.0859
5929.3000 0.0859
5929.6000 0.0860
5932.9000 0.0860
5935.4000 0.0860
5937.9000 0.0861
5938.1000 0.0861
5940.4000 0.0861
5942.0000 0.0862
5943.9000 0.0862
5944.7000 0.0863
5950.3000 0.0863
5952.6000 0.0863
5954.0000 0.0864
5964.9000 0.0864
5965.2000 0.0864
5965.6000 0.0865
5966.3000 0.0865
5972.6000 0.0865
5975.9000 0.0866
5986.5000 0.0866
5991.1000 0.0866
5991.5000 0.0867
5992.4000 0.0867
5993.6000 0.0867
5993.8000 0.0868
5996.4000 0.0868
5997.2000 0.0868
5999.0000 0.0869
6000.7000 0.0869
6003.3000 0.0869
6004.5000 0.0870
6006.2000 0.0870
6006.8000 0.0870
6008.4000 0.0871
6008.4000 0.0871
6011.5000 0.0872
6011.9000 0.0872
6018.5000 0.0872
6022.7000 0.0873
6027.7000 0.0873
6031.2000 0.0873
6037.0000 0.0874
6047.3000 0.0874
6047.7000 0.0874
6048.1000 0.0875
6048.6000 0.0875
6053.0000 0.0875
6053.4000 0.0876
6056.2000 0.0876
6061.9000 0.0876
6067.6000 0.0877
6069.5000 0.0877
6081.1000 0.0877
6086.4000 0.0878
6088.4000 0.0878
6090.6000 0.0878
6093.3000 0.0879
6107.9000 0.0879
6109.6000 0.0880
6112.9000 0.0880
6115.4000 0.0880
6133.4000 0.0881
6136.7000 0.0881
6145.8000 0.0881
6148.3000 0.0882
6148.4000 0.0882
6150.4000 0.0882
6153.4000 0.0883
6153.6000 0.0883
6160.6000 0.0883
6162.1000 0.0884
6169.3000 0.0884
6169.4000 0.0884
6169.9000 0.0885
6170.8000 0.0885
6177.6000 0.0885
6182.3000 0.0886
6190.1000 0.0886
6199.6000 0.0886
6201.0000 0.0887
6205.0000 0.0887
6206.7000 0.0888
6208.1000 0.0888
6209.0000 0.0888
6217.3000 0.0889
6220.7000 0.0889
6224.8000 0.0889
6228.1000 0.0890
6228.9000 0.0890
6229.5000 0.0890
6243.3000 0.0891
6245.4000 0.0891
6248.3000 0.0891
6249.9000 0.0892
6250.2000 0.0892
6254.0000 0.0892
6254.0000 0.0893
6259.6000 0.0893
6261.0000 0.0893
6261.5000 0.0894
6262.5000 0.0894
6263.0000 0.0894
6268.1000 0.0895
6270.9000 0.0895
6272.9000 0.0895
6273.7000 0.0896
6274.4000 0.0896
6294.0000 0.0897
6298.4000 0.0897
6300.1000 0.0897
6300.3000 0.0898
6301.1000 0.0898
6312.0000 0.0898
6313.8000 0.0899
6319.2000 0.0899
6322.4000 0.0899
6328.5000 0.0900
6332.6000 0.0900
6337.0000 0.0900
6337.6000 0.0901
6343.2000 0.0901
6346.4000 0.0901
6349.1000 0.0902
6349.3000 0.0902
6349.5000 0.0902
6350.0000 0.0903
6353.5000 0.0903
6355.1000 0.0903
6358.2000 0.0904
6359.4000 0.0904
6362.5000 0.0905
6362.9000 0.0905
6364.9000 0.0905
6366.6000 0.0906
6373.1000 0.0906
6375.8000 0.0906
6381.8000 0.0907
6384.0000 0.0907
6387.1000 0.0907
6390.1000 0.0908
6390.2000 0.0908
6397.9000 0.0908
6400.2000 0.0909
6404.2000 0.0909
6405.9000 0.0909
6406.7000 0.0910
6407.9000 0.0910
6409.7000 0.0910
6413.2000 0.0911
6414.2000 0.0911
6414.4000 0.0911
6418.8000 0.0912
6419.6000 0.0912
6419.9000 0.0913
6428.2000 0.0913
6430.8000 0.0913
6434.3000 0.0914
6435.6000 0.0914
6436.4000 0.0914
6439.1000 0.0915
6440.1000 0.0915
6444.1000 0.0915
6445.3000 0.0916
6451.0000 0.0916
6452.7000 0.0916
6453.6000 0.0917
6458.0000 0.0917
6458.3000 0.0917
6458.6000 0.0918
6460.4000 0.0918
6462.0000 0.0918
6489.6000 0.0919
6496.7000 0.0919
6496.9000 0.0919
6506.6000 0.0920
6511.1000 0.0920
6511.4000 0.0920
6511.6000 0.0921
6515.4000 0.0921
6515.6000 0.0922
6515.8000 0.0922
6515.8000 0.0922
6518.4000 0.0923
6525.9000 0.0923
6536.7000 0.0923
6544.0000 0.0924
6545.8000 0.0924
6551.7000 0.0924
6551.8000 0.0925
6553.0000 0.0925
6553.9000 0.0925
6555.3000 0.0926
6572.4000 0.0926
6574.5000 0.0926
6577.5000 0.0927
6581.3000 0.0927
6581.7000 0.0927
6588.4000 0.0928
6589.0000 0.0928
6600.9000 0.0928
6602.4000 0.0929
6604.8000 0.0929
6614.3000 0.0930
6620.1000 0.0930
6627.9000 0.0930
6631.6000 0.0931
6638.4000 0.0931
6638.6000 0.0931
6641.0000 0.0932
6642.4000 0.0932
6644.6000 0.0932
6653.1000 0.0933
6655.0000 0.0933
6655.4000 0.0933
6662.6000 0.0934
6670.0000 0.0934
6672.8000 0.0934
6674.7000 0.0935
6683.8000 0.0935
6694.6000 0.0935
6701.0000 0.0936
6718.1000 0.0936
6719.0000 0.0936
6722.0000 0.0937
6727.0000 0.0937
6731.4000 0.0938
6732.0000 0.0938
6735.0000 0.0938
6736.3000 0.0939
6737.2000 0.0939
6740.4000 0.0939
6743.9000 0.0940
6746.3000 0.0940
6747.2000 0.0940
6752.1000 0.0941
6754.0000 0.0941
6763.1000 0.0941
6764.1000 0.0942
6769.1000 0.0942
6775.4000 0.0942
6777.0000 0.0943
6785.9000 0.0943
6789.0000 0.0943
6804.8000 0.0944
6805.3000 0.0944
6805.6000 0.0944
6805.8000 0.0945
6807.4000 0.0945
6813.5000 0.0945
6819.3000 0.0946
6820.8000 0.0946
6822.7000 0.0947
6825.0000 0.0947
6827.6000 0.0947
6837.0000 0.0948
6843.2000 0.0948
6844.1000 0.0948
6847.1000 0.0949
6847.2000 0.0949
6848.0000 0.0949
6848.9000 0.0950
6849.6000 0.0950
6853.5000 0.0950
6856.8000 0.0951
6856.9000 0.0951
6863.4000 0.0951
6868.9000 0.0952
6869.0000 0.0952
6876.5000 0.0952
6876.6000 0.0953
6881.3000 0.0953
6882.1000 0.0953
6883.8000 0.0954
6886.1000 0.0954
6886.2000 0.0955
6887.7000 0.0955
6891.9000 0.0955
6897.0000 0.0956
6898.4000 0.0956
6902.0000 0.0956
6902.5000 0.0957
6908.0000 0.0957
6910.0000 0.0957
6910.4000 0.0958
6910.9000 0.0958
6913.9000 0.0958
6915.6000 0.0959
6916.9000 0.0959
6918.6000 0.0959
6921.8000 0.0960
6927.5000 0.0960
6930.4000 0.0960
6935.7000 0.0961
6939.6000 0.0961
6943.4000 0.0961
6943.7000 0.0962
6947.1000 0.0962
6947.8000 0.0963
6950.0000 0.0963
6951.8000 0.0963
6952.4000 0.0964
6953.3000 0.0964
6954.8000 0.0964
6955.0000 0.0965
6964.0000 0.0965
6964.3000 0.0965
6965.9000 0.0966
6969.6000 0.0966
6975.7000 0.0966
6977.2000 0.0967
6983.8000 0.0967
6986.1000 0.0967
6996.0000 0.0968
6999.3000 0.0968
6999.6000 0.0968
7010.8000 0.0969
7014.6000 0.0969
7015.9000 0.0969
7020.7000 0.0970
7023.1000 0.0970
7028.1000 0.0970
7031.1000 0.0971
7038.0000 0.0971
7041.1000 0.0972
7048.5000 0.0972
7049.8000 0.0972
7052.8000 0.0973
7056.0000 0.0973
7061.1000 0.0973
7066.2000 0.0974
7067.1000 0.0974
7073.7000 0.0974
7080.3000 0.0975
7087.1000 0.0975
7087.3000 0.0975
7087.5000 0.0976
7088.8000 0.0976
7091.7000 0.0976
7091.7000 0.0977
7093.3000 0.0977
7095.3000 0.0977
7105.6000 0.0978
7110.7000 0.0978
7114.1000 0.0978
7114.5000 0.0979
7115.0000 0.0979
7120.1000 0.0980
7120.7000 0.0980
7127.0000 0.0980
7128.9000 0.0981
7134.4000 0.0981
7134.5000 0.0981
7136.6000 0.0982
7139.6000 0.0982
7146.2000 0.0982
7150.3000 0.0983
7152.0000 0.0983
7159.9000 0.0983
7169.6000 0.0984
7177.6000 0.0984
7181.7000 0.0984
7183.1000 0.0985
7186.8000 0.0985
7191.8000 0.0985
7197.0000 0.0986
7204.0000 0.0986
7206.4000 0.0986
7210.3000 0.0987
7211.0000 0.0987
7218.5000 0.0988
7219.8000 0.0988
7225.0000 0.0988
7234.9000 0.0989
7235.1000 0.0989
7237.5000 0.0989
7240.2000 0.0990
7240.6000 0.0990
7242.4000 0.0990
7246.2000 0.0991
7246.7000 0.0991
7254.6000 0.0991
7256.7000 0.0992
7257.2000 0.0992
7266.1000 0.0992
7273.0000 0.0993
7273.6000 0.0993
7285.2000 0.0993
7285.2000 0.0994
7290.5000 0.0994
7290.5000 0.0994
7293.4000 0.0995
7293.4000 0.0995
7293.6000 0.0995
7294.4000 0.0996
7296.0000 0.0996
7300.4000 0.0997
7300.9000 0.0997
7301.7000 0.0997
7302.6000 0.0998
7308.8000 0.0998
7313.8000 0.0998
7314.5000 0.0999
7314.8000 0.0999
7316.6000 0.0999
7318.1000 0.1000
7319.9000 0.1000
7325.0000 0.1000
7329.5000 0.1001
7330.6000 0.1001
7337.8000 0.1001
7343.9000 0.1002
7346.0000 0.1002
7349.9000 0.1002
7350.6000 0.1003
7354.0000 0.1003
7356.8000 0.1003
7357.1000 0.1004
7367.6000 0.1004
7368.1000 0.1005
7370.6000 0.1005
7371.9000 0.1005
7372.0000 0.1006
7373.0000 0.1006
7377.9000 0.1006
7386.0000 0.1007
7387.3000 0.1007
7388.4000 0.1007
7389.2000 0.1008
7390.6000 0.1008
7391.5000 0.1008
7393.6000 0.1009
7393.9000 0.1009
7402.2000 0.1009
7402.9000 0.1010
7408.8000 0.1010
7416.9000 0.1010
7420.0000 0.1011
7420.4000 0.1011
7432.0000 0.1011
7434.6000 0.1012
7438.4000 0.1012
7441.0000 0.1013
7448.6000 0.1013
7452.0000 0.1013
7456.1000 0.1014
7458.4000 0.1014
7460.6000 0.1014
7460.7000 0.1015
7463.0000 0.1015
7464.9000 0.1015
7466.1000 0.1016
7469.1000 0.1016
7473.7000 0.1016
7474.4000 0.1017
7481.6000 0.1017
7481.8000 0.1017
7483.9000 0.1018
7485.2000 0.1018
7485.4000 0.1018
7492.6000 0.1019
7494.7000 0.1019
7497.9000 0.1019
7499.3000 0.1020
7503.3000 0.1020
7505.6000 0.1020
7508.3000 0.1021
7517.3000 0.1021
7518.9000 0.1022
7519.0000 0.1022
7519.1000 0.1022
7523.6000 0.1023
7525.9000 0.1023
7528.0000 0.1023
7536.0000 0.1024
7536.2000 0.1024
7537.5000 0.1024
7542.6000 0.1025
7543.2000 0.1025
7544.6000 0.1025
7544.9000 0.1026
7550.0000 0.1026
7551.2000 0.1026
7553.6000 0.1027
7555.4000 0.1027
7557.1000 0.1027
7562.8000 0.1028
7567.2000 0.1028
7570.6000 0.1028
7572.1000 0.1029
7572.2000 0.1029
7572.5000 0.1030
7575.4000 0.1030
7578.6000 0.1030
7580.7000 0.1031
7587.4000 0.1031
7589.1000 0.1031
7598.1000 0.1032
7599.8000 0.1032
7601.3000 0.1032
7607.9000 0.1033
7608.2000 0.1033
7609.7000 0.1033
7622.4000 0.1034
7624.3000 0.1034
7629.6000 0.1034
7629.6000 0.1035
7635.1000 0.1035
7636.1000 0.1035
7638.3000 0.1036
7640.9000 0.1036
7651.3000 0.1036
7652.4000 0.1037
7655.1000 0.1037
7668.1000 0.1038
7674.3000 0.1038
7675.0000 0.1038
7676.7000 0.1039
7677.6000 0.1039
7679.1000 0.1039
7680.4000 0.1040
7683.6000 0.1040
7692.3000 0.1040
7696.0000 0.1041
7697.1000 0.1041
7698.1000 0.1041
7705.8000 0.1042
7711.1000 0.1042
7713.1000 0.1042
7717.0000 0.1043
7719.9000 0.1043
7720.0000 0.1043
7720.9000 0.1044
7723.6000 0.1044
7728.7000 0.1044
7734.1000 0.1045
7735.4000 0.1045
7737.9000 0.1045
7738.0000 0.1046
7741.1000 0.1046
7746.4000 0.1047
7750.0000 0.1047
7751.9000 0.1047
7762.0000 0.1048
7776.9000 0.1048
7782.2000 0.1048
7789.7000 0.1049
7795.7000 0.1049
7797.0000 0.1049
7799.6000 0.1050
7801.2000 0.1050
7805.4000 0.1050
7805.5000 0.1051
7807.3000 0.1051
7807.4000 0.1051
7819.3000 0.1052
7826.4000 0.1052
7829.8000 0.1052
7838.0000 0.1053
7838.7000 0.1053
7840.7000 0.1053
7845.3000 0.1054
7847.0000 0.1054
7848.6000 0.1055
7851.2000 0.1055
7853.9000 0.1055
7855.7000 0.1056
7858.7000 0.1056
7863.7000 0.1056
7865.0000 0.1057
7865.1000 0.1057
7866.0000 0.1057
7866.2000 0.1058
7867.8000 0.1058
7874.9000 0.1058
7875.2000 0.1059
7876.3000 0.1059
7880.6000 0.1059
7882.3000 0.1060
7892.7000 0.1060
7892.8000 0.1060
7893.2000 0.1061
7898.5000 0.1061
7902.9000 0.1061
7904.4000 0.1062
7905.1000 0.1062
7905.7000 0.1063
7908.9000 0.1063
7908.9000 0.1063
7909.4000 0.1064
7910.0000 0.1064
7911.5000 0.1064
7916.5000 0.1065
7917.4000 0.1065
7919.6000 0.1065
7923.0000 0.1066
7927.5000 0.1066
7930.0000 0.1066
7933.5000 0.1067
7933.5000 0.1067
7935.6000 0.1067
7942.5000 0.1068
7942.5000 0.1068
7943.6000 0.1068
7943.9000 0.1069
7946.2000 0.1069
7947.0000 0.1069
7960.1000 0.1070
7960.2000 0.1070
7966.1000 0.1070
7969.0000 0.1071
7971.8000 0.1071
7972.5000 0.1072
7979.6000 0.1072
7983.7000 0.1072
7989.0000 0.1073
7991.3000 0.1073
7998.4000 0.1073
8001.6000 0.1074
8005.9000 0.1074
8006.6000 0.1074
8007.9000 0.1075
8008.2000 0.1075
8008.3000 0.1075
8008.9000 0.1076
8012.3000 0.1076
8017.8000 0.1076
8021.0000 0.1077
8022.0000 0.1077
8025.8000 0.1077
8031.0000 0.1078
8040.0000 0.1078
8043.6000 0.1078
8046.6000 0.1079
8048.1000 0.1079
8048.1000 0.1080
8053.8000 0.1080
8054.5000 0.1080
8057.0000 0.1081
8058.8000 0.1081
8059.6000 0.1081
8060.0000 0.1082
8068.1000 0.1082
8068.2000 0.1082
8070.3000 0.1083
8071.2000 0.1083
8072.7000 0.1083
8089.0000 0.1084
8090.3000 0.1084
8094.0000 0.1084
8101.7000 0.1085
8110.5000 0.1085
8112.0000 0.1085
8120.1000 0.1086
8121.8000 0.1086
8122.3000 0.1086
8128.9000 0.1087
8130.0000 0.1087
8130.6000 0.1088
8133.7000 0.1088
8137.5000 0.1088
8141.2000 0.1089
8149.3000 0.1089
8152.5000 0.1089
8152.7000 0.1090
8153.3000 0.1090
8154.1000 0.1090
8160.4000 0.1091
8161.6000 0.1091
8164.3000 0.1091
8164.4000 0.1092
8166.8000 0.1092
8170.0000 0.1092
8171.5000 0.1093
8173.1000 0.1093
8178.6000 0.1093
8180.4000 0.1094
8181.8000 0.1094
8182.6000 0.1094
8184.3000 0.1095
8184.7000 0.1095
8185.0000 0.1095
8185.6000 0.1096
8191.9000 0.1096
8193.9000 0.1097
8201.5000 0.1097
8208.8000 0.1097
8212.6000 0.1098
8217.9000 0.1098
8219.6000 0.1098
8219.9000 0.1099
8221.0000 0.1099
8222.1000 0.1099
8224.1000 0.1100
8229.4000 0.1100
8231.9000 0.1100
8235.3000 0.1101
8247.7000 0.1101
8247.8000 0.1101
8249.4000 0.1102
8263.6000 0.1102
8265.4000 0.1102
8271.9000 0.1103
8273.9000 0.1103
8274.6000 0.1103
8276.4000 0.1104
8283.1000 0.1104
8283.9000 0.1105
8292.8000 0.1105
8294.8000 0.1105
8299.0000 0.1106
8307.7000 0.1106
8308.2000 0.1106
8311.3000 0.1107
8317.3000 0.1107
8317.4000 0.1107
8317.5000 0.1108
8325.0000 0.1108
8325.0000 0.1108
8327.3000 0.1109
8332.6000 0.1109
8336.0000 0.1109
8341.3000 0.1110
8347.0000 0.1110
8349.9000 0.1110
8350.0000 0.1111
8356.0000 0.1111
8359.3000 0.1111
8362.6000 0.1112
8363.9000 0.1112
8365.7000 0.1113
8371.5000 0.1113
8380.0000 0.1113
8380.7000 0.1114
8380.7000 0.1114
8384.3000 0.1114
8385.3000 0.1115
8386.0000 0.1115
8389.7000 0.1115
8398.3000 0.1116
8402.6000 0.1116
8404.2000 0.1116
8407.2000 0.1117
8416.9000 0.1117
8419.3000 0.1117
8421.1000 0.1118
8422.1000 0.1118
8423.3000 0.1118
8440.4000 0.1119
8445.3000 0.1119
8449.4000 0.1119
8451.6000 0.1120
8458.8000 0.1120
8462.1000 0.1120
8466.5000 0.1121
8470.3000 0.1121
8470.6000 0.1122
8476.5000 0.1122
8483.1000 0.1122
8486.6000 0.1123
8487.0000 0.1123
8488.0000 0.1123
8492.1000 0.1124
8492.4000 0.1124
8498.3000 0.1124
8504.0000 0.1125
8518.7000 0.1125
8521.0000 0.1125
8524.1000 0.1126
8526.9000 0.1126
8527.0000 0.1126
8527.7000 0.1127
8529.5000 0.1127
8529.6000 0.1127
8530.1000 0.1128
8532.4000 0.1128
8532.6000 0.1128
8535.3000 0.1129
8538.6000 0.1129
8541.7000 0.1130
8547.9000 0.1130
8549.5000 0.1130
8556.3000 0.1131
8558.5000 0.1131
8558.9000 0.1131
8559.9000 0.1132
8559.9000 0.1132
8570.4000 0.1132
8578.5000 0.1133
8586.2000 0.1133
8586.2000 0.1133
8591.5000 0.1134
8592.4000 0.1134
8596.2000 0.1134
8598.1000 0.1135
8602.6000 0.1135
8604.6000 0.1135
8607.5000 0.1136
8620.4000 0.1136
8626.6000 0.1136
8631.3000 0.1137
8639.8000 0.1137
8640.1000 0.1138
8641.5000 0.1138
8642.4000 0.1138
8645.1000 0.1139
8654.2000 0.1139
8654.4000 0.1139
8655.1000 0.1140
8657.8000 0.1140
8661.5000 0.1140
8661.9000 0.1141
8672.8000 0.1141
8674.8000 0.1141
8677.3000 0.1142
8682.0000 0.1142
8686.8000 0.1142
8690.0000 0.1143
8691.6000 0.1143
8697.9000 0.1143
8700.6000 0.1144
8702.9000 0.1144
8703.4000 0.1144
8703.6000 0.1145
8704.4000 0.1145
8711.9000 0.1145
8712.1000 0.1146
8714.1000 0.1146
8717.2000 0.1147
8718.0000 0.1147
8718.6000 0.1147
8718.7000 0.1148
8721.3000 0.1148
8732.9000 0.1148
8737.4000 0.1149
8738.3000 0.1149
8742.0000 0.1149
8746.0000 0.1150
8748.7000 0.1150
8756.2000 0.1150
8758.5000 0.1151
8758.8000 0.1151
8760.4000 0.1151
8767.2000 0.1152
8767.4000 0.1152
8768.2000 0.1152
8768.8000 0.1153
8773.6000 0.1153
8773.9000 0.1153
8775.6000 0.1154
8781.0000 0.1154
8791.5000 0.1155
8793.4000 0.1155
8794.9000 0.1155
8795.5000 0.1156
8797.0000 0.1156
8801.7000 0.1156
8802.3000 0.1157
8803.2000 0.1157
8805.1000 0.1157
8809.9000 0.1158
8825.4000 0.1158
8830.0000 0.1158
8839.5000 0.1159
8843.6000 0.1159
8853.2000 0.1159
8856.0000 0.1160
8857.3000 0.1160
8859.0000 0.1160
8863.9000 0.1161
8871.2000 0.1161
8874.0000 0.1161
8875.1000 0.1162
8878.5000 0.1162
8879.0000 0.1163
8882.9000 0.1163
8884.4000 0.1163
8897.0000 0.1164
8897.8000 0.1164
8900.4000 0.1164
8906.7000 0.1165
8912.4000 0.1165
8918.3000 0.1165
8918.7000 0.1166
8920.6000 0.1166
8925.3000 0.1166
8930.0000 0.1167
8931.6000 0.1167
8932.3000 0.1167
8932.5000 0.1168
8932.6000 0.1168
8932.8000 0.1168
8933.6000 0.1169
8938.2000 0.1169
8942.7000 0.1169
8946.6000 0.1170
8947.0000 0.1170
8958.7000 0.1170
8962.4000 0.1171
8963.4000 0.1171
8963.7000 0.1172
8964.7000 0.1172
8965.6000 0.1172
8966.4000 0.1173
8966.6000 0.1173
8967.7000 0.1173
8973.5000 0.1174
8979.1000 0.1174
8984.4000 0.1174
8988.7000 0.1175
8993.0000 0.1175
8998.3000 0.1175
9009.6000 0.1176
9011.0000 0.1176
9011.1000 0.1176
9011.6000 0.1177
9014.5000 0.1177
9020.0000 0.1177
9026.6000 0.1178
9027.2000 0.1178
9030.9000 0.1178
9030.9000 0.1179
9031.0000 0.1179
9032.9000 0.1180
9038.2000 0.1180
9039.0000 0.1180
9042.8000 0.1181
9043.8000 0.1181
9048.4000 0.1181
9048.7000 0.1182
9049.0000 0.1182
9057.4000 0.1182
9064.5000 0.1183
9069.1000 0.1183
9070.0000 0.1183
9075.2000 0.1184
9076.2000 0.1184
9080.4000 0.1184
9085.8000 0.1185
9087.9000 0.1185
9095.0000 0.1185
9099.1000 0.1186
9100.7000 0.1186
9100.9000 0.1186
9104.1000 0.1187
9116.6000 0.1187
9118.5000 0.1188
9121.6000 0.1188
9122.2000 0.1188
9125.6000 0.1189
9127.7000 0.1189
9133.3000 0.1189
9134.4000 0.1190
9139.0000 0.1190
9140.0000 0.1190
9141.8000 0.1191
9148.1000 0.1191
9150.0000 0.1191
9155.3000 0.1192
9162.6000 0.1192
9165.2000 0.1192
9168.1000 0.1193
9171.1000 0.1193
9172.0000 0.1193
9174.0000 0.1194
9174.4000 0.1194
9180.0000 0.1194
9183.1000 0.1195
9191.9000 0.1195
9192.5000 0.1195
9194.9000 0.1196
9195.0000 0.1196
9197.3000 0.1197
9200.3000 0.1197
9203.8000 0.1197
9204.8000 0.1198
9213.4000 0.1198
9218.9000 0.1198
9219.7000 0.1199
9221.5000 0.1199
9222.0000 0.1199
9226.8000 0.1200
9230.2000 0.1200
9233.8000 0.1200
9235.3000 0.1201
9235.5000 0.1201
9241.5000 0.1201
9242.4000 0.1202
9244.0000 0.1202
9246.6000 0.1202
9263.9000 0.1203
9269.2000 0.1203
9273.0000 0.1203
9282.6000 0.1204
9285.8000 0.1204
9290.9000 0.1205
9293.7000 0.1205
9294.2000 0.1205
9300.8000 0.1206
9302.3000 0.1206
9307.3000 0.1206
9323.5000 0.1207
9326.5000 0.1207
9330.4000 0.1207
9334.9000 0.1208
9338.2000 0.1208
9344.0000 0.1208
9344.6000 0.1209
9345.1000 0.1209
9351.2000 0.1209
9353.6000 0.1210
9355.0000 0.1210
9357.3000 0.1210
9359.8000 0.1211
9360.6000 0.1211
9361.1000 0.1211
9363.0000 0.1212
9365.0000 0.1212
9369.5000 0.1213
9374.4000 0.1213
9376.6000 0.1213
9380.6000 0.1214
9385.9000 0.1214
9386.7000 0.1214
9386.8000 0.1215
9388.1000 0.1215
9388.6000 0.1215
9388.9000 0.1216
9394.3000 0.1216
9397.5000 0.1216
9399.3000 0.1217
9400.7000 0.1217
9401.0000 0.1217
9401.6000 0.1218
9401.7000 0.1218
9408.6000 0.1218
9409.5000 0.1219
9415.6000 0.1219
9415.7000 0.1219
9416.1000 0.1220
9417.1000 0.1220
9420.5000 0.1220
9420.7000 0.1221
9422.9000 0.1221
9423.7000 0.1222
9427.2000 0.1222
9428.0000 0.1222
9431.3000 0.1223
9440.0000 0.1223
9444.3000 0.1223
9445.8000 0.1224
9446.6000 0.1224
9450.5000 0.1224
9455.3000 0.1225
9468.0000 0.1225
9472.9000 0.1225
9478.8000 0.1226
9480.3000 0.1226
9480.9000 0.1226
9486.5000 0.1227
9487.8000 0.1227
9489.0000 0.1227
9491.6000 0.1228
9494.9000 0.1228
9495.9000 0.1228
9503.3000 0.1229
9509.4000 0.1229
9509.4000 0.1230
9510.1000 0.1230
9513.1000 0.1230
9514.6000 0.1231
9518.3000 0.1231
9521.0000 0.1231
9525.4000 0.1232
9531.8000 0.1232
9534.5000 0.1232
9541.9000 0.1233
9542.0000 0.1233
9546.3000 0.1233
9547.9000 0.1234
9550.9000 0.1234
9553.5000 0.1234
9558.4000 0.1235
9559.3000 0.1235
9560.0000 0.1235
9560.6000 0.1236
9566.7000 0.1236
9570.2000 0.1236
9570.3000 0.1237
9570.3000 0.1237
9572.8000 0.1238
9573.7000 0.1238
9578.7000 0.1238
9578.8000 0.1239
9579.0000 0.1239
9580.3000 0.1239
9581.2000 0.1240
9582.1000 0.1240
9584.0000 0.1240
9584.4000 0.1241
9589.1000 0.1241
9591.1000 0.1241
9593.3000 0.1242
9597.0000 0.1242
9599.5000 0.1242
9607.0000 0.1243
9616.0000 0.1243
9621.6000 0.1243
9624.3000 0.1244
9628.4000 0.1244
9630.0000 0.1244
9636.6000 0.1245
9646.5000 0.1245
9647.3000 0.1245
9647.4000 0.1246
9647.9000 0.1246
9650.7000 0.1247
9653.3000 0.1247
9653.3000 0.1247
9655.9000 0.1248
9671.0000 0.1248
9674.4000 0.1248
9682.0000 0.1249
9689.1000 0.1249
9699.1000 0.1249
9703.0000 0.1250
9707.5000 0.1250
9713.0000 0.1250
9714.6000 0.1251
9727.2000 0.1251
9733.6000 0.1251
9734.0000 0.1252
9735.6000 0.1252
9737.7000 0.1252
9747.8000 0.1253
9749.6000 0.1253
9750.1000 0.1253
9755.7000 0.1254
9761.0000 0.1254
9766.1000 0.1255
9776.4000 0.1255
9776.9000 0.1255
9778.2000 0.1256
9783.0000 0.1256
9798.0000 0.1256
9803.3000 0.1257
9806.1000 0.1257
9813.1000 0.1257
9813.8000 0.1258
9824.7000 0.1258
9825.0000 0.1258
9832.2000 0.1259
9834.1000 0.1259
9841.2000 0.1259
9848.6000 0.1260
9852.6000 0.1260
9867.8000 0.1260
9868.2000 0.1261
9869.9000 0.1261
9875.6000 0.1261
9875.9000 0.1262
9876.7000 0.1262
9878.4000 0.1263
9887.1000 0.1263
9887.2000 0.1263
9887.7000 0.1264
9906.4000 0.1264
9923.2000 0.1264
9928.3000 0.1265
9932.6000 0.1265
9936.6000 0.1265
9941.1000 0.1266
9943.6000 0.1266
9945.7000 0.1266
9951.6000 0.1267
9955.6000 0.1267
9956.0000 0.1267
9959.7000 0.1268
9969.1000 0.1268
9971.1000 0.1268
9979.0000 0.1269
9983.8000 0.1269
9985.1000 0.1269
9987.9000 0.1270
9992.9000 0.1270
9998.3000 0.1270
9999.7000 0.1271
10001.1000 0.1271
10004.7000 0.1272
10005.9000 0.1272
10017.4000 0.1272
10018.0000 0.1273
10023.4000 0.1273
10023.6000 0.1273
10030.7000 0.1274
10042.2000 0.1274
10043.2000 0.1274
10046.1000 0.1275
10046.2000 0.1275
10046.3000 0.1275
10053.3000 0.1276
10055.8000 0.1276
10056.9000 0.1276
10057.6000 0.1277
10066.4000 0.1277
10070.3000 0.1277
10072.0000 0.1278
10074.7000 0.1278
10078.7000 0.1278
10079.4000 0.1279
10080.2000 0.1279
10081.9000 0.1280
10084.1000 0.1280
10091.2000 0.1280
10092.3000 0.1281
10092.9000 0.1281
10093.0000 0.1281
10093.9000 0.1282
10098.0000 0.1282
10102.9000 0.1282
10105.1000 0.1283
10105.2000 0.1283
10106.4000 0.1283
10111.9000 0.1284
10115.7000 0.1284
10117.3000 0.1284
10119.8000 0.1285
10121.6000 0.1285
10124.6000 0.1285
10130.8000 0.1286
10135.6000 0.1286
10137.4000 0.1286
10137.6000 0.1287
10139.0000 0.1287
10139.5000 0.1288
10141.1000 0.1288
10143.5000 0.1288
10145.8000 0.1289
10147.5000 0.1289
10150.7000 0.1289
10152.1000 0.1290
10153.1000 0.1290
10155.1000 0.1290
10169.6000 0.1291
10176.2000 0.1291
10176.6000 0.1291
10185.6000 0.1292
10188.7000 0.1292
10192.5000 0.1292
10196.2000 0.1293
10198.2000 0.1293
10199.1000 0.1293
10211.2000 0.1294
10211.2000 0.1294
10213.4000 0.1294
10215.0000 0.1295
10226.5000 0.1295
10226.6000 0.1295
10230.1000 0.1296
10231.2000 0.1296
10240.6000 0.1297
10257.2000 0.1297
10258.5000 0.1297
10261.0000 0.1298
10263.8000 0.1298
10266.0000 0.1298
10284.8000 0.1299
10285.6000 0.1299
10286.4000 0.1299
10288.2000 0.1300
10298.1000 0.1300
10300.8000 0.1300
10304.5000 0.1301
10307.9000 0.1301
10310.1000 0.1301
10311.0000 0.1302
10313.3000 0.1302
10314.4000 0.1302
10321.0000 0.1303
10321.1000 0.1303
10321.1000 0.1303
10323.6000 0.1304
10341.2000 0.1304
10342.9000 0.1305
10348.0000 0.1305
10350.4000 0.1305
10354.5000 0.1306
10354.7000 0.1306
10355.7000 0.1306
10356.1000 0.1307
10357.6000 0.1307
10360.4000 0.1307
10361.0000 0.1308
10361.7000 0.1308
10367.2000 0.1308
10367.4000 0.1309
10377.3000 0.1309
10379.4000 0.1309
10389.4000 0.1310
10389.4000 0.1310
10393.4000 0.1310
10393.9000 0.1311
10397.6000 0.1311
10401.0000 0.1311
10402.3000 0.1312
10404.6000 0.1312
10408.1000 0.1313
10412.4000 0.1313
10414.5000 0.1313
10417.7000 0.1314
10434.8000 0.1314
10440.6000 0.1314
10442.7000 0.1315
10451.7000 0.1315
10453.2000 0.1315
10454.5000 0.1316
10456.1000 0.1316
10457.4000 0.1316
10458.6000 0.1317
10461.0000 0.1317
10464.7000 0.1317
10488.8000 0.1318
10493.3000 0.1318
10495.8000 0.1318
10497.5000 0.1319
10505.9000 0.1319
10508.5000 0.1319
10518.3000 0.1320
10520.5000 0.1320
10520.6000 0.1320
10522.9000 0.1321
10533.1000 0.1321
10534.5000 0.1322
10543.7000 0.1322
10543.7000 0.1322
10553.5000 0.1323
10556.0000 0.1323
10560.5000 0.1323
10567.3000 0.1324
10569.0000 0.1324
10574.3000 0.1324
10576.0000 0.1325
10577.1000 0.1325
10587.4000 0.1325
10591.6000 0.1326
10594.9000 0.1326
10595.6000 0.1326
10600.1000 0.1327
10606.4000 0.1327
10607.2000 0.1327
10614.7000 0.1328
10615.4000 0.1328
10616.3000 0.1328
10616.6000 0.1329
10618.1000 0.1329
10628.2000 0.1330
10632.5000 0.1330
10635.4000 0.1330
10641.6000 0.1331
10645.6000 0.1331
10652.9000 0.1331
10654.2000 0.1332
10662.7000 0.1332
10667.7000 0.1332
10667.9000 0.1333
10672.2000 0.1333
10677.0000 0.1333
10685.9000 0.1334
10697.8000 0.1334
10703.3000 0.1334
10705.8000 0.1335
10706.5000 0.1335
10707.5000 0.1335
10710.1000 0.1336
10718.2000 0.1336
10720.6000 0.1336
10724.6000 0.1337
10732.4000 0.1337
10736.1000 0.1338
10737.1000 0.1338
10738.0000 0.1338
10740.7000 0.1339
10753.6000 0.1339
10761.6000 0.1339
10764.0000 0.1340
10765.9000 0.1340
10768.4000 0.1340
10771.4000 0.1341
10777.0000 0.1341
10780.3000 0.1341
10782.6000 0.1342
10787.0000 0.1342
10788.1000 0.1342
10793.4000 0.1343
10793.6000 0.1343
10795.5000 0.1343
10799.4000 0.1344
10802.0000 0.1344
10806.9000 0.1344
10807.9000 0.1345
10814.1000 0.1345
10817.0000 0.1345
10818.4000 0.1346
10821.7000 0.1346
10821.8000 0.1347
10824.3000 0.1347
10826.2000 0.1347
10826.4000 0.1348
10830.9000 0.1348
10842.4000 0.1348
10844.6000 0.1349
10846.0000 0.1349
10846.0000 0.1349
10846.3000 0.1350
10850.0000 0.1350
10850.3000 0.1350
10856.0000 0.1351
10856.6000 0.1351
10857.4000 0.1351
10866.1000 0.1352
10866.9000 0.1352
10874.8000 0.1352
10886.4000 0.1353
10895.3000 0.1353
10895.7000 0.1353
10899.6000 0.1354
10905.6000 0.1354
10906.9000 0.1355
10918.0000 0.1355
10918.2000 0.1355
10920.5000 0.1356
10921.2000 0.1356
10926.8000 0.1356
10928.0000 0.1357
10929.6000 0.1357
10940.6000 0.1357
10946.6000 0.1358
10957.0000 0.1358
10964.3000 0.1358
10972.9000 0.1359
10974.0000 0.1359
10976.1000 0.1359
10976.4000 0.1360
10977.3000 0.1360
10982.0000 0.1360
10988.9000 0.1361
10991.0000 0.1361
10993.0000 0.1361
10995.4000 0.1362
10997.9000 0.1362
10998.4000 0.1363
11001.3000 0.1363
11004.5000 0.1363
11005.0000 0.1364
11005.7000 0.1364
11006.4000 0.1364
11008.0000 0.1365
11015.5000 0.1365
11018.7000 0.1365
11020.1000 0.1366
11022.0000 0.1366
11024.4000 0.1366
11032.0000 0.1367
11034.0000 0.1367
11034.3000 0.1367
11034.8000 0.1368
11035.2000 0.1368
11039.1000 0.1368
11040.1000 0.1369
11040.1000 0.1369
11045.4000 0.1369
11046.7000 0.1370
11049.4000 0.1370
11050.9000 0.1370
11056.3000 0.1371
11062.2000 0.1371
11062.4000 0.1372
11075.8000 0.1372
11076.4000 0.1372
11078.3000 0.1373
11079.7000 0.1373
11086.9000 0.1373
11088.4000 0.1374
11090.2000 0.1374
11093.0000 0.1374
11107.5000 0.1375
11108.6000 0.1375
11117.2000 0.1375
11119.3000 0.1376
11119.3000 0.1376
11121.7000 0.1376
11130.9000 0.1377
11135.3000 0.1377
11141.6000 0.1377
11143.1000 0.1378
11143.9000 0.1378
11144.5000 0.1378
11146.4000 0.1379
11150.0000 0.1379
11154.1000 0.1380
11155.1000 0.1380
11155.6000 0.1380
11155.8000 0.1381
11158.6000 0.1381
11159.9000 0.1381
11162.0000 0.1382
11165.7000 0.1382
11167.9000 0.1382
11168.1000 0.1383
11176.6000 0.1383
11181.7000 0.1383
11181.8000 0.1384
11185.9000 0.1384
11195.1000 0.1384
11204.4000 0.1385
11209.9000 0.1385
11214.5000 0.1385
11218.5000 0.1386
11222.3000 0.1386
11223.3000 0.1386
11224.0000 0.1387
11224.1000 0.1387
11225.3000 0.1388
11228.1000 0.1388
11228.4000 0.1388
11229.6000 0.1389
11233.4000 0.1389
11241.0000 0.1389
11247.6000 0.1390
11249.0000 0.1390
11250.7000 0.1390
11268.5000 0.1391
11274.2000 0.1391
11288.8000 0.1391
11291.6000 0.1392
11293.2000 0.1392
11301.2000 0.1392
11301.5000 0.1393
11321.5000 0.1393
11321.7000 0.1393
11324.6000 0.1394
11329.3000 0.1394
11333.4000 0.1394
11335.6000 0.1395
11337.9000 0.1395
11340.6000 0.1395
11342.7000 0.1396
11351.5000 0.1396
11354.2000 0.1397
11356.5000 0.1397
11360.3000 0.1397
11368.0000 0.1398
11374.0000 0.1398
11383.4000 0.1398
11395.3000 0.1399
11402.0000 0.1399
11403.4000 0.1399
11406.9000 0.1400
11408.9000 0.1400
11410.0000 0.1400
11412.4000 0.1401
11417.0000 0.1401
11422.8000 0.1401
11427.2000 0.1402
11428.0000 0.1402
11428.9000 0.1402
11429.1000 0.1403
11430.4000 0.1403
11431.3000 0.1403
11434.1000 0.1404
11440.0000 0.1404
11440.4000 0.1405
11442.7000 0.1405
11443.0000 0.1405
11444.0000 0.1406
11444.0000 0.1406
11451.4000 0.1406
11453.2000 0.1407
11457.5000 0.1407
11461.4000 0.1407
11462.0000 0.1408
11462.4000 0.1408
11464.3000 0.1408
11471.5000 0.1409
11471.9000 0.1409
11475.6000 0.1409
11477.8000 0.1410
11478.9000 0.1410
11481.3000 0.1410
11487.7000 0.1411
11491.8000 0.1411
11493.3000 0.1411
11493.5000 0.1412
11498.0000 0.1412
11510.6000 0.1413
11514.4000 0.1413
11515.3000 0.1413
11516.0000 0.1414
11518.0000 0.1414
11520.9000 0.1414
11522.7000 0.1415
11533.2000 0.1415
11534.9000 0.1415
11540.4000 0.1416
11547.4000 0.1416
11549.1000 0.1416
11549.4000 0.1417
11549.6000 0.1417
11549.8000 0.1417
11552.2000 0.1418
11554.5000 0.1418
11554.7000 0.1418
11556.9000 0.1419
11559.0000 0.1419
11563.8000 0.1419
11565.6000 0.1420
11566.0000 0.1420
11569.8000 0.1420
11570.5000 0.1421
11571.1000 0.1421
11579.0000 0.1422
11581.6000 0.1422
11582.6000 0.1422
11582.9000 0.1423
11587.3000 0.1423
11592.4000 0.1423
11596.6000 0.1424
11604.5000 0.1424
11605.3000 0.1424
11612.7000 0.1425
11614.5000 0.1425
11614.9000 0.1425
11616.1000 0.1426
11618.3000 0.1426
11620.0000 0.1426
11622.0000 0.1427
11624.3000 0.1427
11626.0000 0.1427
11626.3000 0.1428
11629.4000 0.1428
11632.6000 0.1428
11635.3000 0.1429
11637.4000 0.1429
11637.9000 0.1430
11641.4000 0.1430
11650.6000 0.1430
11657.4000 0.1431
11660.7000 0.1431
11667.2000 0.1431
11669.7000 0.1432
11670.0000 0.1432
11680.0000 0.1432
11684.9000 0.1433
11689.2000 0.1433
11689.8000 0.1433
11698.8000 0.1434
11698.9000 0.1434
11709.5000 0.1434
11711.6000 0.1435
11717.1000 0.1435
11722.1000 0.1435
11726.0000 0.1436
11726.6000 0.1436
11733.5000 0.1436
11736.0000 0.1437
11738.6000 0.1437
11744.2000 0.1438
11744.3000 0.1438
11744.8000 0.1438
11745.0000 0.1439
11745.1000 0.1439
11752.8000 0.1439
11753.9000 0.1440
11754.4000 0.1440
11755.4000 0.1440
11759.0000 0.1441
11761.4000 0.1441
11765.4000 0.1441
11768.0000 0.1442
11774.0000 0.1442
11776.7000 0.1442
11780.1000 0.1443
11785.7000 0.1443
11786.7000 0.1443
11787.8000 0.1444
11788.9000 0.1444
11789.6000 0.1444
11797.7000 0.1445
11807.4000 0.1445
11810.9000 0.1445
11817.3000 0.1446
11817.7000 0.1446
11827.3000 0.1447
11829.7000 0.1447
11831.0000 0.1447
11835.0000 0.1448
11836.3000 0.1448
11836.6000 0.1448
11837.8000 0.1449
11838.3000 0.1449
11839.9000 0.1449
11847.0000 0.1450
11853.5000 0.1450
11856.1000 0.1450
11856.1000 0.1451
11856.4000 0.1451
11859.2000 0.1451
11859.8000 0.1452
11871.2000 0.1452
11881.4000 0.1452
11884.4000 0.1453
11900.3000 0.1453
11905.4000 0.1453
11907.5000 0.1454
11908.3000 0.1454
11910.4000 0.1455
11911.7000 0.1455
11913.0000 0.1455
11913.2000 0.1456
11914.9000 0.1456
11942.5000 0.1456
11944.3000 0.1457
11947.9000 0.1457
11954.6000 0.1457
11965.0000 0.1458
11969.6000 0.1458
11973.5000 0.1458
11978.9000 0.1459
13891.0000 0.1459
