# messageDelay  cumulativeProbability
1.0000 0.0002
1.0000 0.0003
1.0000 0.0005
1.0000 0.0007
1.0000 0.0009
1.0000 0.0010
1.0000 0.0012
1.0000 0.0014
1.0000 0.0016
1.0000 0.0017
1.0000 0.0019
1.0000 0.0021
1.0000 0.0023
1.0000 0.0024
1.0000 0.0026
1.0000 0.0028
1.0000 0.0030
1.0000 0.0031
1.0000 0.0033
1.0000 0.0035
1.0000 0.0036
1.0000 0.0038
1.0000 0.0040
1.0000 0.0042
1.0000 0.0043
1.1000 0.0045
1.6000 0.0047
2.0000 0.0049
2.0000 0.0050
2.1000 0.0052
2.3000 0.0054
7.0000 0.0056
18.9000 0.0057
21.6000 0.0059
23.5000 0.0061
28.2000 0.0063
57.8000 0.0064
84.4000 0.0066
97.9000 0.0068
106.6000 0.0069
113.0000 0.0071
118.7000 0.0073
119.3000 0.0075
120.6000 0.0076
127.1000 0.0078
130.4000 0.0080
132.0000 0.0082
133.2000 0.0083
138.1000 0.0085
140.7000 0.0087
143.3000 0.0089
146.9000 0.0090
156.0000 0.0092
158.4000 0.0094
168.6000 0.0095
174.2000 0.0097
174.6000 0.0099
180.5000 0.0101
181.2000 0.0102
182.4000 0.0104
198.4000 0.0106
201.8000 0.0108
202.3000 0.0109
205.0000 0.0111
207.6000 0.0113
210.4000 0.0115
212.8000 0.0116
213.3000 0.0118
217.6000 0.0120
221.5000 0.0122
232.9000 0.0123
233.2000 0.0125
233.4000 0.0127
235.2000 0.0128
242.0000 0.0130
245.1000 0.0132
246.3000 0.0134
254.8000 0.0135
263.2000 0.0137
266.3000 0.0139
267.6000 0.0141
267.9000 0.0142
268.4000 0.0144
274.9000 0.0146
275.3000 0.0148
277.8000 0.0149
283.5000 0.0151
284.4000 0.0153
284.7000 0.0155
285.7000 0.0156
286.2000 0.0158
289.3000 0.0160
292.8000 0.0161
298.5000 0.0163
301.2000 0.0165
303.1000 0.0167
324.7000 0.0168
328.1000 0.0170
333.6000 0.0172
335.6000 0.0174
336.8000 0.0175
337.7000 0.0177
339.7000 0.0179
340.0000 0.0181
345.0000 0.0182
345.6000 0.0184
346.7000 0.0186
347.7000 0.0187
349.5000 0.0189
353.0000 0.0191
353.8000 0.0193
353.8000 0.0194
354.4000 0.0196
358.1000 0.0198
359.3000 0.0200
359.7000 0.0201
369.6000 0.0203
370.1000 0.0205
370.8000 0.0207
375.3000 0.0208
375.5000 0.0210
381.0000 0.0212
385.3000 0.0214
386.4000 0.0215
387.4000 0.0217
392.4000 0.0219
400.3000 0.0220
405.5000 0.0222
406.5000 0.0224
407.5000 0.0226
408.7000 0.0227
410.9000 0.0229
411.8000 0.0231
413.0000 0.0233
414.2000 0.0234
417.4000 0.0236
418.7000 0.0238
419.8000 0.0240
421.7000 0.0241
425.0000 0.0243
425.1000 0.0245
429.2000 0.0247
435.8000 0.0248
436.1000 0.0250
438.2000 0.0252
439.9000 0.0253
441.7000 0.0255
442.1000 0.0257
444.3000 0.0259
447.1000 0.0260
452.2000 0.0262
452.7000 0.0264
455.0000 0.0266
458.7000 0.0267
459.5000 0.0269
459.7000 0.0271
460.3000 0.0273
472.2000 0.0274
472.9000 0.0276
474.3000 0.0278
475.9000 0.0280
476.3000 0.0281
478.7000 0.0283
482.3000 0.0285
483.6000 0.0286
485.4000 0.0288
485.9000 0.0290
487.4000 0.0292
487.7000 0.0293
488.8000 0.0295
492.4000 0.0297
496.9000 0.0299
501.9000 0.0300
502.5000 0.0302
507.0000 0.0304
509.8000 0.0306
510.1000 0.0307
513.0000 0.0309
513.3000 0.0311
514.1000 0.0312
514.3000 0.0314
514.9000 0.0316
517.2000 0.0318
518.6000 0.0319
521.6000 0.0321
524.6000 0.0323
525.7000 0.0325
525.9000 0.0326
527.6000 0.0328
530.7000 0.0330
531.0000 0.0332
531.3000 0.0333
532.8000 0.0335
535.1000 0.0337
537.4000 0.0339
537.7000 0.0340
540.4000 0.0342
548.3000 0.0344
549.5000 0.0345
553.1000 0.0347
553.2000 0.0349
555.4000 0.0351
561.0000 0.0352
562.7000 0.0354
566.5000 0.0356
568.1000 0.0358
570.0000 0.0359
570.7000 0.0361
572.9000 0.0363
572.9000 0.0365
573.3000 0.0366
574.8000 0.0368
576.2000 0.0370
579.9000 0.0372
581.2000 0.0373
587.2000 0.0375
587.6000 0.0377
591.4000 0.0378
591.6000 0.0380
593.0000 0.0382
594.1000 0.0384
594.5000 0.0385
597.1000 0.0387
598.6000 0.0389
598.8000 0.0391
599.1000 0.0392
599.1000 0.0394
599.2000 0.0396
599.7000 0.0398
600.5000 0.0399
601.0000 0.0401
606.9000 0.0403
609.8000 0.0405
610.9000 0.0406
613.4000 0.0408
613.6000 0.0410
617.1000 0.0411
617.9000 0.0413
618.2000 0.0415
621.6000 0.0417
623.3000 0.0418
623.5000 0.0420
630.0000 0.0422
630.2000 0.0424
633.1000 0.0425
634.4000 0.0427
638.0000 0.0429
638.5000 0.0431
639.4000 0.0432
639.5000 0.0434
640.4000 0.0436
642.5000 0.0437
642.7000 0.0439
644.1000 0.0441
651.0000 0.0443
654.2000 0.0444
659.9000 0.0446
660.6000 0.0448
662.0000 0.0450
665.9000 0.0451
668.5000 0.0453
670.1000 0.0455
670.8000 0.0457
670.8000 0.0458
674.3000 0.0460
675.3000 0.0462
675.3000 0.0464
675.6000 0.0465
677.3000 0.0467
678.9000 0.0469
678.9000 0.0470
679.6000 0.0472
679.7000 0.0474
681.4000 0.0476
682.0000 0.0477
685.6000 0.0479
685.8000 0.0481
686.1000 0.0483
691.1000 0.0484
691.5000 0.0486
691.5000 0.0488
693.0000 0.0490
693.2000 0.0491
694.6000 0.0493
698.0000 0.0495
700.5000 0.0497
700.8000 0.0498
708.3000 0.0500
709.2000 0.0502
709.5000 0.0503
710.3000 0.0505
710.5000 0.0507
711.0000 0.0509
711.4000 0.0510
717.1000 0.0512
717.3000 0.0514
718.7000 0.0516
720.2000 0.0517
721.8000 0.0519
723.3000 0.0521
724.0000 0.0523
724.8000 0.0524
725.6000 0.0526
726.2000 0.0528
726.4000 0.0530
731.6000 0.0531
734.6000 0.0533
735.4000 0.0535
737.0000 0.0536
740.9000 0.0538
741.0000 0.0540
746.0000 0.0542
746.5000 0.0543
747.3000 0.0545
750.9000 0.0547
751.2000 0.0549
753.2000 0.0550
753.7000 0.0552
754.0000 0.0554
756.3000 0.0556
758.1000 0.0557
760.6000 0.0559
761.0000 0.0561
761.1000 0.0562
761.5000 0.0564
761.9000 0.0566
762.0000 0.0568
762.0000 0.0569
762.4000 0.0571
763.7000 0.0573
766.0000 0.0575
766.2000 0.0576
766.6000 0.0578
767.7000 0.0580
768.2000 0.0582
768.5000 0.0583
769.6000 0.0585
771.4000 0.0587
772.3000 0.0589
772.9000 0.0590
773.3000 0.0592
774.0000 0.0594
774.3000 0.0595
774.3000 0.0597
775.5000 0.0599
775.5000 0.0601
776.1000 0.0602
777.7000 0.0604
778.6000 0.0606
778.9000 0.0608
779.0000 0.0609
780.7000 0.0611
780.7000 0.0613
783.5000 0.0615
784.9000 0.0616
785.0000 0.0618
788.4000 0.0620
789.7000 0.0622
792.3000 0.0623
793.6000 0.0625
794.2000 0.0627
794.5000 0.0628
795.9000 0.0630
800.5000 0.0632
803.3000 0.0634
807.5000 0.0635
807.6000 0.0637
808.6000 0.0639
810.0000 0.0641
812.1000 0.0642
812.5000 0.0644
813.2000 0.0646
814.2000 0.0648
815.2000 0.0649
815.7000 0.0651
818.2000 0.0653
821.0000 0.0655
821.6000 0.0656
821.7000 0.0658
821.9000 0.0660
822.7000 0.0661
822.9000 0.0663
830.4000 0.0665
832.2000 0.0667
832.7000 0.0668
833.2000 0.0670
833.6000 0.0672
835.0000 0.0674
835.7000 0.0675
837.9000 0.0677
838.7000 0.0679
840.0000 0.0681
841.2000 0.0682
842.0000 0.0684
842.3000 0.0686
842.5000 0.0687
842.8000 0.0689
844.9000 0.0691
845.7000 0.0693
847.4000 0.0694
849.3000 0.0696
849.6000 0.0698
853.0000 0.0700
853.2000 0.0701
853.4000 0.0703
853.4000 0.0705
854.8000 0.0707
855.6000 0.0708
856.5000 0.0710
856.7000 0.0712
857.1000 0.0714
858.0000 0.0715
860.0000 0.0717
860.5000 0.0719
860.5000 0.0720
861.7000 0.0722
862.1000 0.0724
867.5000 0.0726
870.5000 0.0727
870.9000 0.0729
871.2000 0.0731
873.2000 0.0733
873.4000 0.0734
874.9000 0.0736
875.2000 0.0738
876.7000 0.0740
881.8000 0.0741
882.3000 0.0743
885.2000 0.0745
887.1000 0.0747
887.7000 0.0748
887.9000 0.0750
890.6000 0.0752
892.6000 0.0753
893.8000 0.0755
896.4000 0.0757
897.6000 0.0759
898.6000 0.0760
898.6000 0.0762
899.0000 0.0764
899.8000 0.0766
902.4000 0.0767
902.4000 0.0769
903.8000 0.0771
905.3000 0.0773
905.6000 0.0774
907.2000 0.0776
908.5000 0.0778
910.7000 0.0780
911.2000 0.0781
911.4000 0.0783
911.9000 0.0785
913.8000 0.0786
920.2000 0.0788
923.0000 0.0790
924.5000 0.0792
925.4000 0.0793
930.4000 0.0795
932.4000 0.0797
933.2000 0.0799
937.5000 0.0800
939.2000 0.0802
941.3000 0.0804
941.9000 0.0806
945.5000 0.0807
947.5000 0.0809
948.4000 0.0811
948.4000 0.0812
951.4000 0.0814
955.1000 0.0816
957.1000 0.0818
957.4000 0.0819
957.7000 0.0821
960.0000 0.0823
961.7000 0.0825
962.5000 0.0826
962.9000 0.0828
963.2000 0.0830
965.8000 0.0832
965.9000 0.0833
967.1000 0.0835
967.6000 0.0837
968.1000 0.0839
970.4000 0.0840
972.4000 0.0842
973.1000 0.0844
976.5000 0.0845
977.3000 0.0847
979.4000 0.0849
979.4000 0.0851
982.9000 0.0852
985.5000 0.0854
986.1000 0.0856
986.2000 0.0858
986.6000 0.0859
987.5000 0.0861
988.8000 0.0863
989.7000 0.0865
991.2000 0.0866
994.9000 0.0868
996.4000 0.0870
1000.9000 0.0872
1001.0000 0.0873
1001.4000 0.0875
1002.3000 0.0877
1003.0000 0.0878
1005.3000 0.0880
1006.1000 0.0882
1007.6000 0.0884
1009.0000 0.0885
1009.2000 0.0887
1009.7000 0.0889
1010.0000 0.0891
1011.9000 0.0892
1013.4000 0.0894
1013.6000 0.0896
1014.6000 0.0898
1015.9000 0.0899
1018.0000 0.0901
1021.1000 0.0903
1021.9000 0.0905
1023.0000 0.0906
1023.6000 0.0908
1024.4000 0.0910
1025.1000 0.0911
1026.4000 0.0913
1027.7000 0.0915
1028.2000 0.0917
1029.5000 0.0918
1033.1000 0.0920
1033.9000 0.0922
1034.5000 0.0924
1035.9000 0.0925
1037.2000 0.0927
1037.6000 0.0929
1037.8000 0.0931
1038.0000 0.0932
1038.7000 0.0934
1039.4000 0.0936
1040.5000 0.0937
1041.5000 0.0939
1042.7000 0.0941
1045.1000 0.0943
1046.3000 0.0944
1046.9000 0.0946
1047.1000 0.0948
1049.0000 0.0950
1052.4000 0.0951
1055.3000 0.0953
1057.5000 0.0955
1057.9000 0.0957
1060.9000 0.0958
1061.3000 0.0960
1061.5000 0.0962
1061.9000 0.0964
1063.8000 0.0965
1067.3000 0.0967
1072.2000 0.0969
1077.8000 0.0970
1082.3000 0.0972
1083.0000 0.0974
1084.6000 0.0976
1084.9000 0.0977
1086.1000 0.0979
1086.7000 0.0981
1086.8000 0.0983
1088.1000 0.0984
1088.3000 0.0986
1089.6000 0.0988
1094.5000 0.0990
1095.2000 0.0991
1095.5000 0.0993
1095.6000 0.0995
1095.8000 0.0997
1096.7000 0.0998
1108.1000 0.1000
1110.9000 0.1002
1112.7000 0.1003
1114.1000 0.1005
1114.2000 0.1007
1114.4000 0.1009
1115.0000 0.1010
1115.8000 0.1012
1115.9000 0.1014
1116.4000 0.1016
1117.6000 0.1017
1118.2000 0.1019
1119.2000 0.1021
1122.8000 0.1023
1122.8000 0.1024
1123.4000 0.1026
1124.0000 0.1028
1130.4000 0.1030
1132.6000 0.1031
1135.3000 0.1033
1136.2000 0.1035
1137.9000 0.1036
1139.8000 0.1038
1141.2000 0.1040
1141.5000 0.1042
1142.9000 0.1043
1143.6000 0.1045
1145.0000 0.1047
1145.9000 0.1049
1146.3000 0.1050
1146.4000 0.1052
1149.4000 0.1054
1149.9000 0.1056
1152.0000 0.1057
1152.2000 0.1059
1152.6000 0.1061
1152.9000 0.1062
1153.0000 0.1064
1153.4000 0.1066
1154.7000 0.1068
1156.9000 0.1069
1157.9000 0.1071
1160.2000 0.1073
1161.6000 0.1075
1162.5000 0.1076
1166.2000 0.1078
1170.1000 0.1080
1172.9000 0.1082
1173.8000 0.1083
1173.9000 0.1085
1176.8000 0.1087
1176.8000 0.1089
1177.1000 0.1090
1177.5000 0.1092
1178.1000 0.1094
1179.9000 0.1095
1180.3000 0.1097
1180.5000 0.1099
1182.3000 0.1101
1183.3000 0.1102
1186.8000 0.1104
1186.8000 0.1106
1186.9000 0.1108
1187.0000 0.1109
1187.5000 0.1111
1189.3000 0.1113
1190.2000 0.1115
1190.7000 0.1116
1191.5000 0.1118
1193.2000 0.1120
1193.7000 0.1122
1194.0000 0.1123
1194.7000 0.1125
1195.8000 0.1127
1196.1000 0.1128
1197.8000 0.1130
1199.1000 0.1132
1199.1000 0.1134
1199.4000 0.1135
1199.5000 0.1137
1200.8000 0.1139
1200.8000 0.1141
1201.6000 0.1142
1202.0000 0.1144
1202.1000 0.1146
1202.3000 0.1148
1203.5000 0.1149
1206.5000 0.1151
1208.8000 0.1153
1208.9000 0.1155
1209.8000 0.1156
1211.5000 0.1158
1213.1000 0.1160
1213.4000 0.1161
1214.1000 0.1163
1214.4000 0.1165
1215.9000 0.1167
1216.9000 0.1168
1217.3000 0.1170
1221.3000 0.1172
1224.6000 0.1174
1224.6000 0.1175
1227.3000 0.1177
1229.4000 0.1179
1229.5000 0.1181
1231.7000 0.1182
1233.0000 0.1184
1234.2000 0.1186
1235.1000 0.1187
1235.5000 0.1189
1236.5000 0.1191
1238.1000 0.1193
1238.5000 0.1194
1240.3000 0.1196
1240.4000 0.1198
1245.3000 0.1200
1246.9000 0.1201
1248.0000 0.1203
1248.1000 0.1205
1251.4000 0.1207
1251.8000 0.1208
1253.7000 0.1210
1255.2000 0.1212
1257.2000 0.1214
1257.6000 0.1215
1257.6000 0.1217
1259.3000 0.1219
1260.2000 0.1220
1261.1000 0.1222
1261.3000 0.1224
1262.4000 0.1226
1264.0000 0.1227
1264.2000 0.1229
1265.2000 0.1231
1267.2000 0.1233
1267.6000 0.1234
1267.6000 0.1236
1267.9000 0.1238
1268.0000 0.1240
1272.9000 0.1241
1273.7000 0.1243
1274.6000 0.1245
1275.5000 0.1247
1275.8000 0.1248
1276.1000 0.1250
1276.8000 0.1252
1277.5000 0.1253
1278.0000 0.1255
1279.9000 0.1257
1280.4000 0.1259
1280.6000 0.1260
1280.9000 0.1262
1282.0000 0.1264
1282.9000 0.1266
1283.4000 0.1267
1283.5000 0.1269
1284.4000 0.1271
1284.4000 0.1273
1284.5000 0.1274
1286.1000 0.1276
1286.4000 0.1278
1287.9000 0.1280
1288.3000 0.1281
1290.4000 0.1283
1291.5000 0.1285
1292.4000 0.1286
1293.3000 0.1288
1295.1000 0.1290
1295.1000 0.1292
1295.5000 0.1293
1295.8000 0.1295
1296.1000 0.1297
1297.2000 0.1299
1297.6000 0.1300
1299.3000 0.1302
1299.6000 0.1304
1300.0000 0.1306
1301.4000 0.1307
1302.3000 0.1309
1302.9000 0.1311
1306.0000 0.1312
1306.8000 0.1314
1307.1000 0.1316
1307.3000 0.1318
1308.6000 0.1319
1309.0000 0.1321
1310.8000 0.1323
1312.3000 0.1325
1313.9000 0.1326
1314.2000 0.1328
1315.1000 0.1330
1317.1000 0.1332
1317.3000 0.1333
1317.6000 0.1335
1317.8000 0.1337
1319.0000 0.1339
1319.3000 0.1340
1319.5000 0.1342
1320.0000 0.1344
1320.2000 0.1345
1320.3000 0.1347
1325.3000 0.1349
1326.2000 0.1351
1326.4000 0.1352
1329.8000 0.1354
1337.9000 0.1356
1339.0000 0.1358
1340.8000 0.1359
1342.0000 0.1361
1342.0000 0.1363
1342.6000 0.1365
1343.8000 0.1366
1344.7000 0.1368
1346.0000 0.1370
1348.6000 0.1372
1349.1000 0.1373
1351.1000 0.1375
1352.6000 0.1377
1355.0000 0.1378
1356.2000 0.1380
1359.1000 0.1382
1359.1000 0.1384
1360.2000 0.1385
1360.8000 0.1387
1364.6000 0.1389
1365.0000 0.1391
1366.0000 0.1392
1368.8000 0.1394
1369.0000 0.1396
1369.5000 0.1398
1369.6000 0.1399
1371.2000 0.1401
1374.1000 0.1403
1375.5000 0.1405
1378.7000 0.1406
1379.8000 0.1408
1382.3000 0.1410
1387.9000 0.1411
1389.5000 0.1413
1391.7000 0.1415
1392.4000 0.1417
1395.8000 0.1418
1400.7000 0.1420
1402.2000 0.1422
1402.5000 0.1424
1404.0000 0.1425
1405.9000 0.1427
1406.5000 0.1429
1407.0000 0.1431
1407.9000 0.1432
1408.2000 0.1434
1408.5000 0.1436
1410.0000 0.1437
1412.8000 0.1439
1413.4000 0.1441
1413.9000 0.1443
1414.8000 0.1444
1417.7000 0.1446
1420.8000 0.1448
1421.4000 0.1450
1423.0000 0.1451
1424.7000 0.1453
1425.2000 0.1455
1429.7000 0.1457
1430.2000 0.1458
1431.3000 0.1460
1437.1000 0.1462
1439.2000 0.1464
1439.6000 0.1465
1440.1000 0.1467
1441.5000 0.1469
1442.7000 0.1470
1442.8000 0.1472
1442.9000 0.1474
1443.0000 0.1476
1443.7000 0.1477
1444.5000 0.1479
1445.7000 0.1481
1447.7000 0.1483
1449.8000 0.1484
1450.6000 0.1486
1451.0000 0.1488
1451.1000 0.1490
1451.8000 0.1491
1452.5000 0.1493
1454.9000 0.1495
1458.3000 0.1497
1458.3000 0.1498
1460.6000 0.1500
1461.4000 0.1502
1462.3000 0.1503
1462.9000 0.1505
1463.1000 0.1507
1463.5000 0.1509
1466.2000 0.1510
1467.3000 0.1512
1469.3000 0.1514
1470.6000 0.1516
1473.8000 0.1517
1473.9000 0.1519
1473.9000 0.1521
1474.2000 0.1523
1476.8000 0.1524
1477.1000 0.1526
1477.6000 0.1528
1479.0000 0.1530
1482.7000 0.1531
1482.8000 0.1533
1483.0000 0.1535
1483.1000 0.1536
1483.5000 0.1538
1484.6000 0.1540
1484.8000 0.1542
1485.8000 0.1543
1486.7000 0.1545
1487.6000 0.1547
1489.1000 0.1549
1489.3000 0.1550
1490.1000 0.1552
1492.9000 0.1554
1495.6000 0.1556
1496.0000 0.1557
1496.2000 0.1559
1498.7000 0.1561
1499.8000 0.1562
1503.2000 0.1564
1505.1000 0.1566
1506.9000 0.1568
1507.5000 0.1569
1508.2000 0.1571
1508.5000 0.1573
1508.6000 0.1575
1509.9000 0.1576
1512.3000 0.1578
1516.7000 0.1580
1517.8000 0.1582
1520.4000 0.1583
1522.3000 0.1585
1523.5000 0.1587
1525.4000 0.1589
1525.8000 0.1590
1526.1000 0.1592
1529.4000 0.1594
1530.1000 0.1595
1530.3000 0.1597
1530.9000 0.1599
1531.0000 0.1601
1531.0000 0.1602
1532.3000 0.1604
1532.6000 0.1606
1532.9000 0.1608
1533.7000 0.1609
1533.8000 0.1611
1533.9000 0.1613
1536.5000 0.1615
1537.8000 0.1616
1537.9000 0.1618
1538.0000 0.1620
1538.4000 0.1622
1539.1000 0.1623
1540.2000 0.1625
1540.3000 0.1627
1542.2000 0.1628
1542.5000 0.1630
1544.4000 0.1632
1546.1000 0.1634
1548.7000 0.1635
1548.9000 0.1637
1553.4000 0.1639
1553.8000 0.1641
1554.1000 0.1642
1555.2000 0.1644
1558.5000 0.1646
1559.2000 0.1648
1559.7000 0.1649
1561.8000 0.1651
1562.4000 0.1653
1562.4000 0.1655
1565.3000 0.1656
1566.7000 0.1658
1566.8000 0.1660
1569.3000 0.1661
1569.6000 0.1663
1571.3000 0.1665
1576.5000 0.1667
1576.8000 0.1668
1577.2000 0.1670
1580.3000 0.1672
1581.0000 0.1674
1581.2000 0.1675
1583.3000 0.1677
1583.6000 0.1679
1583.8000 0.1681
1584.0000 0.1682
1584.1000 0.1684
1584.8000 0.1686
1586.1000 0.1687
1586.6000 0.1689
1586.7000 0.1691
1587.5000 0.1693
1589.4000 0.1694
1589.6000 0.1696
1590.2000 0.1698
1592.2000 0.1700
1592.9000 0.1701
1593.4000 0.1703
1594.1000 0.1705
1595.0000 0.1707
1595.0000 0.1708
1595.4000 0.1710
1597.6000 0.1712
1599.0000 0.1714
1600.6000 0.1715
1604.0000 0.1717
1604.7000 0.1719
1605.5000 0.1720
1607.4000 0.1722
1608.3000 0.1724
1608.6000 0.1726
1609.5000 0.1727
1612.3000 0.1729
1613.9000 0.1731
1614.6000 0.1733
1618.9000 0.1734
1619.3000 0.1736
1620.1000 0.1738
1621.2000 0.1740
1624.3000 0.1741
1626.3000 0.1743
1626.7000 0.1745
1627.0000 0.1747
1629.1000 0.1748
1635.0000 0.1750
1635.5000 0.1752
1635.9000 0.1753
1637.5000 0.1755
1639.2000 0.1757
1639.2000 0.1759
1639.7000 0.1760
1640.5000 0.1762
1641.4000 0.1764
1643.0000 0.1766
1644.9000 0.1767
1646.0000 0.1769
1646.1000 0.1771
1648.6000 0.1773
1648.7000 0.1774
1650.8000 0.1776
1652.2000 0.1778
1653.6000 0.1780
1655.7000 0.1781
1657.6000 0.1783
1657.6000 0.1785
1660.1000 0.1786
1660.3000 0.1788
1661.9000 0.1790
1663.5000 0.1792
1665.0000 0.1793
1677.3000 0.1795
1680.3000 0.1797
1680.8000 0.1799
1680.8000 0.1800
1684.8000 0.1802
1687.7000 0.1804
1687.8000 0.1806
1687.9000 0.1807
1691.6000 0.1809
1697.3000 0.1811
1697.5000 0.1812
1699.5000 0.1814
1700.4000 0.1816
1702.1000 0.1818
1703.9000 0.1819
1705.0000 0.1821
1705.0000 0.1823
1705.5000 0.1825
1708.8000 0.1826
1709.2000 0.1828
1709.8000 0.1830
1713.4000 0.1832
1714.2000 0.1833
1718.5000 0.1835
1718.7000 0.1837
1720.9000 0.1839
1721.9000 0.1840
1723.3000 0.1842
1723.4000 0.1844
1724.2000 0.1845
1724.7000 0.1847
1726.3000 0.1849
1726.3000 0.1851
1728.2000 0.1852
1729.4000 0.1854
1730.6000 0.1856
1734.4000 0.1858
1734.6000 0.1859
1735.5000 0.1861
1735.9000 0.1863
1740.4000 0.1865
1741.7000 0.1866
1744.3000 0.1868
1747.5000 0.1870
1748.9000 0.1872
1749.6000 0.1873
1750.1000 0.1875
1752.0000 0.1877
1752.6000 0.1878
1753.6000 0.1880
1756.1000 0.1882
1756.1000 0.1884
1758.3000 0.1885
1758.5000 0.1887
1758.6000 0.1889
1759.1000 0.1891
1759.7000 0.1892
1760.3000 0.1894
1761.4000 0.1896
1761.5000 0.1898
1767.0000 0.1899
1767.4000 0.1901
1770.1000 0.1903
1770.3000 0.1905
1771.0000 0.1906
1771.1000 0.1908
1772.3000 0.1910
1775.0000 0.1911
1781.0000 0.1913
1781.5000 0.1915
1784.7000 0.1917
1784.9000 0.1918
1786.3000 0.1920
1789.2000 0.1922
1789.8000 0.1924
1790.2000 0.1925
1790.6000 0.1927
1795.2000 0.1929
1795.3000 0.1931
1796.3000 0.1932
1796.5000 0.1934
1797.0000 0.1936
1800.3000 0.1937
1801.9000 0.1939
1802.2000 0.1941
1802.9000 0.1943
1803.0000 0.1944
1803.7000 0.1946
1807.3000 0.1948
1807.8000 0.1950
1808.4000 0.1951
1808.9000 0.1953
1809.7000 0.1955
1813.4000 0.1957
1813.9000 0.1958
1816.7000 0.1960
1817.7000 0.1962
1817.9000 0.1964
1818.1000 0.1965
1818.6000 0.1967
1818.6000 0.1969
1823.0000 0.1970
1823.1000 0.1972
1823.3000 0.1974
1824.0000 0.1976
1825.8000 0.1977
1827.8000 0.1979
1827.8000 0.1981
1828.7000 0.1983
1829.1000 0.1984
1829.8000 0.1986
1832.0000 0.1988
1832.7000 0.1990
1833.0000 0.1991
1834.0000 0.1993
1836.7000 0.1995
1836.8000 0.1997
1838.8000 0.1998
1840.7000 0.2000
1842.8000 0.2002
1842.9000 0.2003
1843.1000 0.2005
1847.4000 0.2007
1850.8000 0.2009
1850.8000 0.2010
1852.3000 0.2012
1852.6000 0.2014
1853.4000 0.2016
1854.9000 0.2017
1859.6000 0.2019
1860.9000 0.2021
1863.5000 0.2023
1863.7000 0.2024
1864.5000 0.2026
1866.9000 0.2028
1869.9000 0.2030
1870.5000 0.2031
1870.6000 0.2033
1871.6000 0.2035
1876.8000 0.2036
1878.4000 0.2038
1878.6000 0.2040
1878.8000 0.2042
1881.5000 0.2043
1883.0000 0.2045
1883.1000 0.2047
1883.3000 0.2049
1883.9000 0.2050
1886.1000 0.2052
1887.2000 0.2054
1887.5000 0.2056
1889.4000 0.2057
1889.8000 0.2059
1893.3000 0.2061
1893.4000 0.2062
1897.1000 0.2064
1897.8000 0.2066
1898.8000 0.2068
1899.0000 0.2069
1900.5000 0.2071
1902.5000 0.2073
1904.4000 0.2075
1904.6000 0.2076
1904.7000 0.2078
1908.7000 0.2080
1911.2000 0.2082
1911.9000 0.2083
1916.9000 0.2085
1918.4000 0.2087
1921.3000 0.2089
1925.4000 0.2090
1925.7000 0.2092
1927.8000 0.2094
1929.3000 0.2095
1929.3000 0.2097
1932.8000 0.2099
1934.7000 0.2101
1937.8000 0.2102
1938.3000 0.2104
1939.3000 0.2106
1939.3000 0.2108
1941.4000 0.2109
1943.4000 0.2111
1943.5000 0.2113
1944.0000 0.2115
1944.6000 0.2116
1945.4000 0.2118
1946.6000 0.2120
1946.9000 0.2122
1947.4000 0.2123
1947.4000 0.2125
1948.0000 0.2127
1948.4000 0.2128
1956.2000 0.2130
1957.1000 0.2132
1957.3000 0.2134
1958.9000 0.2135
1959.7000 0.2137
1960.6000 0.2139
1963.5000 0.2141
1964.0000 0.2142
1964.8000 0.2144
1965.9000 0.2146
1965.9000 0.2148
1967.8000 0.2149
1972.4000 0.2151
1976.8000 0.2153
1977.2000 0.2155
1978.6000 0.2156
1980.9000 0.2158
1982.6000 0.2160
1984.4000 0.2161
1985.4000 0.2163
1988.3000 0.2165
1989.0000 0.2167
1989.2000 0.2168
1992.1000 0.2170
1994.6000 0.2172
1995.5000 0.2174
1995.9000 0.2175
1996.6000 0.2177
1998.1000 0.2179
1998.6000 0.2181
1998.7000 0.2182
1999.7000 0.2184
1999.9000 0.2186
1999.9000 0.2187
2000.0000 0.2189
2000.6000 0.2191
2005.8000 0.2193
2006.0000 0.2194
2012.4000 0.2196
2022.7000 0.2198
2024.4000 0.2200
2025.7000 0.2201
2026.7000 0.2203
2027.2000 0.2205
2027.5000 0.2207
2027.7000 0.2208
2028.8000 0.2210
2029.2000 0.2212
2030.6000 0.2214
2042.2000 0.2215
2042.2000 0.2217
2043.8000 0.2219
2044.6000 0.2220
2047.3000 0.2222
2050.7000 0.2224
2050.9000 0.2226
2051.3000 0.2227
2053.0000 0.2229
2054.3000 0.2231
2057.9000 0.2233
2059.9000 0.2234
2060.9000 0.2236
2061.5000 0.2238
2063.2000 0.2240
2064.6000 0.2241
2064.9000 0.2243
2066.3000 0.2245
2068.1000 0.2247
2068.7000 0.2248
2068.9000 0.2250
2069.7000 0.2252
2071.5000 0.2253
2072.4000 0.2255
2076.5000 0.2257
2076.8000 0.2259
2076.9000 0.2260
2078.1000 0.2262
2079.4000 0.2264
2085.8000 0.2266
2086.9000 0.2267
2090.4000 0.2269
2092.6000 0.2271
2097.8000 0.2273
2099.0000 0.2274
2106.0000 0.2276
2106.6000 0.2278
2106.8000 0.2280
2107.2000 0.2281
2108.2000 0.2283
2110.5000 0.2285
2111.3000 0.2286
2117.3000 0.2288
2119.9000 0.2290
2120.4000 0.2292
2121.8000 0.2293
2128.8000 0.2295
2131.9000 0.2297
2131.9000 0.2299
2132.7000 0.2300
2137.2000 0.2302
2137.5000 0.2304
2138.0000 0.2306
2138.3000 0.2307
2138.6000 0.2309
2140.3000 0.2311
2140.6000 0.2312
2143.0000 0.2314
2143.4000 0.2316
2143.7000 0.2318
2144.2000 0.2319
2149.1000 0.2321
2151.3000 0.2323
2151.7000 0.2325
2154.0000 0.2326
2154.2000 0.2328
2156.4000 0.2330
2157.1000 0.2332
2158.3000 0.2333
2165.5000 0.2335
2166.3000 0.2337
2166.8000 0.2339
2168.6000 0.2340
2168.8000 0.2342
2171.4000 0.2344
2172.0000 0.2345
2173.8000 0.2347
2174.3000 0.2349
2175.6000 0.2351
2177.9000 0.2352
2177.9000 0.2354
2178.0000 0.2356
2179.5000 0.2358
2180.8000 0.2359
2185.6000 0.2361
2187.3000 0.2363
2189.4000 0.2365
2196.6000 0.2366
2199.1000 0.2368
2199.9000 0.2370
2201.0000 0.2372
2203.4000 0.2373
2205.2000 0.2375
2207.9000 0.2377
2209.7000 0.2378
2210.0000 0.2380
2211.4000 0.2382
2213.8000 0.2384
2216.5000 0.2385
2218.1000 0.2387
2220.8000 0.2389
2222.8000 0.2391
2223.6000 0.2392
2224.5000 0.2394
2225.4000 0.2396
2225.6000 0.2398
2226.0000 0.2399
2226.9000 0.2401
2228.3000 0.2403
2229.1000 0.2405
2232.4000 0.2406
2233.6000 0.2408
2237.0000 0.2410
2237.8000 0.2411
2243.8000 0.2413
2245.6000 0.2415
2245.8000 0.2417
2247.5000 0.2418
2249.1000 0.2420
2252.9000 0.2422
2252.9000 0.2424
2258.2000 0.2425
2258.9000 0.2427
2263.1000 0.2429
2263.3000 0.2431
2263.8000 0.2432
2265.6000 0.2434
2265.7000 0.2436
2270.9000 0.2437
2272.9000 0.2439
2273.9000 0.2441
2275.9000 0.2443
2279.3000 0.2444
2282.0000 0.2446
2287.2000 0.2448
2293.4000 0.2450
2295.3000 0.2451
2296.4000 0.2453
2296.9000 0.2455
2297.9000 0.2457
2298.6000 0.2458
2301.4000 0.2460
2307.8000 0.2462
2307.9000 0.2464
2308.0000 0.2465
2309.2000 0.2467
2311.8000 0.2469
2312.2000 0.2470
2312.8000 0.2472
2317.8000 0.2474
2318.6000 0.2476
2322.8000 0.2477
2323.9000 0.2479
2324.5000 0.2481
2330.6000 0.2483
2332.9000 0.2484
2334.3000 0.2486
2335.1000 0.2488
2335.8000 0.2490
2338.4000 0.2491
2341.4000 0.2493
2343.8000 0.2495
2344.0000 0.2497
2344.5000 0.2498
2347.8000 0.2500
2353.9000 0.2502
2357.5000 0.2503
2360.8000 0.2505
2361.5000 0.2507
2363.2000 0.2509
2370.3000 0.2510
2373.2000 0.2512
2373.6000 0.2514
2378.9000 0.2516
2381.3000 0.2517
2382.9000 0.2519
2385.8000 0.2521
2386.6000 0.2523
2387.0000 0.2524
2391.8000 0.2526
2396.7000 0.2528
2398.7000 0.2530
2399.7000 0.2531
2401.0000 0.2533
2402.5000 0.2535
2413.5000 0.2536
2414.2000 0.2538
2415.7000 0.2540
2416.1000 0.2542
2416.9000 0.2543
2419.8000 0.2545
2420.4000 0.2547
2420.5000 0.2549
2420.8000 0.2550
2422.4000 0.2552
2424.8000 0.2554
2426.0000 0.2556
2432.2000 0.2557
2436.9000 0.2559
2440.6000 0.2561
2443.0000 0.2563
2447.0000 0.2564
2448.0000 0.2566
2451.0000 0.2568
2452.2000 0.2569
2454.2000 0.2571
2454.4000 0.2573
2455.2000 0.2575
2457.9000 0.2576
2458.7000 0.2578
2466.2000 0.2580
2466.6000 0.2582
2468.5000 0.2583
2469.3000 0.2585
2469.6000 0.2587
2475.7000 0.2589
2477.6000 0.2590
2478.1000 0.2592
2482.3000 0.2594
2483.2000 0.2595
2484.9000 0.2597
2484.9000 0.2599
2486.4000 0.2601
2486.5000 0.2602
2487.0000 0.2604
2488.0000 0.2606
2488.1000 0.2608
2492.7000 0.2609
2497.8000 0.2611
2499.5000 0.2613
2500.0000 0.2615
2500.1000 0.2616
2501.3000 0.2618
2507.8000 0.2620
2511.1000 0.2622
2511.4000 0.2623
2512.5000 0.2625
2514.7000 0.2627
2518.0000 0.2628
2519.1000 0.2630
2521.0000 0.2632
2522.0000 0.2634
2522.4000 0.2635
2524.8000 0.2637
2528.3000 0.2639
2529.9000 0.2641
2533.7000 0.2642
2535.3000 0.2644
2536.6000 0.2646
2538.1000 0.2648
2542.4000 0.2649
2543.7000 0.2651
2549.0000 0.2653
2553.2000 0.2655
2554.6000 0.2656
2556.0000 0.2658
2556.2000 0.2660
2558.1000 0.2661
2559.6000 0.2663
2561.0000 0.2665
2565.1000 0.2667
2569.6000 0.2668
2571.3000 0.2670
2572.6000 0.2672
2578.6000 0.2674
2581.5000 0.2675
2586.6000 0.2677
2590.8000 0.2679
2593.7000 0.2681
2595.4000 0.2682
2598.1000 0.2684
2599.7000 0.2686
2600.5000 0.2688
2602.1000 0.2689
2602.8000 0.2691
2603.5000 0.2693
2603.5000 0.2694
2606.0000 0.2696
2610.5000 0.2698
2612.0000 0.2700
2612.3000 0.2701
2612.9000 0.2703
2615.0000 0.2705
2615.4000 0.2707
2615.5000 0.2708
2617.0000 0.2710
2618.0000 0.2712
2619.6000 0.2714
2628.6000 0.2715
2632.7000 0.2717
2639.4000 0.2719
2641.3000 0.2720
2643.6000 0.2722
2649.6000 0.2724
2650.6000 0.2726
2652.9000 0.2727
2653.9000 0.2729
2655.0000 0.2731
2657.8000 0.2733
2659.8000 0.2734
2665.2000 0.2736
2666.9000 0.2738
2668.1000 0.2740
2669.2000 0.2741
2670.0000 0.2743
2672.8000 0.2745
2676.2000 0.2747
2676.6000 0.2748
2676.8000 0.2750
2677.5000 0.2752
2680.2000 0.2753
2683.2000 0.2755
2688.0000 0.2757
2690.7000 0.2759
2696.0000 0.2760
2696.9000 0.2762
2698.2000 0.2764
2698.2000 0.2766
2701.0000 0.2767
2703.0000 0.2769
2703.2000 0.2771
2703.3000 0.2773
2706.4000 0.2774
2707.9000 0.2776
2711.7000 0.2778
2715.8000 0.2780
2716.6000 0.2781
2716.6000 0.2783
2717.4000 0.2785
2717.8000 0.2786
2718.4000 0.2788
2720.6000 0.2790
2721.6000 0.2792
2722.8000 0.2793
2723.9000 0.2795
2724.5000 0.2797
2728.0000 0.2799
2731.5000 0.2800
2737.6000 0.2802
2743.3000 0.2804
2743.5000 0.2806
2744.7000 0.2807
2746.6000 0.2809
2748.0000 0.2811
2749.9000 0.2813
2756.2000 0.2814
2757.1000 0.2816
2768.3000 0.2818
2770.1000 0.2819
2770.6000 0.2821
2770.6000 0.2823
2778.0000 0.2825
2783.6000 0.2826
2784.8000 0.2828
2790.0000 0.2830
2790.7000 0.2832
2796.7000 0.2833
2797.2000 0.2835
2798.1000 0.2837
2799.7000 0.2839
2804.0000 0.2840
2805.0000 0.2842
2807.6000 0.2844
2808.0000 0.2845
2808.6000 0.2847
2811.2000 0.2849
2817.0000 0.2851
2819.9000 0.2852
2821.1000 0.2854
2826.0000 0.2856
2828.9000 0.2858
2834.0000 0.2859
2836.8000 0.2861
2841.4000 0.2863
2844.6000 0.2865
2847.6000 0.2866
2848.5000 0.2868
2848.8000 0.2870
2857.2000 0.2872
2860.8000 0.2873
2863.6000 0.2875
2865.1000 0.2877
2867.5000 0.2878
2867.8000 0.2880
2868.5000 0.2882
2876.8000 0.2884
2877.4000 0.2885
2878.1000 0.2887
2879.3000 0.2889
2883.8000 0.2891
2886.9000 0.2892
2891.4000 0.2894
2891.9000 0.2896
2892.0000 0.2898
2894.8000 0.2899
2896.2000 0.2901
2905.5000 0.2903
2906.5000 0.2905
2909.5000 0.2906
2909.9000 0.2908
2923.3000 0.2910
2926.2000 0.2911
2927.3000 0.2913
2927.5000 0.2915
2928.0000 0.2917
2932.1000 0.2918
2937.3000 0.2920
2937.9000 0.2922
2943.7000 0.2924
2944.9000 0.2925
2945.9000 0.2927
2950.8000 0.2929
2953.1000 0.2931
2953.2000 0.2932
2958.7000 0.2934
2965.7000 0.2936
2966.7000 0.2938
2978.9000 0.2939
2983.2000 0.2941
2983.3000 0.2943
2983.6000 0.2944
2992.8000 0.2946
2992.9000 0.2948
2993.4000 0.2950
2998.2000 0.2951
2998.3000 0.2953
2998.9000 0.2955
3008.8000 0.2957
3010.8000 0.2958
3014.9000 0.2960
3015.8000 0.2962
3017.3000 0.2964
3023.8000 0.2965
3028.3000 0.2967
3031.6000 0.2969
3035.2000 0.2970
3042.2000 0.2972
3042.7000 0.2974
3047.5000 0.2976
3047.6000 0.2977
3050.3000 0.2979
3050.7000 0.2981
3054.2000 0.2983
3060.0000 0.2984
3063.5000 0.2986
3064.1000 0.2988
3066.0000 0.2990
3069.9000 0.2991
3070.3000 0.2993
3072.2000 0.2995
3074.1000 0.2997
3075.3000 0.2998
3077.5000 0.3000
3077.7000 0.3002
3079.1000 0.3003
3080.1000 0.3005
3084.0000 0.3007
3085.7000 0.3009
3089.2000 0.3010
3090.1000 0.3012
3093.5000 0.3014
3094.1000 0.3016
3102.0000 0.3017
3106.0000 0.3019
3106.4000 0.3021
3119.1000 0.3023
3120.9000 0.3024
3121.0000 0.3026
3123.9000 0.3028
3124.0000 0.3030
3124.9000 0.3031
3128.0000 0.3033
3134.2000 0.3035
3139.0000 0.3036
3139.5000 0.3038
3140.8000 0.3040
3140.8000 0.3042
3143.0000 0.3043
3147.3000 0.3045
3148.6000 0.3047
3149.8000 0.3049
3150.0000 0.3050
3150.5000 0.3052
3152.2000 0.3054
3157.8000 0.3056
3167.3000 0.3057
3169.4000 0.3059
3171.0000 0.3061
3177.6000 0.3063
3177.8000 0.3064
3181.2000 0.3066
3182.4000 0.3068
3184.4000 0.3069
3185.6000 0.3071
3185.8000 0.3073
3185.8000 0.3075
3187.3000 0.3076
3194.6000 0.3078
3196.6000 0.3080
3197.1000 0.3082
3199.1000 0.3083
3200.1000 0.3085
3202.6000 0.3087
3211.1000 0.3089
3214.3000 0.3090
3218.8000 0.3092
3225.7000 0.3094
3228.7000 0.3095
3228.9000 0.3097
3234.5000 0.3099
3237.1000 0.3101
3237.8000 0.3102
3250.1000 0.3104
3250.4000 0.3106
3253.2000 0.3108
3255.1000 0.3109
3269.3000 0.3111
3270.9000 0.3113
3273.7000 0.3115
3274.4000 0.3116
3274.8000 0.3118
3275.1000 0.3120
3294.6000 0.3122
3298.3000 0.3123
3304.6000 0.3125
3311.1000 0.3127
3311.9000 0.3128
3312.2000 0.3130
3316.8000 0.3132
3319.1000 0.3134
3322.8000 0.3135
3323.3000 0.3137
3323.9000 0.3139
3331.8000 0.3141
3333.0000 0.3142
3333.3000 0.3144
3334.0000 0.3146
3338.4000 0.3148
3342.3000 0.3149
3343.8000 0.3151
3343.8000 0.3153
3349.4000 0.3155
3353.1000 0.3156
3368.1000 0.3158
3368.9000 0.3160
3370.2000 0.3161
3371.0000 0.3163
3377.0000 0.3165
3387.1000 0.3167
3388.2000 0.3168
3389.0000 0.3170
3391.8000 0.3172
3391.9000 0.3174
3401.4000 0.3175
3402.8000 0.3177
3407.7000 0.3179
3413.2000 0.3181
3414.1000 0.3182
3417.1000 0.3184
3419.4000 0.3186
3419.4000 0.3188
3434.8000 0.3189
3437.3000 0.3191
3440.1000 0.3193
3444.1000 0.3194
3450.6000 0.3196
3453.0000 0.3198
3457.7000 0.3200
3459.8000 0.3201
3460.1000 0.3203
3463.6000 0.3205
3466.8000 0.3207
3479.1000 0.3208
3486.4000 0.3210
3490.1000 0.3212
3493.1000 0.3214
3495.5000 0.3215
3499.2000 0.3217
3503.4000 0.3219
3507.0000 0.3220
3507.7000 0.3222
3508.4000 0.3224
3510.4000 0.3226
3510.7000 0.3227
3512.2000 0.3229
3513.8000 0.3231
3515.1000 0.3233
3516.3000 0.3234
3516.5000 0.3236
3517.6000 0.3238
3523.2000 0.3240
3523.9000 0.3241
3533.9000 0.3243
3535.2000 0.3245
3548.6000 0.3247
3552.2000 0.3248
3555.9000 0.3250
3564.1000 0.3252
3564.8000 0.3253
3564.9000 0.3255
3567.8000 0.3257
3580.4000 0.3259
3584.3000 0.3260
3584.4000 0.3262
3593.1000 0.3264
3594.8000 0.3266
3598.3000 0.3267
3599.0000 0.3269
3600.5000 0.3271
3610.9000 0.3273
3611.0000 0.3274
3618.6000 0.3276
3619.3000 0.3278
3620.3000 0.3280
3621.8000 0.3281
3628.3000 0.3283
3630.3000 0.3285
3635.6000 0.3286
3636.1000 0.3288
3637.4000 0.3290
3639.2000 0.3292
3641.6000 0.3293
3645.1000 0.3295
3649.8000 0.3297
3649.9000 0.3299
3651.6000 0.3300
3652.4000 0.3302
3664.8000 0.3304
3667.1000 0.3306
3669.0000 0.3307
3684.1000 0.3309
3688.7000 0.3311
3689.3000 0.3313
3689.9000 0.3314
3690.2000 0.3316
3690.7000 0.3318
3707.1000 0.3319
3707.6000 0.3321
3713.6000 0.3323
3718.5000 0.3325
3718.8000 0.3326
3719.4000 0.3328
3723.0000 0.3330
3723.9000 0.3332
3724.2000 0.3333
3727.7000 0.3335
3729.2000 0.3337
3729.6000 0.3339
3729.8000 0.3340
3734.6000 0.3342
3739.0000 0.3344
3739.4000 0.3345
3740.6000 0.3347
3740.6000 0.3349
3741.5000 0.3351
3742.1000 0.3352
3742.4000 0.3354
3752.0000 0.3356
3756.0000 0.3358
3757.4000 0.3359
3768.0000 0.3361
3774.0000 0.3363
3782.2000 0.3365
3787.5000 0.3366
3787.5000 0.3368
3789.3000 0.3370
3789.9000 0.3372
3796.0000 0.3373
3797.6000 0.3375
3800.2000 0.3377
3807.0000 0.3378
3813.9000 0.3380
3814.9000 0.3382
3818.9000 0.3384
3823.9000 0.3385
3827.7000 0.3387
3832.6000 0.3389
3841.3000 0.3391
3858.5000 0.3392
3859.0000 0.3394
3861.3000 0.3396
3867.6000 0.3398
3867.8000 0.3399
3869.8000 0.3401
3871.7000 0.3403
3878.0000 0.3405
3879.9000 0.3406
3881.2000 0.3408
3882.6000 0.3410
3890.2000 0.3411
3891.2000 0.3413
3894.6000 0.3415
3895.5000 0.3417
3895.8000 0.3418
3896.2000 0.3420
3905.4000 0.3422
3909.7000 0.3424
3912.5000 0.3425
3917.0000 0.3427
3917.0000 0.3429
3922.8000 0.3431
3928.5000 0.3432
3928.6000 0.3434
3929.1000 0.3436
3940.9000 0.3438
3941.5000 0.3439
3945.4000 0.3441
3949.3000 0.3443
3958.7000 0.3444
3960.5000 0.3446
3961.9000 0.3448
3962.9000 0.3450
3963.3000 0.3451
3965.0000 0.3453
3966.5000 0.3455
3974.7000 0.3457
3976.0000 0.3458
3977.0000 0.3460
3987.7000 0.3462
3990.1000 0.3464
3992.1000 0.3465
3992.8000 0.3467
3993.4000 0.3469
3999.7000 0.3470
4002.0000 0.3472
4018.6000 0.3474
4020.4000 0.3476
4023.3000 0.3477
4023.4000 0.3479
4023.6000 0.3481
4025.1000 0.3483
4026.1000 0.3484
4029.8000 0.3486
4034.8000 0.3488
4038.0000 0.3490
4047.0000 0.3491
4053.2000 0.3493
4059.1000 0.3495
4065.4000 0.3497
4066.1000 0.3498
4068.5000 0.3500
4076.8000 0.3502
4080.3000 0.3503
4082.8000 0.3505
4095.3000 0.3507
4098.0000 0.3509
4100.0000 0.3510
4102.6000 0.3512
4106.0000 0.3514
4106.4000 0.3516
4109.4000 0.3517
4115.6000 0.3519
4124.4000 0.3521
4124.6000 0.3523
4125.4000 0.3524
4129.7000 0.3526
4142.8000 0.3528
4143.0000 0.3530
4152.0000 0.3531
4155.3000 0.3533
4159.0000 0.3535
4170.5000 0.3536
4171.1000 0.3538
4172.4000 0.3540
4174.3000 0.3542
4187.3000 0.3543
4190.9000 0.3545
4191.7000 0.3547
4195.6000 0.3549
4199.8000 0.3550
4201.3000 0.3552
4213.6000 0.3554
4217.4000 0.3556
4219.3000 0.3557
4220.0000 0.3559
4228.9000 0.3561
4232.4000 0.3563
4235.2000 0.3564
4239.4000 0.3566
4240.6000 0.3568
4255.5000 0.3569
4255.8000 0.3571
4259.2000 0.3573
4259.5000 0.3575
4260.9000 0.3576
4265.9000 0.3578
4267.8000 0.3580
4273.3000 0.3582
4278.8000 0.3583
4282.1000 0.3585
4288.1000 0.3587
4288.4000 0.3589
4296.8000 0.3590
4302.4000 0.3592
4305.6000 0.3594
4306.3000 0.3595
4310.8000 0.3597
4322.3000 0.3599
4327.8000 0.3601
4330.9000 0.3602
4332.4000 0.3604
4343.3000 0.3606
4351.2000 0.3608
4359.3000 0.3609
4361.0000 0.3611
4365.0000 0.3613
4369.4000 0.3615
4369.8000 0.3616
4376.8000 0.3618
4379.7000 0.3620
4403.8000 0.3622
4407.5000 0.3623
4409.8000 0.3625
4419.6000 0.3627
4420.7000 0.3628
4425.4000 0.3630
4433.5000 0.3632
4436.7000 0.3634
4440.7000 0.3635
4444.8000 0.3637
4449.2000 0.3639
4452.8000 0.3641
4454.8000 0.3642
4457.1000 0.3644
4457.4000 0.3646
4462.2000 0.3648
4468.7000 0.3649
4475.4000 0.3651
4477.3000 0.3653
4480.3000 0.3655
4495.4000 0.3656
4496.8000 0.3658
4497.9000 0.3660
4500.3000 0.3661
4507.1000 0.3663
4508.3000 0.3665
4508.5000 0.3667
4513.6000 0.3668
4527.6000 0.3670
4544.0000 0.3672
4545.9000 0.3674
4548.6000 0.3675
4550.0000 0.3677
4551.8000 0.3679
4554.8000 0.3681
4556.0000 0.3682
4563.8000 0.3684
4566.9000 0.3686
4568.9000 0.3688
4570.3000 0.3689
4573.3000 0.3691
4576.3000 0.3693
4578.9000 0.3694
4579.1000 0.3696
4585.7000 0.3698
4589.6000 0.3700
4591.3000 0.3701
4591.9000 0.3703
4602.2000 0.3705
4609.2000 0.3707
4617.1000 0.3708
4630.6000 0.3710
4636.6000 0.3712
4641.6000 0.3714
4644.8000 0.3715
4649.9000 0.3717
4650.6000 0.3719
4651.9000 0.3720
4652.0000 0.3722
4652.8000 0.3724
4663.9000 0.3726
4666.6000 0.3727
4666.7000 0.3729
4670.5000 0.3731
4675.8000 0.3733
4686.8000 0.3734
4692.6000 0.3736
4716.7000 0.3738
4719.6000 0.3740
4721.9000 0.3741
4724.5000 0.3743
4728.0000 0.3745
4728.3000 0.3747
4742.1000 0.3748
4743.4000 0.3750
4743.8000 0.3752
4745.6000 0.3753
4749.5000 0.3755
4757.3000 0.3757
4762.1000 0.3759
4766.1000 0.3760
4791.5000 0.3762
4794.2000 0.3764
4796.1000 0.3766
4801.9000 0.3767
4802.1000 0.3769
4808.9000 0.3771
4814.3000 0.3773
4815.7000 0.3774
4820.7000 0.3776
4823.6000 0.3778
4827.1000 0.3780
4828.3000 0.3781
4846.1000 0.3783
4847.3000 0.3785
4853.7000 0.3786
4855.8000 0.3788
4862.3000 0.3790
4876.7000 0.3792
4883.4000 0.3793
4883.8000 0.3795
4889.2000 0.3797
4891.4000 0.3799
4897.1000 0.3800
4897.4000 0.3802
4900.5000 0.3804
4900.7000 0.3806
4908.8000 0.3807
4912.0000 0.3809
4917.0000 0.3811
4918.8000 0.3813
4920.4000 0.3814
4922.2000 0.3816
4938.3000 0.3818
4942.2000 0.3819
4945.4000 0.3821
4946.9000 0.3823
4948.3000 0.3825
4952.5000 0.3826
4954.1000 0.3828
4961.1000 0.3830
4968.7000 0.3832
4975.8000 0.3833
4976.8000 0.3835
4984.0000 0.3837
4986.1000 0.3839
4986.9000 0.3840
4989.0000 0.3842
4990.1000 0.3844
4992.8000 0.3845
4995.0000 0.3847
5003.1000 0.3849
5004.4000 0.3851
5007.1000 0.3852
5012.3000 0.3854
5018.6000 0.3856
5024.3000 0.3858
5026.6000 0.3859
5026.8000 0.3861
5033.3000 0.3863
5034.5000 0.3865
5044.9000 0.3866
5047.1000 0.3868
5053.3000 0.3870
5058.4000 0.3872
5064.3000 0.3873
5066.7000 0.3875
5067.3000 0.3877
5072.7000 0.3878
5075.5000 0.3880
5078.3000 0.3882
5080.1000 0.3884
5094.2000 0.3885
5109.1000 0.3887
5112.4000 0.3889
5114.9000 0.3891
5115.8000 0.3892
5118.0000 0.3894
5118.4000 0.3896
5121.9000 0.3898
5126.2000 0.3899
5127.1000 0.3901
5127.2000 0.3903
5134.9000 0.3905
5135.0000 0.3906
5140.3000 0.3908
5141.1000 0.3910
5150.8000 0.3911
5152.0000 0.3913
5155.0000 0.3915
5156.1000 0.3917
5170.7000 0.3918
5175.1000 0.3920
5182.4000 0.3922
5183.6000 0.3924
5186.3000 0.3925
5188.3000 0.3927
5192.6000 0.3929
5197.0000 0.3931
5206.0000 0.3932
5209.7000 0.3934
5211.0000 0.3936
5213.8000 0.3938
5216.8000 0.3939
5218.6000 0.3941
5220.1000 0.3943
5221.3000 0.3944
5223.1000 0.3946
5223.7000 0.3948
5224.1000 0.3950
5225.3000 0.3951
5230.6000 0.3953
5237.4000 0.3955
5238.8000 0.3957
5245.0000 0.3958
5247.6000 0.3960
5249.3000 0.3962
5252.0000 0.3964
5252.8000 0.3965
5256.2000 0.3967
5272.9000 0.3969
5274.1000 0.3970
5275.0000 0.3972
5280.9000 0.3974
5292.4000 0.3976
5299.6000 0.3977
5303.8000 0.3979
5306.4000 0.3981
5308.9000 0.3983
5313.0000 0.3984
5318.3000 0.3986
5321.8000 0.3988
5326.5000 0.3990
5332.3000 0.3991
5333.1000 0.3993
5334.0000 0.3995
5335.8000 0.3997
5335.8000 0.3998
5337.5000 0.4000
5342.0000 0.4002
5357.2000 0.4003
5360.7000 0.4005
5365.8000 0.4007
5367.3000 0.4009
5368.2000 0.4010
5368.9000 0.4012
5370.7000 0.4014
5372.3000 0.4016
5384.2000 0.4017
5389.7000 0.4019
5389.9000 0.4021
5391.2000 0.4023
5393.2000 0.4024
5400.4000 0.4026
5404.9000 0.4028
5411.2000 0.4030
5427.5000 0.4031
5427.8000 0.4033
5428.1000 0.4035
5430.4000 0.4036
5457.2000 0.4038
5457.4000 0.4040
5458.2000 0.4042
5461.8000 0.4043
5470.1000 0.4045
5479.0000 0.4047
5480.3000 0.4049
5481.6000 0.4050
5482.0000 0.4052
5484.9000 0.4054
5490.3000 0.4056
5492.0000 0.4057
5498.7000 0.4059
5503.2000 0.4061
5504.9000 0.4063
5505.6000 0.4064
5506.2000 0.4066
5506.6000 0.4068
5508.9000 0.4069
5510.3000 0.4071
5512.3000 0.4073
5517.4000 0.4075
5521.9000 0.4076
5529.5000 0.4078
5530.0000 0.4080
5531.0000 0.4082
5534.8000 0.4083
5540.3000 0.4085
5547.8000 0.4087
5548.2000 0.4089
5551.9000 0.4090
5553.8000 0.4092
5555.1000 0.4094
5557.6000 0.4095
5558.8000 0.4097
5559.5000 0.4099
5570.0000 0.4101
5573.1000 0.4102
5585.0000 0.4104
5593.3000 0.4106
5593.9000 0.4108
5595.9000 0.4109
5596.3000 0.4111
5602.5000 0.4113
5604.8000 0.4115
5610.8000 0.4116
5629.7000 0.4118
5633.8000 0.4120
5634.9000 0.4122
5636.8000 0.4123
5639.4000 0.4125
5643.0000 0.4127
5644.3000 0.4128
5650.7000 0.4130
5655.9000 0.4132
5658.8000 0.4134
5663.1000 0.4135
5664.5000 0.4137
5675.0000 0.4139
5679.2000 0.4141
5684.1000 0.4142
5691.6000 0.4144
5692.3000 0.4146
5706.6000 0.4148
5708.6000 0.4149
5709.5000 0.4151
5709.8000 0.4153
5718.6000 0.4155
5722.6000 0.4156
5722.8000 0.4158
5723.7000 0.4160
5730.8000 0.4161
5733.0000 0.4163
5739.8000 0.4165
5742.4000 0.4167
5743.8000 0.4168
5744.1000 0.4170
5749.5000 0.4172
5752.8000 0.4174
5753.3000 0.4175
5754.0000 0.4177
5755.7000 0.4179
5756.9000 0.4181
5757.6000 0.4182
5760.3000 0.4184
5763.2000 0.4186
5764.8000 0.4188
5767.7000 0.4189
5767.8000 0.4191
5771.6000 0.4193
5781.1000 0.4194
5786.4000 0.4196
5806.5000 0.4198
5809.2000 0.4200
5814.2000 0.4201
5821.1000 0.4203
5837.6000 0.4205
5839.8000 0.4207
5841.3000 0.4208
5849.1000 0.4210
5857.4000 0.4212
5857.4000 0.4214
5860.0000 0.4215
5862.8000 0.4217
5864.7000 0.4219
5882.6000 0.4220
5884.6000 0.4222
5886.9000 0.4224
5889.1000 0.4226
5889.4000 0.4227
5895.0000 0.4229
5896.2000 0.4231
5898.3000 0.4233
5898.6000 0.4234
5902.0000 0.4236
5908.6000 0.4238
5910.2000 0.4240
5916.1000 0.4241
5932.7000 0.4243
5934.7000 0.4245
5936.2000 0.4247
5945.1000 0.4248
5949.2000 0.4250
5952.2000 0.4252
5955.7000 0.4253
5956.6000 0.4255
5957.7000 0.4257
5957.9000 0.4259
5960.6000 0.4260
5960.8000 0.4262
5963.2000 0.4264
5965.9000 0.4266
5966.2000 0.4267
5973.1000 0.4269
5977.4000 0.4271
5981.4000 0.4273
5985.6000 0.4274
5989.4000 0.4276
5991.1000 0.4278
6019.6000 0.4280
6022.6000 0.4281
6025.3000 0.4283
6027.8000 0.4285
6029.2000 0.4286
6042.1000 0.4288
6045.9000 0.4290
6050.4000 0.4292
6052.9000 0.4293
6058.8000 0.4295
6059.6000 0.4297
6061.4000 0.4299
6063.2000 0.4300
6065.4000 0.4302
6068.2000 0.4304
6082.9000 0.4306
6083.1000 0.4307
6095.0000 0.4309
6099.0000 0.4311
6102.5000 0.4313
6106.3000 0.4314
6117.6000 0.4316
6120.4000 0.4318
6123.8000 0.4319
6126.7000 0.4321
6131.6000 0.4323
6136.6000 0.4325
6143.1000 0.4326
6147.6000 0.4328
6147.9000 0.4330
6151.5000 0.4332
6153.8000 0.4333
6156.8000 0.4335
6157.4000 0.4337
6157.6000 0.4339
6158.4000 0.4340
6162.9000 0.4342
6165.4000 0.4344
6167.1000 0.4345
6172.1000 0.4347
6174.9000 0.4349
6175.1000 0.4351
6190.5000 0.4352
6190.6000 0.4354
6193.8000 0.4356
6197.6000 0.4358
6199.8000 0.4359
6200.2000 0.4361
6211.3000 0.4363
6213.6000 0.4365
6227.2000 0.4366
6230.6000 0.4368
6232.4000 0.4370
6240.1000 0.4372
6251.1000 0.4373
6266.7000 0.4375
6273.9000 0.4377
6277.8000 0.4378
6286.0000 0.4380
6292.7000 0.4382
6294.5000 0.4384
6295.7000 0.4385
6296.6000 0.4387
6297.2000 0.4389
6297.3000 0.4391
6306.2000 0.4392
6306.6000 0.4394
6312.0000 0.4396
6313.1000 0.4398
6316.3000 0.4399
6317.7000 0.4401
6329.1000 0.4403
6329.3000 0.4405
6334.3000 0.4406
6345.8000 0.4408
6349.0000 0.4410
6354.0000 0.4411
6356.2000 0.4413
6368.2000 0.4415
6371.0000 0.4417
6378.9000 0.4418
6379.1000 0.4420
6383.4000 0.4422
6389.3000 0.4424
6402.8000 0.4425
6405.3000 0.4427
6406.0000 0.4429
6409.8000 0.4431
6418.5000 0.4432
6421.8000 0.4434
6428.8000 0.4436
6429.8000 0.4438
6434.9000 0.4439
6451.8000 0.4441
6453.5000 0.4443
6455.5000 0.4444
6459.9000 0.4446
6465.1000 0.4448
6467.8000 0.4450
6472.8000 0.4451
6482.7000 0.4453
6483.8000 0.4455
6504.8000 0.4457
6506.3000 0.4458
6507.8000 0.4460
6509.7000 0.4462
6515.3000 0.4464
6525.1000 0.4465
6528.0000 0.4467
6536.7000 0.4469
6542.0000 0.4470
6544.6000 0.4472
6558.4000 0.4474
6559.9000 0.4476
6585.1000 0.4477
6593.2000 0.4479
6599.2000 0.4481
6601.3000 0.4483
6601.7000 0.4484
6603.1000 0.4486
6608.2000 0.4488
6611.8000 0.4490
6612.0000 0.4491
6614.8000 0.4493
6634.5000 0.4495
6639.3000 0.4497
6642.6000 0.4498
6645.3000 0.4500
6657.7000 0.4502
6663.8000 0.4503
6666.0000 0.4505
6666.1000 0.4507
6668.2000 0.4509
6669.3000 0.4510
6676.4000 0.4512
6682.9000 0.4514
6684.3000 0.4516
6687.3000 0.4517
6689.8000 0.4519
6690.5000 0.4521
6693.2000 0.4523
6697.4000 0.4524
6712.0000 0.4526
6716.8000 0.4528
6732.8000 0.4530
6741.2000 0.4531
6744.1000 0.4533
6748.4000 0.4535
6748.5000 0.4536
6750.1000 0.4538
6767.4000 0.4540
6768.0000 0.4542
6769.6000 0.4543
6771.1000 0.4545
6778.4000 0.4547
6779.3000 0.4549
6781.0000 0.4550
6783.8000 0.4552
6784.3000 0.4554
6787.2000 0.4556
6790.8000 0.4557
6795.6000 0.4559
6797.2000 0.4561
6801.2000 0.4563
6811.8000 0.4564
6830.2000 0.4566
6834.4000 0.4568
6835.9000 0.4569
6838.7000 0.4571
6839.6000 0.4573
6863.0000 0.4575
6865.3000 0.4576
6865.6000 0.4578
6865.8000 0.4580
6871.3000 0.4582
6871.7000 0.4583
6873.8000 0.4585
6874.3000 0.4587
6881.6000 0.4589
6891.0000 0.4590
6904.1000 0.4592
6905.7000 0.4594
6907.1000 0.4595
6907.6000 0.4597
6912.4000 0.4599
6913.6000 0.4601
6914.7000 0.4602
6924.7000 0.4604
6936.3000 0.4606
6945.9000 0.4608
6948.1000 0.4609
6950.6000 0.4611
6959.8000 0.4613
6960.1000 0.4615
6960.8000 0.4616
6962.4000 0.4618
6963.5000 0.4620
6966.0000 0.4622
6966.1000 0.4623
6970.6000 0.4625
6973.6000 0.4627
6976.7000 0.4628
6977.8000 0.4630
6979.3000 0.4632
6984.6000 0.4634
6987.2000 0.4635
6989.0000 0.4637
6991.6000 0.4639
6994.7000 0.4641
7004.2000 0.4642
7005.7000 0.4644
7005.8000 0.4646
7008.9000 0.4648
7015.6000 0.4649
7016.2000 0.4651
7018.2000 0.4653
7018.6000 0.4655
7018.6000 0.4656
7019.6000 0.4658
7026.7000 0.4660
7029.9000 0.4661
7036.9000 0.4663
7047.8000 0.4665
7048.9000 0.4667
7059.9000 0.4668
7071.5000 0.4670
7075.1000 0.4672
7079.0000 0.4674
7079.8000 0.4675
7090.5000 0.4677
7094.1000 0.4679
7107.3000 0.4681
7117.4000 0.4682
7126.2000 0.4684
7127.8000 0.4686
7129.0000 0.4688
7153.3000 0.4689
7155.3000 0.4691
7158.6000 0.4693
7166.7000 0.4694
7187.4000 0.4696
7187.6000 0.4698
7193.3000 0.4700
7200.2000 0.4701
7203.8000 0.4703
7209.8000 0.4705
7216.8000 0.4707
7216.9000 0.4708
7217.7000 0.4710
7218.9000 0.4712
7222.7000 0.4714
7226.4000 0.4715
7231.1000 0.4717
7231.2000 0.4719
7249.1000 0.4720
7261.4000 0.4722
7263.8000 0.4724
7273.0000 0.4726
7275.6000 0.4727
7277.7000 0.4729
7281.6000 0.4731
7292.8000 0.4733
7303.6000 0.4734
7305.6000 0.4736
7310.6000 0.4738
7313.4000 0.4740
7325.7000 0.4741
7326.4000 0.4743
7328.7000 0.4745
7328.9000 0.4747
7340.3000 0.4748
7347.4000 0.4750
7355.6000 0.4752
7360.3000 0.4753
7362.7000 0.4755
7365.8000 0.4757
7365.9000 0.4759
7377.0000 0.4760
7379.1000 0.4762
7380.0000 0.4764
7396.8000 0.4766
7405.6000 0.4767
7405.7000 0.4769
7412.0000 0.4771
7417.8000 0.4773
7418.1000 0.4774
7426.7000 0.4776
7443.2000 0.4778
7446.6000 0.4780
7463.1000 0.4781
7468.4000 0.4783
7475.9000 0.4785
7476.5000 0.4786
7479.0000 0.4788
7483.2000 0.4790
7486.7000 0.4792
7499.3000 0.4793
7500.3000 0.4795
7510.4000 0.4797
7515.9000 0.4799
7517.6000 0.4800
7518.2000 0.4802
7524.6000 0.4804
7534.6000 0.4806
7537.7000 0.4807
7538.6000 0.4809
7538.9000 0.4811
7541.4000 0.4813
7550.5000 0.4814
7556.8000 0.4816
7562.9000 0.4818
7569.1000 0.4819
7569.7000 0.4821
7575.2000 0.4823
7578.2000 0.4825
7582.8000 0.4826
7585.4000 0.4828
7600.3000 0.4830
7601.6000 0.4832
7605.3000 0.4833
7605.8000 0.4835
7616.1000 0.4837
7618.9000 0.4839
7623.0000 0.4840
7623.2000 0.4842
7629.1000 0.4844
7636.7000 0.4845
7648.2000 0.4847
7661.1000 0.4849
7667.8000 0.4851
7684.1000 0.4852
7694.1000 0.4854
7700.2000 0.4856
7711.4000 0.4858
7723.2000 0.4859
7724.3000 0.4861
7725.8000 0.4863
7728.3000 0.4865
7738.5000 0.4866
7767.0000 0.4868
7768.0000 0.4870
7769.6000 0.4872
7774.3000 0.4873
7775.2000 0.4875
7779.1000 0.4877
7781.7000 0.4878
7792.1000 0.4880
7797.7000 0.4882
7805.3000 0.4884
7810.1000 0.4885
7811.9000 0.4887
7816.4000 0.4889
7817.0000 0.4891
7820.1000 0.4892
7820.2000 0.4894
7823.7000 0.4896
7830.6000 0.4898
7836.8000 0.4899
7861.8000 0.4901
7871.6000 0.4903
7871.8000 0.4905
7876.5000 0.4906
7879.8000 0.4908
7882.6000 0.4910
7887.0000 0.4911
7899.8000 0.4913
7906.4000 0.4915
7907.8000 0.4917
7908.6000 0.4918
7913.9000 0.4920
7915.7000 0.4922
7920.3000 0.4924
7921.8000 0.4925
7923.9000 0.4927
7934.9000 0.4929
7938.3000 0.4931
7940.0000 0.4932
7942.9000 0.4934
7949.8000 0.4936
7950.2000 0.4938
7950.4000 0.4939
7952.9000 0.4941
7954.4000 0.4943
7958.8000 0.4944
7975.0000 0.4946
7982.6000 0.4948
7985.1000 0.4950
7986.2000 0.4951
7998.8000 0.4953
8005.7000 0.4955
8009.6000 0.4957
8010.2000 0.4958
8024.1000 0.4960
8025.3000 0.4962
8030.2000 0.4964
8030.6000 0.4965
8031.8000 0.4967
8035.4000 0.4969
8043.6000 0.4970
8049.5000 0.4972
8050.2000 0.4974
8054.5000 0.4976
8057.6000 0.4977
8058.2000 0.4979
8069.6000 0.4981
8081.4000 0.4983
8085.0000 0.4984
8086.3000 0.4986
8089.6000 0.4988
8097.4000 0.4990
8099.3000 0.4991
8100.9000 0.4993
8110.9000 0.4995
8141.7000 0.4997
8142.1000 0.4998
8145.6000 0.5000
8154.0000 0.5002
8155.8000 0.5003
8171.4000 0.5005
8174.6000 0.5007
8174.6000 0.5009
8181.1000 0.5010
8183.8000 0.5012
8186.0000 0.5014
8188.8000 0.5016
8190.7000 0.5017
8194.2000 0.5019
8200.2000 0.5021
8201.5000 0.5023
8208.3000 0.5024
8218.8000 0.5026
8234.2000 0.5028
8237.1000 0.5030
8240.6000 0.5031
8262.0000 0.5033
8265.8000 0.5035
8268.8000 0.5036
8271.5000 0.5038
8290.2000 0.5040
8296.0000 0.5042
8296.6000 0.5043
8298.9000 0.5045
8312.0000 0.5047
8314.2000 0.5049
8316.1000 0.5050
8317.9000 0.5052
8322.7000 0.5054
8326.7000 0.5056
8327.4000 0.5057
8328.3000 0.5059
8332.4000 0.5061
8335.8000 0.5063
8337.8000 0.5064
8338.2000 0.5066
8338.9000 0.5068
8341.0000 0.5069
8345.6000 0.5071
8346.8000 0.5073
8350.0000 0.5075
8356.2000 0.5076
8357.2000 0.5078
8358.6000 0.5080
8374.8000 0.5082
8374.9000 0.5083
8376.1000 0.5085
8378.9000 0.5087
8381.1000 0.5089
8382.9000 0.5090
8389.1000 0.5092
8389.2000 0.5094
8393.0000 0.5095
8396.9000 0.5097
8397.1000 0.5099
8404.0000 0.5101
8409.0000 0.5102
8418.1000 0.5104
8420.9000 0.5106
8424.3000 0.5108
8426.1000 0.5109
8431.8000 0.5111
8433.3000 0.5113
8439.1000 0.5115
8441.0000 0.5116
8444.3000 0.5118
8447.9000 0.5120
8449.6000 0.5122
8463.1000 0.5123
8478.3000 0.5125
8480.3000 0.5127
8480.9000 0.5128
8485.4000 0.5130
8486.6000 0.5132
8489.2000 0.5134
8498.3000 0.5135
8500.3000 0.5137
8512.1000 0.5139
8515.4000 0.5141
8522.0000 0.5142
8532.6000 0.5144
8534.6000 0.5146
8546.4000 0.5148
8550.5000 0.5149
8552.0000 0.5151
8558.3000 0.5153
8558.9000 0.5155
8565.0000 0.5156
8567.6000 0.5158
8575.9000 0.5160
8576.5000 0.5161
8580.5000 0.5163
8582.2000 0.5165
8586.5000 0.5167
8596.6000 0.5168
8609.3000 0.5170
8611.6000 0.5172
8619.0000 0.5174
8625.9000 0.5175
8629.7000 0.5177
8630.3000 0.5179
8631.1000 0.5181
8649.2000 0.5182
8653.3000 0.5184
8653.7000 0.5186
8655.5000 0.5188
8671.1000 0.5189
8684.2000 0.5191
8689.3000 0.5193
8693.3000 0.5194
8697.2000 0.5196
8698.8000 0.5198
8701.8000 0.5200
8706.6000 0.5201
8719.0000 0.5203
8720.2000 0.5205
8722.9000 0.5207
8725.6000 0.5208
8727.2000 0.5210
8727.5000 0.5212
8732.2000 0.5214
8739.3000 0.5215
8752.0000 0.5217
8754.0000 0.5219
8758.3000 0.5220
8758.3000 0.5222
8760.6000 0.5224
8790.1000 0.5226
8793.6000 0.5227
8812.3000 0.5229
8816.4000 0.5231
8821.5000 0.5233
8824.6000 0.5234
8827.7000 0.5236
8828.4000 0.5238
8835.0000 0.5240
8835.9000 0.5241
8845.0000 0.5243
8846.7000 0.5245
8852.5000 0.5247
8854.0000 0.5248
8859.3000 0.5250
8862.1000 0.5252
8866.2000 0.5253
8877.0000 0.5255
8878.4000 0.5257
8882.2000 0.5259
8890.5000 0.5260
8903.9000 0.5262
8920.5000 0.5264
8927.1000 0.5266
8930.7000 0.5267
8933.4000 0.5269
8939.4000 0.5271
8940.3000 0.5273
8954.2000 0.5274
8956.7000 0.5276
8969.0000 0.5278
8969.9000 0.5280
8971.3000 0.5281
8976.9000 0.5283
8980.3000 0.5285
8987.7000 0.5286
8989.4000 0.5288
8993.7000 0.5290
9002.4000 0.5292
9005.3000 0.5293
9010.8000 0.5295
9011.9000 0.5297
9018.7000 0.5299
9019.2000 0.5300
9025.9000 0.5302
9036.1000 0.5304
9038.1000 0.5306
9038.8000 0.5307
9040.9000 0.5309
9041.3000 0.5311
9046.9000 0.5313
9052.6000 0.5314
9059.3000 0.5316
9074.8000 0.5318
9078.8000 0.5319
9079.9000 0.5321
9084.3000 0.5323
9091.8000 0.5325
9093.4000 0.5326
9097.7000 0.5328
9098.1000 0.5330
9104.2000 0.5332
9109.5000 0.5333
9109.6000 0.5335
9112.2000 0.5337
9119.9000 0.5339
9131.0000 0.5340
9144.8000 0.5342
9145.5000 0.5344
9158.0000 0.5345
9158.2000 0.5347
9161.4000 0.5349
9163.0000 0.5351
9165.5000 0.5352
9175.4000 0.5354
9176.3000 0.5356
9178.2000 0.5358
9178.2000 0.5359
9186.1000 0.5361
9189.5000 0.5363
9195.9000 0.5365
9202.1000 0.5366
9214.3000 0.5368
9221.0000 0.5370
9221.2000 0.5372
9224.4000 0.5373
9225.3000 0.5375
9228.9000 0.5377
9232.1000 0.5378
9232.6000 0.5380
9234.4000 0.5382
9237.1000 0.5384
9239.6000 0.5385
9240.9000 0.5387
9249.9000 0.5389
9254.2000 0.5391
9255.9000 0.5392
9262.9000 0.5394
9267.3000 0.5396
9270.9000 0.5398
9271.5000 0.5399
9281.2000 0.5401
9286.8000 0.5403
9288.3000 0.5405
9305.1000 0.5406
9315.6000 0.5408
9320.2000 0.5410
9323.1000 0.5411
9331.1000 0.5413
9332.1000 0.5415
9377.2000 0.5417
9380.8000 0.5418
9387.7000 0.5420
9398.5000 0.5422
9398.8000 0.5424
9399.0000 0.5425
9399.0000 0.5427
9417.0000 0.5429
9431.2000 0.5431
9437.9000 0.5432
9442.6000 0.5434
9443.2000 0.5436
9444.9000 0.5438
9445.1000 0.5439
9452.4000 0.5441
9461.1000 0.5443
9463.1000 0.5444
9468.8000 0.5446
9469.3000 0.5448
9472.2000 0.5450
9475.3000 0.5451
9476.4000 0.5453
9485.2000 0.5455
9492.9000 0.5457
9496.3000 0.5458
9502.7000 0.5460
9547.4000 0.5462
9552.2000 0.5464
9560.6000 0.5465
9570.2000 0.5467
9571.7000 0.5469
9577.8000 0.5470
9583.9000 0.5472
9585.4000 0.5474
9598.7000 0.5476
9600.0000 0.5477
9616.4000 0.5479
9622.9000 0.5481
9623.1000 0.5483
9626.6000 0.5484
9628.0000 0.5486
9631.3000 0.5488
9632.6000 0.5490
9633.6000 0.5491
9652.1000 0.5493
9655.2000 0.5495
9666.1000 0.5497
9674.8000 0.5498
9680.2000 0.5500
9680.4000 0.5502
9684.8000 0.5503
9685.9000 0.5505
9686.1000 0.5507
9709.5000 0.5509
9709.6000 0.5510
9712.4000 0.5512
9712.4000 0.5514
9724.2000 0.5516
9732.9000 0.5517
9736.3000 0.5519
9740.0000 0.5521
9745.4000 0.5523
9745.8000 0.5524
9746.9000 0.5526
9748.9000 0.5528
9751.1000 0.5530
9752.9000 0.5531
9756.6000 0.5533
9763.4000 0.5535
9763.5000 0.5536
9763.9000 0.5538
9767.5000 0.5540
9770.1000 0.5542
9770.8000 0.5543
9773.0000 0.5545
9776.2000 0.5547
9777.7000 0.5549
9777.9000 0.5550
9781.8000 0.5552
9782.7000 0.5554
9789.6000 0.5556
9790.6000 0.5557
9797.9000 0.5559
9817.7000 0.5561
9830.1000 0.5563
9830.4000 0.5564
9831.0000 0.5566
9832.0000 0.5568
9847.0000 0.5569
9852.8000 0.5571
9853.9000 0.5573
9856.8000 0.5575
9865.6000 0.5576
9872.6000 0.5578
9887.9000 0.5580
9888.1000 0.5582
9890.3000 0.5583
9894.1000 0.5585
9897.8000 0.5587
9905.0000 0.5589
9935.8000 0.5590
9936.9000 0.5592
9938.2000 0.5594
9948.9000 0.5595
9950.8000 0.5597
9951.3000 0.5599
9959.8000 0.5601
9965.0000 0.5602
9967.1000 0.5604
9972.1000 0.5606
9974.9000 0.5608
9975.0000 0.5609
9977.1000 0.5611
9978.4000 0.5613
9978.8000 0.5615
10000.0000 0.5616
10001.4000 0.5618
10014.7000 0.5620
10017.7000 0.5622
10021.6000 0.5623
10028.0000 0.5625
10031.6000 0.5627
10031.9000 0.5628
10038.2000 0.5630
10063.5000 0.5632
10065.4000 0.5634
10067.3000 0.5635
10072.3000 0.5637
10073.1000 0.5639
10076.9000 0.5641
10077.0000 0.5642
10084.3000 0.5644
10087.5000 0.5646
10089.6000 0.5648
10090.2000 0.5649
10097.4000 0.5651
10100.8000 0.5653
10105.7000 0.5655
10106.0000 0.5656
10109.9000 0.5658
10112.6000 0.5660
10125.2000 0.5661
10127.0000 0.5663
10133.1000 0.5665
10135.6000 0.5667
10137.4000 0.5668
10139.3000 0.5670
10152.4000 0.5672
10158.7000 0.5674
10159.6000 0.5675
10167.2000 0.5677
10176.0000 0.5679
10189.0000 0.5681
10190.6000 0.5682
10196.7000 0.5684
10196.9000 0.5686
10204.3000 0.5688
10207.9000 0.5689
10209.1000 0.5691
10220.2000 0.5693
10227.7000 0.5694
10231.5000 0.5696
10237.8000 0.5698
10241.8000 0.5700
10254.9000 0.5701
10256.3000 0.5703
10257.9000 0.5705
10264.1000 0.5707
10267.9000 0.5708
10311.9000 0.5710
10317.9000 0.5712
10318.6000 0.5714
10320.2000 0.5715
10321.6000 0.5717
10325.3000 0.5719
10336.5000 0.5720
10340.4000 0.5722
10343.0000 0.5724
10343.3000 0.5726
10353.4000 0.5727
10355.4000 0.5729
10365.0000 0.5731
10366.7000 0.5733
10368.8000 0.5734
10368.9000 0.5736
10369.9000 0.5738
10383.7000 0.5740
10384.8000 0.5741
10390.1000 0.5743
10390.8000 0.5745
10392.1000 0.5747
10405.5000 0.5748
10417.5000 0.5750
10422.4000 0.5752
10425.5000 0.5753
10427.6000 0.5755
10429.3000 0.5757
10429.4000 0.5759
10431.6000 0.5760
10432.0000 0.5762
10438.1000 0.5764
10442.0000 0.5766
10443.6000 0.5767
10447.3000 0.5769
10450.9000 0.5771
10453.7000 0.5773
10454.0000 0.5774
10457.2000 0.5776
10472.7000 0.5778
10478.9000 0.5780
10483.8000 0.5781
10484.6000 0.5783
10494.8000 0.5785
10502.3000 0.5786
10508.2000 0.5788
10514.9000 0.5790
10530.2000 0.5792
10530.7000 0.5793
10531.9000 0.5795
10532.0000 0.5797
10546.6000 0.5799
10547.3000 0.5800
10548.9000 0.5802
10549.9000 0.5804
10555.6000 0.5806
10566.8000 0.5807
10573.4000 0.5809
10576.1000 0.5811
10584.9000 0.5813
10589.9000 0.5814
10596.1000 0.5816
10596.8000 0.5818
10601.7000 0.5819
10603.5000 0.5821
10619.1000 0.5823
10619.9000 0.5825
10622.7000 0.5826
10625.6000 0.5828
10626.9000 0.5830
10632.0000 0.5832
10634.0000 0.5833
10640.6000 0.5835
10643.1000 0.5837
10648.4000 0.5839
10649.3000 0.5840
10650.3000 0.5842
10651.8000 0.5844
10654.3000 0.5845
10670.9000 0.5847
10670.9000 0.5849
10675.2000 0.5851
10680.3000 0.5852
10692.9000 0.5854
10696.9000 0.5856
10698.0000 0.5858
10698.0000 0.5859
10699.9000 0.5861
10703.9000 0.5863
10707.7000 0.5865
10712.2000 0.5866
10712.3000 0.5868
10713.6000 0.5870
10717.3000 0.5872
10724.8000 0.5873
10730.9000 0.5875
10734.2000 0.5877
10743.1000 0.5878
10745.6000 0.5880
10746.2000 0.5882
10747.9000 0.5884
10751.8000 0.5885
10756.6000 0.5887
10762.3000 0.5889
10765.2000 0.5891
10766.3000 0.5892
10772.1000 0.5894
10780.2000 0.5896
10783.8000 0.5898
10784.5000 0.5899
10784.6000 0.5901
10795.2000 0.5903
10808.9000 0.5905
10818.4000 0.5906
10849.6000 0.5908
10851.9000 0.5910
10853.1000 0.5911
10853.2000 0.5913
10855.0000 0.5915
10862.2000 0.5917
10862.8000 0.5918
10863.1000 0.5920
10864.8000 0.5922
10869.7000 0.5924
10873.0000 0.5925
10885.2000 0.5927
10888.1000 0.5929
10889.8000 0.5931
10890.6000 0.5932
10894.4000 0.5934
10894.4000 0.5936
10904.0000 0.5938
10910.1000 0.5939
10914.3000 0.5941
10917.3000 0.5943
10925.0000 0.5944
10926.3000 0.5946
10928.5000 0.5948
10930.0000 0.5950
10930.1000 0.5951
10934.1000 0.5953
10934.3000 0.5955
10938.7000 0.5957
10939.9000 0.5958
10941.9000 0.5960
10948.4000 0.5962
10950.7000 0.5964
10963.0000 0.5965
10964.7000 0.5967
10971.4000 0.5969
10993.3000 0.5970
10996.6000 0.5972
10999.3000 0.5974
11002.3000 0.5976
11004.8000 0.5977
11009.8000 0.5979
11010.6000 0.5981
11021.7000 0.5983
11023.1000 0.5984
11023.8000 0.5986
11027.2000 0.5988
11035.9000 0.5990
11037.1000 0.5991
11043.0000 0.5993
11050.1000 0.5995
11053.1000 0.5997
11057.2000 0.5998
11061.3000 0.6000
11062.6000 0.6002
11063.7000 0.6003
11073.7000 0.6005
11083.2000 0.6007
11092.0000 0.6009
11093.3000 0.6010
11093.6000 0.6012
11101.8000 0.6014
11108.2000 0.6016
11116.1000 0.6017
11121.0000 0.6019
11122.0000 0.6021
11129.9000 0.6023
11141.8000 0.6024
11147.0000 0.6026
11147.3000 0.6028
11153.8000 0.6030
11164.0000 0.6031
11172.8000 0.6033
11180.6000 0.6035
11182.3000 0.6036
11191.6000 0.6038
11192.2000 0.6040
11193.7000 0.6042
11201.3000 0.6043
11216.3000 0.6045
11221.8000 0.6047
11225.8000 0.6049
11228.1000 0.6050
11230.9000 0.6052
11237.4000 0.6054
11241.5000 0.6056
11246.8000 0.6057
11250.4000 0.6059
11252.2000 0.6061
11253.0000 0.6063
11257.8000 0.6064
11266.0000 0.6066
11275.9000 0.6068
11276.0000 0.6069
11277.2000 0.6071
11278.4000 0.6073
11288.6000 0.6075
11290.1000 0.6076
11302.9000 0.6078
11303.8000 0.6080
11313.7000 0.6082
11326.7000 0.6083
11327.3000 0.6085
11330.9000 0.6087
11348.9000 0.6089
11349.9000 0.6090
11351.5000 0.6092
11358.9000 0.6094
11365.1000 0.6095
11365.9000 0.6097
11381.6000 0.6099
11389.3000 0.6101
11390.0000 0.6102
11390.3000 0.6104
11397.6000 0.6106
11399.9000 0.6108
11401.9000 0.6109
11413.5000 0.6111
11417.5000 0.6113
11426.9000 0.6115
11432.9000 0.6116
11434.6000 0.6118
11447.8000 0.6120
11450.8000 0.6122
11453.2000 0.6123
11458.0000 0.6125
11459.3000 0.6127
11467.3000 0.6128
11473.4000 0.6130
11475.7000 0.6132
11478.7000 0.6134
11478.8000 0.6135
11481.4000 0.6137
11482.9000 0.6139
11484.3000 0.6141
11496.2000 0.6142
11511.3000 0.6144
11523.0000 0.6146
11527.0000 0.6148
11530.1000 0.6149
11539.6000 0.6151
11543.3000 0.6153
11544.2000 0.6155
11549.5000 0.6156
11552.8000 0.6158
11553.2000 0.6160
11555.2000 0.6161
11561.7000 0.6163
11564.6000 0.6165
11564.7000 0.6167
11568.0000 0.6168
11578.6000 0.6170
11582.1000 0.6172
11588.3000 0.6174
11592.6000 0.6175
11604.4000 0.6177
11616.3000 0.6179
11617.9000 0.6181
11623.2000 0.6182
11626.0000 0.6184
11636.8000 0.6186
11638.4000 0.6188
11640.3000 0.6189
11647.6000 0.6191
11647.9000 0.6193
11653.2000 0.6194
11657.0000 0.6196
11666.9000 0.6198
11668.3000 0.6200
11676.0000 0.6201
11682.0000 0.6203
11683.4000 0.6205
11689.8000 0.6207
11693.2000 0.6208
11693.6000 0.6210
11696.3000 0.6212
11698.1000 0.6214
11699.4000 0.6215
11707.7000 0.6217
11717.6000 0.6219
11718.6000 0.6220
11722.3000 0.6222
11724.4000 0.6224
11724.9000 0.6226
11728.9000 0.6227
11729.9000 0.6229
11732.7000 0.6231
11734.7000 0.6233
11734.8000 0.6234
11735.7000 0.6236
11740.0000 0.6238
11740.9000 0.6240
11751.7000 0.6241
11759.2000 0.6243
11759.9000 0.6245
11765.7000 0.6247
11767.3000 0.6248
11773.9000 0.6250
11779.2000 0.6252
11780.0000 0.6253
11783.9000 0.6255
11793.1000 0.6257
11795.3000 0.6259
11801.2000 0.6260
11804.9000 0.6262
11808.3000 0.6264
11815.5000 0.6266
11830.8000 0.6267
11830.9000 0.6269
11832.9000 0.6271
11834.9000 0.6273
11837.0000 0.6274
11839.9000 0.6276
11840.5000 0.6278
11841.3000 0.6280
11841.8000 0.6281
11845.0000 0.6283
11847.5000 0.6285
11860.6000 0.6286
11862.1000 0.6288
11865.2000 0.6290
11870.0000 0.6292
11874.1000 0.6293
11908.2000 0.6295
11912.9000 0.6297
11913.8000 0.6299
11928.1000 0.6300
11937.7000 0.6302
11939.1000 0.6304
11939.2000 0.6306
11940.7000 0.6307
11948.5000 0.6309
11949.2000 0.6311
11955.4000 0.6313
11957.1000 0.6314
11957.6000 0.6316
11963.5000 0.6318
11963.9000 0.6319
11968.2000 0.6321
11969.6000 0.6323
