# messageDelay  cumulativeProbability
0.2000 0.0002
0.2000 0.0003
0.2000 0.0005
0.2000 0.0007
0.2000 0.0009
0.2000 0.0010
0.2000 0.0012
0.2000 0.0014
0.2000 0.0016
0.2000 0.0017
0.2000 0.0019
0.2000 0.0021
0.2000 0.0023
0.2000 0.0024
0.2000 0.0026
0.2000 0.0028
0.2000 0.0030
0.2000 0.0031
0.3000 0.0033
3.7000 0.0035
8.4000 0.0036
14.1000 0.0038
17.0000 0.0040
23.3000 0.0042
25.0000 0.0043
52.0000 0.0045
72.2000 0.0047
77.1000 0.0049
77.2000 0.0050
77.4000 0.0052
78.9000 0.0054
80.1000 0.0056
81.0000 0.0057
83.4000 0.0059
89.2000 0.0061
95.9000 0.0063
99.7000 0.0064
100.4000 0.0066
108.5000 0.0068
111.1000 0.0069
114.6000 0.0071
116.9000 0.0073
117.1000 0.0075
119.3000 0.0076
131.3000 0.0078
136.9000 0.0080
143.8000 0.0082
143.8000 0.0083
146.1000 0.0085
146.6000 0.0087
151.6000 0.0089
165.5000 0.0090
168.3000 0.0092
178.3000 0.0094
178.6000 0.0095
185.8000 0.0097
187.3000 0.0099
188.9000 0.0101
193.8000 0.0102
194.3000 0.0104
196.2000 0.0106
199.0000 0.0108
203.9000 0.0109
205.3000 0.0111
205.8000 0.0113
208.0000 0.0115
213.2000 0.0116
219.0000 0.0118
234.4000 0.0120
234.6000 0.0122
240.0000 0.0123
250.2000 0.0125
250.7000 0.0127
256.7000 0.0128
257.6000 0.0130
258.7000 0.0132
259.8000 0.0134
268.6000 0.0135
273.0000 0.0137
286.9000 0.0139
287.4000 0.0141
290.0000 0.0142
291.9000 0.0144
295.7000 0.0146
303.6000 0.0148
310.4000 0.0149
310.8000 0.0151
313.4000 0.0153
318.7000 0.0155
324.3000 0.0156
325.4000 0.0158
327.6000 0.0160
330.0000 0.0161
330.2000 0.0163
334.3000 0.0165
334.8000 0.0167
335.9000 0.0168
338.8000 0.0170
339.3000 0.0172
345.4000 0.0174
346.5000 0.0175
350.0000 0.0177
355.1000 0.0179
361.1000 0.0181
361.2000 0.0182
368.6000 0.0184
374.8000 0.0186
379.1000 0.0187
380.1000 0.0189
380.9000 0.0191
382.2000 0.0193
385.8000 0.0194
389.1000 0.0196
391.3000 0.0198
395.3000 0.0200
400.9000 0.0201
401.1000 0.0203
401.5000 0.0205
406.3000 0.0207
410.0000 0.0208
410.1000 0.0210
410.7000 0.0212
411.2000 0.0214
411.5000 0.0215
416.2000 0.0217
419.6000 0.0219
420.3000 0.0220
422.4000 0.0222
422.7000 0.0224
425.1000 0.0226
427.5000 0.0227
431.3000 0.0229
432.4000 0.0231
432.8000 0.0233
434.0000 0.0234
435.8000 0.0236
435.9000 0.0238
438.7000 0.0240
440.4000 0.0241
442.5000 0.0243
443.5000 0.0245
448.4000 0.0247
449.3000 0.0248
449.6000 0.0250
449.9000 0.0252
450.0000 0.0253
452.1000 0.0255
453.4000 0.0257
455.6000 0.0259
456.1000 0.0260
457.5000 0.0262
461.3000 0.0264
462.7000 0.0266
463.0000 0.0267
464.0000 0.0269
465.4000 0.0271
466.7000 0.0273
468.4000 0.0274
470.7000 0.0276
471.0000 0.0278
474.5000 0.0280
478.8000 0.0281
480.5000 0.0283
480.9000 0.0285
481.1000 0.0286
482.2000 0.0288
484.8000 0.0290
485.1000 0.0292
489.1000 0.0293
490.4000 0.0295
490.6000 0.0297
491.2000 0.0299
494.7000 0.0300
494.9000 0.0302
495.9000 0.0304
496.0000 0.0306
497.3000 0.0307
502.0000 0.0309
503.5000 0.0311
503.8000 0.0312
505.0000 0.0314
506.3000 0.0316
510.6000 0.0318
511.1000 0.0319
512.2000 0.0321
513.7000 0.0323
516.3000 0.0325
516.5000 0.0326
519.6000 0.0328
522.9000 0.0330
523.1000 0.0332
524.5000 0.0333
524.9000 0.0335
527.2000 0.0337
528.0000 0.0339
528.9000 0.0340
529.3000 0.0342
529.8000 0.0344
531.3000 0.0345
531.4000 0.0347
535.7000 0.0349
535.9000 0.0351
540.0000 0.0352
540.4000 0.0354
541.1000 0.0356
541.7000 0.0358
542.7000 0.0359
542.9000 0.0361
542.9000 0.0363
550.6000 0.0365
551.4000 0.0366
551.5000 0.0368
552.2000 0.0370
553.3000 0.0372
553.8000 0.0373
556.0000 0.0375
556.3000 0.0377
558.4000 0.0378
559.1000 0.0380
559.5000 0.0382
563.2000 0.0384
563.4000 0.0385
563.6000 0.0387
563.9000 0.0389
564.0000 0.0391
565.0000 0.0392
565.8000 0.0394
566.3000 0.0396
566.4000 0.0398
568.2000 0.0399
568.4000 0.0401
569.9000 0.0403
570.3000 0.0405
571.7000 0.0406
573.1000 0.0408
575.4000 0.0410
576.2000 0.0411
576.3000 0.0413
577.9000 0.0415
581.8000 0.0417
583.2000 0.0418
585.6000 0.0420
586.3000 0.0422
588.3000 0.0424
589.2000 0.0425
590.2000 0.0427
590.9000 0.0429
591.0000 0.0431
593.5000 0.0432
595.3000 0.0434
595.3000 0.0436
598.4000 0.0437
598.4000 0.0439
604.4000 0.0441
604.8000 0.0443
604.9000 0.0444
605.0000 0.0446
612.9000 0.0448
614.5000 0.0450
615.1000 0.0451
615.2000 0.0453
615.4000 0.0455
616.1000 0.0457
617.2000 0.0458
619.1000 0.0460
621.0000 0.0462
621.5000 0.0464
622.8000 0.0465
623.8000 0.0467
624.2000 0.0469
626.3000 0.0470
626.3000 0.0472
627.2000 0.0474
627.8000 0.0476
629.1000 0.0477
630.0000 0.0479
630.2000 0.0481
630.7000 0.0483
632.0000 0.0484
633.4000 0.0486
633.5000 0.0488
633.8000 0.0490
634.8000 0.0491
637.4000 0.0493
637.9000 0.0495
638.0000 0.0497
640.0000 0.0498
643.4000 0.0500
643.9000 0.0502
645.1000 0.0503
645.9000 0.0505
647.7000 0.0507
647.8000 0.0509
647.9000 0.0510
648.9000 0.0512
649.5000 0.0514
652.5000 0.0516
654.1000 0.0517
655.1000 0.0519
655.2000 0.0521
656.4000 0.0523
660.0000 0.0524
661.1000 0.0526
663.7000 0.0528
664.7000 0.0530
665.4000 0.0531
665.6000 0.0533
666.6000 0.0535
667.8000 0.0536
668.3000 0.0538
668.8000 0.0540
669.1000 0.0542
669.7000 0.0543
670.1000 0.0545
670.2000 0.0547
671.1000 0.0549
673.7000 0.0550
676.2000 0.0552
676.2000 0.0554
676.4000 0.0556
677.8000 0.0557
678.3000 0.0559
678.7000 0.0561
681.0000 0.0562
683.4000 0.0564
683.8000 0.0566
686.0000 0.0568
686.9000 0.0569
688.9000 0.0571
689.1000 0.0573
689.3000 0.0575
692.1000 0.0576
692.9000 0.0578
695.5000 0.0580
696.8000 0.0582
697.5000 0.0583
698.1000 0.0585
698.5000 0.0587
699.2000 0.0589
699.4000 0.0590
701.1000 0.0592
701.8000 0.0594
701.9000 0.0595
703.5000 0.0597
703.8000 0.0599
703.8000 0.0601
703.9000 0.0602
704.0000 0.0604
704.0000 0.0606
704.5000 0.0608
706.2000 0.0609
706.7000 0.0611
707.5000 0.0613
709.4000 0.0615
709.4000 0.0616
711.0000 0.0618
711.3000 0.0620
711.4000 0.0622
711.8000 0.0623
713.6000 0.0625
714.6000 0.0627
715.9000 0.0628
716.0000 0.0630
716.4000 0.0632
716.8000 0.0634
717.3000 0.0635
718.7000 0.0637
718.8000 0.0639
720.1000 0.0641
720.6000 0.0642
721.8000 0.0644
726.5000 0.0646
726.5000 0.0648
727.2000 0.0649
733.5000 0.0651
733.9000 0.0653
734.6000 0.0655
734.7000 0.0656
735.5000 0.0658
735.7000 0.0660
739.3000 0.0661
740.5000 0.0663
742.0000 0.0665
743.5000 0.0667
745.8000 0.0668
746.6000 0.0670
749.7000 0.0672
750.8000 0.0674
750.9000 0.0675
751.3000 0.0677
751.4000 0.0679
751.9000 0.0681
752.1000 0.0682
752.4000 0.0684
753.3000 0.0686
753.4000 0.0687
754.0000 0.0689
757.5000 0.0691
758.2000 0.0693
758.8000 0.0694
759.0000 0.0696
761.1000 0.0698
761.4000 0.0700
761.5000 0.0701
761.8000 0.0703
762.8000 0.0705
763.8000 0.0707
766.0000 0.0708
767.2000 0.0710
768.6000 0.0712
772.3000 0.0714
772.9000 0.0715
774.0000 0.0717
774.7000 0.0719
774.7000 0.0720
775.1000 0.0722
776.8000 0.0724
776.9000 0.0726
777.2000 0.0727
777.5000 0.0729
778.2000 0.0731
778.2000 0.0733
779.2000 0.0734
779.6000 0.0736
780.3000 0.0738
780.4000 0.0740
781.2000 0.0741
781.4000 0.0743
781.8000 0.0745
781.9000 0.0747
782.2000 0.0748
782.5000 0.0750
782.8000 0.0752
783.2000 0.0753
783.4000 0.0755
783.7000 0.0757
784.7000 0.0759
785.5000 0.0760
787.6000 0.0762
789.6000 0.0764
789.9000 0.0766
790.0000 0.0767
790.4000 0.0769
790.5000 0.0771
790.9000 0.0773
792.9000 0.0774
793.6000 0.0776
795.2000 0.0778
795.2000 0.0780
795.5000 0.0781
796.3000 0.0783
797.5000 0.0785
798.4000 0.0786
799.3000 0.0788
799.6000 0.0790
801.0000 0.0792
801.3000 0.0793
802.0000 0.0795
802.4000 0.0797
802.9000 0.0799
803.7000 0.0800
803.8000 0.0802
804.0000 0.0804
804.7000 0.0806
804.9000 0.0807
806.5000 0.0809
806.9000 0.0811
808.4000 0.0812
808.7000 0.0814
809.3000 0.0816
811.2000 0.0818
811.9000 0.0819
813.1000 0.0821
815.0000 0.0823
816.1000 0.0825
819.0000 0.0826
819.6000 0.0828
820.9000 0.0830
821.4000 0.0832
823.5000 0.0833
824.4000 0.0835
824.7000 0.0837
826.4000 0.0839
827.2000 0.0840
828.7000 0.0842
829.1000 0.0844
829.3000 0.0845
829.3000 0.0847
830.6000 0.0849
831.4000 0.0851
831.7000 0.0852
833.5000 0.0854
834.0000 0.0856
835.2000 0.0858
835.8000 0.0859
835.9000 0.0861
835.9000 0.0863
835.9000 0.0865
837.0000 0.0866
840.1000 0.0868
840.7000 0.0870
841.1000 0.0872
841.2000 0.0873
843.1000 0.0875
843.9000 0.0877
844.3000 0.0878
844.6000 0.0880
847.1000 0.0882
847.5000 0.0884
847.7000 0.0885
847.8000 0.0887
847.9000 0.0889
848.8000 0.0891
848.9000 0.0892
850.7000 0.0894
852.3000 0.0896
853.7000 0.0898
854.1000 0.0899
855.6000 0.0901
857.8000 0.0903
858.2000 0.0905
859.9000 0.0906
860.8000 0.0908
862.4000 0.0910
862.5000 0.0911
863.0000 0.0913
863.6000 0.0915
863.8000 0.0917
863.8000 0.0918
868.8000 0.0920
869.0000 0.0922
869.1000 0.0924
870.2000 0.0925
871.3000 0.0927
871.6000 0.0929
872.2000 0.0931
872.4000 0.0932
872.5000 0.0934
872.7000 0.0936
872.9000 0.0937
877.8000 0.0939
879.9000 0.0941
880.1000 0.0943
881.5000 0.0944
882.1000 0.0946
882.4000 0.0948
883.0000 0.0950
884.3000 0.0951
884.4000 0.0953
884.8000 0.0955
885.5000 0.0957
885.5000 0.0958
886.5000 0.0960
888.2000 0.0962
888.4000 0.0964
888.9000 0.0965
889.4000 0.0967
889.9000 0.0969
889.9000 0.0970
890.4000 0.0972
890.6000 0.0974
890.7000 0.0976
892.6000 0.0977
893.9000 0.0979
894.2000 0.0981
894.4000 0.0983
894.4000 0.0984
894.5000 0.0986
895.1000 0.0988
897.0000 0.0990
898.2000 0.0991
898.6000 0.0993
898.6000 0.0995
899.1000 0.0997
901.4000 0.0998
902.0000 0.1000
903.5000 0.1002
903.8000 0.1003
904.3000 0.1005
904.7000 0.1007
904.8000 0.1009
904.8000 0.1010
906.4000 0.1012
906.7000 0.1014
906.9000 0.1016
906.9000 0.1017
908.7000 0.1019
909.5000 0.1021
910.6000 0.1023
910.7000 0.1024
911.2000 0.1026
911.4000 0.1028
911.8000 0.1030
913.1000 0.1031
913.8000 0.1033
914.7000 0.1035
915.7000 0.1036
916.3000 0.1038
917.1000 0.1040
917.2000 0.1042
917.3000 0.1043
917.7000 0.1045
918.0000 0.1047
919.2000 0.1049
919.3000 0.1050
919.5000 0.1052
920.3000 0.1054
921.9000 0.1056
922.8000 0.1057
923.1000 0.1059
923.5000 0.1061
924.0000 0.1062
925.8000 0.1064
926.5000 0.1066
926.8000 0.1068
927.4000 0.1069
927.7000 0.1071
930.0000 0.1073
932.1000 0.1075
932.4000 0.1076
932.6000 0.1078
933.0000 0.1080
935.0000 0.1082
936.2000 0.1083
937.5000 0.1085
938.6000 0.1087
939.4000 0.1089
940.0000 0.1090
941.7000 0.1092
942.0000 0.1094
942.3000 0.1095
945.7000 0.1097
945.9000 0.1099
946.5000 0.1101
947.7000 0.1102
947.7000 0.1104
948.1000 0.1106
948.6000 0.1108
950.0000 0.1109
950.1000 0.1111
950.4000 0.1113
951.5000 0.1115
951.5000 0.1116
951.6000 0.1118
954.9000 0.1120
954.9000 0.1122
955.2000 0.1123
955.8000 0.1125
956.0000 0.1127
959.1000 0.1128
959.5000 0.1130
960.7000 0.1132
961.8000 0.1134
962.6000 0.1135
963.1000 0.1137
964.6000 0.1139
964.8000 0.1141
965.4000 0.1142
967.4000 0.1144
968.0000 0.1146
968.8000 0.1148
969.0000 0.1149
969.2000 0.1151
969.5000 0.1153
970.6000 0.1155
971.6000 0.1156
972.0000 0.1158
972.4000 0.1160
974.3000 0.1161
976.3000 0.1163
976.3000 0.1165
976.9000 0.1167
978.0000 0.1168
978.0000 0.1170
980.3000 0.1172
981.0000 0.1174
981.1000 0.1175
981.8000 0.1177
983.7000 0.1179
984.2000 0.1181
985.9000 0.1182
986.9000 0.1184
988.3000 0.1186
988.5000 0.1187
988.6000 0.1189
988.9000 0.1191
989.0000 0.1193
989.9000 0.1194
991.2000 0.1196
991.4000 0.1198
992.9000 0.1200
992.9000 0.1201
993.2000 0.1203
993.6000 0.1205
994.3000 0.1207
994.8000 0.1208
997.1000 0.1210
997.8000 0.1212
1000.3000 0.1214
1000.3000 0.1215
1000.5000 0.1217
1000.5000 0.1219
1003.5000 0.1220
1004.3000 0.1222
1004.4000 0.1224
1004.7000 0.1226
1005.2000 0.1227
1006.0000 0.1229
1006.3000 0.1231
1006.6000 0.1233
1008.8000 0.1234
1010.6000 0.1236
1010.9000 0.1238
1014.6000 0.1240
1016.8000 0.1241
1017.1000 0.1243
1017.3000 0.1245
1020.9000 0.1247
1022.1000 0.1248
1023.2000 0.1250
1023.5000 0.1252
1024.5000 0.1253
1024.9000 0.1255
1025.4000 0.1257
1025.5000 0.1259
1026.8000 0.1260
1027.0000 0.1262
1027.2000 0.1264
1030.2000 0.1266
1030.6000 0.1267
1032.6000 0.1269
1033.2000 0.1271
1033.5000 0.1273
1034.6000 0.1274
1036.2000 0.1276
1038.9000 0.1278
1039.3000 0.1280
1039.9000 0.1281
1040.2000 0.1283
1040.4000 0.1285
1040.4000 0.1286
1041.5000 0.1288
1041.5000 0.1290
1041.5000 0.1292
1042.0000 0.1293
1043.6000 0.1295
1043.8000 0.1297
1044.4000 0.1299
1045.0000 0.1300
1045.8000 0.1302
1046.8000 0.1304
1047.6000 0.1306
1047.7000 0.1307
1048.0000 0.1309
1048.9000 0.1311
1049.0000 0.1312
1050.4000 0.1314
1050.8000 0.1316
1050.8000 0.1318
1051.6000 0.1319
1051.8000 0.1321
1052.1000 0.1323
1053.9000 0.1325
1058.5000 0.1326
1058.9000 0.1328
1060.5000 0.1330
1060.5000 0.1332
1062.7000 0.1333
1062.7000 0.1335
1063.1000 0.1337
1063.1000 0.1339
1063.6000 0.1340
1063.9000 0.1342
1064.0000 0.1344
1064.5000 0.1345
1064.6000 0.1347
1067.4000 0.1349
1068.2000 0.1351
1068.6000 0.1352
1069.0000 0.1354
1069.1000 0.1356
1070.7000 0.1358
1071.1000 0.1359
1071.3000 0.1361
1071.5000 0.1363
1071.6000 0.1365
1071.9000 0.1366
1072.1000 0.1368
1072.2000 0.1370
1073.6000 0.1372
1074.2000 0.1373
1075.2000 0.1375
1076.5000 0.1377
1077.6000 0.1378
1077.7000 0.1380
1078.5000 0.1382
1078.7000 0.1384
1079.6000 0.1385
1080.8000 0.1387
1081.4000 0.1389
1081.9000 0.1391
1082.7000 0.1392
1083.1000 0.1394
1086.5000 0.1396
1087.2000 0.1398
1088.0000 0.1399
1089.2000 0.1401
1090.2000 0.1403
1090.9000 0.1405
1091.6000 0.1406
1091.8000 0.1408
1093.5000 0.1410
1095.8000 0.1411
1096.5000 0.1413
1098.2000 0.1415
1098.5000 0.1417
1099.3000 0.1418
1099.3000 0.1420
1099.5000 0.1422
1099.7000 0.1424
1099.8000 0.1425
1100.1000 0.1427
1100.4000 0.1429
1101.3000 0.1431
1101.6000 0.1432
1101.7000 0.1434
1101.8000 0.1436
1102.1000 0.1437
1102.9000 0.1439
1103.2000 0.1441
1104.5000 0.1443
1104.6000 0.1444
1105.1000 0.1446
1105.3000 0.1448
1106.1000 0.1450
1106.5000 0.1451
1109.6000 0.1453
1110.5000 0.1455
1110.6000 0.1457
1111.7000 0.1458
1111.9000 0.1460
1112.6000 0.1462
1112.8000 0.1464
1113.2000 0.1465
1114.1000 0.1467
1114.7000 0.1469
1114.8000 0.1470
1115.7000 0.1472
1116.5000 0.1474
1117.3000 0.1476
1117.4000 0.1477
1117.6000 0.1479
1119.4000 0.1481
1121.2000 0.1483
1123.4000 0.1484
1123.9000 0.1486
1125.8000 0.1488
1126.8000 0.1490
1126.9000 0.1491
1127.3000 0.1493
1127.9000 0.1495
1128.0000 0.1497
1128.3000 0.1498
1128.8000 0.1500
1130.1000 0.1502
1130.1000 0.1503
1130.1000 0.1505
1130.6000 0.1507
1132.8000 0.1509
1133.9000 0.1510
1133.9000 0.1512
1133.9000 0.1514
1134.0000 0.1516
1134.9000 0.1517
1135.9000 0.1519
1136.8000 0.1521
1137.4000 0.1523
1137.6000 0.1524
1138.5000 0.1526
1140.4000 0.1528
1140.6000 0.1530
1141.3000 0.1531
1141.9000 0.1533
1142.6000 0.1535
1143.5000 0.1536
1144.9000 0.1538
1145.2000 0.1540
1146.1000 0.1542
1146.2000 0.1543
1146.8000 0.1545
1149.7000 0.1547
1150.0000 0.1549
1151.2000 0.1550
1151.9000 0.1552
1152.2000 0.1554
1152.4000 0.1556
1153.3000 0.1557
1153.5000 0.1559
1153.7000 0.1561
1153.9000 0.1562
1154.3000 0.1564
1154.4000 0.1566
1155.0000 0.1568
1156.0000 0.1569
1156.2000 0.1571
1157.0000 0.1573
1157.5000 0.1575
1158.0000 0.1576
1158.6000 0.1578
1158.8000 0.1580
1158.8000 0.1582
1158.9000 0.1583
1159.2000 0.1585
1159.5000 0.1587
1160.2000 0.1589
1160.6000 0.1590
1161.8000 0.1592
1162.1000 0.1594
1162.7000 0.1595
1163.8000 0.1597
1164.2000 0.1599
1165.2000 0.1601
1167.2000 0.1602
1168.6000 0.1604
1168.7000 0.1606
1169.1000 0.1608
1170.2000 0.1609
1170.8000 0.1611
1171.0000 0.1613
1171.3000 0.1615
1171.8000 0.1616
1172.0000 0.1618
1173.4000 0.1620
1173.6000 0.1622
1174.4000 0.1623
1174.7000 0.1625
1175.9000 0.1627
1177.6000 0.1628
1178.1000 0.1630
1179.0000 0.1632
1182.7000 0.1634
1183.5000 0.1635
1184.1000 0.1637
1184.3000 0.1639
1185.2000 0.1641
1185.2000 0.1642
1185.8000 0.1644
1186.1000 0.1646
1188.0000 0.1648
1188.1000 0.1649
1188.3000 0.1651
1189.5000 0.1653
1189.5000 0.1655
1189.6000 0.1656
1190.6000 0.1658
1191.2000 0.1660
1191.8000 0.1661
1192.9000 0.1663
1193.6000 0.1665
1193.7000 0.1667
1194.9000 0.1668
1198.0000 0.1670
1200.6000 0.1672
1200.9000 0.1674
1202.1000 0.1675
1203.8000 0.1677
1206.5000 0.1679
1206.8000 0.1681
1208.1000 0.1682
1208.5000 0.1684
1208.6000 0.1686
1210.0000 0.1687
1210.9000 0.1689
1211.3000 0.1691
1212.3000 0.1693
1213.1000 0.1694
1214.6000 0.1696
1215.1000 0.1698
1215.3000 0.1700
1215.9000 0.1701
1216.8000 0.1703
1217.1000 0.1705
1218.4000 0.1707
1219.5000 0.1708
1219.8000 0.1710
1219.9000 0.1712
1220.2000 0.1714
1220.9000 0.1715
1221.1000 0.1717
1221.8000 0.1719
1222.0000 0.1720
1223.8000 0.1722
1224.1000 0.1724
1224.7000 0.1726
1224.9000 0.1727
1225.9000 0.1729
1228.1000 0.1731
1228.6000 0.1733
1228.6000 0.1734
1229.7000 0.1736
1229.7000 0.1738
1230.0000 0.1740
1230.1000 0.1741
1230.4000 0.1743
1231.1000 0.1745
1231.4000 0.1747
1232.1000 0.1748
1232.8000 0.1750
1233.0000 0.1752
1233.1000 0.1753
1233.2000 0.1755
1236.7000 0.1757
1237.3000 0.1759
1237.4000 0.1760
1239.2000 0.1762
1239.6000 0.1764
1240.1000 0.1766
1242.5000 0.1767
1243.4000 0.1769
1243.6000 0.1771
1244.3000 0.1773
1245.3000 0.1774
1246.1000 0.1776
1248.3000 0.1778
1248.3000 0.1780
1248.8000 0.1781
1249.5000 0.1783
1250.5000 0.1785
1250.7000 0.1786
1250.9000 0.1788
1251.0000 0.1790
1251.8000 0.1792
1252.0000 0.1793
1252.0000 0.1795
1252.3000 0.1797
1252.6000 0.1799
1253.6000 0.1800
1254.3000 0.1802
1255.4000 0.1804
1257.4000 0.1806
1259.4000 0.1807
1261.5000 0.1809
1261.5000 0.1811
1262.3000 0.1812
1263.3000 0.1814
1263.8000 0.1816
1264.1000 0.1818
1264.3000 0.1819
1264.8000 0.1821
1265.5000 0.1823
1266.0000 0.1825
1266.8000 0.1826
1268.4000 0.1828
1268.6000 0.1830
1268.7000 0.1832
1268.9000 0.1833
1269.5000 0.1835
1270.1000 0.1837
1271.3000 0.1839
1271.8000 0.1840
1272.1000 0.1842
1272.9000 0.1844
1273.1000 0.1845
1273.2000 0.1847
1274.0000 0.1849
1274.1000 0.1851
1274.6000 0.1852
1274.7000 0.1854
1276.9000 0.1856
1277.3000 0.1858
1278.1000 0.1859
1280.5000 0.1861
1280.9000 0.1863
1282.6000 0.1865
1283.7000 0.1866
1283.9000 0.1868
1285.8000 0.1870
1286.7000 0.1872
1288.5000 0.1873
1288.6000 0.1875
1290.3000 0.1877
1291.1000 0.1878
1291.3000 0.1880
1291.5000 0.1882
1292.7000 0.1884
1293.6000 0.1885
1294.6000 0.1887
1294.8000 0.1889
1294.9000 0.1891
1296.0000 0.1892
1296.0000 0.1894
1297.5000 0.1896
1298.8000 0.1898
1298.8000 0.1899
1300.8000 0.1901
1301.3000 0.1903
1301.4000 0.1905
1302.5000 0.1906
1303.2000 0.1908
1304.8000 0.1910
1304.9000 0.1911
1305.2000 0.1913
1305.3000 0.1915
1306.3000 0.1917
1306.4000 0.1918
1306.6000 0.1920
1307.4000 0.1922
1308.0000 0.1924
1308.7000 0.1925
1310.4000 0.1927
1310.6000 0.1929
1311.6000 0.1931
1312.8000 0.1932
1313.5000 0.1934
1315.1000 0.1936
1315.7000 0.1937
1316.3000 0.1939
1318.2000 0.1941
1318.3000 0.1943
1320.1000 0.1944
1320.1000 0.1946
1320.3000 0.1948
1320.7000 0.1950
1321.3000 0.1951
1321.5000 0.1953
1321.6000 0.1955
1321.9000 0.1957
1323.1000 0.1958
1323.6000 0.1960
1325.9000 0.1962
1326.2000 0.1964
1326.9000 0.1965
1328.6000 0.1967
1330.6000 0.1969
1330.9000 0.1970
1330.9000 0.1972
1332.5000 0.1974
1334.0000 0.1976
1334.2000 0.1977
1335.2000 0.1979
1338.2000 0.1981
1339.0000 0.1983
1339.3000 0.1984
1340.9000 0.1986
1341.2000 0.1988
1341.2000 0.1990
1342.2000 0.1991
1342.7000 0.1993
1343.2000 0.1995
1344.0000 0.1997
1344.9000 0.1998
1346.3000 0.2000
1346.3000 0.2002
1346.8000 0.2003
1346.9000 0.2005
1347.1000 0.2007
1347.2000 0.2009
1348.2000 0.2010
1349.3000 0.2012
1349.6000 0.2014
1349.7000 0.2016
1350.6000 0.2017
1350.8000 0.2019
1350.8000 0.2021
1352.2000 0.2023
1352.4000 0.2024
1352.4000 0.2026
1352.9000 0.2028
1353.6000 0.2030
1353.9000 0.2031
1354.5000 0.2033
1354.8000 0.2035
1355.4000 0.2036
1355.8000 0.2038
1356.1000 0.2040
1356.3000 0.2042
1357.9000 0.2043
1359.1000 0.2045
1360.8000 0.2047
1361.5000 0.2049
1362.1000 0.2050
1362.1000 0.2052
1363.2000 0.2054
1364.2000 0.2056
1364.6000 0.2057
1365.0000 0.2059
1365.0000 0.2061
1365.6000 0.2062
1367.0000 0.2064
1367.5000 0.2066
1367.7000 0.2068
1373.8000 0.2069
1374.8000 0.2071
1375.7000 0.2073
1376.0000 0.2075
1376.6000 0.2076
1376.7000 0.2078
1377.4000 0.2080
1381.1000 0.2082
1381.5000 0.2083
1381.6000 0.2085
1382.4000 0.2087
1382.6000 0.2089
1383.3000 0.2090
1383.5000 0.2092
1384.3000 0.2094
1385.0000 0.2095
1386.5000 0.2097
1388.0000 0.2099
1388.3000 0.2101
1389.0000 0.2102
1389.3000 0.2104
1389.4000 0.2106
1390.6000 0.2108
1391.5000 0.2109
1392.2000 0.2111
1392.3000 0.2113
1392.4000 0.2115
1393.9000 0.2116
1393.9000 0.2118
1394.2000 0.2120
1394.3000 0.2122
1395.0000 0.2123
1395.1000 0.2125
1396.5000 0.2127
1396.7000 0.2128
1398.1000 0.2130
1398.8000 0.2132
1399.3000 0.2134
1399.5000 0.2135
1400.1000 0.2137
1402.1000 0.2139
1402.5000 0.2141
1402.9000 0.2142
1403.1000 0.2144
1404.0000 0.2146
1404.7000 0.2148
1405.2000 0.2149
1406.0000 0.2151
1407.4000 0.2153
1407.6000 0.2155
1408.4000 0.2156
1408.8000 0.2158
1409.1000 0.2160
1409.3000 0.2161
1409.5000 0.2163
1410.5000 0.2165
1411.2000 0.2167
1412.5000 0.2168
1413.3000 0.2170
1413.8000 0.2172
1415.6000 0.2174
1417.2000 0.2175
1418.2000 0.2177
1419.4000 0.2179
1422.5000 0.2181
1422.8000 0.2182
1423.0000 0.2184
1423.1000 0.2186
1424.5000 0.2187
1426.0000 0.2189
1426.2000 0.2191
1426.8000 0.2193
1427.0000 0.2194
1428.4000 0.2196
1429.0000 0.2198
1429.9000 0.2200
1430.8000 0.2201
1432.1000 0.2203
1432.5000 0.2205
1433.1000 0.2207
1434.3000 0.2208
1434.7000 0.2210
1436.3000 0.2212
1437.4000 0.2214
1438.6000 0.2215
1439.2000 0.2217
1439.5000 0.2219
1439.6000 0.2220
1440.6000 0.2222
1440.7000 0.2224
1440.9000 0.2226
1443.3000 0.2227
1446.0000 0.2229
1447.9000 0.2231
1448.3000 0.2233
1448.8000 0.2234
1448.9000 0.2236
1448.9000 0.2238
1449.7000 0.2240
1449.9000 0.2241
1451.0000 0.2243
1452.5000 0.2245
1454.0000 0.2247
1454.1000 0.2248
1454.4000 0.2250
1455.1000 0.2252
1456.2000 0.2253
1456.2000 0.2255
1456.2000 0.2257
1457.1000 0.2259
1458.2000 0.2260
1458.7000 0.2262
1459.0000 0.2264
1459.3000 0.2266
1459.5000 0.2267
1461.1000 0.2269
1463.3000 0.2271
1465.6000 0.2273
1466.1000 0.2274
1466.7000 0.2276
1467.2000 0.2278
1467.4000 0.2280
1468.5000 0.2281
1470.9000 0.2283
1471.2000 0.2285
1471.8000 0.2286
1471.9000 0.2288
1472.0000 0.2290
1473.5000 0.2292
1475.1000 0.2293
1475.2000 0.2295
1475.7000 0.2297
1477.3000 0.2299
1477.5000 0.2300
1477.9000 0.2302
1479.2000 0.2304
1479.2000 0.2306
1479.3000 0.2307
1480.7000 0.2309
1480.7000 0.2311
1480.8000 0.2312
1481.1000 0.2314
1483.6000 0.2316
1484.1000 0.2318
1484.2000 0.2319
1484.8000 0.2321
1485.7000 0.2323
1487.3000 0.2325
1487.9000 0.2326
1490.6000 0.2328
1491.3000 0.2330
1492.1000 0.2332
1492.8000 0.2333
1493.0000 0.2335
1494.4000 0.2337
1495.0000 0.2339
1496.7000 0.2340
1496.7000 0.2342
1497.3000 0.2344
1498.1000 0.2345
1498.6000 0.2347
1498.8000 0.2349
1499.1000 0.2351
1499.9000 0.2352
1500.0000 0.2354
1502.8000 0.2356
1503.1000 0.2358
1503.3000 0.2359
1504.4000 0.2361
1508.5000 0.2363
1508.6000 0.2365
1509.3000 0.2366
1510.5000 0.2368
1510.6000 0.2370
1511.3000 0.2372
1513.3000 0.2373
1515.1000 0.2375
1516.2000 0.2377
1516.5000 0.2378
1517.0000 0.2380
1518.2000 0.2382
1518.9000 0.2384
1519.8000 0.2385
1520.7000 0.2387
1522.3000 0.2389
1522.6000 0.2391
1522.6000 0.2392
1523.1000 0.2394
1523.4000 0.2396
1524.1000 0.2398
1524.4000 0.2399
1525.9000 0.2401
1528.1000 0.2403
1529.0000 0.2405
1529.4000 0.2406
1531.6000 0.2408
1532.3000 0.2410
1532.5000 0.2411
1533.3000 0.2413
1534.0000 0.2415
1534.7000 0.2417
1535.7000 0.2418
1536.3000 0.2420
1536.7000 0.2422
1537.0000 0.2424
1537.2000 0.2425
1537.5000 0.2427
1538.5000 0.2429
1538.6000 0.2431
1539.6000 0.2432
1540.9000 0.2434
1542.0000 0.2436
1543.0000 0.2437
1543.1000 0.2439
1544.4000 0.2441
1544.5000 0.2443
1545.7000 0.2444
1545.9000 0.2446
1546.0000 0.2448
1546.0000 0.2450
1547.6000 0.2451
1548.1000 0.2453
1551.9000 0.2455
1554.0000 0.2457
1554.5000 0.2458
1555.4000 0.2460
1555.7000 0.2462
1556.3000 0.2464
1556.8000 0.2465
1557.6000 0.2467
1559.0000 0.2469
1561.9000 0.2470
1562.2000 0.2472
1562.3000 0.2474
1563.9000 0.2476
1563.9000 0.2477
1564.9000 0.2479
1566.9000 0.2481
1567.2000 0.2483
1567.3000 0.2484
1567.4000 0.2486
1567.5000 0.2488
1568.9000 0.2490
1568.9000 0.2491
1569.1000 0.2493
1570.7000 0.2495
1571.9000 0.2497
1572.0000 0.2498
1575.7000 0.2500
1576.5000 0.2502
1577.1000 0.2503
1579.2000 0.2505
1579.6000 0.2507
1579.8000 0.2509
1579.9000 0.2510
1580.4000 0.2512
1581.6000 0.2514
1582.9000 0.2516
1584.8000 0.2517
1585.2000 0.2519
1586.0000 0.2521
1586.4000 0.2523
1586.4000 0.2524
1587.6000 0.2526
1589.2000 0.2528
1589.2000 0.2530
1591.1000 0.2531
1592.0000 0.2533
1594.4000 0.2535
1595.2000 0.2536
1597.0000 0.2538
1597.0000 0.2540
1597.1000 0.2542
1598.4000 0.2543
1599.7000 0.2545
1600.4000 0.2547
1600.6000 0.2549
1602.0000 0.2550
1603.1000 0.2552
1603.5000 0.2554
1604.5000 0.2556
1610.3000 0.2557
1611.2000 0.2559
1611.3000 0.2561
1611.4000 0.2563
1612.2000 0.2564
1612.5000 0.2566
1613.1000 0.2568
1613.8000 0.2569
1614.4000 0.2571
1614.6000 0.2573
1614.7000 0.2575
1616.2000 0.2576
1618.0000 0.2578
1620.2000 0.2580
1621.0000 0.2582
1621.1000 0.2583
1621.7000 0.2585
1621.7000 0.2587
1621.7000 0.2589
1621.8000 0.2590
1622.1000 0.2592
1622.2000 0.2594
1624.3000 0.2595
1624.3000 0.2597
1626.8000 0.2599
1627.2000 0.2601
1627.8000 0.2602
1628.7000 0.2604
1629.1000 0.2606
1631.3000 0.2608
1631.8000 0.2609
1632.3000 0.2611
1633.5000 0.2613
1633.9000 0.2615
1637.4000 0.2616
1639.3000 0.2618
1639.5000 0.2620
1641.5000 0.2622
1644.1000 0.2623
1645.9000 0.2625
1650.2000 0.2627
1650.6000 0.2628
1650.6000 0.2630
1651.9000 0.2632
1651.9000 0.2634
1654.2000 0.2635
1654.5000 0.2637
1655.9000 0.2639
1656.2000 0.2641
1656.9000 0.2642
1657.7000 0.2644
1658.0000 0.2646
1658.2000 0.2648
1658.4000 0.2649
1658.9000 0.2651
1659.0000 0.2653
1660.7000 0.2655
1662.2000 0.2656
1662.7000 0.2658
1662.9000 0.2660
1664.1000 0.2661
1665.0000 0.2663
1665.0000 0.2665
1665.3000 0.2667
1667.0000 0.2668
1667.3000 0.2670
1667.5000 0.2672
1668.7000 0.2674
1670.5000 0.2675
1670.9000 0.2677
1671.4000 0.2679
1671.7000 0.2681
1672.1000 0.2682
1672.3000 0.2684
1672.5000 0.2686
1673.5000 0.2688
1676.0000 0.2689
1676.7000 0.2691
1676.9000 0.2693
1677.1000 0.2694
1679.5000 0.2696
1679.7000 0.2698
1683.1000 0.2700
1685.1000 0.2701
1686.4000 0.2703
1688.4000 0.2705
1690.5000 0.2707
1690.8000 0.2708
1690.8000 0.2710
1691.3000 0.2712
1692.3000 0.2714
1693.9000 0.2715
1694.3000 0.2717
1695.6000 0.2719
1696.0000 0.2720
1698.6000 0.2722
1698.6000 0.2724
1701.3000 0.2726
1702.0000 0.2727
1702.1000 0.2729
1702.3000 0.2731
1702.4000 0.2733
1703.6000 0.2734
1704.0000 0.2736
1704.2000 0.2738
1705.7000 0.2740
1705.7000 0.2741
1706.5000 0.2743
1707.9000 0.2745
1708.5000 0.2747
1709.6000 0.2748
1710.3000 0.2750
1711.0000 0.2752
1716.8000 0.2753
1720.5000 0.2755
1721.1000 0.2757
1723.5000 0.2759
1725.6000 0.2760
1728.3000 0.2762
1728.5000 0.2764
1729.0000 0.2766
1729.2000 0.2767
1729.8000 0.2769
1730.3000 0.2771
1731.1000 0.2773
1734.6000 0.2774
1734.8000 0.2776
1735.2000 0.2778
1735.9000 0.2780
1736.6000 0.2781
1737.6000 0.2783
1738.8000 0.2785
1739.8000 0.2786
1739.9000 0.2788
1741.2000 0.2790
1743.2000 0.2792
1743.4000 0.2793
1744.2000 0.2795
1744.5000 0.2797
1744.6000 0.2799
1746.0000 0.2800
1747.2000 0.2802
1747.3000 0.2804
1748.8000 0.2806
1751.3000 0.2807
1751.7000 0.2809
1753.1000 0.2811
1755.7000 0.2813
1756.5000 0.2814
1757.7000 0.2816
1758.8000 0.2818
1758.8000 0.2819
1760.0000 0.2821
1760.7000 0.2823
1762.6000 0.2825
1762.8000 0.2826
1763.9000 0.2828
1765.2000 0.2830
1765.6000 0.2832
1766.5000 0.2833
1768.1000 0.2835
1768.4000 0.2837
1768.8000 0.2839
1769.1000 0.2840
1773.3000 0.2842
1775.0000 0.2844
1775.7000 0.2845
1776.7000 0.2847
1778.8000 0.2849
1780.1000 0.2851
1782.3000 0.2852
1782.7000 0.2854
1783.1000 0.2856
1783.5000 0.2858
1783.8000 0.2859
1784.3000 0.2861
1784.8000 0.2863
1785.1000 0.2865
1786.4000 0.2866
1786.7000 0.2868
1787.0000 0.2870
1788.2000 0.2872
1789.0000 0.2873
1789.2000 0.2875
1789.3000 0.2877
1792.2000 0.2878
1795.7000 0.2880
1796.5000 0.2882
1797.1000 0.2884
1797.5000 0.2885
1799.2000 0.2887
1799.3000 0.2889
1800.8000 0.2891
1801.4000 0.2892
1801.8000 0.2894
1803.3000 0.2896
1803.6000 0.2898
1804.1000 0.2899
1804.2000 0.2901
1804.4000 0.2903
1804.9000 0.2905
1807.1000 0.2906
1807.1000 0.2908
1808.0000 0.2910
1808.4000 0.2911
1808.6000 0.2913
1810.5000 0.2915
1811.5000 0.2917
1811.7000 0.2918
1816.5000 0.2920
1816.8000 0.2922
1817.7000 0.2924
1818.0000 0.2925
1818.4000 0.2927
1819.0000 0.2929
1819.1000 0.2931
1819.1000 0.2932
1819.4000 0.2934
1819.4000 0.2936
1820.7000 0.2938
1825.0000 0.2939
1826.6000 0.2941
1826.8000 0.2943
1832.3000 0.2944
1836.4000 0.2946
1837.0000 0.2948
1838.7000 0.2950
1840.1000 0.2951
1840.2000 0.2953
1840.3000 0.2955
1843.5000 0.2957
1844.5000 0.2958
1845.5000 0.2960
1845.6000 0.2962
1847.4000 0.2964
1848.6000 0.2965
1849.0000 0.2967
1850.6000 0.2969
1851.1000 0.2970
1851.8000 0.2972
1855.0000 0.2974
1855.5000 0.2976
1856.0000 0.2977
1858.4000 0.2979
1859.9000 0.2981
1860.3000 0.2983
1860.7000 0.2984
1860.7000 0.2986
1861.0000 0.2988
1861.1000 0.2990
1861.3000 0.2991
1861.6000 0.2993
1862.4000 0.2995
1863.2000 0.2997
1863.2000 0.2998
1867.4000 0.3000
1868.5000 0.3002
1869.0000 0.3003
1872.7000 0.3005
1873.7000 0.3007
1874.9000 0.3009
1877.5000 0.3010
1877.8000 0.3012
1878.2000 0.3014
1878.3000 0.3016
1879.7000 0.3017
1880.3000 0.3019
1881.3000 0.3021
1881.5000 0.3023
1881.5000 0.3024
1882.1000 0.3026
1883.6000 0.3028
1884.0000 0.3030
1886.5000 0.3031
1887.2000 0.3033
1889.6000 0.3035
1889.8000 0.3036
1890.4000 0.3038
1890.6000 0.3040
1890.8000 0.3042
1891.0000 0.3043
1892.3000 0.3045
1892.8000 0.3047
1893.8000 0.3049
1893.9000 0.3050
1894.0000 0.3052
1894.2000 0.3054
1894.7000 0.3056
1895.9000 0.3057
1896.5000 0.3059
1897.0000 0.3061
1899.0000 0.3063
1899.1000 0.3064
1899.4000 0.3066
1901.8000 0.3068
1902.3000 0.3069
1902.3000 0.3071
1902.6000 0.3073
1903.0000 0.3075
1903.5000 0.3076
1905.6000 0.3078
1909.6000 0.3080
1910.2000 0.3082
1912.1000 0.3083
1912.7000 0.3085
1913.3000 0.3087
1914.1000 0.3089
1914.5000 0.3090
1916.1000 0.3092
1917.2000 0.3094
1917.3000 0.3095
1917.7000 0.3097
1917.7000 0.3099
1917.8000 0.3101
1918.6000 0.3102
1920.1000 0.3104
1921.8000 0.3106
1922.2000 0.3108
1923.1000 0.3109
1923.6000 0.3111
1926.6000 0.3113
1926.9000 0.3115
1927.7000 0.3116
1927.8000 0.3118
1928.9000 0.3120
1929.2000 0.3122
1934.1000 0.3123
1934.5000 0.3125
1934.8000 0.3127
1936.3000 0.3128
1936.8000 0.3130
1940.1000 0.3132
1940.1000 0.3134
1940.4000 0.3135
1940.7000 0.3137
1941.2000 0.3139
1943.6000 0.3141
1946.2000 0.3142
1946.5000 0.3144
1946.6000 0.3146
1947.0000 0.3148
1948.4000 0.3149
1948.7000 0.3151
1949.5000 0.3153
1950.1000 0.3155
1951.1000 0.3156
1952.5000 0.3158
1952.6000 0.3160
1953.4000 0.3161
1954.5000 0.3163
1956.7000 0.3165
1959.5000 0.3167
1960.4000 0.3168
1960.7000 0.3170
1961.4000 0.3172
1961.9000 0.3174
1962.1000 0.3175
1962.9000 0.3177
1964.4000 0.3179
1965.6000 0.3181
1966.8000 0.3182
1967.9000 0.3184
1968.9000 0.3186
1968.9000 0.3188
1970.3000 0.3189
1973.9000 0.3191
1975.6000 0.3193
1976.1000 0.3194
1976.1000 0.3196
1978.0000 0.3198
1978.6000 0.3200
1979.0000 0.3201
1979.5000 0.3203
1980.1000 0.3205
1980.8000 0.3207
1990.3000 0.3208
1990.7000 0.3210
1994.7000 0.3212
1995.9000 0.3214
1997.0000 0.3215
1997.2000 0.3217
1997.3000 0.3219
1997.8000 0.3220
1997.9000 0.3222
1998.5000 0.3224
1998.6000 0.3226
1999.4000 0.3227
2000.6000 0.3229
2002.8000 0.3231
2005.6000 0.3233
2007.0000 0.3234
2008.2000 0.3236
2008.8000 0.3238
2009.1000 0.3240
2009.5000 0.3241
2009.9000 0.3243
2014.3000 0.3245
2016.7000 0.3247
2017.4000 0.3248
2018.6000 0.3250
2020.4000 0.3252
2020.5000 0.3253
2020.6000 0.3255
2020.7000 0.3257
2023.2000 0.3259
2024.0000 0.3260
2024.8000 0.3262
2025.8000 0.3264
2027.1000 0.3266
2027.1000 0.3267
2028.4000 0.3269
2028.6000 0.3271
2029.7000 0.3273
2030.6000 0.3274
2030.7000 0.3276
2032.4000 0.3278
2033.6000 0.3280
2036.8000 0.3281
2037.8000 0.3283
2039.3000 0.3285
2040.3000 0.3286
2041.3000 0.3288
2041.5000 0.3290
2041.7000 0.3292
2041.9000 0.3293
2042.4000 0.3295
2043.4000 0.3297
2043.4000 0.3299
2045.5000 0.3300
2046.6000 0.3302
2050.5000 0.3304
2051.4000 0.3306
2053.4000 0.3307
2054.1000 0.3309
2054.6000 0.3311
2056.8000 0.3313
2057.5000 0.3314
2059.0000 0.3316
2059.2000 0.3318
2060.9000 0.3319
2064.1000 0.3321
2064.8000 0.3323
2066.2000 0.3325
2067.6000 0.3326
2072.6000 0.3328
2074.0000 0.3330
2074.6000 0.3332
2074.7000 0.3333
2074.9000 0.3335
2076.0000 0.3337
2077.3000 0.3339
2080.7000 0.3340
2082.4000 0.3342
2084.6000 0.3344
2087.9000 0.3345
2087.9000 0.3347
2089.2000 0.3349
2092.9000 0.3351
2093.4000 0.3352
2094.9000 0.3354
2096.3000 0.3356
2096.8000 0.3358
2098.4000 0.3359
2098.7000 0.3361
2100.4000 0.3363
2101.7000 0.3365
2102.3000 0.3366
2103.2000 0.3368
2103.3000 0.3370
2104.3000 0.3372
2106.6000 0.3373
2109.1000 0.3375
2109.2000 0.3377
2109.2000 0.3378
2109.8000 0.3380
2111.5000 0.3382
2113.1000 0.3384
2113.4000 0.3385
2115.3000 0.3387
2116.4000 0.3389
2118.1000 0.3391
2119.2000 0.3392
2119.7000 0.3394
2121.1000 0.3396
2124.2000 0.3398
2126.0000 0.3399
2126.8000 0.3401
2129.0000 0.3403
2129.7000 0.3405
2130.8000 0.3406
2132.1000 0.3408
2132.9000 0.3410
2134.4000 0.3411
2134.4000 0.3413
2136.6000 0.3415
2137.1000 0.3417
2137.7000 0.3418
2138.7000 0.3420
2143.3000 0.3422
2143.8000 0.3424
2144.2000 0.3425
2146.3000 0.3427
2148.6000 0.3429
2148.7000 0.3431
2149.9000 0.3432
2150.6000 0.3434
2151.8000 0.3436
2152.0000 0.3438
2152.0000 0.3439
2152.7000 0.3441
2153.1000 0.3443
2155.0000 0.3444
2156.1000 0.3446
2158.7000 0.3448
2160.6000 0.3450
2160.7000 0.3451
2163.3000 0.3453
2169.5000 0.3455
2169.9000 0.3457
2170.8000 0.3458
2171.0000 0.3460
2171.9000 0.3462
2174.0000 0.3464
2174.9000 0.3465
2177.4000 0.3467
2181.9000 0.3469
2186.0000 0.3470
2188.9000 0.3472
2188.9000 0.3474
2189.5000 0.3476
2190.7000 0.3477
2191.0000 0.3479
2191.7000 0.3481
2192.2000 0.3483
2193.5000 0.3484
2194.9000 0.3486
2195.1000 0.3488
2195.5000 0.3490
2196.0000 0.3491
2197.0000 0.3493
2197.1000 0.3495
2200.4000 0.3497
2201.2000 0.3498
2201.4000 0.3500
2201.5000 0.3502
2204.1000 0.3503
2204.3000 0.3505
2204.6000 0.3507
2206.5000 0.3509
2206.6000 0.3510
2207.1000 0.3512
2208.6000 0.3514
2208.7000 0.3516
2209.2000 0.3517
2209.9000 0.3519
2211.9000 0.3521
2213.0000 0.3523
2213.7000 0.3524
2216.1000 0.3526
2219.5000 0.3528
2220.7000 0.3530
2221.9000 0.3531
2223.5000 0.3533
2224.4000 0.3535
2225.4000 0.3536
2226.0000 0.3538
2227.3000 0.3540
2227.6000 0.3542
2227.7000 0.3543
2229.4000 0.3545
2230.8000 0.3547
2236.0000 0.3549
2237.0000 0.3550
2239.2000 0.3552
2239.7000 0.3554
2239.9000 0.3556
2240.3000 0.3557
2241.3000 0.3559
2241.4000 0.3561
2241.9000 0.3563
2242.7000 0.3564
2243.9000 0.3566
2244.3000 0.3568
2244.9000 0.3569
2245.0000 0.3571
2245.6000 0.3573
2247.3000 0.3575
2248.5000 0.3576
2253.9000 0.3578
2254.6000 0.3580
2254.8000 0.3582
2255.0000 0.3583
2255.4000 0.3585
2256.9000 0.3587
2257.5000 0.3589
2257.8000 0.3590
2259.8000 0.3592
2263.3000 0.3594
2266.8000 0.3595
2266.8000 0.3597
2267.1000 0.3599
2267.3000 0.3601
2270.4000 0.3602
2273.5000 0.3604
2279.1000 0.3606
2279.5000 0.3608
2280.2000 0.3609
2280.9000 0.3611
2281.4000 0.3613
2286.2000 0.3615
2288.4000 0.3616
2291.9000 0.3618
2292.2000 0.3620
2296.5000 0.3622
2296.9000 0.3623
2305.6000 0.3625
2306.0000 0.3627
2308.0000 0.3628
2310.7000 0.3630
2310.8000 0.3632
2312.6000 0.3634
2315.2000 0.3635
2316.6000 0.3637
2320.8000 0.3639
2325.8000 0.3641
2327.2000 0.3642
2330.4000 0.3644
2332.7000 0.3646
2333.4000 0.3648
2333.7000 0.3649
2334.8000 0.3651
2335.7000 0.3653
2336.8000 0.3655
2337.9000 0.3656
2338.3000 0.3658
2338.3000 0.3660
2338.9000 0.3661
2339.3000 0.3663
2339.6000 0.3665
2342.0000 0.3667
2344.0000 0.3668
2344.2000 0.3670
2348.6000 0.3672
2349.1000 0.3674
2349.7000 0.3675
2351.1000 0.3677
2357.1000 0.3679
2357.4000 0.3681
2358.3000 0.3682
2359.8000 0.3684
2361.3000 0.3686
2362.1000 0.3688
2363.3000 0.3689
2364.6000 0.3691
2369.3000 0.3693
2369.5000 0.3694
2371.1000 0.3696
2375.6000 0.3698
2376.9000 0.3700
2379.1000 0.3701
2380.0000 0.3703
2380.8000 0.3705
2381.8000 0.3707
2383.5000 0.3708
2385.6000 0.3710
2386.2000 0.3712
2392.5000 0.3714
2395.6000 0.3715
2396.9000 0.3717
2397.5000 0.3719
2400.5000 0.3720
2402.8000 0.3722
2405.4000 0.3724
2408.0000 0.3726
2414.1000 0.3727
2414.8000 0.3729
2415.2000 0.3731
2417.2000 0.3733
2420.7000 0.3734
2420.9000 0.3736
2422.0000 0.3738
2425.3000 0.3740
2426.0000 0.3741
2426.9000 0.3743
2431.7000 0.3745
2434.3000 0.3747
2436.8000 0.3748
2439.4000 0.3750
2440.7000 0.3752
2441.2000 0.3753
2441.4000 0.3755
2442.4000 0.3757
2443.7000 0.3759
2444.2000 0.3760
2444.8000 0.3762
2445.8000 0.3764
2446.7000 0.3766
2448.4000 0.3767
2449.3000 0.3769
2452.8000 0.3771
2455.4000 0.3773
2457.3000 0.3774
2461.3000 0.3776
2464.1000 0.3778
2465.2000 0.3780
2465.5000 0.3781
2468.0000 0.3783
2471.9000 0.3785
2472.0000 0.3786
2473.3000 0.3788
2477.0000 0.3790
2478.9000 0.3792
2480.4000 0.3793
2481.3000 0.3795
2483.9000 0.3797
2484.3000 0.3799
2484.6000 0.3800
2486.5000 0.3802
2487.4000 0.3804
2490.1000 0.3806
2492.5000 0.3807
2493.8000 0.3809
2494.5000 0.3811
2498.9000 0.3813
2499.6000 0.3814
2502.4000 0.3816
2504.2000 0.3818
2508.8000 0.3819
2510.5000 0.3821
2522.3000 0.3823
2524.4000 0.3825
2525.1000 0.3826
2527.2000 0.3828
2530.2000 0.3830
2530.6000 0.3832
2530.9000 0.3833
2532.5000 0.3835
2533.4000 0.3837
2534.0000 0.3839
2537.7000 0.3840
2538.2000 0.3842
2541.5000 0.3844
2542.0000 0.3845
2542.3000 0.3847
2543.3000 0.3849
2545.8000 0.3851
2550.7000 0.3852
2557.0000 0.3854
2567.0000 0.3856
2567.0000 0.3858
2568.4000 0.3859
2578.6000 0.3861
2580.3000 0.3863
2584.1000 0.3865
2584.3000 0.3866
2585.3000 0.3868
2590.8000 0.3870
2593.2000 0.3872
2595.0000 0.3873
2595.0000 0.3875
2600.7000 0.3877
2602.1000 0.3878
2605.6000 0.3880
2608.5000 0.3882
2609.1000 0.3884
2621.3000 0.3885
2624.6000 0.3887
2624.8000 0.3889
2625.0000 0.3891
2625.6000 0.3892
2626.4000 0.3894
2635.5000 0.3896
2637.6000 0.3898
2640.6000 0.3899
2641.9000 0.3901
2651.5000 0.3903
2653.2000 0.3905
2653.6000 0.3906
2655.1000 0.3908
2656.6000 0.3910
2657.2000 0.3911
2657.9000 0.3913
2661.8000 0.3915
2667.5000 0.3917
2672.6000 0.3918
2684.9000 0.3920
2685.2000 0.3922
2690.5000 0.3924
2691.5000 0.3925
2691.9000 0.3927
2692.6000 0.3929
2698.2000 0.3931
2698.3000 0.3932
2700.6000 0.3934
2707.6000 0.3936
2709.9000 0.3938
2715.4000 0.3939
2716.0000 0.3941
2717.5000 0.3943
2721.9000 0.3944
2722.7000 0.3946
2722.9000 0.3948
2728.0000 0.3950
2731.9000 0.3951
2733.5000 0.3953
2744.4000 0.3955
2745.6000 0.3957
2745.7000 0.3958
2751.4000 0.3960
2758.1000 0.3962
2759.2000 0.3964
2762.8000 0.3965
2764.4000 0.3967
2769.0000 0.3969
2780.3000 0.3970
2785.1000 0.3972
2785.9000 0.3974
2787.6000 0.3976
2798.8000 0.3977
2799.0000 0.3979
2805.1000 0.3981
2815.9000 0.3983
2816.3000 0.3984
2817.9000 0.3986
2818.9000 0.3988
2820.1000 0.3990
2826.8000 0.3991
2830.2000 0.3993
2831.1000 0.3995
2833.7000 0.3997
2834.6000 0.3998
2835.0000 0.4000
2845.5000 0.4002
2846.0000 0.4003
2848.1000 0.4005
2849.0000 0.4007
2857.4000 0.4009
2858.3000 0.4010
2860.6000 0.4012
2863.7000 0.4014
2868.3000 0.4016
2870.3000 0.4017
2871.0000 0.4019
2871.9000 0.4021
2896.1000 0.4023
2899.3000 0.4024
2901.1000 0.4026
2905.6000 0.4028
2908.1000 0.4030
2908.7000 0.4031
2911.8000 0.4033
2912.5000 0.4035
2917.0000 0.4036
2919.1000 0.4038
2919.8000 0.4040
2923.6000 0.4042
2928.8000 0.4043
2929.7000 0.4045
2932.4000 0.4047
2934.5000 0.4049
2941.2000 0.4050
2947.3000 0.4052
2947.4000 0.4054
2952.5000 0.4056
2954.1000 0.4057
2960.2000 0.4059
2962.7000 0.4061
2964.4000 0.4063
2974.6000 0.4064
2985.2000 0.4066
2985.3000 0.4068
2985.8000 0.4069
2987.2000 0.4071
2987.2000 0.4073
2989.9000 0.4075
2994.4000 0.4076
3000.4000 0.4078
3005.8000 0.4080
3011.9000 0.4082
3015.5000 0.4083
3021.2000 0.4085
3023.0000 0.4087
3023.2000 0.4089
3025.5000 0.4090
3026.7000 0.4092
3036.0000 0.4094
3037.0000 0.4095
3037.7000 0.4097
3042.9000 0.4099
3049.9000 0.4101
3054.5000 0.4102
3056.2000 0.4104
3075.3000 0.4106
3080.9000 0.4108
3084.8000 0.4109
3088.9000 0.4111
3095.2000 0.4113
3104.2000 0.4115
3104.6000 0.4116
3106.6000 0.4118
3116.2000 0.4120
3124.5000 0.4122
3125.4000 0.4123
3138.8000 0.4125
3138.9000 0.4127
3140.9000 0.4128
3145.9000 0.4130
3154.3000 0.4132
3165.4000 0.4134
3175.8000 0.4135
3178.9000 0.4137
3197.2000 0.4139
3201.0000 0.4141
3203.0000 0.4142
3206.3000 0.4144
3206.4000 0.4146
3218.3000 0.4148
3218.4000 0.4149
3229.8000 0.4151
3232.1000 0.4153
3233.3000 0.4155
3236.2000 0.4156
3236.6000 0.4158
3238.9000 0.4160
3251.7000 0.4161
3261.4000 0.4163
3264.3000 0.4165
3266.2000 0.4167
3267.7000 0.4168
3267.7000 0.4170
3271.0000 0.4172
3277.8000 0.4174
3279.4000 0.4175
3279.7000 0.4177
3294.5000 0.4179
3299.5000 0.4181
3301.5000 0.4182
3305.1000 0.4184
3307.1000 0.4186
3310.8000 0.4188
3311.6000 0.4189
3330.6000 0.4191
3330.9000 0.4193
3333.9000 0.4194
3335.0000 0.4196
3337.1000 0.4198
3362.8000 0.4200
3368.5000 0.4201
3372.8000 0.4203
3372.9000 0.4205
3377.1000 0.4207
3378.5000 0.4208
3387.4000 0.4210
3401.2000 0.4212
3402.5000 0.4214
3409.7000 0.4215
3410.2000 0.4217
3415.4000 0.4219
3417.8000 0.4220
3417.9000 0.4222
3420.8000 0.4224
3422.8000 0.4226
3436.8000 0.4227
3439.5000 0.4229
3446.9000 0.4231
3450.2000 0.4233
3452.9000 0.4234
3454.4000 0.4236
3455.2000 0.4238
3459.9000 0.4240
3460.0000 0.4241
3465.0000 0.4243
3468.5000 0.4245
3469.8000 0.4247
3474.3000 0.4248
3480.6000 0.4250
3481.3000 0.4252
3481.4000 0.4253
3481.7000 0.4255
3484.1000 0.4257
3484.4000 0.4259
3484.5000 0.4260
3486.4000 0.4262
3486.6000 0.4264
3490.6000 0.4266
3504.9000 0.4267
3506.6000 0.4269
3520.8000 0.4271
3522.5000 0.4273
3531.8000 0.4274
3533.5000 0.4276
3535.0000 0.4278
3535.9000 0.4280
3541.7000 0.4281
3542.5000 0.4283
3542.7000 0.4285
3544.7000 0.4286
3544.7000 0.4288
3571.9000 0.4290
3579.2000 0.4292
3582.6000 0.4293
3586.6000 0.4295
3596.1000 0.4297
3598.7000 0.4299
3600.4000 0.4300
3603.1000 0.4302
3604.2000 0.4304
3613.6000 0.4306
3614.5000 0.4307
3615.0000 0.4309
3633.9000 0.4311
3636.3000 0.4313
3638.8000 0.4314
3641.2000 0.4316
3647.7000 0.4318
3647.9000 0.4319
3649.1000 0.4321
3650.2000 0.4323
3650.5000 0.4325
3652.7000 0.4326
3655.5000 0.4328
3660.2000 0.4330
3671.9000 0.4332
3671.9000 0.4333
3672.3000 0.4335
3673.8000 0.4337
3676.9000 0.4339
3678.7000 0.4340
3681.6000 0.4342
3690.1000 0.4344
3694.0000 0.4345
3694.1000 0.4347
3700.4000 0.4349
3701.1000 0.4351
3702.8000 0.4352
3703.4000 0.4354
3709.2000 0.4356
3715.0000 0.4358
3719.5000 0.4359
3721.8000 0.4361
3722.0000 0.4363
3727.1000 0.4365
3736.2000 0.4366
3737.2000 0.4368
3737.5000 0.4370
3741.4000 0.4372
3749.3000 0.4373
3754.2000 0.4375
3757.2000 0.4377
3765.0000 0.4378
3772.9000 0.4380
3775.6000 0.4382
3789.3000 0.4384
3816.3000 0.4385
3817.6000 0.4387
3818.3000 0.4389
3826.0000 0.4391
3834.7000 0.4392
3838.7000 0.4394
3848.5000 0.4396
3858.8000 0.4398
3876.7000 0.4399
3878.7000 0.4401
3882.4000 0.4403
3886.7000 0.4405
3888.6000 0.4406
3893.7000 0.4408
3897.6000 0.4410
3905.4000 0.4411
3919.6000 0.4413
3935.3000 0.4415
3937.4000 0.4417
3944.4000 0.4418
3947.4000 0.4420
3957.7000 0.4422
3970.0000 0.4424
3975.8000 0.4425
3977.1000 0.4427
3978.2000 0.4429
3981.9000 0.4431
3984.3000 0.4432
3984.3000 0.4434
3986.6000 0.4436
3992.1000 0.4438
4005.5000 0.4439
4006.4000 0.4441
4013.8000 0.4443
4013.9000 0.4444
4013.9000 0.4446
4015.8000 0.4448
4016.7000 0.4450
4016.9000 0.4451
4025.1000 0.4453
4038.0000 0.4455
4038.1000 0.4457
4051.8000 0.4458
4054.8000 0.4460
4066.9000 0.4462
4067.0000 0.4464
4106.1000 0.4465
4112.1000 0.4467
4116.0000 0.4469
4118.7000 0.4470
4121.1000 0.4472
4131.0000 0.4474
4138.7000 0.4476
4140.4000 0.4477
4140.9000 0.4479
4142.9000 0.4481
4144.2000 0.4483
4147.7000 0.4484
4149.4000 0.4486
4150.3000 0.4488
4151.8000 0.4490
4153.9000 0.4491
4156.1000 0.4493
4167.2000 0.4495
4168.8000 0.4497
4175.6000 0.4498
4182.4000 0.4500
4192.0000 0.4502
4195.3000 0.4503
4198.3000 0.4505
4227.6000 0.4507
4253.6000 0.4509
4255.2000 0.4510
4259.8000 0.4512
4259.8000 0.4514
4262.2000 0.4516
4263.4000 0.4517
4273.2000 0.4519
4278.9000 0.4521
4288.6000 0.4523
4294.0000 0.4524
4294.3000 0.4526
4299.6000 0.4528
4302.3000 0.4530
4305.6000 0.4531
4308.0000 0.4533
4310.2000 0.4535
4312.0000 0.4536
4314.2000 0.4538
4325.5000 0.4540
4329.4000 0.4542
4333.7000 0.4543
4351.2000 0.4545
4352.9000 0.4547
4378.5000 0.4549
4389.3000 0.4550
4395.5000 0.4552
4395.6000 0.4554
4398.8000 0.4556
4411.5000 0.4557
4416.6000 0.4559
4417.2000 0.4561
4423.7000 0.4563
4429.5000 0.4564
4433.2000 0.4566
4435.6000 0.4568
4439.1000 0.4569
4440.0000 0.4571
4450.8000 0.4573
4463.1000 0.4575
4466.5000 0.4576
4476.0000 0.4578
4477.4000 0.4580
4477.7000 0.4582
4491.9000 0.4583
4507.1000 0.4585
4514.9000 0.4587
4518.3000 0.4589
4529.6000 0.4590
4530.8000 0.4592
4532.4000 0.4594
4540.0000 0.4595
4540.5000 0.4597
4540.9000 0.4599
4549.1000 0.4601
4561.2000 0.4602
4561.9000 0.4604
4565.6000 0.4606
4577.5000 0.4608
4578.9000 0.4609
4584.4000 0.4611
4591.1000 0.4613
4593.4000 0.4615
4596.6000 0.4616
4599.1000 0.4618
4603.4000 0.4620
4607.9000 0.4622
4628.2000 0.4623
4637.9000 0.4625
4641.9000 0.4627
4641.9000 0.4628
4647.4000 0.4630
4659.2000 0.4632
4660.7000 0.4634
4678.1000 0.4635
4685.4000 0.4637
4693.9000 0.4639
4695.5000 0.4641
4712.0000 0.4642
4712.3000 0.4644
4717.1000 0.4646
4723.4000 0.4648
4725.9000 0.4649
4734.1000 0.4651
4734.9000 0.4653
4740.8000 0.4655
4741.5000 0.4656
4741.9000 0.4658
4743.1000 0.4660
4744.8000 0.4661
4753.0000 0.4663
4774.5000 0.4665
4778.4000 0.4667
4779.0000 0.4668
4780.7000 0.4670
4782.2000 0.4672
4795.1000 0.4674
4798.4000 0.4675
4802.6000 0.4677
4804.8000 0.4679
4807.9000 0.4681
4813.0000 0.4682
4814.6000 0.4684
4815.2000 0.4686
4817.6000 0.4688
4819.4000 0.4689
4820.0000 0.4691
4821.6000 0.4693
4832.6000 0.4694
4832.7000 0.4696
4843.1000 0.4698
4845.2000 0.4700
4849.9000 0.4701
4868.8000 0.4703
4873.1000 0.4705
4881.9000 0.4707
4886.6000 0.4708
4888.8000 0.4710
4897.8000 0.4712
4899.6000 0.4714
4909.5000 0.4715
4912.1000 0.4717
4914.2000 0.4719
4917.3000 0.4720
4933.9000 0.4722
4951.0000 0.4724
4952.5000 0.4726
4953.7000 0.4727
4955.0000 0.4729
4960.8000 0.4731
4972.6000 0.4733
4975.1000 0.4734
4977.1000 0.4736
4979.8000 0.4738
4982.0000 0.4740
4999.9000 0.4741
5021.3000 0.4743
5023.4000 0.4745
5032.2000 0.4747
5032.5000 0.4748
5033.1000 0.4750
5035.1000 0.4752
5038.4000 0.4753
5039.3000 0.4755
5050.1000 0.4757
5063.8000 0.4759
5074.0000 0.4760
5084.4000 0.4762
5087.0000 0.4764
5089.5000 0.4766
5090.6000 0.4767
5113.8000 0.4769
5124.6000 0.4771
5125.4000 0.4773
5133.6000 0.4774
5143.1000 0.4776
5148.7000 0.4778
5173.7000 0.4780
5175.6000 0.4781
5179.1000 0.4783
5187.2000 0.4785
5199.8000 0.4786
5202.9000 0.4788
5207.6000 0.4790
5208.0000 0.4792
5211.3000 0.4793
5216.2000 0.4795
5217.8000 0.4797
5222.8000 0.4799
5223.7000 0.4800
5233.3000 0.4802
5245.0000 0.4804
5253.5000 0.4806
5253.8000 0.4807
5269.2000 0.4809
5274.6000 0.4811
5281.9000 0.4813
5283.8000 0.4814
5284.0000 0.4816
5286.5000 0.4818
5295.3000 0.4819
5298.6000 0.4821
5299.2000 0.4823
5301.1000 0.4825
5316.2000 0.4826
5328.1000 0.4828
5329.7000 0.4830
5362.7000 0.4832
5366.4000 0.4833
5375.4000 0.4835
5375.9000 0.4837
5376.9000 0.4839
5378.5000 0.4840
5383.5000 0.4842
5389.9000 0.4844
5391.9000 0.4845
5393.8000 0.4847
5394.7000 0.4849
5395.7000 0.4851
5406.6000 0.4852
5407.9000 0.4854
5414.6000 0.4856
5417.1000 0.4858
5417.5000 0.4859
5418.7000 0.4861
5442.3000 0.4863
5444.2000 0.4865
5453.8000 0.4866
5466.3000 0.4868
5468.4000 0.4870
5475.0000 0.4872
5479.8000 0.4873
5480.2000 0.4875
5481.0000 0.4877
5483.9000 0.4878
5517.5000 0.4880
5525.9000 0.4882
5526.8000 0.4884
5531.5000 0.4885
5532.1000 0.4887
5540.2000 0.4889
5542.9000 0.4891
5543.2000 0.4892
5554.8000 0.4894
5557.6000 0.4896
5558.7000 0.4898
5562.0000 0.4899
5567.7000 0.4901
5574.0000 0.4903
5587.1000 0.4905
5590.3000 0.4906
5597.5000 0.4908
5610.4000 0.4910
5617.2000 0.4911
5619.2000 0.4913
5624.0000 0.4915
5631.8000 0.4917
5647.6000 0.4918
5648.4000 0.4920
5656.8000 0.4922
5657.9000 0.4924
5659.4000 0.4925
5659.6000 0.4927
5667.2000 0.4929
5668.1000 0.4931
5673.1000 0.4932
5677.2000 0.4934
5680.5000 0.4936
5701.6000 0.4938
5707.1000 0.4939
5707.2000 0.4941
5708.4000 0.4943
5711.5000 0.4944
5719.6000 0.4946
5719.9000 0.4948
5721.7000 0.4950
5728.0000 0.4951
5737.4000 0.4953
5739.1000 0.4955
5747.0000 0.4957
5749.0000 0.4958
5752.7000 0.4960
5752.9000 0.4962
5758.9000 0.4964
5769.8000 0.4965
5771.8000 0.4967
5775.6000 0.4969
5776.2000 0.4970
5784.2000 0.4972
5788.5000 0.4974
5792.0000 0.4976
5794.0000 0.4977
5805.3000 0.4979
5807.8000 0.4981
5815.2000 0.4983
5820.6000 0.4984
5826.2000 0.4986
5827.6000 0.4988
5828.4000 0.4990
5839.4000 0.4991
5846.1000 0.4993
5846.3000 0.4995
5852.2000 0.4997
5852.5000 0.4998
5854.5000 0.5000
5859.8000 0.5002
5862.8000 0.5003
5865.5000 0.5005
5876.2000 0.5007
5877.0000 0.5009
5878.8000 0.5010
5895.4000 0.5012
5899.0000 0.5014
5907.4000 0.5016
5913.4000 0.5017
5917.4000 0.5019
5923.3000 0.5021
5926.3000 0.5023
5943.9000 0.5024
5944.9000 0.5026
5946.7000 0.5028
5950.7000 0.5030
5951.8000 0.5031
5967.8000 0.5033
5984.8000 0.5035
5991.3000 0.5036
5992.2000 0.5038
5996.7000 0.5040
6003.7000 0.5042
6013.0000 0.5043
6022.8000 0.5045
6024.6000 0.5047
6041.2000 0.5049
6049.4000 0.5050
6052.3000 0.5052
6055.6000 0.5054
6058.4000 0.5056
6062.0000 0.5057
6065.8000 0.5059
6067.9000 0.5061
6070.8000 0.5063
6074.2000 0.5064
6079.7000 0.5066
6085.0000 0.5068
6087.6000 0.5069
6102.3000 0.5071
6102.5000 0.5073
6109.2000 0.5075
6112.8000 0.5076
6117.2000 0.5078
6117.4000 0.5080
6124.1000 0.5082
6130.4000 0.5083
6131.0000 0.5085
6138.8000 0.5087
6141.8000 0.5089
6144.7000 0.5090
6145.2000 0.5092
6156.4000 0.5094
6160.4000 0.5095
6175.6000 0.5097
6182.4000 0.5099
6183.4000 0.5101
6217.8000 0.5102
6219.0000 0.5104
6221.0000 0.5106
6233.5000 0.5108
6237.5000 0.5109
6238.8000 0.5111
6240.6000 0.5113
6241.7000 0.5115
6245.3000 0.5116
6248.4000 0.5118
6249.9000 0.5120
6252.0000 0.5122
6254.5000 0.5123
6257.3000 0.5125
6258.0000 0.5127
6271.6000 0.5128
6273.5000 0.5130
6274.6000 0.5132
6285.9000 0.5134
6290.2000 0.5135
6291.3000 0.5137
6294.7000 0.5139
6296.3000 0.5141
6307.0000 0.5142
6312.0000 0.5144
6321.0000 0.5146
6321.9000 0.5148
6329.1000 0.5149
6331.3000 0.5151
6334.5000 0.5153
6335.5000 0.5155
6335.6000 0.5156
6339.7000 0.5158
6344.3000 0.5160
6349.7000 0.5161
6349.7000 0.5163
6354.5000 0.5165
6358.1000 0.5167
6358.4000 0.5168
6359.4000 0.5170
6380.4000 0.5172
6383.4000 0.5174
6386.0000 0.5175
6386.7000 0.5177
6394.2000 0.5179
6409.6000 0.5181
6409.6000 0.5182
6412.6000 0.5184
6413.2000 0.5186
6426.2000 0.5188
6435.4000 0.5189
6445.1000 0.5191
6453.8000 0.5193
6470.8000 0.5194
6476.6000 0.5196
6477.4000 0.5198
6481.2000 0.5200
6481.9000 0.5201
6482.3000 0.5203
6488.2000 0.5205
6491.1000 0.5207
6507.2000 0.5208
6511.0000 0.5210
6521.7000 0.5212
6532.0000 0.5214
6534.5000 0.5215
6534.9000 0.5217
6547.2000 0.5219
6558.6000 0.5220
6566.4000 0.5222
6581.8000 0.5224
6585.8000 0.5226
6602.2000 0.5227
6615.4000 0.5229
6620.4000 0.5231
6622.4000 0.5233
6630.0000 0.5234
6646.4000 0.5236
6647.1000 0.5238
6653.4000 0.5240
6654.7000 0.5241
6657.4000 0.5243
6658.6000 0.5245
6659.7000 0.5247
6671.8000 0.5248
6672.8000 0.5250
6678.6000 0.5252
6680.7000 0.5253
6681.9000 0.5255
6686.4000 0.5257
6691.2000 0.5259
6691.6000 0.5260
6700.3000 0.5262
6703.9000 0.5264
6706.7000 0.5266
6713.7000 0.5267
6719.0000 0.5269
6725.5000 0.5271
6728.3000 0.5273
6729.5000 0.5274
6732.5000 0.5276
6736.7000 0.5278
6745.5000 0.5280
6750.5000 0.5281
6762.5000 0.5283
6763.1000 0.5285
6764.4000 0.5286
6770.3000 0.5288
6773.1000 0.5290
6777.8000 0.5292
6783.2000 0.5293
6783.2000 0.5295
6792.7000 0.5297
6797.4000 0.5299
6798.2000 0.5300
6806.8000 0.5302
6810.6000 0.5304
6812.9000 0.5306
6825.5000 0.5307
6839.1000 0.5309
6848.3000 0.5311
6859.5000 0.5313
6862.1000 0.5314
6869.1000 0.5316
6870.7000 0.5318
6875.4000 0.5319
6876.4000 0.5321
6879.0000 0.5323
6881.6000 0.5325
6886.0000 0.5326
6889.9000 0.5328
6893.7000 0.5330
6894.4000 0.5332
6895.1000 0.5333
6895.7000 0.5335
6899.4000 0.5337
6902.8000 0.5339
6908.7000 0.5340
6937.7000 0.5342
6942.4000 0.5344
6954.7000 0.5345
6959.4000 0.5347
6962.5000 0.5349
6964.0000 0.5351
6974.7000 0.5352
6976.0000 0.5354
6976.2000 0.5356
6980.6000 0.5358
6984.6000 0.5359
6990.1000 0.5361
6993.9000 0.5363
6995.2000 0.5365
6997.8000 0.5366
7000.8000 0.5368
7003.0000 0.5370
7010.4000 0.5372
7020.0000 0.5373
7020.4000 0.5375
7028.3000 0.5377
7034.9000 0.5378
7039.8000 0.5380
7043.2000 0.5382
7056.4000 0.5384
7070.9000 0.5385
7092.3000 0.5387
7094.0000 0.5389
7096.6000 0.5391
7099.3000 0.5392
7104.4000 0.5394
7107.4000 0.5396
7115.8000 0.5398
7116.1000 0.5399
7133.1000 0.5401
7133.7000 0.5403
7135.6000 0.5405
7153.9000 0.5406
7166.4000 0.5408
7177.3000 0.5410
7180.4000 0.5411
7196.3000 0.5413
7200.8000 0.5415
7203.8000 0.5417
7204.2000 0.5418
7209.4000 0.5420
7213.2000 0.5422
7220.4000 0.5424
7221.0000 0.5425
7224.5000 0.5427
7235.4000 0.5429
7237.2000 0.5431
7256.0000 0.5432
7269.6000 0.5434
7270.7000 0.5436
7276.3000 0.5438
7293.7000 0.5439
7302.8000 0.5441
7306.8000 0.5443
7322.6000 0.5444
7324.0000 0.5446
7334.5000 0.5448
7336.7000 0.5450
7340.5000 0.5451
7355.6000 0.5453
7368.2000 0.5455
7375.6000 0.5457
7378.5000 0.5458
7397.8000 0.5460
7401.9000 0.5462
7416.3000 0.5464
7428.3000 0.5465
7440.9000 0.5467
7444.8000 0.5469
7449.6000 0.5470
7449.7000 0.5472
7450.1000 0.5474
7458.2000 0.5476
7458.6000 0.5477
7465.0000 0.5479
7469.8000 0.5481
7474.1000 0.5483
7480.3000 0.5484
7491.4000 0.5486
7510.2000 0.5488
7513.0000 0.5490
7528.2000 0.5491
7529.4000 0.5493
7535.6000 0.5495
7536.0000 0.5497
7538.6000 0.5498
7540.1000 0.5500
7540.5000 0.5502
7553.9000 0.5503
7564.1000 0.5505
7575.4000 0.5507
7576.2000 0.5509
7579.9000 0.5510
7587.9000 0.5512
7588.0000 0.5514
7597.5000 0.5516
7603.6000 0.5517
7613.7000 0.5519
7614.9000 0.5521
7626.4000 0.5523
7627.3000 0.5524
7628.2000 0.5526
7636.8000 0.5528
7638.2000 0.5530
7655.2000 0.5531
7662.3000 0.5533
7670.3000 0.5535
7690.4000 0.5536
7726.6000 0.5538
7727.7000 0.5540
7730.7000 0.5542
7730.8000 0.5543
7732.8000 0.5545
7732.8000 0.5547
7746.2000 0.5549
7751.2000 0.5550
7751.6000 0.5552
7757.1000 0.5554
7763.4000 0.5556
7763.4000 0.5557
7770.9000 0.5559
7776.0000 0.5561
7777.1000 0.5563
7788.2000 0.5564
7807.9000 0.5566
7816.5000 0.5568
7817.8000 0.5569
7824.0000 0.5571
7830.5000 0.5573
7833.3000 0.5575
7840.8000 0.5576
7843.5000 0.5578
7847.1000 0.5580
7854.6000 0.5582
7866.3000 0.5583
7878.7000 0.5585
7884.9000 0.5587
7887.2000 0.5589
7889.6000 0.5590
7901.4000 0.5592
7901.7000 0.5594
7910.3000 0.5595
7914.9000 0.5597
7920.0000 0.5599
7934.7000 0.5601
7936.6000 0.5602
7938.7000 0.5604
7953.7000 0.5606
7955.3000 0.5608
7962.3000 0.5609
7969.3000 0.5611
7969.7000 0.5613
7970.5000 0.5615
7995.9000 0.5616
7997.7000 0.5618
8008.3000 0.5620
8033.9000 0.5622
8035.8000 0.5623
8037.2000 0.5625
8038.4000 0.5627
8041.6000 0.5628
8043.5000 0.5630
8043.7000 0.5632
8046.2000 0.5634
8047.1000 0.5635
8047.5000 0.5637
8053.4000 0.5639
8061.6000 0.5641
8070.8000 0.5642
8073.4000 0.5644
8082.4000 0.5646
8084.9000 0.5648
8088.7000 0.5649
8090.3000 0.5651
8092.9000 0.5653
8096.3000 0.5655
8097.8000 0.5656
8101.6000 0.5658
8111.4000 0.5660
8117.2000 0.5661
8130.9000 0.5663
8131.9000 0.5665
8132.1000 0.5667
8134.6000 0.5668
8140.0000 0.5670
8145.6000 0.5672
8157.4000 0.5674
8176.5000 0.5675
8179.9000 0.5677
8184.8000 0.5679
8190.2000 0.5681
8190.9000 0.5682
8191.3000 0.5684
8193.5000 0.5686
8249.9000 0.5688
8255.3000 0.5689
8261.2000 0.5691
8267.0000 0.5693
8268.0000 0.5694
8270.3000 0.5696
8275.7000 0.5698
8292.9000 0.5700
8294.2000 0.5701
8296.2000 0.5703
8296.5000 0.5705
8310.7000 0.5707
8311.6000 0.5708
8311.6000 0.5710
8316.8000 0.5712
8320.2000 0.5714
8321.0000 0.5715
8322.0000 0.5717
8336.1000 0.5719
8337.6000 0.5720
8341.6000 0.5722
8344.2000 0.5724
8346.5000 0.5726
8349.1000 0.5727
8350.6000 0.5729
8351.5000 0.5731
8355.1000 0.5733
8356.5000 0.5734
8363.0000 0.5736
8365.8000 0.5738
8367.5000 0.5740
8373.3000 0.5741
8384.7000 0.5743
8388.0000 0.5745
8389.2000 0.5747
8396.8000 0.5748
8398.0000 0.5750
8398.8000 0.5752
8405.5000 0.5753
8413.6000 0.5755
8415.1000 0.5757
8418.2000 0.5759
8419.7000 0.5760
8422.8000 0.5762
8430.4000 0.5764
8432.7000 0.5766
8433.8000 0.5767
8445.0000 0.5769
8451.0000 0.5771
8465.2000 0.5773
8471.9000 0.5774
8478.7000 0.5776
8479.6000 0.5778
8480.6000 0.5780
8484.1000 0.5781
8499.3000 0.5783
8520.4000 0.5785
8529.7000 0.5786
8534.3000 0.5788
8539.0000 0.5790
8552.8000 0.5792
8554.7000 0.5793
8555.1000 0.5795
8557.0000 0.5797
8557.7000 0.5799
8562.1000 0.5800
8565.3000 0.5802
8565.5000 0.5804
8570.7000 0.5806
8572.4000 0.5807
8572.7000 0.5809
8577.3000 0.5811
8580.9000 0.5813
8586.4000 0.5814
8595.4000 0.5816
8609.2000 0.5818
8628.7000 0.5819
8634.5000 0.5821
8640.3000 0.5823
8645.9000 0.5825
8649.5000 0.5826
8659.9000 0.5828
8662.3000 0.5830
8669.6000 0.5832
8672.7000 0.5833
8673.7000 0.5835
8673.8000 0.5837
8680.4000 0.5839
8680.6000 0.5840
8684.9000 0.5842
8688.4000 0.5844
8694.1000 0.5845
8695.2000 0.5847
8696.6000 0.5849
8696.9000 0.5851
8706.6000 0.5852
8707.0000 0.5854
8707.5000 0.5856
8708.2000 0.5858
8710.3000 0.5859
8721.3000 0.5861
8721.6000 0.5863
8748.9000 0.5865
8759.7000 0.5866
8763.6000 0.5868
8767.0000 0.5870
8767.1000 0.5872
8772.1000 0.5873
8774.1000 0.5875
8774.3000 0.5877
8776.0000 0.5878
8794.8000 0.5880
8795.5000 0.5882
8812.1000 0.5884
8840.8000 0.5885
8844.9000 0.5887
8849.4000 0.5889
8851.0000 0.5891
8852.9000 0.5892
8853.7000 0.5894
8854.2000 0.5896
8854.7000 0.5898
8875.4000 0.5899
8883.7000 0.5901
8902.4000 0.5903
8914.0000 0.5905
8914.3000 0.5906
8919.1000 0.5908
8932.8000 0.5910
8936.0000 0.5911
8936.5000 0.5913
8943.7000 0.5915
8945.3000 0.5917
8947.7000 0.5918
8958.1000 0.5920
8962.6000 0.5922
8964.9000 0.5924
8969.2000 0.5925
8978.6000 0.5927
8979.8000 0.5929
8980.7000 0.5931
8985.3000 0.5932
8986.9000 0.5934
8987.0000 0.5936
8994.3000 0.5938
8995.1000 0.5939
9009.1000 0.5941
9016.1000 0.5943
9017.9000 0.5944
9023.4000 0.5946
9025.1000 0.5948
9029.0000 0.5950
9030.8000 0.5951
9031.5000 0.5953
9039.8000 0.5955
9047.5000 0.5957
9049.0000 0.5958
9053.8000 0.5960
9060.9000 0.5962
9065.7000 0.5964
9070.7000 0.5965
9073.3000 0.5967
9078.0000 0.5969
9079.0000 0.5970
9087.7000 0.5972
9089.9000 0.5974
9099.2000 0.5976
9103.4000 0.5977
9105.5000 0.5979
9106.3000 0.5981
9108.0000 0.5983
9111.6000 0.5984
9111.8000 0.5986
9112.9000 0.5988
9119.4000 0.5990
9119.7000 0.5991
9122.9000 0.5993
9123.0000 0.5995
9124.2000 0.5997
9126.2000 0.5998
9131.2000 0.6000
9160.8000 0.6002
9166.5000 0.6003
9169.3000 0.6005
9169.9000 0.6007
9172.1000 0.6009
9173.8000 0.6010
9174.9000 0.6012
9176.2000 0.6014
9185.9000 0.6016
9190.7000 0.6017
9199.9000 0.6019
9203.2000 0.6021
9204.0000 0.6023
9209.8000 0.6024
9211.0000 0.6026
9212.9000 0.6028
9215.4000 0.6030
9223.3000 0.6031
9227.7000 0.6033
9247.9000 0.6035
9252.6000 0.6036
9257.3000 0.6038
9267.7000 0.6040
9272.0000 0.6042
9281.5000 0.6043
9297.5000 0.6045
9298.9000 0.6047
9320.9000 0.6049
9326.3000 0.6050
9330.4000 0.6052
9333.4000 0.6054
9334.2000 0.6056
9340.3000 0.6057
9364.4000 0.6059
9371.2000 0.6061
9379.9000 0.6063
9386.1000 0.6064
9398.1000 0.6066
9400.2000 0.6068
9409.4000 0.6069
9419.3000 0.6071
9440.5000 0.6073
9453.5000 0.6075
9460.7000 0.6076
9465.0000 0.6078
9465.9000 0.6080
9476.6000 0.6082
9480.7000 0.6083
9485.2000 0.6085
9512.2000 0.6087
9513.6000 0.6089
9520.1000 0.6090
9524.2000 0.6092
9524.3000 0.6094
9531.0000 0.6095
9537.5000 0.6097
9540.9000 0.6099
9551.4000 0.6101
9559.6000 0.6102
9563.9000 0.6104
9575.9000 0.6106
9578.2000 0.6108
9590.7000 0.6109
9591.4000 0.6111
9607.2000 0.6113
9620.0000 0.6115
9627.1000 0.6116
9637.7000 0.6118
9647.7000 0.6120
9659.9000 0.6122
9663.6000 0.6123
9669.2000 0.6125
9669.5000 0.6127
9678.0000 0.6128
9681.0000 0.6130
9683.3000 0.6132
9683.3000 0.6134
9685.2000 0.6135
9689.0000 0.6137
9698.4000 0.6139
9705.7000 0.6141
9714.6000 0.6142
9718.7000 0.6144
9724.5000 0.6146
9728.4000 0.6148
9729.6000 0.6149
9730.2000 0.6151
9731.3000 0.6153
9732.8000 0.6155
9739.9000 0.6156
9759.4000 0.6158
9768.4000 0.6160
9783.6000 0.6161
9784.4000 0.6163
9793.5000 0.6165
9799.6000 0.6167
9806.0000 0.6168
9808.8000 0.6170
9809.6000 0.6172
9810.8000 0.6174
9814.1000 0.6175
9814.5000 0.6177
9814.6000 0.6179
9833.6000 0.6181
9842.1000 0.6182
9843.4000 0.6184
9843.9000 0.6186
9853.7000 0.6188
9857.8000 0.6189
9858.0000 0.6191
9869.7000 0.6193
9872.1000 0.6194
9873.3000 0.6196
9874.8000 0.6198
9885.4000 0.6200
9888.9000 0.6201
9893.8000 0.6203
9899.9000 0.6205
9915.8000 0.6207
9924.1000 0.6208
9942.0000 0.6210
9942.9000 0.6212
9947.2000 0.6214
9947.7000 0.6215
9950.0000 0.6217
9956.3000 0.6219
9958.9000 0.6220
9959.5000 0.6222
9967.1000 0.6224
9973.5000 0.6226
9974.2000 0.6227
9977.2000 0.6229
9986.4000 0.6231
9992.2000 0.6233
9995.6000 0.6234
10002.5000 0.6236
10005.3000 0.6238
10005.5000 0.6240
10011.7000 0.6241
10011.8000 0.6243
10014.8000 0.6245
10022.7000 0.6247
10030.2000 0.6248
10038.9000 0.6250
10040.8000 0.6252
10043.6000 0.6253
10044.7000 0.6255
10051.0000 0.6257
10068.8000 0.6259
10090.6000 0.6260
10099.0000 0.6262
10102.7000 0.6264
10110.8000 0.6266
10117.9000 0.6267
10118.0000 0.6269
10123.8000 0.6271
10131.3000 0.6273
10132.6000 0.6274
10133.3000 0.6276
10139.0000 0.6278
10146.4000 0.6280
10151.9000 0.6281
10171.5000 0.6283
10189.0000 0.6285
10189.0000 0.6286
10193.4000 0.6288
10197.5000 0.6290
10198.7000 0.6292
10205.9000 0.6293
10209.5000 0.6295
10213.5000 0.6297
10219.1000 0.6299
10228.6000 0.6300
10235.8000 0.6302
10238.1000 0.6304
10257.4000 0.6306
10266.6000 0.6307
10268.5000 0.6309
10274.1000 0.6311
10277.3000 0.6313
10295.8000 0.6314
10296.8000 0.6316
10297.3000 0.6318
10313.8000 0.6319
10334.2000 0.6321
10342.1000 0.6323
10343.4000 0.6325
10345.1000 0.6326
10347.2000 0.6328
10381.4000 0.6330
10382.0000 0.6332
10382.3000 0.6333
10384.7000 0.6335
10387.4000 0.6337
10391.4000 0.6339
10392.2000 0.6340
10396.8000 0.6342
10405.0000 0.6344
10407.8000 0.6345
10417.0000 0.6347
10429.8000 0.6349
10432.3000 0.6351
10440.8000 0.6352
10445.8000 0.6354
10454.5000 0.6356
10455.8000 0.6358
10457.9000 0.6359
10468.4000 0.6361
10473.4000 0.6363
10474.0000 0.6365
10490.1000 0.6366
10508.1000 0.6368
10509.6000 0.6370
10529.9000 0.6372
10546.0000 0.6373
10552.7000 0.6375
10553.2000 0.6377
10562.7000 0.6378
10563.7000 0.6380
10574.6000 0.6382
10583.1000 0.6384
10596.7000 0.6385
10619.7000 0.6387
10623.9000 0.6389
10631.3000 0.6391
10653.6000 0.6392
10653.9000 0.6394
10661.4000 0.6396
10663.1000 0.6398
10664.3000 0.6399
10668.3000 0.6401
10676.6000 0.6403
10688.3000 0.6405
10724.4000 0.6406
10743.7000 0.6408
10749.8000 0.6410
10763.1000 0.6411
10763.1000 0.6413
10769.7000 0.6415
10774.0000 0.6417
10780.9000 0.6418
10796.1000 0.6420
10798.5000 0.6422
10810.0000 0.6424
10826.8000 0.6425
10831.8000 0.6427
10831.8000 0.6429
10834.3000 0.6431
10839.0000 0.6432
10846.2000 0.6434
10847.2000 0.6436
10848.3000 0.6438
10851.1000 0.6439
10856.5000 0.6441
10859.3000 0.6443
10860.8000 0.6444
10862.3000 0.6446
10872.9000 0.6448
10896.2000 0.6450
10897.2000 0.6451
10900.1000 0.6453
10901.8000 0.6455
10902.3000 0.6457
10902.4000 0.6458
10908.1000 0.6460
10909.6000 0.6462
10917.2000 0.6464
10919.3000 0.6465
10920.0000 0.6467
10921.0000 0.6469
10926.6000 0.6470
10934.2000 0.6472
10942.2000 0.6474
10945.5000 0.6476
10947.6000 0.6477
10950.0000 0.6479
10956.0000 0.6481
10957.7000 0.6483
10970.9000 0.6484
10973.2000 0.6486
10974.1000 0.6488
10984.3000 0.6490
10991.8000 0.6491
10998.3000 0.6493
11000.6000 0.6495
11001.4000 0.6497
11013.4000 0.6498
11013.5000 0.6500
11015.6000 0.6502
11018.0000 0.6503
11024.1000 0.6505
11029.6000 0.6507
11030.6000 0.6509
11038.7000 0.6510
11039.8000 0.6512
11042.7000 0.6514
11043.6000 0.6516
11047.2000 0.6517
11047.3000 0.6519
11055.4000 0.6521
11064.5000 0.6523
11073.8000 0.6524
11077.2000 0.6526
11093.6000 0.6528
11097.7000 0.6530
11097.7000 0.6531
11101.7000 0.6533
11102.5000 0.6535
11131.1000 0.6536
11142.7000 0.6538
11144.5000 0.6540
11145.6000 0.6542
11146.4000 0.6543
11146.8000 0.6545
11148.4000 0.6547
11148.5000 0.6549
11151.2000 0.6550
11159.1000 0.6552
11161.7000 0.6554
11165.3000 0.6556
11178.0000 0.6557
11183.6000 0.6559
11199.2000 0.6561
11200.6000 0.6563
11206.8000 0.6564
11208.9000 0.6566
11228.4000 0.6568
11229.8000 0.6569
11229.8000 0.6571
11249.3000 0.6573
11254.9000 0.6575
11266.5000 0.6576
11270.0000 0.6578
11271.4000 0.6580
11271.6000 0.6582
11276.3000 0.6583
11279.8000 0.6585
11289.7000 0.6587
11290.5000 0.6589
11298.3000 0.6590
11300.9000 0.6592
11302.2000 0.6594
11302.4000 0.6595
11303.6000 0.6597
11305.6000 0.6599
11324.9000 0.6601
11339.8000 0.6602
11343.8000 0.6604
11346.1000 0.6606
11355.2000 0.6608
11367.4000 0.6609
11369.1000 0.6611
11371.4000 0.6613
11377.0000 0.6615
11387.8000 0.6616
11396.9000 0.6618
11402.3000 0.6620
11406.9000 0.6622
11414.7000 0.6623
11415.6000 0.6625
11415.8000 0.6627
11416.6000 0.6628
11427.9000 0.6630
11434.4000 0.6632
11439.7000 0.6634
11440.0000 0.6635
11440.9000 0.6637
11449.3000 0.6639
11450.3000 0.6641
11452.3000 0.6642
11456.2000 0.6644
11466.8000 0.6646
11472.3000 0.6648
11482.5000 0.6649
11497.1000 0.6651
11497.5000 0.6653
11529.9000 0.6655
11544.0000 0.6656
11546.8000 0.6658
11549.8000 0.6660
11550.2000 0.6661
11553.5000 0.6663
11561.6000 0.6665
11561.9000 0.6667
11574.9000 0.6668
11577.7000 0.6670
11577.9000 0.6672
11581.0000 0.6674
11586.6000 0.6675
11594.0000 0.6677
11595.4000 0.6679
11595.4000 0.6681
11603.2000 0.6682
11630.7000 0.6684
11639.3000 0.6686
11640.8000 0.6688
11644.7000 0.6689
11646.7000 0.6691
11649.0000 0.6693
11650.2000 0.6694
11652.1000 0.6696
11654.3000 0.6698
11654.8000 0.6700
11655.8000 0.6701
11658.9000 0.6703
11660.4000 0.6705
11660.4000 0.6707
11677.9000 0.6708
11681.2000 0.6710
11685.0000 0.6712
11687.7000 0.6714
11688.8000 0.6715
11696.2000 0.6717
11698.0000 0.6719
11699.5000 0.6720
11709.1000 0.6722
11710.8000 0.6724
11712.6000 0.6726
11715.6000 0.6727
11740.4000 0.6729
11742.8000 0.6731
11747.0000 0.6733
11756.5000 0.6734
11775.1000 0.6736
11775.7000 0.6738
11778.4000 0.6740
11779.6000 0.6741
11791.3000 0.6743
11793.9000 0.6745
11803.5000 0.6747
11809.3000 0.6748
11817.5000 0.6750
11820.7000 0.6752
11827.5000 0.6753
11828.4000 0.6755
11830.6000 0.6757
11837.9000 0.6759
11848.0000 0.6760
11850.3000 0.6762
11851.9000 0.6764
11852.5000 0.6766
11853.4000 0.6767
11855.3000 0.6769
11857.6000 0.6771
11866.3000 0.6773
11873.4000 0.6774
11875.6000 0.6776
11876.7000 0.6778
11879.9000 0.6780
11895.4000 0.6781
11897.6000 0.6783
11902.2000 0.6785
11911.5000 0.6786
11911.8000 0.6788
11919.0000 0.6790
11938.5000 0.6792
11944.0000 0.6793
11945.5000 0.6795
11950.4000 0.6797
11951.5000 0.6799
11968.5000 0.6800
