60.0000 0.0001 0.0000
120.1000 0.0001 0.0000
180.2000 0.0002 0.0000
240.3000 0.0002 0.0000
300.3000 0.0003 0.0000
360.3000 0.0004 0.0000
420.3000 0.0005 0.0000
480.3000 0.0006 0.0000
540.3000 0.0007 0.0000
600.3000 0.0009 0.0000
660.3000 0.0011 0.0000
720.3000 0.0012 0.0000
780.3000 0.0014 0.0000
840.3000 0.0016 0.0000
900.3000 0.0018 0.0000
960.3000 0.0022 0.0000
1020.3000 0.0025 0.0000
1080.4000 0.0029 0.0000
1140.5000 0.0033 0.0000
1200.6000 0.0037 0.0000
1260.7000 0.0042 0.0000
1320.8000 0.0048 0.0000
1380.9000 0.0054 0.0000
1441.0000 0.0061 0.0000
1501.1000 0.0068 0.0000
1561.2000 0.0075 0.0000
1621.3000 0.0085 0.0000
1681.4000 0.0093 0.0000
1741.5000 0.0103 0.0000
1801.6000 0.0110 0.0000
1861.7000 0.0118 0.0000
1921.8000 0.0126 0.0000
1981.9000 0.0134 0.0000
2042.0000 0.0145 0.0000
2102.1000 0.0155 0.0000
2162.2000 0.0164 0.0000
2222.3000 0.0173 0.0000
2282.4000 0.0184 0.0000
2342.5000 0.0192 0.0000
2402.6000 0.0200 0.0000
2462.7000 0.0210 0.0000
2522.8000 0.0218 0.0000
2582.9000 0.0227 0.0000
2643.0000 0.0235 0.0000
2703.1000 0.0245 0.0000
2763.2000 0.0253 0.0000
2823.3000 0.0262 0.0000
2883.4000 0.0268 0.0000
2943.5000 0.0276 0.0000
3003.6000 0.0284 0.0000
3063.7000 0.0291 0.0000
3123.8000 0.0300 0.0000
3183.9000 0.0309 0.0000
3244.0000 0.0321 0.0000
3304.1000 0.0331 0.0000
3364.2000 0.0339 0.0000
3424.3000 0.0347 0.0000
3484.4000 0.0358 0.0000
3544.5000 0.0364 0.0000
3604.6000 0.0372 0.0000
3664.7000 0.0381 0.0000
3724.8000 0.0389 0.0000
3784.9000 0.0397 0.0000
3845.0000 0.0406 0.0000
3905.1000 0.0415 0.0000
3965.2000 0.0422 0.0000
4025.3000 0.0431 0.0000
4085.4000 0.0437 0.0000
4145.4000 0.0445 0.0000
4205.4000 0.0452 0.0000
4265.4000 0.0459 0.0000
4325.4000 0.0468 0.0000
4385.4000 0.0476 0.0000
4445.4000 0.0486 0.0000
4505.4000 0.0495 0.0000
4565.4000 0.0504 0.0000
4625.4000 0.0512 0.0000
4685.4000 0.0522 0.0000
4745.4000 0.0530 0.0000
4805.4000 0.0538 0.0000
4865.4000 0.0548 0.0000
4925.4000 0.0556 0.0000
4985.4000 0.0565 0.0000
5045.4000 0.0574 0.0000
5105.4000 0.0583 0.0000
5165.4000 0.0590 0.0000
5225.4000 0.0599 0.0000
5285.4000 0.0606 0.0000
5345.4000 0.0614 0.0000
5405.4000 0.0621 0.0000
5465.4000 0.0628 0.0001
5525.4000 0.0636 0.0001
5585.4000 0.0643 0.0001
5645.4000 0.0653 0.0001
5705.4000 0.0663 0.0001
5765.4000 0.0671 0.0001
5825.4000 0.0678 0.0001
5885.4000 0.0686 0.0001
5945.4000 0.0693 0.0001
6005.4000 0.0701 0.0001
6065.4000 0.0710 0.0001
6125.4000 0.0717 0.0001
6185.4000 0.0725 0.0001
6245.4000 0.0733 0.0001
6305.4000 0.0739 0.0001
6365.4000 0.0745 0.0001
6425.4000 0.0753 0.0001
6485.4000 0.0759 0.0001
6545.4000 0.0765 0.0001
6605.4000 0.0773 0.0001
6665.4000 0.0779 0.0001
6725.4000 0.0786 0.0001
6785.4000 0.0793 0.0001
6845.4000 0.0801 0.0001
6905.4000 0.0811 0.0001
6965.4000 0.0818 0.0001
7025.4000 0.0824 0.0001
7085.4000 0.0832 0.0001
7145.4000 0.0839 0.0001
7205.4000 0.0846 0.0001
7265.4000 0.0852 0.0001
7325.4000 0.0858 0.0001
7385.4000 0.0865 0.0001
7445.4000 0.0871 0.0001
7505.4000 0.0877 0.0001
7565.4000 0.0883 0.0001
7625.4000 0.0890 0.0001
7685.4000 0.0894 0.0001
7745.4000 0.0898 0.0001
7805.4000 0.0902 0.0001
7865.4000 0.0906 0.0001
7925.4000 0.0911 0.0001
7985.4000 0.0914 0.0001
8045.4000 0.0918 0.0001
8105.4000 0.0921 0.0001
8165.4000 0.0924 0.0001
8225.4000 0.0927 0.0001
8285.4000 0.0930 0.0001
8345.4000 0.0934 0.0001
8405.4000 0.0939 0.0001
8465.4000 0.0942 0.0001
8525.4000 0.0945 0.0001
8585.4000 0.0949 0.0001
8645.4000 0.0952 0.0001
8705.4000 0.0956 0.0001
8765.4000 0.0959 0.0001
8825.4000 0.0963 0.0001
8885.4000 0.0965 0.0001
8945.4000 0.0968 0.0001
9005.4000 0.0970 0.0001
9065.4000 0.0972 0.0001
9125.4000 0.0974 0.0001
9185.4000 0.0976 0.0001
9245.4000 0.0978 0.0001
9305.4000 0.0979 0.0001
9365.4000 0.0980 0.0001
9425.4000 0.0981 0.0001
9485.4000 0.0982 0.0001
9545.4000 0.0983 0.0001
9605.4000 0.0984 0.0001
9665.4000 0.0985 0.0001
9725.4000 0.0986 0.0001
9785.4000 0.0986 0.0001
9845.4000 0.0987 0.0001
9905.4000 0.0987 0.0001
9965.4000 0.0988 0.0001
10025.4000 0.0988 0.0001
10085.4000 0.0989 0.0001
10145.4000 0.0990 0.0001
10205.4000 0.0990 0.0001
10265.4000 0.0991 0.0001
10325.4000 0.0991 0.0001
10385.4000 0.0992 0.0001
10445.4000 0.0992 0.0001
10505.4000 0.0992 0.0001
10565.4000 0.0993 0.0001
10625.4000 0.0993 0.0001
10685.4000 0.0994 0.0001
10745.4000 0.0994 0.0001
10805.4000 0.0995 0.0001
10865.4000 0.0995 0.0001
10925.4000 0.0996 0.0001
10985.4000 0.0996 0.0001
11045.4000 0.0997 0.0001
11105.4000 0.0997 0.0001
11165.4000 0.0998 0.0001
11225.4000 0.0998 0.0001
11285.4000 0.0999 0.0001
11345.4000 0.0999 0.0001
11405.4000 0.1000 0.0001
11465.4000 0.1000 0.0001
11525.4000 0.1001 0.0001
11585.4000 0.1001 0.0001
11645.4000 0.1002 0.0001
11705.4000 0.1002 0.0001
11765.4000 0.1003 0.0001
11825.4000 0.1003 0.0001
11885.4000 0.1004 0.0001
11945.4000 0.1004 0.0001
12005.4000 0.0985 0.0001
12065.4000 0.0972 0.0001
12125.4000 0.0957 0.0001
12185.4000 0.0935 0.0001
12245.4000 0.0918 0.0001
12305.4000 0.0896 0.0001
12365.4000 0.0875 0.0001
12425.4000 0.0862 0.0001
12485.4000 0.0852 0.0001
12545.4000 0.0836 0.0001
12605.4000 0.0823 0.0001
12665.4000 0.0806 0.0001
12725.4000 0.0797 0.0001
12785.4000 0.0788 0.0001
12845.4000 0.0778 0.0001
12905.4000 0.0768 0.0001
12965.4000 0.0750 0.0001
13025.4000 0.0740 0.0001
13085.4000 0.0729 0.0001
13145.4000 0.0720 0.0001
13205.4000 0.0712 0.0001
13265.4000 0.0702 0.0001
13325.4000 0.0691 0.0001
13385.4000 0.0682 0.0001
13445.4000 0.0672 0.0001
13505.4000 0.0664 0.0001
13565.4000 0.0652 0.0001
13625.4000 0.0644 0.0001
13685.4000 0.0638 0.0001
13745.4000 0.0631 0.0001
13805.4000 0.0626 0.0001
13865.4000 0.0624 0.0001
13925.4000 0.0617 0.0001
13985.4000 0.0610 0.0001
14045.4000 0.0599 0.0001
14105.4000 0.0593 0.0001
14165.4000 0.0582 0.0001
14225.4000 0.0575 0.0001
14285.4000 0.0567 0.0001
14345.4000 0.0561 0.0001
14405.4000 0.0553 0.0001
14465.4000 0.0543 0.0001
14525.4000 0.0536 0.0001
14585.4000 0.0531 0.0001
14645.4000 0.0526 0.0001
14705.4000 0.0519 0.0001
14765.4000 0.0514 0.0001
14825.4000 0.0510 0.0001
14885.4000 0.0504 0.0001
14945.4000 0.0501 0.0001
15005.4000 0.0495 0.0001
15065.4000 0.0490 0.0001
15125.4000 0.0484 0.0001
15185.4000 0.0477 0.0001
15245.4000 0.0471 0.0001
15305.4000 0.0461 0.0001
15365.4000 0.0456 0.0001
15425.4000 0.0452 0.0001
15485.4000 0.0448 0.0001
15545.4000 0.0442 0.0001
15605.4000 0.0440 0.0001
15665.4000 0.0436 0.0001
15725.4000 0.0430 0.0001
15785.4000 0.0427 0.0001
15845.4000 0.0421 0.0001
15905.4000 0.0417 0.0001
15965.4000 0.0410 0.0001
16025.4000 0.0407 0.0001
16085.4000 0.0405 0.0001
16145.4000 0.0402 0.0001
16205.4000 0.0399 0.0001
16265.4000 0.0396 0.0001
16325.4000 0.0393 0.0001
16385.4000 0.0390 0.0001
16445.5000 0.0386 0.0001
16505.6000 0.0382 0.0001
16565.7000 0.0380 0.0001
16625.8000 0.0379 0.0001
16685.9000 0.0376 0.0001
16746.0000 0.0371 0.0001
16806.1000 0.0369 0.0001
16866.2000 0.0367 0.0001
16926.3000 0.0366 0.0001
16986.4000 0.0364 0.0001
17046.5000 0.0362 0.0001
17106.6000 0.0361 0.0001
17166.7000 0.0359 0.0001
17226.8000 0.0357 0.0001
17286.9000 0.0354 0.0001
17347.0000 0.0351 0.0001
17407.1000 0.0348 0.0001
17467.2000 0.0346 0.0001
17527.3000 0.0345 0.0001
17587.4000 0.0343 0.0001
17647.5000 0.0342 0.0001
17707.6000 0.0341 0.0001
17767.7000 0.0339 0.0001
17827.8000 0.0337 0.0001
17887.9000 0.0334 0.0001
17948.0000 0.0333 0.0001
18008.1000 0.0331 0.0001
18068.2000 0.0330 0.0001
18128.3000 0.0329 0.0001
18188.4000 0.0329 0.0001
18248.5000 0.0327 0.0001
18308.6000 0.0326 0.0001
18368.7000 0.0326 0.0001
18428.8000 0.0325 0.0001
18488.9000 0.0325 0.0001
18549.0000 0.0326 0.0001
18609.1000 0.0326 0.0001
18669.2000 0.0327 0.0001
18729.3000 0.0328 0.0001
18789.4000 0.0330 0.0001
18849.5000 0.0332 0.0001
18909.6000 0.0336 0.0001
18969.7000 0.0338 0.0001
19029.8000 0.0340 0.0001
19089.9000 0.0344 0.0001
19150.0000 0.0347 0.0001
19210.1000 0.0353 0.0001
19270.2000 0.0358 0.0001
19330.3000 0.0362 0.0001
19390.4000 0.0366 0.0001
19450.5000 0.0371 0.0001
19510.6000 0.0377 0.0001
19570.7000 0.0384 0.0001
19630.8000 0.0390 0.0001
19690.9000 0.0397 0.0001
19751.0000 0.0401 0.0001
19811.1000 0.0407 0.0001
19871.2000 0.0404 0.0001
19931.3000 0.0416 0.0001
19991.4000 0.0426 0.0001
20051.5000 0.0435 0.0001
20111.6000 0.0445 0.0001
20171.7000 0.0454 0.0001
20231.8000 0.0458 0.0001
20291.9000 0.0471 0.0001
20352.0000 0.0484 0.0001
20412.1000 0.0486 0.0000
20472.2000 0.0500 0.0000
20532.3000 0.0515 0.0000
20592.4000 0.0526 0.0000
20652.5000 0.0543 0.0001
20712.6000 0.0561 0.0001
20772.7000 0.0562 0.0000
20832.8000 0.0577 0.0000
20892.9000 0.0576 0.0000
20953.0000 0.0591 0.0000
21013.1000 0.0603 0.0000
21073.2000 0.0623 0.0000
21133.3000 0.0636 0.0000
21193.4000 0.0656 0.0000
21253.5000 0.0678 0.0000
21313.6000 0.0701 0.0000
21373.7000 0.0727 0.0000
21433.8000 0.0751 0.0000
21493.9000 0.0760 0.0000
21554.0000 0.0772 0.0000
21614.1000 0.0797 0.0000
21674.2000 0.0822 0.0000
21734.3000 0.0833 0.0000
21794.4000 0.0856 0.0000
21854.5000 0.0880 0.0000
21914.6000 0.0910 0.0000
21974.7000 0.0941 0.0001
22034.8000 0.0966 0.0001
22094.9000 0.0993 0.0001
22155.0000 0.1022 0.0001
22215.1000 0.1042 0.0001
22275.2000 0.1058 0.0001
22335.3000 0.1085 0.0001
22395.4000 0.1115 0.0001
22455.5000 0.1129 0.0001
22515.6000 0.1154 0.0001
22575.7000 0.1178 0.0001
22635.8000 0.1206 0.0001
22695.9000 0.1235 0.0001
22756.0000 0.1266 0.0001
22816.1000 0.1292 0.0001
22876.2000 0.1319 0.0001
22936.3000 0.1332 0.0001
22996.4000 0.1345 0.0001
23056.5000 0.1374 0.0001
23116.6000 0.1405 0.0001
23176.7000 0.1424 0.0001
23236.8000 0.1450 0.0001
23296.9000 0.1479 0.0001
23357.0000 0.1507 0.0001
23417.1000 0.1534 0.0001
23477.2000 0.1563 0.0001
23537.3000 0.1592 0.0001
23597.4000 0.1602 0.0001
23657.5000 0.1618 0.0001
23717.6000 0.1641 0.0001
23777.7000 0.1669 0.0001
23837.8000 0.1696 0.0001
23897.9000 0.1704 0.0001
23958.0000 0.1730 0.0002
24018.1000 0.1753 0.0002
24078.2000 0.1780 0.0002
24138.3000 0.1800 0.0002
24198.4000 0.1823 0.0002
24258.5000 0.1847 0.0002
24318.6000 0.1873 0.0002
24378.7000 0.1897 0.0002
24438.8000 0.1919 0.0002
24498.9000 0.1937 0.0002
24559.0000 0.1955 0.0002
24619.1000 0.1981 0.0002
24679.2000 0.2002 0.0002
24739.3000 0.2028 0.0002
24799.4000 0.2052 0.0002
24859.5000 0.2079 0.0002
24919.6000 0.2105 0.0002
24979.7000 0.2123 0.0002
25039.8000 0.2142 0.0002
25099.9000 0.2163 0.0002
25160.0000 0.2185 0.0002
25220.1000 0.2205 0.0002
25280.2000 0.2228 0.0002
25340.3000 0.2249 0.0003
25400.4000 0.2276 0.0003
25460.5000 0.2299 0.0003
25520.6000 0.2322 0.0003
25580.7000 0.2345 0.0003
25640.8000 0.2368 0.0003
25700.9000 0.2392 0.0003
25761.0000 0.2407 0.0003
25821.1000 0.2422 0.0003
25881.2000 0.2440 0.0003
25941.3000 0.2458 0.0003
26001.4000 0.2469 0.0003
26061.5000 0.2486 0.0003
26121.6000 0.2506 0.0003
26181.7000 0.2525 0.0003
26241.8000 0.2544 0.0003
26301.9000 0.2562 0.0003
26362.0000 0.2582 0.0003
26422.1000 0.2600 0.0003
26482.2000 0.2618 0.0003
26542.3000 0.2632 0.0004
26602.4000 0.2648 0.0004
26662.5000 0.2664 0.0004
26722.6000 0.2682 0.0004
26782.7000 0.2701 0.0004
26842.8000 0.2722 0.0004
26902.9000 0.2743 0.0004
26963.0000 0.2758 0.0004
27023.1000 0.2771 0.0004
27083.2000 0.2787 0.0004
27143.3000 0.2805 0.0004
27203.4000 0.2811 0.0004
27263.5000 0.2823 0.0004
27323.6000 0.2838 0.0004
27383.7000 0.2852 0.0004
27443.8000 0.2862 0.0004
27503.9000 0.2873 0.0004
27564.0000 0.2887 0.0004
27624.1000 0.2898 0.0004
27684.2000 0.2911 0.0004
27744.3000 0.2924 0.0004
27804.4000 0.2942 0.0005
27864.5000 0.2958 0.0005
27924.6000 0.2971 0.0005
27984.7000 0.2983 0.0005
28044.8000 0.2989 0.0005
28104.9000 0.3003 0.0005
28165.0000 0.3011 0.0005
28225.1000 0.3023 0.0005
28285.2000 0.3026 0.0005
28345.3000 0.3041 0.0005
28405.4000 0.3050 0.0005
28465.5000 0.3065 0.0005
28525.6000 0.3073 0.0005
28585.7000 0.3078 0.0005
28645.8000 0.3095 0.0005
28705.9000 0.3106 0.0005
28766.0000 0.3113 0.0005
