# messageDelay  cumulativeProbability
5.0000 0.0001
5.0000 0.0002
5.0000 0.0003
5.0000 0.0004
5.0000 0.0005
5.0000 0.0006
5.0000 0.0007
5.0000 0.0008
5.0000 0.0009
5.0000 0.0010
5.0000 0.0011
5.0000 0.0013
5.0000 0.0014
5.0000 0.0015
5.0000 0.0016
5.0000 0.0017
5.0000 0.0018
5.0000 0.0019
5.0000 0.0020
5.0000 0.0021
5.0000 0.0022
5.0000 0.0023
5.0000 0.0024
5.0000 0.0025
5.0000 0.0026
5.0000 0.0027
5.0000 0.0028
5.0000 0.0029
6.0000 0.0030
7.3000 0.0031
7.5000 0.0032
25.7000 0.0033
30.3000 0.0034
31.5000 0.0035
33.7000 0.0036
55.1000 0.0037
59.7000 0.0039
137.5000 0.0040
232.4000 0.0041
251.6000 0.0042
307.3000 0.0043
318.9000 0.0044
349.4000 0.0045
353.8000 0.0046
369.9000 0.0047
371.5000 0.0048
380.5000 0.0049
385.5000 0.0050
397.0000 0.0051
408.5000 0.0052
413.7000 0.0053
457.8000 0.0054
473.4000 0.0055
486.0000 0.0056
486.9000 0.0057
489.9000 0.0058
493.9000 0.0059
531.5000 0.0060
573.3000 0.0061
577.3000 0.0062
582.2000 0.0064
587.4000 0.0065
590.4000 0.0066
595.0000 0.0067
606.4000 0.0068
617.5000 0.0069
637.5000 0.0070
639.1000 0.0071
656.7000 0.0072
657.0000 0.0073
680.3000 0.0074
700.5000 0.0075
714.0000 0.0076
715.6000 0.0077
742.1000 0.0078
757.6000 0.0079
759.3000 0.0080
816.4000 0.0081
820.4000 0.0082
840.4000 0.0083
850.4000 0.0084
872.2000 0.0085
874.2000 0.0086
883.1000 0.0087
892.6000 0.0089
899.0000 0.0090
902.1000 0.0091
910.7000 0.0092
926.7000 0.0093
928.0000 0.0094
936.5000 0.0095
943.1000 0.0096
943.4000 0.0097
949.4000 0.0098
953.4000 0.0099
969.7000 0.0100
978.6000 0.0101
981.9000 0.0102
1007.9000 0.0103
1012.2000 0.0104
1045.0000 0.0105
1058.7000 0.0106
1080.5000 0.0107
1085.2000 0.0108
1087.9000 0.0109
1092.1000 0.0110
1095.5000 0.0111
1096.6000 0.0113
1107.9000 0.0114
1112.3000 0.0115
1115.0000 0.0116
1120.0000 0.0117
1132.8000 0.0118
1148.6000 0.0119
1155.3000 0.0120
1157.4000 0.0121
1163.4000 0.0122
1171.5000 0.0123
1180.1000 0.0124
1182.2000 0.0125
1182.8000 0.0126
1199.0000 0.0127
1206.5000 0.0128
1209.1000 0.0129
1248.2000 0.0130
1253.8000 0.0131
1266.0000 0.0132
1273.1000 0.0133
1273.7000 0.0134
1278.5000 0.0135
1280.1000 0.0136
1300.7000 0.0138
1302.2000 0.0139
1305.2000 0.0140
1326.9000 0.0141
1333.2000 0.0142
1333.6000 0.0143
1342.4000 0.0144
1351.4000 0.0145
1360.7000 0.0146
1363.0000 0.0147
1370.7000 0.0148
1372.8000 0.0149
1375.0000 0.0150
1381.4000 0.0151
1414.0000 0.0152
1430.4000 0.0153
1432.4000 0.0154
1438.8000 0.0155
1469.9000 0.0156
1475.4000 0.0157
1499.7000 0.0158
1519.3000 0.0159
1521.3000 0.0160
1538.7000 0.0161
1538.8000 0.0163
1557.4000 0.0164
1560.4000 0.0165
1562.0000 0.0166
1563.0000 0.0167
1568.7000 0.0168
1595.6000 0.0169
1596.6000 0.0170
1598.6000 0.0171
1601.9000 0.0172
1621.6000 0.0173
1628.1000 0.0174
1637.9000 0.0175
1638.5000 0.0176
1640.7000 0.0177
1640.9000 0.0178
1643.6000 0.0179
1645.1000 0.0180
1649.5000 0.0181
1665.8000 0.0182
1680.9000 0.0183
1687.9000 0.0184
1703.3000 0.0185
1710.8000 0.0186
1713.6000 0.0188
1718.1000 0.0189
1719.8000 0.0190
1720.5000 0.0191
1724.6000 0.0192
1728.7000 0.0193
1739.0000 0.0194
1754.5000 0.0195
1756.7000 0.0196
1761.0000 0.0197
1766.0000 0.0198
1776.1000 0.0199
1777.1000 0.0200
1798.1000 0.0201
1806.2000 0.0202
1818.2000 0.0203
1824.6000 0.0204
1833.0000 0.0205
1833.3000 0.0206
1833.7000 0.0207
1834.3000 0.0208
1834.3000 0.0209
1834.4000 0.0210
1844.6000 0.0211
1851.4000 0.0212
1857.6000 0.0214
1862.5000 0.0215
1873.4000 0.0216
1886.7000 0.0217
1900.3000 0.0218
1908.1000 0.0219
1910.7000 0.0220
1923.8000 0.0221
1933.4000 0.0222
1938.1000 0.0223
1939.6000 0.0224
1948.3000 0.0225
1960.1000 0.0226
1975.6000 0.0227
1981.8000 0.0228
1982.7000 0.0229
1987.5000 0.0230
1990.2000 0.0231
1994.0000 0.0232
1998.1000 0.0233
2000.4000 0.0234
2002.8000 0.0235
2004.7000 0.0236
2006.3000 0.0237
2013.1000 0.0239
2017.9000 0.0240
2018.1000 0.0241
2019.1000 0.0242
2019.2000 0.0243
2031.9000 0.0244
2042.1000 0.0245
2058.0000 0.0246
2081.0000 0.0247
2088.5000 0.0248
2102.0000 0.0249
2108.8000 0.0250
2109.6000 0.0251
2128.0000 0.0252
2136.6000 0.0253
2137.9000 0.0254
2143.0000 0.0255
2148.9000 0.0256
2157.7000 0.0257
2160.7000 0.0258
2165.2000 0.0259
2172.2000 0.0260
2178.2000 0.0261
2183.6000 0.0262
2200.6000 0.0264
2230.7000 0.0265
2243.5000 0.0266
2247.3000 0.0267
2253.9000 0.0268
2255.7000 0.0269
2257.1000 0.0270
2315.2000 0.0271
2316.6000 0.0272
2318.5000 0.0273
2335.5000 0.0274
2336.1000 0.0275
2340.3000 0.0276
2351.6000 0.0277
2376.6000 0.0278
2379.5000 0.0279
2394.8000 0.0280
2395.7000 0.0281
2398.9000 0.0282
2403.7000 0.0283
2409.1000 0.0284
2413.4000 0.0285
2421.5000 0.0286
2435.6000 0.0287
2447.7000 0.0289
2450.1000 0.0290
2451.2000 0.0291
2453.8000 0.0292
2456.6000 0.0293
2460.1000 0.0294
2469.0000 0.0295
2472.6000 0.0296
2481.9000 0.0297
2501.7000 0.0298
2509.8000 0.0299
2515.1000 0.0300
2520.2000 0.0301
2533.1000 0.0302
2543.1000 0.0303
2548.3000 0.0304
2586.1000 0.0305
2597.1000 0.0306
2599.3000 0.0307
2601.3000 0.0308
2604.0000 0.0309
2614.2000 0.0310
2621.9000 0.0311
2627.3000 0.0312
2637.3000 0.0314
2643.2000 0.0315
2643.2000 0.0316
2656.4000 0.0317
2656.7000 0.0318
2657.4000 0.0319
2662.1000 0.0320
2667.8000 0.0321
2682.4000 0.0322
2694.4000 0.0323
2698.7000 0.0324
2701.3000 0.0325
2706.6000 0.0326
2709.9000 0.0327
2710.5000 0.0328
2728.2000 0.0329
2731.8000 0.0330
2733.6000 0.0331
2739.8000 0.0332
2745.1000 0.0333
2746.5000 0.0334
2749.5000 0.0335
2753.4000 0.0336
2754.9000 0.0337
2768.8000 0.0339
2780.0000 0.0340
2782.1000 0.0341
2783.0000 0.0342
2790.7000 0.0343
2802.1000 0.0344
2805.0000 0.0345
2805.4000 0.0346
2815.0000 0.0347
2819.5000 0.0348
2825.8000 0.0349
2834.5000 0.0350
2843.6000 0.0351
2845.6000 0.0352
2845.7000 0.0353
2846.3000 0.0354
2852.7000 0.0355
2853.0000 0.0356
2877.6000 0.0357
2879.7000 0.0358
2891.5000 0.0359
2909.0000 0.0360
2912.0000 0.0361
2918.1000 0.0362
2935.7000 0.0364
2975.3000 0.0365
2976.9000 0.0366
2985.2000 0.0367
2985.5000 0.0368
2987.1000 0.0369
3001.4000 0.0370
3005.3000 0.0371
3033.1000 0.0372
3033.3000 0.0373
3040.0000 0.0374
3043.5000 0.0375
3064.7000 0.0376
3068.5000 0.0377
3072.7000 0.0378
3110.7000 0.0379
3129.0000 0.0380
3143.3000 0.0381
3143.6000 0.0382
3145.4000 0.0383
3152.1000 0.0384
3156.8000 0.0385
3167.3000 0.0386
3183.2000 0.0388
3189.0000 0.0389
3220.0000 0.0390
3237.5000 0.0391
3240.5000 0.0392
3256.5000 0.0393
3271.4000 0.0394
3284.5000 0.0395
3295.4000 0.0396
3305.6000 0.0397
3307.1000 0.0398
3326.9000 0.0399
3362.4000 0.0400
3363.0000 0.0401
3365.2000 0.0402
3366.1000 0.0403
3368.0000 0.0404
3375.6000 0.0405
3383.6000 0.0406
3392.3000 0.0407
3399.7000 0.0408
3411.0000 0.0409
3414.2000 0.0410
3416.4000 0.0411
3419.7000 0.0413
3456.1000 0.0414
3460.7000 0.0415
3462.4000 0.0416
3491.2000 0.0417
3526.3000 0.0418
3527.2000 0.0419
3528.5000 0.0420
3531.8000 0.0421
3539.1000 0.0422
3547.6000 0.0423
3559.0000 0.0424
3567.9000 0.0425
3574.2000 0.0426
3595.8000 0.0427
3598.6000 0.0428
3600.2000 0.0429
3606.5000 0.0430
3610.0000 0.0431
3613.3000 0.0432
3625.1000 0.0433
3629.4000 0.0434
3642.1000 0.0435
3644.7000 0.0436
3646.4000 0.0438
3648.2000 0.0439
3650.9000 0.0440
3652.6000 0.0441
3656.4000 0.0442
3658.1000 0.0443
3670.6000 0.0444
3689.3000 0.0445
3691.7000 0.0446
3716.9000 0.0447
3719.3000 0.0448
3726.0000 0.0449
3733.3000 0.0450
3740.8000 0.0451
3751.7000 0.0452
3755.2000 0.0453
3760.3000 0.0454
3781.2000 0.0455
3783.5000 0.0456
3793.1000 0.0457
3810.1000 0.0458
3811.3000 0.0459
3819.1000 0.0460
3828.5000 0.0461
3853.0000 0.0463
3888.3000 0.0464
3893.1000 0.0465
3911.1000 0.0466
3925.1000 0.0467
3926.1000 0.0468
3928.5000 0.0469
3948.0000 0.0470
3967.7000 0.0471
3970.8000 0.0472
3985.8000 0.0473
3991.7000 0.0474
4004.4000 0.0475
4006.1000 0.0476
4012.5000 0.0477
4014.7000 0.0478
4015.8000 0.0479
4016.5000 0.0480
4021.7000 0.0481
4022.6000 0.0482
4026.1000 0.0483
4026.7000 0.0484
4052.7000 0.0485
4058.7000 0.0486
4065.5000 0.0488
4081.6000 0.0489
4081.9000 0.0490
4087.2000 0.0491
4091.6000 0.0492
4093.7000 0.0493
4106.7000 0.0494
4112.9000 0.0495
4115.0000 0.0496
4126.7000 0.0497
4164.1000 0.0498
4182.1000 0.0499
4188.5000 0.0500
4197.8000 0.0501
4200.4000 0.0502
4203.0000 0.0503
4214.3000 0.0504
4216.1000 0.0505
4249.0000 0.0506
4250.2000 0.0507
4253.2000 0.0508
4255.9000 0.0509
4257.0000 0.0510
4262.0000 0.0511
4276.9000 0.0513
4281.7000 0.0514
4285.4000 0.0515
4293.1000 0.0516
4302.4000 0.0517
4302.5000 0.0518
4314.5000 0.0519
4326.5000 0.0520
4342.4000 0.0521
4352.6000 0.0522
4367.7000 0.0523
4385.3000 0.0524
4396.3000 0.0525
4412.1000 0.0526
4417.9000 0.0527
4419.6000 0.0528
4420.1000 0.0529
4420.9000 0.0530
4427.4000 0.0531
4437.5000 0.0532
4443.1000 0.0533
4463.4000 0.0534
4466.0000 0.0535
4475.7000 0.0536
4477.9000 0.0538
4489.3000 0.0539
4497.2000 0.0540
4508.2000 0.0541
4523.0000 0.0542
4531.1000 0.0543
4532.7000 0.0544
4538.4000 0.0545
4543.4000 0.0546
4546.7000 0.0547
4552.1000 0.0548
4560.9000 0.0549
4565.4000 0.0550
4568.9000 0.0551
4595.2000 0.0552
4615.6000 0.0553
4619.5000 0.0554
4621.2000 0.0555
4623.2000 0.0556
4636.1000 0.0557
4639.0000 0.0558
4653.3000 0.0559
4678.5000 0.0560
4682.7000 0.0561
4686.7000 0.0563
4688.6000 0.0564
4697.9000 0.0565
4700.1000 0.0566
4709.1000 0.0567
4709.2000 0.0568
4710.2000 0.0569
4712.8000 0.0570
4718.4000 0.0571
4720.7000 0.0572
4744.1000 0.0573
4751.8000 0.0574
4752.1000 0.0575
4752.2000 0.0576
4784.3000 0.0577
4786.4000 0.0578
4791.0000 0.0579
4798.1000 0.0580
4830.8000 0.0581
4836.6000 0.0582
4893.0000 0.0583
4912.1000 0.0584
4949.6000 0.0585
4957.8000 0.0586
4986.1000 0.0588
4998.1000 0.0589
5001.9000 0.0590
5004.9000 0.0591
5032.2000 0.0592
5034.4000 0.0593
5040.9000 0.0594
5043.1000 0.0595
5056.2000 0.0596
5088.1000 0.0597
5101.7000 0.0598
5108.2000 0.0599
5131.0000 0.0600
5135.9000 0.0601
5139.0000 0.0602
5147.1000 0.0603
5150.1000 0.0604
5150.3000 0.0605
5154.5000 0.0606
5168.1000 0.0607
5169.7000 0.0608
5183.7000 0.0609
5189.2000 0.0610
5224.7000 0.0611
5232.8000 0.0613
5247.3000 0.0614
5256.4000 0.0615
5263.6000 0.0616
5263.6000 0.0617
5263.9000 0.0618
5268.0000 0.0619
5296.3000 0.0620
5310.7000 0.0621
5317.5000 0.0622
5317.5000 0.0623
5325.2000 0.0624
5361.0000 0.0625
5364.6000 0.0626
5368.3000 0.0627
5368.6000 0.0628
5374.2000 0.0629
5374.7000 0.0630
5418.1000 0.0631
5440.8000 0.0632
5462.3000 0.0633
5468.6000 0.0634
5488.9000 0.0635
5495.7000 0.0636
5514.0000 0.0638
5527.0000 0.0639
5528.8000 0.0640
5530.4000 0.0641
5556.0000 0.0642
5582.5000 0.0643
5593.4000 0.0644
5626.9000 0.0645
5646.2000 0.0646
5647.6000 0.0647
5648.0000 0.0648
5651.0000 0.0649
5662.1000 0.0650
5686.4000 0.0651
5689.5000 0.0652
5692.8000 0.0653
5722.7000 0.0654
5749.8000 0.0655
5778.2000 0.0656
5789.0000 0.0657
5814.3000 0.0658
5819.3000 0.0659
5831.9000 0.0660
5833.1000 0.0661
5842.1000 0.0663
5846.1000 0.0664
5852.2000 0.0665
5857.4000 0.0666
5882.8000 0.0667
5886.9000 0.0668
5887.0000 0.0669
5896.6000 0.0670
5919.1000 0.0671
5922.0000 0.0672
5924.9000 0.0673
5943.0000 0.0674
5973.2000 0.0675
5991.7000 0.0676
6007.1000 0.0677
6063.2000 0.0678
6089.0000 0.0679
6100.3000 0.0680
6112.0000 0.0681
6113.5000 0.0682
6163.4000 0.0683
6165.2000 0.0684
6177.3000 0.0685
6189.2000 0.0686
6189.4000 0.0688
6218.5000 0.0689
6241.8000 0.0690
6244.1000 0.0691
6261.8000 0.0692
6275.0000 0.0693
6299.6000 0.0694
6307.8000 0.0695
6311.4000 0.0696
6320.5000 0.0697
6345.7000 0.0698
6356.1000 0.0699
6358.8000 0.0700
6369.0000 0.0701
6372.3000 0.0702
6387.6000 0.0703
6388.1000 0.0704
6400.2000 0.0705
6407.9000 0.0706
6421.7000 0.0707
6432.9000 0.0708
6438.9000 0.0709
6446.6000 0.0710
6465.1000 0.0711
6465.3000 0.0713
6497.3000 0.0714
6507.2000 0.0715
6519.6000 0.0716
6530.0000 0.0717
6536.2000 0.0718
6582.3000 0.0719
6592.4000 0.0720
6597.6000 0.0721
6599.6000 0.0722
6616.7000 0.0723
6626.0000 0.0724
6633.5000 0.0725
6645.2000 0.0726
6662.7000 0.0727
6679.0000 0.0728
6705.3000 0.0729
6707.5000 0.0730
6708.7000 0.0731
6711.5000 0.0732
6716.4000 0.0733
6722.8000 0.0734
6725.3000 0.0735
6728.2000 0.0736
6734.0000 0.0738
6734.5000 0.0739
6773.0000 0.0740
6786.9000 0.0741
6790.8000 0.0742
6819.4000 0.0743
6830.6000 0.0744
6830.9000 0.0745
6833.1000 0.0746
6838.4000 0.0747
6841.3000 0.0748
6862.4000 0.0749
6885.2000 0.0750
6888.5000 0.0751
6892.6000 0.0752
6904.7000 0.0753
6914.3000 0.0754
6941.8000 0.0755
6944.6000 0.0756
6956.7000 0.0757
6968.8000 0.0758
6978.8000 0.0759
6993.4000 0.0760
6998.7000 0.0761
7000.7000 0.0763
7005.2000 0.0764
7010.7000 0.0765
7011.7000 0.0766
7015.0000 0.0767
7023.3000 0.0768
7024.1000 0.0769
7032.3000 0.0770
7040.9000 0.0771
7071.0000 0.0772
7082.2000 0.0773
7096.3000 0.0774
7109.0000 0.0775
7126.4000 0.0776
7141.9000 0.0777
7147.7000 0.0778
7150.9000 0.0779
7162.0000 0.0780
7192.7000 0.0781
7197.7000 0.0782
7217.1000 0.0783
7222.1000 0.0784
7222.9000 0.0785
7225.0000 0.0786
7230.6000 0.0788
7251.0000 0.0789
7285.2000 0.0790
7306.7000 0.0791
7315.7000 0.0792
7320.7000 0.0793
7345.3000 0.0794
7355.1000 0.0795
7387.2000 0.0796
7394.6000 0.0797
7415.3000 0.0798
7419.3000 0.0799
7434.1000 0.0800
7434.6000 0.0801
7441.2000 0.0802
7452.8000 0.0803
7463.4000 0.0804
7478.8000 0.0805
7483.9000 0.0806
7485.3000 0.0807
7508.8000 0.0808
7516.9000 0.0809
7539.3000 0.0810
7540.0000 0.0811
7566.4000 0.0813
7573.6000 0.0814
7594.0000 0.0815
7600.0000 0.0816
7612.9000 0.0817
7623.0000 0.0818
7645.0000 0.0819
7651.2000 0.0820
7660.3000 0.0821
7663.2000 0.0822
7670.4000 0.0823
7692.8000 0.0824
7704.4000 0.0825
7728.9000 0.0826
7736.6000 0.0827
7739.7000 0.0828
7752.6000 0.0829
7759.4000 0.0830
7831.7000 0.0831
7831.9000 0.0832
7838.7000 0.0833
7851.0000 0.0834
7855.8000 0.0835
7874.5000 0.0836
7879.8000 0.0838
7883.3000 0.0839
7921.2000 0.0840
7949.9000 0.0841
7983.8000 0.0842
7995.0000 0.0843
7996.3000 0.0844
8007.3000 0.0845
8023.9000 0.0846
8051.4000 0.0847
8068.0000 0.0848
8079.8000 0.0849
8128.6000 0.0850
8159.2000 0.0851
8159.6000 0.0852
8162.6000 0.0853
8209.0000 0.0854
8221.6000 0.0855
8239.6000 0.0856
8250.0000 0.0857
8256.5000 0.0858
8257.6000 0.0859
8291.2000 0.0860
8306.9000 0.0861
8315.2000 0.0863
8319.1000 0.0864
8319.4000 0.0865
8344.6000 0.0866
8359.1000 0.0867
8379.5000 0.0868
8390.5000 0.0869
8408.8000 0.0870
8434.3000 0.0871
8434.8000 0.0872
8438.0000 0.0873
8446.7000 0.0874
8465.4000 0.0875
8467.1000 0.0876
8474.3000 0.0877
8489.4000 0.0878
8544.6000 0.0879
8566.4000 0.0880
8614.1000 0.0881
8622.4000 0.0882
8668.0000 0.0883
8705.3000 0.0884
8706.8000 0.0885
8707.0000 0.0886
8726.6000 0.0888
8769.5000 0.0889
8775.9000 0.0890
8786.7000 0.0891
8787.6000 0.0892
8806.4000 0.0893
8818.4000 0.0894
8825.0000 0.0895
8875.5000 0.0896
8921.0000 0.0897
8958.2000 0.0898
8967.2000 0.0899
8972.1000 0.0900
8985.8000 0.0901
8997.6000 0.0902
8999.0000 0.0903
9025.0000 0.0904
9028.5000 0.0905
9052.6000 0.0906
9065.7000 0.0907
9075.4000 0.0908
9076.1000 0.0909
9093.7000 0.0910
9119.8000 0.0911
9123.3000 0.0913
9124.0000 0.0914
9137.8000 0.0915
9145.0000 0.0916
9153.9000 0.0917
9162.6000 0.0918
9165.8000 0.0919
9166.2000 0.0920
9166.3000 0.0921
9171.9000 0.0922
9176.0000 0.0923
9190.8000 0.0924
9227.4000 0.0925
9229.2000 0.0926
9264.2000 0.0927
9265.2000 0.0928
9277.4000 0.0929
9294.8000 0.0930
9312.6000 0.0931
9314.6000 0.0932
9332.5000 0.0933
9355.0000 0.0934
9357.0000 0.0935
9366.2000 0.0936
9388.5000 0.0938
9409.7000 0.0939
9428.8000 0.0940
9488.4000 0.0941
9492.9000 0.0942
9556.8000 0.0943
9562.4000 0.0944
9572.0000 0.0945
9583.1000 0.0946
9583.9000 0.0947
9589.3000 0.0948
9593.5000 0.0949
9597.2000 0.0950
9605.8000 0.0951
9614.5000 0.0952
9621.5000 0.0953
9667.2000 0.0954
9676.8000 0.0955
9679.4000 0.0956
9682.6000 0.0957
9701.2000 0.0958
9704.3000 0.0959
9704.3000 0.0960
9706.5000 0.0961
9718.3000 0.0963
9719.3000 0.0964
9723.3000 0.0965
9751.1000 0.0966
9775.6000 0.0967
9779.2000 0.0968
9788.6000 0.0969
9803.8000 0.0970
9814.0000 0.0971
9838.1000 0.0972
9845.5000 0.0973
9878.4000 0.0974
9882.7000 0.0975
9905.7000 0.0976
9929.2000 0.0977
9940.9000 0.0978
9949.9000 0.0979
9953.3000 0.0980
9958.1000 0.0981
9967.2000 0.0982
9991.3000 0.0983
10039.2000 0.0984
10063.5000 0.0985
10110.4000 0.0986
10114.8000 0.0988
10123.5000 0.0989
10151.4000 0.0990
10163.0000 0.0991
10176.2000 0.0992
10176.4000 0.0993
10216.5000 0.0994
10240.2000 0.0995
10242.5000 0.0996
10252.8000 0.0997
10257.8000 0.0998
10259.2000 0.0999
10287.3000 0.1000
10294.4000 0.1001
10303.8000 0.1002
10307.7000 0.1003
10315.1000 0.1004
10333.8000 0.1005
10335.2000 0.1006
10337.3000 0.1007
10338.0000 0.1008
10340.3000 0.1009
10346.0000 0.1010
10374.1000 0.1011
10385.9000 0.1013
10390.5000 0.1014
10391.3000 0.1015
10409.3000 0.1016
10429.6000 0.1017
10448.9000 0.1018
10457.1000 0.1019
10459.4000 0.1020
10473.0000 0.1021
10482.2000 0.1022
10486.0000 0.1023
10486.7000 0.1024
10516.5000 0.1025
10528.8000 0.1026
10537.1000 0.1027
10545.2000 0.1028
10551.2000 0.1029
10586.4000 0.1030
10604.4000 0.1031
10607.6000 0.1032
10611.5000 0.1033
10627.7000 0.1034
10641.2000 0.1035
10645.0000 0.1036
10650.7000 0.1038
10658.0000 0.1039
10661.5000 0.1040
10673.9000 0.1041
10700.5000 0.1042
10745.4000 0.1043
10751.8000 0.1044
10764.4000 0.1045
10781.8000 0.1046
10786.4000 0.1047
10787.2000 0.1048
10798.4000 0.1049
10822.6000 0.1050
10826.7000 0.1051
10845.2000 0.1052
10879.2000 0.1053
10881.3000 0.1054
10896.4000 0.1055
10917.8000 0.1056
10928.9000 0.1057
10972.6000 0.1058
10987.4000 0.1059
11017.8000 0.1060
11092.3000 0.1061
11127.3000 0.1063
11141.8000 0.1064
11164.1000 0.1065
11168.2000 0.1066
11176.7000 0.1067
11186.4000 0.1068
11190.2000 0.1069
11198.8000 0.1070
11201.8000 0.1071
11202.3000 0.1072
11206.9000 0.1073
11236.6000 0.1074
11237.6000 0.1075
11253.2000 0.1076
11264.9000 0.1077
11277.5000 0.1078
11291.7000 0.1079
11340.9000 0.1080
11341.9000 0.1081
11344.8000 0.1082
11382.8000 0.1083
11388.2000 0.1084
11397.5000 0.1085
11408.5000 0.1086
11455.0000 0.1088
11488.5000 0.1089
11533.9000 0.1090
11535.1000 0.1091
11535.6000 0.1092
11549.4000 0.1093
11557.7000 0.1094
11568.9000 0.1095
11601.2000 0.1096
11602.4000 0.1097
11633.1000 0.1098
11657.6000 0.1099
11667.5000 0.1100
11670.9000 0.1101
11724.2000 0.1102
11760.2000 0.1103
11798.2000 0.1104
11800.9000 0.1105
11808.0000 0.1106
11816.5000 0.1107
11822.8000 0.1108
11823.5000 0.1109
11827.0000 0.1110
11828.0000 0.1111
11861.9000 0.1113
11888.5000 0.1114
11917.3000 0.1115
11927.8000 0.1116
11931.5000 0.1117
11934.8000 0.1118
11946.4000 0.1119
12001.6000 0.1120
12029.4000 0.1121
12086.8000 0.1122
12101.2000 0.1123
12113.8000 0.1124
12123.8000 0.1125
12131.9000 0.1126
12149.3000 0.1127
12157.0000 0.1128
12162.8000 0.1129
12199.3000 0.1130
12205.7000 0.1131
12211.7000 0.1132
12232.0000 0.1133
12238.9000 0.1134
12296.7000 0.1135
12331.3000 0.1136
12334.1000 0.1138
12340.2000 0.1139
12351.0000 0.1140
12361.4000 0.1141
12365.0000 0.1142
12369.9000 0.1143
12385.5000 0.1144
12386.7000 0.1145
12389.8000 0.1146
12402.0000 0.1147
12444.4000 0.1148
12468.7000 0.1149
12477.6000 0.1150
12494.9000 0.1151
12514.2000 0.1152
12545.3000 0.1153
12549.0000 0.1154
12553.3000 0.1155
12557.6000 0.1156
12587.5000 0.1157
12587.9000 0.1158
12621.7000 0.1159
12635.5000 0.1160
12694.5000 0.1161
12695.2000 0.1163
12696.4000 0.1164
12701.0000 0.1165
12705.2000 0.1166
12739.0000 0.1167
12739.2000 0.1168
12745.0000 0.1169
12835.3000 0.1170
12849.4000 0.1171
12909.9000 0.1172
12912.9000 0.1173
12931.1000 0.1174
12936.6000 0.1175
12955.0000 0.1176
12958.9000 0.1177
12960.3000 0.1178
12965.6000 0.1179
12966.5000 0.1180
12991.3000 0.1181
13018.3000 0.1182
13040.4000 0.1183
13062.1000 0.1184
13063.6000 0.1185
13065.3000 0.1186
13114.4000 0.1188
13136.8000 0.1189
13162.2000 0.1190
13200.0000 0.1191
13211.0000 0.1192
13215.2000 0.1193
13215.5000 0.1194
13220.0000 0.1195
13232.2000 0.1196
13264.4000 0.1197
13283.7000 0.1198
13284.3000 0.1199
13292.4000 0.1200
13295.0000 0.1201
13298.5000 0.1202
13302.0000 0.1203
13311.4000 0.1204
13355.9000 0.1205
13360.2000 0.1206
13367.7000 0.1207
13370.7000 0.1208
13392.3000 0.1209
13405.1000 0.1210
13410.1000 0.1211
13435.8000 0.1213
13463.6000 0.1214
13474.6000 0.1215
13492.6000 0.1216
13538.7000 0.1217
13582.4000 0.1218
13591.6000 0.1219
13598.8000 0.1220
13621.3000 0.1221
13666.0000 0.1222
13674.7000 0.1223
13679.9000 0.1224
13700.2000 0.1225
13706.6000 0.1226
13725.3000 0.1227
13734.1000 0.1228
13791.0000 0.1229
13802.2000 0.1230
13831.0000 0.1231
13844.4000 0.1232
13848.9000 0.1233
13861.3000 0.1234
13891.2000 0.1235
13909.3000 0.1236
13927.1000 0.1238
13945.0000 0.1239
13999.2000 0.1240
14003.2000 0.1241
14017.4000 0.1242
14018.1000 0.1243
14031.9000 0.1244
14041.0000 0.1245
14043.4000 0.1246
14088.7000 0.1247
14128.4000 0.1248
14158.7000 0.1249
14178.9000 0.1250
14202.9000 0.1251
14208.8000 0.1252
14219.5000 0.1253
14234.9000 0.1254
14275.8000 0.1255
14318.0000 0.1256
14322.3000 0.1257
14362.2000 0.1258
14367.6000 0.1259
14376.1000 0.1260
14386.4000 0.1261
14416.1000 0.1263
14417.7000 0.1264
14429.1000 0.1265
14431.9000 0.1266
14446.0000 0.1267
14475.9000 0.1268
14503.4000 0.1269
14520.1000 0.1270
14541.2000 0.1271
14543.8000 0.1272
14557.6000 0.1273
14557.9000 0.1274
14571.9000 0.1275
14579.5000 0.1276
14621.1000 0.1277
14631.4000 0.1278
14633.0000 0.1279
14652.2000 0.1280
14656.0000 0.1281
14659.2000 0.1282
14665.9000 0.1283
14685.2000 0.1284
14697.8000 0.1285
14734.2000 0.1286
14734.7000 0.1288
14752.9000 0.1289
14762.3000 0.1290
14777.7000 0.1291
14803.5000 0.1292
14808.7000 0.1293
14813.4000 0.1294
14813.9000 0.1295
14815.6000 0.1296
14838.4000 0.1297
14840.6000 0.1298
14852.6000 0.1299
14855.8000 0.1300
14862.7000 0.1301
14868.6000 0.1302
14868.8000 0.1303
14887.7000 0.1304
14912.9000 0.1305
14927.2000 0.1306
14941.0000 0.1307
14959.0000 0.1308
14973.2000 0.1309
14981.3000 0.1310
14988.0000 0.1311
15030.5000 0.1313
15039.7000 0.1314
15085.2000 0.1315
15103.0000 0.1316
15107.4000 0.1317
15117.0000 0.1318
15121.4000 0.1319
15141.0000 0.1320
15161.1000 0.1321
15163.3000 0.1322
15174.2000 0.1323
15203.7000 0.1324
15213.4000 0.1325
15231.2000 0.1326
15269.9000 0.1327
15306.2000 0.1328
15317.7000 0.1329
15318.5000 0.1330
15362.2000 0.1331
15365.1000 0.1332
15368.9000 0.1333
15380.2000 0.1334
15432.0000 0.1335
15471.2000 0.1336
15492.4000 0.1338
15525.2000 0.1339
15537.5000 0.1340
15546.1000 0.1341
15574.2000 0.1342
15657.6000 0.1343
15677.2000 0.1344
15678.8000 0.1345
15715.3000 0.1346
15726.4000 0.1347
15739.9000 0.1348
15749.1000 0.1349
15769.3000 0.1350
15770.8000 0.1351
15819.4000 0.1352
15823.3000 0.1353
15838.9000 0.1354
15847.7000 0.1355
15853.3000 0.1356
15855.2000 0.1357
15865.2000 0.1358
15865.5000 0.1359
15872.1000 0.1360
15884.5000 0.1361
15902.4000 0.1363
15922.2000 0.1364
15925.3000 0.1365
15940.1000 0.1366
15940.5000 0.1367
15981.7000 0.1368
15997.7000 0.1369
16014.4000 0.1370
16035.7000 0.1371
16042.0000 0.1372
16044.9000 0.1373
16045.6000 0.1374
16061.3000 0.1375
16080.0000 0.1376
16093.3000 0.1377
16105.0000 0.1378
16126.3000 0.1379
16141.9000 0.1380
16188.2000 0.1381
16197.4000 0.1382
16200.7000 0.1383
16203.8000 0.1384
16211.9000 0.1385
16216.4000 0.1386
16238.3000 0.1388
16250.7000 0.1389
16251.1000 0.1390
16253.1000 0.1391
16263.1000 0.1392
16279.2000 0.1393
16329.8000 0.1394
16338.4000 0.1395
16347.7000 0.1396
16374.4000 0.1397
16386.9000 0.1398
16394.0000 0.1399
16413.2000 0.1400
16414.4000 0.1401
16425.9000 0.1402
16431.8000 0.1403
16440.6000 0.1404
16441.6000 0.1405
16450.5000 0.1406
16498.5000 0.1407
16500.8000 0.1408
16524.7000 0.1409
16549.6000 0.1410
16566.5000 0.1411
16569.3000 0.1413
16591.4000 0.1414
16601.0000 0.1415
16602.2000 0.1416
16625.0000 0.1417
16638.6000 0.1418
16648.3000 0.1419
16670.6000 0.1420
16676.9000 0.1421
16695.8000 0.1422
16697.5000 0.1423
16709.1000 0.1424
16717.9000 0.1425
16751.7000 0.1426
16769.8000 0.1427
16785.8000 0.1428
16820.0000 0.1429
16822.2000 0.1430
16832.9000 0.1431
16855.9000 0.1432
16865.6000 0.1433
16876.8000 0.1434
16905.5000 0.1435
16917.7000 0.1436
16925.2000 0.1437
16954.7000 0.1439
16955.3000 0.1440
16965.3000 0.1441
16968.4000 0.1442
16974.2000 0.1443
16990.0000 0.1444
16991.0000 0.1445
16994.8000 0.1446
17007.1000 0.1447
17012.9000 0.1448
17031.9000 0.1449
17035.9000 0.1450
17105.0000 0.1451
17109.1000 0.1452
17124.6000 0.1453
17148.2000 0.1454
17159.9000 0.1455
17200.2000 0.1456
17203.6000 0.1457
17208.6000 0.1458
17219.9000 0.1459
17341.6000 0.1460
17350.5000 0.1461
17355.7000 0.1462
17390.3000 0.1464
17396.5000 0.1465
17399.7000 0.1466
17406.6000 0.1467
17423.0000 0.1468
17424.7000 0.1469
17435.6000 0.1470
17463.9000 0.1471
17486.1000 0.1472
17502.7000 0.1473
17510.6000 0.1474
17516.0000 0.1475
17516.1000 0.1476
17529.2000 0.1477
17565.2000 0.1478
17579.5000 0.1479
17586.6000 0.1480
17599.2000 0.1481
17629.7000 0.1482
17636.0000 0.1483
17655.9000 0.1484
17666.2000 0.1485
17710.1000 0.1486
17721.8000 0.1487
17731.0000 0.1489
17754.1000 0.1490
17788.1000 0.1491
17793.5000 0.1492
17831.5000 0.1493
17834.7000 0.1494
17835.3000 0.1495
17837.5000 0.1496
17845.1000 0.1497
17850.7000 0.1498
17874.6000 0.1499
17888.5000 0.1500
17919.5000 0.1501
17974.6000 0.1502
18001.4000 0.1503
18007.6000 0.1504
18026.4000 0.1505
18031.1000 0.1506
18040.2000 0.1507
18043.0000 0.1508
18044.7000 0.1509
18052.1000 0.1510
18052.3000 0.1511
18064.2000 0.1512
18066.5000 0.1514
18078.4000 0.1515
18079.1000 0.1516
18091.7000 0.1517
18097.2000 0.1518
18100.2000 0.1519
18148.0000 0.1520
18165.5000 0.1521
18169.9000 0.1522
18175.0000 0.1523
18185.6000 0.1524
18202.0000 0.1525
18204.6000 0.1526
18209.1000 0.1527
18252.9000 0.1528
18273.4000 0.1529
18273.7000 0.1530
18302.0000 0.1531
18324.2000 0.1532
18336.6000 0.1533
18344.5000 0.1534
18358.5000 0.1535
18366.2000 0.1536
18384.9000 0.1537
18434.7000 0.1539
18454.8000 0.1540
18466.4000 0.1541
18468.8000 0.1542
18473.9000 0.1543
18486.2000 0.1544
18486.7000 0.1545
18494.5000 0.1546
18494.7000 0.1547
18498.5000 0.1548
18526.0000 0.1549
18526.7000 0.1550
18535.6000 0.1551
18547.0000 0.1552
18548.6000 0.1553
18550.6000 0.1554
18554.5000 0.1555
18560.7000 0.1556
18571.6000 0.1557
18574.2000 0.1558
18596.8000 0.1559
18616.3000 0.1560
18653.8000 0.1561
18658.0000 0.1562
18659.8000 0.1564
18664.0000 0.1565
18664.2000 0.1566
18672.1000 0.1567
18697.1000 0.1568
18720.9000 0.1569
18764.2000 0.1570
18779.8000 0.1571
18782.5000 0.1572
18788.4000 0.1573
18804.2000 0.1574
18815.4000 0.1575
18845.6000 0.1576
18852.6000 0.1577
18861.2000 0.1578
18875.2000 0.1579
18883.6000 0.1580
18884.6000 0.1581
18889.6000 0.1582
18890.1000 0.1583
18932.4000 0.1584
18935.5000 0.1585
18945.5000 0.1586
18956.8000 0.1587
18980.3000 0.1589
18984.3000 0.1590
18986.2000 0.1591
18995.0000 0.1592
18997.7000 0.1593
19004.8000 0.1594
19010.8000 0.1595
19026.4000 0.1596
19034.3000 0.1597
19071.1000 0.1598
19079.8000 0.1599
19085.9000 0.1600
19101.0000 0.1601
19106.9000 0.1602
19110.6000 0.1603
19119.2000 0.1604
19123.5000 0.1605
19128.0000 0.1606
19148.4000 0.1607
19166.3000 0.1608
19179.3000 0.1609
19234.0000 0.1610
19242.9000 0.1611
19248.2000 0.1612
19257.7000 0.1614
19270.1000 0.1615
19297.7000 0.1616
19310.5000 0.1617
19320.1000 0.1618
19321.9000 0.1619
19363.9000 0.1620
19389.2000 0.1621
19400.0000 0.1622
19402.4000 0.1623
19439.9000 0.1624
19469.3000 0.1625
19485.9000 0.1626
19489.5000 0.1627
19495.0000 0.1628
19496.1000 0.1629
19534.9000 0.1630
19540.5000 0.1631
19576.7000 0.1632
19583.8000 0.1633
19612.7000 0.1634
19619.3000 0.1635
19630.6000 0.1636
19633.4000 0.1637
19643.2000 0.1639
19666.9000 0.1640
19674.3000 0.1641
19676.5000 0.1642
19680.6000 0.1643
19689.2000 0.1644
19695.3000 0.1645
19708.8000 0.1646
19719.2000 0.1647
19726.1000 0.1648
19727.7000 0.1649
19733.9000 0.1650
19761.4000 0.1651
19786.5000 0.1652
19786.6000 0.1653
19790.0000 0.1654
19793.8000 0.1655
19794.2000 0.1656
19797.0000 0.1657
19812.8000 0.1658
19816.7000 0.1659
19828.2000 0.1660
19835.4000 0.1661
19845.7000 0.1662
19852.9000 0.1664
19854.8000 0.1665
19869.8000 0.1666
19897.3000 0.1667
19902.7000 0.1668
19908.7000 0.1669
19928.2000 0.1670
19930.0000 0.1671
19947.7000 0.1672
19966.4000 0.1673
19977.8000 0.1674
19981.0000 0.1675
20015.0000 0.1676
20026.2000 0.1677
20026.5000 0.1678
20041.3000 0.1679
20050.6000 0.1680
20064.2000 0.1681
20104.4000 0.1682
20106.9000 0.1683
20112.4000 0.1684
20114.8000 0.1685
20119.7000 0.1686
20123.3000 0.1687
20127.2000 0.1689
20133.8000 0.1690
20150.6000 0.1691
20156.2000 0.1692
20160.7000 0.1693
20191.8000 0.1694
20196.7000 0.1695
20199.0000 0.1696
20242.0000 0.1697
20243.6000 0.1698
20277.8000 0.1699
20285.2000 0.1700
20289.5000 0.1701
20314.9000 0.1702
20361.0000 0.1703
20367.9000 0.1704
20405.2000 0.1705
20406.8000 0.1706
20432.4000 0.1707
20447.7000 0.1708
20469.3000 0.1709
20499.3000 0.1710
20508.3000 0.1711
20516.0000 0.1712
20532.8000 0.1714
20537.8000 0.1715
20540.1000 0.1716
20554.1000 0.1717
20561.5000 0.1718
20567.3000 0.1719
20603.3000 0.1720
20615.4000 0.1721
20617.8000 0.1722
20631.8000 0.1723
20654.8000 0.1724
20656.1000 0.1725
20668.8000 0.1726
20671.4000 0.1727
20682.9000 0.1728
20714.9000 0.1729
20787.7000 0.1730
20807.5000 0.1731
20828.3000 0.1732
20834.5000 0.1733
20841.0000 0.1734
20844.8000 0.1735
20851.0000 0.1736
20909.6000 0.1737
20913.3000 0.1739
20922.7000 0.1740
20929.1000 0.1741
20932.5000 0.1742
20938.4000 0.1743
20945.3000 0.1744
20963.9000 0.1745
20985.2000 0.1746
20988.2000 0.1747
20999.9000 0.1748
21021.4000 0.1749
21023.1000 0.1750
21037.0000 0.1751
21038.9000 0.1752
21077.9000 0.1753
21088.7000 0.1754
21108.2000 0.1755
21115.8000 0.1756
21157.6000 0.1757
21175.8000 0.1758
21185.2000 0.1759
21190.7000 0.1760
21196.4000 0.1761
21203.7000 0.1762
21217.9000 0.1764
21241.6000 0.1765
21253.5000 0.1766
21265.0000 0.1767
21266.7000 0.1768
21269.0000 0.1769
21283.5000 0.1770
21284.1000 0.1771
21292.2000 0.1772
21300.5000 0.1773
21303.2000 0.1774
21306.2000 0.1775
21309.2000 0.1776
21311.6000 0.1777
21323.0000 0.1778
21337.4000 0.1779
21338.5000 0.1780
21339.1000 0.1781
21378.1000 0.1782
21378.3000 0.1783
21382.2000 0.1784
21386.8000 0.1785
21416.7000 0.1786
21425.9000 0.1787
21435.0000 0.1789
21448.0000 0.1790
21466.9000 0.1791
21474.7000 0.1792
21484.1000 0.1793
21487.1000 0.1794
21493.2000 0.1795
21497.4000 0.1796
21502.7000 0.1797
21509.5000 0.1798
21547.0000 0.1799
21547.2000 0.1800
21547.8000 0.1801
21573.1000 0.1802
21601.1000 0.1803
21621.3000 0.1804
21626.4000 0.1805
21629.8000 0.1806
21637.0000 0.1807
21643.2000 0.1808
21663.4000 0.1809
21664.2000 0.1810
21671.4000 0.1811
21690.2000 0.1812
21698.1000 0.1814
21702.5000 0.1815
21740.1000 0.1816
21744.3000 0.1817
21757.4000 0.1818
21764.9000 0.1819
21765.9000 0.1820
21768.2000 0.1821
21803.6000 0.1822
21810.0000 0.1823
21814.5000 0.1824
21826.6000 0.1825
21857.8000 0.1826
21859.8000 0.1827
21870.7000 0.1828
21912.1000 0.1829
21975.3000 0.1830
21993.5000 0.1831
22007.6000 0.1832
22015.0000 0.1833
22016.7000 0.1834
22022.2000 0.1835
22027.7000 0.1836
22040.3000 0.1837
22041.1000 0.1839
22054.0000 0.1840
22059.2000 0.1841
22060.8000 0.1842
22098.9000 0.1843
22107.0000 0.1844
22162.2000 0.1845
22165.7000 0.1846
22178.0000 0.1847
22185.9000 0.1848
22195.3000 0.1849
22214.1000 0.1850
22215.5000 0.1851
22217.5000 0.1852
22221.8000 0.1853
22233.5000 0.1854
22260.3000 0.1855
22263.2000 0.1856
22265.3000 0.1857
22265.4000 0.1858
22306.1000 0.1859
22320.2000 0.1860
22332.9000 0.1861
22340.1000 0.1862
22369.8000 0.1864
22378.0000 0.1865
22390.8000 0.1866
22419.6000 0.1867
22460.5000 0.1868
22476.6000 0.1869
22498.8000 0.1870
22518.9000 0.1871
22521.9000 0.1872
22522.5000 0.1873
22525.2000 0.1874
22533.6000 0.1875
22592.9000 0.1876
22595.7000 0.1877
22598.9000 0.1878
22617.1000 0.1879
22617.1000 0.1880
22643.6000 0.1881
22645.2000 0.1882
22665.2000 0.1883
22674.3000 0.1884
22682.3000 0.1885
22685.1000 0.1886
22727.2000 0.1887
22735.9000 0.1889
22743.1000 0.1890
22764.5000 0.1891
22788.5000 0.1892
22792.3000 0.1893
22797.3000 0.1894
22799.0000 0.1895
22814.1000 0.1896
22823.9000 0.1897
22832.4000 0.1898
22840.7000 0.1899
22890.1000 0.1900
22915.5000 0.1901
22919.0000 0.1902
22926.7000 0.1903
22935.2000 0.1904
22944.7000 0.1905
22958.1000 0.1906
22974.5000 0.1907
22974.7000 0.1908
22985.6000 0.1909
22997.6000 0.1910
23003.1000 0.1911
23010.9000 0.1912
23016.1000 0.1914
23022.4000 0.1915
23046.2000 0.1916
23047.9000 0.1917
23064.2000 0.1918
23067.1000 0.1919
23075.0000 0.1920
23105.7000 0.1921
23149.3000 0.1922
23224.9000 0.1923
23235.3000 0.1924
23238.2000 0.1925
23244.0000 0.1926
23250.7000 0.1927
23251.4000 0.1928
23251.5000 0.1929
23251.6000 0.1930
23265.3000 0.1931
23269.7000 0.1932
23279.9000 0.1933
23284.8000 0.1934
23286.2000 0.1935
23286.4000 0.1936
23290.3000 0.1937
23294.9000 0.1939
23298.9000 0.1940
23300.7000 0.1941
23303.7000 0.1942
23303.9000 0.1943
23330.9000 0.1944
23333.7000 0.1945
23347.0000 0.1946
23362.9000 0.1947
23391.4000 0.1948
23396.6000 0.1949
23400.7000 0.1950
23422.8000 0.1951
23443.1000 0.1952
23452.2000 0.1953
23458.3000 0.1954
23466.9000 0.1955
23485.3000 0.1956
23500.0000 0.1957
23512.6000 0.1958
23538.8000 0.1959
23580.6000 0.1960
23605.2000 0.1961
23610.8000 0.1962
23617.8000 0.1964
23618.0000 0.1965
23618.4000 0.1966
23622.6000 0.1967
23627.6000 0.1968
23645.4000 0.1969
23646.4000 0.1970
23669.4000 0.1971
23686.4000 0.1972
23698.2000 0.1973
23700.9000 0.1974
23711.3000 0.1975
23743.3000 0.1976
23743.9000 0.1977
23773.2000 0.1978
23792.0000 0.1979
23792.5000 0.1980
23793.8000 0.1981
23811.5000 0.1982
23897.5000 0.1983
23910.4000 0.1984
23939.5000 0.1985
23946.0000 0.1986
23946.8000 0.1987
