# messageDelay  cumulativeProbability
5.0000 0.0001
5.0000 0.0002
5.0000 0.0003
5.0000 0.0004
5.0000 0.0005
5.0000 0.0006
5.0000 0.0007
5.0000 0.0008
5.0000 0.0009
5.0000 0.0010
5.0000 0.0011
5.0000 0.0013
5.0000 0.0014
5.0000 0.0015
5.0000 0.0016
5.0000 0.0017
5.0000 0.0018
5.0000 0.0019
5.0000 0.0020
5.0000 0.0021
5.0000 0.0022
5.0000 0.0023
5.0000 0.0024
5.0000 0.0025
5.0000 0.0026
5.0000 0.0027
5.0000 0.0028
5.0000 0.0029
5.0000 0.0030
7.5000 0.0031
10.0000 0.0032
10.8000 0.0033
11.0000 0.0034
17.1000 0.0035
31.5000 0.0036
31.5000 0.0037
33.7000 0.0039
98.2000 0.0040
132.6000 0.0041
137.5000 0.0042
151.5000 0.0043
152.3000 0.0044
167.0000 0.0045
185.3000 0.0046
188.1000 0.0047
208.6000 0.0048
212.4000 0.0049
215.5000 0.0050
233.9000 0.0051
243.3000 0.0052
250.3000 0.0053
251.6000 0.0054
280.3000 0.0055
285.1000 0.0056
290.3000 0.0057
294.8000 0.0058
296.8000 0.0059
306.4000 0.0060
307.3000 0.0061
327.0000 0.0062
340.4000 0.0064
342.9000 0.0065
351.3000 0.0066
353.7000 0.0067
354.4000 0.0068
369.9000 0.0069
380.5000 0.0070
397.0000 0.0071
397.4000 0.0072
405.9000 0.0073
426.3000 0.0074
426.8000 0.0075
427.8000 0.0076
440.7000 0.0077
444.5000 0.0078
448.8000 0.0079
456.4000 0.0080
468.5000 0.0081
469.7000 0.0082
473.7000 0.0083
486.0000 0.0084
488.7000 0.0085
489.9000 0.0086
490.7000 0.0087
493.9000 0.0089
500.0000 0.0090
501.6000 0.0091
508.8000 0.0092
512.0000 0.0093
512.0000 0.0094
525.6000 0.0095
525.9000 0.0096
529.5000 0.0097
536.0000 0.0098
541.4000 0.0099
541.5000 0.0100
543.8000 0.0101
544.7000 0.0102
546.0000 0.0103
562.9000 0.0104
564.9000 0.0105
573.3000 0.0106
576.3000 0.0107
582.2000 0.0108
587.9000 0.0109
598.6000 0.0110
603.1000 0.0111
606.4000 0.0113
610.0000 0.0114
617.5000 0.0115
631.3000 0.0116
632.5000 0.0117
639.1000 0.0118
642.8000 0.0119
652.6000 0.0120
657.0000 0.0121
669.4000 0.0122
669.9000 0.0123
670.0000 0.0124
671.6000 0.0125
674.0000 0.0126
676.1000 0.0127
677.2000 0.0128
681.1000 0.0129
692.3000 0.0130
697.4000 0.0131
700.5000 0.0132
712.3000 0.0133
712.5000 0.0134
714.0000 0.0135
733.4000 0.0136
734.8000 0.0138
742.1000 0.0139
749.3000 0.0140
750.6000 0.0141
754.2000 0.0142
759.3000 0.0143
771.3000 0.0144
780.6000 0.0145
781.8000 0.0146
782.2000 0.0147
782.4000 0.0148
783.3000 0.0149
803.5000 0.0150
803.8000 0.0151
806.0000 0.0152
815.3000 0.0153
817.9000 0.0154
820.5000 0.0155
820.8000 0.0156
823.6000 0.0157
828.1000 0.0158
846.7000 0.0159
846.9000 0.0160
847.0000 0.0161
859.0000 0.0163
877.5000 0.0164
883.1000 0.0165
883.4000 0.0166
891.4000 0.0167
892.6000 0.0168
902.4000 0.0169
916.0000 0.0170
924.3000 0.0171
928.0000 0.0172
932.2000 0.0173
933.1000 0.0174
936.5000 0.0175
942.3000 0.0176
943.1000 0.0177
944.7000 0.0178
945.8000 0.0179
948.6000 0.0180
952.4000 0.0181
953.4000 0.0182
955.8000 0.0183
960.8000 0.0184
962.8000 0.0185
965.1000 0.0186
965.4000 0.0188
968.4000 0.0189
970.0000 0.0190
971.0000 0.0191
973.1000 0.0192
975.4000 0.0193
979.1000 0.0194
981.9000 0.0195
985.9000 0.0196
990.5000 0.0197
998.6000 0.0198
1003.8000 0.0199
1004.4000 0.0200
1007.6000 0.0201
1007.9000 0.0202
1012.0000 0.0203
1012.2000 0.0204
1014.8000 0.0205
1019.3000 0.0206
1021.1000 0.0207
1039.8000 0.0208
1041.1000 0.0209
1041.7000 0.0210
1049.1000 0.0211
1050.9000 0.0212
1056.0000 0.0214
1058.7000 0.0215
1064.3000 0.0216
1068.8000 0.0217
1072.1000 0.0218
1080.2000 0.0219
1087.2000 0.0220
1087.7000 0.0221
1091.4000 0.0222
1095.5000 0.0223
1097.9000 0.0224
1098.7000 0.0225
1100.3000 0.0226
1107.7000 0.0227
1107.9000 0.0228
1111.2000 0.0229
1118.9000 0.0230
1124.7000 0.0231
1125.2000 0.0232
1126.4000 0.0233
1131.3000 0.0234
1131.6000 0.0235
1132.7000 0.0236
1135.1000 0.0237
1135.1000 0.0239
1139.4000 0.0240
1142.4000 0.0241
1145.6000 0.0242
1145.7000 0.0243
1148.6000 0.0244
1150.2000 0.0245
1151.5000 0.0246
1155.3000 0.0247
1156.6000 0.0248
1156.7000 0.0249
1157.4000 0.0250
1163.4000 0.0251
1175.0000 0.0252
1176.6000 0.0253
1186.5000 0.0254
1187.2000 0.0255
1188.6000 0.0256
1190.6000 0.0257
1191.1000 0.0258
1192.2000 0.0259
1198.5000 0.0260
1200.3000 0.0261
1203.4000 0.0262
1203.6000 0.0264
1204.1000 0.0265
1207.0000 0.0266
1209.0000 0.0267
1210.3000 0.0268
1218.7000 0.0269
1218.9000 0.0270
1219.8000 0.0271
1219.9000 0.0272
1224.5000 0.0273
1224.9000 0.0274
1230.4000 0.0275
1231.7000 0.0276
1237.5000 0.0277
1245.0000 0.0278
1253.6000 0.0279
1253.8000 0.0280
1259.9000 0.0281
1261.8000 0.0282
1262.6000 0.0283
1263.2000 0.0284
1263.9000 0.0285
1266.0000 0.0286
1268.1000 0.0287
1271.4000 0.0289
1275.1000 0.0290
1275.9000 0.0291
1280.1000 0.0292
1283.4000 0.0293
1288.7000 0.0294
1289.8000 0.0295
1293.4000 0.0296
1294.6000 0.0297
1298.5000 0.0298
1303.7000 0.0299
1309.1000 0.0300
1309.1000 0.0301
1312.1000 0.0302
1314.1000 0.0303
1314.1000 0.0304
1314.4000 0.0305
1315.8000 0.0306
1324.2000 0.0307
1326.9000 0.0308
1333.2000 0.0309
1333.9000 0.0310
1335.4000 0.0311
1335.6000 0.0312
1340.4000 0.0314
1353.6000 0.0315
1354.2000 0.0316
1356.2000 0.0317
1361.7000 0.0318
1362.8000 0.0319
1363.0000 0.0320
1368.7000 0.0321
1369.6000 0.0322
1369.7000 0.0323
1372.3000 0.0324
1375.0000 0.0325
1376.3000 0.0326
1376.3000 0.0327
1381.0000 0.0328
1383.0000 0.0329
1389.0000 0.0330
1389.5000 0.0331
1390.3000 0.0332
1393.8000 0.0333
1400.2000 0.0334
1402.5000 0.0335
1406.5000 0.0336
1411.6000 0.0337
1413.0000 0.0339
1414.0000 0.0340
1416.3000 0.0341
1418.7000 0.0342
1427.1000 0.0343
1427.3000 0.0344
1430.4000 0.0345
1430.6000 0.0346
1432.4000 0.0347
1442.1000 0.0348
1442.5000 0.0349
1443.8000 0.0350
1449.9000 0.0351
1450.4000 0.0352
1450.4000 0.0353
1450.6000 0.0354
1452.0000 0.0355
1459.9000 0.0356
1463.0000 0.0357
1467.5000 0.0358
1469.9000 0.0359
1473.2000 0.0360
1475.4000 0.0361
1475.6000 0.0362
1482.0000 0.0364
1483.0000 0.0365
1484.6000 0.0366
1486.8000 0.0367
1489.6000 0.0368
1491.2000 0.0369
1492.6000 0.0370
1499.7000 0.0371
1504.4000 0.0372
1505.3000 0.0373
1511.4000 0.0374
1513.3000 0.0375
1514.1000 0.0376
1519.3000 0.0377
1521.3000 0.0378
1524.0000 0.0379
1525.7000 0.0380
1526.8000 0.0381
1532.4000 0.0382
1537.8000 0.0383
1538.7000 0.0384
1538.8000 0.0385
1541.3000 0.0386
1542.0000 0.0388
1546.4000 0.0389
1546.7000 0.0390
1553.0000 0.0391
1556.8000 0.0392
1557.6000 0.0393
1559.8000 0.0394
1560.2000 0.0395
1560.2000 0.0396
1566.3000 0.0397
1570.3000 0.0398
1572.0000 0.0399
1572.1000 0.0400
1573.1000 0.0401
1577.1000 0.0402
1578.1000 0.0403
1583.7000 0.0404
1587.9000 0.0405
1590.5000 0.0406
1593.3000 0.0407
1593.4000 0.0408
1595.6000 0.0409
1598.1000 0.0410
1599.4000 0.0411
1601.9000 0.0413
1602.8000 0.0414
1608.2000 0.0415
1611.3000 0.0416
1612.3000 0.0417
1612.4000 0.0418
1614.8000 0.0419
1617.0000 0.0420
1619.4000 0.0421
1623.0000 0.0422
1633.4000 0.0423
1636.4000 0.0424
1636.7000 0.0425
1637.3000 0.0426
1640.7000 0.0427
1642.9000 0.0428
1643.4000 0.0429
1643.6000 0.0430
1647.7000 0.0431
1649.5000 0.0432
1656.4000 0.0433
1667.1000 0.0434
1673.2000 0.0435
1673.4000 0.0436
1675.4000 0.0438
1681.7000 0.0439
1686.3000 0.0440
1690.9000 0.0441
1695.4000 0.0442
1696.7000 0.0443
1703.3000 0.0444
1708.6000 0.0445
1710.5000 0.0446
1711.2000 0.0447
1711.7000 0.0448
1712.8000 0.0449
1714.6000 0.0450
1718.1000 0.0451
1719.8000 0.0452
1720.3000 0.0453
1722.7000 0.0454
1726.2000 0.0455
1728.4000 0.0456
1730.2000 0.0457
1741.2000 0.0458
1757.8000 0.0459
1766.0000 0.0460
1770.1000 0.0461
1774.4000 0.0463
1775.4000 0.0464
1779.0000 0.0465
1781.6000 0.0466
1782.5000 0.0467
1783.6000 0.0468
1792.1000 0.0469
1792.2000 0.0470
1792.5000 0.0471
1800.2000 0.0472
1802.1000 0.0473
1803.1000 0.0474
1804.6000 0.0475
1805.2000 0.0476
1809.8000 0.0477
1811.8000 0.0478
1813.6000 0.0479
1814.5000 0.0480
1815.7000 0.0481
1815.9000 0.0482
1817.7000 0.0483
1829.2000 0.0484
1830.6000 0.0485
1831.7000 0.0486
1832.0000 0.0488
1833.0000 0.0489
1833.9000 0.0490
1834.3000 0.0491
1834.4000 0.0492
1839.8000 0.0493
1845.8000 0.0494
1845.9000 0.0495
1847.2000 0.0496
1851.4000 0.0497
1856.7000 0.0498
1857.6000 0.0499
1861.5000 0.0500
1862.2000 0.0501
1864.4000 0.0502
1865.5000 0.0503
1868.5000 0.0504
1870.4000 0.0505
1873.4000 0.0506
1884.7000 0.0507
1888.6000 0.0508
1890.5000 0.0509
1896.5000 0.0510
1896.5000 0.0511
1903.1000 0.0513
1905.2000 0.0514
1906.2000 0.0515
1906.3000 0.0516
1909.3000 0.0517
1912.4000 0.0518
1912.8000 0.0519
1914.6000 0.0520
1916.7000 0.0521
1917.2000 0.0522
1919.1000 0.0523
1920.2000 0.0524
1927.3000 0.0525
1927.8000 0.0526
1930.7000 0.0527
1933.6000 0.0528
1937.4000 0.0529
1938.7000 0.0530
1942.5000 0.0531
1944.6000 0.0532
1946.5000 0.0533
1946.7000 0.0534
1947.0000 0.0535
1948.3000 0.0536
1948.7000 0.0538
1952.5000 0.0539
1956.2000 0.0540
1957.3000 0.0541
1959.2000 0.0542
1959.3000 0.0543
1959.9000 0.0544
1962.4000 0.0545
1983.4000 0.0546
1984.5000 0.0547
1989.0000 0.0548
1991.0000 0.0549
1992.9000 0.0550
1998.3000 0.0551
2000.2000 0.0552
2001.6000 0.0553
2002.4000 0.0554
2002.8000 0.0555
2003.1000 0.0556
2004.7000 0.0557
2013.0000 0.0558
2013.1000 0.0559
2016.3000 0.0560
2017.9000 0.0561
2029.7000 0.0563
2031.9000 0.0564
2041.0000 0.0565
2047.4000 0.0566
2047.4000 0.0567
2050.3000 0.0568
2053.6000 0.0569
2061.3000 0.0570
2062.3000 0.0571
2070.9000 0.0572
2074.4000 0.0573
2075.6000 0.0574
2078.5000 0.0575
2081.0000 0.0576
2088.5000 0.0577
2102.5000 0.0578
2108.8000 0.0579
2109.6000 0.0580
2112.9000 0.0581
2119.7000 0.0582
2122.0000 0.0583
2132.9000 0.0584
2136.6000 0.0585
2138.9000 0.0586
2143.0000 0.0588
2145.5000 0.0589
2146.0000 0.0590
2149.7000 0.0591
2158.8000 0.0592
2165.2000 0.0593
2167.3000 0.0594
2168.8000 0.0595
2179.6000 0.0596
2179.7000 0.0597
2181.1000 0.0598
2183.3000 0.0599
2184.3000 0.0600
2191.6000 0.0601
2192.3000 0.0602
2195.5000 0.0603
2199.6000 0.0604
2213.2000 0.0605
2216.5000 0.0606
2221.0000 0.0607
2221.2000 0.0608
2223.9000 0.0609
2224.7000 0.0610
2226.4000 0.0611
2229.1000 0.0613
2230.9000 0.0614
2236.7000 0.0615
2240.7000 0.0616
2240.8000 0.0617
2246.7000 0.0618
2247.3000 0.0619
2249.2000 0.0620
2253.9000 0.0621
2255.7000 0.0622
2257.1000 0.0623
2260.3000 0.0624
2260.4000 0.0625
2260.8000 0.0626
2261.4000 0.0627
2267.0000 0.0628
2267.1000 0.0629
2267.6000 0.0630
2271.7000 0.0631
2271.7000 0.0632
2274.9000 0.0633
2276.5000 0.0634
2277.5000 0.0635
2279.3000 0.0636
2283.8000 0.0638
2288.3000 0.0639
2291.6000 0.0640
2299.7000 0.0641
2304.1000 0.0642
2310.2000 0.0643
2311.7000 0.0644
2313.1000 0.0645
2314.4000 0.0646
2316.6000 0.0647
2318.5000 0.0648
2318.8000 0.0649
2319.7000 0.0650
2319.8000 0.0651
2327.4000 0.0652
2335.5000 0.0653
2340.3000 0.0654
2340.5000 0.0655
2342.9000 0.0656
2348.9000 0.0657
2352.6000 0.0658
2356.6000 0.0659
2364.2000 0.0660
2365.7000 0.0661
2367.1000 0.0663
2367.6000 0.0664
2371.7000 0.0665
2378.7000 0.0666
2384.7000 0.0667
2386.0000 0.0668
2392.5000 0.0669
2394.8000 0.0670
2396.7000 0.0671
2398.9000 0.0672
2405.2000 0.0673
2405.8000 0.0674
2407.7000 0.0675
2408.4000 0.0676
2415.9000 0.0677
2417.3000 0.0678
2418.3000 0.0679
2418.7000 0.0680
2420.6000 0.0681
2420.7000 0.0682
2421.9000 0.0683
2423.6000 0.0684
2424.4000 0.0685
2438.4000 0.0686
2439.8000 0.0688
2448.0000 0.0689
2449.6000 0.0690
2451.6000 0.0691
2453.5000 0.0692
2455.4000 0.0693
2461.0000 0.0694
2462.7000 0.0695
2467.4000 0.0696
2469.6000 0.0697
2502.1000 0.0698
2503.4000 0.0699
2506.5000 0.0700
2511.4000 0.0701
2515.1000 0.0702
2515.7000 0.0703
2521.0000 0.0704
2523.3000 0.0705
2524.4000 0.0706
2526.9000 0.0707
2532.4000 0.0708
2533.1000 0.0709
2538.1000 0.0710
2548.3000 0.0711
2564.7000 0.0713
2565.1000 0.0714
2565.8000 0.0715
2567.8000 0.0716
2568.1000 0.0717
2568.2000 0.0718
2573.3000 0.0719
2575.7000 0.0720
2578.7000 0.0721
2580.4000 0.0722
2582.7000 0.0723
2582.8000 0.0724
2589.2000 0.0725
2590.8000 0.0726
2595.2000 0.0727
2600.7000 0.0728
2606.9000 0.0729
2620.2000 0.0730
2625.2000 0.0731
2631.5000 0.0732
2643.2000 0.0733
2644.9000 0.0734
2649.3000 0.0735
2650.4000 0.0736
2656.7000 0.0738
2657.1000 0.0739
2660.4000 0.0740
2661.1000 0.0741
2662.2000 0.0742
2664.6000 0.0743
2667.1000 0.0744
2667.5000 0.0745
2667.8000 0.0746
2668.6000 0.0747
2675.1000 0.0748
2682.4000 0.0749
2691.9000 0.0750
2692.8000 0.0751
2693.1000 0.0752
2693.9000 0.0753
2695.5000 0.0754
2697.3000 0.0755
2700.6000 0.0756
2706.6000 0.0757
2708.4000 0.0758
2710.5000 0.0759
2715.5000 0.0760
2716.6000 0.0761
2723.6000 0.0763
2724.1000 0.0764
2728.2000 0.0765
2731.8000 0.0766
2732.3000 0.0767
2749.0000 0.0768
2750.4000 0.0769
2752.4000 0.0770
2753.4000 0.0771
2762.0000 0.0772
2763.8000 0.0773
2770.9000 0.0774
2777.9000 0.0775
2778.6000 0.0776
2780.0000 0.0777
2780.5000 0.0778
2782.1000 0.0779
2783.0000 0.0780
2785.8000 0.0781
2788.5000 0.0782
2793.4000 0.0783
2799.5000 0.0784
2800.6000 0.0785
2801.4000 0.0786
2802.1000 0.0788
2810.1000 0.0789
2813.4000 0.0790
2816.6000 0.0791
2819.5000 0.0792
2832.5000 0.0793
2838.6000 0.0794
2839.9000 0.0795
2841.8000 0.0796
2842.5000 0.0797
2843.1000 0.0798
2843.8000 0.0799
2847.0000 0.0800
2851.2000 0.0801
2854.9000 0.0802
2857.7000 0.0803
2864.0000 0.0804
2864.4000 0.0805
2869.0000 0.0806
2870.4000 0.0807
2877.6000 0.0808
2879.7000 0.0809
2880.0000 0.0810
2880.1000 0.0811
2881.4000 0.0813
2884.0000 0.0814
2885.0000 0.0815
2886.9000 0.0816
2894.8000 0.0817
2896.3000 0.0818
2897.2000 0.0819
2897.4000 0.0820
2900.6000 0.0821
2919.7000 0.0822
2923.5000 0.0823
2925.4000 0.0824
2936.0000 0.0825
2955.7000 0.0826
2957.2000 0.0827
2959.5000 0.0828
2978.2000 0.0829
2981.4000 0.0830
2981.6000 0.0831
2995.5000 0.0832
2996.6000 0.0833
2997.0000 0.0834
2997.8000 0.0835
3001.1000 0.0836
3001.4000 0.0838
3001.8000 0.0839
3001.9000 0.0840
3003.9000 0.0841
3006.4000 0.0842
3007.3000 0.0843
3008.4000 0.0844
3008.7000 0.0845
3010.1000 0.0846
3010.7000 0.0847
3017.1000 0.0848
3026.8000 0.0849
3027.8000 0.0850
3028.4000 0.0851
3033.1000 0.0852
3033.2000 0.0853
3034.5000 0.0854
3042.7000 0.0855
3057.9000 0.0856
3070.0000 0.0857
3073.2000 0.0858
3077.7000 0.0859
3085.7000 0.0860
3097.5000 0.0861
3101.0000 0.0863
3106.8000 0.0864
3109.0000 0.0865
3124.1000 0.0866
3131.7000 0.0867
3134.5000 0.0868
3139.1000 0.0869
3139.2000 0.0870
3143.6000 0.0871
3157.9000 0.0872
3172.8000 0.0873
3179.1000 0.0874
3186.5000 0.0875
3187.1000 0.0876
3192.7000 0.0877
3193.8000 0.0878
3197.8000 0.0879
3200.9000 0.0880
3224.0000 0.0881
3226.0000 0.0882
3234.0000 0.0883
3239.3000 0.0884
3241.7000 0.0885
3247.5000 0.0886
3251.7000 0.0888
3252.7000 0.0889
3263.7000 0.0890
3274.9000 0.0891
3275.5000 0.0892
3275.6000 0.0893
3276.9000 0.0894
3282.1000 0.0895
3283.2000 0.0896
3284.5000 0.0897
3288.4000 0.0898
3297.8000 0.0899
3307.7000 0.0900
3313.8000 0.0901
3315.2000 0.0902
3320.7000 0.0903
3321.6000 0.0904
3328.9000 0.0905
3340.9000 0.0906
3344.8000 0.0907
3347.7000 0.0908
3354.7000 0.0909
3358.1000 0.0910
3360.2000 0.0911
3366.5000 0.0913
3370.1000 0.0914
3373.6000 0.0915
3381.7000 0.0916
3381.7000 0.0917
3387.1000 0.0918
3388.1000 0.0919
3394.2000 0.0920
3404.8000 0.0921
3405.5000 0.0922
3423.4000 0.0923
3423.8000 0.0924
3424.0000 0.0925
3424.5000 0.0926
3430.5000 0.0927
3437.3000 0.0928
3441.6000 0.0929
3442.6000 0.0930
3459.4000 0.0931
3464.3000 0.0932
3474.0000 0.0933
3474.6000 0.0934
3475.1000 0.0935
3478.6000 0.0936
3481.7000 0.0938
3482.4000 0.0939
3482.7000 0.0940
3485.2000 0.0941
3485.4000 0.0942
3486.5000 0.0943
3487.2000 0.0944
3491.2000 0.0945
3496.4000 0.0946
3499.0000 0.0947
3502.9000 0.0948
3504.3000 0.0949
3504.9000 0.0950
3505.0000 0.0951
3508.8000 0.0952
3509.7000 0.0953
3515.2000 0.0954
3521.5000 0.0955
3522.2000 0.0956
3531.8000 0.0957
3532.0000 0.0958
3536.1000 0.0959
3539.1000 0.0960
3540.3000 0.0961
3547.9000 0.0963
3547.9000 0.0964
3551.6000 0.0965
3552.5000 0.0966
3560.8000 0.0967
3562.1000 0.0968
3563.3000 0.0969
3565.5000 0.0970
3575.0000 0.0971
3576.7000 0.0972
3578.0000 0.0973
3579.0000 0.0974
3581.0000 0.0975
3595.8000 0.0976
3600.8000 0.0977
3605.9000 0.0978
3606.8000 0.0979
3611.0000 0.0980
3611.1000 0.0981
3613.1000 0.0982
3617.4000 0.0983
3627.2000 0.0984
3629.1000 0.0985
3636.2000 0.0986
3636.6000 0.0988
3636.6000 0.0989
3637.0000 0.0990
3638.6000 0.0991
3642.1000 0.0992
3646.4000 0.0993
3659.7000 0.0994
3661.9000 0.0995
3666.1000 0.0996
3668.2000 0.0997
3672.9000 0.0998
3677.0000 0.0999
3677.8000 0.1000
3685.5000 0.1001
3689.2000 0.1002
3689.4000 0.1003
3703.2000 0.1004
3716.9000 0.1005
3720.7000 0.1006
3723.5000 0.1007
3724.9000 0.1008
3726.9000 0.1009
3740.5000 0.1010
3742.8000 0.1011
3747.2000 0.1013
3750.3000 0.1014
3751.7000 0.1015
3755.5000 0.1016
3756.4000 0.1017
3765.3000 0.1018
3768.5000 0.1019
3770.5000 0.1020
3775.0000 0.1021
3781.9000 0.1022
3785.9000 0.1023
3786.8000 0.1024
3789.2000 0.1025
3799.5000 0.1026
3799.6000 0.1027
3799.8000 0.1028
3804.2000 0.1029
3816.4000 0.1030
3817.7000 0.1031
3820.8000 0.1032
3824.5000 0.1033
3825.3000 0.1034
3825.5000 0.1035
3827.9000 0.1036
3831.3000 0.1038
3835.4000 0.1039
3838.7000 0.1040
3842.7000 0.1041
3843.9000 0.1042
3847.6000 0.1043
3852.4000 0.1044
3863.2000 0.1045
3865.3000 0.1046
3866.1000 0.1047
3872.2000 0.1048
3877.1000 0.1049
3887.9000 0.1050
3892.5000 0.1051
3897.8000 0.1052
3899.3000 0.1053
3901.3000 0.1054
3903.6000 0.1055
3913.7000 0.1056
3914.8000 0.1057
3920.8000 0.1058
3921.6000 0.1059
3922.6000 0.1060
3925.1000 0.1061
3930.6000 0.1063
3933.7000 0.1064
3942.2000 0.1065
3945.8000 0.1066
3946.4000 0.1067
3952.4000 0.1068
3952.4000 0.1069
3955.2000 0.1070
3960.4000 0.1071
3961.4000 0.1072
3961.5000 0.1073
3962.7000 0.1074
3963.7000 0.1075
3965.6000 0.1076
3966.9000 0.1077
3967.7000 0.1078
3972.1000 0.1079
3975.3000 0.1080
3983.3000 0.1081
3983.5000 0.1082
3986.6000 0.1083
3987.7000 0.1084
4008.0000 0.1085
4012.5000 0.1086
4014.7000 0.1088
4015.5000 0.1089
4016.5000 0.1090
4019.2000 0.1091
4022.0000 0.1092
4025.8000 0.1093
4027.5000 0.1094
4030.0000 0.1095
4031.1000 0.1096
4031.1000 0.1097
4031.2000 0.1098
4039.8000 0.1099
4043.3000 0.1100
4043.6000 0.1101
4043.8000 0.1102
4049.1000 0.1103
4050.0000 0.1104
4052.7000 0.1105
4054.2000 0.1106
4057.8000 0.1107
4071.5000 0.1108
4077.1000 0.1109
4105.4000 0.1110
4123.6000 0.1111
4123.6000 0.1113
4131.7000 0.1114
4146.1000 0.1115
4153.6000 0.1116
4165.1000 0.1117
4167.8000 0.1118
4168.3000 0.1119
4169.8000 0.1120
4179.4000 0.1121
4188.9000 0.1122
4191.7000 0.1123
4192.0000 0.1124
4192.4000 0.1125
4200.7000 0.1126
4208.0000 0.1127
4221.3000 0.1128
4224.4000 0.1129
4229.1000 0.1130
4229.4000 0.1131
4238.1000 0.1132
4241.4000 0.1133
4249.0000 0.1134
4252.1000 0.1135
4252.3000 0.1136
4270.6000 0.1138
4278.6000 0.1139
4282.1000 0.1140
4294.9000 0.1141
4306.2000 0.1142
4307.6000 0.1143
4313.1000 0.1144
4318.9000 0.1145
4321.9000 0.1146
4340.1000 0.1147
4346.3000 0.1148
4352.8000 0.1149
4355.4000 0.1150
4355.9000 0.1151
4365.3000 0.1152
4365.4000 0.1153
4374.7000 0.1154
4386.0000 0.1155
4389.9000 0.1156
4402.8000 0.1157
4407.1000 0.1158
4409.0000 0.1159
4410.6000 0.1160
4410.9000 0.1161
4429.1000 0.1163
4430.5000 0.1164
4437.8000 0.1165
4438.9000 0.1166
4463.2000 0.1167
4465.6000 0.1168
4475.7000 0.1169
4479.1000 0.1170
4483.5000 0.1171
4484.9000 0.1172
4488.8000 0.1173
4492.2000 0.1174
4495.7000 0.1175
4497.5000 0.1176
4507.2000 0.1177
4508.2000 0.1178
4513.9000 0.1179
4516.0000 0.1180
4523.0000 0.1181
4532.0000 0.1182
4532.4000 0.1183
4542.8000 0.1184
4566.8000 0.1185
4575.7000 0.1186
4580.2000 0.1188
4583.0000 0.1189
4590.4000 0.1190
4591.7000 0.1191
4599.7000 0.1192
4615.6000 0.1193
4616.4000 0.1194
4620.2000 0.1195
4625.7000 0.1196
4627.8000 0.1197
4629.1000 0.1198
4630.9000 0.1199
4642.0000 0.1200
4654.9000 0.1201
4658.7000 0.1202
4665.9000 0.1203
4666.0000 0.1204
4666.8000 0.1205
4671.4000 0.1206
4677.1000 0.1207
4678.8000 0.1208
4682.7000 0.1209
4684.9000 0.1210
4686.9000 0.1211
4690.8000 0.1213
4697.2000 0.1214
4704.1000 0.1215
4706.2000 0.1216
4710.2000 0.1217
4715.4000 0.1218
4720.7000 0.1219
4722.4000 0.1220
4724.2000 0.1221
4725.8000 0.1222
4730.8000 0.1223
4732.8000 0.1224
4738.2000 0.1225
4738.3000 0.1226
4739.6000 0.1227
4744.1000 0.1228
4756.7000 0.1229
4760.4000 0.1230
4767.8000 0.1231
4770.3000 0.1232
4783.2000 0.1233
4792.8000 0.1234
4805.7000 0.1235
4831.6000 0.1236
4844.5000 0.1238
4845.9000 0.1239
4855.8000 0.1240
4859.8000 0.1241
4867.6000 0.1242
4873.6000 0.1243
4885.6000 0.1244
4896.7000 0.1245
4899.3000 0.1246
4901.8000 0.1247
4920.7000 0.1248
4941.6000 0.1249
4955.8000 0.1250
4956.5000 0.1251
4966.0000 0.1252
4973.8000 0.1253
4977.1000 0.1254
4978.0000 0.1255
4985.1000 0.1256
4998.1000 0.1257
5000.0000 0.1258
5009.3000 0.1259
5011.1000 0.1260
5019.7000 0.1261
5020.1000 0.1263
5031.5000 0.1264
5033.4000 0.1265
5041.0000 0.1266
5042.1000 0.1267
5042.4000 0.1268
5049.5000 0.1269
5057.3000 0.1270
5059.3000 0.1271
5062.0000 0.1272
5070.3000 0.1273
5073.5000 0.1274
5079.8000 0.1275
5087.7000 0.1276
5089.2000 0.1277
5116.6000 0.1278
5119.0000 0.1279
5127.6000 0.1280
5131.0000 0.1281
5134.4000 0.1282
5134.6000 0.1283
5140.4000 0.1284
5141.2000 0.1285
5151.3000 0.1286
5156.5000 0.1288
5159.5000 0.1289
5168.1000 0.1290
5169.7000 0.1291
5171.3000 0.1292
5174.3000 0.1293
5176.6000 0.1294
5185.6000 0.1295
5186.1000 0.1296
5189.5000 0.1297
5195.0000 0.1298
5196.2000 0.1299
5196.9000 0.1300
5200.3000 0.1301
5202.3000 0.1302
5213.5000 0.1303
5219.6000 0.1304
5245.3000 0.1305
5247.1000 0.1306
5258.6000 0.1307
5272.4000 0.1308
5280.2000 0.1309
5300.9000 0.1310
5301.5000 0.1311
5304.4000 0.1313
5313.5000 0.1314
5325.8000 0.1315
5334.1000 0.1316
5337.5000 0.1317
5338.3000 0.1318
5347.4000 0.1319
5359.1000 0.1320
5362.1000 0.1321
5365.0000 0.1322
5366.5000 0.1323
5369.2000 0.1324
5369.3000 0.1325
5377.8000 0.1326
5398.4000 0.1327
5400.3000 0.1328
5401.0000 0.1329
5419.2000 0.1330
5433.0000 0.1331
5434.5000 0.1332
5448.4000 0.1333
5450.1000 0.1334
5450.5000 0.1335
5466.9000 0.1336
5487.4000 0.1338
5488.9000 0.1339
5494.1000 0.1340
5524.4000 0.1341
5526.2000 0.1342
5532.4000 0.1343
5546.8000 0.1344
5583.4000 0.1345
5585.4000 0.1346
5589.7000 0.1347
5590.8000 0.1348
5595.6000 0.1349
5605.9000 0.1350
5613.8000 0.1351
5618.9000 0.1352
5620.2000 0.1353
5630.9000 0.1354
5632.5000 0.1355
5635.2000 0.1356
5639.4000 0.1357
5647.6000 0.1358
5651.0000 0.1359
5652.6000 0.1360
5658.2000 0.1361
5663.8000 0.1363
5679.9000 0.1364
5687.7000 0.1365
5689.5000 0.1366
5699.6000 0.1367
5707.7000 0.1368
5712.9000 0.1369
5714.6000 0.1370
5715.0000 0.1371
5718.9000 0.1372
5736.6000 0.1373
5742.3000 0.1374
5758.6000 0.1375
5767.4000 0.1376
5772.0000 0.1377
5780.6000 0.1378
5783.3000 0.1379
5788.5000 0.1380
5791.5000 0.1381
5799.1000 0.1382
5810.0000 0.1383
5824.6000 0.1384
5830.8000 0.1385
5839.8000 0.1386
5847.5000 0.1388
5864.5000 0.1389
5870.6000 0.1390
5876.5000 0.1391
5880.5000 0.1392
5890.6000 0.1393
5896.3000 0.1394
5904.9000 0.1395
5907.4000 0.1396
5920.2000 0.1397
5930.9000 0.1398
5937.5000 0.1399
5942.9000 0.1400
5953.9000 0.1401
5964.6000 0.1402
5969.6000 0.1403
5987.8000 0.1404
5988.9000 0.1405
5990.6000 0.1406
6000.8000 0.1407
6003.0000 0.1408
6026.8000 0.1409
6027.5000 0.1410
6036.7000 0.1411
6037.0000 0.1413
6066.6000 0.1414
6068.8000 0.1415
6083.3000 0.1416
6091.4000 0.1417
6091.7000 0.1418
6094.0000 0.1419
6097.0000 0.1420
6109.5000 0.1421
6116.3000 0.1422
6117.6000 0.1423
6125.7000 0.1424
6145.4000 0.1425
6149.4000 0.1426
6159.9000 0.1427
6168.0000 0.1428
6170.2000 0.1429
6170.4000 0.1430
6170.4000 0.1431
6171.4000 0.1432
6179.7000 0.1433
6194.1000 0.1434
6196.0000 0.1435
6196.7000 0.1436
6216.3000 0.1437
6217.8000 0.1439
6218.7000 0.1440
6232.3000 0.1441
6239.0000 0.1442
6257.7000 0.1443
6259.3000 0.1444
6264.1000 0.1445
6268.3000 0.1446
6289.9000 0.1447
6292.5000 0.1448
6295.4000 0.1449
6311.1000 0.1450
6314.7000 0.1451
6330.5000 0.1452
6330.6000 0.1453
6336.0000 0.1454
6337.6000 0.1455
6339.7000 0.1456
6343.8000 0.1457
6365.6000 0.1458
6375.9000 0.1459
6380.3000 0.1460
6399.4000 0.1461
6408.1000 0.1462
6409.9000 0.1464
6413.0000 0.1465
6414.6000 0.1466
6415.2000 0.1467
6415.3000 0.1468
6422.5000 0.1469
6443.3000 0.1470
6446.6000 0.1471
6467.0000 0.1472
6467.3000 0.1473
6467.8000 0.1474
6469.2000 0.1475
6469.6000 0.1476
6469.6000 0.1477
6473.0000 0.1478
6477.8000 0.1479
6480.4000 0.1480
6482.9000 0.1481
6483.5000 0.1482
6485.8000 0.1483
6496.6000 0.1484
6499.4000 0.1485
6503.5000 0.1486
6506.8000 0.1487
6514.6000 0.1489
6517.3000 0.1490
6522.3000 0.1491
6524.4000 0.1492
6536.4000 0.1493
6539.6000 0.1494
6542.3000 0.1495
6542.5000 0.1496
6551.7000 0.1497
6561.5000 0.1498
6578.2000 0.1499
6587.7000 0.1500
6590.9000 0.1501
6592.8000 0.1502
6595.8000 0.1503
6601.5000 0.1504
6609.8000 0.1505
6613.7000 0.1506
6616.7000 0.1507
6618.4000 0.1508
6632.3000 0.1509
6639.8000 0.1510
6649.4000 0.1511
6659.9000 0.1512
6665.0000 0.1514
6670.5000 0.1515
6682.4000 0.1516
6684.2000 0.1517
6703.8000 0.1518
6704.8000 0.1519
6704.9000 0.1520
6709.9000 0.1521
6710.5000 0.1522
6710.9000 0.1523
6714.6000 0.1524
6718.0000 0.1525
6744.1000 0.1526
6759.2000 0.1527
6765.8000 0.1528
6766.4000 0.1529
6774.4000 0.1530
6774.6000 0.1531
6777.4000 0.1532
6780.3000 0.1533
6803.5000 0.1534
6808.8000 0.1535
6809.5000 0.1536
6819.5000 0.1537
6833.6000 0.1539
6835.3000 0.1540
6835.5000 0.1541
6837.9000 0.1542
6838.6000 0.1543
6846.7000 0.1544
6855.4000 0.1545
6875.1000 0.1546
6886.3000 0.1547
6892.6000 0.1548
6900.0000 0.1549
6908.9000 0.1550
6919.0000 0.1551
6919.2000 0.1552
6927.4000 0.1553
6929.3000 0.1554
6932.9000 0.1555
6937.4000 0.1556
6938.9000 0.1557
6944.5000 0.1558
6945.0000 0.1559
6945.7000 0.1560
6954.6000 0.1561
6955.6000 0.1562
6965.0000 0.1564
6965.3000 0.1565
6978.8000 0.1566
6994.7000 0.1567
7010.3000 0.1568
7011.3000 0.1569
7025.8000 0.1570
7033.7000 0.1571
7038.4000 0.1572
7039.8000 0.1573
7052.0000 0.1574
7073.6000 0.1575
7080.3000 0.1576
7083.2000 0.1577
7110.8000 0.1578
7115.7000 0.1579
7146.9000 0.1580
7147.7000 0.1581
7161.0000 0.1582
7190.2000 0.1583
7211.2000 0.1584
7218.6000 0.1585
7221.5000 0.1586
7227.7000 0.1587
7239.3000 0.1589
7244.1000 0.1590
7258.6000 0.1591
7267.1000 0.1592
7267.8000 0.1593
7276.9000 0.1594
7292.5000 0.1595
7301.1000 0.1596
7302.0000 0.1597
7302.7000 0.1598
7309.7000 0.1599
7325.3000 0.1600
7327.4000 0.1601
7349.2000 0.1602
7353.2000 0.1603
7369.4000 0.1604
7387.3000 0.1605
7396.5000 0.1606
7402.0000 0.1607
7405.5000 0.1608
7409.4000 0.1609
7419.2000 0.1610
7420.6000 0.1611
7423.2000 0.1612
7428.5000 0.1614
7459.6000 0.1615
7462.2000 0.1616
7467.5000 0.1617
7477.1000 0.1618
7493.3000 0.1619
7502.0000 0.1620
7502.7000 0.1621
7510.3000 0.1622
7513.8000 0.1623
7524.7000 0.1624
7529.9000 0.1625
7544.8000 0.1626
7546.6000 0.1627
7547.1000 0.1628
7550.0000 0.1629
7550.1000 0.1630
7557.6000 0.1631
7566.7000 0.1632
7578.6000 0.1633
7586.8000 0.1634
7591.0000 0.1635
7595.2000 0.1636
7598.1000 0.1637
7602.4000 0.1639
7604.0000 0.1640
7604.9000 0.1641
7607.8000 0.1642
7620.7000 0.1643
7626.2000 0.1644
7648.3000 0.1645
7653.1000 0.1646
7654.0000 0.1647
7655.5000 0.1648
7661.1000 0.1649
7680.3000 0.1650
7680.7000 0.1651
7681.5000 0.1652
7689.7000 0.1653
7691.0000 0.1654
7705.6000 0.1655
7712.2000 0.1656
7745.2000 0.1657
7748.7000 0.1658
7754.7000 0.1659
7755.6000 0.1660
7759.4000 0.1661
7771.3000 0.1662
7778.5000 0.1664
7788.2000 0.1665
7795.0000 0.1666
7808.8000 0.1667
7809.2000 0.1668
7811.9000 0.1669
7813.6000 0.1670
7816.7000 0.1671
7833.0000 0.1672
7843.3000 0.1673
7849.5000 0.1674
7855.8000 0.1675
7857.7000 0.1676
7858.2000 0.1677
7860.0000 0.1678
7860.1000 0.1679
7867.0000 0.1680
7871.7000 0.1681
7876.0000 0.1682
7889.6000 0.1683
7896.2000 0.1684
7897.0000 0.1685
7903.4000 0.1686
7908.1000 0.1687
7951.6000 0.1689
7954.3000 0.1690
7974.5000 0.1691
7977.4000 0.1692
7998.5000 0.1693
8000.6000 0.1694
8008.7000 0.1695
8027.0000 0.1696
8036.3000 0.1697
8053.6000 0.1698
8072.0000 0.1699
8074.5000 0.1700
8082.5000 0.1701
8083.8000 0.1702
8092.1000 0.1703
8096.7000 0.1704
8098.5000 0.1705
8115.5000 0.1706
8126.6000 0.1707
8127.6000 0.1708
8133.6000 0.1709
8138.2000 0.1710
8138.4000 0.1711
8144.5000 0.1712
8152.7000 0.1714
8154.6000 0.1715
8164.3000 0.1716
8190.2000 0.1717
8193.9000 0.1718
8194.2000 0.1719
8196.6000 0.1720
8216.0000 0.1721
8242.0000 0.1722
8244.2000 0.1723
8269.9000 0.1724
8275.1000 0.1725
8284.1000 0.1726
8287.3000 0.1727
8300.9000 0.1728
8301.3000 0.1729
8314.4000 0.1730
8366.5000 0.1731
8381.5000 0.1732
8382.8000 0.1733
8390.7000 0.1734
8394.8000 0.1735
8396.6000 0.1736
8401.5000 0.1737
8406.6000 0.1739
8410.5000 0.1740
8422.1000 0.1741
8429.1000 0.1742
8435.8000 0.1743
8452.2000 0.1744
8459.0000 0.1745
8460.9000 0.1746
8468.8000 0.1747
8474.6000 0.1748
8477.5000 0.1749
8483.3000 0.1750
8486.4000 0.1751
8501.1000 0.1752
8528.9000 0.1753
8529.5000 0.1754
8560.0000 0.1755
8579.7000 0.1756
8585.6000 0.1757
8593.3000 0.1758
8621.0000 0.1759
8629.5000 0.1760
8629.7000 0.1761
8658.3000 0.1762
8668.2000 0.1764
8670.2000 0.1765
8687.3000 0.1766
8687.6000 0.1767
8690.5000 0.1768
8693.2000 0.1769
8699.4000 0.1770
8699.8000 0.1771
8706.4000 0.1772
8714.7000 0.1773
8715.8000 0.1774
8716.3000 0.1775
8730.1000 0.1776
8755.6000 0.1777
8758.4000 0.1778
8761.6000 0.1779
8767.5000 0.1780
8772.5000 0.1781
8779.9000 0.1782
8780.7000 0.1783
8784.0000 0.1784
8784.2000 0.1785
8795.4000 0.1786
8799.7000 0.1787
8802.1000 0.1789
8826.5000 0.1790
8829.2000 0.1791
8834.8000 0.1792
8867.1000 0.1793
8868.4000 0.1794
8870.7000 0.1795
8875.9000 0.1796
8884.0000 0.1797
8886.4000 0.1798
8889.1000 0.1799
8899.4000 0.1800
8920.1000 0.1801
8921.8000 0.1802
8929.0000 0.1803
8935.6000 0.1804
8935.7000 0.1805
8950.5000 0.1806
8972.0000 0.1807
8972.5000 0.1808
8973.4000 0.1809
8984.5000 0.1810
8988.8000 0.1811
8999.0000 0.1812
9019.4000 0.1814
9020.8000 0.1815
9023.1000 0.1816
9032.1000 0.1817
9033.5000 0.1818
9047.7000 0.1819
9058.7000 0.1820
9081.6000 0.1821
9084.7000 0.1822
9090.7000 0.1823
9123.7000 0.1824
9125.3000 0.1825
9128.2000 0.1826
9130.2000 0.1827
9142.5000 0.1828
9190.8000 0.1829
9195.8000 0.1830
9199.4000 0.1831
9200.5000 0.1832
9210.7000 0.1833
9213.1000 0.1834
9217.7000 0.1835
9222.5000 0.1836
9227.6000 0.1837
9231.4000 0.1839
9231.5000 0.1840
9237.8000 0.1841
9263.2000 0.1842
9272.9000 0.1843
9302.6000 0.1844
9313.7000 0.1845
9316.1000 0.1846
9321.1000 0.1847
9324.4000 0.1848
9335.9000 0.1849
9340.5000 0.1850
9346.6000 0.1851
9349.2000 0.1852
9362.4000 0.1853
9378.6000 0.1854
9382.6000 0.1855
9384.0000 0.1856
9398.5000 0.1857
9404.0000 0.1858
9411.8000 0.1859
9415.2000 0.1860
9421.3000 0.1861
9432.2000 0.1862
9434.8000 0.1864
9443.3000 0.1865
9471.3000 0.1866
9539.5000 0.1867
9542.6000 0.1868
9548.3000 0.1869
9548.7000 0.1870
9553.5000 0.1871
9576.3000 0.1872
9576.7000 0.1873
9583.2000 0.1874
9584.7000 0.1875
9586.2000 0.1876
9589.1000 0.1877
9594.2000 0.1878
9595.0000 0.1879
9596.8000 0.1880
9622.4000 0.1881
9645.7000 0.1882
9649.0000 0.1883
9664.5000 0.1884
9692.6000 0.1885
9692.9000 0.1886
9705.5000 0.1887
9709.4000 0.1889
9737.7000 0.1890
9748.9000 0.1891
9750.8000 0.1892
9759.8000 0.1893
9766.9000 0.1894
9774.2000 0.1895
9774.5000 0.1896
9777.5000 0.1897
9782.3000 0.1898
9792.6000 0.1899
9805.6000 0.1900
9806.5000 0.1901
9807.7000 0.1902
9808.5000 0.1903
9833.9000 0.1904
9838.1000 0.1905
9852.1000 0.1906
9861.6000 0.1907
9892.2000 0.1908
9901.5000 0.1909
9903.5000 0.1910
9904.5000 0.1911
9920.8000 0.1912
9936.6000 0.1914
9977.2000 0.1915
9990.0000 0.1916
9990.7000 0.1917
9991.6000 0.1918
10008.2000 0.1919
10013.6000 0.1920
10021.9000 0.1921
10045.2000 0.1922
10051.0000 0.1923
10071.6000 0.1924
10077.1000 0.1925
10077.7000 0.1926
10079.0000 0.1927
10082.6000 0.1928
10088.0000 0.1929
10130.4000 0.1930
10134.5000 0.1931
10145.4000 0.1932
10160.7000 0.1933
10170.7000 0.1934
10176.0000 0.1935
10182.3000 0.1936
10192.7000 0.1937
10193.1000 0.1939
10200.9000 0.1940
10203.6000 0.1941
10203.8000 0.1942
10218.0000 0.1943
10228.7000 0.1944
10240.7000 0.1945
10248.0000 0.1946
10253.1000 0.1947
10262.5000 0.1948
10275.0000 0.1949
10279.7000 0.1950
10280.2000 0.1951
10293.7000 0.1952
10294.3000 0.1953
10311.0000 0.1954
10313.4000 0.1955
10318.7000 0.1956
10324.0000 0.1957
10327.1000 0.1958
10335.7000 0.1959
10344.8000 0.1960
10363.1000 0.1961
10368.2000 0.1962
10376.1000 0.1964
10391.3000 0.1965
10400.2000 0.1966
10406.8000 0.1967
10417.7000 0.1968
10435.9000 0.1969
10446.6000 0.1970
10461.2000 0.1971
10467.1000 0.1972
10478.6000 0.1973
10508.0000 0.1974
10522.3000 0.1975
10524.1000 0.1976
10545.9000 0.1977
10551.1000 0.1978
10556.2000 0.1979
10575.6000 0.1980
10585.2000 0.1981
10590.9000 0.1982
10607.6000 0.1983
10611.7000 0.1984
10630.9000 0.1985
10654.4000 0.1986
10656.8000 0.1987
10663.1000 0.1989
10667.6000 0.1990
10667.9000 0.1991
10683.6000 0.1992
10702.0000 0.1993
10707.2000 0.1994
10713.3000 0.1995
10718.4000 0.1996
10726.7000 0.1997
10740.6000 0.1998
10747.0000 0.1999
10751.8000 0.2000
10759.6000 0.2001
10763.1000 0.2002
10764.1000 0.2003
10785.6000 0.2004
10797.4000 0.2005
10818.2000 0.2006
10818.3000 0.2007
10840.6000 0.2008
10866.0000 0.2009
10871.5000 0.2010
10879.5000 0.2011
10881.3000 0.2012
10895.6000 0.2014
10937.7000 0.2015
10938.3000 0.2016
10958.1000 0.2017
10964.9000 0.2018
10977.4000 0.2019
10977.9000 0.2020
10988.3000 0.2021
10996.4000 0.2022
11003.2000 0.2023
11010.8000 0.2024
11026.2000 0.2025
11029.4000 0.2026
11031.2000 0.2027
11033.2000 0.2028
11045.3000 0.2029
11069.1000 0.2030
11105.0000 0.2031
11146.9000 0.2032
11157.5000 0.2033
11165.6000 0.2034
11172.8000 0.2035
11188.8000 0.2036
11192.1000 0.2037
11196.6000 0.2039
11204.2000 0.2040
11204.8000 0.2041
11206.5000 0.2042
11221.0000 0.2043
11224.8000 0.2044
11244.4000 0.2045
11247.5000 0.2046
11256.5000 0.2047
11261.3000 0.2048
11265.1000 0.2049
11277.3000 0.2050
11289.4000 0.2051
11292.8000 0.2052
11295.5000 0.2053
11296.2000 0.2054
11296.7000 0.2055
11302.3000 0.2056
11302.7000 0.2057
11339.0000 0.2058
11339.5000 0.2059
11350.5000 0.2060
11357.7000 0.2061
11363.0000 0.2062
11365.7000 0.2064
11378.8000 0.2065
11394.6000 0.2066
11395.5000 0.2067
11400.8000 0.2068
11413.6000 0.2069
11419.0000 0.2070
11421.0000 0.2071
11422.9000 0.2072
11429.0000 0.2073
11455.6000 0.2074
11469.8000 0.2075
11472.8000 0.2076
11480.2000 0.2077
11484.2000 0.2078
11484.6000 0.2079
11503.4000 0.2080
11505.6000 0.2081
11507.6000 0.2082
11512.5000 0.2083
11519.3000 0.2084
11519.8000 0.2085
11532.9000 0.2086
11556.0000 0.2087
11557.7000 0.2089
11559.3000 0.2090
11579.5000 0.2091
11583.2000 0.2092
11597.8000 0.2093
11602.4000 0.2094
11610.2000 0.2095
11614.0000 0.2096
11619.9000 0.2097
11631.4000 0.2098
11649.9000 0.2099
11660.4000 0.2100
11670.9000 0.2101
11673.1000 0.2102
11682.0000 0.2103
11684.5000 0.2104
11685.6000 0.2105
11696.3000 0.2106
11699.7000 0.2107
11707.7000 0.2108
11711.1000 0.2109
11716.0000 0.2110
11724.2000 0.2111
11737.7000 0.2112
11742.1000 0.2114
11742.6000 0.2115
11752.3000 0.2116
11759.6000 0.2117
11760.0000 0.2118
11761.7000 0.2119
11763.5000 0.2120
11781.3000 0.2121
11805.6000 0.2122
11807.9000 0.2123
11813.4000 0.2124
11817.0000 0.2125
11826.6000 0.2126
11838.6000 0.2127
11856.7000 0.2128
11862.7000 0.2129
11868.5000 0.2130
11873.6000 0.2131
11878.7000 0.2132
11888.5000 0.2133
11906.5000 0.2134
11912.8000 0.2135
11915.5000 0.2136
11921.5000 0.2137
11923.7000 0.2139
11948.0000 0.2140
11963.5000 0.2141
11969.1000 0.2142
11980.8000 0.2143
11985.9000 0.2144
11989.0000 0.2145
11990.3000 0.2146
11994.1000 0.2147
11995.5000 0.2148
12011.6000 0.2149
12013.0000 0.2150
12016.9000 0.2151
12029.4000 0.2152
12032.8000 0.2153
12048.2000 0.2154
12058.0000 0.2155
12058.6000 0.2156
12082.4000 0.2157
12091.0000 0.2158
12093.3000 0.2159
12094.3000 0.2160
12095.9000 0.2161
12104.1000 0.2162
12113.3000 0.2164
12130.2000 0.2165
12141.4000 0.2166
12147.3000 0.2167
12152.6000 0.2168
12164.9000 0.2169
12178.6000 0.2170
12188.3000 0.2171
12199.0000 0.2172
12200.0000 0.2173
12203.6000 0.2174
12244.0000 0.2175
12246.9000 0.2176
12255.1000 0.2177
12256.9000 0.2178
12278.0000 0.2179
12287.8000 0.2180
12299.2000 0.2181
12303.0000 0.2182
12305.9000 0.2183
12329.8000 0.2184
12335.7000 0.2185
12347.6000 0.2186
12354.3000 0.2187
12370.0000 0.2189
12376.4000 0.2190
12403.5000 0.2191
12416.2000 0.2192
12417.4000 0.2193
12428.5000 0.2194
12429.1000 0.2195
12433.2000 0.2196
12454.2000 0.2197
12478.3000 0.2198
12482.6000 0.2199
12500.7000 0.2200
12515.1000 0.2201
12515.3000 0.2202
12515.5000 0.2203
12546.3000 0.2204
12548.4000 0.2205
12549.6000 0.2206
12554.0000 0.2207
12558.2000 0.2208
12572.8000 0.2209
12576.0000 0.2210
12580.7000 0.2211
12586.3000 0.2212
12598.8000 0.2214
12599.3000 0.2215
12603.8000 0.2216
12608.8000 0.2217
12620.7000 0.2218
12621.5000 0.2219
12637.0000 0.2220
12638.7000 0.2221
12646.4000 0.2222
12647.9000 0.2223
12657.5000 0.2224
12683.1000 0.2225
12683.9000 0.2226
12684.9000 0.2227
12713.6000 0.2228
12717.8000 0.2229
12724.3000 0.2230
12727.8000 0.2231
12729.8000 0.2232
12745.0000 0.2233
12761.7000 0.2234
12778.9000 0.2235
12779.2000 0.2236
12788.0000 0.2237
12800.0000 0.2239
12815.3000 0.2240
12820.5000 0.2241
12825.8000 0.2242
12829.6000 0.2243
12839.6000 0.2244
12855.2000 0.2245
12859.2000 0.2246
12863.6000 0.2247
12872.6000 0.2248
12875.3000 0.2249
12883.6000 0.2250
12890.7000 0.2251
12911.0000 0.2252
12922.8000 0.2253
12936.7000 0.2254
12937.3000 0.2255
12938.9000 0.2256
12949.3000 0.2257
12955.2000 0.2258
12966.5000 0.2259
12977.3000 0.2260
12988.4000 0.2261
12992.6000 0.2262
12993.2000 0.2264
13018.3000 0.2265
13030.5000 0.2266
13035.2000 0.2267
13047.1000 0.2268
13053.0000 0.2269
13067.6000 0.2270
13069.4000 0.2271
13071.1000 0.2272
13097.9000 0.2273
13099.4000 0.2274
13114.4000 0.2275
13119.1000 0.2276
13124.1000 0.2277
13161.9000 0.2278
13164.1000 0.2279
13173.9000 0.2280
13173.9000 0.2281
13175.4000 0.2282
13219.8000 0.2283
13223.3000 0.2284
13227.4000 0.2285
13232.2000 0.2286
13247.9000 0.2287
13258.3000 0.2289
13262.5000 0.2290
13279.8000 0.2291
13295.6000 0.2292
13298.7000 0.2293
13313.0000 0.2294
13347.6000 0.2295
13362.5000 0.2296
13367.9000 0.2297
13370.1000 0.2298
13370.3000 0.2299
13377.4000 0.2300
13379.2000 0.2301
13384.0000 0.2302
13396.7000 0.2303
13400.0000 0.2304
13415.0000 0.2305
13418.3000 0.2306
13422.0000 0.2307
13441.6000 0.2308
13444.2000 0.2309
13453.4000 0.2310
13457.9000 0.2311
13463.5000 0.2312
13495.2000 0.2314
13503.0000 0.2315
13524.7000 0.2316
13537.2000 0.2317
13545.5000 0.2318
13555.9000 0.2319
13617.5000 0.2320
13623.0000 0.2321
13645.2000 0.2322
13649.5000 0.2323
13655.7000 0.2324
13664.0000 0.2325
13672.6000 0.2326
13673.3000 0.2327
13678.6000 0.2328
13679.6000 0.2329
13685.9000 0.2330
13694.5000 0.2331
13699.5000 0.2332
13701.2000 0.2333
13709.7000 0.2334
13714.4000 0.2335
13728.0000 0.2336
13734.2000 0.2337
13744.9000 0.2339
13748.6000 0.2340
13764.6000 0.2341
13773.6000 0.2342
13810.6000 0.2343
13816.0000 0.2344
13834.6000 0.2345
13853.7000 0.2346
13853.7000 0.2347
13862.4000 0.2348
13867.8000 0.2349
13871.2000 0.2350
13876.5000 0.2351
13898.2000 0.2352
13920.7000 0.2353
13924.2000 0.2354
13927.3000 0.2355
13928.8000 0.2356
13934.3000 0.2357
13948.0000 0.2358
13998.8000 0.2359
14001.7000 0.2360
14003.2000 0.2361
14009.6000 0.2362
14062.9000 0.2364
14078.4000 0.2365
14078.6000 0.2366
14105.0000 0.2367
14107.6000 0.2368
14117.4000 0.2369
14118.5000 0.2370
14124.5000 0.2371
14125.2000 0.2372
14125.8000 0.2373
14125.9000 0.2374
14132.1000 0.2375
14157.5000 0.2376
14165.0000 0.2377
14171.0000 0.2378
14173.9000 0.2379
14176.3000 0.2380
14189.3000 0.2381
14199.7000 0.2382
14218.2000 0.2383
14225.2000 0.2384
14228.2000 0.2385
14234.0000 0.2386
14241.5000 0.2387
14258.1000 0.2389
14259.5000 0.2390
14317.9000 0.2391
14336.1000 0.2392
14336.4000 0.2393
14339.5000 0.2394
14340.1000 0.2395
14347.3000 0.2396
14358.5000 0.2397
14363.6000 0.2398
14392.3000 0.2399
14411.0000 0.2400
14439.3000 0.2401
14442.8000 0.2402
14461.0000 0.2403
14473.6000 0.2404
14484.1000 0.2405
14496.4000 0.2406
14499.7000 0.2407
14507.6000 0.2408
14530.3000 0.2409
14537.4000 0.2410
14541.2000 0.2411
14576.9000 0.2412
14580.0000 0.2414
14583.0000 0.2415
14592.6000 0.2416
14599.2000 0.2417
14600.9000 0.2418
14600.9000 0.2419
14603.1000 0.2420
14612.4000 0.2421
14615.9000 0.2422
14621.7000 0.2423
14624.1000 0.2424
14630.3000 0.2425
14634.8000 0.2426
14648.3000 0.2427
14654.4000 0.2428
14659.6000 0.2429
14673.4000 0.2430
14675.0000 0.2431
14682.4000 0.2432
14686.1000 0.2433
14689.3000 0.2434
14692.0000 0.2435
14701.3000 0.2436
14705.6000 0.2437
14708.9000 0.2439
14719.5000 0.2440
14749.0000 0.2441
14751.1000 0.2442
14752.6000 0.2443
14761.7000 0.2444
14766.8000 0.2445
14800.6000 0.2446
14801.8000 0.2447
14804.5000 0.2448
14805.9000 0.2449
14807.9000 0.2450
14814.9000 0.2451
14828.3000 0.2452
14831.0000 0.2453
14835.2000 0.2454
14850.4000 0.2455
14873.6000 0.2456
14877.3000 0.2457
14884.1000 0.2458
14891.8000 0.2459
14894.3000 0.2460
14909.2000 0.2461
14922.6000 0.2462
14928.3000 0.2464
14934.1000 0.2465
14937.0000 0.2466
14956.0000 0.2467
14967.6000 0.2468
14988.2000 0.2469
14997.3000 0.2470
15002.8000 0.2471
15015.0000 0.2472
15030.5000 0.2473
15034.1000 0.2474
15035.8000 0.2475
15048.1000 0.2476
15063.3000 0.2477
15069.4000 0.2478
15070.5000 0.2479
15085.2000 0.2480
15086.4000 0.2481
15089.0000 0.2482
15109.4000 0.2483
15118.8000 0.2484
15128.3000 0.2485
15133.0000 0.2486
15140.9000 0.2487
15150.0000 0.2489
15155.3000 0.2490
15157.0000 0.2491
15163.1000 0.2492
15168.2000 0.2493
15169.6000 0.2494
15204.4000 0.2495
15212.4000 0.2496
15214.1000 0.2497
15229.0000 0.2498
15231.2000 0.2499
15237.1000 0.2500
15238.4000 0.2501
15240.7000 0.2502
15257.3000 0.2503
15260.5000 0.2504
15269.6000 0.2505
15269.8000 0.2506
15282.3000 0.2507
15285.3000 0.2508
15308.4000 0.2509
15309.4000 0.2510
15310.2000 0.2511
15311.1000 0.2512
15323.5000 0.2514
15325.1000 0.2515
15328.5000 0.2516
15330.1000 0.2517
15333.2000 0.2518
15346.0000 0.2519
15352.1000 0.2520
15361.2000 0.2521
15369.1000 0.2522
15370.0000 0.2523
15378.8000 0.2524
15378.9000 0.2525
15383.6000 0.2526
15384.6000 0.2527
15386.3000 0.2528
15397.4000 0.2529
15398.4000 0.2530
15436.7000 0.2531
15495.3000 0.2532
15501.2000 0.2533
15506.1000 0.2534
15511.6000 0.2535
15523.6000 0.2536
15525.5000 0.2537
15532.9000 0.2539
15546.8000 0.2540
15549.8000 0.2541
15564.4000 0.2542
15577.0000 0.2543
15589.5000 0.2544
15596.6000 0.2545
15596.9000 0.2546
15608.3000 0.2547
15619.6000 0.2548
15626.7000 0.2549
15635.1000 0.2550
15635.2000 0.2551
15638.1000 0.2552
15657.6000 0.2553
15663.7000 0.2554
15691.4000 0.2555
15696.7000 0.2556
15711.8000 0.2557
15729.3000 0.2558
15747.4000 0.2559
15778.5000 0.2560
15806.9000 0.2561
15811.0000 0.2562
15813.6000 0.2564
15823.0000 0.2565
15826.5000 0.2566
15853.4000 0.2567
15868.0000 0.2568
15877.0000 0.2569
15889.5000 0.2570
15894.8000 0.2571
15913.0000 0.2572
15913.6000 0.2573
15913.9000 0.2574
15927.0000 0.2575
15936.6000 0.2576
15937.3000 0.2577
15941.3000 0.2578
15942.1000 0.2579
15943.1000 0.2580
15954.4000 0.2581
15954.8000 0.2582
15960.8000 0.2583
15978.8000 0.2584
15998.9000 0.2585
16001.4000 0.2586
16002.7000 0.2587
16010.8000 0.2589
16044.9000 0.2590
16051.0000 0.2591
16085.5000 0.2592
16098.4000 0.2593
16103.6000 0.2594
16104.0000 0.2595
16125.0000 0.2596
16136.3000 0.2597
16163.6000 0.2598
16184.4000 0.2599
16190.6000 0.2600
16197.8000 0.2601
16207.7000 0.2602
16219.8000 0.2603
16220.4000 0.2604
16221.3000 0.2605
16226.2000 0.2606
16237.4000 0.2607
16238.3000 0.2608
16240.2000 0.2609
16249.8000 0.2610
16256.4000 0.2611
16267.9000 0.2612
16268.8000 0.2614
16270.6000 0.2615
16273.1000 0.2616
16278.7000 0.2617
16288.1000 0.2618
16289.8000 0.2619
16305.1000 0.2620
16311.4000 0.2621
16336.4000 0.2622
16339.3000 0.2623
16339.4000 0.2624
16354.1000 0.2625
16356.6000 0.2626
16358.2000 0.2627
16370.5000 0.2628
16375.4000 0.2629
16382.7000 0.2630
16386.1000 0.2631
16386.8000 0.2632
16400.8000 0.2633
16442.3000 0.2634
16442.8000 0.2635
16452.5000 0.2636
16472.6000 0.2637
16478.1000 0.2639
16490.0000 0.2640
16500.3000 0.2641
16501.0000 0.2642
16501.5000 0.2643
16505.1000 0.2644
16520.6000 0.2645
16525.6000 0.2646
16553.5000 0.2647
16582.8000 0.2648
16591.3000 0.2649
16591.8000 0.2650
16595.0000 0.2651
16615.6000 0.2652
16634.6000 0.2653
16637.1000 0.2654
16638.6000 0.2655
16651.0000 0.2656
16656.6000 0.2657
16663.0000 0.2658
16665.0000 0.2659
16695.1000 0.2660
16699.3000 0.2661
16707.1000 0.2662
16719.3000 0.2664
16729.0000 0.2665
16729.3000 0.2666
16730.3000 0.2667
16731.5000 0.2668
16734.2000 0.2669
16737.5000 0.2670
16743.3000 0.2671
16763.0000 0.2672
16765.9000 0.2673
16782.6000 0.2674
16783.4000 0.2675
16790.7000 0.2676
16794.4000 0.2677
16801.9000 0.2678
16803.5000 0.2679
16805.8000 0.2680
16822.4000 0.2681
16825.0000 0.2682
16839.1000 0.2683
16867.7000 0.2684
16885.1000 0.2685
16896.4000 0.2686
16908.4000 0.2687
16961.6000 0.2689
16969.6000 0.2690
16977.2000 0.2691
16981.2000 0.2692
16984.4000 0.2693
16989.1000 0.2694
16990.1000 0.2695
16995.1000 0.2696
16997.2000 0.2697
16999.1000 0.2698
17009.6000 0.2699
17042.6000 0.2700
17046.8000 0.2701
17068.5000 0.2702
17085.2000 0.2703
17088.4000 0.2704
17088.8000 0.2705
17093.7000 0.2706
17115.6000 0.2707
17122.1000 0.2708
17131.1000 0.2709
17131.7000 0.2710
17136.8000 0.2711
17138.6000 0.2712
17141.5000 0.2714
17142.2000 0.2715
17146.4000 0.2716
17147.4000 0.2717
17148.8000 0.2718
17152.4000 0.2719
17168.8000 0.2720
17172.3000 0.2721
17176.9000 0.2722
17184.5000 0.2723
17189.5000 0.2724
17194.9000 0.2725
17232.0000 0.2726
17241.0000 0.2727
17250.3000 0.2728
17254.3000 0.2729
17254.6000 0.2730
17264.8000 0.2731
17281.9000 0.2732
17289.4000 0.2733
17294.6000 0.2734
17296.8000 0.2735
17303.6000 0.2736
17305.1000 0.2737
17306.5000 0.2739
17315.8000 0.2740
17325.3000 0.2741
17329.0000 0.2742
17329.6000 0.2743
17352.6000 0.2744
17357.2000 0.2745
17358.5000 0.2746
17370.2000 0.2747
17377.9000 0.2748
17411.0000 0.2749
17419.3000 0.2750
17429.7000 0.2751
17432.5000 0.2752
17433.0000 0.2753
17453.2000 0.2754
17454.4000 0.2755
17455.1000 0.2756
17463.9000 0.2757
17483.6000 0.2758
17484.3000 0.2759
17485.0000 0.2760
17496.1000 0.2761
17505.8000 0.2762
17508.9000 0.2764
17519.0000 0.2765
17532.8000 0.2766
17536.4000 0.2767
17543.3000 0.2768
17573.6000 0.2769
17574.5000 0.2770
17575.0000 0.2771
17581.6000 0.2772
17585.9000 0.2773
17597.4000 0.2774
17617.6000 0.2775
17617.9000 0.2776
17631.7000 0.2777
17632.0000 0.2778
17636.1000 0.2779
17638.5000 0.2780
17639.7000 0.2781
17645.6000 0.2782
17651.0000 0.2783
17652.9000 0.2784
17663.1000 0.2785
17664.7000 0.2786
17680.6000 0.2787
17680.6000 0.2789
17686.4000 0.2790
17700.3000 0.2791
17702.9000 0.2792
17709.2000 0.2793
17710.7000 0.2794
17726.1000 0.2795
17750.7000 0.2796
17777.3000 0.2797
17805.2000 0.2798
17828.9000 0.2799
17835.5000 0.2800
17836.3000 0.2801
17837.2000 0.2802
17838.6000 0.2803
17847.9000 0.2804
17858.0000 0.2805
17880.1000 0.2806
17885.3000 0.2807
17893.6000 0.2808
17901.6000 0.2809
17918.5000 0.2810
17924.1000 0.2811
17924.6000 0.2812
17926.7000 0.2814
17938.8000 0.2815
17939.9000 0.2816
17943.8000 0.2817
17961.0000 0.2818
17964.4000 0.2819
17971.9000 0.2820
17982.1000 0.2821
18007.3000 0.2822
18012.3000 0.2823
18019.6000 0.2824
18026.1000 0.2825
18043.9000 0.2826
18047.7000 0.2827
18072.1000 0.2828
18072.4000 0.2829
18074.0000 0.2830
18086.1000 0.2831
18089.1000 0.2832
18102.3000 0.2833
18107.6000 0.2834
18109.0000 0.2835
18111.9000 0.2836
18123.1000 0.2837
18136.8000 0.2839
18172.9000 0.2840
18173.5000 0.2841
18187.5000 0.2842
18200.0000 0.2843
18202.0000 0.2844
18243.7000 0.2845
18255.4000 0.2846
18284.1000 0.2847
18292.5000 0.2848
18293.2000 0.2849
18307.0000 0.2850
18311.1000 0.2851
18314.1000 0.2852
18345.2000 0.2853
18348.1000 0.2854
18360.7000 0.2855
18367.3000 0.2856
18367.5000 0.2857
18367.8000 0.2858
18375.6000 0.2859
18378.0000 0.2860
18379.2000 0.2861
18389.5000 0.2862
18411.6000 0.2864
18413.0000 0.2865
18432.8000 0.2866
18443.8000 0.2867
18466.1000 0.2868
18495.2000 0.2869
18500.8000 0.2870
18507.7000 0.2871
18524.4000 0.2872
18547.0000 0.2873
18552.4000 0.2874
18563.4000 0.2875
18566.4000 0.2876
18572.2000 0.2877
18574.2000 0.2878
18578.1000 0.2879
18586.2000 0.2880
18590.8000 0.2881
18598.7000 0.2882
18601.7000 0.2883
18613.8000 0.2884
18623.2000 0.2885
18654.2000 0.2886
18664.8000 0.2887
18689.7000 0.2889
18698.6000 0.2890
18703.0000 0.2891
18718.8000 0.2892
18728.0000 0.2893
18734.1000 0.2894
18740.6000 0.2895
18748.1000 0.2896
18758.4000 0.2897
18802.4000 0.2898
18812.7000 0.2899
18813.7000 0.2900
18818.1000 0.2901
18834.8000 0.2902
18836.5000 0.2903
18842.6000 0.2904
18842.6000 0.2905
18861.3000 0.2906
18865.4000 0.2907
18865.5000 0.2908
18872.4000 0.2909
18900.5000 0.2910
18901.4000 0.2911
18913.9000 0.2912
18919.5000 0.2914
18922.0000 0.2915
18936.5000 0.2916
18938.9000 0.2917
18940.6000 0.2918
18943.0000 0.2919
18957.3000 0.2920
18963.0000 0.2921
18976.2000 0.2922
18977.8000 0.2923
18998.4000 0.2924
19000.9000 0.2925
19003.3000 0.2926
19006.0000 0.2927
19023.6000 0.2928
19026.1000 0.2929
19031.5000 0.2930
19033.8000 0.2931
19043.6000 0.2932
19052.8000 0.2933
19059.0000 0.2934
19078.2000 0.2935
19093.1000 0.2936
19123.3000 0.2937
19139.0000 0.2939
19153.1000 0.2940
19155.9000 0.2941
19156.3000 0.2942
19162.3000 0.2943
19162.8000 0.2944
19183.4000 0.2945
19186.6000 0.2946
19188.6000 0.2947
19232.2000 0.2948
19247.9000 0.2949
19250.3000 0.2950
19256.9000 0.2951
19259.2000 0.2952
19259.7000 0.2953
19264.6000 0.2954
19273.5000 0.2955
19280.7000 0.2956
19282.4000 0.2957
19288.4000 0.2958
19291.8000 0.2959
19293.9000 0.2960
19296.5000 0.2961
19299.3000 0.2962
19310.3000 0.2964
19311.5000 0.2965
19316.0000 0.2966
19329.0000 0.2967
19337.2000 0.2968
19343.1000 0.2969
19372.1000 0.2970
19374.0000 0.2971
19380.6000 0.2972
19384.6000 0.2973
19386.9000 0.2974
19387.0000 0.2975
19414.1000 0.2976
19427.1000 0.2977
19449.0000 0.2978
19461.3000 0.2979
19464.9000 0.2980
19466.6000 0.2981
19477.2000 0.2982
19493.0000 0.2983
19498.4000 0.2984
19509.4000 0.2985
19509.7000 0.2986
19534.2000 0.2987
19545.4000 0.2989
19548.8000 0.2990
19550.7000 0.2991
19566.3000 0.2992
19573.5000 0.2993
19577.9000 0.2994
19602.2000 0.2995
19624.9000 0.2996
19717.1000 0.2997
19719.6000 0.2998
19724.2000 0.2999
19725.4000 0.3000
19731.5000 0.3001
19735.2000 0.3002
19750.8000 0.3003
19759.0000 0.3004
19793.8000 0.3005
19795.7000 0.3006
19809.8000 0.3007
19813.1000 0.3008
19816.4000 0.3009
19820.9000 0.3010
19822.2000 0.3011
19854.8000 0.3012
19871.0000 0.3014
19896.2000 0.3015
19911.6000 0.3016
19914.3000 0.3017
19927.1000 0.3018
19928.2000 0.3019
19938.2000 0.3020
19948.5000 0.3021
19957.0000 0.3022
19984.6000 0.3023
19984.7000 0.3024
20001.8000 0.3025
20017.2000 0.3026
20035.3000 0.3027
20035.4000 0.3028
20037.0000 0.3029
20043.5000 0.3030
20051.0000 0.3031
20054.0000 0.3032
20061.2000 0.3033
20063.3000 0.3034
20065.4000 0.3035
20068.2000 0.3036
20080.5000 0.3037
20092.3000 0.3039
20095.4000 0.3040
20102.7000 0.3041
20103.6000 0.3042
20107.9000 0.3043
20112.7000 0.3044
20114.2000 0.3045
20122.1000 0.3046
20127.8000 0.3047
20136.5000 0.3048
20137.6000 0.3049
20141.5000 0.3050
20153.4000 0.3051
20162.8000 0.3052
20164.4000 0.3053
20169.7000 0.3054
20177.5000 0.3055
20191.8000 0.3056
20218.8000 0.3057
20221.3000 0.3058
20240.2000 0.3059
20246.0000 0.3060
20263.7000 0.3061
20264.7000 0.3062
20271.6000 0.3064
20277.0000 0.3065
20280.8000 0.3066
20283.2000 0.3067
20284.7000 0.3068
20289.3000 0.3069
20296.6000 0.3070
20299.7000 0.3071
20301.3000 0.3072
20326.7000 0.3073
20334.0000 0.3074
20334.4000 0.3075
20336.5000 0.3076
20339.3000 0.3077
20343.7000 0.3078
20344.3000 0.3079
20362.2000 0.3080
20368.8000 0.3081
20371.3000 0.3082
20378.8000 0.3083
20385.7000 0.3084
20386.2000 0.3085
20388.9000 0.3086
20396.6000 0.3087
20396.7000 0.3089
20407.7000 0.3090
20441.1000 0.3091
20449.1000 0.3092
20449.2000 0.3093
20458.3000 0.3094
20482.4000 0.3095
20490.3000 0.3096
20493.6000 0.3097
20497.6000 0.3098
20497.8000 0.3099
20508.6000 0.3100
20514.5000 0.3101
20522.9000 0.3102
20532.7000 0.3103
20540.0000 0.3104
20543.4000 0.3105
20545.7000 0.3106
20549.5000 0.3107
20568.6000 0.3108
20580.6000 0.3109
20587.0000 0.3110
20594.5000 0.3111
20597.2000 0.3112
20617.1000 0.3114
20627.0000 0.3115
20629.0000 0.3116
20635.3000 0.3117
20650.9000 0.3118
20654.6000 0.3119
20657.7000 0.3120
20659.0000 0.3121
20679.0000 0.3122
20682.7000 0.3123
20711.1000 0.3124
20712.6000 0.3125
20713.7000 0.3126
20717.6000 0.3127
20720.0000 0.3128
20727.8000 0.3129
20735.1000 0.3130
20761.6000 0.3131
20775.1000 0.3132
20779.1000 0.3133
20779.4000 0.3134
20787.9000 0.3135
20790.6000 0.3136
20793.4000 0.3137
20794.5000 0.3139
20810.8000 0.3140
20824.3000 0.3141
20838.9000 0.3142
20845.7000 0.3143
20846.0000 0.3144
20859.1000 0.3145
20863.8000 0.3146
20876.5000 0.3147
20925.8000 0.3148
20941.1000 0.3149
20944.8000 0.3150
20966.5000 0.3151
20994.7000 0.3152
21024.7000 0.3153
21037.0000 0.3154
21054.5000 0.3155
21060.1000 0.3156
21079.5000 0.3157
21082.4000 0.3158
21095.2000 0.3159
21108.4000 0.3160
21111.7000 0.3161
21115.8000 0.3162
21117.0000 0.3164
21119.8000 0.3165
21120.2000 0.3166
21120.4000 0.3167
21120.7000 0.3168
21140.9000 0.3169
21141.5000 0.3170
21159.1000 0.3171
21172.0000 0.3172
21204.2000 0.3173
21224.7000 0.3174
21229.2000 0.3175
21296.3000 0.3176
21304.3000 0.3177
21316.2000 0.3178
21322.6000 0.3179
21326.3000 0.3180
21349.8000 0.3181
21393.8000 0.3182
21401.6000 0.3183
21418.7000 0.3184
21438.4000 0.3185
21454.7000 0.3186
21461.9000 0.3187
21472.1000 0.3189
21476.3000 0.3190
21485.0000 0.3191
21487.1000 0.3192
21489.6000 0.3193
21506.1000 0.3194
21520.8000 0.3195
21534.1000 0.3196
21542.8000 0.3197
21552.7000 0.3198
21553.4000 0.3199
21587.6000 0.3200
21590.2000 0.3201
21601.6000 0.3202
21609.5000 0.3203
21613.5000 0.3204
21636.6000 0.3205
21638.7000 0.3206
21669.0000 0.3207
21685.6000 0.3208
21709.3000 0.3209
21710.4000 0.3210
21723.0000 0.3211
21729.7000 0.3212
21730.5000 0.3214
21752.6000 0.3215
21758.6000 0.3216
21765.9000 0.3217
21766.7000 0.3218
21773.6000 0.3219
21785.3000 0.3220
21833.8000 0.3221
21849.5000 0.3222
21856.3000 0.3223
21877.0000 0.3224
21899.4000 0.3225
21907.0000 0.3226
21923.7000 0.3227
21927.2000 0.3228
21946.3000 0.3229
21946.5000 0.3230
21953.0000 0.3231
21995.4000 0.3232
21996.5000 0.3233
22016.7000 0.3234
22021.5000 0.3235
22039.6000 0.3236
22041.9000 0.3237
22050.1000 0.3239
22068.8000 0.3240
22113.4000 0.3241
22115.2000 0.3242
22126.1000 0.3243
22129.5000 0.3244
22132.3000 0.3245
22142.2000 0.3246
22167.6000 0.3247
22186.8000 0.3248
22205.2000 0.3249
22206.6000 0.3250
22248.1000 0.3251
22249.7000 0.3252
22258.2000 0.3253
22268.2000 0.3254
22269.6000 0.3255
22300.0000 0.3256
22304.0000 0.3257
22311.2000 0.3258
22312.7000 0.3259
22349.5000 0.3260
22349.9000 0.3261
22361.4000 0.3263
22397.5000 0.3264
22402.3000 0.3265
22410.4000 0.3266
22421.7000 0.3267
22429.4000 0.3268
22431.0000 0.3269
22444.5000 0.3270
22457.3000 0.3271
22462.7000 0.3272
22464.1000 0.3273
22474.4000 0.3274
22489.7000 0.3275
22496.3000 0.3276
22496.9000 0.3277
22499.9000 0.3278
22536.3000 0.3279
22536.6000 0.3280
22542.3000 0.3281
22549.1000 0.3282
22560.5000 0.3283
22567.2000 0.3284
22569.4000 0.3285
22579.2000 0.3286
22581.2000 0.3288
22581.3000 0.3289
22591.8000 0.3290
22597.6000 0.3291
22610.1000 0.3292
22619.1000 0.3293
22637.6000 0.3294
22660.0000 0.3295
22670.7000 0.3296
22672.6000 0.3297
22681.7000 0.3298
22698.4000 0.3299
22715.7000 0.3300
22724.3000 0.3301
22748.1000 0.3302
22762.5000 0.3303
22767.7000 0.3304
22802.5000 0.3305
22813.6000 0.3306
22826.7000 0.3307
22833.0000 0.3308
22839.5000 0.3309
22876.0000 0.3310
22878.6000 0.3311
22884.3000 0.3313
22899.1000 0.3314
22972.1000 0.3315
22980.2000 0.3316
22990.6000 0.3317
22996.2000 0.3318
23000.3000 0.3319
23008.0000 0.3320
23023.7000 0.3321
23046.6000 0.3322
23086.2000 0.3323
23115.2000 0.3324
23127.3000 0.3325
23132.0000 0.3326
23167.8000 0.3327
23217.5000 0.3328
23220.1000 0.3329
23222.3000 0.3330
23232.0000 0.3331
23242.6000 0.3332
23269.2000 0.3333
23296.9000 0.3334
23306.2000 0.3335
23379.0000 0.3336
23418.1000 0.3338
23438.2000 0.3339
23448.0000 0.3340
23449.0000 0.3341
23462.3000 0.3342
23514.4000 0.3343
23516.8000 0.3344
23533.0000 0.3345
23534.1000 0.3346
23552.9000 0.3347
23555.8000 0.3348
23558.5000 0.3349
23583.1000 0.3350
23632.8000 0.3351
23660.4000 0.3352
23754.9000 0.3353
23756.0000 0.3354
23818.3000 0.3355
23824.7000 0.3356
23827.6000 0.3357
23834.1000 0.3358
23873.8000 0.3359
23903.0000 0.3360
23919.0000 0.3361
23986.3000 0.3363
24012.8000 0.3364
24025.5000 0.3365
24035.4000 0.3366
24064.4000 0.3367
24083.0000 0.3368
24095.5000 0.3369
24123.3000 0.3370
24131.0000 0.3371
24162.6000 0.3372
24170.4000 0.3373
24213.1000 0.3374
24224.0000 0.3375
24246.5000 0.3376
24262.5000 0.3377
24273.3000 0.3378
24283.3000 0.3379
24284.3000 0.3380
24307.1000 0.3381
24321.2000 0.3382
24326.7000 0.3383
24328.7000 0.3384
24390.3000 0.3385
24408.4000 0.3386
24464.7000 0.3388
24495.8000 0.3389
24503.6000 0.3390
24519.7000 0.3391
24531.6000 0.3392
24547.0000 0.3393
24602.1000 0.3394
24625.8000 0.3395
24652.2000 0.3396
24708.4000 0.3397
24773.1000 0.3398
24792.7000 0.3399
24812.1000 0.3400
24818.8000 0.3401
24844.9000 0.3402
24873.8000 0.3403
24889.7000 0.3404
24899.6000 0.3405
24981.3000 0.3406
25009.6000 0.3407
25025.8000 0.3408
25062.3000 0.3409
25074.9000 0.3410
25156.0000 0.3411
25187.1000 0.3413
25269.8000 0.3414
25323.5000 0.3415
25326.1000 0.3416
25385.6000 0.3417
25421.8000 0.3418
25424.2000 0.3419
25444.0000 0.3420
25494.8000 0.3421
25512.8000 0.3422
25565.8000 0.3423
25728.3000 0.3424
25733.6000 0.3425
25782.1000 0.3426
25817.7000 0.3427
25819.1000 0.3428
25874.5000 0.3429
25919.7000 0.3430
25950.4000 0.3431
25993.6000 0.3432
26020.4000 0.3433
26029.3000 0.3434
26059.3000 0.3435
26132.3000 0.3436
26171.4000 0.3438
26269.1000 0.3439
26341.3000 0.3440
26388.4000 0.3441
26424.8000 0.3442
26484.4000 0.3443
26489.8000 0.3444
26494.6000 0.3445
26535.3000 0.3446
26554.8000 0.3447
26580.5000 0.3448
26662.4000 0.3449
26890.8000 0.3450
26959.6000 0.3451
27019.0000 0.3452
27107.1000 0.3453
27187.5000 0.3454
27260.1000 0.3455
27390.3000 0.3456
27474.0000 0.3457
27511.3000 0.3458
