60.0000 0.0000 0.0000
120.1000 0.0001 0.0000
180.2000 0.0001 0.0000
240.3000 0.0001 0.0000
300.3000 0.0002 0.0000
360.3000 0.0002 0.0000
420.3000 0.0003 0.0000
480.3000 0.0003 0.0000
540.3000 0.0004 0.0000
600.3000 0.0005 0.0000
660.3000 0.0006 0.0000
720.3000 0.0007 0.0000
780.3000 0.0008 0.0000
840.3000 0.0009 0.0000
900.3000 0.0011 0.0000
960.3000 0.0013 0.0000
1020.3000 0.0015 0.0000
1080.4000 0.0019 0.0000
1140.5000 0.0021 0.0000
1200.6000 0.0025 0.0000
1260.7000 0.0028 0.0000
1320.8000 0.0032 0.0000
1380.9000 0.0037 0.0000
1441.0000 0.0042 0.0000
1501.1000 0.0048 0.0000
1561.2000 0.0054 0.0000
1621.3000 0.0062 0.0000
1681.4000 0.0068 0.0000
1741.5000 0.0075 0.0000
1801.6000 0.0080 0.0000
1861.7000 0.0087 0.0000
1921.8000 0.0094 0.0000
1981.9000 0.0101 0.0000
2042.0000 0.0111 0.0000
2102.1000 0.0119 0.0000
2162.2000 0.0127 0.0000
2222.3000 0.0135 0.0000
2282.4000 0.0145 0.0000
2342.5000 0.0153 0.0000
2402.6000 0.0160 0.0000
2462.7000 0.0169 0.0000
2522.8000 0.0176 0.0000
2582.9000 0.0183 0.0000
2643.0000 0.0191 0.0000
2703.1000 0.0199 0.0000
2763.2000 0.0206 0.0000
2823.3000 0.0213 0.0000
2883.4000 0.0219 0.0000
2943.5000 0.0226 0.0000
3003.6000 0.0233 0.0000
3063.7000 0.0240 0.0000
3123.8000 0.0248 0.0000
3183.9000 0.0256 0.0000
3244.0000 0.0266 0.0000
3304.1000 0.0273 0.0000
3364.2000 0.0281 0.0000
3424.3000 0.0288 0.0000
3484.4000 0.0298 0.0000
3544.5000 0.0304 0.0000
3604.6000 0.0311 0.0000
3664.7000 0.0318 0.0000
3724.8000 0.0325 0.0000
3784.9000 0.0332 0.0000
3845.0000 0.0339 0.0000
3905.1000 0.0347 0.0000
3965.2000 0.0353 0.0000
4025.3000 0.0361 0.0000
4085.4000 0.0367 0.0000
4145.4000 0.0374 0.0000
4205.4000 0.0380 0.0000
4265.4000 0.0385 0.0000
4325.4000 0.0393 0.0000
4385.4000 0.0401 0.0000
4445.4000 0.0410 0.0000
4505.4000 0.0419 0.0000
4565.4000 0.0427 0.0000
4625.4000 0.0435 0.0000
4685.4000 0.0445 0.0000
4745.4000 0.0452 0.0000
4805.4000 0.0459 0.0000
4865.4000 0.0466 0.0000
4925.4000 0.0473 0.0000
4985.4000 0.0480 0.0000
5045.4000 0.0487 0.0000
5105.4000 0.0495 0.0000
5165.4000 0.0500 0.0000
5225.4000 0.0508 0.0000
5285.4000 0.0514 0.0000
5345.4000 0.0520 0.0000
5405.4000 0.0526 0.0000
5465.4000 0.0531 0.0000
5525.4000 0.0538 0.0000
5585.4000 0.0545 0.0000
5645.4000 0.0554 0.0000
5705.4000 0.0562 0.0000
5765.4000 0.0568 0.0000
5825.4000 0.0574 0.0000
5885.4000 0.0583 0.0000
5945.4000 0.0590 0.0000
6005.4000 0.0596 0.0000
6065.4000 0.0605 0.0000
6125.4000 0.0611 0.0000
6185.4000 0.0618 0.0000
6245.4000 0.0625 0.0000
6305.4000 0.0630 0.0000
6365.4000 0.0635 0.0000
6425.4000 0.0642 0.0000
6485.4000 0.0646 0.0000
6545.4000 0.0651 0.0000
6605.4000 0.0657 0.0000
6665.4000 0.0662 0.0000
6725.4000 0.0668 0.0001
6785.4000 0.0674 0.0001
6845.4000 0.0681 0.0001
6905.4000 0.0688 0.0001
6965.4000 0.0694 0.0001
7025.4000 0.0700 0.0001
7085.4000 0.0706 0.0001
7145.4000 0.0711 0.0001
7205.4000 0.0717 0.0001
7265.4000 0.0722 0.0001
7325.4000 0.0727 0.0001
7385.4000 0.0732 0.0001
7445.4000 0.0736 0.0001
7505.4000 0.0741 0.0001
7565.4000 0.0746 0.0001
7625.4000 0.0753 0.0001
7685.4000 0.0755 0.0001
7745.4000 0.0758 0.0001
7805.4000 0.0762 0.0001
7865.4000 0.0766 0.0001
7925.4000 0.0770 0.0001
7985.4000 0.0772 0.0001
8045.4000 0.0775 0.0001
8105.4000 0.0778 0.0001
8165.4000 0.0781 0.0001
8225.4000 0.0783 0.0001
8285.4000 0.0786 0.0001
8345.4000 0.0789 0.0001
8405.4000 0.0792 0.0001
8465.4000 0.0795 0.0001
8525.4000 0.0798 0.0001
8585.4000 0.0801 0.0001
8645.4000 0.0804 0.0001
8705.4000 0.0807 0.0001
8765.4000 0.0810 0.0001
8825.4000 0.0814 0.0001
8885.4000 0.0815 0.0001
8945.4000 0.0817 0.0001
9005.4000 0.0819 0.0001
9065.4000 0.0820 0.0001
9125.4000 0.0821 0.0001
9185.4000 0.0823 0.0001
9245.4000 0.0824 0.0001
9305.4000 0.0825 0.0001
9365.4000 0.0826 0.0001
9425.4000 0.0827 0.0001
9485.4000 0.0828 0.0001
9545.4000 0.0828 0.0001
9605.4000 0.0829 0.0001
9665.4000 0.0830 0.0001
9725.4000 0.0831 0.0001
9785.4000 0.0831 0.0001
9845.4000 0.0831 0.0001
9905.4000 0.0831 0.0001
9965.4000 0.0832 0.0001
10025.4000 0.0832 0.0001
10085.4000 0.0832 0.0001
10145.4000 0.0833 0.0001
10205.4000 0.0833 0.0001
10265.4000 0.0833 0.0001
10325.4000 0.0833 0.0001
10385.4000 0.0834 0.0001
10445.4000 0.0834 0.0001
10505.4000 0.0834 0.0001
10565.4000 0.0835 0.0001
10625.4000 0.0835 0.0001
10685.4000 0.0835 0.0001
10745.4000 0.0836 0.0001
10805.4000 0.0836 0.0001
10865.4000 0.0836 0.0001
10925.4000 0.0836 0.0001
10985.4000 0.0837 0.0001
11045.4000 0.0837 0.0001
11105.4000 0.0837 0.0001
11165.4000 0.0838 0.0001
11225.4000 0.0838 0.0001
11285.4000 0.0838 0.0001
11345.4000 0.0838 0.0001
11405.4000 0.0839 0.0001
11465.4000 0.0839 0.0001
11525.4000 0.0839 0.0001
11585.4000 0.0840 0.0001
11645.4000 0.0840 0.0001
11705.4000 0.0840 0.0001
11765.4000 0.0840 0.0001
11825.4000 0.0841 0.0001
11885.4000 0.0841 0.0001
11945.4000 0.0841 0.0001
12005.4000 0.0830 0.0001
12065.4000 0.0816 0.0001
12125.4000 0.0809 0.0001
12185.4000 0.0798 0.0001
12245.4000 0.0790 0.0001
12305.4000 0.0776 0.0001
12365.4000 0.0764 0.0001
12425.4000 0.0755 0.0001
12485.4000 0.0739 0.0001
12545.4000 0.0726 0.0001
12605.4000 0.0716 0.0001
12665.4000 0.0702 0.0001
12725.4000 0.0694 0.0001
12785.4000 0.0685 0.0001
12845.4000 0.0679 0.0001
12905.4000 0.0673 0.0001
12965.4000 0.0664 0.0001
13025.4000 0.0657 0.0001
13085.4000 0.0642 0.0001
13145.4000 0.0634 0.0001
13205.4000 0.0630 0.0001
13265.4000 0.0626 0.0001
13325.4000 0.0621 0.0001
13385.4000 0.0615 0.0001
13445.4000 0.0607 0.0001
13505.4000 0.0603 0.0001
13565.4000 0.0591 0.0000
13625.4000 0.0579 0.0000
13685.4000 0.0576 0.0000
13745.4000 0.0566 0.0000
13805.4000 0.0561 0.0000
13865.4000 0.0553 0.0000
13925.4000 0.0550 0.0000
13985.4000 0.0545 0.0000
14045.4000 0.0540 0.0000
14105.4000 0.0536 0.0000
14165.4000 0.0527 0.0000
14225.4000 0.0518 0.0000
14285.4000 0.0511 0.0000
14345.4000 0.0505 0.0000
14405.4000 0.0501 0.0000
14465.4000 0.0494 0.0000
14525.4000 0.0488 0.0000
14585.4000 0.0482 0.0000
14645.4000 0.0474 0.0000
14705.4000 0.0469 0.0000
14765.4000 0.0462 0.0000
14825.4000 0.0458 0.0000
14885.4000 0.0453 0.0000
14945.4000 0.0448 0.0000
15005.4000 0.0444 0.0000
15065.4000 0.0443 0.0000
15125.4000 0.0442 0.0000
15185.4000 0.0441 0.0000
15245.4000 0.0435 0.0000
15305.4000 0.0431 0.0000
15365.4000 0.0425 0.0000
15425.4000 0.0422 0.0000
15485.4000 0.0413 0.0000
15545.4000 0.0411 0.0000
15605.4000 0.0403 0.0000
15665.4000 0.0396 0.0000
15725.4000 0.0392 0.0000
15785.4000 0.0383 0.0000
15845.4000 0.0380 0.0000
15905.4000 0.0373 0.0000
15965.4000 0.0371 0.0000
16025.4000 0.0366 0.0000
16085.4000 0.0362 0.0000
16145.4000 0.0354 0.0000
16205.4000 0.0347 0.0000
16265.4000 0.0346 0.0000
16325.4000 0.0343 0.0000
16385.4000 0.0340 0.0000
16445.5000 0.0338 0.0000
16505.6000 0.0332 0.0000
16565.7000 0.0329 0.0000
16625.8000 0.0327 0.0000
16685.9000 0.0326 0.0000
16746.0000 0.0321 0.0000
16806.1000 0.0320 0.0000
16866.2000 0.0316 0.0000
16926.3000 0.0315 0.0000
16986.4000 0.0314 0.0000
17046.5000 0.0309 0.0000
17106.6000 0.0307 0.0000
17166.7000 0.0303 0.0000
17226.8000 0.0301 0.0000
17286.9000 0.0298 0.0000
17347.0000 0.0294 0.0000
17407.1000 0.0291 0.0000
17467.2000 0.0288 0.0000
17527.3000 0.0283 0.0000
17587.4000 0.0281 0.0000
17647.5000 0.0280 0.0000
17707.6000 0.0277 0.0000
17767.7000 0.0274 0.0000
17827.8000 0.0272 0.0000
17887.9000 0.0267 0.0000
17948.0000 0.0266 0.0000
18008.1000 0.0265 0.0000
18068.2000 0.0263 0.0000
18128.3000 0.0260 0.0000
18188.4000 0.0258 0.0000
18248.5000 0.0258 0.0000
18308.6000 0.0257 0.0000
18368.7000 0.0256 0.0000
18428.8000 0.0254 0.0000
18488.9000 0.0250 0.0000
18549.0000 0.0251 0.0000
18609.1000 0.0246 0.0000
18669.2000 0.0245 0.0000
18729.3000 0.0246 0.0000
18789.4000 0.0248 0.0000
18849.5000 0.0250 0.0000
18909.6000 0.0253 0.0000
18969.7000 0.0255 0.0000
19029.8000 0.0258 0.0000
19089.9000 0.0261 0.0000
19150.0000 0.0264 0.0000
19210.1000 0.0271 0.0000
19270.2000 0.0274 0.0000
19330.3000 0.0278 0.0000
19390.4000 0.0283 0.0000
19450.5000 0.0288 0.0000
19510.6000 0.0292 0.0000
19570.7000 0.0295 0.0000
19630.8000 0.0301 0.0000
19690.9000 0.0306 0.0000
19751.0000 0.0311 0.0000
19811.1000 0.0316 0.0000
19871.2000 0.0312 0.0000
19931.3000 0.0319 0.0000
19991.4000 0.0328 0.0000
20051.5000 0.0336 0.0000
20111.6000 0.0344 0.0000
20171.7000 0.0353 0.0000
20231.8000 0.0358 0.0000
20291.9000 0.0367 0.0000
20352.0000 0.0379 0.0000
20412.1000 0.0382 0.0000
20472.2000 0.0396 0.0000
20532.3000 0.0409 0.0000
20592.4000 0.0421 0.0000
20652.5000 0.0438 0.0000
20712.6000 0.0454 0.0000
20772.7000 0.0454 0.0000
20832.8000 0.0471 0.0000
20892.9000 0.0470 0.0000
20953.0000 0.0485 0.0000
21013.1000 0.0498 0.0000
21073.2000 0.0518 0.0000
21133.3000 0.0531 0.0000
21193.4000 0.0551 0.0000
21253.5000 0.0574 0.0000
21313.6000 0.0592 0.0000
21373.7000 0.0618 0.0000
21433.8000 0.0642 0.0000
21493.9000 0.0651 0.0000
21554.0000 0.0662 0.0000
21614.1000 0.0683 0.0000
21674.2000 0.0708 0.0000
21734.3000 0.0720 0.0000
21794.4000 0.0742 0.0000
21854.5000 0.0767 0.0000
21914.6000 0.0797 0.0000
21974.7000 0.0826 0.0000
22034.8000 0.0851 0.0000
22094.9000 0.0880 0.0000
22155.0000 0.0907 0.0000
22215.1000 0.0927 0.0000
22275.2000 0.0948 0.0000
22335.3000 0.0968 0.0000
22395.4000 0.0995 0.0001
22455.5000 0.1003 0.0001
22515.6000 0.1023 0.0001
22575.7000 0.1046 0.0001
22635.8000 0.1070 0.0001
22695.9000 0.1097 0.0001
22756.0000 0.1122 0.0001
22816.1000 0.1144 0.0001
22876.2000 0.1165 0.0001
22936.3000 0.1180 0.0001
22996.4000 0.1199 0.0001
23056.5000 0.1224 0.0001
23116.6000 0.1253 0.0001
23176.7000 0.1269 0.0001
23236.8000 0.1295 0.0001
23296.9000 0.1322 0.0001
23357.0000 0.1352 0.0001
23417.1000 0.1380 0.0001
23477.2000 0.1403 0.0001
23537.3000 0.1430 0.0001
23597.4000 0.1449 0.0001
23657.5000 0.1465 0.0001
23717.6000 0.1490 0.0001
23777.7000 0.1512 0.0001
23837.8000 0.1535 0.0001
23897.9000 0.1550 0.0001
23958.0000 0.1574 0.0001
24018.1000 0.1596 0.0001
24078.2000 0.1621 0.0001
24138.3000 0.1640 0.0001
24198.4000 0.1659 0.0001
24258.5000 0.1680 0.0001
24318.6000 0.1705 0.0001
24378.7000 0.1723 0.0001
24438.8000 0.1740 0.0002
24498.9000 0.1763 0.0002
24559.0000 0.1782 0.0002
24619.1000 0.1799 0.0002
24679.2000 0.1822 0.0002
24739.3000 0.1838 0.0002
24799.4000 0.1860 0.0002
24859.5000 0.1878 0.0002
24919.6000 0.1900 0.0002
24979.7000 0.1918 0.0002
25039.8000 0.1937 0.0002
25099.9000 0.1961 0.0002
25160.0000 0.1985 0.0002
25220.1000 0.2006 0.0002
25280.2000 0.2030 0.0002
25340.3000 0.2053 0.0002
25400.4000 0.2071 0.0002
25460.5000 0.2093 0.0002
25520.6000 0.2112 0.0002
25580.7000 0.2134 0.0002
25640.8000 0.2147 0.0002
25700.9000 0.2166 0.0002
25761.0000 0.2179 0.0002
25821.1000 0.2201 0.0002
25881.2000 0.2214 0.0002
25941.3000 0.2234 0.0002
26001.4000 0.2253 0.0002
26061.5000 0.2271 0.0002
26121.6000 0.2290 0.0003
26181.7000 0.2306 0.0003
26241.8000 0.2319 0.0003
26301.9000 0.2331 0.0003
26362.0000 0.2343 0.0003
26422.1000 0.2353 0.0003
26482.2000 0.2363 0.0003
26542.3000 0.2380 0.0003
26602.4000 0.2393 0.0003
26662.5000 0.2413 0.0003
26722.6000 0.2431 0.0003
26782.7000 0.2448 0.0003
26842.8000 0.2468 0.0003
26902.9000 0.2489 0.0003
26963.0000 0.2506 0.0003
27023.1000 0.2518 0.0003
27083.2000 0.2530 0.0003
27143.3000 0.2544 0.0003
27203.4000 0.2556 0.0003
27263.5000 0.2570 0.0003
27323.6000 0.2582 0.0003
27383.7000 0.2594 0.0003
27443.8000 0.2607 0.0003
27503.9000 0.2617 0.0003
27564.0000 0.2622 0.0003
27624.1000 0.2632 0.0003
27684.2000 0.2648 0.0003
27744.3000 0.2661 0.0003
27804.4000 0.2667 0.0004
27864.5000 0.2680 0.0004
27924.6000 0.2694 0.0004
27984.7000 0.2702 0.0004
28044.8000 0.2714 0.0004
28104.9000 0.2722 0.0004
28165.0000 0.2732 0.0004
28225.1000 0.2736 0.0004
28285.2000 0.2744 0.0004
28345.3000 0.2750 0.0004
28405.4000 0.2761 0.0004
28465.5000 0.2773 0.0004
28525.6000 0.2784 0.0004
28585.7000 0.2793 0.0004
28645.8000 0.2800 0.0004
28705.9000 0.2809 0.0004
28766.0000 0.2818 0.0004
