# messageDelay  cumulativeProbability
0.2000 0.0002
0.2000 0.0003
0.2000 0.0005
0.2000 0.0007
0.2000 0.0009
0.2000 0.0010
0.2000 0.0012
0.2000 0.0014
0.2000 0.0016
0.2000 0.0017
0.2000 0.0019
0.2000 0.0021
0.2000 0.0023
0.2000 0.0024
0.2000 0.0026
0.2000 0.0028
0.2000 0.0030
0.2000 0.0031
0.2000 0.0033
0.3000 0.0035
7.9000 0.0036
24.3000 0.0038
50.8000 0.0040
58.1000 0.0042
59.1000 0.0043
75.2000 0.0045
76.7000 0.0047
77.1000 0.0049
79.4000 0.0050
80.2000 0.0052
81.4000 0.0054
81.8000 0.0056
88.3000 0.0057
95.0000 0.0059
100.4000 0.0061
104.2000 0.0063
105.5000 0.0064
113.1000 0.0066
114.8000 0.0068
116.5000 0.0069
121.3000 0.0071
128.7000 0.0073
137.0000 0.0075
144.2000 0.0076
144.4000 0.0078
145.3000 0.0080
146.7000 0.0082
151.3000 0.0083
158.8000 0.0085
178.0000 0.0087
184.7000 0.0089
187.7000 0.0090
191.0000 0.0092
194.6000 0.0094
196.2000 0.0095
196.3000 0.0097
206.0000 0.0099
206.0000 0.0101
218.4000 0.0102
221.9000 0.0104
222.1000 0.0106
234.6000 0.0108
235.7000 0.0109
237.6000 0.0111
242.4000 0.0113
249.3000 0.0115
256.9000 0.0116
257.8000 0.0118
259.2000 0.0120
263.1000 0.0122
269.2000 0.0123
274.3000 0.0125
275.8000 0.0127
286.9000 0.0128
290.6000 0.0130
293.1000 0.0132
297.4000 0.0134
303.2000 0.0135
303.7000 0.0137
305.0000 0.0139
310.7000 0.0141
312.3000 0.0142
313.6000 0.0144
319.2000 0.0146
320.9000 0.0148
323.9000 0.0149
326.0000 0.0151
327.6000 0.0153
328.7000 0.0155
329.9000 0.0156
333.5000 0.0158
335.8000 0.0160
336.5000 0.0161
337.9000 0.0163
338.9000 0.0165
339.3000 0.0167
349.9000 0.0168
354.4000 0.0170
359.9000 0.0172
360.2000 0.0174
360.8000 0.0175
361.6000 0.0177
368.5000 0.0179
372.8000 0.0181
374.4000 0.0182
374.5000 0.0184
375.4000 0.0186
376.4000 0.0187
378.4000 0.0189
379.0000 0.0191
380.7000 0.0193
383.9000 0.0194
387.5000 0.0196
388.6000 0.0198
391.7000 0.0200
400.7000 0.0201
401.2000 0.0203
403.0000 0.0205
404.5000 0.0207
406.5000 0.0208
411.0000 0.0210
411.2000 0.0212
411.2000 0.0214
412.0000 0.0215
414.4000 0.0217
415.9000 0.0219
416.8000 0.0220
420.3000 0.0222
422.3000 0.0224
425.5000 0.0226
427.1000 0.0227
428.7000 0.0229
431.9000 0.0231
435.1000 0.0233
435.6000 0.0234
438.7000 0.0236
439.8000 0.0238
443.6000 0.0240
444.4000 0.0241
448.3000 0.0243
449.7000 0.0245
450.5000 0.0247
451.9000 0.0248
454.3000 0.0250
454.4000 0.0252
457.1000 0.0253
462.8000 0.0255
463.5000 0.0257
463.6000 0.0259
463.7000 0.0260
463.9000 0.0262
465.0000 0.0264
466.8000 0.0266
470.6000 0.0267
470.7000 0.0269
472.2000 0.0271
475.1000 0.0273
478.7000 0.0274
479.6000 0.0276
480.0000 0.0278
482.3000 0.0280
482.6000 0.0281
485.0000 0.0283
485.7000 0.0285
488.3000 0.0286
489.1000 0.0288
491.1000 0.0290
492.3000 0.0292
494.5000 0.0293
494.9000 0.0295
495.8000 0.0297
496.3000 0.0299
497.6000 0.0300
499.3000 0.0302
504.1000 0.0304
505.2000 0.0306
507.2000 0.0307
509.6000 0.0309
512.2000 0.0311
513.8000 0.0312
516.7000 0.0314
516.9000 0.0316
519.9000 0.0318
520.6000 0.0319
523.4000 0.0321
524.8000 0.0323
528.1000 0.0325
528.2000 0.0326
529.5000 0.0328
530.6000 0.0330
531.5000 0.0332
531.6000 0.0333
537.4000 0.0335
538.8000 0.0337
538.9000 0.0339
541.6000 0.0340
542.5000 0.0342
542.6000 0.0344
549.5000 0.0345
551.1000 0.0347
553.6000 0.0349
554.3000 0.0351
557.2000 0.0352
557.4000 0.0354
559.1000 0.0356
561.0000 0.0358
563.9000 0.0359
563.9000 0.0361
564.5000 0.0363
568.2000 0.0365
568.4000 0.0366
568.7000 0.0368
568.8000 0.0370
569.5000 0.0372
570.4000 0.0373
570.6000 0.0375
573.2000 0.0377
574.7000 0.0378
576.4000 0.0380
577.0000 0.0382
577.0000 0.0384
582.2000 0.0385
583.0000 0.0387
586.0000 0.0389
586.5000 0.0391
589.2000 0.0392
589.7000 0.0394
589.7000 0.0396
589.9000 0.0398
590.1000 0.0399
598.5000 0.0401
599.6000 0.0403
604.6000 0.0405
604.6000 0.0406
604.7000 0.0408
605.0000 0.0410
607.4000 0.0411
607.4000 0.0413
607.9000 0.0415
613.9000 0.0417
614.8000 0.0418
615.8000 0.0420
616.9000 0.0422
618.1000 0.0424
620.4000 0.0425
622.3000 0.0427
622.9000 0.0429
624.0000 0.0431
626.4000 0.0432
626.4000 0.0434
629.4000 0.0436
629.7000 0.0437
630.0000 0.0439
630.6000 0.0441
630.9000 0.0443
632.5000 0.0444
633.8000 0.0446
634.4000 0.0448
637.8000 0.0450
638.8000 0.0451
639.3000 0.0453
641.5000 0.0455
643.2000 0.0457
643.8000 0.0458
645.4000 0.0460
646.3000 0.0462
647.9000 0.0464
647.9000 0.0465
649.0000 0.0467
649.0000 0.0469
649.0000 0.0470
649.2000 0.0472
650.3000 0.0474
652.9000 0.0476
654.0000 0.0477
655.3000 0.0479
655.7000 0.0481
656.2000 0.0483
660.5000 0.0484
663.2000 0.0486
664.6000 0.0488
666.9000 0.0490
667.8000 0.0491
668.3000 0.0493
668.8000 0.0495
668.9000 0.0497
669.1000 0.0498
670.2000 0.0500
670.4000 0.0502
670.8000 0.0503
671.0000 0.0505
671.8000 0.0507
675.8000 0.0509
676.0000 0.0510
676.2000 0.0512
677.2000 0.0514
678.6000 0.0516
678.8000 0.0517
680.9000 0.0519
682.3000 0.0521
684.3000 0.0523
684.5000 0.0524
688.8000 0.0526
689.3000 0.0528
689.4000 0.0530
691.3000 0.0531
692.8000 0.0533
693.4000 0.0535
694.7000 0.0536
695.5000 0.0538
695.9000 0.0540
696.9000 0.0542
697.0000 0.0543
698.2000 0.0545
698.3000 0.0547
698.5000 0.0549
700.2000 0.0550
701.6000 0.0552
703.4000 0.0554
703.7000 0.0556
703.8000 0.0557
704.7000 0.0559
704.8000 0.0561
708.1000 0.0562
710.1000 0.0564
711.1000 0.0566
711.4000 0.0568
711.8000 0.0569
712.0000 0.0571
712.9000 0.0573
716.5000 0.0575
718.2000 0.0576
718.9000 0.0578
719.0000 0.0580
722.6000 0.0582
723.4000 0.0583
724.2000 0.0585
724.6000 0.0587
726.6000 0.0589
727.0000 0.0590
735.2000 0.0592
735.6000 0.0594
738.1000 0.0595
740.0000 0.0597
742.5000 0.0599
743.3000 0.0601
747.3000 0.0602
749.1000 0.0604
750.7000 0.0606
750.8000 0.0608
751.2000 0.0609
751.4000 0.0611
752.1000 0.0613
753.6000 0.0615
754.1000 0.0616
754.9000 0.0618
756.3000 0.0620
759.2000 0.0622
759.6000 0.0623
760.2000 0.0625
760.9000 0.0627
761.4000 0.0628
761.4000 0.0630
761.7000 0.0632
762.9000 0.0634
763.1000 0.0635
763.1000 0.0637
763.3000 0.0639
763.7000 0.0641
764.2000 0.0642
765.1000 0.0644
765.4000 0.0646
766.8000 0.0648
770.5000 0.0649
771.6000 0.0651
774.5000 0.0653
774.6000 0.0655
775.0000 0.0656
775.2000 0.0658
775.2000 0.0660
775.4000 0.0661
778.0000 0.0663
779.3000 0.0665
780.6000 0.0667
781.8000 0.0668
781.8000 0.0670
781.8000 0.0672
783.1000 0.0674
783.6000 0.0675
784.2000 0.0677
784.4000 0.0679
785.0000 0.0681
786.8000 0.0682
787.4000 0.0684
789.6000 0.0686
789.9000 0.0687
790.8000 0.0689
791.1000 0.0691
792.5000 0.0693
793.4000 0.0694
794.3000 0.0696
795.2000 0.0698
795.3000 0.0700
795.3000 0.0701
795.8000 0.0703
796.5000 0.0705
796.8000 0.0707
798.2000 0.0708
798.5000 0.0710
800.1000 0.0712
800.1000 0.0714
800.2000 0.0715
800.3000 0.0717
802.1000 0.0719
802.5000 0.0720
802.7000 0.0722
804.0000 0.0724
805.2000 0.0726
805.2000 0.0727
805.3000 0.0729
806.1000 0.0731
808.2000 0.0733
809.1000 0.0734
810.0000 0.0736
811.5000 0.0738
812.7000 0.0740
814.7000 0.0741
816.4000 0.0743
818.5000 0.0745
818.8000 0.0747
820.9000 0.0748
821.3000 0.0750
821.4000 0.0752
822.8000 0.0753
823.5000 0.0755
823.6000 0.0757
827.7000 0.0759
828.1000 0.0760
828.5000 0.0762
828.6000 0.0764
828.6000 0.0766
828.9000 0.0767
830.9000 0.0769
832.3000 0.0771
833.5000 0.0773
833.8000 0.0774
835.8000 0.0776
835.8000 0.0778
836.5000 0.0780
836.7000 0.0781
837.2000 0.0783
839.3000 0.0785
840.9000 0.0786
841.2000 0.0788
841.9000 0.0790
842.2000 0.0792
844.0000 0.0793
844.4000 0.0795
846.3000 0.0797
847.4000 0.0799
847.6000 0.0800
852.2000 0.0802
853.6000 0.0804
853.7000 0.0806
853.8000 0.0807
856.0000 0.0809
857.7000 0.0811
859.2000 0.0812
859.6000 0.0814
859.6000 0.0816
861.9000 0.0818
863.0000 0.0819
863.7000 0.0821
865.5000 0.0823
869.9000 0.0825
871.0000 0.0826
871.1000 0.0828
872.2000 0.0830
872.3000 0.0832
875.8000 0.0833
877.8000 0.0835
882.6000 0.0837
882.8000 0.0839
883.5000 0.0840
884.2000 0.0842
885.4000 0.0844
888.6000 0.0845
888.7000 0.0847
889.1000 0.0849
889.1000 0.0851
889.6000 0.0852
890.4000 0.0854
890.7000 0.0856
892.4000 0.0858
894.0000 0.0859
894.1000 0.0861
894.6000 0.0863
894.7000 0.0865
894.9000 0.0866
895.6000 0.0868
896.2000 0.0870
897.8000 0.0872
897.9000 0.0873
897.9000 0.0875
901.5000 0.0877
902.0000 0.0878
903.5000 0.0880
904.9000 0.0882
909.4000 0.0884
910.3000 0.0885
910.5000 0.0887
910.6000 0.0889
910.7000 0.0891
911.3000 0.0892
911.4000 0.0894
911.5000 0.0896
912.3000 0.0898
914.1000 0.0899
914.2000 0.0901
916.2000 0.0903
916.9000 0.0905
917.7000 0.0906
918.8000 0.0908
919.1000 0.0910
920.1000 0.0911
921.0000 0.0913
922.9000 0.0915
923.6000 0.0917
925.6000 0.0918
926.5000 0.0920
927.0000 0.0922
928.4000 0.0924
933.6000 0.0925
934.8000 0.0927
935.8000 0.0929
936.2000 0.0931
937.3000 0.0932
940.2000 0.0934
940.6000 0.0936
940.7000 0.0937
940.8000 0.0939
941.0000 0.0941
944.2000 0.0943
945.2000 0.0944
945.8000 0.0946
946.5000 0.0948
946.6000 0.0950
947.2000 0.0951
947.4000 0.0953
948.4000 0.0955
948.5000 0.0957
949.4000 0.0958
950.5000 0.0960
953.5000 0.0962
953.8000 0.0964
955.3000 0.0965
956.0000 0.0967
956.8000 0.0969
957.2000 0.0970
957.3000 0.0972
958.6000 0.0974
958.7000 0.0976
962.1000 0.0977
962.4000 0.0979
962.6000 0.0981
963.2000 0.0983
964.1000 0.0984
964.5000 0.0986
964.7000 0.0988
964.8000 0.0990
965.1000 0.0991
965.5000 0.0993
967.5000 0.0995
968.6000 0.0997
969.4000 0.0998
969.5000 0.1000
970.9000 0.1002
971.3000 0.1003
971.8000 0.1005
974.6000 0.1007
974.9000 0.1009
976.0000 0.1010
978.1000 0.1012
978.7000 0.1014
980.8000 0.1016
981.5000 0.1017
981.9000 0.1019
983.1000 0.1021
986.8000 0.1023
986.9000 0.1024
987.2000 0.1026
988.0000 0.1028
990.1000 0.1030
990.5000 0.1031
990.9000 0.1033
991.4000 0.1035
994.0000 0.1036
994.2000 0.1038
994.4000 0.1040
994.6000 0.1042
995.4000 0.1043
995.6000 0.1045
995.9000 0.1047
995.9000 0.1049
996.0000 0.1050
998.4000 0.1052
999.3000 0.1054
1000.0000 0.1056
1000.1000 0.1057
1000.1000 0.1059
1000.6000 0.1061
1000.8000 0.1062
1004.1000 0.1064
1004.4000 0.1066
1004.9000 0.1068
1005.1000 0.1069
1008.1000 0.1071
1008.2000 0.1073
1009.1000 0.1075
1009.5000 0.1076
1010.5000 0.1078
1013.5000 0.1080
1014.1000 0.1082
1016.0000 0.1083
1017.1000 0.1085
1019.0000 0.1087
1019.3000 0.1089
1020.4000 0.1090
1020.5000 0.1092
1020.8000 0.1094
1021.8000 0.1095
1022.0000 0.1097
1023.6000 0.1099
1023.8000 0.1101
1024.4000 0.1102
1026.1000 0.1104
1028.1000 0.1106
1028.3000 0.1108
1029.0000 0.1109
1030.4000 0.1111
1030.4000 0.1113
1030.5000 0.1115
1032.6000 0.1116
1034.0000 0.1118
1034.1000 0.1120
1034.9000 0.1122
1035.1000 0.1123
1035.8000 0.1125
1039.6000 0.1127
1040.4000 0.1128
1040.7000 0.1130
1041.0000 0.1132
1041.0000 0.1134
1041.1000 0.1135
1041.5000 0.1137
1041.6000 0.1139
1044.0000 0.1141
1045.7000 0.1142
1047.2000 0.1144
1047.3000 0.1146
1048.7000 0.1148
1048.8000 0.1149
1049.1000 0.1151
1049.5000 0.1153
1049.8000 0.1155
1050.9000 0.1156
1051.3000 0.1158
1051.8000 0.1160
1052.2000 0.1161
1056.1000 0.1163
1056.8000 0.1165
1058.4000 0.1167
1058.6000 0.1168
1059.2000 0.1170
1060.2000 0.1172
1060.5000 0.1174
1061.5000 0.1175
1062.0000 0.1177
1062.4000 0.1179
1062.5000 0.1181
1062.8000 0.1182
1062.8000 0.1184
1063.7000 0.1186
1064.4000 0.1187
1067.0000 0.1189
1069.1000 0.1191
1069.1000 0.1193
1069.1000 0.1194
1070.1000 0.1196
1071.3000 0.1198
1071.8000 0.1200
1072.0000 0.1201
1072.8000 0.1203
1073.6000 0.1205
1073.7000 0.1207
1074.1000 0.1208
1074.3000 0.1210
1074.4000 0.1212
1075.7000 0.1214
1075.8000 0.1215
1077.8000 0.1217
1080.2000 0.1219
1081.2000 0.1220
1081.4000 0.1222
1081.7000 0.1224
1085.1000 0.1226
1087.1000 0.1227
1087.5000 0.1229
1088.1000 0.1231
1088.2000 0.1233
1089.7000 0.1234
1090.0000 0.1236
1090.0000 0.1238
1090.8000 0.1240
1094.3000 0.1241
1095.7000 0.1243
1097.2000 0.1245
1097.6000 0.1247
1098.2000 0.1248
1098.3000 0.1250
1099.8000 0.1252
1100.0000 0.1253
1100.3000 0.1255
1101.7000 0.1257
1102.3000 0.1259
1102.4000 0.1260
1103.3000 0.1262
1103.7000 0.1264
1105.7000 0.1266
1105.9000 0.1267
1108.1000 0.1269
1108.2000 0.1271
1110.2000 0.1273
1110.4000 0.1274
1110.9000 0.1276
1111.5000 0.1278
1112.3000 0.1280
1112.5000 0.1281
1113.7000 0.1283
1113.8000 0.1285
1114.8000 0.1286
1115.9000 0.1288
1117.0000 0.1290
1117.3000 0.1292
1117.8000 0.1293
1120.4000 0.1295
1121.8000 0.1297
1123.6000 0.1299
1126.6000 0.1300
1126.6000 0.1302
1126.6000 0.1304
1127.5000 0.1306
1127.5000 0.1307
1127.8000 0.1309
1128.8000 0.1311
1128.9000 0.1312
1129.5000 0.1314
1129.7000 0.1316
1130.5000 0.1318
1130.6000 0.1319
1132.5000 0.1321
1136.0000 0.1323
1137.1000 0.1325
1137.3000 0.1326
1138.5000 0.1328
1139.0000 0.1330
1142.5000 0.1332
1142.6000 0.1333
1144.1000 0.1335
1144.1000 0.1337
1144.3000 0.1339
1144.4000 0.1340
1145.2000 0.1342
1146.0000 0.1344
1146.2000 0.1345
1146.8000 0.1347
1148.3000 0.1349
1150.5000 0.1351
1151.8000 0.1352
1153.5000 0.1354
1153.6000 0.1356
1154.3000 0.1358
1154.5000 0.1359
1154.7000 0.1361
1154.9000 0.1363
1154.9000 0.1365
1155.2000 0.1366
1157.1000 0.1368
1158.9000 0.1370
1159.0000 0.1372
1159.1000 0.1373
1159.2000 0.1375
1159.5000 0.1377
1159.5000 0.1378
1159.7000 0.1380
1160.0000 0.1382
1160.1000 0.1384
1160.5000 0.1385
1162.1000 0.1387
1162.6000 0.1389
1163.8000 0.1391
1164.1000 0.1392
1164.2000 0.1394
1164.3000 0.1396
1165.2000 0.1398
1166.3000 0.1399
1169.0000 0.1401
1169.2000 0.1403
1169.3000 0.1405
1170.7000 0.1406
1176.1000 0.1408
1177.6000 0.1410
1178.8000 0.1411
1179.2000 0.1413
1184.1000 0.1415
1184.4000 0.1417
1185.1000 0.1418
1185.5000 0.1420
1187.8000 0.1422
1188.5000 0.1424
1188.8000 0.1425
1189.7000 0.1427
1190.6000 0.1429
1190.8000 0.1431
1191.2000 0.1432
1191.7000 0.1434
1192.2000 0.1436
1192.7000 0.1437
1194.6000 0.1439
1195.3000 0.1441
1195.5000 0.1443
1195.8000 0.1444
1198.2000 0.1446
1198.9000 0.1448
1199.3000 0.1450
1200.5000 0.1451
1202.3000 0.1453
1203.9000 0.1455
1206.5000 0.1457
1207.2000 0.1458
1208.9000 0.1460
1209.8000 0.1462
1210.7000 0.1464
1211.0000 0.1465
1214.5000 0.1467
1214.7000 0.1469
1215.2000 0.1470
1215.7000 0.1472
1216.1000 0.1474
1216.7000 0.1476
1218.5000 0.1477
1219.3000 0.1479
1219.3000 0.1481
1219.5000 0.1483
1220.3000 0.1484
1220.6000 0.1486
1221.3000 0.1488
1223.6000 0.1490
1223.9000 0.1491
1225.0000 0.1493
1225.6000 0.1495
1225.6000 0.1497
1226.2000 0.1498
1226.3000 0.1500
1228.1000 0.1502
1230.1000 0.1503
1232.3000 0.1505
1232.3000 0.1507
1233.4000 0.1509
1233.8000 0.1510
1234.3000 0.1512
1234.4000 0.1514
1237.5000 0.1516
1239.8000 0.1517
1240.1000 0.1519
1240.6000 0.1521
1242.5000 0.1523
1244.6000 0.1524
1246.5000 0.1526
1247.9000 0.1528
1248.1000 0.1530
1248.7000 0.1531
1249.2000 0.1533
1249.5000 0.1535
1249.5000 0.1536
1250.1000 0.1538
1250.5000 0.1540
1250.9000 0.1542
1251.2000 0.1543
1251.9000 0.1545
1252.0000 0.1547
1252.2000 0.1549
1253.8000 0.1550
1254.5000 0.1552
1255.9000 0.1554
1257.1000 0.1556
1257.7000 0.1557
1260.5000 0.1559
1260.7000 0.1561
1261.4000 0.1562
1263.1000 0.1564
1263.4000 0.1566
1264.1000 0.1568
1264.9000 0.1569
1266.5000 0.1571
1267.1000 0.1573
1268.3000 0.1575
1268.5000 0.1576
1268.9000 0.1578
1269.5000 0.1580
1270.6000 0.1582
1270.8000 0.1583
1271.4000 0.1585
1271.6000 0.1587
1272.0000 0.1589
1273.6000 0.1590
1273.8000 0.1592
1273.9000 0.1594
1274.3000 0.1595
1274.9000 0.1597
1276.9000 0.1599
1277.3000 0.1601
1278.1000 0.1602
1279.3000 0.1604
1279.6000 0.1606
1279.9000 0.1608
1283.4000 0.1609
1283.8000 0.1611
1286.4000 0.1613
1287.6000 0.1615
1288.6000 0.1616
1290.9000 0.1618
1291.1000 0.1620
1291.8000 0.1622
1292.1000 0.1623
1293.2000 0.1625
1294.3000 0.1627
1294.5000 0.1628
1294.6000 0.1630
1294.7000 0.1632
1295.1000 0.1634
1296.1000 0.1635
1296.8000 0.1637
1297.3000 0.1639
1298.2000 0.1641
1298.4000 0.1642
1299.1000 0.1644
1299.9000 0.1646
1300.4000 0.1648
1300.4000 0.1649
1303.6000 0.1651
1304.0000 0.1653
1304.1000 0.1655
1305.0000 0.1656
1305.4000 0.1658
1305.8000 0.1660
1306.0000 0.1661
1306.4000 0.1663
1308.6000 0.1665
1309.4000 0.1667
1310.3000 0.1668
1310.4000 0.1670
1310.9000 0.1672
1311.0000 0.1674
1311.9000 0.1675
1314.9000 0.1677
1316.1000 0.1679
1316.3000 0.1681
1316.9000 0.1682
1317.2000 0.1684
1319.1000 0.1686
1319.5000 0.1687
1320.2000 0.1689
1320.9000 0.1691
1321.3000 0.1693
1321.3000 0.1694
1321.6000 0.1696
1323.0000 0.1698
1323.6000 0.1700
1324.2000 0.1701
1325.5000 0.1703
1326.4000 0.1705
1326.6000 0.1707
1327.6000 0.1708
1328.8000 0.1710
1330.6000 0.1712
1330.6000 0.1714
1331.0000 0.1715
1333.2000 0.1717
1333.3000 0.1719
1333.7000 0.1720
1334.1000 0.1722
1334.2000 0.1724
1335.9000 0.1726
1335.9000 0.1727
1336.2000 0.1729
1336.9000 0.1731
1338.6000 0.1733
1341.8000 0.1734
1342.6000 0.1736
1343.3000 0.1738
1343.9000 0.1740
1345.4000 0.1741
1346.0000 0.1743
1346.2000 0.1745
1346.5000 0.1747
1348.2000 0.1748
1348.3000 0.1750
1349.0000 0.1752
1349.7000 0.1753
1350.1000 0.1755
1352.0000 0.1757
1354.6000 0.1759
1355.9000 0.1760
1356.0000 0.1762
1356.2000 0.1764
1358.4000 0.1766
1359.0000 0.1767
1361.8000 0.1769
1362.0000 0.1771
1362.1000 0.1773
1362.1000 0.1774
1363.4000 0.1776
1363.9000 0.1778
1365.1000 0.1780
1367.3000 0.1781
1367.8000 0.1783
1369.4000 0.1785
1369.7000 0.1786
1371.3000 0.1788
1371.9000 0.1790
1373.4000 0.1792
1374.8000 0.1793
1375.7000 0.1795
1376.9000 0.1797
1378.8000 0.1799
1380.8000 0.1800
1381.0000 0.1802
1381.1000 0.1804
1381.4000 0.1806
1383.8000 0.1807
1384.4000 0.1809
1386.1000 0.1811
1386.1000 0.1812
1388.3000 0.1814
1388.7000 0.1816
1388.8000 0.1818
1388.9000 0.1819
1389.3000 0.1821
1391.3000 0.1823
1392.1000 0.1825
1392.1000 0.1826
1393.7000 0.1828
1394.0000 0.1830
1394.5000 0.1832
1397.0000 0.1833
1397.8000 0.1835
1398.4000 0.1837
1398.4000 0.1839
1398.9000 0.1840
1399.2000 0.1842
1399.5000 0.1844
1399.7000 0.1845
1400.2000 0.1847
1401.9000 0.1849
1403.2000 0.1851
1403.4000 0.1852
1403.7000 0.1854
1405.6000 0.1856
1405.9000 0.1858
1407.8000 0.1859
1409.4000 0.1861
1409.6000 0.1863
1410.5000 0.1865
1410.8000 0.1866
1411.0000 0.1868
1412.4000 0.1870
1412.7000 0.1872
1412.9000 0.1873
1413.8000 0.1875
1414.1000 0.1877
1416.2000 0.1878
1416.3000 0.1880
1419.4000 0.1882
1421.3000 0.1884
1422.3000 0.1885
1422.7000 0.1887
1422.7000 0.1889
1422.9000 0.1891
1423.3000 0.1892
1425.3000 0.1894
1425.5000 0.1896
1426.1000 0.1898
1426.8000 0.1899
1427.0000 0.1901
1427.9000 0.1903
1429.0000 0.1905
1429.3000 0.1906
1429.6000 0.1908
1429.7000 0.1910
1429.7000 0.1911
1434.1000 0.1913
1435.2000 0.1915
1436.3000 0.1917
1436.5000 0.1918
1436.5000 0.1920
1439.5000 0.1922
1440.6000 0.1924
1441.5000 0.1925
1442.9000 0.1927
1447.0000 0.1929
1448.1000 0.1931
1448.4000 0.1932
1449.2000 0.1934
1449.4000 0.1936
1450.5000 0.1937
1450.8000 0.1939
1450.8000 0.1941
1451.2000 0.1943
1452.4000 0.1944
1452.6000 0.1946
1452.9000 0.1948
1453.3000 0.1950
1453.7000 0.1951
1453.9000 0.1953
1455.7000 0.1955
1456.6000 0.1957
1457.9000 0.1958
1458.3000 0.1960
1458.6000 0.1962
1459.0000 0.1964
1459.3000 0.1965
1461.6000 0.1967
1461.8000 0.1969
1462.2000 0.1970
1465.7000 0.1972
1466.7000 0.1974
1467.0000 0.1976
1467.3000 0.1977
1467.5000 0.1979
1468.4000 0.1981
1470.9000 0.1983
1471.8000 0.1984
1472.0000 0.1986
1472.0000 0.1988
1472.2000 0.1990
1472.4000 0.1991
1472.9000 0.1993
1475.7000 0.1995
1477.8000 0.1997
1478.3000 0.1998
1479.9000 0.2000
1480.0000 0.2002
1480.2000 0.2003
1481.3000 0.2005
1482.7000 0.2007
1483.5000 0.2009
1483.9000 0.2010
1485.2000 0.2012
1486.3000 0.2014
1487.9000 0.2016
1488.9000 0.2017
1489.5000 0.2019
1489.7000 0.2021
1490.5000 0.2023
1492.9000 0.2024
1493.0000 0.2026
1493.6000 0.2028
1494.2000 0.2030
1494.6000 0.2031
1495.3000 0.2033
1497.1000 0.2035
1498.3000 0.2036
1498.6000 0.2038
1499.5000 0.2040
1499.8000 0.2042
1499.8000 0.2043
1499.9000 0.2045
1500.0000 0.2047
1500.6000 0.2049
1500.9000 0.2050
1501.7000 0.2052
1502.7000 0.2054
1503.5000 0.2056
1505.9000 0.2057
1507.1000 0.2059
1508.3000 0.2061
1510.1000 0.2062
1510.9000 0.2064
1515.7000 0.2066
1516.2000 0.2068
1516.3000 0.2069
1516.4000 0.2071
1518.2000 0.2073
1518.9000 0.2075
1519.0000 0.2076
1520.5000 0.2078
1520.5000 0.2080
1521.6000 0.2082
1522.3000 0.2083
1523.1000 0.2085
1523.8000 0.2087
1524.1000 0.2089
1525.6000 0.2090
1527.0000 0.2092
1527.7000 0.2094
1529.1000 0.2095
1529.4000 0.2097
1530.6000 0.2099
1531.9000 0.2101
1533.3000 0.2102
1533.8000 0.2104
1533.9000 0.2106
1533.9000 0.2108
1534.6000 0.2109
1534.7000 0.2111
1535.7000 0.2113
1535.7000 0.2115
1536.1000 0.2116
1536.2000 0.2118
1537.6000 0.2120
1538.0000 0.2122
1540.9000 0.2123
1541.4000 0.2125
1542.2000 0.2127
1542.5000 0.2128
1542.6000 0.2130
1543.5000 0.2132
1544.2000 0.2134
1544.4000 0.2135
1544.4000 0.2137
1545.6000 0.2139
1545.8000 0.2141
1546.7000 0.2142
1548.4000 0.2144
1548.8000 0.2146
1549.5000 0.2148
1550.7000 0.2149
1550.9000 0.2151
1551.8000 0.2153
1554.5000 0.2155
1554.9000 0.2156
1557.5000 0.2158
1557.5000 0.2160
1557.6000 0.2161
1558.6000 0.2163
1560.0000 0.2165
1561.2000 0.2167
1561.4000 0.2168
1564.5000 0.2170
1566.1000 0.2172
1566.7000 0.2174
1568.8000 0.2175
1568.9000 0.2177
1569.1000 0.2179
1570.3000 0.2181
1571.1000 0.2182
1571.2000 0.2184
1572.4000 0.2186
1578.9000 0.2187
1579.4000 0.2189
1580.2000 0.2191
1580.5000 0.2193
1581.0000 0.2194
1581.1000 0.2196
1581.7000 0.2198
1582.4000 0.2200
1583.3000 0.2201
1583.9000 0.2203
1585.8000 0.2205
1586.3000 0.2207
1586.6000 0.2208
1588.4000 0.2210
1589.7000 0.2212
1591.0000 0.2214
1591.2000 0.2215
1591.7000 0.2217
1592.1000 0.2219
1593.0000 0.2220
1595.4000 0.2222
1596.3000 0.2224
1597.9000 0.2226
1598.0000 0.2227
1598.8000 0.2229
1599.5000 0.2231
1601.1000 0.2233
1603.9000 0.2234
1605.1000 0.2236
1605.3000 0.2238
1606.7000 0.2240
1608.0000 0.2241
1609.5000 0.2243
1611.7000 0.2245
1612.0000 0.2247
1613.3000 0.2248
1613.7000 0.2250
1614.9000 0.2252
1615.1000 0.2253
1615.6000 0.2255
1615.9000 0.2257
1616.4000 0.2259
1617.0000 0.2260
1617.7000 0.2262
1617.9000 0.2264
1617.9000 0.2266
1618.4000 0.2267
1619.5000 0.2269
1620.9000 0.2271
1621.4000 0.2273
1622.9000 0.2274
1624.3000 0.2276
1624.3000 0.2278
1624.7000 0.2280
1626.4000 0.2281
1626.9000 0.2283
1627.7000 0.2285
1628.6000 0.2286
1629.8000 0.2288
1629.9000 0.2290
1632.0000 0.2292
1637.3000 0.2293
1638.4000 0.2295
1638.6000 0.2297
1639.6000 0.2299
1639.8000 0.2300
1641.7000 0.2302
1642.7000 0.2304
1643.4000 0.2306
1643.4000 0.2307
1645.1000 0.2309
1645.8000 0.2311
1647.3000 0.2312
1650.9000 0.2314
1651.1000 0.2316
1652.2000 0.2318
1653.1000 0.2319
1654.7000 0.2321
1655.8000 0.2323
1656.7000 0.2325
1657.5000 0.2326
1658.6000 0.2328
1658.9000 0.2330
1659.1000 0.2332
1661.9000 0.2333
1663.7000 0.2335
1664.0000 0.2337
1665.6000 0.2339
1665.7000 0.2340
1666.5000 0.2342
1666.9000 0.2344
1666.9000 0.2345
1667.1000 0.2347
1667.9000 0.2349
1672.0000 0.2351
1672.0000 0.2352
1672.7000 0.2354
1672.8000 0.2356
1673.2000 0.2358
1673.7000 0.2359
1673.7000 0.2361
1674.1000 0.2363
1676.3000 0.2365
1676.6000 0.2366
1677.1000 0.2368
1678.0000 0.2370
1679.2000 0.2372
1680.1000 0.2373
1681.9000 0.2375
1682.4000 0.2377
1685.9000 0.2378
1686.4000 0.2380
1689.0000 0.2382
1689.9000 0.2384
1690.1000 0.2385
1691.0000 0.2387
1692.3000 0.2389
1694.3000 0.2391
1696.0000 0.2392
1696.4000 0.2394
1699.6000 0.2396
1700.2000 0.2398
1700.9000 0.2399
1702.2000 0.2401
1703.0000 0.2403
1703.4000 0.2405
1703.7000 0.2406
1706.4000 0.2408
1706.9000 0.2410
1707.5000 0.2411
1708.5000 0.2413
1709.1000 0.2415
1709.4000 0.2417
1711.4000 0.2418
1715.0000 0.2420
1716.1000 0.2422
1716.2000 0.2424
1717.1000 0.2425
1717.9000 0.2427
1718.4000 0.2429
1720.5000 0.2431
1721.7000 0.2432
1728.1000 0.2434
1728.4000 0.2436
1733.8000 0.2437
1734.4000 0.2439
1734.6000 0.2441
1734.9000 0.2443
1735.8000 0.2444
1738.0000 0.2446
1738.7000 0.2448
1740.4000 0.2450
1741.4000 0.2451
1741.5000 0.2453
1741.6000 0.2455
1744.0000 0.2457
1745.0000 0.2458
1749.7000 0.2460
1750.7000 0.2462
1751.1000 0.2464
1751.7000 0.2465
1754.0000 0.2467
1755.1000 0.2469
1755.5000 0.2470
1755.5000 0.2472
1756.7000 0.2474
1756.9000 0.2476
1757.1000 0.2477
1757.5000 0.2479
1759.9000 0.2481
1760.6000 0.2483
1760.9000 0.2484
1761.0000 0.2486
1761.5000 0.2488
1761.7000 0.2490
1763.5000 0.2491
1764.2000 0.2493
1764.7000 0.2495
1766.2000 0.2497
1770.3000 0.2498
1771.4000 0.2500
1771.7000 0.2502
1772.5000 0.2503
1774.0000 0.2505
1774.2000 0.2507
1775.0000 0.2509
1775.6000 0.2510
1778.1000 0.2512
1781.8000 0.2514
1783.2000 0.2516
1783.5000 0.2517
1784.3000 0.2519
1784.7000 0.2521
1785.4000 0.2523
1785.5000 0.2524
1786.1000 0.2526
1787.6000 0.2528
1788.6000 0.2530
1789.2000 0.2531
1792.8000 0.2533
1793.0000 0.2535
1795.2000 0.2536
1795.5000 0.2538
1796.3000 0.2540
1796.7000 0.2542
1797.5000 0.2543
1800.5000 0.2545
1801.4000 0.2547
1804.4000 0.2549
1804.7000 0.2550
1805.8000 0.2552
1806.8000 0.2554
1807.4000 0.2556
1807.7000 0.2557
1808.2000 0.2559
1808.5000 0.2561
1809.8000 0.2563
1810.8000 0.2564
1811.8000 0.2566
1813.1000 0.2568
1816.4000 0.2569
1817.0000 0.2571
1817.7000 0.2573
1817.8000 0.2575
1818.0000 0.2576
1818.1000 0.2578
1818.1000 0.2580
1818.8000 0.2582
1819.3000 0.2583
1819.5000 0.2585
1819.9000 0.2587
1821.7000 0.2589
1821.9000 0.2590
1822.8000 0.2592
1822.8000 0.2594
1824.5000 0.2595
1825.6000 0.2597
1826.9000 0.2599
1829.6000 0.2601
1832.0000 0.2602
1832.2000 0.2604
1833.7000 0.2606
1836.6000 0.2608
1837.0000 0.2609
1839.7000 0.2611
1839.8000 0.2613
1840.2000 0.2615
1843.5000 0.2616
1843.7000 0.2618
1843.9000 0.2620
1845.5000 0.2622
1845.5000 0.2623
1848.5000 0.2625
1849.9000 0.2627
1850.5000 0.2628
1850.9000 0.2630
1852.8000 0.2632
1854.6000 0.2634
1854.8000 0.2635
1855.2000 0.2637
1857.9000 0.2639
1858.2000 0.2641
1858.3000 0.2642
1858.5000 0.2644
1860.0000 0.2646
1860.2000 0.2648
1861.2000 0.2649
1861.9000 0.2651
1863.8000 0.2653
1868.2000 0.2655
1868.6000 0.2656
1868.7000 0.2658
1869.9000 0.2660
1873.5000 0.2661
1874.8000 0.2663
1876.0000 0.2665
1876.9000 0.2667
1877.4000 0.2668
1878.3000 0.2670
1878.6000 0.2672
1880.3000 0.2674
1882.2000 0.2675
1882.4000 0.2677
1884.3000 0.2679
1885.2000 0.2681
1885.5000 0.2682
1887.6000 0.2684
1887.6000 0.2686
1889.3000 0.2688
1889.6000 0.2689
1890.0000 0.2691
1890.3000 0.2693
1890.9000 0.2694
1891.9000 0.2696
1892.1000 0.2698
1893.6000 0.2700
1894.1000 0.2701
1894.6000 0.2703
1894.9000 0.2705
1896.4000 0.2707
1897.1000 0.2708
1897.5000 0.2710
1898.8000 0.2712
1902.4000 0.2714
1902.6000 0.2715
1906.1000 0.2717
1909.4000 0.2719
1910.5000 0.2720
1911.4000 0.2722
1912.4000 0.2724
1912.4000 0.2726
1913.1000 0.2727
1913.4000 0.2729
1914.4000 0.2731
1914.5000 0.2733
1915.2000 0.2734
1915.7000 0.2736
1916.0000 0.2738
1916.6000 0.2740
1917.4000 0.2741
1917.7000 0.2743
1917.7000 0.2745
1917.7000 0.2747
1918.8000 0.2748
1919.8000 0.2750
1920.3000 0.2752
1920.4000 0.2753
1921.7000 0.2755
1921.8000 0.2757
1922.5000 0.2759
1922.6000 0.2760
1923.2000 0.2762
1923.7000 0.2764
1923.8000 0.2766
1924.3000 0.2767
1924.6000 0.2769
1926.4000 0.2771
1928.2000 0.2773
1930.5000 0.2774
1934.0000 0.2776
1936.4000 0.2778
1937.9000 0.2780
1940.0000 0.2781
1940.7000 0.2783
1941.1000 0.2785
1942.0000 0.2786
1942.7000 0.2788
1943.5000 0.2790
1944.1000 0.2792
1945.3000 0.2793
1946.7000 0.2795
1946.9000 0.2797
1947.5000 0.2799
1948.8000 0.2800
1950.0000 0.2802
1951.4000 0.2804
1952.5000 0.2806
1952.5000 0.2807
1953.1000 0.2809
1953.5000 0.2811
1953.5000 0.2813
1956.4000 0.2814
1956.5000 0.2816
1959.2000 0.2818
1960.7000 0.2819
1961.7000 0.2821
1963.2000 0.2823
1964.6000 0.2825
1966.5000 0.2826
1966.6000 0.2828
1968.0000 0.2830
1968.6000 0.2832
1969.2000 0.2833
1969.7000 0.2835
1970.4000 0.2837
1974.1000 0.2839
1975.6000 0.2840
1976.0000 0.2842
1976.4000 0.2844
1976.5000 0.2845
1977.7000 0.2847
1978.9000 0.2849
1979.0000 0.2851
1980.6000 0.2852
1981.1000 0.2854
1983.6000 0.2856
1984.2000 0.2858
1986.0000 0.2859
1987.1000 0.2861
1989.4000 0.2863
1989.5000 0.2865
1990.5000 0.2866
1992.4000 0.2868
1994.0000 0.2870
1994.2000 0.2872
1994.4000 0.2873
1995.0000 0.2875
1995.7000 0.2877
1997.6000 0.2878
1998.2000 0.2880
1998.3000 0.2882
1999.0000 0.2884
1999.5000 0.2885
2000.9000 0.2887
2002.8000 0.2889
2002.9000 0.2891
2004.1000 0.2892
2004.1000 0.2894
2006.1000 0.2896
2007.2000 0.2898
2008.2000 0.2899
2009.4000 0.2901
2010.5000 0.2903
2012.3000 0.2905
2015.6000 0.2906
2017.2000 0.2908
2017.8000 0.2910
2017.9000 0.2911
2018.6000 0.2913
2020.2000 0.2915
2020.8000 0.2917
2021.3000 0.2918
2021.9000 0.2920
2023.1000 0.2922
2023.9000 0.2924
2025.2000 0.2925
2025.9000 0.2927
2027.0000 0.2929
2027.1000 0.2931
2028.3000 0.2932
2029.5000 0.2934
2030.6000 0.2936
2033.4000 0.2938
2036.7000 0.2939
2036.9000 0.2941
2037.4000 0.2943
2038.2000 0.2944
2041.2000 0.2946
2041.4000 0.2948
2041.6000 0.2950
2042.6000 0.2951
2042.9000 0.2953
2043.5000 0.2955
2043.9000 0.2957
2044.2000 0.2958
2045.0000 0.2960
2046.4000 0.2962
2050.5000 0.2964
2051.4000 0.2965
2052.9000 0.2967
2054.9000 0.2969
2057.6000 0.2970
2057.8000 0.2972
2059.0000 0.2974
2059.3000 0.2976
2060.1000 0.2977
2061.3000 0.2979
2063.6000 0.2981
2063.7000 0.2983
2064.7000 0.2984
2065.0000 0.2986
2066.3000 0.2988
2071.1000 0.2990
2071.1000 0.2991
2072.0000 0.2993
2072.8000 0.2995
2073.9000 0.2997
2075.0000 0.2998
2076.3000 0.3000
2078.3000 0.3002
2078.4000 0.3003
2080.2000 0.3005
2082.3000 0.3007
2082.4000 0.3009
2082.5000 0.3010
2083.4000 0.3012
2083.9000 0.3014
2084.6000 0.3016
2085.3000 0.3017
2086.9000 0.3019
2087.0000 0.3021
2088.6000 0.3023
2092.1000 0.3024
2093.9000 0.3026
2097.9000 0.3028
2099.3000 0.3030
2102.0000 0.3031
2102.1000 0.3033
2102.7000 0.3035
2106.0000 0.3036
2106.6000 0.3038
2107.0000 0.3040
2108.3000 0.3042
2109.4000 0.3043
2112.8000 0.3045
2115.0000 0.3047
2115.5000 0.3049
2116.6000 0.3050
2117.3000 0.3052
2117.6000 0.3054
2121.6000 0.3056
2123.1000 0.3057
2125.0000 0.3059
2125.3000 0.3061
2125.7000 0.3063
2125.9000 0.3064
2127.2000 0.3066
2129.4000 0.3068
2129.8000 0.3069
2132.1000 0.3071
2132.2000 0.3073
2133.8000 0.3075
2134.2000 0.3076
2135.1000 0.3078
2137.6000 0.3080
2138.8000 0.3082
2140.2000 0.3083
2140.4000 0.3085
2140.9000 0.3087
2144.4000 0.3089
2146.4000 0.3090
2146.4000 0.3092
2148.2000 0.3094
2148.3000 0.3095
2150.7000 0.3097
2152.3000 0.3099
2153.2000 0.3101
2154.6000 0.3102
2154.9000 0.3104
2156.8000 0.3106
2157.3000 0.3108
2161.7000 0.3109
2162.3000 0.3111
2162.9000 0.3113
2163.9000 0.3115
2164.6000 0.3116
2167.0000 0.3118
2167.5000 0.3120
2169.1000 0.3122
2169.6000 0.3123
2171.1000 0.3125
2171.7000 0.3127
2172.7000 0.3128
2174.8000 0.3130
2175.8000 0.3132
2177.5000 0.3134
2180.2000 0.3135
2181.0000 0.3137
2183.0000 0.3139
2183.0000 0.3141
2183.0000 0.3142
2185.5000 0.3144
2187.1000 0.3146
2188.9000 0.3148
2188.9000 0.3149
2189.4000 0.3151
2190.4000 0.3153
2192.2000 0.3155
2192.6000 0.3156
2192.8000 0.3158
2192.9000 0.3160
2193.4000 0.3161
2194.5000 0.3163
2195.0000 0.3165
2195.0000 0.3167
2198.4000 0.3168
2202.9000 0.3170
2204.2000 0.3172
2204.5000 0.3174
2205.4000 0.3175
2205.8000 0.3177
2206.2000 0.3179
2206.4000 0.3181
2206.6000 0.3182
2207.2000 0.3184
2209.4000 0.3186
2209.4000 0.3188
2209.5000 0.3189
2210.5000 0.3191
2211.3000 0.3193
2212.1000 0.3194
2213.3000 0.3196
2213.3000 0.3198
2213.9000 0.3200
2214.3000 0.3201
2216.2000 0.3203
2219.9000 0.3205
2220.7000 0.3207
2221.2000 0.3208
2222.7000 0.3210
2223.3000 0.3212
2223.4000 0.3214
2225.9000 0.3215
2226.9000 0.3217
2227.0000 0.3219
2229.4000 0.3220
2230.6000 0.3222
2232.7000 0.3224
2234.9000 0.3226
2236.9000 0.3227
2237.2000 0.3229
2239.6000 0.3231
2239.9000 0.3233
2240.4000 0.3234
2242.0000 0.3236
2242.1000 0.3238
2242.6000 0.3240
2243.2000 0.3241
2243.7000 0.3243
2244.5000 0.3245
2244.8000 0.3247
2245.2000 0.3248
2245.7000 0.3250
2246.2000 0.3252
2246.9000 0.3253
2247.0000 0.3255
2248.5000 0.3257
2253.2000 0.3259
2255.5000 0.3260
2256.4000 0.3262
2256.8000 0.3264
2258.1000 0.3266
2258.8000 0.3267
2259.6000 0.3269
2265.6000 0.3271
2267.5000 0.3273
2267.8000 0.3274
2268.5000 0.3276
2272.4000 0.3278
2274.0000 0.3280
2274.1000 0.3281
2275.1000 0.3283
2277.6000 0.3285
2278.3000 0.3286
2280.4000 0.3288
2280.8000 0.3290
2281.0000 0.3292
2281.3000 0.3293
2283.7000 0.3295
2284.4000 0.3297
2285.6000 0.3299
2286.6000 0.3300
2288.3000 0.3302
2290.3000 0.3304
2294.7000 0.3306
2296.6000 0.3307
2297.1000 0.3309
2299.9000 0.3311
2302.4000 0.3313
2304.3000 0.3314
2310.9000 0.3316
2313.8000 0.3318
2320.4000 0.3319
2320.5000 0.3321
2322.7000 0.3323
2323.0000 0.3325
2326.7000 0.3326
2327.0000 0.3328
2329.3000 0.3330
2332.1000 0.3332
2332.3000 0.3333
2332.9000 0.3335
2333.4000 0.3337
2336.5000 0.3339
2338.0000 0.3340
2338.4000 0.3342
2343.6000 0.3344
2345.0000 0.3345
2346.6000 0.3347
2348.1000 0.3349
2349.1000 0.3351
2349.2000 0.3352
2350.0000 0.3354
2351.2000 0.3356
2351.5000 0.3358
2354.0000 0.3359
2356.5000 0.3361
2358.2000 0.3363
2358.4000 0.3365
2359.3000 0.3366
2362.4000 0.3368
2364.5000 0.3370
2367.0000 0.3372
2367.7000 0.3373
2369.0000 0.3375
2369.7000 0.3377
2370.7000 0.3378
2370.7000 0.3380
2370.9000 0.3382
2371.8000 0.3384
2377.7000 0.3385
2382.6000 0.3387
2384.1000 0.3389
2386.7000 0.3391
2386.8000 0.3392
2387.2000 0.3394
2388.8000 0.3396
2392.7000 0.3398
2394.5000 0.3399
2398.2000 0.3401
2400.2000 0.3403
2402.9000 0.3405
2413.8000 0.3406
2416.3000 0.3408
2417.6000 0.3410
2420.6000 0.3411
2424.6000 0.3413
2428.7000 0.3415
2430.3000 0.3417
2439.3000 0.3418
2441.0000 0.3420
2441.8000 0.3422
2442.1000 0.3424
2443.7000 0.3425
2444.2000 0.3427
2446.8000 0.3429
2447.4000 0.3431
2448.0000 0.3432
2449.0000 0.3434
2456.8000 0.3436
2457.2000 0.3438
2457.6000 0.3439
2458.4000 0.3441
2460.2000 0.3443
2461.5000 0.3444
2464.3000 0.3446
2471.9000 0.3448
2472.7000 0.3450
2473.3000 0.3451
2476.2000 0.3453
2481.2000 0.3455
2483.5000 0.3457
2484.7000 0.3458
2486.5000 0.3460
2487.3000 0.3462
2488.4000 0.3464
2493.7000 0.3465
2495.9000 0.3467
2499.7000 0.3469
2501.9000 0.3470
2502.9000 0.3472
2504.3000 0.3474
2504.9000 0.3476
2506.1000 0.3477
2507.1000 0.3479
2508.9000 0.3481
2510.9000 0.3483
2511.0000 0.3484
2513.4000 0.3486
2518.1000 0.3488
2520.4000 0.3490
2523.0000 0.3491
2524.2000 0.3493
2525.0000 0.3495
2526.9000 0.3497
2528.0000 0.3498
2529.9000 0.3500
2530.2000 0.3502
2531.7000 0.3503
2537.6000 0.3505
2538.6000 0.3507
2542.5000 0.3509
2542.8000 0.3510
2543.4000 0.3512
2543.5000 0.3514
2546.6000 0.3516
2546.6000 0.3517
2547.1000 0.3519
2551.1000 0.3521
2554.4000 0.3523
2558.3000 0.3524
2566.6000 0.3526
2568.1000 0.3528
2578.6000 0.3530
2581.9000 0.3531
2582.0000 0.3533
2582.3000 0.3535
2583.6000 0.3536
2583.9000 0.3538
2585.1000 0.3540
2587.4000 0.3542
2587.5000 0.3543
2588.2000 0.3545
2589.5000 0.3547
2589.8000 0.3549
2591.4000 0.3550
2591.8000 0.3552
2591.9000 0.3554
2594.9000 0.3556
2596.1000 0.3557
2604.3000 0.3559
2609.6000 0.3561
2611.2000 0.3563
2614.0000 0.3564
2615.7000 0.3566
2617.1000 0.3568
2618.0000 0.3569
2624.4000 0.3571
2625.4000 0.3573
2625.4000 0.3575
2630.1000 0.3576
2634.7000 0.3578
2635.3000 0.3580
2640.5000 0.3582
2641.6000 0.3583
2648.3000 0.3585
2651.6000 0.3587
2653.7000 0.3589
2654.6000 0.3590
2668.6000 0.3592
2671.6000 0.3594
2672.5000 0.3595
2681.7000 0.3597
2683.5000 0.3599
2686.0000 0.3601
2690.5000 0.3602
2692.0000 0.3604
2692.1000 0.3606
2694.7000 0.3608
2696.0000 0.3609
2698.5000 0.3611
2700.9000 0.3613
2703.6000 0.3615
2713.5000 0.3616
2715.1000 0.3618
2715.3000 0.3620
2719.3000 0.3622
2723.1000 0.3623
2728.3000 0.3625
2731.4000 0.3627
2733.9000 0.3628
2735.3000 0.3630
2742.8000 0.3632
2742.9000 0.3634
2744.9000 0.3635
2748.2000 0.3637
2756.8000 0.3639
2758.3000 0.3641
2758.6000 0.3642
2759.9000 0.3644
2761.8000 0.3646
2767.9000 0.3648
2774.4000 0.3649
2777.0000 0.3651
2787.7000 0.3653
2788.5000 0.3655
2788.6000 0.3656
2790.8000 0.3658
2792.1000 0.3660
2796.9000 0.3661
2798.6000 0.3663
2798.8000 0.3665
2802.1000 0.3667
2804.9000 0.3668
2806.9000 0.3670
2812.8000 0.3672
2815.5000 0.3674
2817.3000 0.3675
2818.0000 0.3677
2818.2000 0.3679
2819.7000 0.3681
2821.2000 0.3682
2822.5000 0.3684
2822.7000 0.3686
2824.1000 0.3688
2824.4000 0.3689
2826.3000 0.3691
2827.3000 0.3693
2831.0000 0.3694
2832.5000 0.3696
2832.8000 0.3698
2834.0000 0.3700
2835.4000 0.3701
2840.1000 0.3703
2846.7000 0.3705
2848.1000 0.3707
2849.5000 0.3708
2853.1000 0.3710
2867.1000 0.3712
2869.1000 0.3714
2872.4000 0.3715
2875.6000 0.3717
2877.7000 0.3719
2881.9000 0.3720
2886.0000 0.3722
2889.6000 0.3724
2894.0000 0.3726
2894.9000 0.3727
2895.4000 0.3729
2896.2000 0.3731
2898.3000 0.3733
2898.5000 0.3734
2902.5000 0.3736
2907.3000 0.3738
2909.4000 0.3740
2911.1000 0.3741
2912.4000 0.3743
2924.2000 0.3745
2928.9000 0.3747
2935.5000 0.3748
2939.7000 0.3750
2943.7000 0.3752
2945.0000 0.3753
2947.7000 0.3755
2950.4000 0.3757
2953.4000 0.3759
2953.5000 0.3760
2966.1000 0.3762
2974.7000 0.3764
2977.9000 0.3766
2981.2000 0.3767
2986.0000 0.3769
2986.5000 0.3771
2987.8000 0.3773
2993.1000 0.3774
2998.3000 0.3776
2998.5000 0.3778
3005.3000 0.3780
3008.4000 0.3781
3019.3000 0.3783
3023.0000 0.3785
3035.4000 0.3786
3038.6000 0.3788
3041.4000 0.3790
3047.7000 0.3792
3051.5000 0.3793
3056.8000 0.3795
3059.4000 0.3797
3069.0000 0.3799
3069.8000 0.3800
3072.8000 0.3802
3081.5000 0.3804
3083.9000 0.3806
3085.5000 0.3807
3086.4000 0.3809
3087.9000 0.3811
3092.4000 0.3813
3101.7000 0.3814
3104.3000 0.3816
3105.8000 0.3818
3116.9000 0.3819
3122.6000 0.3821
3133.0000 0.3823
3138.3000 0.3825
3139.4000 0.3826
3148.4000 0.3828
3164.2000 0.3830
3165.7000 0.3832
3179.5000 0.3833
3181.1000 0.3835
3185.5000 0.3837
3193.3000 0.3839
3194.5000 0.3840
3201.1000 0.3842
3202.2000 0.3844
3202.3000 0.3845
3203.2000 0.3847
3204.2000 0.3849
3206.4000 0.3851
3209.3000 0.3852
3219.2000 0.3854
3222.6000 0.3856
3223.6000 0.3858
3228.9000 0.3859
3241.4000 0.3861
3241.9000 0.3863
3243.3000 0.3865
3249.0000 0.3866
3249.6000 0.3868
3251.1000 0.3870
3255.8000 0.3872
3262.3000 0.3873
3270.0000 0.3875
3270.4000 0.3877
3271.4000 0.3878
3273.8000 0.3880
3275.7000 0.3882
3277.6000 0.3884
3278.0000 0.3885
3279.1000 0.3887
3290.0000 0.3889
3292.8000 0.3891
3294.5000 0.3892
3311.9000 0.3894
3313.3000 0.3896
3314.3000 0.3898
3317.1000 0.3899
3325.7000 0.3901
3326.7000 0.3903
3329.3000 0.3905
3332.0000 0.3906
3334.9000 0.3908
3336.0000 0.3910
3350.6000 0.3911
3351.9000 0.3913
3368.6000 0.3915
3372.9000 0.3917
3377.7000 0.3918
3377.7000 0.3920
3378.3000 0.3922
3379.1000 0.3924
3382.6000 0.3925
3386.5000 0.3927
3387.1000 0.3929
3388.4000 0.3931
3392.8000 0.3932
3392.9000 0.3934
3401.0000 0.3936
3402.6000 0.3938
3404.6000 0.3939
3406.5000 0.3941
3411.7000 0.3943
3412.4000 0.3944
3413.9000 0.3946
3414.0000 0.3948
3417.7000 0.3950
3419.3000 0.3951
3420.2000 0.3953
3421.6000 0.3955
3422.8000 0.3957
3423.4000 0.3958
3430.4000 0.3960
3431.0000 0.3962
3433.4000 0.3964
3435.1000 0.3965
3436.6000 0.3967
3438.1000 0.3969
3441.1000 0.3970
3441.4000 0.3972
3448.3000 0.3974
3450.6000 0.3976
3454.7000 0.3977
3455.8000 0.3979
3457.5000 0.3981
3462.5000 0.3983
3463.1000 0.3984
3464.1000 0.3986
3470.1000 0.3988
3473.8000 0.3990
3482.1000 0.3991
3484.9000 0.3993
3485.7000 0.3995
3486.5000 0.3997
3489.2000 0.3998
3490.3000 0.4000
3494.6000 0.4002
3495.0000 0.4003
3498.1000 0.4005
3503.0000 0.4007
3511.0000 0.4009
3512.0000 0.4010
3513.2000 0.4012
3513.7000 0.4014
3524.2000 0.4016
3524.5000 0.4017
3525.0000 0.4019
3528.3000 0.4021
3532.5000 0.4023
3533.6000 0.4024
3534.7000 0.4026
3535.7000 0.4028
3541.9000 0.4030
3543.0000 0.4031
3561.1000 0.4033
3569.4000 0.4035
3569.7000 0.4036
3573.0000 0.4038
3578.4000 0.4040
3582.3000 0.4042
3584.3000 0.4043
3587.2000 0.4045
3588.4000 0.4047
3600.2000 0.4049
3604.8000 0.4050
3605.3000 0.4052
3613.6000 0.4054
3614.7000 0.4056
3622.9000 0.4057
3628.9000 0.4059
3636.9000 0.4061
3637.3000 0.4063
3638.9000 0.4064
3639.7000 0.4066
3640.4000 0.4068
3642.0000 0.4069
3655.6000 0.4071
3672.6000 0.4073
3674.5000 0.4075
3678.9000 0.4076
3679.4000 0.4078
3680.9000 0.4080
3681.7000 0.4082
3683.2000 0.4083
3686.3000 0.4085
3688.1000 0.4087
3694.6000 0.4089
3696.9000 0.4090
3698.2000 0.4092
3700.5000 0.4094
3700.8000 0.4095
3703.0000 0.4097
3704.4000 0.4099
3708.2000 0.4101
3726.2000 0.4102
3727.0000 0.4104
3729.8000 0.4106
3731.2000 0.4108
3733.3000 0.4109
3737.6000 0.4111
3743.6000 0.4113
3752.3000 0.4115
3757.2000 0.4116
3760.0000 0.4118
3765.8000 0.4120
3771.6000 0.4122
3772.6000 0.4123
3779.4000 0.4125
3781.0000 0.4127
3781.0000 0.4128
3781.8000 0.4130
3791.1000 0.4132
3804.1000 0.4134
3811.4000 0.4135
3811.7000 0.4137
3813.8000 0.4139
3815.9000 0.4141
3825.8000 0.4142
3826.1000 0.4144
3828.2000 0.4146
3834.2000 0.4148
3849.1000 0.4149
3853.4000 0.4151
3876.1000 0.4153
3879.3000 0.4155
3884.8000 0.4156
3890.9000 0.4158
3906.2000 0.4160
3906.4000 0.4161
3908.3000 0.4163
3920.4000 0.4165
3922.1000 0.4167
3930.9000 0.4168
3931.9000 0.4170
3933.6000 0.4172
3934.7000 0.4174
3934.7000 0.4175
3942.9000 0.4177
3951.0000 0.4179
3956.4000 0.4181
3965.7000 0.4182
3965.9000 0.4184
3967.4000 0.4186
3968.8000 0.4188
3969.3000 0.4189
3970.5000 0.4191
3977.0000 0.4193
3980.5000 0.4194
3980.7000 0.4196
3982.6000 0.4198
3987.1000 0.4200
3988.9000 0.4201
3994.4000 0.4203
3994.8000 0.4205
4003.3000 0.4207
4010.7000 0.4208
4013.7000 0.4210
4028.1000 0.4212
4037.5000 0.4214
4038.2000 0.4215
4039.5000 0.4217
4049.9000 0.4219
4055.7000 0.4220
4056.5000 0.4222
4057.2000 0.4224
4058.6000 0.4226
4078.4000 0.4227
4086.4000 0.4229
4094.8000 0.4231
4099.4000 0.4233
4108.6000 0.4234
4113.7000 0.4236
4115.2000 0.4238
4117.4000 0.4240
4125.5000 0.4241
4130.1000 0.4243
4130.4000 0.4245
4131.7000 0.4247
4135.5000 0.4248
4141.3000 0.4250
4151.3000 0.4252
4151.6000 0.4253
4151.8000 0.4255
4156.7000 0.4257
4169.5000 0.4259
4170.8000 0.4260
4174.9000 0.4262
4192.8000 0.4264
4193.4000 0.4266
4197.5000 0.4267
4197.7000 0.4269
4203.1000 0.4271
4204.8000 0.4273
4205.5000 0.4274
4205.7000 0.4276
4212.2000 0.4278
4215.1000 0.4280
4217.2000 0.4281
4232.9000 0.4283
4234.0000 0.4285
4254.2000 0.4286
4292.7000 0.4288
4294.1000 0.4290
4295.7000 0.4292
4297.0000 0.4293
4300.1000 0.4295
4304.8000 0.4297
4311.9000 0.4299
4312.5000 0.4300
4313.9000 0.4302
4319.4000 0.4304
4319.6000 0.4306
4322.7000 0.4307
4329.9000 0.4309
4335.1000 0.4311
4336.6000 0.4313
4340.8000 0.4314
4345.3000 0.4316
4349.1000 0.4318
4350.5000 0.4319
4354.4000 0.4321
4361.5000 0.4323
4366.3000 0.4325
4366.7000 0.4326
4369.0000 0.4328
4374.2000 0.4330
4378.5000 0.4332
4387.9000 0.4333
4394.7000 0.4335
4420.1000 0.4337
4423.3000 0.4339
4431.0000 0.4340
4442.6000 0.4342
4448.5000 0.4344
4453.6000 0.4345
4466.7000 0.4347
4476.5000 0.4349
4484.6000 0.4351
4486.9000 0.4352
4495.2000 0.4354
4495.3000 0.4356
4497.7000 0.4358
4498.5000 0.4359
4501.9000 0.4361
4505.9000 0.4363
4530.0000 0.4365
4532.4000 0.4366
4538.0000 0.4368
4540.0000 0.4370
4547.8000 0.4372
4549.4000 0.4373
4555.2000 0.4375
4555.3000 0.4377
4570.0000 0.4378
4575.3000 0.4380
4592.8000 0.4382
4596.4000 0.4384
4609.4000 0.4385
4617.6000 0.4387
4621.5000 0.4389
4632.2000 0.4391
4635.0000 0.4392
4645.3000 0.4394
4653.1000 0.4396
4658.4000 0.4398
4669.7000 0.4399
4672.3000 0.4401
4673.2000 0.4403
4673.5000 0.4405
4676.1000 0.4406
4678.1000 0.4408
4701.2000 0.4410
4705.4000 0.4411
4706.3000 0.4413
4713.1000 0.4415
4713.5000 0.4417
4739.6000 0.4418
4741.8000 0.4420
4742.9000 0.4422
4744.3000 0.4424
4746.2000 0.4425
4748.9000 0.4427
4751.8000 0.4429
4753.2000 0.4431
4753.4000 0.4432
4758.0000 0.4434
4774.8000 0.4436
4779.1000 0.4438
4779.8000 0.4439
4782.6000 0.4441
4802.2000 0.4443
4806.7000 0.4444
4807.6000 0.4446
4817.3000 0.4448
4825.1000 0.4450
4825.4000 0.4451
4837.5000 0.4453
4837.7000 0.4455
4841.0000 0.4457
4842.1000 0.4458
4842.2000 0.4460
4843.8000 0.4462
4846.0000 0.4464
4856.7000 0.4465
4864.9000 0.4467
4887.5000 0.4469
4888.6000 0.4470
4899.0000 0.4472
4910.1000 0.4474
4929.9000 0.4476
4935.4000 0.4477
4943.1000 0.4479
4953.8000 0.4481
4961.6000 0.4483
4967.3000 0.4484
4980.1000 0.4486
4981.8000 0.4488
4983.3000 0.4490
4991.5000 0.4491
4999.5000 0.4493
5005.3000 0.4495
5014.2000 0.4497
5021.7000 0.4498
5023.4000 0.4500
5026.0000 0.4502
5030.9000 0.4503
5038.7000 0.4505
5039.0000 0.4507
5045.5000 0.4509
5047.9000 0.4510
5048.6000 0.4512
5048.7000 0.4514
5070.8000 0.4516
5072.5000 0.4517
5077.3000 0.4519
5081.2000 0.4521
5110.1000 0.4523
5113.0000 0.4524
5113.2000 0.4526
5114.3000 0.4528
5115.8000 0.4530
5118.9000 0.4531
5120.2000 0.4533
5126.1000 0.4535
5142.6000 0.4536
5144.7000 0.4538
5157.9000 0.4540
5170.5000 0.4542
5177.5000 0.4543
5197.1000 0.4545
5211.2000 0.4547
5214.3000 0.4549
5224.9000 0.4550
5231.7000 0.4552
5233.8000 0.4554
5234.5000 0.4556
5234.6000 0.4557
5235.2000 0.4559
5250.8000 0.4561
5260.7000 0.4563
5265.1000 0.4564
5274.1000 0.4566
5274.4000 0.4568
5277.7000 0.4569
5281.4000 0.4571
5284.6000 0.4573
5287.5000 0.4575
5294.8000 0.4576
5297.8000 0.4578
5297.9000 0.4580
5308.9000 0.4582
5312.4000 0.4583
5316.8000 0.4585
5324.3000 0.4587
5326.6000 0.4589
5329.2000 0.4590
5331.7000 0.4592
5334.1000 0.4594
5351.6000 0.4595
5353.7000 0.4597
5355.6000 0.4599
5363.6000 0.4601
5367.0000 0.4602
5376.8000 0.4604
5379.0000 0.4606
5381.5000 0.4608
5389.5000 0.4609
5394.9000 0.4611
5404.0000 0.4613
5409.9000 0.4615
5413.9000 0.4616
5417.9000 0.4618
5424.3000 0.4620
5435.8000 0.4622
5442.3000 0.4623
5452.9000 0.4625
5453.9000 0.4627
5475.9000 0.4628
5482.4000 0.4630
5506.7000 0.4632
5508.2000 0.4634
5516.1000 0.4635
5516.2000 0.4637
5526.2000 0.4639
5531.7000 0.4641
5539.6000 0.4642
5553.7000 0.4644
5553.8000 0.4646
5557.1000 0.4648
5557.6000 0.4649
5557.9000 0.4651
5568.5000 0.4653
5573.1000 0.4655
5574.0000 0.4656
5574.2000 0.4658
5590.5000 0.4660
5597.2000 0.4661
5599.5000 0.4663
5602.9000 0.4665
5623.7000 0.4667
5631.9000 0.4668
5635.5000 0.4670
5642.1000 0.4672
5644.6000 0.4674
5647.7000 0.4675
5649.6000 0.4677
5653.7000 0.4679
5654.6000 0.4681
5656.1000 0.4682
5657.3000 0.4684
5658.8000 0.4686
5660.1000 0.4688
5661.3000 0.4689
5662.0000 0.4691
5667.5000 0.4693
5668.7000 0.4694
5670.6000 0.4696
5671.1000 0.4698
5675.6000 0.4700
5694.7000 0.4701
5701.7000 0.4703
5703.2000 0.4705
5705.3000 0.4707
5706.5000 0.4708
5721.9000 0.4710
5729.2000 0.4712
5730.8000 0.4714
5731.4000 0.4715
5735.4000 0.4717
5738.7000 0.4719
5745.8000 0.4720
5746.9000 0.4722
5749.8000 0.4724
5751.2000 0.4726
5752.6000 0.4727
5757.0000 0.4729
5758.6000 0.4731
5762.1000 0.4733
5779.3000 0.4734
5783.9000 0.4736
5806.3000 0.4738
5819.9000 0.4740
5827.6000 0.4741
5830.9000 0.4743
5836.4000 0.4745
5840.9000 0.4747
5847.8000 0.4748
5848.4000 0.4750
5855.6000 0.4752
5867.7000 0.4753
5870.4000 0.4755
5877.6000 0.4757
5888.2000 0.4759
5899.9000 0.4760
5903.4000 0.4762
5904.9000 0.4764
5922.8000 0.4766
5926.9000 0.4767
5927.5000 0.4769
5937.8000 0.4771
5939.6000 0.4773
5960.9000 0.4774
5962.0000 0.4776
5976.3000 0.4778
5987.8000 0.4780
5989.0000 0.4781
5994.2000 0.4783
5997.9000 0.4785
6001.9000 0.4786
6009.8000 0.4788
6009.8000 0.4790
6010.1000 0.4792
6012.4000 0.4793
6015.6000 0.4795
6022.3000 0.4797
6023.9000 0.4799
6035.9000 0.4800
6040.6000 0.4802
6050.3000 0.4804
6054.3000 0.4806
6056.1000 0.4807
6058.2000 0.4809
6058.7000 0.4811
6061.4000 0.4813
6062.7000 0.4814
6070.5000 0.4816
6074.9000 0.4818
6078.1000 0.4819
6083.2000 0.4821
6083.7000 0.4823
6087.6000 0.4825
6090.0000 0.4826
6094.8000 0.4828
6096.0000 0.4830
6100.7000 0.4832
6122.2000 0.4833
6127.3000 0.4835
6135.6000 0.4837
6139.0000 0.4839
6141.6000 0.4840
6142.9000 0.4842
6144.7000 0.4844
6145.3000 0.4845
6160.0000 0.4847
6162.6000 0.4849
6191.1000 0.4851
6194.2000 0.4852
6200.3000 0.4854
6201.9000 0.4856
6202.5000 0.4858
6210.6000 0.4859
6233.4000 0.4861
6236.3000 0.4863
6244.8000 0.4865
6247.0000 0.4866
6249.9000 0.4868
6252.3000 0.4870
6258.8000 0.4872
6263.7000 0.4873
6264.5000 0.4875
6270.4000 0.4877
6280.9000 0.4878
6285.2000 0.4880
6290.4000 0.4882
6296.4000 0.4884
6305.4000 0.4885
6307.2000 0.4887
6309.9000 0.4889
6310.9000 0.4891
6311.4000 0.4892
6314.7000 0.4894
6317.0000 0.4896
6319.0000 0.4898
6320.9000 0.4899
6324.5000 0.4901
6330.8000 0.4903
6332.7000 0.4905
6334.1000 0.4906
6340.2000 0.4908
6347.8000 0.4910
6348.2000 0.4911
6354.0000 0.4913
6362.4000 0.4915
6378.5000 0.4917
6378.8000 0.4918
6397.6000 0.4920
6402.5000 0.4922
6403.6000 0.4924
6409.4000 0.4925
6422.7000 0.4927
6424.0000 0.4929
6429.3000 0.4931
6436.0000 0.4932
6450.0000 0.4934
6452.3000 0.4936
6459.7000 0.4938
6461.1000 0.4939
6476.5000 0.4941
6491.3000 0.4943
6534.6000 0.4944
6538.6000 0.4946
6540.5000 0.4948
6559.2000 0.4950
6563.1000 0.4951
6570.8000 0.4953
6572.1000 0.4955
6587.2000 0.4957
6589.4000 0.4958
6596.2000 0.4960
6600.7000 0.4962
6605.9000 0.4964
6609.8000 0.4965
6612.5000 0.4967
6613.7000 0.4969
6617.1000 0.4970
6623.4000 0.4972
6626.8000 0.4974
6627.3000 0.4976
6629.8000 0.4977
6644.1000 0.4979
6647.7000 0.4981
6650.6000 0.4983
6657.4000 0.4984
6668.2000 0.4986
6671.4000 0.4988
6678.7000 0.4990
6682.6000 0.4991
6687.1000 0.4993
6694.3000 0.4995
6694.9000 0.4997
6699.3000 0.4998
6705.8000 0.5000
6706.3000 0.5002
6710.7000 0.5003
6711.5000 0.5005
6730.0000 0.5007
6741.9000 0.5009
6746.2000 0.5010
6749.3000 0.5012
6762.9000 0.5014
6763.1000 0.5016
6763.2000 0.5017
6769.8000 0.5019
6773.0000 0.5021
6773.4000 0.5023
6773.9000 0.5024
6780.6000 0.5026
6782.5000 0.5028
6783.0000 0.5030
6783.2000 0.5031
6786.3000 0.5033
6786.4000 0.5035
6792.1000 0.5036
6795.5000 0.5038
6798.6000 0.5040
6807.7000 0.5042
6811.1000 0.5043
6823.3000 0.5045
6827.9000 0.5047
6829.5000 0.5049
6851.3000 0.5050
6855.2000 0.5052
6858.4000 0.5054
6870.6000 0.5056
6874.6000 0.5057
6879.0000 0.5059
6879.2000 0.5061
6879.8000 0.5063
6882.0000 0.5064
6889.6000 0.5066
6894.6000 0.5068
6894.7000 0.5069
6895.3000 0.5071
6895.8000 0.5073
6897.5000 0.5075
6899.3000 0.5076
6899.7000 0.5078
6899.7000 0.5080
6900.4000 0.5082
6902.9000 0.5083
6913.5000 0.5085
6932.4000 0.5087
6940.2000 0.5089
6942.6000 0.5090
6945.9000 0.5092
6948.5000 0.5094
6950.3000 0.5095
6964.6000 0.5097
6965.2000 0.5099
6968.3000 0.5101
6975.2000 0.5102
6976.1000 0.5104
6987.9000 0.5106
6994.8000 0.5108
6995.7000 0.5109
6997.5000 0.5111
6998.0000 0.5113
7000.5000 0.5115
7002.0000 0.5116
7009.5000 0.5118
7009.6000 0.5120
7017.3000 0.5122
7017.5000 0.5123
7020.0000 0.5125
7025.7000 0.5127
7039.1000 0.5128
7040.7000 0.5130
7045.6000 0.5132
7055.4000 0.5134
7057.2000 0.5135
7063.4000 0.5137
7063.4000 0.5139
7071.6000 0.5141
7072.9000 0.5142
7092.5000 0.5144
7093.4000 0.5146
7093.8000 0.5148
7096.9000 0.5149
7098.7000 0.5151
7100.5000 0.5153
7103.3000 0.5155
7107.3000 0.5156
7108.8000 0.5158
7110.8000 0.5160
7114.1000 0.5161
7120.0000 0.5163
7128.7000 0.5165
7141.1000 0.5167
7145.0000 0.5168
7147.4000 0.5170
7148.8000 0.5172
7154.8000 0.5174
7163.1000 0.5175
7170.7000 0.5177
7172.4000 0.5179
7187.1000 0.5181
7209.2000 0.5182
7212.1000 0.5184
7213.0000 0.5186
7213.4000 0.5188
7215.9000 0.5189
7217.5000 0.5191
7218.6000 0.5193
7220.4000 0.5194
7225.3000 0.5196
7241.8000 0.5198
7242.6000 0.5200
7253.5000 0.5201
7267.5000 0.5203
7269.6000 0.5205
7273.7000 0.5207
7287.9000 0.5208
7290.4000 0.5210
7307.4000 0.5212
7308.2000 0.5214
7326.0000 0.5215
7340.2000 0.5217
7352.9000 0.5219
7353.2000 0.5220
7357.6000 0.5222
7361.9000 0.5224
7377.1000 0.5226
7378.2000 0.5227
7383.7000 0.5229
7384.3000 0.5231
7397.6000 0.5233
7403.5000 0.5234
7404.7000 0.5236
7415.8000 0.5238
7425.5000 0.5240
7430.4000 0.5241
7438.9000 0.5243
7444.7000 0.5245
7449.2000 0.5247
7450.0000 0.5248
7464.5000 0.5250
7472.3000 0.5252
7474.2000 0.5253
7506.8000 0.5255
7517.2000 0.5257
7526.7000 0.5259
7532.4000 0.5260
7543.4000 0.5262
7554.6000 0.5264
7565.2000 0.5266
7577.8000 0.5267
7591.6000 0.5269
7599.8000 0.5271
7608.4000 0.5273
7615.3000 0.5274
7619.0000 0.5276
7623.0000 0.5278
7634.9000 0.5280
7636.4000 0.5281
7652.7000 0.5283
7664.6000 0.5285
7674.4000 0.5286
7675.6000 0.5288
7679.8000 0.5290
7696.2000 0.5292
7698.6000 0.5293
7704.2000 0.5295
7706.7000 0.5297
7708.1000 0.5299
7717.5000 0.5300
7723.4000 0.5302
7726.0000 0.5304
7732.2000 0.5306
7733.5000 0.5307
7734.6000 0.5309
7753.6000 0.5311
7756.7000 0.5313
7766.4000 0.5314
7770.3000 0.5316
7772.7000 0.5318
7777.7000 0.5319
7779.7000 0.5321
7787.5000 0.5323
7789.2000 0.5325
7794.8000 0.5326
7801.2000 0.5328
7824.9000 0.5330
7832.1000 0.5332
7834.1000 0.5333
7835.3000 0.5335
7836.3000 0.5337
7839.5000 0.5339
7844.3000 0.5340
7847.6000 0.5342
7850.8000 0.5344
7851.2000 0.5345
7851.7000 0.5347
7874.4000 0.5349
7878.1000 0.5351
7879.1000 0.5352
7879.4000 0.5354
7883.7000 0.5356
7885.0000 0.5358
7889.3000 0.5359
7897.0000 0.5361
7908.5000 0.5363
7909.2000 0.5365
7917.7000 0.5366
7924.0000 0.5368
7926.3000 0.5370
7926.9000 0.5372
7931.2000 0.5373
7937.5000 0.5375
7945.6000 0.5377
7958.4000 0.5378
7961.3000 0.5380
7964.9000 0.5382
7969.2000 0.5384
7970.9000 0.5385
7986.0000 0.5387
7990.6000 0.5389
8001.5000 0.5391
8026.6000 0.5392
8039.5000 0.5394
8047.0000 0.5396
8047.3000 0.5398
8052.5000 0.5399
8058.9000 0.5401
8063.5000 0.5403
8067.1000 0.5405
8070.6000 0.5406
8085.5000 0.5408
8090.1000 0.5410
8095.9000 0.5411
8098.1000 0.5413
8115.4000 0.5415
8120.1000 0.5417
8129.1000 0.5418
8131.7000 0.5420
8136.8000 0.5422
8141.6000 0.5424
8141.6000 0.5425
8144.2000 0.5427
8144.7000 0.5429
8147.6000 0.5431
8150.3000 0.5432
8156.7000 0.5434
8159.0000 0.5436
8168.5000 0.5438
8172.8000 0.5439
8179.8000 0.5441
8179.8000 0.5443
8188.2000 0.5444
8189.4000 0.5446
8203.9000 0.5448
8207.5000 0.5450
8213.2000 0.5451
8222.9000 0.5453
8228.0000 0.5455
8239.0000 0.5457
8242.4000 0.5458
8245.4000 0.5460
8247.4000 0.5462
8250.6000 0.5464
8253.4000 0.5465
8255.0000 0.5467
8257.7000 0.5469
8260.5000 0.5470
8268.9000 0.5472
8270.2000 0.5474
8275.0000 0.5476
8284.7000 0.5477
8288.8000 0.5479
8291.1000 0.5481
8297.3000 0.5483
8307.4000 0.5484
8308.9000 0.5486
8310.9000 0.5488
8311.2000 0.5490
8312.0000 0.5491
8320.0000 0.5493
8320.0000 0.5495
8320.4000 0.5497
8347.4000 0.5498
8351.9000 0.5500
8358.5000 0.5502
8367.8000 0.5503
8372.4000 0.5505
8374.3000 0.5507
8377.1000 0.5509
8378.0000 0.5510
8383.9000 0.5512
8385.7000 0.5514
8393.8000 0.5516
8395.0000 0.5517
8396.0000 0.5519
8399.5000 0.5521
8402.2000 0.5523
8408.2000 0.5524
8410.4000 0.5526
8420.5000 0.5528
8420.7000 0.5530
8427.1000 0.5531
8427.2000 0.5533
8431.2000 0.5535
8450.5000 0.5536
8450.8000 0.5538
8454.5000 0.5540
8458.8000 0.5542
8461.3000 0.5543
8466.6000 0.5545
8472.6000 0.5547
8479.4000 0.5549
8479.6000 0.5550
8493.9000 0.5552
8496.7000 0.5554
8497.5000 0.5556
8499.6000 0.5557
8499.7000 0.5559
8500.9000 0.5561
8518.5000 0.5563
8521.9000 0.5564
8524.4000 0.5566
8530.2000 0.5568
8530.3000 0.5569
8536.0000 0.5571
8543.5000 0.5573
8550.1000 0.5575
8555.1000 0.5576
8556.6000 0.5578
8562.8000 0.5580
8568.5000 0.5582
8568.8000 0.5583
8571.6000 0.5585
8586.5000 0.5587
8587.7000 0.5589
8595.1000 0.5590
8599.7000 0.5592
8611.2000 0.5594
8612.4000 0.5595
8612.8000 0.5597
8614.0000 0.5599
8625.5000 0.5601
8635.1000 0.5602
8643.9000 0.5604
8645.6000 0.5606
8676.1000 0.5608
8678.2000 0.5609
8679.9000 0.5611
8681.1000 0.5613
8691.9000 0.5615
8704.9000 0.5616
8706.7000 0.5618
8714.9000 0.5620
8718.4000 0.5622
8718.9000 0.5623
8719.0000 0.5625
8719.6000 0.5627
8726.2000 0.5628
8736.9000 0.5630
8754.1000 0.5632
8754.7000 0.5634
8763.6000 0.5635
8793.1000 0.5637
8802.2000 0.5639
8813.1000 0.5641
8815.3000 0.5642
8829.4000 0.5644
8834.6000 0.5646
8842.6000 0.5648
8851.0000 0.5649
8851.2000 0.5651
8857.1000 0.5653
8861.0000 0.5655
8872.3000 0.5656
8914.4000 0.5658
8917.3000 0.5660
8917.9000 0.5661
8937.4000 0.5663
8943.3000 0.5665
8948.5000 0.5667
8962.8000 0.5668
8964.0000 0.5670
8966.3000 0.5672
8969.2000 0.5674
8979.0000 0.5675
8979.2000 0.5677
8979.5000 0.5679
8987.0000 0.5681
8987.4000 0.5682
8992.5000 0.5684
8994.5000 0.5686
9002.8000 0.5688
9039.5000 0.5689
9039.9000 0.5691
9050.1000 0.5693
9052.8000 0.5694
9056.2000 0.5696
9058.9000 0.5698
9077.8000 0.5700
9080.4000 0.5701
9085.2000 0.5703
9090.9000 0.5705
9091.1000 0.5707
9094.6000 0.5708
9103.0000 0.5710
9111.4000 0.5712
9116.7000 0.5714
9126.0000 0.5715
9133.4000 0.5717
9144.8000 0.5719
9153.4000 0.5720
9161.4000 0.5722
9165.4000 0.5724
9170.0000 0.5726
9173.8000 0.5727
9182.8000 0.5729
9189.1000 0.5731
9190.4000 0.5733
9199.4000 0.5734
9199.6000 0.5736
9209.4000 0.5738
9209.4000 0.5740
9211.0000 0.5741
9214.6000 0.5743
9221.1000 0.5745
9222.9000 0.5747
9227.8000 0.5748
9230.4000 0.5750
9244.0000 0.5752
9253.3000 0.5753
9256.1000 0.5755
9263.8000 0.5757
9267.9000 0.5759
9268.6000 0.5760
9293.4000 0.5762
9296.2000 0.5764
9298.5000 0.5766
9306.1000 0.5767
9316.5000 0.5769
9320.5000 0.5771
9321.6000 0.5773
9324.8000 0.5774
9340.7000 0.5776
9356.7000 0.5778
9367.9000 0.5780
9369.6000 0.5781
9377.1000 0.5783
9386.1000 0.5785
9392.6000 0.5786
9407.1000 0.5788
9409.6000 0.5790
9410.7000 0.5792
9412.4000 0.5793
9412.6000 0.5795
9420.0000 0.5797
9427.8000 0.5799
9446.8000 0.5800
9447.4000 0.5802
9453.4000 0.5804
9456.5000 0.5806
9460.8000 0.5807
9465.8000 0.5809
9475.7000 0.5811
9477.5000 0.5813
9480.3000 0.5814
9483.0000 0.5816
9483.3000 0.5818
9484.9000 0.5819
9491.4000 0.5821
9492.5000 0.5823
9493.0000 0.5825
9497.0000 0.5826
9499.8000 0.5828
9511.6000 0.5830
9519.0000 0.5832
9520.6000 0.5833
9527.1000 0.5835
9530.3000 0.5837
9533.5000 0.5839
9536.2000 0.5840
9536.6000 0.5842
9538.0000 0.5844
9547.9000 0.5845
9548.9000 0.5847
9551.1000 0.5849
9561.4000 0.5851
9564.8000 0.5852
9569.4000 0.5854
9570.6000 0.5856
9573.9000 0.5858
9575.2000 0.5859
9578.5000 0.5861
9580.6000 0.5863
9581.5000 0.5865
9582.7000 0.5866
9586.7000 0.5868
9602.0000 0.5870
9605.7000 0.5872
9607.4000 0.5873
9609.1000 0.5875
9611.2000 0.5877
9612.8000 0.5878
9614.8000 0.5880
9616.5000 0.5882
9620.1000 0.5884
9623.0000 0.5885
9626.5000 0.5887
9630.7000 0.5889
9630.8000 0.5891
9636.9000 0.5892
9651.7000 0.5894
9661.9000 0.5896
9662.8000 0.5898
9665.1000 0.5899
9667.8000 0.5901
9668.1000 0.5903
9668.1000 0.5905
9671.1000 0.5906
9680.7000 0.5908
9682.3000 0.5910
9683.8000 0.5911
9684.3000 0.5913
9685.7000 0.5915
9686.4000 0.5917
9702.7000 0.5918
9709.6000 0.5920
9726.6000 0.5922
9728.0000 0.5924
9730.6000 0.5925
9733.0000 0.5927
9737.7000 0.5929
9749.4000 0.5931
9760.8000 0.5932
9768.3000 0.5934
9785.5000 0.5936
9789.7000 0.5938
9792.8000 0.5939
9802.3000 0.5941
9809.7000 0.5943
9832.3000 0.5944
9833.7000 0.5946
9834.0000 0.5948
9834.9000 0.5950
9842.8000 0.5951
9847.3000 0.5953
9852.3000 0.5955
9856.7000 0.5957
9857.5000 0.5958
9863.1000 0.5960
9874.0000 0.5962
9882.8000 0.5964
9883.2000 0.5965
9885.3000 0.5967
9893.8000 0.5969
9896.7000 0.5970
9897.3000 0.5972
9906.6000 0.5974
9911.5000 0.5976
9917.9000 0.5977
9918.1000 0.5979
9921.5000 0.5981
9923.6000 0.5983
9941.6000 0.5984
9943.4000 0.5986
9958.8000 0.5988
9974.3000 0.5990
9975.3000 0.5991
9977.3000 0.5993
9982.6000 0.5995
9989.5000 0.5997
9996.7000 0.5998
9996.8000 0.6000
9998.0000 0.6002
10006.5000 0.6003
10011.1000 0.6005
10012.4000 0.6007
10016.9000 0.6009
10025.0000 0.6010
10039.8000 0.6012
10049.0000 0.6014
10050.8000 0.6016
10054.5000 0.6017
10057.4000 0.6019
10069.5000 0.6021
10073.5000 0.6023
10076.7000 0.6024
10089.2000 0.6026
10092.9000 0.6028
10098.4000 0.6030
10110.0000 0.6031
10113.9000 0.6033
10115.1000 0.6035
10117.6000 0.6036
10120.5000 0.6038
10121.9000 0.6040
10126.2000 0.6042
10129.7000 0.6043
10144.7000 0.6045
10146.3000 0.6047
10153.1000 0.6049
10157.4000 0.6050
10157.7000 0.6052
10170.0000 0.6054
10176.6000 0.6056
10191.8000 0.6057
10192.9000 0.6059
10210.8000 0.6061
10213.2000 0.6063
10213.9000 0.6064
10223.6000 0.6066
10245.4000 0.6068
10250.7000 0.6069
10256.0000 0.6071
10271.3000 0.6073
10273.4000 0.6075
10280.4000 0.6076
10295.5000 0.6078
10302.7000 0.6080
10311.2000 0.6082
10312.3000 0.6083
10322.6000 0.6085
10331.7000 0.6087
10338.7000 0.6089
10354.3000 0.6090
10354.5000 0.6092
10356.1000 0.6094
10356.5000 0.6095
10363.3000 0.6097
10366.3000 0.6099
10368.7000 0.6101
10370.2000 0.6102
10376.5000 0.6104
10381.5000 0.6106
10389.1000 0.6108
10391.3000 0.6109
10392.6000 0.6111
10397.0000 0.6113
10399.9000 0.6115
10408.6000 0.6116
10409.1000 0.6118
10415.8000 0.6120
10416.8000 0.6122
10424.3000 0.6123
10428.7000 0.6125
10429.2000 0.6127
10434.6000 0.6128
10438.5000 0.6130
10443.0000 0.6132
10446.4000 0.6134
10449.1000 0.6135
10460.4000 0.6137
10474.7000 0.6139
10479.9000 0.6141
10498.0000 0.6142
10499.2000 0.6144
10503.9000 0.6146
10505.0000 0.6148
10509.1000 0.6149
10523.6000 0.6151
10526.7000 0.6153
10540.2000 0.6155
10560.3000 0.6156
10562.9000 0.6158
10563.2000 0.6160
10566.9000 0.6161
10581.7000 0.6163
10596.4000 0.6165
10597.5000 0.6167
10610.7000 0.6168
10621.0000 0.6170
10623.8000 0.6172
10625.5000 0.6174
10644.8000 0.6175
10648.5000 0.6177
10649.0000 0.6179
10652.1000 0.6181
10652.8000 0.6182
10654.2000 0.6184
10659.7000 0.6186
10680.0000 0.6188
10686.7000 0.6189
10692.3000 0.6191
10693.8000 0.6193
10735.6000 0.6194
10738.7000 0.6196
10741.7000 0.6198
10754.8000 0.6200
10761.5000 0.6201
10761.9000 0.6203
10789.7000 0.6205
10802.4000 0.6207
10804.0000 0.6208
10816.2000 0.6210
10816.3000 0.6212
10816.5000 0.6214
10831.1000 0.6215
10831.2000 0.6217
10837.4000 0.6219
10840.1000 0.6220
10848.2000 0.6222
10852.5000 0.6224
10855.6000 0.6226
10859.3000 0.6227
10873.8000 0.6229
10878.7000 0.6231
10879.7000 0.6233
10893.8000 0.6234
10902.8000 0.6236
10904.1000 0.6238
10909.5000 0.6240
10909.5000 0.6241
10910.7000 0.6243
10911.9000 0.6245
10916.1000 0.6247
10917.3000 0.6248
10917.4000 0.6250
10927.6000 0.6252
10931.1000 0.6253
10944.8000 0.6255
10950.1000 0.6257
10956.8000 0.6259
10967.5000 0.6260
10968.9000 0.6262
10969.1000 0.6264
10972.3000 0.6266
10976.6000 0.6267
10979.7000 0.6269
10984.4000 0.6271
10993.9000 0.6273
10997.4000 0.6274
10999.5000 0.6276
10999.8000 0.6278
11007.7000 0.6280
11011.7000 0.6281
11018.2000 0.6283
11024.7000 0.6285
11030.5000 0.6286
11032.9000 0.6288
11033.1000 0.6290
11033.8000 0.6292
11034.5000 0.6293
11037.7000 0.6295
11043.2000 0.6297
11064.4000 0.6299
11070.7000 0.6300
11075.0000 0.6302
11077.2000 0.6304
11087.2000 0.6306
11089.3000 0.6307
11092.9000 0.6309
11098.4000 0.6311
11103.5000 0.6313
11104.4000 0.6314
11105.7000 0.6316
11109.2000 0.6318
11109.5000 0.6319
11115.2000 0.6321
11127.6000 0.6323
11129.6000 0.6325
11132.8000 0.6326
11133.6000 0.6328
11143.4000 0.6330
11144.1000 0.6332
11145.9000 0.6333
11148.6000 0.6335
11160.2000 0.6337
11160.4000 0.6339
11175.2000 0.6340
11178.2000 0.6342
11191.9000 0.6344
11209.4000 0.6345
11229.5000 0.6347
11249.9000 0.6349
11276.4000 0.6351
11276.5000 0.6352
11282.5000 0.6354
11288.6000 0.6356
11290.3000 0.6358
11298.6000 0.6359
11299.9000 0.6361
11318.9000 0.6363
11319.7000 0.6365
11344.1000 0.6366
11347.3000 0.6368
11348.1000 0.6370
11359.2000 0.6372
11369.1000 0.6373
11369.3000 0.6375
11370.0000 0.6377
11377.6000 0.6378
11380.9000 0.6380
11381.4000 0.6382
11387.3000 0.6384
11402.8000 0.6385
11407.0000 0.6387
11415.6000 0.6389
11415.7000 0.6391
11439.8000 0.6392
11440.1000 0.6394
11440.1000 0.6396
11441.9000 0.6398
11443.8000 0.6399
11449.1000 0.6401
11462.7000 0.6403
11485.9000 0.6405
11492.1000 0.6406
11496.9000 0.6408
11504.1000 0.6410
11505.4000 0.6411
11517.7000 0.6413
11521.2000 0.6415
11523.1000 0.6417
11547.0000 0.6418
11548.1000 0.6420
11555.2000 0.6422
11557.3000 0.6424
11567.8000 0.6425
11571.7000 0.6427
11575.9000 0.6429
11579.6000 0.6431
11580.3000 0.6432
11589.3000 0.6434
11599.4000 0.6436
11601.3000 0.6438
11602.9000 0.6439
11609.8000 0.6441
11623.0000 0.6443
11623.4000 0.6444
11628.8000 0.6446
11631.3000 0.6448
11633.9000 0.6450
11639.5000 0.6451
11643.0000 0.6453
11646.6000 0.6455
11650.7000 0.6457
11651.9000 0.6458
11656.4000 0.6460
11658.1000 0.6462
11659.8000 0.6464
11663.7000 0.6465
11668.2000 0.6467
11674.4000 0.6469
11675.8000 0.6470
11675.8000 0.6472
11682.0000 0.6474
11686.6000 0.6476
11696.6000 0.6477
11701.9000 0.6479
11707.5000 0.6481
11709.1000 0.6483
11711.3000 0.6484
11711.9000 0.6486
11712.4000 0.6488
11721.0000 0.6490
11726.8000 0.6491
11757.6000 0.6493
11772.8000 0.6495
11773.2000 0.6497
11792.1000 0.6498
11793.3000 0.6500
11804.0000 0.6502
11819.0000 0.6503
11819.7000 0.6505
11821.7000 0.6507
11822.7000 0.6509
11825.5000 0.6510
11830.8000 0.6512
11831.3000 0.6514
11832.7000 0.6516
11837.1000 0.6517
11837.5000 0.6519
11842.6000 0.6521
11846.5000 0.6523
11848.2000 0.6524
11853.4000 0.6526
11866.3000 0.6528
11866.5000 0.6530
11867.2000 0.6531
11870.6000 0.6533
11879.0000 0.6535
11880.9000 0.6536
11884.5000 0.6538
11920.2000 0.6540
11922.5000 0.6542
11926.5000 0.6543
11926.7000 0.6545
11931.6000 0.6547
11938.9000 0.6549
11951.1000 0.6550
11952.1000 0.6552
11963.6000 0.6554
11966.0000 0.6556
11984.1000 0.6557
11991.7000 0.6559
11993.7000 0.6561
11998.0000 0.6563
12004.5000 0.6564
12009.7000 0.6566
12015.0000 0.6568
12022.9000 0.6569
12027.1000 0.6571
12034.0000 0.6573
12036.7000 0.6575
12037.7000 0.6576
12044.1000 0.6578
12049.8000 0.6580
12060.9000 0.6582
12073.9000 0.6583
12079.8000 0.6585
12083.8000 0.6587
12099.5000 0.6589
12103.5000 0.6590
12107.4000 0.6592
12108.4000 0.6594
12111.6000 0.6595
12113.0000 0.6597
12117.0000 0.6599
12117.9000 0.6601
12119.3000 0.6602
12132.5000 0.6604
12135.7000 0.6606
12136.2000 0.6608
12142.3000 0.6609
12148.5000 0.6611
12149.8000 0.6613
12150.1000 0.6615
12150.3000 0.6616
12155.7000 0.6618
12159.7000 0.6620
12164.3000 0.6622
12170.0000 0.6623
12172.3000 0.6625
12191.4000 0.6627
12191.5000 0.6628
12193.8000 0.6630
12195.2000 0.6632
12196.4000 0.6634
12196.9000 0.6635
12210.6000 0.6637
12225.5000 0.6639
12237.1000 0.6641
12245.2000 0.6642
12252.6000 0.6644
12253.0000 0.6646
12259.7000 0.6648
12262.7000 0.6649
12266.4000 0.6651
12270.1000 0.6653
12273.3000 0.6655
12274.0000 0.6656
12293.7000 0.6658
12295.8000 0.6660
12301.8000 0.6661
12316.6000 0.6663
12318.6000 0.6665
12336.7000 0.6667
12356.4000 0.6668
12358.6000 0.6670
12361.6000 0.6672
12362.4000 0.6674
12368.6000 0.6675
12379.4000 0.6677
12380.4000 0.6679
12385.2000 0.6681
12392.9000 0.6682
12400.6000 0.6684
12404.0000 0.6686
12404.3000 0.6688
12412.6000 0.6689
12414.8000 0.6691
12422.8000 0.6693
12423.1000 0.6694
12435.1000 0.6696
12448.9000 0.6698
12449.5000 0.6700
12457.2000 0.6701
12458.2000 0.6703
12463.3000 0.6705
12468.7000 0.6707
12477.8000 0.6708
12478.7000 0.6710
12479.9000 0.6712
12484.0000 0.6714
12486.2000 0.6715
12502.2000 0.6717
12525.9000 0.6719
12529.2000 0.6720
12537.7000 0.6722
12540.3000 0.6724
12542.5000 0.6726
12545.7000 0.6727
12546.0000 0.6729
12548.5000 0.6731
12562.6000 0.6733
12573.0000 0.6734
12573.3000 0.6736
12584.1000 0.6738
12585.6000 0.6740
12592.6000 0.6741
12594.7000 0.6743
12598.6000 0.6745
12600.4000 0.6747
12609.7000 0.6748
12616.6000 0.6750
12618.6000 0.6752
12624.7000 0.6753
12630.5000 0.6755
12633.9000 0.6757
12636.0000 0.6759
12644.9000 0.6760
12650.3000 0.6762
12660.0000 0.6764
12669.5000 0.6766
12681.9000 0.6767
12683.3000 0.6769
12689.3000 0.6771
12699.6000 0.6773
12700.0000 0.6774
12703.5000 0.6776
12704.2000 0.6778
12705.9000 0.6780
12712.2000 0.6781
12714.9000 0.6783
12719.5000 0.6785
12726.8000 0.6786
12729.0000 0.6788
12734.1000 0.6790
12734.4000 0.6792
12742.0000 0.6793
12754.4000 0.6795
12766.3000 0.6797
12769.5000 0.6799
12780.5000 0.6800
12799.1000 0.6802
12803.2000 0.6804
12811.8000 0.6806
12812.0000 0.6807
12812.5000 0.6809
12837.8000 0.6811
12840.9000 0.6813
12841.6000 0.6814
12841.9000 0.6816
12858.1000 0.6818
12864.2000 0.6819
12873.3000 0.6821
12878.1000 0.6823
12880.4000 0.6825
12882.0000 0.6826
12883.4000 0.6828
12889.5000 0.6830
12898.4000 0.6832
12900.2000 0.6833
12907.1000 0.6835
12919.2000 0.6837
12931.4000 0.6839
12939.2000 0.6840
12944.0000 0.6842
12951.5000 0.6844
12956.0000 0.6845
12957.4000 0.6847
12962.0000 0.6849
12963.3000 0.6851
12969.1000 0.6852
12990.3000 0.6854
12995.4000 0.6856
13004.5000 0.6858
13025.3000 0.6859
13040.1000 0.6861
13040.9000 0.6863
13042.5000 0.6865
13051.9000 0.6866
13054.7000 0.6868
13066.7000 0.6870
13070.4000 0.6872
13091.9000 0.6873
13092.2000 0.6875
13093.8000 0.6877
13101.6000 0.6878
13101.8000 0.6880
13104.8000 0.6882
13114.7000 0.6884
13120.8000 0.6885
13124.3000 0.6887
13125.2000 0.6889
13127.0000 0.6891
13152.2000 0.6892
13157.4000 0.6894
13162.4000 0.6896
13177.7000 0.6898
13197.1000 0.6899
13203.4000 0.6901
13206.6000 0.6903
13207.8000 0.6905
13219.6000 0.6906
13220.1000 0.6908
13234.2000 0.6910
13252.5000 0.6911
13259.6000 0.6913
13271.9000 0.6915
13278.8000 0.6917
13287.8000 0.6918
13290.6000 0.6920
13293.1000 0.6922
13297.3000 0.6924
13303.6000 0.6925
13303.9000 0.6927
13308.4000 0.6929
13310.1000 0.6931
13312.4000 0.6932
13317.9000 0.6934
13322.9000 0.6936
13326.8000 0.6938
13345.5000 0.6939
13347.2000 0.6941
13351.4000 0.6943
13359.1000 0.6944
13361.4000 0.6946
13361.6000 0.6948
13367.2000 0.6950
13377.0000 0.6951
13377.2000 0.6953
13378.0000 0.6955
13381.5000 0.6957
13388.7000 0.6958
13395.9000 0.6960
13407.4000 0.6962
13413.7000 0.6964
13414.6000 0.6965
13418.9000 0.6967
13422.7000 0.6969
13430.2000 0.6970
13432.1000 0.6972
13437.0000 0.6974
13438.0000 0.6976
13439.6000 0.6977
13445.1000 0.6979
13456.1000 0.6981
13458.0000 0.6983
13465.5000 0.6984
13471.3000 0.6986
13473.9000 0.6988
13476.9000 0.6990
13481.8000 0.6991
13486.9000 0.6993
13499.7000 0.6995
13512.1000 0.6997
13513.4000 0.6998
13516.1000 0.7000
13519.8000 0.7002
13540.8000 0.7003
13541.4000 0.7005
13551.2000 0.7007
13551.9000 0.7009
13566.9000 0.7010
13568.5000 0.7012
13572.9000 0.7014
13578.7000 0.7016
13582.4000 0.7017
13584.3000 0.7019
13601.3000 0.7021
13606.5000 0.7023
13612.3000 0.7024
13612.7000 0.7026
13616.6000 0.7028
13621.9000 0.7030
13624.2000 0.7031
13635.5000 0.7033
13640.0000 0.7035
13642.1000 0.7036
13648.2000 0.7038
13652.4000 0.7040
13653.6000 0.7042
13654.4000 0.7043
13659.9000 0.7045
13661.6000 0.7047
13667.1000 0.7049
13668.7000 0.7050
13674.5000 0.7052
13675.1000 0.7054
13685.5000 0.7056
13695.1000 0.7057
13697.3000 0.7059
13698.0000 0.7061
13711.5000 0.7063
13713.4000 0.7064
13720.4000 0.7066
13722.7000 0.7068
13723.7000 0.7069
13728.2000 0.7071
13728.4000 0.7073
13729.0000 0.7075
13731.1000 0.7076
13746.4000 0.7078
13747.1000 0.7080
13752.5000 0.7082
13757.2000 0.7083
13761.8000 0.7085
13763.9000 0.7087
13772.4000 0.7089
13777.5000 0.7090
13778.2000 0.7092
13778.8000 0.7094
13779.8000 0.7095
13782.9000 0.7097
13799.4000 0.7099
13812.0000 0.7101
13818.4000 0.7102
13819.9000 0.7104
13823.4000 0.7106
13840.8000 0.7108
13842.0000 0.7109
13863.5000 0.7111
13871.6000 0.7113
13873.2000 0.7115
13878.4000 0.7116
13882.6000 0.7118
13883.1000 0.7120
13889.1000 0.7122
13890.5000 0.7123
13895.3000 0.7125
13900.3000 0.7127
13900.7000 0.7128
13900.8000 0.7130
13903.9000 0.7132
13905.1000 0.7134
13923.8000 0.7135
13935.0000 0.7137
13949.6000 0.7139
13958.6000 0.7141
13959.3000 0.7142
13961.8000 0.7144
13973.9000 0.7146
13983.7000 0.7148
13984.6000 0.7149
13988.3000 0.7151
13991.0000 0.7153
13997.5000 0.7155
14001.6000 0.7156
14003.3000 0.7158
14006.5000 0.7160
14007.4000 0.7161
14011.5000 0.7163
14021.1000 0.7165
14036.8000 0.7167
14061.1000 0.7168
14068.8000 0.7170
14074.5000 0.7172
14077.8000 0.7174
14078.1000 0.7175
14080.0000 0.7177
14086.1000 0.7179
14088.1000 0.7181
14093.6000 0.7182
14097.8000 0.7184
14107.1000 0.7186
14108.8000 0.7188
14110.0000 0.7189
14119.7000 0.7191
14134.1000 0.7193
14137.2000 0.7194
14140.0000 0.7196
14140.4000 0.7198
14143.0000 0.7200
14158.1000 0.7201
14159.1000 0.7203
14159.9000 0.7205
14163.3000 0.7207
14166.1000 0.7208
14180.3000 0.7210
14183.0000 0.7212
14186.3000 0.7214
14194.4000 0.7215
14196.4000 0.7217
14197.9000 0.7219
14216.4000 0.7220
14236.5000 0.7222
14261.3000 0.7224
14264.4000 0.7226
14276.0000 0.7227
14290.7000 0.7229
14303.2000 0.7231
14319.3000 0.7233
14325.5000 0.7234
14328.0000 0.7236
14339.0000 0.7238
14339.9000 0.7240
14349.7000 0.7241
14351.1000 0.7243
14353.5000 0.7245
14373.1000 0.7247
14383.6000 0.7248
14385.6000 0.7250
14407.8000 0.7252
14413.8000 0.7253
14414.4000 0.7255
14417.9000 0.7257
14418.3000 0.7259
14419.4000 0.7260
14428.3000 0.7262
14451.3000 0.7264
14452.6000 0.7266
14455.9000 0.7267
14458.1000 0.7269
14458.2000 0.7271
14465.3000 0.7273
14470.4000 0.7274
14478.8000 0.7276
14484.7000 0.7278
14488.1000 0.7280
14488.2000 0.7281
14494.0000 0.7283
14498.2000 0.7285
14503.4000 0.7286
14511.5000 0.7288
14514.2000 0.7290
14526.3000 0.7292
14528.9000 0.7293
14533.1000 0.7295
14533.6000 0.7297
14534.6000 0.7299
14536.0000 0.7300
14537.3000 0.7302
14537.9000 0.7304
14551.8000 0.7306
14552.2000 0.7307
14555.4000 0.7309
14556.3000 0.7311
14569.3000 0.7313
14569.6000 0.7314
14569.8000 0.7316
14575.7000 0.7318
14579.8000 0.7319
14589.1000 0.7321
14598.0000 0.7323
14598.1000 0.7325
14599.4000 0.7326
14603.2000 0.7328
14603.5000 0.7330
14605.9000 0.7332
14610.5000 0.7333
14612.1000 0.7335
14622.7000 0.7337
14625.5000 0.7339
14630.1000 0.7340
14651.4000 0.7342
14651.8000 0.7344
14676.1000 0.7345
14688.8000 0.7347
14690.0000 0.7349
14690.4000 0.7351
14692.4000 0.7352
14706.7000 0.7354
14712.4000 0.7356
14722.8000 0.7358
14724.6000 0.7359
14740.6000 0.7361
14742.8000 0.7363
14749.1000 0.7365
14751.1000 0.7366
14751.2000 0.7368
14753.9000 0.7370
14761.8000 0.7372
14772.4000 0.7373
14774.7000 0.7375
14778.9000 0.7377
14794.8000 0.7378
14799.5000 0.7380
14804.5000 0.7382
14820.7000 0.7384
14821.3000 0.7385
14857.9000 0.7387
14863.1000 0.7389
14871.6000 0.7391
14872.7000 0.7392
14873.9000 0.7394
14879.6000 0.7396
14896.1000 0.7398
14899.4000 0.7399
14903.7000 0.7401
14908.6000 0.7403
14915.2000 0.7405
14919.2000 0.7406
14925.3000 0.7408
14925.6000 0.7410
14929.7000 0.7411
14931.2000 0.7413
14931.4000 0.7415
14941.4000 0.7417
14941.5000 0.7418
14942.3000 0.7420
14943.0000 0.7422
14943.5000 0.7424
14949.2000 0.7425
14958.8000 0.7427
14967.8000 0.7429
14974.6000 0.7431
14983.1000 0.7432
14987.1000 0.7434
14992.4000 0.7436
15001.1000 0.7438
15003.9000 0.7439
15006.7000 0.7441
15018.0000 0.7443
15023.6000 0.7444
15024.1000 0.7446
15032.7000 0.7448
15045.5000 0.7450
15049.8000 0.7451
15057.1000 0.7453
15057.8000 0.7455
15058.5000 0.7457
15058.7000 0.7458
15069.3000 0.7460
15070.1000 0.7462
15075.5000 0.7464
15084.1000 0.7465
15085.9000 0.7467
15089.5000 0.7469
15101.5000 0.7470
15120.6000 0.7472
15121.1000 0.7474
15123.9000 0.7476
15145.6000 0.7477
15147.4000 0.7479
15150.9000 0.7481
15161.7000 0.7483
15164.4000 0.7484
15166.8000 0.7486
15178.3000 0.7488
15178.7000 0.7490
15179.0000 0.7491
15180.4000 0.7493
15207.8000 0.7495
15213.5000 0.7497
15217.8000 0.7498
15224.1000 0.7500
15227.7000 0.7502
15243.7000 0.7503
15246.4000 0.7505
15248.2000 0.7507
15251.5000 0.7509
15254.5000 0.7510
15284.0000 0.7512
15308.8000 0.7514
15319.6000 0.7516
15338.5000 0.7517
15341.2000 0.7519
15352.8000 0.7521
15357.1000 0.7523
15358.6000 0.7524
15364.5000 0.7526
15375.8000 0.7528
15386.4000 0.7530
15388.9000 0.7531
15393.7000 0.7533
15394.9000 0.7535
15412.8000 0.7536
15413.4000 0.7538
15419.3000 0.7540
15427.6000 0.7542
15440.2000 0.7543
15476.0000 0.7545
15476.6000 0.7547
15483.4000 0.7549
15484.2000 0.7550
15496.5000 0.7552
15502.6000 0.7554
15510.3000 0.7556
15511.7000 0.7557
15518.2000 0.7559
15531.8000 0.7561
15532.7000 0.7563
15539.1000 0.7564
15542.5000 0.7566
15552.6000 0.7568
15554.5000 0.7569
15563.1000 0.7571
15569.1000 0.7573
15579.2000 0.7575
15584.4000 0.7576
15585.9000 0.7578
15594.0000 0.7580
15597.9000 0.7582
15608.8000 0.7583
15609.8000 0.7585
15613.3000 0.7587
15614.2000 0.7589
15615.5000 0.7590
15622.5000 0.7592
15626.9000 0.7594
15634.5000 0.7595
15658.0000 0.7597
15671.0000 0.7599
15692.6000 0.7601
15693.3000 0.7602
15696.1000 0.7604
15712.6000 0.7606
15715.3000 0.7608
15716.0000 0.7609
15721.1000 0.7611
15732.4000 0.7613
15751.2000 0.7615
15761.8000 0.7616
15763.9000 0.7618
15767.5000 0.7620
15772.0000 0.7622
15780.6000 0.7623
15784.1000 0.7625
15796.4000 0.7627
15803.4000 0.7628
15807.7000 0.7630
15818.8000 0.7632
15836.0000 0.7634
15837.5000 0.7635
15837.9000 0.7637
15845.7000 0.7639
15855.0000 0.7641
15872.2000 0.7642
15879.6000 0.7644
15881.9000 0.7646
15921.8000 0.7648
15928.8000 0.7649
15934.8000 0.7651
15939.0000 0.7653
15947.2000 0.7655
15953.0000 0.7656
15975.4000 0.7658
15982.4000 0.7660
16009.9000 0.7661
16023.0000 0.7663
16031.0000 0.7665
16056.3000 0.7667
16079.5000 0.7668
16081.0000 0.7670
16083.6000 0.7672
16087.3000 0.7674
16095.7000 0.7675
16107.0000 0.7677
16124.9000 0.7679
16125.5000 0.7681
16129.3000 0.7682
16133.8000 0.7684
16144.8000 0.7686
16157.5000 0.7688
16160.7000 0.7689
16166.6000 0.7691
16171.9000 0.7693
16175.9000 0.7694
16202.4000 0.7696
16218.6000 0.7698
16221.8000 0.7700
16231.3000 0.7701
16233.2000 0.7703
16243.2000 0.7705
16269.2000 0.7707
16278.3000 0.7708
16280.5000 0.7710
16288.3000 0.7712
16290.8000 0.7714
16298.3000 0.7715
16308.7000 0.7717
16316.3000 0.7719
16346.9000 0.7720
16347.8000 0.7722
16366.0000 0.7724
16376.1000 0.7726
16384.9000 0.7727
16386.9000 0.7729
16400.3000 0.7731
16404.2000 0.7733
16435.9000 0.7734
16456.7000 0.7736
16458.5000 0.7738
16460.8000 0.7740
16462.5000 0.7741
16479.4000 0.7743
16488.4000 0.7745
16498.2000 0.7747
16538.5000 0.7748
16541.7000 0.7750
16542.9000 0.7752
16568.6000 0.7753
16579.3000 0.7755
16627.6000 0.7757
16627.7000 0.7759
16628.7000 0.7760
16668.2000 0.7762
16668.3000 0.7764
16682.8000 0.7766
16755.6000 0.7767
16758.8000 0.7769
16760.7000 0.7771
16780.8000 0.7773
16790.8000 0.7774
16795.1000 0.7776
16806.3000 0.7778
16813.9000 0.7780
16814.9000 0.7781
16815.2000 0.7783
16862.6000 0.7785
16879.2000 0.7786
16902.8000 0.7788
16914.2000 0.7790
16914.9000 0.7792
16942.7000 0.7793
16946.2000 0.7795
16950.0000 0.7797
16989.5000 0.7799
17026.4000 0.7800
17032.4000 0.7802
17040.4000 0.7804
17042.2000 0.7806
17049.9000 0.7807
17066.2000 0.7809
17073.4000 0.7811
17094.3000 0.7813
17120.2000 0.7814
17136.6000 0.7816
17147.0000 0.7818
17153.8000 0.7819
17204.9000 0.7821
17208.6000 0.7823
17219.6000 0.7825
17258.4000 0.7826
17263.4000 0.7828
17274.1000 0.7830
17287.6000 0.7832
17293.7000 0.7833
17302.6000 0.7835
17312.6000 0.7837
17317.2000 0.7839
17338.4000 0.7840
17340.8000 0.7842
17365.9000 0.7844
17379.9000 0.7845
17395.5000 0.7847
17397.0000 0.7849
17399.7000 0.7851
17461.0000 0.7852
17470.5000 0.7854
17472.3000 0.7856
17474.1000 0.7858
17482.8000 0.7859
17487.3000 0.7861
17529.6000 0.7863
17531.0000 0.7865
17531.9000 0.7866
17534.6000 0.7868
17539.9000 0.7870
17564.0000 0.7872
17576.2000 0.7873
17579.1000 0.7875
17601.7000 0.7877
17622.0000 0.7878
17657.3000 0.7880
17663.6000 0.7882
17679.6000 0.7884
17680.2000 0.7885
17701.2000 0.7887
17721.8000 0.7889
17731.5000 0.7891
17736.2000 0.7892
17776.4000 0.7894
17795.4000 0.7896
17827.8000 0.7898
17857.1000 0.7899
17864.8000 0.7901
17869.7000 0.7903
17873.8000 0.7905
17896.4000 0.7906
17938.0000 0.7908
17939.0000 0.7910
17995.8000 0.7911
17997.3000 0.7913
18007.7000 0.7915
18029.1000 0.7917
18051.3000 0.7918
18064.6000 0.7920
18092.3000 0.7922
18095.6000 0.7924
18101.1000 0.7925
18146.6000 0.7927
18178.4000 0.7929
18197.2000 0.7931
18241.3000 0.7932
18247.3000 0.7934
18252.8000 0.7936
18256.5000 0.7938
18261.6000 0.7939
18292.9000 0.7941
18293.7000 0.7943
18300.3000 0.7944
18306.5000 0.7946
18347.5000 0.7948
18365.2000 0.7950
18368.3000 0.7951
18385.6000 0.7953
18390.8000 0.7955
18411.3000 0.7957
18477.7000 0.7958
18514.5000 0.7960
18548.0000 0.7962
18556.5000 0.7964
18583.4000 0.7965
18604.8000 0.7967
18606.0000 0.7969
18612.6000 0.7970
18618.8000 0.7972
18669.8000 0.7974
18676.6000 0.7976
18711.7000 0.7977
18712.0000 0.7979
18716.9000 0.7981
18746.7000 0.7983
18764.3000 0.7984
18764.9000 0.7986
18767.2000 0.7988
18813.8000 0.7990
18822.5000 0.7991
18823.0000 0.7993
18856.4000 0.7995
18874.3000 0.7997
18876.6000 0.7998
18888.6000 0.8000
18893.1000 0.8002
18931.9000 0.8003
18938.4000 0.8005
18940.1000 0.8007
18981.7000 0.8009
18996.5000 0.8010
19003.6000 0.8012
19019.4000 0.8014
19037.2000 0.8016
19069.7000 0.8017
19082.6000 0.8019
19083.1000 0.8021
19121.2000 0.8023
19158.7000 0.8024
19170.6000 0.8026
19199.7000 0.8028
19207.7000 0.8030
19283.2000 0.8031
19303.4000 0.8033
19331.3000 0.8035
19342.7000 0.8036
19373.2000 0.8038
19411.7000 0.8040
19413.4000 0.8042
19437.5000 0.8043
19458.4000 0.8045
19470.3000 0.8047
19478.8000 0.8049
19488.6000 0.8050
19527.5000 0.8052
19548.2000 0.8054
19557.9000 0.8056
19646.2000 0.8057
19668.5000 0.8059
19704.4000 0.8061
19709.9000 0.8063
19766.3000 0.8064
19806.1000 0.8066
19831.0000 0.8068
19853.8000 0.8069
19893.3000 0.8071
19902.9000 0.8073
19922.8000 0.8075
19930.0000 0.8076
19933.8000 0.8078
19995.7000 0.8080
20032.2000 0.8082
20039.1000 0.8083
20089.8000 0.8085
20092.3000 0.8087
20184.1000 0.8089
20223.5000 0.8090
20307.8000 0.8092
20308.0000 0.8094
20308.9000 0.8095
20313.9000 0.8097
20323.5000 0.8099
20336.4000 0.8101
20372.1000 0.8102
20418.6000 0.8104
20428.3000 0.8106
20468.7000 0.8108
20566.2000 0.8109
20579.5000 0.8111
20631.5000 0.8113
20761.7000 0.8115
20970.2000 0.8116
21021.8000 0.8118
21041.4000 0.8120
21057.5000 0.8122
21074.4000 0.8123
21078.0000 0.8125
21115.4000 0.8127
21127.9000 0.8128
21181.4000 0.8130
21229.1000 0.8132
21410.7000 0.8134
21487.9000 0.8135
21581.2000 0.8137
21623.3000 0.8139
21850.7000 0.8141
21908.2000 0.8142
21922.9000 0.8144
21944.4000 0.8146
22066.2000 0.8148
22278.1000 0.8149
22295.3000 0.8151
22541.3000 0.8153
22726.7000 0.8155
22746.6000 0.8156
22761.7000 0.8158
22779.1000 0.8160
23033.1000 0.8161
23051.5000 0.8163
23145.3000 0.8165
