# messageDelay  cumulativeProbability
0.2000 0.0002
0.2000 0.0003
0.2000 0.0005
0.2000 0.0007
0.2000 0.0009
0.2000 0.0010
0.2000 0.0012
0.2000 0.0014
0.2000 0.0016
0.2000 0.0017
0.2000 0.0019
0.2000 0.0021
0.2000 0.0023
0.2000 0.0024
0.2000 0.0026
0.2000 0.0028
0.2000 0.0030
0.2000 0.0031
0.2000 0.0033
0.7000 0.0035
8.4000 0.0036
24.5000 0.0038
27.0000 0.0040
50.2000 0.0042
58.3000 0.0043
64.0000 0.0045
76.3000 0.0047
76.8000 0.0049
77.1000 0.0050
77.4000 0.0052
78.9000 0.0054
80.1000 0.0056
89.2000 0.0057
91.8000 0.0059
95.8000 0.0061
100.4000 0.0063
105.5000 0.0064
105.7000 0.0066
105.9000 0.0068
111.1000 0.0069
117.1000 0.0071
120.1000 0.0073
128.3000 0.0075
134.5000 0.0076
137.4000 0.0078
143.8000 0.0080
143.8000 0.0082
145.9000 0.0083
146.6000 0.0085
151.6000 0.0087
178.3000 0.0089
185.8000 0.0090
187.3000 0.0092
193.8000 0.0094
196.2000 0.0095
196.8000 0.0097
201.5000 0.0099
205.3000 0.0101
205.9000 0.0102
206.3000 0.0104
219.2000 0.0106
221.8000 0.0108
222.2000 0.0109
234.3000 0.0111
234.6000 0.0113
237.9000 0.0115
240.0000 0.0116
251.3000 0.0118
251.4000 0.0120
254.3000 0.0122
257.6000 0.0123
259.6000 0.0125
268.6000 0.0127
273.8000 0.0128
286.9000 0.0130
290.0000 0.0132
291.9000 0.0134
292.9000 0.0135
295.7000 0.0137
302.1000 0.0139
303.6000 0.0141
310.4000 0.0142
310.8000 0.0144
311.3000 0.0146
317.8000 0.0148
320.9000 0.0149
327.6000 0.0151
328.9000 0.0153
332.6000 0.0155
334.2000 0.0156
334.3000 0.0158
335.9000 0.0160
336.8000 0.0161
336.9000 0.0163
339.2000 0.0165
346.5000 0.0167
347.5000 0.0168
350.0000 0.0170
355.1000 0.0172
360.4000 0.0174
361.1000 0.0175
361.2000 0.0177
368.6000 0.0179
375.1000 0.0181
375.3000 0.0182
375.4000 0.0184
379.1000 0.0186
380.1000 0.0187
380.9000 0.0189
385.8000 0.0191
386.8000 0.0193
388.7000 0.0194
391.3000 0.0196
394.1000 0.0198
401.1000 0.0200
401.5000 0.0201
401.5000 0.0203
402.9000 0.0205
404.3000 0.0207
406.3000 0.0208
410.0000 0.0210
410.5000 0.0212
411.2000 0.0214
412.0000 0.0215
415.0000 0.0217
415.4000 0.0219
416.2000 0.0220
416.2000 0.0222
419.8000 0.0224
422.3000 0.0226
425.1000 0.0227
426.5000 0.0229
427.6000 0.0231
427.6000 0.0233
428.1000 0.0234
434.0000 0.0236
435.9000 0.0238
437.1000 0.0240
437.5000 0.0241
438.5000 0.0243
438.5000 0.0245
438.8000 0.0247
440.4000 0.0248
441.3000 0.0250
443.6000 0.0252
444.9000 0.0253
449.3000 0.0255
449.4000 0.0257
450.1000 0.0259
450.6000 0.0260
453.5000 0.0262
455.6000 0.0264
455.9000 0.0266
456.1000 0.0267
461.3000 0.0269
463.0000 0.0271
463.4000 0.0273
463.5000 0.0274
463.8000 0.0276
465.4000 0.0278
466.9000 0.0280
469.1000 0.0281
470.7000 0.0283
471.0000 0.0285
472.6000 0.0286
474.7000 0.0288
478.2000 0.0290
482.1000 0.0292
482.4000 0.0293
485.1000 0.0295
486.9000 0.0297
489.1000 0.0299
489.1000 0.0300
490.4000 0.0302
491.2000 0.0304
491.2000 0.0306
494.9000 0.0307
495.9000 0.0309
496.4000 0.0311
497.6000 0.0312
501.7000 0.0314
501.9000 0.0316
502.3000 0.0318
505.0000 0.0319
505.9000 0.0321
507.4000 0.0323
509.7000 0.0325
510.5000 0.0326
510.5000 0.0328
516.3000 0.0330
516.5000 0.0332
521.1000 0.0333
522.9000 0.0335
523.1000 0.0337
527.0000 0.0339
527.4000 0.0340
527.4000 0.0342
528.1000 0.0344
530.0000 0.0345
532.5000 0.0347
532.8000 0.0349
533.2000 0.0351
535.7000 0.0352
535.9000 0.0354
537.8000 0.0356
538.7000 0.0358
540.8000 0.0359
542.0000 0.0361
542.9000 0.0363
550.6000 0.0365
552.2000 0.0366
553.8000 0.0368
553.8000 0.0370
553.9000 0.0372
559.1000 0.0373
559.7000 0.0375
560.5000 0.0377
562.6000 0.0378
562.9000 0.0380
563.2000 0.0382
563.4000 0.0384
563.6000 0.0385
564.0000 0.0387
564.5000 0.0389
566.3000 0.0391
568.4000 0.0392
569.3000 0.0394
569.3000 0.0396
570.3000 0.0398
571.7000 0.0399
573.1000 0.0401
576.0000 0.0403
576.3000 0.0405
576.7000 0.0406
578.6000 0.0408
582.9000 0.0410
586.3000 0.0411
588.3000 0.0413
588.8000 0.0415
588.8000 0.0417
591.1000 0.0418
592.4000 0.0420
595.3000 0.0422
595.3000 0.0424
595.4000 0.0425
598.4000 0.0427
598.4000 0.0429
604.4000 0.0431
604.7000 0.0432
604.8000 0.0434
604.8000 0.0436
605.0000 0.0437
608.2000 0.0439
610.7000 0.0441
614.9000 0.0443
615.5000 0.0444
615.6000 0.0446
615.8000 0.0448
616.1000 0.0450
617.0000 0.0451
617.2000 0.0453
624.7000 0.0455
626.3000 0.0457
626.3000 0.0458
627.8000 0.0460
629.8000 0.0462
629.9000 0.0464
630.2000 0.0465
630.7000 0.0467
631.9000 0.0469
632.0000 0.0470
633.4000 0.0472
633.5000 0.0474
633.8000 0.0476
637.4000 0.0477
637.7000 0.0479
637.8000 0.0481
639.1000 0.0483
640.0000 0.0484
643.9000 0.0486
645.1000 0.0488
645.8000 0.0490
647.5000 0.0491
647.7000 0.0493
647.9000 0.0495
648.9000 0.0497
649.4000 0.0498
649.6000 0.0500
650.6000 0.0502
655.0000 0.0503
655.1000 0.0505
656.4000 0.0507
657.6000 0.0509
659.4000 0.0510
659.8000 0.0512
661.1000 0.0514
664.9000 0.0516
665.4000 0.0517
666.9000 0.0519
667.7000 0.0521
668.3000 0.0523
669.4000 0.0524
669.7000 0.0526
670.1000 0.0528
671.1000 0.0530
672.5000 0.0531
673.9000 0.0533
674.0000 0.0535
676.1000 0.0536
676.2000 0.0538
676.2000 0.0540
678.4000 0.0542
682.3000 0.0543
683.8000 0.0545
683.9000 0.0547
685.2000 0.0549
686.3000 0.0550
688.9000 0.0552
689.2000 0.0554
689.3000 0.0556
691.1000 0.0557
692.1000 0.0559
692.9000 0.0561
693.7000 0.0562
695.5000 0.0564
696.6000 0.0566
696.7000 0.0568
696.8000 0.0569
698.5000 0.0571
699.2000 0.0573
699.4000 0.0575
701.1000 0.0576
701.2000 0.0578
701.8000 0.0580
703.9000 0.0582
704.0000 0.0583
704.0000 0.0585
704.5000 0.0587
704.9000 0.0589
709.4000 0.0590
709.4000 0.0592
710.0000 0.0594
711.0000 0.0595
711.4000 0.0597
711.8000 0.0599
714.4000 0.0601
714.6000 0.0602
716.4000 0.0604
716.8000 0.0606
717.3000 0.0608
718.1000 0.0609
718.1000 0.0611
720.8000 0.0613
721.8000 0.0615
724.6000 0.0616
726.5000 0.0618
726.5000 0.0620
727.1000 0.0622
733.7000 0.0623
734.6000 0.0625
734.7000 0.0627
735.5000 0.0628
735.7000 0.0630
736.0000 0.0632
737.1000 0.0634
739.2000 0.0635
739.3000 0.0637
742.0000 0.0639
743.5000 0.0641
745.3000 0.0642
747.0000 0.0644
749.7000 0.0646
750.8000 0.0648
750.9000 0.0649
751.3000 0.0651
753.4000 0.0653
754.0000 0.0655
754.3000 0.0656
754.5000 0.0658
756.5000 0.0660
758.2000 0.0661
759.3000 0.0663
759.5000 0.0665
759.7000 0.0667
760.4000 0.0668
761.2000 0.0670
761.5000 0.0672
761.7000 0.0674
762.8000 0.0675
763.2000 0.0677
763.8000 0.0679
764.9000 0.0681
765.9000 0.0682
767.6000 0.0684
770.4000 0.0686
773.0000 0.0687
774.0000 0.0689
774.5000 0.0691
774.7000 0.0693
775.1000 0.0694
776.6000 0.0696
777.2000 0.0698
777.6000 0.0700
778.0000 0.0701
779.6000 0.0703
780.3000 0.0705
781.2000 0.0707
781.8000 0.0708
782.0000 0.0710
782.1000 0.0712
782.7000 0.0714
783.4000 0.0715
784.6000 0.0717
784.7000 0.0719
785.3000 0.0720
787.0000 0.0722
788.9000 0.0724
789.8000 0.0726
789.9000 0.0727
790.0000 0.0729
790.9000 0.0731
790.9000 0.0733
792.8000 0.0734
793.5000 0.0736
794.3000 0.0738
795.2000 0.0740
795.2000 0.0741
795.5000 0.0743
796.3000 0.0745
798.1000 0.0747
798.4000 0.0748
799.0000 0.0750
799.3000 0.0752
799.6000 0.0753
800.9000 0.0755
801.0000 0.0757
801.2000 0.0759
803.4000 0.0760
804.7000 0.0762
804.7000 0.0764
808.4000 0.0766
808.9000 0.0767
811.4000 0.0769
811.9000 0.0771
814.5000 0.0773
815.0000 0.0774
817.0000 0.0776
817.6000 0.0778
818.2000 0.0780
820.9000 0.0781
821.4000 0.0783
823.0000 0.0785
823.5000 0.0786
824.0000 0.0788
828.7000 0.0790
828.8000 0.0792
829.3000 0.0793
831.8000 0.0795
833.2000 0.0797
833.5000 0.0799
833.7000 0.0800
833.9000 0.0802
833.9000 0.0804
835.9000 0.0806
835.9000 0.0807
837.7000 0.0809
838.6000 0.0811
839.1000 0.0812
840.9000 0.0814
841.1000 0.0816
841.6000 0.0818
843.1000 0.0819
843.3000 0.0821
843.9000 0.0823
845.2000 0.0825
845.3000 0.0826
847.1000 0.0828
847.6000 0.0830
847.7000 0.0832
849.5000 0.0833
850.7000 0.0835
852.3000 0.0837
853.6000 0.0839
854.0000 0.0840
856.7000 0.0842
857.8000 0.0844
857.8000 0.0845
858.2000 0.0847
860.8000 0.0849
862.0000 0.0851
862.5000 0.0852
863.6000 0.0854
865.5000 0.0856
870.2000 0.0858
870.4000 0.0859
871.3000 0.0861
871.4000 0.0863
871.8000 0.0865
872.3000 0.0866
872.3000 0.0868
872.4000 0.0870
874.9000 0.0872
875.4000 0.0873
875.8000 0.0875
877.6000 0.0877
880.1000 0.0878
881.9000 0.0880
883.6000 0.0882
884.1000 0.0884
885.0000 0.0885
886.4000 0.0887
886.6000 0.0889
888.4000 0.0891
889.3000 0.0892
889.4000 0.0894
889.9000 0.0896
890.7000 0.0898
890.7000 0.0899
892.3000 0.0901
892.6000 0.0903
892.7000 0.0905
893.9000 0.0906
893.9000 0.0908
894.4000 0.0910
894.9000 0.0911
895.1000 0.0913
895.3000 0.0915
895.4000 0.0917
895.5000 0.0918
897.0000 0.0920
901.4000 0.0922
901.8000 0.0924
904.3000 0.0925
904.7000 0.0927
904.8000 0.0929
907.1000 0.0931
909.5000 0.0932
910.7000 0.0934
911.0000 0.0936
911.2000 0.0937
911.4000 0.0939
911.8000 0.0941
912.2000 0.0943
912.6000 0.0944
913.8000 0.0946
915.7000 0.0948
915.8000 0.0950
916.1000 0.0951
916.9000 0.0953
917.5000 0.0955
919.3000 0.0957
919.5000 0.0958
920.0000 0.0960
920.8000 0.0962
920.9000 0.0964
921.9000 0.0965
923.0000 0.0967
924.0000 0.0969
924.3000 0.0970
926.1000 0.0972
926.3000 0.0974
926.9000 0.0976
927.4000 0.0977
929.2000 0.0979
929.4000 0.0981
931.1000 0.0983
932.1000 0.0984
932.4000 0.0986
933.0000 0.0988
934.5000 0.0990
935.0000 0.0991
936.4000 0.0993
937.0000 0.0995
937.4000 0.0997
938.8000 0.0998
939.4000 0.1000
940.0000 0.1002
941.7000 0.1003
942.2000 0.1005
944.5000 0.1007
944.8000 0.1009
944.9000 0.1010
945.1000 0.1012
945.7000 0.1014
945.8000 0.1016
946.5000 0.1017
947.7000 0.1019
948.9000 0.1021
949.6000 0.1023
950.0000 0.1024
951.1000 0.1026
951.4000 0.1028
952.7000 0.1030
954.9000 0.1031
955.7000 0.1033
956.4000 0.1035
957.0000 0.1036
957.1000 0.1038
958.3000 0.1040
959.5000 0.1042
959.6000 0.1043
962.3000 0.1045
962.4000 0.1047
963.5000 0.1049
964.1000 0.1050
964.6000 0.1052
964.7000 0.1054
964.7000 0.1056
965.5000 0.1057
967.4000 0.1059
968.0000 0.1061
968.8000 0.1062
969.2000 0.1064
969.9000 0.1066
970.1000 0.1068
970.9000 0.1069
972.0000 0.1071
972.1000 0.1073
973.0000 0.1075
974.3000 0.1076
974.5000 0.1078
975.9000 0.1080
976.2000 0.1082
978.1000 0.1083
978.4000 0.1085
980.3000 0.1087
981.3000 0.1089
981.8000 0.1090
982.7000 0.1092
983.6000 0.1094
984.7000 0.1095
984.9000 0.1097
986.9000 0.1099
987.6000 0.1101
988.5000 0.1102
988.9000 0.1104
989.0000 0.1106
989.5000 0.1108
991.4000 0.1109
992.0000 0.1111
992.7000 0.1113
993.0000 0.1115
993.6000 0.1116
994.9000 0.1118
995.2000 0.1120
996.4000 0.1122
996.4000 0.1123
997.7000 0.1125
997.8000 0.1127
997.9000 0.1128
999.6000 0.1130
1000.3000 0.1132
1000.3000 0.1134
1000.5000 0.1135
1000.7000 0.1137
1000.9000 0.1139
1002.2000 0.1141
1003.5000 0.1142
1004.1000 0.1144
1004.5000 0.1146
1006.3000 0.1148
1006.8000 0.1149
1007.6000 0.1151
1008.5000 0.1153
1008.7000 0.1155
1009.0000 0.1156
1010.1000 0.1158
1010.6000 0.1160
1012.9000 0.1161
1013.0000 0.1163
1014.3000 0.1165
1014.8000 0.1167
1017.0000 0.1168
1017.3000 0.1170
1017.3000 0.1172
1019.5000 0.1174
1019.8000 0.1175
1020.9000 0.1177
1021.4000 0.1179
1022.0000 0.1181
1022.5000 0.1182
1024.5000 0.1184
1024.8000 0.1186
1025.2000 0.1187
1025.5000 0.1189
1027.0000 0.1191
1027.2000 0.1193
1028.9000 0.1194
1029.1000 0.1196
1029.3000 0.1198
1030.2000 0.1200
1030.6000 0.1201
1031.9000 0.1203
1032.6000 0.1205
1033.2000 0.1207
1033.9000 0.1208
1034.1000 0.1210
1034.5000 0.1212
1036.2000 0.1214
1039.6000 0.1215
1040.0000 0.1217
1040.2000 0.1219
1040.4000 0.1220
1040.4000 0.1222
1040.5000 0.1224
1041.4000 0.1226
1041.5000 0.1227
1041.5000 0.1229
1042.0000 0.1231
1043.6000 0.1233
1044.0000 0.1234
1045.8000 0.1236
1046.8000 0.1238
1047.0000 0.1240
1048.9000 0.1241
1048.9000 0.1243
1049.0000 0.1245
1049.1000 0.1247
1050.0000 0.1248
1050.8000 0.1250
1051.8000 0.1252
1052.3000 0.1253
1052.4000 0.1255
1057.5000 0.1257
1058.5000 0.1259
1058.7000 0.1260
1059.1000 0.1262
1060.4000 0.1264
1060.5000 0.1266
1060.6000 0.1267
1060.7000 0.1269
1062.0000 0.1271
1062.7000 0.1273
1063.1000 0.1274
1063.3000 0.1276
1063.3000 0.1278
1063.9000 0.1280
1064.1000 0.1281
1064.6000 0.1283
1064.6000 0.1285
1069.0000 0.1286
1069.1000 0.1288
1069.1000 0.1290
1069.3000 0.1292
1070.2000 0.1293
1070.7000 0.1295
1071.5000 0.1297
1071.9000 0.1299
1072.0000 0.1300
1072.3000 0.1302
1075.8000 0.1304
1076.5000 0.1306
1078.7000 0.1307
1079.3000 0.1309
1080.8000 0.1311
1081.1000 0.1312
1081.4000 0.1314
1081.9000 0.1316
1085.0000 0.1318
1085.2000 0.1319
1085.9000 0.1321
1086.8000 0.1323
1087.4000 0.1325
1088.9000 0.1326
1089.1000 0.1328
1089.2000 0.1330
1090.2000 0.1332
1090.9000 0.1333
1093.5000 0.1335
1095.8000 0.1337
1095.8000 0.1339
1097.5000 0.1340
1099.3000 0.1342
1099.3000 0.1344
1099.7000 0.1345
1100.0000 0.1347
1100.8000 0.1349
1101.6000 0.1351
1101.7000 0.1352
1101.9000 0.1354
1102.8000 0.1356
1103.2000 0.1358
1104.5000 0.1359
1106.5000 0.1361
1109.6000 0.1363
1110.6000 0.1365
1111.7000 0.1366
1111.7000 0.1368
1111.7000 0.1370
1112.6000 0.1372
1112.8000 0.1373
1113.2000 0.1375
1114.8000 0.1377
1115.2000 0.1378
1116.1000 0.1380
1116.5000 0.1382
1117.4000 0.1384
1117.7000 0.1385
1121.0000 0.1387
1123.1000 0.1389
1124.6000 0.1391
1125.8000 0.1392
1126.7000 0.1394
1126.8000 0.1396
1127.5000 0.1398
1128.0000 0.1399
1128.3000 0.1401
1130.1000 0.1403
1130.3000 0.1405
1132.4000 0.1406
1135.7000 0.1408
1137.2000 0.1410
1137.6000 0.1411
1137.9000 0.1413
1140.6000 0.1415
1141.9000 0.1417
1143.2000 0.1418
1143.5000 0.1420
1143.7000 0.1422
1144.3000 0.1424
1144.8000 0.1425
1144.9000 0.1427
1145.9000 0.1429
1146.2000 0.1431
1146.8000 0.1432
1147.8000 0.1434
1152.0000 0.1436
1152.2000 0.1437
1152.5000 0.1439
1153.3000 0.1441
1153.6000 0.1443
1153.6000 0.1444
1154.1000 0.1446
1154.3000 0.1448
1154.7000 0.1450
1154.9000 0.1451
1155.0000 0.1453
1155.6000 0.1455
1157.5000 0.1457
1157.6000 0.1458
1158.0000 0.1460
1158.2000 0.1462
1158.4000 0.1464
1158.5000 0.1465
1158.6000 0.1467
1158.7000 0.1469
1159.1000 0.1470
1159.2000 0.1472
1159.5000 0.1474
1160.2000 0.1476
1160.4000 0.1477
1160.6000 0.1479
1162.5000 0.1481
1163.6000 0.1483
1164.0000 0.1484
1164.4000 0.1486
1165.2000 0.1488
1165.5000 0.1490
1166.9000 0.1491
1168.0000 0.1493
1168.5000 0.1495
1169.8000 0.1497
1171.1000 0.1498
1174.7000 0.1500
1175.0000 0.1502
1178.8000 0.1503
1179.0000 0.1505
1182.7000 0.1507
1184.1000 0.1509
1184.3000 0.1510
1184.3000 0.1512
1184.4000 0.1514
1185.2000 0.1516
1187.4000 0.1517
1188.1000 0.1519
1188.1000 0.1521
1188.4000 0.1523
1189.4000 0.1524
1189.5000 0.1526
1189.5000 0.1528
1189.6000 0.1530
1190.6000 0.1531
1190.7000 0.1533
1194.8000 0.1535
1195.1000 0.1536
1195.2000 0.1538
1196.7000 0.1540
1198.0000 0.1542
1198.9000 0.1543
1200.0000 0.1545
1201.7000 0.1547
1203.8000 0.1549
1206.5000 0.1550
1206.8000 0.1552
1207.2000 0.1554
1209.5000 0.1556
1209.7000 0.1557
1210.9000 0.1559
1212.3000 0.1561
1214.0000 0.1562
1214.6000 0.1564
1214.7000 0.1566
1215.3000 0.1568
1215.7000 0.1569
1215.8000 0.1571
1216.4000 0.1573
1216.6000 0.1575
1217.1000 0.1576
1219.5000 0.1578
1219.6000 0.1580
1219.7000 0.1582
1219.9000 0.1583
1220.2000 0.1585
1220.9000 0.1587
1223.0000 0.1589
1223.8000 0.1590
1224.1000 0.1592
1224.2000 0.1594
1224.9000 0.1595
1226.1000 0.1597
1228.1000 0.1599
1228.6000 0.1601
1228.9000 0.1602
1229.7000 0.1604
1230.6000 0.1606
1231.0000 0.1608
1231.4000 0.1609
1232.8000 0.1611
1232.9000 0.1613
1233.1000 0.1615
1234.0000 0.1616
1234.2000 0.1618
1236.7000 0.1620
1237.5000 0.1622
1239.2000 0.1623
1239.6000 0.1625
1240.1000 0.1627
1242.4000 0.1628
1242.8000 0.1630
1243.3000 0.1632
1244.3000 0.1634
1246.1000 0.1635
1248.3000 0.1637
1248.3000 0.1639
1248.4000 0.1641
1248.6000 0.1642
1249.0000 0.1644
1249.5000 0.1646
1250.4000 0.1648
1250.5000 0.1649
1250.7000 0.1651
1251.8000 0.1653
1252.0000 0.1655
1252.1000 0.1656
1252.2000 0.1658
1252.5000 0.1660
1253.0000 0.1661
1253.8000 0.1663
1257.4000 0.1665
1258.0000 0.1667
1258.8000 0.1668
1259.4000 0.1670
1259.5000 0.1672
1261.5000 0.1674
1262.6000 0.1675
1263.2000 0.1677
1263.3000 0.1679
1264.1000 0.1681
1264.6000 0.1682
1266.0000 0.1684
1270.6000 0.1686
1270.8000 0.1687
1271.1000 0.1689
1271.2000 0.1691
1271.7000 0.1693
1272.1000 0.1694
1272.9000 0.1696
1273.2000 0.1698
1273.2000 0.1700
1273.9000 0.1701
1274.7000 0.1703
1274.8000 0.1705
1274.9000 0.1707
1274.9000 0.1708
1275.3000 0.1710
1277.3000 0.1712
1277.6000 0.1714
1280.1000 0.1715
1280.5000 0.1717
1280.7000 0.1719
1281.5000 0.1720
1283.9000 0.1722
1284.6000 0.1724
1286.7000 0.1726
1288.1000 0.1727
1288.5000 0.1729
1288.6000 0.1731
1291.1000 0.1733
1291.1000 0.1734
1291.5000 0.1736
1293.4000 0.1738
1293.6000 0.1740
1293.6000 0.1741
1294.6000 0.1743
1294.8000 0.1745
1294.9000 0.1747
1297.5000 0.1748
1298.8000 0.1750
1298.8000 0.1752
1299.0000 0.1753
1300.8000 0.1755
1301.3000 0.1757
1302.6000 0.1759
1303.7000 0.1760
1304.9000 0.1762
1305.0000 0.1764
1305.3000 0.1766
1306.3000 0.1767
1306.6000 0.1769
1307.4000 0.1771
1308.5000 0.1773
1308.6000 0.1774
1309.8000 0.1776
1310.4000 0.1778
1310.6000 0.1780
1310.6000 0.1781
1313.5000 0.1783
1313.9000 0.1785
1316.2000 0.1786
1316.3000 0.1788
1316.9000 0.1790
1318.2000 0.1792
1318.5000 0.1793
1318.9000 0.1795
1320.1000 0.1797
1320.3000 0.1799
1321.3000 0.1800
1321.9000 0.1802
1322.8000 0.1804
1324.0000 0.1806
1324.4000 0.1807
1325.9000 0.1809
1326.2000 0.1811
1326.9000 0.1812
1326.9000 0.1814
1328.6000 0.1816
1329.5000 0.1818
1330.6000 0.1819
1330.9000 0.1821
1331.0000 0.1823
1331.2000 0.1825
1334.0000 0.1826
1334.2000 0.1828
1334.2000 0.1830
1335.2000 0.1832
1336.6000 0.1833
1338.0000 0.1835
1338.4000 0.1837
1338.8000 0.1839
1338.9000 0.1840
1339.3000 0.1842
1340.9000 0.1844
1341.2000 0.1845
1343.1000 0.1847
1343.2000 0.1849
1343.8000 0.1851
1344.2000 0.1852
1346.1000 0.1854
1346.9000 0.1856
1347.2000 0.1858
1348.2000 0.1859
1348.9000 0.1861
1349.2000 0.1863
1349.7000 0.1865
1350.8000 0.1866
1353.3000 0.1868
1353.8000 0.1870
1354.8000 0.1872
1354.8000 0.1873
1355.2000 0.1875
1355.9000 0.1877
1357.0000 0.1878
1357.9000 0.1880
1359.1000 0.1882
1359.9000 0.1884
1361.5000 0.1885
1361.5000 0.1887
1362.1000 0.1889
1362.1000 0.1891
1363.7000 0.1892
1364.8000 0.1894
1365.0000 0.1896
1366.8000 0.1898
1367.3000 0.1899
1369.4000 0.1901
1370.3000 0.1903
1371.3000 0.1905
1372.9000 0.1906
1373.0000 0.1908
1373.8000 0.1910
1374.8000 0.1911
1375.7000 0.1913
1376.4000 0.1915
1381.2000 0.1917
1381.5000 0.1918
1383.4000 0.1920
1384.1000 0.1922
1385.0000 0.1924
1386.5000 0.1925
1387.3000 0.1927
1388.1000 0.1929
1389.2000 0.1931
1389.2000 0.1932
1389.4000 0.1934
1391.5000 0.1936
1391.6000 0.1937
1391.6000 0.1939
1391.6000 0.1941
1392.2000 0.1943
1392.3000 0.1944
1393.9000 0.1946
1393.9000 0.1948
1394.1000 0.1950
1396.9000 0.1951
1397.5000 0.1953
1398.1000 0.1955
1398.4000 0.1957
1398.7000 0.1958
1398.8000 0.1960
1399.3000 0.1962
1399.9000 0.1964
1401.8000 0.1965
1402.1000 0.1967
1402.5000 0.1969
1403.1000 0.1970
1404.1000 0.1972
1405.6000 0.1974
1405.7000 0.1976
1408.1000 0.1977
1408.6000 0.1979
1408.8000 0.1981
1409.5000 0.1983
1409.5000 0.1984
1409.8000 0.1986
1410.5000 0.1988
1410.6000 0.1990
1410.7000 0.1991
1412.3000 0.1993
1415.3000 0.1995
1415.6000 0.1997
1416.6000 0.1998
1418.0000 0.2000
1419.4000 0.2002
1420.1000 0.2003
1420.5000 0.2005
1421.8000 0.2007
1422.3000 0.2009
1422.4000 0.2010
1422.8000 0.2012
1422.9000 0.2014
1423.1000 0.2016
1423.2000 0.2017
1424.7000 0.2019
1426.8000 0.2021
1427.0000 0.2023
1428.5000 0.2024
1428.7000 0.2026
1429.0000 0.2028
1430.8000 0.2030
1431.9000 0.2031
1432.1000 0.2033
1433.1000 0.2035
1435.1000 0.2036
1435.2000 0.2038
1436.3000 0.2040
1437.0000 0.2042
1437.3000 0.2043
1440.6000 0.2045
1441.1000 0.2047
1442.4000 0.2049
1443.3000 0.2050
1445.7000 0.2052
1446.5000 0.2054
1448.9000 0.2056
1449.9000 0.2057
1450.0000 0.2059
1450.6000 0.2061
1450.8000 0.2062
1451.1000 0.2064
1452.7000 0.2066
1453.0000 0.2068
1454.1000 0.2069
1454.3000 0.2071
1454.8000 0.2073
1456.2000 0.2075
1456.2000 0.2076
1456.8000 0.2078
1457.3000 0.2080
1458.2000 0.2082
1458.7000 0.2083
1459.0000 0.2085
1459.5000 0.2087
1460.3000 0.2089
1460.4000 0.2090
1461.1000 0.2092
1463.1000 0.2094
1465.6000 0.2095
1466.1000 0.2097
1466.4000 0.2099
1466.6000 0.2101
1467.2000 0.2102
1467.6000 0.2104
1469.3000 0.2106
1471.2000 0.2108
1471.8000 0.2109
1471.8000 0.2111
1472.6000 0.2113
1474.9000 0.2115
1475.8000 0.2116
1477.5000 0.2118
1478.3000 0.2120
1479.2000 0.2122
1480.7000 0.2123
1480.8000 0.2125
1482.9000 0.2127
1483.6000 0.2128
1483.8000 0.2130
1484.1000 0.2132
1484.8000 0.2134
1487.1000 0.2135
1487.2000 0.2137
1487.5000 0.2139
1487.9000 0.2141
1490.6000 0.2142
1490.6000 0.2144
1492.8000 0.2146
1493.0000 0.2148
1494.4000 0.2149
1495.0000 0.2151
1496.9000 0.2153
1498.0000 0.2155
1498.5000 0.2156
1498.8000 0.2158
1499.9000 0.2160
1500.0000 0.2161
1500.1000 0.2163
1501.6000 0.2165
1503.0000 0.2167
1504.4000 0.2168
1504.8000 0.2170
1508.5000 0.2172
1509.4000 0.2174
1511.3000 0.2175
1513.3000 0.2177
1516.2000 0.2179
1516.3000 0.2181
1518.1000 0.2182
1518.2000 0.2184
1518.9000 0.2186
1520.5000 0.2187
1521.0000 0.2189
1521.1000 0.2191
1522.3000 0.2193
1522.6000 0.2194
1523.1000 0.2196
1524.2000 0.2198
1525.8000 0.2200
1527.5000 0.2201
1527.9000 0.2203
1529.0000 0.2205
1529.4000 0.2207
1530.7000 0.2208
1531.9000 0.2210
1532.0000 0.2212
1532.3000 0.2214
1532.5000 0.2215
1533.0000 0.2217
1533.3000 0.2219
1533.7000 0.2220
1534.0000 0.2222
1535.5000 0.2224
1535.7000 0.2226
1535.9000 0.2227
1536.3000 0.2229
1537.2000 0.2231
1537.2000 0.2233
1537.3000 0.2234
1537.3000 0.2236
1537.3000 0.2238
1538.5000 0.2240
1540.5000 0.2241
1540.6000 0.2243
1541.9000 0.2245
1542.2000 0.2247
1542.5000 0.2248
1543.1000 0.2250
1544.1000 0.2252
1544.3000 0.2253
1545.2000 0.2255
1545.7000 0.2257
1547.6000 0.2259
1549.3000 0.2260
1549.9000 0.2262
1551.0000 0.2264
1551.5000 0.2266
1552.9000 0.2267
1554.0000 0.2269
1555.7000 0.2271
1556.4000 0.2273
1556.8000 0.2274
1557.2000 0.2276
1561.2000 0.2278
1562.1000 0.2280
1562.4000 0.2281
1562.9000 0.2283
1564.2000 0.2285
1564.9000 0.2286
1565.5000 0.2288
1565.8000 0.2290
1567.5000 0.2292
1567.6000 0.2293
1567.7000 0.2295
1568.1000 0.2297
1568.7000 0.2299
1568.9000 0.2300
1568.9000 0.2302
1570.7000 0.2304
1571.4000 0.2306
1572.0000 0.2307
1572.1000 0.2309
1577.1000 0.2311
1579.6000 0.2312
1580.0000 0.2314
1581.0000 0.2316
1581.6000 0.2318
1582.1000 0.2319
1582.7000 0.2321
1583.8000 0.2323
1585.2000 0.2325
1585.2000 0.2326
1585.9000 0.2328
1586.2000 0.2330
1587.5000 0.2332
1589.2000 0.2333
1589.2000 0.2335
1591.1000 0.2337
1592.0000 0.2339
1592.9000 0.2340
1593.0000 0.2342
1595.2000 0.2344
1596.7000 0.2345
1597.0000 0.2347
1597.1000 0.2349
1598.5000 0.2351
1598.6000 0.2352
1599.3000 0.2354
1599.5000 0.2356
1599.7000 0.2358
1600.2000 0.2359
1600.6000 0.2361
1601.5000 0.2363
1602.4000 0.2365
1603.6000 0.2366
1604.2000 0.2368
1609.4000 0.2370
1610.1000 0.2372
1611.2000 0.2373
1611.3000 0.2375
1611.4000 0.2377
1612.6000 0.2378
1613.8000 0.2380
1614.5000 0.2382
1614.6000 0.2384
1615.5000 0.2385
1615.8000 0.2387
1616.2000 0.2389
1616.5000 0.2391
1617.8000 0.2392
1619.5000 0.2394
1621.6000 0.2396
1621.6000 0.2398
1621.7000 0.2399
1621.7000 0.2401
1621.9000 0.2403
1622.1000 0.2405
1622.2000 0.2406
1622.4000 0.2408
1623.5000 0.2410
1624.1000 0.2411
1624.5000 0.2413
1624.7000 0.2415
1626.8000 0.2417
1627.0000 0.2418
1627.7000 0.2420
1629.1000 0.2422
1629.7000 0.2424
1631.7000 0.2425
1631.7000 0.2427
1633.8000 0.2429
1633.8000 0.2431
1634.6000 0.2432
1637.4000 0.2434
1638.7000 0.2436
1639.3000 0.2437
1639.8000 0.2439
1641.5000 0.2441
1644.1000 0.2443
1645.1000 0.2444
1645.9000 0.2446
1650.2000 0.2448
1651.9000 0.2450
1651.9000 0.2451
1651.9000 0.2453
1652.8000 0.2455
1654.5000 0.2457
1654.7000 0.2458
1655.0000 0.2460
1658.2000 0.2462
1658.2000 0.2464
1658.4000 0.2465
1659.0000 0.2467
1660.3000 0.2469
1662.2000 0.2470
1662.9000 0.2472
1664.1000 0.2474
1665.0000 0.2476
1665.3000 0.2477
1665.5000 0.2479
1667.0000 0.2481
1667.2000 0.2483
1667.8000 0.2484
1668.0000 0.2486
1668.6000 0.2488
1670.9000 0.2490
1672.3000 0.2491
1672.5000 0.2493
1672.6000 0.2495
1673.5000 0.2497
1674.4000 0.2498
1674.6000 0.2500
1676.0000 0.2502
1676.7000 0.2503
1676.9000 0.2505
1679.5000 0.2507
1679.6000 0.2509
1682.5000 0.2510
1683.1000 0.2512
1688.4000 0.2514
1689.7000 0.2516
1690.8000 0.2517
1690.8000 0.2519
1691.4000 0.2521
1694.3000 0.2523
1695.6000 0.2524
1695.8000 0.2526
1698.6000 0.2528
1700.5000 0.2530
1701.3000 0.2531
1702.1000 0.2533
1703.0000 0.2535
1703.6000 0.2536
1703.9000 0.2538
1704.2000 0.2540
1705.5000 0.2542
1706.7000 0.2543
1708.5000 0.2545
1710.0000 0.2547
1710.7000 0.2549
1710.7000 0.2550
1714.7000 0.2552
1715.7000 0.2554
1716.8000 0.2556
1718.4000 0.2557
1720.5000 0.2559
1720.8000 0.2561
1721.7000 0.2563
1722.6000 0.2564
1726.0000 0.2566
1728.4000 0.2568
1728.8000 0.2569
1730.2000 0.2571
1733.6000 0.2573
1734.6000 0.2575
1735.1000 0.2576
1737.8000 0.2578
1737.8000 0.2580
1738.5000 0.2582
1738.6000 0.2583
1739.5000 0.2585
1739.9000 0.2587
1740.0000 0.2589
1743.6000 0.2590
1744.2000 0.2592
1744.4000 0.2594
1744.4000 0.2595
1744.6000 0.2597
1744.9000 0.2599
1746.9000 0.2601
1747.2000 0.2602
1748.8000 0.2604
1751.3000 0.2606
1751.5000 0.2608
1751.7000 0.2609
1752.4000 0.2611
1755.7000 0.2613
1756.5000 0.2615
1757.4000 0.2616
1757.7000 0.2618
1757.7000 0.2620
1758.8000 0.2622
1758.8000 0.2623
1760.9000 0.2625
1761.7000 0.2627
1762.1000 0.2628
1762.6000 0.2630
1764.7000 0.2632
1765.6000 0.2634
1766.5000 0.2635
1767.6000 0.2637
1768.8000 0.2639
1770.2000 0.2641
1772.1000 0.2642
1775.0000 0.2644
1775.7000 0.2646
1778.5000 0.2648
1778.8000 0.2649
1783.1000 0.2651
1783.6000 0.2653
1784.0000 0.2655
1784.1000 0.2656
1784.8000 0.2658
1785.1000 0.2660
1785.7000 0.2661
1786.1000 0.2663
1786.4000 0.2665
1786.7000 0.2667
1787.1000 0.2668
1789.3000 0.2670
1790.9000 0.2672
1792.4000 0.2674
1792.5000 0.2675
1794.4000 0.2677
1795.7000 0.2679
1796.0000 0.2681
1796.5000 0.2682
1796.6000 0.2684
1799.1000 0.2686
1799.2000 0.2688
1800.6000 0.2689
1801.8000 0.2691
1804.2000 0.2693
1804.4000 0.2694
1804.4000 0.2696
1804.9000 0.2698
1805.1000 0.2700
1807.1000 0.2701
1807.1000 0.2703
1808.0000 0.2705
1808.2000 0.2707
1808.8000 0.2708
1811.5000 0.2710
1811.6000 0.2712
1812.1000 0.2714
1812.3000 0.2715
1813.0000 0.2717
1816.5000 0.2719
1817.0000 0.2720
1817.4000 0.2722
1817.4000 0.2724
1817.7000 0.2726
1818.0000 0.2727
1818.4000 0.2729
1818.8000 0.2731
1819.0000 0.2733
1819.4000 0.2734
1819.4000 0.2736
1820.7000 0.2738
1822.1000 0.2740
1826.6000 0.2741
1826.8000 0.2743
1827.6000 0.2745
1831.8000 0.2747
1833.9000 0.2748
1836.4000 0.2750
1837.2000 0.2752
1839.9000 0.2753
1840.2000 0.2755
1843.5000 0.2757
1844.5000 0.2759
1845.5000 0.2760
1845.6000 0.2762
1846.4000 0.2764
1847.0000 0.2766
1848.6000 0.2767
1849.2000 0.2769
1850.6000 0.2771
1852.2000 0.2773
1852.8000 0.2774
1855.0000 0.2776
1856.9000 0.2778
1857.2000 0.2780
1858.4000 0.2781
1859.2000 0.2783
1860.5000 0.2785
1860.5000 0.2786
1860.9000 0.2788
1861.1000 0.2790
1861.2000 0.2792
1861.2000 0.2793
1861.6000 0.2795
1862.3000 0.2797
1863.0000 0.2799
1863.0000 0.2800
1866.8000 0.2802
1867.1000 0.2804
1867.4000 0.2806
1869.3000 0.2807
1869.9000 0.2809
1872.7000 0.2811
1874.9000 0.2813
1876.2000 0.2814
1878.4000 0.2816
1878.9000 0.2818
1879.7000 0.2819
1881.5000 0.2821
1883.1000 0.2823
1883.6000 0.2825
1885.4000 0.2826
1886.5000 0.2828
1887.6000 0.2830
1889.9000 0.2832
1891.0000 0.2833
1891.1000 0.2835
1891.5000 0.2837
1893.4000 0.2839
1893.7000 0.2840
1894.0000 0.2842
1894.7000 0.2844
1896.5000 0.2845
1896.8000 0.2847
1897.0000 0.2849
1899.4000 0.2851
1899.9000 0.2852
1900.9000 0.2854
1902.0000 0.2856
1902.3000 0.2858
1902.5000 0.2859
1903.8000 0.2861
1909.6000 0.2863
1910.0000 0.2865
1911.8000 0.2866
1912.7000 0.2868
1913.3000 0.2870
1914.1000 0.2872
1914.5000 0.2873
1915.0000 0.2875
1915.1000 0.2877
1916.1000 0.2878
1917.4000 0.2880
1917.4000 0.2882
1917.7000 0.2884
1917.8000 0.2885
1918.2000 0.2887
1920.2000 0.2889
1920.3000 0.2891
1921.1000 0.2892
1921.6000 0.2894
1921.8000 0.2896
1923.1000 0.2898
1923.1000 0.2899
1923.6000 0.2901
1923.8000 0.2903
1926.5000 0.2905
1928.3000 0.2906
1929.6000 0.2908
1930.9000 0.2910
1933.4000 0.2911
1936.8000 0.2913
1937.5000 0.2915
1940.2000 0.2917
1940.3000 0.2918
1940.7000 0.2920
1941.2000 0.2922
1941.8000 0.2924
1943.6000 0.2925
1943.7000 0.2927
1946.2000 0.2929
1947.0000 0.2931
1947.0000 0.2932
1948.4000 0.2934
1948.7000 0.2936
1950.0000 0.2938
1950.5000 0.2939
1951.0000 0.2941
1951.1000 0.2943
1952.0000 0.2944
1952.5000 0.2946
1952.6000 0.2948
1953.1000 0.2950
1954.5000 0.2951
1956.9000 0.2953
1959.5000 0.2955
1960.4000 0.2957
1961.4000 0.2958
1962.1000 0.2960
1963.5000 0.2962
1964.6000 0.2964
1964.8000 0.2965
1967.0000 0.2967
1968.1000 0.2969
1968.7000 0.2970
1968.9000 0.2972
1968.9000 0.2974
1970.3000 0.2976
1972.4000 0.2977
1974.1000 0.2979
1975.4000 0.2981
1976.1000 0.2983
1976.4000 0.2984
1977.9000 0.2986
1978.6000 0.2988
1979.0000 0.2990
1979.4000 0.2991
1979.6000 0.2993
1979.7000 0.2995
1980.8000 0.2997
1983.2000 0.2998
1985.5000 0.3000
1986.0000 0.3002
1989.7000 0.3003
1990.6000 0.3005
1990.7000 0.3007
1993.2000 0.3009
1994.7000 0.3010
1996.5000 0.3012
1997.4000 0.3014
1997.8000 0.3016
1998.0000 0.3017
1998.6000 0.3019
1999.0000 0.3021
2000.6000 0.3023
2001.6000 0.3024
2002.8000 0.3026
2003.7000 0.3028
2004.1000 0.3030
2005.6000 0.3031
2007.7000 0.3033
2008.1000 0.3035
2012.3000 0.3036
2013.1000 0.3038
2013.4000 0.3040
2017.4000 0.3042
2019.0000 0.3043
2019.2000 0.3045
2020.4000 0.3047
2020.5000 0.3049
2020.6000 0.3050
2020.7000 0.3052
2023.3000 0.3054
2024.0000 0.3056
2024.8000 0.3057
2027.1000 0.3059
2027.1000 0.3061
2027.4000 0.3063
2028.6000 0.3064
2030.6000 0.3066
2033.5000 0.3068
2034.7000 0.3069
2036.8000 0.3071
2036.8000 0.3073
2038.0000 0.3075
2038.7000 0.3076
2039.4000 0.3078
2040.3000 0.3080
2041.3000 0.3082
2041.3000 0.3083
2042.4000 0.3085
2042.8000 0.3087
2042.9000 0.3089
2043.4000 0.3090
2044.2000 0.3092
2044.3000 0.3094
2045.5000 0.3095
2048.0000 0.3097
2048.2000 0.3099
2049.4000 0.3101
2052.1000 0.3102
2052.7000 0.3104
2057.5000 0.3106
2058.3000 0.3108
2059.0000 0.3109
2059.9000 0.3111
2060.3000 0.3113
2063.2000 0.3115
2064.0000 0.3116
2064.1000 0.3118
2064.3000 0.3120
2064.9000 0.3122
2065.9000 0.3123
2070.8000 0.3125
2071.9000 0.3127
2072.6000 0.3128
2074.6000 0.3130
2074.7000 0.3132
2077.0000 0.3134
2078.0000 0.3135
2079.3000 0.3137
2080.7000 0.3139
2082.9000 0.3141
2084.6000 0.3142
2085.0000 0.3144
2088.9000 0.3146
2090.8000 0.3148
2093.1000 0.3149
2093.4000 0.3151
2096.3000 0.3153
2098.4000 0.3155
2098.7000 0.3156
2100.9000 0.3158
2101.7000 0.3160
2102.3000 0.3161
2102.6000 0.3163
2102.8000 0.3165
2103.2000 0.3167
2106.6000 0.3168
2107.3000 0.3170
2108.0000 0.3172
2108.6000 0.3174
2109.3000 0.3175
2109.4000 0.3177
2113.8000 0.3179
2114.0000 0.3181
2115.3000 0.3182
2116.4000 0.3184
2120.4000 0.3186
2121.2000 0.3188
2121.4000 0.3189
2124.2000 0.3191
2126.0000 0.3193
2126.5000 0.3194
2132.1000 0.3196
2134.2000 0.3198
2134.4000 0.3200
2134.8000 0.3201
2134.9000 0.3203
2137.3000 0.3205
2137.7000 0.3207
2138.7000 0.3208
2139.1000 0.3210
2139.6000 0.3212
2143.6000 0.3214
2143.9000 0.3215
2146.3000 0.3217
2148.4000 0.3219
2148.7000 0.3220
2150.1000 0.3222
2151.2000 0.3224
2152.7000 0.3226
2153.5000 0.3227
2154.0000 0.3229
2156.1000 0.3231
2158.4000 0.3233
2158.7000 0.3234
2160.7000 0.3236
2161.6000 0.3238
2165.7000 0.3240
2166.8000 0.3241
2167.2000 0.3243
2167.7000 0.3245
2169.5000 0.3247
2169.9000 0.3248
2170.4000 0.3250
2170.8000 0.3252
2174.0000 0.3253
2176.0000 0.3255
2177.4000 0.3257
2179.8000 0.3259
2182.7000 0.3260
2182.8000 0.3262
2183.1000 0.3264
2185.2000 0.3266
2188.4000 0.3267
2189.5000 0.3269
2190.6000 0.3271
2190.7000 0.3273
2191.0000 0.3274
2191.7000 0.3276
2192.2000 0.3278
2192.2000 0.3280
2193.5000 0.3281
2194.9000 0.3283
2195.1000 0.3285
2195.5000 0.3286
2196.5000 0.3288
2201.5000 0.3290
2204.1000 0.3292
2204.3000 0.3293
2204.6000 0.3295
2205.3000 0.3297
2206.5000 0.3299
2206.6000 0.3300
2207.1000 0.3302
2207.2000 0.3304
2208.6000 0.3306
2209.2000 0.3307
2210.3000 0.3309
2211.6000 0.3311
2211.7000 0.3313
2211.7000 0.3314
2212.6000 0.3316
2212.8000 0.3318
2213.7000 0.3319
2216.0000 0.3321
2217.1000 0.3323
2219.7000 0.3325
2220.7000 0.3326
2220.8000 0.3328
2222.3000 0.3330
2223.3000 0.3332
2223.5000 0.3333
2225.4000 0.3335
2226.0000 0.3337
2227.2000 0.3339
2229.1000 0.3340
2230.8000 0.3342
2230.9000 0.3344
2235.6000 0.3345
2237.0000 0.3347
2239.2000 0.3349
2239.7000 0.3351
2239.9000 0.3352
2240.0000 0.3354
2240.2000 0.3356
2240.3000 0.3358
2241.4000 0.3359
2241.9000 0.3361
2242.7000 0.3363
2242.7000 0.3365
2243.5000 0.3366
2244.3000 0.3368
2244.9000 0.3370
2245.0000 0.3372
2245.6000 0.3373
2247.1000 0.3375
2248.5000 0.3377
2249.9000 0.3378
2251.8000 0.3380
2253.5000 0.3382
2254.8000 0.3384
2255.4000 0.3385
2257.8000 0.3387
2257.9000 0.3389
2258.6000 0.3391
2266.8000 0.3392
2267.1000 0.3394
2267.3000 0.3396
2267.3000 0.3398
2268.6000 0.3399
2270.1000 0.3401
2274.1000 0.3403
2275.2000 0.3405
2279.3000 0.3406
2279.3000 0.3408
2279.5000 0.3410
2280.2000 0.3411
2280.7000 0.3413
2284.4000 0.3415
2286.1000 0.3417
2290.0000 0.3418
2290.3000 0.3420
2296.5000 0.3422
2296.9000 0.3424
2300.3000 0.3425
2301.7000 0.3427
2307.6000 0.3429
2310.8000 0.3431
2312.6000 0.3432
2313.3000 0.3434
2315.9000 0.3436
2320.1000 0.3438
2320.5000 0.3439
2320.8000 0.3441
2322.1000 0.3443
2323.3000 0.3444
2323.3000 0.3446
2325.7000 0.3448
2326.9000 0.3450
2330.4000 0.3451
2332.7000 0.3453
2333.2000 0.3455
2334.8000 0.3457
2335.6000 0.3458
2336.0000 0.3460
2336.8000 0.3462
2337.9000 0.3464
2338.3000 0.3465
2339.4000 0.3467
2343.9000 0.3469
2348.4000 0.3470
2349.1000 0.3472
2351.5000 0.3474
2357.0000 0.3476
2357.4000 0.3477
2359.1000 0.3479
2362.0000 0.3481
2362.8000 0.3483
2363.3000 0.3484
2365.3000 0.3486
2366.6000 0.3488
2369.3000 0.3490
2369.4000 0.3491
2370.5000 0.3493
2371.9000 0.3495
2375.3000 0.3497
2376.9000 0.3498
2382.0000 0.3500
2385.6000 0.3502
2386.2000 0.3503
2389.5000 0.3505
2391.4000 0.3507
2392.5000 0.3509
2393.8000 0.3510
2396.9000 0.3512
2400.7000 0.3514
2402.4000 0.3516
2414.1000 0.3517
2415.3000 0.3519
2416.2000 0.3521
2418.3000 0.3523
2421.6000 0.3524
2425.3000 0.3526
2427.0000 0.3528
2428.9000 0.3530
2431.7000 0.3531
2439.2000 0.3533
2441.2000 0.3535
2442.7000 0.3536
2445.8000 0.3538
2447.6000 0.3540
2449.6000 0.3542
2453.2000 0.3543
2455.3000 0.3545
2455.4000 0.3547
2456.7000 0.3549
2456.9000 0.3550
2457.2000 0.3552
2458.8000 0.3554
2464.1000 0.3556
2469.9000 0.3557
2471.9000 0.3559
2473.2000 0.3561
2476.1000 0.3563
2479.3000 0.3564
2482.2000 0.3566
2483.9000 0.3568
2486.5000 0.3569
2487.1000 0.3571
2487.6000 0.3573
2490.6000 0.3575
2495.1000 0.3576
2499.6000 0.3578
2502.6000 0.3580
2504.2000 0.3582
2504.8000 0.3583
2505.1000 0.3585
2506.3000 0.3587
2507.1000 0.3589
2507.5000 0.3590
2507.7000 0.3592
2509.0000 0.3594
2509.8000 0.3595
2513.2000 0.3597
2519.8000 0.3599
2524.9000 0.3601
2526.0000 0.3602
2527.2000 0.3604
2528.1000 0.3606
2530.2000 0.3608
2530.8000 0.3609
2532.5000 0.3611
2538.2000 0.3613
2540.9000 0.3615
2541.5000 0.3616
2543.3000 0.3618
2545.6000 0.3620
2546.0000 0.3622
2546.2000 0.3623
2547.2000 0.3625
2550.7000 0.3627
2557.0000 0.3628
2559.2000 0.3630
2566.9000 0.3632
2568.4000 0.3634
2574.2000 0.3635
2578.4000 0.3637
2585.3000 0.3639
2586.3000 0.3641
2586.4000 0.3642
2589.4000 0.3644
2590.8000 0.3646
2591.8000 0.3648
2593.2000 0.3649
2598.6000 0.3651
2602.2000 0.3653
2605.1000 0.3655
2609.2000 0.3656
2614.4000 0.3658
2617.0000 0.3660
2626.0000 0.3661
2626.3000 0.3663
2629.6000 0.3665
2635.5000 0.3667
2644.4000 0.3668
2650.7000 0.3670
2651.5000 0.3672
2653.2000 0.3674
2653.6000 0.3675
2659.0000 0.3677
2667.5000 0.3679
2671.6000 0.3681
2672.8000 0.3682
2674.7000 0.3684
2683.7000 0.3686
2687.7000 0.3688
2690.5000 0.3689
2690.6000 0.3691
2692.0000 0.3693
2693.0000 0.3694
2695.0000 0.3696
2695.9000 0.3698
2698.2000 0.3700
2699.5000 0.3701
2700.9000 0.3703
2701.0000 0.3705
2717.3000 0.3707
2721.9000 0.3708
2728.4000 0.3710
2731.9000 0.3712
2733.9000 0.3714
2742.9000 0.3715
2743.2000 0.3717
2748.1000 0.3719
2749.3000 0.3720
2755.7000 0.3722
2758.4000 0.3724
2758.8000 0.3726
2759.6000 0.3727
2760.0000 0.3729
2760.2000 0.3731
2760.8000 0.3733
2762.0000 0.3734
2764.9000 0.3736
2770.6000 0.3738
2774.3000 0.3740
2780.5000 0.3741
2790.1000 0.3743
2791.6000 0.3745
2799.0000 0.3747
2801.8000 0.3748
2805.1000 0.3750
2815.5000 0.3752
2817.9000 0.3753
2818.9000 0.3755
2819.0000 0.3757
2819.4000 0.3759
2821.2000 0.3760
2827.0000 0.3762
2827.7000 0.3764
2827.9000 0.3766
2829.9000 0.3767
2832.3000 0.3769
2836.8000 0.3771
2846.2000 0.3773
2848.1000 0.3774
2849.2000 0.3776
2856.3000 0.3778
2862.1000 0.3780
2863.2000 0.3781
2868.7000 0.3783
2869.7000 0.3785
2870.6000 0.3786
2871.0000 0.3788
2872.7000 0.3790
2874.4000 0.3792
2877.8000 0.3793
2882.3000 0.3795
2882.4000 0.3797
2884.4000 0.3799
2889.4000 0.3800
2894.9000 0.3802
2896.3000 0.3804
2896.4000 0.3806
2898.2000 0.3807
2904.0000 0.3809
2908.6000 0.3811
2909.5000 0.3813
2910.9000 0.3814
2911.0000 0.3816
2911.1000 0.3818
2916.8000 0.3819
2917.2000 0.3821
2920.4000 0.3823
2923.4000 0.3825
2928.3000 0.3826
2940.4000 0.3828
2954.1000 0.3830
2955.8000 0.3832
2956.0000 0.3833
2958.1000 0.3835
2961.9000 0.3837
2969.1000 0.3839
2977.9000 0.3840
2985.9000 0.3842
2986.9000 0.3844
2994.1000 0.3845
2998.0000 0.3847
3000.8000 0.3849
3007.9000 0.3851
3012.9000 0.3852
3019.5000 0.3854
3019.6000 0.3856
3020.3000 0.3858
3032.6000 0.3859
3034.7000 0.3861
3036.0000 0.3863
3047.0000 0.3865
3060.6000 0.3866
3078.7000 0.3868
3081.5000 0.3870
3084.3000 0.3872
3085.0000 0.3873
3085.6000 0.3875
3089.5000 0.3877
3091.3000 0.3878
3102.7000 0.3880
3104.5000 0.3882
3105.8000 0.3884
3106.5000 0.3885
3108.6000 0.3887
3120.4000 0.3889
3120.7000 0.3891
3132.4000 0.3892
3132.6000 0.3894
3143.1000 0.3896
3156.8000 0.3898
3164.9000 0.3899
3165.8000 0.3901
3168.9000 0.3903
3178.6000 0.3905
3178.9000 0.3906
3193.6000 0.3908
3200.3000 0.3910
3201.0000 0.3911
3201.5000 0.3913
3205.1000 0.3915
3206.2000 0.3917
3208.8000 0.3918
3213.6000 0.3920
3218.3000 0.3922
3221.9000 0.3924
3229.5000 0.3925
3243.4000 0.3927
3243.9000 0.3929
3255.8000 0.3931
3259.6000 0.3932
3264.7000 0.3934
3264.8000 0.3936
3265.5000 0.3938
3268.4000 0.3939
3271.4000 0.3941
3275.0000 0.3943
3277.6000 0.3944
3279.3000 0.3946
3279.8000 0.3948
3285.4000 0.3950
3288.7000 0.3951
3292.0000 0.3953
3302.0000 0.3955
3303.1000 0.3957
3305.8000 0.3958
3309.0000 0.3960
3312.1000 0.3962
3313.6000 0.3964
3330.6000 0.3965
3331.2000 0.3967
3332.3000 0.3969
3333.4000 0.3970
3338.4000 0.3972
3338.5000 0.3974
3354.8000 0.3976
3368.4000 0.3977
3378.5000 0.3979
3388.6000 0.3981
3392.4000 0.3983
3394.1000 0.3984
3395.4000 0.3986
3413.6000 0.3988
3417.9000 0.3990
3419.0000 0.3991
3419.2000 0.3993
3422.4000 0.3995
3422.8000 0.3997
3425.4000 0.3998
3429.4000 0.4000
3430.4000 0.4002
3431.2000 0.4003
3432.3000 0.4005
3433.7000 0.4007
3436.8000 0.4009
3449.7000 0.4010
3453.3000 0.4012
3462.1000 0.4014
3462.9000 0.4016
3463.4000 0.4017
3466.0000 0.4019
3482.6000 0.4021
3484.7000 0.4023
3486.6000 0.4024
3487.1000 0.4026
3488.6000 0.4028
3491.2000 0.4030
3497.3000 0.4031
3506.8000 0.4033
3509.7000 0.4035
3512.8000 0.4036
3514.5000 0.4038
3527.2000 0.4040
3533.4000 0.4042
3533.9000 0.4043
3534.1000 0.4045
3535.8000 0.4047
3535.9000 0.4049
3536.3000 0.4050
3538.0000 0.4052
3541.1000 0.4054
3543.1000 0.4056
3544.5000 0.4057
3547.8000 0.4059
3551.5000 0.4061
3554.0000 0.4063
3568.2000 0.4064
3568.5000 0.4066
3569.0000 0.4068
3572.1000 0.4069
3577.8000 0.4071
3583.9000 0.4073
3586.6000 0.4075
3595.8000 0.4076
3599.7000 0.4078
3604.9000 0.4080
3613.4000 0.4082
3617.5000 0.4083
3637.0000 0.4085
3639.0000 0.4087
3644.0000 0.4089
3646.2000 0.4090
3658.1000 0.4092
3667.1000 0.4094
3668.3000 0.4095
3672.3000 0.4097
3672.3000 0.4099
3673.8000 0.4101
3674.3000 0.4102
3679.3000 0.4104
3681.4000 0.4106
3682.9000 0.4108
3687.7000 0.4109
3687.9000 0.4111
3688.8000 0.4113
3689.6000 0.4115
3694.5000 0.4116
3703.0000 0.4118
3703.8000 0.4120
3709.0000 0.4122
3723.4000 0.4123
3729.9000 0.4125
3737.2000 0.4127
3739.3000 0.4128
3752.0000 0.4130
3757.0000 0.4132
3758.7000 0.4134
3765.0000 0.4135
3766.1000 0.4137
3772.9000 0.4139
3773.7000 0.4141
3775.4000 0.4142
3779.9000 0.4144
3780.8000 0.4146
3784.2000 0.4148
3798.1000 0.4149
3798.4000 0.4151
3801.0000 0.4153
3803.3000 0.4155
3811.7000 0.4156
3825.4000 0.4158
3825.9000 0.4160
3825.9000 0.4161
3826.0000 0.4163
3832.5000 0.4165
3843.6000 0.4167
3848.1000 0.4168
3854.4000 0.4170
3868.7000 0.4172
3880.4000 0.4174
3888.7000 0.4175
3893.9000 0.4177
3899.5000 0.4179
3919.7000 0.4181
3922.8000 0.4182
3930.6000 0.4184
3932.0000 0.4186
3934.5000 0.4188
3943.3000 0.4189
3951.4000 0.4191
3952.6000 0.4193
3957.7000 0.4194
3961.5000 0.4196
3965.8000 0.4198
3965.9000 0.4200
3969.3000 0.4201
3970.9000 0.4203
3980.2000 0.4205
3982.4000 0.4207
3987.8000 0.4208
3993.0000 0.4210
3993.8000 0.4212
3996.1000 0.4214
3998.3000 0.4215
4011.1000 0.4217
4012.3000 0.4219
4013.9000 0.4220
4017.3000 0.4222
4038.1000 0.4224
4038.6000 0.4226
4051.6000 0.4227
4052.0000 0.4229
4052.1000 0.4231
4056.5000 0.4233
4057.6000 0.4234
4057.8000 0.4236
4059.1000 0.4238
4066.4000 0.4240
4073.7000 0.4241
4075.4000 0.4243
4075.9000 0.4245
4078.4000 0.4247
4098.2000 0.4248
4098.5000 0.4250
4112.1000 0.4252
4113.1000 0.4253
4121.9000 0.4255
4125.7000 0.4257
4135.0000 0.4259
4141.3000 0.4260
4147.4000 0.4262
4150.9000 0.4264
4157.2000 0.4266
4161.1000 0.4267
4169.6000 0.4269
4170.0000 0.4271
4177.7000 0.4273
4178.7000 0.4274
4194.5000 0.4276
4198.2000 0.4278
4203.7000 0.4280
4211.9000 0.4281
4212.9000 0.4283
4214.8000 0.4285
4231.2000 0.4286
4233.0000 0.4288
4249.6000 0.4290
4255.2000 0.4292
4264.7000 0.4293
4264.9000 0.4295
4270.0000 0.4297
4297.4000 0.4299
4301.9000 0.4300
4311.0000 0.4302
4311.6000 0.4304
4312.7000 0.4306
4314.0000 0.4307
4317.4000 0.4309
4336.9000 0.4311
4340.9000 0.4313
4341.8000 0.4314
4345.9000 0.4316
4357.4000 0.4318
4363.3000 0.4319
4363.9000 0.4321
4365.2000 0.4323
4369.5000 0.4325
4374.0000 0.4326
4376.3000 0.4328
4378.5000 0.4330
4387.9000 0.4332
4388.7000 0.4333
4395.8000 0.4335
4417.3000 0.4337
4423.7000 0.4339
4427.2000 0.4340
4430.8000 0.4342
4442.3000 0.4344
4449.5000 0.4345
4466.1000 0.4347
4467.8000 0.4349
4476.2000 0.4351
4487.6000 0.4352
4495.8000 0.4354
4497.0000 0.4356
4499.2000 0.4358
4507.1000 0.4359
4515.1000 0.4361
4520.2000 0.4363
4521.5000 0.4365
4529.6000 0.4366
4531.2000 0.4368
4532.2000 0.4370
4534.6000 0.4372
4540.3000 0.4373
4547.8000 0.4375
4551.5000 0.4377
4567.8000 0.4378
4572.6000 0.4380
4575.0000 0.4382
4576.0000 0.4384
4583.5000 0.4385
4605.1000 0.4387
4626.1000 0.4389
4627.0000 0.4391
4635.5000 0.4392
4636.7000 0.4394
4645.8000 0.4396
4654.0000 0.4398
4655.1000 0.4399
4657.2000 0.4401
4672.3000 0.4403
4672.9000 0.4405
4673.2000 0.4406
4675.5000 0.4408
4676.6000 0.4410
4693.0000 0.4411
4701.5000 0.4413
4706.1000 0.4415
4706.3000 0.4417
4712.7000 0.4418
4725.6000 0.4420
4731.9000 0.4422
4739.1000 0.4424
4741.2000 0.4425
4743.1000 0.4427
4743.3000 0.4429
4743.5000 0.4431
4743.6000 0.4432
4744.5000 0.4434
4744.8000 0.4436
4745.0000 0.4438
4746.2000 0.4439
4749.4000 0.4441
4753.8000 0.4443
4755.1000 0.4444
4765.3000 0.4446
4779.2000 0.4448
4782.2000 0.4450
4787.2000 0.4451
4795.4000 0.4453
4799.3000 0.4455
4807.9000 0.4457
4810.6000 0.4458
4816.8000 0.4460
4825.5000 0.4462
4826.5000 0.4464
4836.3000 0.4465
4836.9000 0.4467
4837.0000 0.4469
4842.1000 0.4470
4846.3000 0.4472
4848.7000 0.4474
4852.2000 0.4476
4853.1000 0.4477
4868.3000 0.4479
4870.4000 0.4481
4871.2000 0.4483
4886.8000 0.4484
4890.6000 0.4486
4892.4000 0.4488
4906.2000 0.4490
4908.2000 0.4491
4910.1000 0.4493
4917.3000 0.4495
4924.7000 0.4497
4944.3000 0.4498
4950.1000 0.4500
4950.9000 0.4502
4953.7000 0.4503
4962.8000 0.4505
4967.2000 0.4507
4981.6000 0.4509
5001.1000 0.4510
5001.3000 0.4512
5014.4000 0.4514
5022.1000 0.4516
5026.3000 0.4517
5027.0000 0.4519
5035.1000 0.4521
5040.4000 0.4523
5043.6000 0.4524
5046.9000 0.4526
5071.8000 0.4528
5078.5000 0.4530
5088.1000 0.4531
5089.3000 0.4533
5103.5000 0.4535
5110.8000 0.4536
5111.8000 0.4538
5113.6000 0.4540
5120.7000 0.4542
5146.1000 0.4543
5156.1000 0.4545
5159.5000 0.4547
5165.2000 0.4549
5171.7000 0.4550
5186.9000 0.4552
5187.9000 0.4554
5193.8000 0.4556
5208.2000 0.4557
5210.4000 0.4559
5213.3000 0.4561
5222.6000 0.4563
5226.2000 0.4564
5233.5000 0.4566
5234.4000 0.4568
5237.0000 0.4569
5237.0000 0.4571
5237.0000 0.4573
5240.2000 0.4575
5248.3000 0.4576
5271.1000 0.4578
5273.7000 0.4580
5277.6000 0.4582
5278.9000 0.4583
5285.6000 0.4585
5286.9000 0.4587
5295.3000 0.4589
5299.2000 0.4590
5299.5000 0.4592
5299.8000 0.4594
5300.6000 0.4595
5308.8000 0.4597
5316.2000 0.4599
5330.1000 0.4601
5332.2000 0.4602
5334.0000 0.4604
5342.2000 0.4606
5352.0000 0.4608
5353.9000 0.4609
5367.0000 0.4611
5369.1000 0.4613
5374.0000 0.4615
5378.7000 0.4616
5381.3000 0.4618
5381.6000 0.4620
5393.8000 0.4622
5394.9000 0.4623
5418.7000 0.4625
5427.3000 0.4627
5434.1000 0.4628
5435.5000 0.4630
5444.6000 0.4632
5452.1000 0.4634
5454.5000 0.4635
5454.7000 0.4637
5454.8000 0.4639
5458.6000 0.4641
5462.7000 0.4642
5465.5000 0.4644
5469.6000 0.4646
5470.9000 0.4648
5474.8000 0.4649
5478.8000 0.4651
5483.9000 0.4653
5502.2000 0.4655
5509.1000 0.4656
5515.6000 0.4658
5517.3000 0.4660
5522.6000 0.4661
5525.9000 0.4663
5526.6000 0.4665
5532.3000 0.4667
5540.2000 0.4668
5552.5000 0.4670
5554.1000 0.4672
5555.9000 0.4674
5566.5000 0.4675
5567.2000 0.4677
5569.4000 0.4679
5573.1000 0.4681
5573.6000 0.4682
5575.5000 0.4684
5591.3000 0.4686
5598.0000 0.4688
5599.7000 0.4689
5604.4000 0.4691
5619.0000 0.4693
5625.6000 0.4694
5627.5000 0.4696
5631.3000 0.4698
5634.3000 0.4700
5637.6000 0.4701
5648.4000 0.4703
5651.8000 0.4705
5652.2000 0.4707
5652.8000 0.4708
5656.7000 0.4710
5661.2000 0.4712
5662.0000 0.4714
5663.6000 0.4715
5666.8000 0.4717
5670.3000 0.4719
5674.3000 0.4720
5681.7000 0.4722
5687.4000 0.4724
5692.8000 0.4726
5709.7000 0.4727
5722.6000 0.4729
5732.2000 0.4731
5736.5000 0.4733
5739.4000 0.4734
5749.6000 0.4736
5752.1000 0.4738
5752.1000 0.4740
5752.6000 0.4741
5759.0000 0.4743
5769.7000 0.4745
5771.2000 0.4747
5772.7000 0.4748
5779.5000 0.4750
5781.1000 0.4752
5787.3000 0.4753
5806.7000 0.4755
5812.5000 0.4757
5829.9000 0.4759
5831.2000 0.4760
5834.1000 0.4762
5838.3000 0.4764
5842.9000 0.4766
5854.3000 0.4767
5861.3000 0.4769
5867.7000 0.4771
5879.3000 0.4773
5879.6000 0.4774
5887.5000 0.4776
5887.9000 0.4778
5895.9000 0.4780
5896.9000 0.4781
5897.0000 0.4783
5904.8000 0.4785
5917.9000 0.4786
5918.6000 0.4788
5922.8000 0.4790
5926.3000 0.4792
5931.4000 0.4793
5933.8000 0.4795
5939.6000 0.4797
5949.9000 0.4799
5953.8000 0.4800
5957.6000 0.4802
5962.2000 0.4804
5975.5000 0.4806
5976.4000 0.4807
5988.4000 0.4809
5996.4000 0.4811
5998.5000 0.4813
5999.4000 0.4814
6007.8000 0.4816
6009.4000 0.4818
6022.5000 0.4819
6048.6000 0.4821
6049.8000 0.4823
6051.1000 0.4825
6052.8000 0.4826
6053.7000 0.4828
6057.6000 0.4830
6062.4000 0.4832
6071.1000 0.4833
6071.2000 0.4835
6083.5000 0.4837
6085.4000 0.4839
6090.0000 0.4840
6099.1000 0.4842
6118.6000 0.4844
6127.5000 0.4845
6140.2000 0.4847
6142.2000 0.4849
6144.9000 0.4851
6158.3000 0.4852
6162.5000 0.4854
6163.9000 0.4856
6174.0000 0.4858
6180.8000 0.4859
6183.0000 0.4861
6192.4000 0.4863
6194.4000 0.4865
6200.7000 0.4866
6201.2000 0.4868
6202.5000 0.4870
6202.7000 0.4872
6219.4000 0.4873
6225.6000 0.4875
6232.5000 0.4877
6242.7000 0.4878
6244.3000 0.4880
6247.4000 0.4882
6248.6000 0.4884
6252.2000 0.4885
6252.4000 0.4887
6254.5000 0.4889
6256.7000 0.4891
6257.7000 0.4892
6259.4000 0.4894
6264.2000 0.4896
6268.9000 0.4898
6274.3000 0.4899
6274.6000 0.4901
6281.2000 0.4903
6289.5000 0.4905
6299.2000 0.4906
6304.8000 0.4908
6305.4000 0.4910
6311.2000 0.4911
6311.4000 0.4913
6313.1000 0.4915
6317.4000 0.4917
6319.2000 0.4918
6321.4000 0.4920
6329.7000 0.4922
6335.3000 0.4924
6345.8000 0.4925
6349.9000 0.4927
6353.9000 0.4929
6358.1000 0.4931
6384.4000 0.4932
6392.8000 0.4934
6418.9000 0.4936
6422.3000 0.4938
6444.6000 0.4939
6460.3000 0.4941
6461.4000 0.4943
6461.8000 0.4944
6463.3000 0.4946
6470.8000 0.4948
6472.0000 0.4950
6474.0000 0.4951
6489.0000 0.4953
6491.2000 0.4955
6492.4000 0.4957
6519.2000 0.4958
6523.9000 0.4960
6538.8000 0.4962
6541.2000 0.4964
6543.2000 0.4965
6544.8000 0.4967
6547.3000 0.4969
6554.3000 0.4970
6562.6000 0.4972
6562.9000 0.4974
6566.2000 0.4976
6572.6000 0.4977
6579.7000 0.4979
6581.3000 0.4981
6594.6000 0.4983
6598.2000 0.4984
6612.0000 0.4986
6612.5000 0.4988
6616.5000 0.4990
6618.0000 0.4991
6627.0000 0.4993
6630.2000 0.4995
6637.1000 0.4997
6638.0000 0.4998
6643.7000 0.5000
6647.0000 0.5002
6663.0000 0.5003
6666.3000 0.5005
6666.8000 0.5007
6670.3000 0.5009
6672.4000 0.5010
6682.1000 0.5012
6691.8000 0.5014
6691.9000 0.5016
6692.1000 0.5017
6694.2000 0.5019
6715.5000 0.5021
6718.5000 0.5023
6718.5000 0.5024
6725.7000 0.5026
6730.2000 0.5028
6762.9000 0.5030
6766.6000 0.5031
6770.9000 0.5033
6772.9000 0.5035
6773.4000 0.5036
6773.7000 0.5038
6784.0000 0.5040
6786.8000 0.5042
6792.8000 0.5043
6794.9000 0.5045
6798.5000 0.5047
6814.9000 0.5049
6819.3000 0.5050
6829.5000 0.5052
6836.5000 0.5054
6850.9000 0.5056
6855.6000 0.5057
6862.0000 0.5059
6864.9000 0.5061
6867.6000 0.5063
6874.1000 0.5064
6875.8000 0.5066
6876.0000 0.5068
6877.5000 0.5069
6879.3000 0.5071
6881.6000 0.5073
6882.1000 0.5075
6887.2000 0.5076
6889.6000 0.5078
6895.3000 0.5080
6897.2000 0.5082
6899.0000 0.5083
6899.2000 0.5085
6904.3000 0.5087
6913.8000 0.5089
6937.6000 0.5090
6940.2000 0.5092
6943.1000 0.5094
6948.1000 0.5095
6955.1000 0.5097
6964.4000 0.5099
6975.0000 0.5101
6976.6000 0.5102
6980.6000 0.5104
6981.5000 0.5106
6997.8000 0.5108
7007.0000 0.5109
7011.9000 0.5111
7014.9000 0.5113
7020.0000 0.5115
7024.9000 0.5116
7025.5000 0.5118
7033.2000 0.5120
7041.0000 0.5122
7045.9000 0.5123
7055.4000 0.5125
7058.8000 0.5127
7062.9000 0.5128
7070.1000 0.5130
7071.6000 0.5132
7082.4000 0.5134
7084.3000 0.5135
7094.0000 0.5137
7094.8000 0.5139
7099.3000 0.5141
7102.1000 0.5142
7105.8000 0.5144
7107.8000 0.5146
7115.6000 0.5148
7116.7000 0.5149
7129.4000 0.5151
7133.1000 0.5153
7134.9000 0.5155
7135.0000 0.5156
7136.1000 0.5158
7148.1000 0.5160
7149.7000 0.5161
7153.0000 0.5163
7155.1000 0.5165
7166.2000 0.5167
7168.0000 0.5168
7176.1000 0.5170
7178.1000 0.5172
7184.8000 0.5174
7186.8000 0.5175
7187.3000 0.5177
7209.3000 0.5179
7209.5000 0.5181
7212.9000 0.5182
7214.4000 0.5184
7216.6000 0.5186
7220.8000 0.5188
7224.5000 0.5189
7229.9000 0.5191
7241.6000 0.5193
7253.1000 0.5194
7253.9000 0.5196
7255.8000 0.5198
7267.2000 0.5200
7273.3000 0.5201
7280.8000 0.5203
7281.8000 0.5205
7286.8000 0.5207
7290.7000 0.5208
7307.0000 0.5210
7326.1000 0.5212
7327.4000 0.5214
7332.6000 0.5215
7332.8000 0.5217
7333.7000 0.5219
7349.1000 0.5220
7368.8000 0.5222
7373.1000 0.5224
7375.4000 0.5226
7375.5000 0.5227
7379.7000 0.5229
7388.9000 0.5231
7404.0000 0.5233
7405.8000 0.5234
7412.8000 0.5236
7416.3000 0.5238
7423.1000 0.5240
7425.2000 0.5241
7427.0000 0.5243
7428.7000 0.5245
7428.8000 0.5247
7430.7000 0.5248
7439.2000 0.5250
7444.8000 0.5252
7449.5000 0.5253
7461.1000 0.5255
7471.5000 0.5257
7472.9000 0.5259
7482.3000 0.5260
7483.6000 0.5262
7496.8000 0.5264
7501.1000 0.5266
7502.8000 0.5267
7514.5000 0.5269
7514.6000 0.5271
7518.0000 0.5273
7534.0000 0.5274
7536.6000 0.5276
7555.7000 0.5278
7564.1000 0.5280
7574.7000 0.5281
7575.7000 0.5283
7597.7000 0.5285
7599.3000 0.5286
7600.5000 0.5288
7614.1000 0.5290
7614.5000 0.5292
7619.3000 0.5293
7621.0000 0.5295
7622.6000 0.5297
7623.9000 0.5299
7629.2000 0.5300
7634.9000 0.5302
7636.7000 0.5304
7647.7000 0.5306
7655.2000 0.5307
7656.5000 0.5309
7665.3000 0.5311
7671.4000 0.5313
7679.6000 0.5314
7694.5000 0.5316
7697.9000 0.5318
7699.5000 0.5319
7711.1000 0.5321
7720.5000 0.5323
7724.4000 0.5325
7728.8000 0.5326
7731.9000 0.5328
7733.2000 0.5330
7734.5000 0.5332
7745.9000 0.5333
7757.1000 0.5335
7763.4000 0.5337
7770.7000 0.5339
7772.7000 0.5340
7774.9000 0.5342
7776.4000 0.5344
7778.7000 0.5345
7784.0000 0.5347
7786.9000 0.5349
7790.6000 0.5351
7818.3000 0.5352
7832.0000 0.5354
7833.3000 0.5356
7836.3000 0.5358
7842.2000 0.5359
7843.0000 0.5361
7844.2000 0.5363
7846.5000 0.5365
7849.5000 0.5366
7853.3000 0.5368
7869.5000 0.5370
7873.5000 0.5372
7874.0000 0.5373
7879.2000 0.5375
7879.9000 0.5377
7896.4000 0.5378
7901.9000 0.5380
7905.5000 0.5382
7908.9000 0.5384
7910.7000 0.5385
7912.9000 0.5387
7913.2000 0.5389
7916.9000 0.5391
7924.0000 0.5392
7927.4000 0.5394
7931.9000 0.5396
7936.2000 0.5398
7936.8000 0.5399
7958.6000 0.5401
7964.2000 0.5403
7965.6000 0.5405
7968.9000 0.5406
7984.5000 0.5408
7986.5000 0.5410
7987.8000 0.5411
7997.6000 0.5413
7998.0000 0.5415
8014.1000 0.5417
8019.7000 0.5418
8034.9000 0.5420
8047.7000 0.5422
8048.2000 0.5424
8060.4000 0.5425
8061.4000 0.5427
8071.0000 0.5429
8075.7000 0.5431
8080.3000 0.5432
8085.7000 0.5434
8096.1000 0.5436
8096.7000 0.5438
8096.9000 0.5439
8112.2000 0.5441
8112.4000 0.5443
8119.7000 0.5444
8129.5000 0.5446
8130.0000 0.5448
8134.6000 0.5450
8137.2000 0.5451
8139.0000 0.5453
8140.2000 0.5455
8148.4000 0.5457
8164.6000 0.5458
8169.2000 0.5460
8171.9000 0.5462
8187.7000 0.5464
8205.1000 0.5465
8209.7000 0.5467
8223.1000 0.5469
8241.7000 0.5470
8246.3000 0.5472
8250.3000 0.5474
8252.2000 0.5476
8255.4000 0.5477
8267.4000 0.5479
8279.3000 0.5481
8285.9000 0.5483
8296.9000 0.5484
8308.1000 0.5486
8311.8000 0.5488
8312.4000 0.5490
8314.8000 0.5491
8320.0000 0.5493
8322.4000 0.5495
8336.1000 0.5497
8346.5000 0.5498
8346.9000 0.5500
8350.3000 0.5502
8350.8000 0.5503
8354.3000 0.5505
8358.5000 0.5507
8367.5000 0.5509
8372.2000 0.5510
8373.7000 0.5512
8376.5000 0.5514
8378.5000 0.5516
8381.9000 0.5517
8392.7000 0.5519
8392.8000 0.5521
8392.9000 0.5523
8406.9000 0.5524
8420.7000 0.5526
8425.9000 0.5528
8429.1000 0.5530
8432.1000 0.5531
8433.4000 0.5533
8451.1000 0.5535
8454.0000 0.5536
8462.9000 0.5538
8471.7000 0.5540
8478.7000 0.5542
8479.6000 0.5543
8479.7000 0.5545
8480.6000 0.5547
8482.4000 0.5549
8491.0000 0.5550
8493.1000 0.5552
8495.0000 0.5554
8496.7000 0.5556
8501.4000 0.5557
8509.5000 0.5559
8517.7000 0.5561
8526.4000 0.5563
8529.5000 0.5564
8530.5000 0.5566
8534.5000 0.5568
8536.4000 0.5569
8539.3000 0.5571
8544.4000 0.5573
8548.4000 0.5575
8562.3000 0.5576
8567.7000 0.5578
8572.5000 0.5580
8616.1000 0.5582
8625.0000 0.5583
8628.7000 0.5585
8645.9000 0.5587
8648.6000 0.5589
8667.5000 0.5590
8673.5000 0.5592
8680.7000 0.5594
8691.4000 0.5595
8692.8000 0.5597
8699.9000 0.5599
8700.6000 0.5601
8704.6000 0.5602
8707.3000 0.5604
8718.7000 0.5606
8720.6000 0.5608
8723.5000 0.5609
8740.2000 0.5611
8744.7000 0.5613
8757.0000 0.5615
8758.3000 0.5616
8760.6000 0.5618
8766.8000 0.5620
8776.4000 0.5622
8783.6000 0.5623
8786.6000 0.5625
8793.0000 0.5627
8798.9000 0.5628
8812.0000 0.5630
8818.5000 0.5632
8839.2000 0.5634
8849.4000 0.5635
8853.0000 0.5637
8860.6000 0.5639
8860.7000 0.5641
8863.7000 0.5642
8883.7000 0.5644
8890.2000 0.5646
8919.3000 0.5648
8926.6000 0.5649
8928.1000 0.5651
8935.0000 0.5653
8936.5000 0.5655
8942.0000 0.5656
8943.9000 0.5658
8947.7000 0.5660
8954.6000 0.5661
8959.2000 0.5663
8965.7000 0.5665
8965.8000 0.5667
8978.6000 0.5668
8978.9000 0.5670
8979.7000 0.5672
8980.6000 0.5674
8987.7000 0.5675
8990.8000 0.5677
8992.4000 0.5679
8994.8000 0.5681
8995.1000 0.5682
8996.1000 0.5684
9006.7000 0.5686
9015.1000 0.5688
9017.9000 0.5689
9042.3000 0.5691
9042.9000 0.5693
9047.6000 0.5694
9048.9000 0.5696
9069.6000 0.5698
9072.1000 0.5700
9078.0000 0.5701
9086.9000 0.5703
9090.1000 0.5705
9093.8000 0.5707
9096.2000 0.5708
9111.2000 0.5710
9117.6000 0.5712
9119.9000 0.5714
9125.8000 0.5715
9126.2000 0.5717
9131.6000 0.5719
9139.8000 0.5720
9144.6000 0.5722
9148.5000 0.5724
9154.2000 0.5726
9165.1000 0.5727
9169.4000 0.5729
9172.8000 0.5731
9181.9000 0.5733
9182.2000 0.5734
9190.7000 0.5736
9192.9000 0.5738
9194.6000 0.5740
9203.5000 0.5741
9206.8000 0.5743
9208.9000 0.5745
9211.2000 0.5747
9214.8000 0.5748
9221.8000 0.5750
9223.3000 0.5752
9226.8000 0.5753
9227.5000 0.5755
9230.0000 0.5757
9239.2000 0.5759
9239.3000 0.5760
9243.2000 0.5762
9243.9000 0.5764
9244.4000 0.5766
9252.8000 0.5767
9258.7000 0.5769
9267.7000 0.5771
9272.5000 0.5773
9273.2000 0.5774
9300.1000 0.5776
9305.0000 0.5778
9305.3000 0.5780
9307.2000 0.5781
9314.3000 0.5783
9314.9000 0.5785
9315.4000 0.5786
9321.1000 0.5788
9324.2000 0.5790
9324.3000 0.5792
9325.3000 0.5793
9327.1000 0.5795
9328.1000 0.5797
9356.0000 0.5799
9362.4000 0.5800
9363.2000 0.5802
9374.7000 0.5804
9386.3000 0.5806
9386.4000 0.5807
9392.5000 0.5809
9396.3000 0.5811
9396.4000 0.5813
9406.7000 0.5814
9411.3000 0.5816
9412.6000 0.5818
9428.3000 0.5819
9435.9000 0.5821
9440.1000 0.5823
9441.2000 0.5825
9442.3000 0.5826
9448.1000 0.5828
9449.8000 0.5830
9457.4000 0.5832
9460.7000 0.5833
9467.7000 0.5835
9484.1000 0.5837
9491.9000 0.5839
9514.2000 0.5840
9514.4000 0.5842
9531.0000 0.5844
9536.4000 0.5845
9537.7000 0.5847
9546.2000 0.5849
9547.2000 0.5851
9548.7000 0.5852
9574.0000 0.5854
9574.2000 0.5856
9576.0000 0.5858
9581.5000 0.5859
9586.4000 0.5861
9588.4000 0.5863
9588.5000 0.5865
9601.3000 0.5866
9607.2000 0.5868
9607.7000 0.5870
9609.0000 0.5872
9609.2000 0.5873
9609.6000 0.5875
9612.6000 0.5877
9613.0000 0.5878
9614.7000 0.5880
9619.1000 0.5882
9619.8000 0.5884
9627.4000 0.5885
9635.3000 0.5887
9637.6000 0.5889
9658.0000 0.5891
9665.4000 0.5892
9666.5000 0.5894
9667.8000 0.5896
9669.2000 0.5898
9670.9000 0.5899
9676.5000 0.5901
9680.1000 0.5903
9681.4000 0.5905
9684.6000 0.5906
9686.4000 0.5908
9696.3000 0.5910
9696.3000 0.5911
9699.5000 0.5913
9699.8000 0.5915
9701.5000 0.5917
9722.1000 0.5918
9728.4000 0.5920
9729.1000 0.5922
9730.9000 0.5924
9737.1000 0.5925
9768.4000 0.5927
9794.0000 0.5929
9801.5000 0.5931
9804.7000 0.5932
9809.4000 0.5934
9811.8000 0.5936
9811.8000 0.5938
9822.8000 0.5939
9830.7000 0.5941
9833.6000 0.5943
9842.3000 0.5944
9844.1000 0.5946
9846.8000 0.5948
9847.3000 0.5950
9848.3000 0.5951
9851.6000 0.5953
9858.7000 0.5955
9860.4000 0.5957
9864.5000 0.5958
9872.2000 0.5960
9883.0000 0.5962
9885.2000 0.5964
9894.6000 0.5965
9896.9000 0.5967
9897.7000 0.5969
9898.9000 0.5970
9899.5000 0.5972
9907.0000 0.5974
9916.4000 0.5976
9921.6000 0.5977
9927.1000 0.5979
9930.6000 0.5981
9935.8000 0.5983
9942.0000 0.5984
9959.1000 0.5986
9965.6000 0.5988
9974.7000 0.5990
9987.9000 0.5991
9988.5000 0.5993
9995.6000 0.5995
10005.6000 0.5997
10006.3000 0.5998
10016.8000 0.6000
10017.1000 0.6002
10025.9000 0.6003
10032.8000 0.6005
10045.1000 0.6007
10047.5000 0.6009
10047.6000 0.6010
10050.2000 0.6012
10051.0000 0.6014
10054.4000 0.6016
10060.9000 0.6017
10063.9000 0.6019
10064.7000 0.6021
10069.0000 0.6023
10090.6000 0.6024
10092.7000 0.6026
10098.8000 0.6028
10102.7000 0.6030
10110.7000 0.6031
10118.4000 0.6033
10120.4000 0.6035
10123.6000 0.6036
10126.9000 0.6038
10139.4000 0.6040
10139.7000 0.6042
10146.8000 0.6043
10151.3000 0.6045
10151.9000 0.6047
10171.9000 0.6049
10193.4000 0.6050
10195.6000 0.6052
10213.5000 0.6054
10246.3000 0.6056
10248.6000 0.6057
10249.9000 0.6059
10256.3000 0.6061
10262.1000 0.6063
10262.9000 0.6064
10267.2000 0.6066
10268.6000 0.6068
10273.9000 0.6069
10279.7000 0.6071
10280.6000 0.6073
10297.0000 0.6075
10300.2000 0.6076
10303.8000 0.6078
10308.4000 0.6080
10310.5000 0.6082
10313.1000 0.6083
10320.7000 0.6085
10331.6000 0.6087
10347.0000 0.6089
10350.9000 0.6090
10356.1000 0.6092
10364.3000 0.6094
10367.2000 0.6095
10376.2000 0.6097
10385.3000 0.6099
10388.9000 0.6101
10392.2000 0.6102
10402.3000 0.6104
10403.7000 0.6106
10407.1000 0.6108
10408.2000 0.6109
10412.0000 0.6111
10416.9000 0.6113
10420.0000 0.6115
10421.6000 0.6116
10426.7000 0.6118
10430.4000 0.6120
10431.7000 0.6122
10435.0000 0.6123
10439.1000 0.6125
10444.1000 0.6127
10466.4000 0.6128
10474.0000 0.6130
10478.3000 0.6132
10480.1000 0.6134
10503.7000 0.6135
10506.5000 0.6137
10522.9000 0.6139
10528.8000 0.6141
10536.5000 0.6142
10540.3000 0.6144
10546.1000 0.6146
10551.0000 0.6148
10560.5000 0.6149
10581.6000 0.6151
10593.1000 0.6153
10594.8000 0.6155
10602.6000 0.6156
10609.5000 0.6158
10610.4000 0.6160
10621.5000 0.6161
10621.7000 0.6163
10627.1000 0.6165
10627.9000 0.6167
10634.0000 0.6168
10644.7000 0.6170
10645.2000 0.6172
10655.3000 0.6174
10655.6000 0.6175
10656.4000 0.6177
10659.9000 0.6179
10661.4000 0.6181
10664.2000 0.6182
10669.7000 0.6184
10670.7000 0.6186
10671.0000 0.6188
10676.7000 0.6189
10679.0000 0.6191
10682.9000 0.6193
10690.7000 0.6194
10692.5000 0.6196
10695.6000 0.6198
10696.7000 0.6200
10699.0000 0.6201
10699.4000 0.6203
10715.6000 0.6205
10734.4000 0.6207
10751.7000 0.6208
10754.8000 0.6210
10763.1000 0.6212
10763.3000 0.6214
10763.3000 0.6215
10772.9000 0.6217
10789.7000 0.6219
10796.1000 0.6220
10796.1000 0.6222
10799.1000 0.6224
10804.5000 0.6226
10809.2000 0.6227
10817.9000 0.6229
10832.8000 0.6231
10833.7000 0.6233
10835.1000 0.6234
10841.0000 0.6236
10847.8000 0.6238
10852.0000 0.6240
10856.0000 0.6241
10856.5000 0.6243
10864.2000 0.6245
10873.1000 0.6247
10874.7000 0.6248
10880.5000 0.6250
10892.8000 0.6252
10902.4000 0.6253
10905.0000 0.6255
10907.6000 0.6257
10909.4000 0.6259
10909.5000 0.6260
10912.9000 0.6262
10916.4000 0.6264
10917.2000 0.6266
10918.2000 0.6267
10921.3000 0.6269
10928.2000 0.6271
10930.5000 0.6273
10931.1000 0.6274
10950.2000 0.6276
10954.9000 0.6278
10956.8000 0.6280
10959.5000 0.6281
10960.6000 0.6283
10960.9000 0.6285
10965.7000 0.6286
10974.5000 0.6288
10977.7000 0.6290
10980.7000 0.6292
10989.8000 0.6293
10998.0000 0.6295
10998.5000 0.6297
10999.3000 0.6299
11001.7000 0.6300
11013.1000 0.6302
11016.1000 0.6304
11017.4000 0.6306
11020.4000 0.6307
11030.2000 0.6309
11034.3000 0.6311
11035.8000 0.6313
11043.2000 0.6314
11059.1000 0.6316
11063.0000 0.6318
11074.2000 0.6319
11077.2000 0.6321
11080.3000 0.6323
11087.7000 0.6325
11087.9000 0.6326
11101.3000 0.6328
11101.8000 0.6330
11104.5000 0.6332
11110.4000 0.6333
11117.4000 0.6335
11122.7000 0.6337
11126.5000 0.6339
11133.7000 0.6340
11161.8000 0.6342
11161.9000 0.6344
11162.9000 0.6345
11168.5000 0.6347
11177.8000 0.6349
11186.5000 0.6351
11207.7000 0.6352
11208.3000 0.6354
11208.4000 0.6356
11208.8000 0.6358
11223.1000 0.6359
11229.6000 0.6361
11229.8000 0.6363
11234.2000 0.6365
11261.5000 0.6366
11266.1000 0.6368
11269.4000 0.6370
11279.4000 0.6372
11281.8000 0.6373
11282.4000 0.6375
11299.5000 0.6377
11300.6000 0.6378
11309.5000 0.6380
11319.4000 0.6382
11326.4000 0.6384
11333.0000 0.6385
11338.9000 0.6387
11344.0000 0.6389
11346.5000 0.6391
11347.8000 0.6392
11362.5000 0.6394
11369.6000 0.6396
11378.7000 0.6398
11385.2000 0.6399
11396.9000 0.6401
11402.5000 0.6403
11408.1000 0.6405
11414.7000 0.6406
11419.7000 0.6408
11420.1000 0.6410
11426.7000 0.6411
11430.5000 0.6413
11440.0000 0.6415
11441.0000 0.6417
11441.3000 0.6418
11441.6000 0.6420
11449.7000 0.6422
11453.5000 0.6424
11464.2000 0.6425
11479.0000 0.6427
11484.4000 0.6429
11487.2000 0.6431
11505.5000 0.6432
11507.1000 0.6434
11522.8000 0.6436
11523.6000 0.6438
11530.3000 0.6439
11546.8000 0.6441
11556.7000 0.6443
11557.4000 0.6444
11559.6000 0.6446
11568.6000 0.6448
11577.8000 0.6450
11578.3000 0.6451
11578.5000 0.6453
11580.9000 0.6455
11591.6000 0.6457
11603.5000 0.6458
11603.7000 0.6460
11616.6000 0.6462
11618.1000 0.6464
11618.8000 0.6465
11623.2000 0.6467
11623.5000 0.6469
11632.2000 0.6470
11639.3000 0.6472
11640.8000 0.6474
11642.9000 0.6476
11647.2000 0.6477
11656.0000 0.6479
11657.9000 0.6481
11659.7000 0.6483
11662.3000 0.6484
11670.4000 0.6486
11681.7000 0.6488
11684.3000 0.6490
11684.3000 0.6491
11687.1000 0.6493
11693.2000 0.6495
11696.4000 0.6497
11698.8000 0.6498
11702.9000 0.6500
11711.0000 0.6502
11714.5000 0.6503
11733.7000 0.6505
11734.1000 0.6507
11755.1000 0.6509
11757.1000 0.6510
11766.8000 0.6512
11772.7000 0.6514
11774.0000 0.6516
11781.8000 0.6517
11791.3000 0.6519
11799.9000 0.6521
11804.1000 0.6523
11816.3000 0.6524
11817.5000 0.6526
11819.5000 0.6528
11819.9000 0.6530
11820.9000 0.6531
11837.9000 0.6533
11852.3000 0.6535
11855.7000 0.6536
11857.9000 0.6538
11871.0000 0.6540
11876.9000 0.6542
11880.4000 0.6543
11881.1000 0.6545
11881.9000 0.6547
11885.1000 0.6549
11895.4000 0.6550
11898.2000 0.6552
11921.8000 0.6554
11926.6000 0.6556
11930.9000 0.6557
11937.1000 0.6559
11947.8000 0.6561
11953.8000 0.6563
11968.0000 0.6564
11980.5000 0.6566
11989.3000 0.6568
11989.8000 0.6569
11992.8000 0.6571
11997.2000 0.6573
11999.6000 0.6575
12002.5000 0.6576
12012.2000 0.6578
12015.2000 0.6580
12018.2000 0.6582
12027.3000 0.6583
12038.6000 0.6585
12041.8000 0.6587
12046.8000 0.6589
12051.8000 0.6590
12060.4000 0.6592
12066.4000 0.6594
12078.8000 0.6595
12080.1000 0.6597
12081.4000 0.6599
12099.9000 0.6601
12101.0000 0.6602
12109.2000 0.6604
12111.5000 0.6606
12116.7000 0.6608
12117.0000 0.6609
12118.5000 0.6611
12133.3000 0.6613
12150.4000 0.6615
12155.1000 0.6616
12158.6000 0.6618
12160.7000 0.6620
12165.3000 0.6622
12169.4000 0.6623
12169.8000 0.6625
12179.0000 0.6627
12182.7000 0.6628
12190.7000 0.6630
12192.5000 0.6632
12195.9000 0.6634
12217.7000 0.6635
12231.9000 0.6637
12233.5000 0.6639
12233.6000 0.6641
12236.2000 0.6642
12237.5000 0.6644
12247.2000 0.6646
12250.3000 0.6648
12259.9000 0.6649
12260.1000 0.6651
12260.4000 0.6653
12264.1000 0.6655
12267.7000 0.6656
12270.3000 0.6658
12273.3000 0.6660
12276.7000 0.6661
12281.1000 0.6663
12291.0000 0.6665
12294.9000 0.6667
12296.8000 0.6668
12305.2000 0.6670
12325.7000 0.6672
12326.1000 0.6674
12350.4000 0.6675
12355.4000 0.6677
12361.0000 0.6679
12368.9000 0.6681
12372.5000 0.6682
12379.2000 0.6684
12380.7000 0.6686
12384.8000 0.6688
12390.9000 0.6689
12395.5000 0.6691
12399.1000 0.6693
12399.7000 0.6694
12399.7000 0.6696
12403.9000 0.6698
12408.1000 0.6700
12413.4000 0.6701
12416.8000 0.6703
12419.5000 0.6705
12421.8000 0.6707
12426.3000 0.6708
12432.3000 0.6710
12436.6000 0.6712
12445.9000 0.6714
12449.7000 0.6715
12455.3000 0.6717
12459.7000 0.6719
12459.8000 0.6720
12463.3000 0.6722
12467.1000 0.6724
12467.1000 0.6726
12468.4000 0.6727
12483.9000 0.6729
12486.5000 0.6731
12496.4000 0.6733
12509.4000 0.6734
12525.3000 0.6736
12525.8000 0.6738
12529.3000 0.6740
12537.8000 0.6741
12543.8000 0.6743
12546.2000 0.6745
12548.2000 0.6747
12560.9000 0.6748
12564.3000 0.6750
12573.7000 0.6752
12577.1000 0.6753
12578.3000 0.6755
12584.1000 0.6757
12593.7000 0.6759
12594.9000 0.6760
12604.7000 0.6762
12605.0000 0.6764
12606.2000 0.6766
12608.8000 0.6767
12619.6000 0.6769
12626.4000 0.6771
12629.5000 0.6773
12634.3000 0.6774
12636.0000 0.6776
12639.1000 0.6778
12643.4000 0.6780
12652.0000 0.6781
12660.8000 0.6783
12678.1000 0.6785
12681.5000 0.6786
12688.9000 0.6788
12696.3000 0.6790
12699.0000 0.6792
12699.1000 0.6793
12702.5000 0.6795
12708.5000 0.6797
12713.6000 0.6799
12715.8000 0.6800
12718.0000 0.6802
12719.7000 0.6804
12725.1000 0.6806
12726.9000 0.6807
12728.4000 0.6809
12733.9000 0.6811
12734.0000 0.6813
12752.4000 0.6814
12754.3000 0.6816
12754.4000 0.6818
12757.2000 0.6819
12760.8000 0.6821
12780.8000 0.6823
12786.9000 0.6825
12797.3000 0.6826
12798.8000 0.6828
12801.4000 0.6830
12809.8000 0.6832
12810.7000 0.6833
12812.0000 0.6835
12831.2000 0.6837
12836.1000 0.6839
12837.6000 0.6840
12842.2000 0.6842
12847.6000 0.6844
12847.9000 0.6845
12859.0000 0.6847
12859.3000 0.6849
12869.9000 0.6851
12872.3000 0.6852
12879.4000 0.6854
12879.5000 0.6856
12882.6000 0.6858
12883.1000 0.6859
12888.8000 0.6861
12889.6000 0.6863
12897.6000 0.6865
12900.7000 0.6866
12903.9000 0.6868
12908.6000 0.6870
12909.7000 0.6872
12919.6000 0.6873
12921.9000 0.6875
12922.7000 0.6877
12928.8000 0.6878
12929.5000 0.6880
12930.1000 0.6882
12937.5000 0.6884
12948.6000 0.6885
12950.8000 0.6887
12956.5000 0.6889
12957.6000 0.6891
12967.3000 0.6892
12994.1000 0.6894
13004.3000 0.6896
13042.5000 0.6898
13054.7000 0.6899
13066.0000 0.6901
13066.4000 0.6903
13080.3000 0.6905
13081.9000 0.6906
13092.6000 0.6908
13094.1000 0.6910
13099.2000 0.6911
13101.5000 0.6913
13106.7000 0.6915
13112.1000 0.6917
13113.5000 0.6918
13121.1000 0.6920
13127.0000 0.6922
13130.0000 0.6924
13134.5000 0.6925
13147.1000 0.6927
13150.2000 0.6929
13162.3000 0.6931
13171.8000 0.6932
13199.7000 0.6934
13203.5000 0.6936
13210.0000 0.6938
13214.7000 0.6939
13217.5000 0.6941
13241.7000 0.6943
13252.7000 0.6944
13254.2000 0.6946
13259.6000 0.6948
13272.0000 0.6950
13283.2000 0.6951
13290.6000 0.6953
13293.2000 0.6955
13294.5000 0.6957
13305.5000 0.6958
13306.9000 0.6960
13309.1000 0.6962
13313.4000 0.6964
13314.5000 0.6965
13314.6000 0.6967
13320.3000 0.6969
13328.0000 0.6970
13336.1000 0.6972
13359.2000 0.6974
13368.4000 0.6976
13375.5000 0.6977
13375.9000 0.6979
13377.6000 0.6981
13378.6000 0.6983
13387.4000 0.6984
13389.7000 0.6986
13401.0000 0.6988
13403.5000 0.6990
13404.5000 0.6991
13407.4000 0.6993
13423.5000 0.6995
13429.2000 0.6997
13438.1000 0.6998
13440.1000 0.7000
13440.9000 0.7002
13444.4000 0.7003
13447.2000 0.7005
13448.6000 0.7007
13457.4000 0.7009
13459.3000 0.7010
13461.3000 0.7012
13465.6000 0.7014
13470.5000 0.7016
13470.6000 0.7017
13474.1000 0.7019
13477.6000 0.7021
13487.3000 0.7023
13490.8000 0.7024
13499.1000 0.7026
13499.7000 0.7028
13507.6000 0.7030
13507.9000 0.7031
13509.2000 0.7033
13511.8000 0.7035
13533.4000 0.7036
13534.9000 0.7038
13540.8000 0.7040
13541.5000 0.7042
13543.7000 0.7043
13574.7000 0.7045
13582.5000 0.7047
13583.8000 0.7049
13584.5000 0.7050
13594.0000 0.7052
13607.1000 0.7054
13612.5000 0.7056
13616.1000 0.7057
13619.4000 0.7059
13624.4000 0.7061
13630.7000 0.7063
13640.9000 0.7064
13642.0000 0.7066
13659.0000 0.7068
13662.2000 0.7069
13668.5000 0.7071
13671.0000 0.7073
13675.2000 0.7075
13676.8000 0.7076
13678.3000 0.7078
13685.6000 0.7080
13686.7000 0.7082
13693.0000 0.7083
13693.9000 0.7085
13694.5000 0.7087
13696.8000 0.7089
13721.6000 0.7090
13721.7000 0.7092
13724.9000 0.7094
13727.9000 0.7095
13735.4000 0.7097
13747.3000 0.7099
13762.4000 0.7101
13763.2000 0.7102
13771.8000 0.7104
13776.5000 0.7106
13776.8000 0.7108
13778.5000 0.7109
13779.7000 0.7111
13782.2000 0.7113
13810.4000 0.7115
13812.4000 0.7116
13814.1000 0.7118
13817.3000 0.7120
13817.6000 0.7122
13820.4000 0.7123
13830.2000 0.7125
13838.5000 0.7127
13847.5000 0.7128
13854.0000 0.7130
13862.4000 0.7132
13865.2000 0.7134
13867.3000 0.7135
13867.3000 0.7137
13876.5000 0.7139
13877.7000 0.7141
13882.8000 0.7142
13888.2000 0.7144
13888.5000 0.7146
13891.6000 0.7148
13896.4000 0.7149
13900.4000 0.7151
13906.1000 0.7153
13918.2000 0.7155
13918.7000 0.7156
13926.7000 0.7158
13930.7000 0.7160
13946.6000 0.7161
13959.2000 0.7163
13961.8000 0.7165
13978.5000 0.7167
13981.0000 0.7168
13983.6000 0.7170
13983.9000 0.7172
13989.9000 0.7174
13990.6000 0.7175
13995.6000 0.7177
13996.3000 0.7179
14010.6000 0.7181
14012.2000 0.7182
14012.2000 0.7184
14014.1000 0.7186
14015.7000 0.7188
14020.6000 0.7189
14023.3000 0.7191
14036.0000 0.7193
14036.3000 0.7194
14045.8000 0.7196
14067.5000 0.7198
14069.3000 0.7200
14069.6000 0.7201
14081.3000 0.7203
14086.2000 0.7205
14086.9000 0.7207
14088.5000 0.7208
14093.5000 0.7210
14097.7000 0.7212
14101.4000 0.7214
14110.1000 0.7215
14113.9000 0.7217
14131.7000 0.7219
14133.0000 0.7220
14134.8000 0.7222
14138.6000 0.7224
14140.3000 0.7226
14143.0000 0.7227
14143.8000 0.7229
14154.0000 0.7231
14163.4000 0.7233
14179.3000 0.7234
14179.6000 0.7236
14182.1000 0.7238
14184.7000 0.7240
14193.8000 0.7241
14195.4000 0.7243
14196.4000 0.7245
14199.9000 0.7247
14211.9000 0.7248
14217.0000 0.7250
14217.8000 0.7252
14218.9000 0.7253
14222.9000 0.7255
14223.5000 0.7257
14235.6000 0.7259
14265.1000 0.7260
14267.7000 0.7262
14268.8000 0.7264
14273.3000 0.7266
14278.8000 0.7267
14286.8000 0.7269
14291.3000 0.7271
14299.5000 0.7273
14303.2000 0.7274
14321.6000 0.7276
14329.1000 0.7278
14338.1000 0.7280
14338.8000 0.7281
14345.4000 0.7283
14349.7000 0.7285
14353.7000 0.7286
14358.8000 0.7288
14368.2000 0.7290
14368.7000 0.7292
14369.2000 0.7293
14370.9000 0.7295
14373.7000 0.7297
14403.2000 0.7299
14408.3000 0.7300
14414.1000 0.7302
14415.4000 0.7304
14418.9000 0.7306
14421.3000 0.7307
14432.6000 0.7309
14438.9000 0.7311
14442.2000 0.7313
14452.4000 0.7314
14458.1000 0.7316
14458.7000 0.7318
14462.4000 0.7319
14465.7000 0.7321
14469.6000 0.7323
14483.8000 0.7325
14484.6000 0.7326
14487.9000 0.7328
14499.2000 0.7330
14499.6000 0.7332
14511.0000 0.7333
14512.7000 0.7335
14525.8000 0.7337
14527.4000 0.7339
14534.9000 0.7340
14537.4000 0.7342
14543.1000 0.7344
14553.0000 0.7345
14553.5000 0.7347
14554.4000 0.7349
14557.9000 0.7351
14569.7000 0.7352
14574.2000 0.7354
14575.8000 0.7356
14579.3000 0.7358
14583.0000 0.7359
14588.5000 0.7361
14599.3000 0.7363
14605.9000 0.7365
14609.2000 0.7366
14629.4000 0.7368
14651.2000 0.7370
14662.8000 0.7372
14670.8000 0.7373
14676.4000 0.7375
14677.5000 0.7377
14682.6000 0.7378
14688.9000 0.7380
14689.9000 0.7382
14690.2000 0.7384
14704.6000 0.7385
14712.4000 0.7387
14717.7000 0.7389
14721.9000 0.7391
14738.6000 0.7392
14739.8000 0.7394
14765.7000 0.7396
14769.0000 0.7398
14784.1000 0.7399
14800.1000 0.7401
14804.7000 0.7403
14814.1000 0.7405
14818.9000 0.7406
14822.4000 0.7408
14822.5000 0.7410
14833.4000 0.7411
14839.2000 0.7413
14840.0000 0.7415
14840.3000 0.7417
14860.5000 0.7418
14869.9000 0.7420
14878.0000 0.7422
14887.4000 0.7424
14890.0000 0.7425
14903.0000 0.7427
14906.3000 0.7429
14907.7000 0.7431
14915.5000 0.7432
14937.8000 0.7434
14941.3000 0.7436
14941.4000 0.7438
14941.9000 0.7439
14943.0000 0.7441
14965.0000 0.7443
14966.5000 0.7444
14968.8000 0.7446
14975.3000 0.7448
14996.9000 0.7450
15006.4000 0.7451
15010.1000 0.7453
15022.7000 0.7455
15023.8000 0.7457
15024.9000 0.7458
15025.1000 0.7460
15028.6000 0.7462
15039.1000 0.7464
15042.5000 0.7465
15042.6000 0.7467
15049.0000 0.7469
15049.3000 0.7470
15058.4000 0.7472
15060.8000 0.7474
15063.4000 0.7476
15070.2000 0.7477
15071.8000 0.7479
15089.3000 0.7481
15106.5000 0.7483
15121.4000 0.7484
15123.9000 0.7486
15147.3000 0.7488
15148.8000 0.7490
15151.5000 0.7491
15151.7000 0.7493
15158.8000 0.7495
15161.6000 0.7497
15166.4000 0.7498
15166.6000 0.7500
15176.3000 0.7502
15180.3000 0.7503
15203.0000 0.7505
15218.8000 0.7507
15220.7000 0.7509
15230.1000 0.7510
15234.8000 0.7512
15239.2000 0.7514
15249.5000 0.7516
15257.3000 0.7517
15275.1000 0.7519
15283.6000 0.7521
15291.5000 0.7523
15315.4000 0.7524
15318.8000 0.7526
15332.0000 0.7528
15335.8000 0.7530
15338.3000 0.7531
15345.6000 0.7533
15353.5000 0.7535
15368.5000 0.7536
15369.7000 0.7538
15379.1000 0.7540
15380.3000 0.7542
15383.3000 0.7543
15394.2000 0.7545
15406.1000 0.7547
15414.3000 0.7549
15440.1000 0.7550
15444.2000 0.7552
15444.3000 0.7554
15455.2000 0.7556
15456.2000 0.7557
15471.3000 0.7559
15477.0000 0.7561
15483.3000 0.7563
15486.2000 0.7564
15486.7000 0.7566
15489.2000 0.7568
15502.9000 0.7569
15511.3000 0.7571
15515.8000 0.7573
15518.4000 0.7575
15529.4000 0.7576
15531.9000 0.7578
15533.1000 0.7580
15542.2000 0.7582
15542.2000 0.7583
15553.3000 0.7585
15555.5000 0.7587
15569.0000 0.7589
15579.5000 0.7590
15583.2000 0.7592
15585.9000 0.7594
15586.7000 0.7595
15602.2000 0.7597
15608.3000 0.7599
15609.3000 0.7601
15609.6000 0.7602
15612.0000 0.7604
15619.5000 0.7606
15626.6000 0.7608
15635.8000 0.7609
15645.1000 0.7611
15658.1000 0.7613
15669.8000 0.7615
15670.4000 0.7616
15693.8000 0.7618
15694.6000 0.7620
15695.7000 0.7622
15707.0000 0.7623
15713.2000 0.7625
15713.4000 0.7627
15715.8000 0.7628
15720.8000 0.7630
15738.8000 0.7632
15749.2000 0.7634
15772.0000 0.7635
15772.9000 0.7637
15796.3000 0.7639
15819.4000 0.7641
15835.4000 0.7642
15836.2000 0.7644
15837.6000 0.7646
15837.9000 0.7648
15843.3000 0.7649
15843.7000 0.7651
15855.5000 0.7653
15857.8000 0.7655
15887.4000 0.7656
15895.4000 0.7658
15920.6000 0.7660
15929.9000 0.7661
15934.9000 0.7663
15947.5000 0.7665
15953.7000 0.7667
15962.2000 0.7668
15970.6000 0.7670
15982.6000 0.7672
16009.8000 0.7674
16018.3000 0.7675
16023.1000 0.7677
16032.1000 0.7679
16035.7000 0.7681
16051.0000 0.7682
16055.8000 0.7684
16057.9000 0.7686
16078.7000 0.7688
16081.3000 0.7689
16082.4000 0.7691
16092.7000 0.7693
16100.2000 0.7694
16103.6000 0.7696
16106.8000 0.7698
16119.0000 0.7700
16129.3000 0.7701
16130.1000 0.7703
16133.9000 0.7705
16142.4000 0.7707
16157.2000 0.7708
16166.1000 0.7710
16173.2000 0.7712
16184.6000 0.7714
16219.4000 0.7715
16219.9000 0.7717
16222.2000 0.7719
16231.7000 0.7720
16232.2000 0.7722
16235.6000 0.7724
16241.8000 0.7726
16248.8000 0.7727
16259.1000 0.7729
16269.6000 0.7731
16286.5000 0.7733
16290.7000 0.7734
16299.2000 0.7736
16306.1000 0.7738
16315.8000 0.7740
16330.5000 0.7741
16346.8000 0.7743
16347.9000 0.7745
16349.0000 0.7747
16380.0000 0.7748
16385.6000 0.7750
16389.7000 0.7752
16404.3000 0.7753
16476.6000 0.7755
16484.3000 0.7757
16497.5000 0.7759
16502.8000 0.7760
16523.4000 0.7762
16556.8000 0.7764
16570.4000 0.7766
16616.0000 0.7767
16629.6000 0.7769
16652.6000 0.7771
16653.7000 0.7773
16659.2000 0.7774
16667.5000 0.7776
16676.0000 0.7778
16682.8000 0.7780
16697.9000 0.7781
16745.6000 0.7783
16753.9000 0.7785
16758.2000 0.7786
16781.7000 0.7788
16790.5000 0.7790
16806.0000 0.7792
16806.6000 0.7793
16844.4000 0.7795
16855.0000 0.7797
16862.6000 0.7799
16879.0000 0.7800
16889.0000 0.7802
16902.6000 0.7804
16913.6000 0.7806
16914.9000 0.7807
16917.3000 0.7809
16941.3000 0.7811
16944.4000 0.7813
16945.7000 0.7814
16948.7000 0.7816
16948.7000 0.7818
16999.9000 0.7819
17025.9000 0.7821
17033.1000 0.7823
17039.4000 0.7825
17040.4000 0.7826
17043.2000 0.7828
17056.2000 0.7830
17058.0000 0.7832
17073.7000 0.7833
17080.9000 0.7835
17094.3000 0.7837
17101.0000 0.7839
17104.3000 0.7840
17136.4000 0.7842
17147.3000 0.7844
17153.4000 0.7845
17205.3000 0.7847
17208.4000 0.7849
17283.8000 0.7851
17286.6000 0.7852
17288.8000 0.7854
17293.7000 0.7856
17302.0000 0.7858
17317.4000 0.7859
17338.2000 0.7861
17380.0000 0.7863
17390.2000 0.7865
17394.4000 0.7866
17448.7000 0.7868
17461.2000 0.7870
17479.5000 0.7872
17482.8000 0.7873
17530.7000 0.7875
17531.8000 0.7877
17534.6000 0.7878
17536.9000 0.7880
17564.7000 0.7882
17576.2000 0.7884
17579.2000 0.7885
17592.4000 0.7887
17621.8000 0.7889
17629.4000 0.7891
17643.3000 0.7892
17667.4000 0.7894
17670.6000 0.7896
17679.5000 0.7898
17682.4000 0.7899
17701.0000 0.7901
17714.0000 0.7903
17715.8000 0.7905
17722.0000 0.7906
17732.2000 0.7908
17732.6000 0.7910
17735.4000 0.7911
17773.4000 0.7913
17795.7000 0.7915
17857.0000 0.7917
17869.0000 0.7918
17875.7000 0.7920
17896.2000 0.7922
17932.1000 0.7924
17938.3000 0.7925
17947.2000 0.7927
17958.7000 0.7929
17989.1000 0.7931
17996.0000 0.7932
17996.6000 0.7934
18029.3000 0.7936
18030.3000 0.7938
18039.0000 0.7939
18051.4000 0.7941
18064.7000 0.7943
18079.1000 0.7944
18091.6000 0.7946
18096.9000 0.7948
18101.5000 0.7950
18102.8000 0.7951
18147.0000 0.7953
18179.1000 0.7955
18197.2000 0.7957
18246.8000 0.7958
18252.1000 0.7960
18259.0000 0.7962
18293.9000 0.7964
18300.5000 0.7965
18301.1000 0.7967
18323.0000 0.7969
18366.2000 0.7970
18368.7000 0.7972
18385.9000 0.7974
18390.6000 0.7976
18493.4000 0.7977
18505.7000 0.7979
18514.7000 0.7981
18537.3000 0.7983
18556.0000 0.7984
18583.7000 0.7986
18604.2000 0.7988
18606.0000 0.7990
18612.7000 0.7991
18618.9000 0.7993
18676.6000 0.7995
18711.1000 0.7997
18765.5000 0.7998
18811.2000 0.8000
18813.0000 0.8002
18836.0000 0.8003
18874.8000 0.8005
18876.0000 0.8007
18876.6000 0.8009
18878.9000 0.8010
18889.2000 0.8012
18892.5000 0.8014
18930.9000 0.8016
18939.7000 0.8017
18948.4000 0.8019
18960.4000 0.8021
18981.4000 0.8023
18986.7000 0.8024
19003.9000 0.8026
19019.5000 0.8028
19037.9000 0.8030
19080.8000 0.8031
19085.5000 0.8033
19117.4000 0.8035
19159.5000 0.8036
19170.5000 0.8038
19197.8000 0.8040
19206.9000 0.8042
19227.3000 0.8043
19303.4000 0.8045
19331.0000 0.8047
19342.4000 0.8049
19374.1000 0.8050
19414.3000 0.8052
19434.1000 0.8054
19437.0000 0.8056
19458.0000 0.8057
19471.1000 0.8059
19480.7000 0.8061
19482.0000 0.8063
19485.7000 0.8064
19526.1000 0.8066
19548.5000 0.8068
19558.2000 0.8069
19568.0000 0.8071
19590.0000 0.8073
19663.1000 0.8075
19707.4000 0.8076
19891.4000 0.8078
19893.3000 0.8080
19922.4000 0.8082
19927.0000 0.8083
19933.1000 0.8085
19995.0000 0.8087
20032.2000 0.8089
20089.0000 0.8090
20203.2000 0.8092
20244.7000 0.8094
20257.1000 0.8095
20306.0000 0.8097
20308.6000 0.8099
20309.7000 0.8101
20315.3000 0.8102
20336.4000 0.8104
20340.9000 0.8106
20371.7000 0.8108
20408.6000 0.8109
20418.3000 0.8111
20423.5000 0.8113
20429.7000 0.8115
20448.6000 0.8116
20567.0000 0.8118
20649.7000 0.8120
20707.3000 0.8122
20758.9000 0.8123
20762.1000 0.8125
20922.0000 0.8127
20970.8000 0.8128
21058.1000 0.8130
21074.1000 0.8132
21079.5000 0.8134
21102.9000 0.8135
21115.5000 0.8137
21127.9000 0.8139
21189.6000 0.8141
21217.9000 0.8142
21254.4000 0.8144
21410.7000 0.8146
21563.4000 0.8148
21584.5000 0.8149
21705.9000 0.8151
21765.0000 0.8153
21827.8000 0.8155
21869.5000 0.8156
21921.7000 0.8158
21938.9000 0.8160
22048.0000 0.8161
22218.9000 0.8163
22329.8000 0.8165
22346.5000 0.8167
22779.5000 0.8168
22928.3000 0.8170
23074.6000 0.8172
23719.6000 0.8174
24203.0000 0.8175
