60.0000 0.0000 0.0000
120.1000 0.0001 0.0000
180.2000 0.0001 0.0000
240.3000 0.0002 0.0000
300.3000 0.0002 0.0000
360.3000 0.0002 0.0000
420.3000 0.0003 0.0000
480.3000 0.0004 0.0000
540.3000 0.0005 0.0000
600.3000 0.0006 0.0000
660.3000 0.0006 0.0000
720.3000 0.0007 0.0000
780.3000 0.0008 0.0000
840.3000 0.0010 0.0000
900.3000 0.0012 0.0000
960.3000 0.0014 0.0000
1020.3000 0.0017 0.0000
1080.4000 0.0021 0.0000
1140.5000 0.0024 0.0000
1200.6000 0.0028 0.0000
1260.7000 0.0033 0.0000
1320.8000 0.0038 0.0000
1380.9000 0.0044 0.0000
1441.0000 0.0050 0.0000
1501.1000 0.0057 0.0000
1561.2000 0.0065 0.0000
1621.3000 0.0075 0.0000
1681.4000 0.0084 0.0000
1741.5000 0.0093 0.0000
1801.6000 0.0101 0.0000
1861.7000 0.0109 0.0000
1921.8000 0.0117 0.0000
1981.9000 0.0126 0.0000
2042.0000 0.0137 0.0000
2102.1000 0.0150 0.0000
2162.2000 0.0163 0.0000
2222.3000 0.0176 0.0000
2282.4000 0.0191 0.0000
2342.5000 0.0204 0.0000
2402.6000 0.0216 0.0000
2462.7000 0.0229 0.0000
2522.8000 0.0243 0.0000
2582.9000 0.0258 0.0000
2643.0000 0.0270 0.0000
2703.1000 0.0285 0.0000
2763.2000 0.0298 0.0000
2823.3000 0.0312 0.0000
2883.4000 0.0324 0.0000
2943.5000 0.0336 0.0000
3003.6000 0.0347 0.0000
3063.7000 0.0359 0.0000
3123.8000 0.0371 0.0000
3183.9000 0.0383 0.0000
3244.0000 0.0396 0.0000
3304.1000 0.0410 0.0000
3364.2000 0.0425 0.0000
3424.3000 0.0441 0.0000
3484.4000 0.0457 0.0000
3544.5000 0.0471 0.0000
3604.6000 0.0482 0.0000
3664.7000 0.0494 0.0000
3724.8000 0.0508 0.0000
3784.9000 0.0523 0.0000
3845.0000 0.0536 0.0000
3905.1000 0.0550 0.0000
3965.2000 0.0564 0.0000
4025.3000 0.0579 0.0000
4085.4000 0.0591 0.0000
4145.4000 0.0603 0.0000
4205.4000 0.0615 0.0000
4265.4000 0.0627 0.0000
4325.4000 0.0639 0.0000
4385.4000 0.0651 0.0000
4445.4000 0.0663 0.0000
4505.4000 0.0678 0.0000
4565.4000 0.0692 0.0000
4625.4000 0.0706 0.0000
4685.4000 0.0720 0.0000
4745.4000 0.0734 0.0000
4805.4000 0.0746 0.0000
4865.4000 0.0759 0.0001
4925.4000 0.0772 0.0001
4985.4000 0.0786 0.0001
5045.4000 0.0799 0.0001
5105.4000 0.0812 0.0001
5165.4000 0.0824 0.0001
5225.4000 0.0837 0.0001
5285.4000 0.0846 0.0001
5345.4000 0.0857 0.0001
5405.4000 0.0867 0.0001
5465.4000 0.0877 0.0001
5525.4000 0.0889 0.0001
5585.4000 0.0898 0.0001
5645.4000 0.0908 0.0001
5705.4000 0.0922 0.0001
5765.4000 0.0935 0.0001
5825.4000 0.0946 0.0001
5885.4000 0.0960 0.0001
5945.4000 0.0972 0.0001
6005.4000 0.0984 0.0001
6065.4000 0.0996 0.0001
6125.4000 0.1008 0.0001
6185.4000 0.1022 0.0001
6245.4000 0.1035 0.0001
6305.4000 0.1048 0.0001
6365.4000 0.1059 0.0001
6425.4000 0.1072 0.0001
6485.4000 0.1081 0.0001
6545.4000 0.1090 0.0001
6605.4000 0.1100 0.0001
6665.4000 0.1109 0.0001
6725.4000 0.1119 0.0001
6785.4000 0.1129 0.0001
6845.4000 0.1138 0.0001
6905.4000 0.1151 0.0001
6965.4000 0.1162 0.0001
7025.4000 0.1172 0.0001
7085.4000 0.1182 0.0001
7145.4000 0.1191 0.0001
7205.4000 0.1201 0.0001
7265.4000 0.1209 0.0001
7325.4000 0.1218 0.0001
7385.4000 0.1227 0.0001
7445.4000 0.1235 0.0001
7505.4000 0.1243 0.0001
7565.4000 0.1252 0.0001
7625.4000 0.1260 0.0001
7685.4000 0.1265 0.0001
7745.4000 0.1270 0.0001
7805.4000 0.1277 0.0001
7865.4000 0.1283 0.0001
7925.4000 0.1290 0.0001
7985.4000 0.1296 0.0001
8045.4000 0.1301 0.0001
8105.4000 0.1305 0.0001
8165.4000 0.1309 0.0001
8225.4000 0.1314 0.0001
8285.4000 0.1319 0.0001
8345.4000 0.1324 0.0002
8405.4000 0.1329 0.0002
8465.4000 0.1334 0.0002
8525.4000 0.1339 0.0002
8585.4000 0.1345 0.0002
8645.4000 0.1349 0.0002
8705.4000 0.1354 0.0002
8765.4000 0.1359 0.0002
8825.4000 0.1364 0.0002
8885.4000 0.1367 0.0002
8945.4000 0.1369 0.0002
9005.4000 0.1373 0.0002
9065.4000 0.1376 0.0002
9125.4000 0.1378 0.0002
9185.4000 0.1381 0.0002
9245.4000 0.1383 0.0002
9305.4000 0.1384 0.0002
9365.4000 0.1385 0.0002
9425.4000 0.1386 0.0002
9485.4000 0.1386 0.0002
9545.4000 0.1387 0.0002
9605.4000 0.1388 0.0002
9665.4000 0.1389 0.0002
9725.4000 0.1390 0.0002
9785.4000 0.1390 0.0002
9845.4000 0.1390 0.0002
9905.4000 0.1391 0.0002
9965.4000 0.1391 0.0002
10025.4000 0.1391 0.0002
10085.4000 0.1392 0.0002
10145.4000 0.1392 0.0002
10205.4000 0.1392 0.0002
10265.4000 0.1393 0.0002
10325.4000 0.1393 0.0002
10385.4000 0.1393 0.0002
10445.4000 0.1394 0.0002
10505.4000 0.1394 0.0002
10565.4000 0.1394 0.0002
10625.4000 0.1395 0.0002
10685.4000 0.1395 0.0002
10745.4000 0.1395 0.0002
10805.4000 0.1396 0.0002
10865.4000 0.1396 0.0002
10925.4000 0.1396 0.0002
10985.4000 0.1397 0.0002
11045.4000 0.1397 0.0002
11105.4000 0.1397 0.0002
11165.4000 0.1398 0.0002
11225.4000 0.1398 0.0002
11285.4000 0.1398 0.0002
11345.4000 0.1399 0.0002
11405.4000 0.1399 0.0002
11465.4000 0.1399 0.0002
11525.4000 0.1400 0.0002
11585.4000 0.1400 0.0002
11645.4000 0.1400 0.0002
11705.4000 0.1401 0.0002
11765.4000 0.1401 0.0002
11825.4000 0.1401 0.0002
11885.4000 0.1402 0.0002
11945.4000 0.1402 0.0002
12005.4000 0.1380 0.0002
12065.4000 0.1355 0.0002
12125.4000 0.1331 0.0002
12185.4000 0.1308 0.0002
12245.4000 0.1285 0.0001
12305.4000 0.1263 0.0001
12365.4000 0.1240 0.0001
12425.4000 0.1216 0.0001
12485.4000 0.1196 0.0001
12545.4000 0.1173 0.0001
12605.4000 0.1153 0.0001
12665.4000 0.1131 0.0001
12725.4000 0.1108 0.0001
12785.4000 0.1086 0.0001
12845.4000 0.1065 0.0001
12905.4000 0.1045 0.0001
12965.4000 0.1025 0.0001
13025.4000 0.1004 0.0001
13085.4000 0.0985 0.0001
13145.4000 0.0965 0.0001
13205.4000 0.0946 0.0001
13265.4000 0.0925 0.0001
13325.4000 0.0906 0.0001
13385.4000 0.0887 0.0001
13445.4000 0.0868 0.0001
13505.4000 0.0850 0.0001
13565.4000 0.0833 0.0001
13625.4000 0.0814 0.0001
13685.4000 0.0800 0.0001
13745.4000 0.0784 0.0001
13805.4000 0.0770 0.0001
13865.4000 0.0755 0.0001
13925.4000 0.0741 0.0001
13985.4000 0.0727 0.0001
14045.4000 0.0713 0.0001
14105.4000 0.0700 0.0001
14165.4000 0.0687 0.0001
14225.4000 0.0673 0.0001
14285.4000 0.0661 0.0001
14345.4000 0.0647 0.0001
14405.4000 0.0633 0.0001
14465.4000 0.0621 0.0001
14525.4000 0.0609 0.0001
14585.4000 0.0597 0.0001
14645.4000 0.0585 0.0001
14705.4000 0.0574 0.0001
14765.4000 0.0561 0.0001
14825.4000 0.0550 0.0001
14885.4000 0.0540 0.0001
14945.4000 0.0528 0.0001
15005.4000 0.0516 0.0001
15065.4000 0.0506 0.0001
15125.4000 0.0496 0.0001
15185.4000 0.0486 0.0001
15245.4000 0.0476 0.0001
15305.4000 0.0467 0.0001
15365.4000 0.0458 0.0000
15425.4000 0.0449 0.0000
15485.4000 0.0442 0.0000
15545.4000 0.0434 0.0000
15605.4000 0.0426 0.0000
15665.4000 0.0419 0.0000
15725.4000 0.0413 0.0000
15785.4000 0.0408 0.0000
15845.4000 0.0400 0.0000
15905.4000 0.0393 0.0000
15965.4000 0.0387 0.0000
16025.4000 0.0381 0.0000
16085.4000 0.0375 0.0000
16145.4000 0.0369 0.0000
16205.4000 0.0366 0.0000
16265.4000 0.0360 0.0000
16325.4000 0.0355 0.0000
16385.4000 0.0351 0.0000
16445.5000 0.0347 0.0000
16505.6000 0.0342 0.0000
16565.7000 0.0339 0.0000
16625.8000 0.0335 0.0000
16685.9000 0.0331 0.0000
16746.0000 0.0326 0.0000
16806.1000 0.0322 0.0000
16866.2000 0.0318 0.0000
16926.3000 0.0315 0.0000
16986.4000 0.0311 0.0000
17046.5000 0.0308 0.0000
17106.6000 0.0306 0.0000
17166.7000 0.0303 0.0000
17226.8000 0.0301 0.0000
17286.9000 0.0298 0.0000
17347.0000 0.0295 0.0000
17407.1000 0.0293 0.0000
17467.2000 0.0290 0.0000
17527.3000 0.0288 0.0000
17587.4000 0.0285 0.0000
17647.5000 0.0283 0.0000
17707.6000 0.0281 0.0000
17767.7000 0.0279 0.0000
17827.8000 0.0278 0.0000
17887.9000 0.0275 0.0000
17948.0000 0.0274 0.0000
18008.1000 0.0272 0.0000
18068.2000 0.0270 0.0000
18128.3000 0.0269 0.0000
18188.4000 0.0268 0.0000
18248.5000 0.0268 0.0000
18308.6000 0.0268 0.0000
18368.7000 0.0269 0.0000
18428.8000 0.0269 0.0000
18488.9000 0.0269 0.0000
18549.0000 0.0269 0.0000
18609.1000 0.0270 0.0000
18669.2000 0.0271 0.0000
18729.3000 0.0272 0.0000
18789.4000 0.0275 0.0000
18849.5000 0.0279 0.0000
18909.6000 0.0284 0.0000
18969.7000 0.0289 0.0000
19029.8000 0.0295 0.0000
19089.9000 0.0300 0.0000
19150.0000 0.0305 0.0000
19210.1000 0.0311 0.0000
19270.2000 0.0319 0.0000
19330.3000 0.0327 0.0000
19390.4000 0.0335 0.0000
19450.5000 0.0345 0.0000
19510.6000 0.0354 0.0000
19570.7000 0.0361 0.0000
19630.8000 0.0371 0.0000
19690.9000 0.0379 0.0000
19751.0000 0.0389 0.0000
19811.1000 0.0399 0.0000
19871.2000 0.0401 0.0000
19931.3000 0.0415 0.0000
19991.4000 0.0430 0.0000
20051.5000 0.0442 0.0000
20111.6000 0.0455 0.0000
20171.7000 0.0468 0.0000
20231.8000 0.0479 0.0000
20291.9000 0.0496 0.0000
20352.0000 0.0512 0.0000
20412.1000 0.0520 0.0000
20472.2000 0.0539 0.0000
20532.3000 0.0561 0.0000
20592.4000 0.0582 0.0000
20652.5000 0.0606 0.0000
20712.6000 0.0630 0.0000
20772.7000 0.0638 0.0000
20832.8000 0.0658 0.0000
20892.9000 0.0659 0.0000
20953.0000 0.0680 0.0000
21013.1000 0.0701 0.0000
21073.2000 0.0730 0.0000
21133.3000 0.0750 0.0000
21193.4000 0.0780 0.0000
21253.5000 0.0807 0.0000
21313.6000 0.0836 0.0000
21373.7000 0.0864 0.0000
21433.8000 0.0895 0.0001
21493.9000 0.0916 0.0001
21554.0000 0.0937 0.0001
21614.1000 0.0967 0.0001
21674.2000 0.1001 0.0001
21734.3000 0.1031 0.0001
21794.4000 0.1065 0.0001
21854.5000 0.1096 0.0001
21914.6000 0.1132 0.0001
21974.7000 0.1170 0.0001
22034.8000 0.1206 0.0001
22094.9000 0.1239 0.0001
22155.0000 0.1272 0.0001
22215.1000 0.1302 0.0001
22275.2000 0.1328 0.0001
22335.3000 0.1364 0.0001
22395.4000 0.1398 0.0001
22455.5000 0.1427 0.0001
22515.6000 0.1463 0.0001
22575.7000 0.1495 0.0001
22635.8000 0.1531 0.0001
22695.9000 0.1565 0.0001
22756.0000 0.1596 0.0001
22816.1000 0.1633 0.0001
22876.2000 0.1668 0.0001
22936.3000 0.1689 0.0001
22996.4000 0.1714 0.0001
23056.5000 0.1749 0.0001
23116.6000 0.1789 0.0001
23176.7000 0.1821 0.0001
23236.8000 0.1860 0.0001
23296.9000 0.1896 0.0002
23357.0000 0.1931 0.0002
23417.1000 0.1963 0.0002
23477.2000 0.1996 0.0002
23537.3000 0.2035 0.0002
23597.4000 0.2059 0.0002
23657.5000 0.2081 0.0002
23717.6000 0.2108 0.0002
23777.7000 0.2136 0.0002
23837.8000 0.2169 0.0002
23897.9000 0.2191 0.0002
23958.0000 0.2218 0.0002
24018.1000 0.2249 0.0002
24078.2000 0.2283 0.0002
24138.3000 0.2313 0.0002
24198.4000 0.2343 0.0002
24258.5000 0.2377 0.0002
24318.6000 0.2406 0.0002
24378.7000 0.2435 0.0002
24438.8000 0.2468 0.0002
24498.9000 0.2497 0.0002
24559.0000 0.2530 0.0002
24619.1000 0.2564 0.0002
24679.2000 0.2593 0.0003
24739.3000 0.2622 0.0003
24799.4000 0.2652 0.0003
24859.5000 0.2681 0.0003
24919.6000 0.2716 0.0003
24979.7000 0.2750 0.0003
25039.8000 0.2780 0.0003
25099.9000 0.2811 0.0003
25160.0000 0.2840 0.0003
25220.1000 0.2867 0.0003
25280.2000 0.2891 0.0003
25340.3000 0.2918 0.0003
25400.4000 0.2947 0.0003
25460.5000 0.2972 0.0003
25520.6000 0.2999 0.0003
25580.7000 0.3029 0.0003
25640.8000 0.3056 0.0003
25700.9000 0.3082 0.0003
25761.0000 0.3111 0.0003
25821.1000 0.3132 0.0003
25881.2000 0.3156 0.0003
25941.3000 0.3179 0.0003
26001.4000 0.3202 0.0003
26061.5000 0.3228 0.0003
26121.6000 0.3255 0.0003
26181.7000 0.3282 0.0003
26241.8000 0.3306 0.0003
26301.9000 0.3335 0.0004
26362.0000 0.3358 0.0004
26422.1000 0.3379 0.0004
26482.2000 0.3402 0.0004
26542.3000 0.3422 0.0004
26602.4000 0.3436 0.0004
26662.5000 0.3459 0.0004
26722.6000 0.3478 0.0004
26782.7000 0.3498 0.0004
26842.8000 0.3524 0.0004
26902.9000 0.3546 0.0004
26963.0000 0.3571 0.0004
27023.1000 0.3595 0.0004
27083.2000 0.3612 0.0004
27143.3000 0.3628 0.0004
27203.4000 0.3647 0.0004
27263.5000 0.3668 0.0004
27323.6000 0.3691 0.0004
27383.7000 0.3712 0.0004
27443.8000 0.3735 0.0004
27503.9000 0.3754 0.0004
27564.0000 0.3776 0.0004
27624.1000 0.3796 0.0004
27684.2000 0.3814 0.0004
27744.3000 0.3831 0.0004
27804.4000 0.3847 0.0004
27864.5000 0.3863 0.0004
27924.6000 0.3881 0.0004
27984.7000 0.3899 0.0004
28044.8000 0.3919 0.0004
28104.9000 0.3939 0.0004
28165.0000 0.3961 0.0005
28225.1000 0.3977 0.0005
28285.2000 0.3992 0.0005
28345.3000 0.4005 0.0005
28405.4000 0.4017 0.0005
28465.5000 0.4031 0.0005
28525.6000 0.4047 0.0005
28585.7000 0.4060 0.0005
28645.8000 0.4079 0.0005
28705.9000 0.4098 0.0005
28766.0000 0.4114 0.0005
28826.1000 0.4127 0.0005
28886.2000 0.4140 0.0005
28946.3000 0.4149 0.0005
29006.4000 0.4165 0.0005
29066.5000 0.4185 0.0005
29126.6000 0.4202 0.0005
29186.7000 0.4218 0.0005
29246.8000 0.4233 0.0005
29306.9000 0.4245 0.0005
29367.0000 0.4254 0.0005
29427.1000 0.4266 0.0005
29487.2000 0.4279 0.0005
29547.3000 0.4290 0.0005
29607.4000 0.4299 0.0005
29667.5000 0.4310 0.0005
29727.6000 0.4324 0.0005
29787.7000 0.4336 0.0005
29847.8000 0.4352 0.0005
29907.9000 0.4372 0.0005
29968.0000 0.4386 0.0005
30028.1000 0.4396 0.0006
30088.2000 0.4408 0.0006
30148.3000 0.4418 0.0006
30208.4000 0.4427 0.0006
30268.5000 0.4438 0.0006
30328.6000 0.4450 0.0006
30388.7000 0.4456 0.0006
30448.8000 0.4469 0.0006
30508.9000 0.4481 0.0006
30569.0000 0.4495 0.0006
30629.1000 0.4503 0.0006
30689.2000 0.4515 0.0006
30749.3000 0.4525 0.0006
30809.4000 0.4535 0.0006
30869.5000 0.4548 0.0006
30929.6000 0.4559 0.0006
30989.7000 0.4565 0.0006
31049.8000 0.4577 0.0006
31109.9000 0.4585 0.0006
31170.0000 0.4594 0.0006
31230.1000 0.4604 0.0006
31290.2000 0.4615 0.0006
31350.3000 0.4624 0.0006
31410.4000 0.4629 0.0006
31470.5000 0.4637 0.0006
31530.6000 0.4652 0.0006
31590.7000 0.4665 0.0006
31650.8000 0.4677 0.0007
31710.9000 0.4688 0.0007
31771.0000 0.4706 0.0007
31831.1000 0.4713 0.0007
31891.2000 0.4723 0.0007
31951.3000 0.4732 0.0007
32011.4000 0.4737 0.0007
32071.5000 0.4745 0.0007
32131.6000 0.4752 0.0007
32191.7000 0.4758 0.0007
32251.8000 0.4770 0.0007
32311.9000 0.4785 0.0007
32372.0000 0.4795 0.0007
32432.1000 0.4806 0.0007
32492.2000 0.4817 0.0007
32552.3000 0.4822 0.0007
32612.4000 0.4832 0.0007
32672.5000 0.4843 0.0007
32732.6000 0.4856 0.0007
32792.7000 0.4866 0.0007
32852.8000 0.4878 0.0007
32912.9000 0.4892 0.0007
32973.0000 0.4901 0.0007
33033.1000 0.4910 0.0007
33093.2000 0.4922 0.0007
33153.3000 0.4932 0.0007
33213.4000 0.4942 0.0007
33273.5000 0.4953 0.0007
33333.6000 0.4965 0.0007
33393.7000 0.4975 0.0007
33453.8000 0.4986 0.0007
33513.9000 0.5002 0.0007
33574.0000 0.5011 0.0007
33634.1000 0.5023 0.0007
33694.2000 0.5035 0.0007
33754.3000 0.5047 0.0007
33814.4000 0.5054 0.0007
33874.5000 0.5066 0.0007
33934.6000 0.5076 0.0008
33994.7000 0.5075 0.0008
34054.8000 0.5088 0.0008
34114.9000 0.5102 0.0008
34175.0000 0.5115 0.0008
34235.1000 0.5125 0.0008
34295.2000 0.5128 0.0008
34355.3000 0.5134 0.0008
34415.4000 0.5144 0.0008
34475.5000 0.5156 0.0008
34535.6000 0.5169 0.0008
34595.7000 0.5176 0.0008
34655.8000 0.5187 0.0008
34715.9000 0.5201 0.0008
34776.0000 0.5211 0.0008
34836.1000 0.5221 0.0008
34896.2000 0.5229 0.0008
34956.3000 0.5238 0.0008
35016.4000 0.5240 0.0008
35076.5000 0.5250 0.0008
35136.6000 0.5266 0.0008
35196.7000 0.5272 0.0008
35256.8000 0.5283 0.0008
35316.9000 0.5294 0.0008
35377.0000 0.5307 0.0008
35437.1000 0.5315 0.0008
35497.2000 0.5319 0.0008
35557.3000 0.5324 0.0008
35617.4000 0.5327 0.0008
35677.5000 0.5329 0.0008
35737.6000 0.5336 0.0008
35797.7000 0.5346 0.0008
35857.8000 0.5357 0.0008
35917.9000 0.5363 0.0008
35978.0000 0.5370 0.0008
36038.1000 0.5381 0.0008
36098.2000 0.5381 0.0008
36158.3000 0.5387 0.0008
36218.4000 0.5394 0.0008
36278.5000 0.5405 0.0008
36338.6000 0.5416 0.0008
36398.7000 0.5422 0.0008
36458.8000 0.5428 0.0008
36518.9000 0.5437 0.0008
36579.0000 0.5449 0.0008
36639.1000 0.5454 0.0008
36699.2000 0.5459 0.0008
36759.3000 0.5466 0.0008
36819.4000 0.5473 0.0008
36879.5000 0.5482 0.0008
36939.6000 0.5497 0.0008
36999.7000 0.5502 0.0008
37059.8000 0.5514 0.0008
37119.9000 0.5527 0.0008
37180.0000 0.5534 0.0008
37240.1000 0.5539 0.0008
37300.2000 0.5546 0.0008
37360.3000 0.5551 0.0008
37420.4000 0.5551 0.0008
37480.5000 0.5555 0.0008
37540.6000 0.5560 0.0008
37600.7000 0.5569 0.0008
37660.8000 0.5579 0.0008
37720.9000 0.5591 0.0008
37781.0000 0.5595 0.0008
37841.1000 0.5600 0.0008
37901.2000 0.5606 0.0009
37961.3000 0.5612 0.0009
38021.4000 0.5617 0.0009
38081.5000 0.5625 0.0009
38141.6000 0.5633 0.0009
38201.7000 0.5641 0.0009
38261.8000 0.5650 0.0009
38321.9000 0.5665 0.0009
38382.0000 0.5672 0.0009
38442.1000 0.5679 0.0009
38502.2000 0.5683 0.0009
38562.3000 0.5686 0.0009
38622.4000 0.5693 0.0009
38682.5000 0.5698 0.0009
38742.6000 0.5707 0.0009
38802.7000 0.5709 0.0009
38862.8000 0.5716 0.0009
38922.9000 0.5729 0.0009
38983.0000 0.5732 0.0009
39043.1000 0.5736 0.0009
39103.2000 0.5738 0.0009
39163.3000 0.5740 0.0009
39223.4000 0.5744 0.0009
39283.5000 0.5748 0.0009
39343.6000 0.5755 0.0009
39403.7000 0.5762 0.0009
39463.8000 0.5769 0.0009
39523.9000 0.5780 0.0009
39584.0000 0.5785 0.0009
