# messageDelay  cumulativeProbability
5.0000 0.0001
5.0000 0.0002
5.0000 0.0003
5.0000 0.0004
5.0000 0.0005
5.0000 0.0006
5.0000 0.0007
5.0000 0.0008
5.0000 0.0009
5.0000 0.0010
5.0000 0.0011
5.0000 0.0013
5.0000 0.0014
5.0000 0.0015
5.0000 0.0016
5.0000 0.0017
5.0000 0.0018
5.0000 0.0019
5.0000 0.0020
5.0000 0.0021
5.0000 0.0022
5.0000 0.0023
5.0000 0.0024
5.0000 0.0025
5.0000 0.0026
5.0000 0.0027
5.0000 0.0028
5.0000 0.0029
5.0000 0.0030
7.5000 0.0031
10.0000 0.0032
10.8000 0.0033
11.0000 0.0034
17.1000 0.0035
31.5000 0.0036
31.5000 0.0037
33.7000 0.0039
79.7000 0.0040
98.2000 0.0041
132.6000 0.0042
137.5000 0.0043
151.5000 0.0044
152.3000 0.0045
167.0000 0.0046
185.3000 0.0047
208.6000 0.0048
212.4000 0.0049
217.7000 0.0050
233.9000 0.0051
243.3000 0.0052
250.3000 0.0053
251.6000 0.0054
280.3000 0.0055
285.1000 0.0056
294.8000 0.0057
295.3000 0.0058
296.8000 0.0059
307.3000 0.0060
322.0000 0.0061
340.4000 0.0062
342.9000 0.0064
351.3000 0.0065
353.7000 0.0066
354.4000 0.0067
369.9000 0.0068
380.5000 0.0069
397.0000 0.0070
397.4000 0.0071
405.9000 0.0072
424.2000 0.0073
426.8000 0.0074
435.9000 0.0075
444.5000 0.0076
448.8000 0.0077
456.4000 0.0078
468.5000 0.0079
469.7000 0.0080
473.7000 0.0081
486.0000 0.0082
488.7000 0.0083
489.9000 0.0084
490.7000 0.0085
493.9000 0.0086
495.0000 0.0087
500.0000 0.0089
501.6000 0.0090
508.8000 0.0091
511.6000 0.0092
512.0000 0.0093
512.0000 0.0094
525.6000 0.0095
525.9000 0.0096
529.5000 0.0097
536.0000 0.0098
541.4000 0.0099
541.5000 0.0100
543.8000 0.0101
546.0000 0.0102
549.7000 0.0103
562.9000 0.0104
564.9000 0.0105
573.3000 0.0106
576.3000 0.0107
582.2000 0.0108
587.9000 0.0109
598.6000 0.0110
600.0000 0.0111
603.1000 0.0113
606.4000 0.0114
617.5000 0.0115
631.3000 0.0116
632.5000 0.0117
639.1000 0.0118
642.8000 0.0119
657.0000 0.0120
665.3000 0.0121
669.4000 0.0122
669.9000 0.0123
670.0000 0.0124
671.6000 0.0125
674.0000 0.0126
676.1000 0.0127
677.2000 0.0128
681.1000 0.0129
683.5000 0.0130
687.3000 0.0131
697.4000 0.0132
700.5000 0.0133
712.3000 0.0134
713.0000 0.0135
714.0000 0.0136
733.4000 0.0138
734.8000 0.0139
742.1000 0.0140
749.3000 0.0141
754.2000 0.0142
759.3000 0.0143
771.3000 0.0144
781.8000 0.0145
782.4000 0.0146
803.8000 0.0147
806.0000 0.0148
806.2000 0.0149
815.3000 0.0150
817.9000 0.0151
817.9000 0.0152
820.8000 0.0153
823.6000 0.0154
828.1000 0.0155
832.3000 0.0156
833.7000 0.0157
846.7000 0.0158
846.9000 0.0159
853.0000 0.0160
859.0000 0.0161
877.5000 0.0163
883.1000 0.0164
883.4000 0.0165
891.4000 0.0166
892.6000 0.0167
895.2000 0.0168
902.4000 0.0169
911.4000 0.0170
916.0000 0.0171
924.3000 0.0172
928.0000 0.0173
932.2000 0.0174
932.2000 0.0175
933.1000 0.0176
936.5000 0.0177
942.3000 0.0178
943.1000 0.0179
944.7000 0.0180
945.8000 0.0181
948.6000 0.0182
952.4000 0.0183
953.4000 0.0184
955.8000 0.0185
956.9000 0.0186
960.8000 0.0188
962.8000 0.0189
965.1000 0.0190
965.4000 0.0191
968.4000 0.0192
970.0000 0.0193
973.1000 0.0194
975.4000 0.0195
979.1000 0.0196
981.9000 0.0197
985.9000 0.0198
990.5000 0.0199
998.6000 0.0200
1003.8000 0.0201
1004.4000 0.0202
1007.6000 0.0203
1007.9000 0.0204
1012.0000 0.0205
1012.2000 0.0206
1014.8000 0.0207
1019.3000 0.0208
1021.1000 0.0209
1036.6000 0.0210
1039.6000 0.0211
1039.8000 0.0212
1041.1000 0.0214
1041.7000 0.0215
1049.1000 0.0216
1050.9000 0.0217
1052.2000 0.0218
1052.8000 0.0219
1056.0000 0.0220
1058.7000 0.0221
1060.7000 0.0222
1068.8000 0.0223
1072.1000 0.0224
1080.2000 0.0225
1086.5000 0.0226
1087.2000 0.0227
1087.7000 0.0228
1091.4000 0.0229
1095.5000 0.0230
1097.9000 0.0231
1098.7000 0.0232
1100.3000 0.0233
1107.7000 0.0234
1107.9000 0.0235
1111.2000 0.0236
1118.9000 0.0237
1124.7000 0.0239
1126.4000 0.0240
1131.3000 0.0241
1131.6000 0.0242
1132.7000 0.0243
1135.1000 0.0244
1135.1000 0.0245
1139.4000 0.0246
1142.4000 0.0247
1145.7000 0.0248
1148.6000 0.0249
1151.5000 0.0250
1155.3000 0.0251
1156.6000 0.0252
1156.7000 0.0253
1157.4000 0.0254
1163.4000 0.0255
1171.4000 0.0256
1171.7000 0.0257
1175.0000 0.0258
1176.6000 0.0259
1186.5000 0.0260
1188.6000 0.0261
1190.6000 0.0262
1191.1000 0.0264
1192.2000 0.0265
1198.5000 0.0266
1200.3000 0.0267
1203.4000 0.0268
1203.6000 0.0269
1204.1000 0.0270
1207.0000 0.0271
1209.0000 0.0272
1210.3000 0.0273
1218.7000 0.0274
1218.9000 0.0275
1219.9000 0.0276
1224.5000 0.0277
1224.9000 0.0278
1230.4000 0.0279
1231.7000 0.0280
1236.2000 0.0281
1236.7000 0.0282
1237.5000 0.0283
1245.0000 0.0284
1253.6000 0.0285
1253.8000 0.0286
1259.9000 0.0287
1261.8000 0.0289
1262.6000 0.0290
1263.2000 0.0291
1263.9000 0.0292
1266.0000 0.0293
1268.1000 0.0294
1271.4000 0.0295
1275.1000 0.0296
1275.9000 0.0297
1280.1000 0.0298
1283.4000 0.0299
1288.7000 0.0300
1289.8000 0.0301
1293.4000 0.0302
1294.9000 0.0303
1298.0000 0.0304
1298.5000 0.0305
1303.7000 0.0306
1309.1000 0.0307
1309.1000 0.0308
1312.1000 0.0309
1314.1000 0.0310
1314.1000 0.0311
1314.4000 0.0312
1315.7000 0.0314
1319.2000 0.0315
1326.9000 0.0316
1333.2000 0.0317
1333.9000 0.0318
1335.4000 0.0319
1335.6000 0.0320
1340.4000 0.0321
1353.6000 0.0322
1354.2000 0.0323
1356.2000 0.0324
1361.7000 0.0325
1362.8000 0.0326
1363.0000 0.0327
1368.7000 0.0328
1369.6000 0.0329
1369.7000 0.0330
1372.3000 0.0331
1375.0000 0.0332
1376.3000 0.0333
1376.3000 0.0334
1381.0000 0.0335
1383.0000 0.0336
1385.4000 0.0337
1389.5000 0.0339
1392.4000 0.0340
1393.8000 0.0341
1395.2000 0.0342
1402.5000 0.0343
1406.5000 0.0344
1411.6000 0.0345
1413.0000 0.0346
1414.0000 0.0347
1414.3000 0.0348
1416.3000 0.0349
1417.8000 0.0350
1418.7000 0.0351
1418.8000 0.0352
1422.9000 0.0353
1423.9000 0.0354
1427.1000 0.0355
1427.3000 0.0356
1430.4000 0.0357
1430.6000 0.0358
1432.4000 0.0359
1442.1000 0.0360
1442.5000 0.0361
1447.6000 0.0362
1449.9000 0.0364
1450.4000 0.0365
1450.4000 0.0366
1450.6000 0.0367
1452.0000 0.0368
1459.9000 0.0369
1463.0000 0.0370
1467.5000 0.0371
1469.9000 0.0372
1473.2000 0.0373
1475.4000 0.0374
1475.6000 0.0375
1483.0000 0.0376
1484.6000 0.0377
1486.8000 0.0378
1487.0000 0.0379
1489.6000 0.0380
1491.2000 0.0381
1492.6000 0.0382
1499.7000 0.0383
1501.3000 0.0384
1514.1000 0.0385
1518.3000 0.0386
1519.3000 0.0388
1521.3000 0.0389
1524.0000 0.0390
1525.7000 0.0391
1526.8000 0.0392
1537.4000 0.0393
1537.8000 0.0394
1538.0000 0.0395
1538.7000 0.0396
1538.8000 0.0397
1540.9000 0.0398
1541.3000 0.0399
1542.0000 0.0400
1546.7000 0.0401
1551.4000 0.0402
1553.0000 0.0403
1553.4000 0.0404
1557.6000 0.0405
1559.8000 0.0406
1560.2000 0.0407
1560.2000 0.0408
1566.3000 0.0409
1570.3000 0.0410
1572.0000 0.0411
1572.1000 0.0413
1573.1000 0.0414
1576.8000 0.0415
1577.1000 0.0416
1578.1000 0.0417
1583.7000 0.0418
1587.5000 0.0419
1587.9000 0.0420
1590.5000 0.0421
1593.3000 0.0422
1593.4000 0.0423
1595.6000 0.0424
1598.1000 0.0425
1601.9000 0.0426
1602.8000 0.0427
1608.2000 0.0428
1609.4000 0.0429
1611.3000 0.0430
1612.3000 0.0431
1612.4000 0.0432
1614.8000 0.0433
1617.0000 0.0434
1619.4000 0.0435
1628.0000 0.0436
1633.4000 0.0438
1636.4000 0.0439
1636.7000 0.0440
1637.3000 0.0441
1640.7000 0.0442
1642.9000 0.0443
1643.4000 0.0444
1643.6000 0.0445
1647.7000 0.0446
1649.5000 0.0447
1653.3000 0.0448
1656.4000 0.0449
1667.1000 0.0450
1672.6000 0.0451
1673.4000 0.0452
1675.4000 0.0453
1681.7000 0.0454
1686.3000 0.0455
1690.9000 0.0456
1695.4000 0.0457
1696.7000 0.0458
1703.3000 0.0459
1708.6000 0.0460
1710.5000 0.0461
1711.2000 0.0463
1711.7000 0.0464
1712.8000 0.0465
1714.6000 0.0466
1718.1000 0.0467
1719.8000 0.0468
1720.3000 0.0469
1720.9000 0.0470
1722.7000 0.0471
1723.1000 0.0472
1728.4000 0.0473
1730.2000 0.0474
1741.2000 0.0475
1752.6000 0.0476
1757.8000 0.0477
1766.0000 0.0478
1770.1000 0.0479
1774.4000 0.0480
1775.4000 0.0481
1779.0000 0.0482
1781.6000 0.0483
1782.5000 0.0484
1783.6000 0.0485
1792.1000 0.0486
1792.2000 0.0488
1792.5000 0.0489
1800.2000 0.0490
1802.1000 0.0491
1803.1000 0.0492
1804.6000 0.0493
1805.2000 0.0494
1809.8000 0.0495
1811.8000 0.0496
1813.6000 0.0497
1814.5000 0.0498
1815.7000 0.0499
1815.9000 0.0500
1817.3000 0.0501
1817.7000 0.0502
1829.2000 0.0503
1831.7000 0.0504
1833.0000 0.0505
1833.9000 0.0506
1833.9000 0.0507
1834.3000 0.0508
1834.4000 0.0509
1834.8000 0.0510
1835.4000 0.0511
1845.9000 0.0513
1846.7000 0.0514
1847.2000 0.0515
1851.4000 0.0516
1853.5000 0.0517
1854.4000 0.0518
1856.7000 0.0519
1857.6000 0.0520
1861.5000 0.0521
1862.2000 0.0522
1865.5000 0.0523
1868.5000 0.0524
1870.4000 0.0525
1873.4000 0.0526
1883.6000 0.0527
1884.7000 0.0528
1893.1000 0.0529
1895.5000 0.0530
1896.5000 0.0531
1896.5000 0.0532
1899.9000 0.0533
1903.1000 0.0534
1906.3000 0.0535
1907.8000 0.0536
1909.3000 0.0538
1909.6000 0.0539
1912.4000 0.0540
1917.2000 0.0541
1919.1000 0.0542
1920.2000 0.0543
1927.3000 0.0544
1927.8000 0.0545
1930.7000 0.0546
1937.4000 0.0547
1942.5000 0.0548
1943.7000 0.0549
1944.6000 0.0550
1946.5000 0.0551
1946.7000 0.0552
1947.0000 0.0553
1948.3000 0.0554
1948.7000 0.0555
1952.1000 0.0556
1952.5000 0.0557
1956.2000 0.0558
1957.3000 0.0559
1957.4000 0.0560
1959.2000 0.0561
1959.3000 0.0563
1959.9000 0.0564
1983.4000 0.0565
1984.4000 0.0566
1984.5000 0.0567
1989.0000 0.0568
1991.0000 0.0569
1992.6000 0.0570
1992.9000 0.0571
1995.7000 0.0572
1998.3000 0.0573
2000.2000 0.0574
2001.6000 0.0575
2002.4000 0.0576
2002.8000 0.0577
2004.7000 0.0578
2013.1000 0.0579
2013.1000 0.0580
2016.3000 0.0581
2017.9000 0.0582
2029.7000 0.0583
2031.9000 0.0584
2041.0000 0.0585
2047.4000 0.0586
2047.4000 0.0588
2049.9000 0.0589
2053.6000 0.0590
2062.3000 0.0591
2070.9000 0.0592
2073.5000 0.0593
2074.4000 0.0594
2075.6000 0.0595
2081.0000 0.0596
2088.5000 0.0597
2108.8000 0.0598
2109.6000 0.0599
2112.9000 0.0600
2122.0000 0.0601
2132.9000 0.0602
2136.6000 0.0603
2143.0000 0.0604
2145.5000 0.0605
2146.0000 0.0606
2149.7000 0.0607
2158.8000 0.0608
2159.8000 0.0609
2163.4000 0.0610
2165.2000 0.0611
2167.3000 0.0613
2168.8000 0.0614
2179.6000 0.0615
2179.7000 0.0616
2181.1000 0.0617
2183.3000 0.0618
2184.3000 0.0619
2195.3000 0.0620
2195.5000 0.0621
2196.9000 0.0622
2198.3000 0.0623
2199.6000 0.0624
2200.6000 0.0625
2212.3000 0.0626
2213.2000 0.0627
2221.0000 0.0628
2221.2000 0.0629
2224.7000 0.0630
2226.4000 0.0631
2228.9000 0.0632
2230.6000 0.0633
2236.7000 0.0634
2240.7000 0.0635
2240.8000 0.0636
2246.7000 0.0638
2247.3000 0.0639
2249.2000 0.0640
2251.5000 0.0641
2253.9000 0.0642
2255.7000 0.0643
2257.1000 0.0644
2260.3000 0.0645
2260.4000 0.0646
2261.4000 0.0647
2265.8000 0.0648
2267.0000 0.0649
2267.1000 0.0650
2267.6000 0.0651
2267.9000 0.0652
2271.7000 0.0653
2271.7000 0.0654
2274.9000 0.0655
2276.5000 0.0656
2277.5000 0.0657
2279.3000 0.0658
2283.8000 0.0659
2288.3000 0.0660
2291.6000 0.0661
2299.7000 0.0663
2304.1000 0.0664
2310.2000 0.0665
2313.1000 0.0666
2314.4000 0.0667
2316.6000 0.0668
2318.5000 0.0669
2318.8000 0.0670
2319.7000 0.0671
2319.8000 0.0672
2327.4000 0.0673
2329.7000 0.0674
2335.5000 0.0675
2340.3000 0.0676
2340.5000 0.0677
2342.9000 0.0678
2343.9000 0.0679
2352.6000 0.0680
2356.6000 0.0681
2364.2000 0.0682
2365.7000 0.0683
2366.7000 0.0684
2367.1000 0.0685
2367.6000 0.0686
2373.7000 0.0688
2377.3000 0.0689
2384.7000 0.0690
2386.0000 0.0691
2394.8000 0.0692
2396.7000 0.0693
2398.9000 0.0694
2405.2000 0.0695
2405.8000 0.0696
2407.0000 0.0697
2407.7000 0.0698
2408.4000 0.0699
2415.9000 0.0700
2417.3000 0.0701
2418.3000 0.0702
2418.7000 0.0703
2420.7000 0.0704
2421.9000 0.0705
2422.5000 0.0706
2424.4000 0.0707
2426.2000 0.0708
2428.4000 0.0709
2438.4000 0.0710
2439.8000 0.0711
2448.0000 0.0713
2449.6000 0.0714
2451.6000 0.0715
2453.5000 0.0716
2455.4000 0.0717
2461.0000 0.0718
2462.7000 0.0719
2478.3000 0.0720
2498.4000 0.0721
2502.1000 0.0722
2506.5000 0.0723
2511.4000 0.0724
2515.1000 0.0725
2515.7000 0.0726
2521.0000 0.0727
2523.3000 0.0728
2524.4000 0.0729
2526.9000 0.0730
2532.4000 0.0731
2533.1000 0.0732
2538.1000 0.0733
2545.2000 0.0734
2548.3000 0.0735
2564.7000 0.0736
2565.1000 0.0738
2567.8000 0.0739
2568.2000 0.0740
2570.8000 0.0741
2573.3000 0.0742
2575.7000 0.0743
2578.7000 0.0744
2580.4000 0.0745
2582.7000 0.0746
2582.8000 0.0747
2590.8000 0.0748
2595.2000 0.0749
2600.7000 0.0750
2606.9000 0.0751
2608.6000 0.0752
2616.8000 0.0753
2620.2000 0.0754
2624.0000 0.0755
2625.2000 0.0756
2627.2000 0.0757
2631.5000 0.0758
2643.2000 0.0759
2644.9000 0.0760
2649.3000 0.0761
2650.4000 0.0763
2656.7000 0.0764
2657.1000 0.0765
2661.1000 0.0766
2662.2000 0.0767
2664.6000 0.0768
2667.1000 0.0769
2667.5000 0.0770
2667.8000 0.0771
2668.6000 0.0772
2675.1000 0.0773
2682.4000 0.0774
2690.6000 0.0775
2691.9000 0.0776
2692.8000 0.0777
2693.1000 0.0778
2693.9000 0.0779
2695.5000 0.0780
2697.3000 0.0781
2699.2000 0.0782
2700.6000 0.0783
2701.2000 0.0784
2703.6000 0.0785
2706.6000 0.0786
2708.4000 0.0788
2710.5000 0.0789
2715.5000 0.0790
2716.6000 0.0791
2716.9000 0.0792
2723.6000 0.0793
2724.1000 0.0794
2728.2000 0.0795
2731.8000 0.0796
2732.3000 0.0797
2749.0000 0.0798
2750.4000 0.0799
2752.4000 0.0800
2753.4000 0.0801
2763.8000 0.0802
2768.5000 0.0803
2770.9000 0.0804
2777.9000 0.0805
2778.6000 0.0806
2780.0000 0.0807
2780.5000 0.0808
2782.1000 0.0809
2783.0000 0.0810
2783.6000 0.0811
2785.8000 0.0813
2788.5000 0.0814
2793.4000 0.0815
2799.5000 0.0816
2800.6000 0.0817
2801.4000 0.0818
2802.1000 0.0819
2810.0000 0.0820
2810.1000 0.0821
2816.6000 0.0822
2819.5000 0.0823
2823.4000 0.0824
2832.5000 0.0825
2834.4000 0.0826
2838.6000 0.0827
2839.9000 0.0828
2842.5000 0.0829
2843.1000 0.0830
2843.8000 0.0831
2847.0000 0.0832
2851.2000 0.0833
2854.9000 0.0834
2857.7000 0.0835
2864.0000 0.0836
2864.4000 0.0838
2869.0000 0.0839
2877.6000 0.0840
2879.7000 0.0841
2880.0000 0.0842
2881.4000 0.0843
2884.0000 0.0844
2885.0000 0.0845
2886.9000 0.0846
2894.8000 0.0847
2896.3000 0.0848
2897.2000 0.0849
2905.6000 0.0850
2912.4000 0.0851
2912.6000 0.0852
2919.7000 0.0853
2923.5000 0.0854
2925.4000 0.0855
2936.0000 0.0856
2943.7000 0.0857
2945.6000 0.0858
2955.7000 0.0859
2957.2000 0.0860
2959.5000 0.0861
2978.2000 0.0863
2981.6000 0.0864
2995.5000 0.0865
2997.0000 0.0866
2997.8000 0.0867
3001.1000 0.0868
3001.4000 0.0869
3001.8000 0.0870
3001.9000 0.0871
3003.9000 0.0872
3006.4000 0.0873
3007.3000 0.0874
3008.4000 0.0875
3008.7000 0.0876
3010.7000 0.0877
3015.1000 0.0878
3017.1000 0.0879
3026.8000 0.0880
3028.4000 0.0881
3033.1000 0.0882
3033.2000 0.0883
3034.5000 0.0884
3042.7000 0.0885
3043.0000 0.0886
3057.9000 0.0888
3070.0000 0.0889
3073.2000 0.0890
3077.7000 0.0891
3097.5000 0.0892
3101.0000 0.0893
3106.8000 0.0894
3109.0000 0.0895
3127.7000 0.0896
3131.7000 0.0897
3134.5000 0.0898
3139.1000 0.0899
3139.2000 0.0900
3143.6000 0.0901
3157.9000 0.0902
3172.8000 0.0903
3179.1000 0.0904
3186.5000 0.0905
3187.1000 0.0906
3192.7000 0.0907
3193.2000 0.0908
3193.8000 0.0909
3197.8000 0.0910
3200.9000 0.0911
3224.0000 0.0913
3226.0000 0.0914
3229.0000 0.0915
3239.3000 0.0916
3241.7000 0.0917
3251.7000 0.0918
3252.7000 0.0919
3255.4000 0.0920
3274.9000 0.0921
3275.5000 0.0922
3275.6000 0.0923
3276.9000 0.0924
3277.8000 0.0925
3282.1000 0.0926
3283.1000 0.0927
3284.5000 0.0928
3288.4000 0.0929
3297.8000 0.0930
3304.7000 0.0931
3307.7000 0.0932
3313.8000 0.0933
3315.2000 0.0934
3320.7000 0.0935
3321.6000 0.0936
3328.9000 0.0938
3344.8000 0.0939
3347.7000 0.0940
3354.7000 0.0941
3358.1000 0.0942
3360.2000 0.0943
3366.5000 0.0944
3370.1000 0.0945
3381.7000 0.0946
3386.7000 0.0947
3387.1000 0.0948
3394.2000 0.0949
3404.8000 0.0950
3423.4000 0.0951
3423.8000 0.0952
3424.0000 0.0953
3424.5000 0.0954
3425.2000 0.0955
3430.5000 0.0956
3441.6000 0.0957
3442.6000 0.0958
3458.3000 0.0959
3464.3000 0.0960
3474.0000 0.0961
3474.6000 0.0963
3475.1000 0.0964
3478.6000 0.0965
3480.2000 0.0966
3481.7000 0.0967
3482.4000 0.0968
3482.7000 0.0969
3485.4000 0.0970
3486.5000 0.0971
3487.2000 0.0972
3491.2000 0.0973
3496.4000 0.0974
3499.0000 0.0975
3502.9000 0.0976
3504.3000 0.0977
3504.9000 0.0978
3505.0000 0.0979
3508.8000 0.0980
3515.2000 0.0981
3521.5000 0.0982
3522.2000 0.0983
3531.8000 0.0984
3532.0000 0.0985
3536.1000 0.0986
3539.1000 0.0988
3547.9000 0.0989
3547.9000 0.0990
3552.5000 0.0991
3556.6000 0.0992
3560.8000 0.0993
3562.1000 0.0994
3563.3000 0.0995
3565.5000 0.0996
3575.0000 0.0997
3576.7000 0.0998
3578.0000 0.0999
3579.0000 0.1000
3581.0000 0.1001
3591.3000 0.1002
3595.8000 0.1003
3605.9000 0.1004
3606.8000 0.1005
3611.0000 0.1006
3611.1000 0.1007
3613.1000 0.1008
3617.4000 0.1009
3618.4000 0.1010
3627.2000 0.1011
3629.1000 0.1013
3630.8000 0.1014
3636.2000 0.1015
3636.6000 0.1016
3636.6000 0.1017
3637.0000 0.1018
3638.6000 0.1019
3642.1000 0.1020
3646.4000 0.1021
3652.9000 0.1022
3659.7000 0.1023
3661.9000 0.1024
3666.1000 0.1025
3668.2000 0.1026
3672.9000 0.1027
3677.0000 0.1028
3677.8000 0.1029
3685.5000 0.1030
3689.2000 0.1031
3689.4000 0.1032
3701.3000 0.1033
3703.2000 0.1034
3716.9000 0.1035
3724.9000 0.1036
3726.9000 0.1038
3740.5000 0.1039
3742.8000 0.1040
3747.2000 0.1041
3751.7000 0.1042
3755.5000 0.1043
3761.4000 0.1044
3765.3000 0.1045
3768.5000 0.1046
3770.5000 0.1047
3780.9000 0.1048
3781.9000 0.1049
3786.8000 0.1050
3788.6000 0.1051
3789.2000 0.1052
3799.5000 0.1053
3799.6000 0.1054
3804.2000 0.1055
3804.4000 0.1056
3804.8000 0.1057
3810.0000 0.1058
3816.4000 0.1059
3817.7000 0.1060
3820.8000 0.1061
3824.5000 0.1063
3825.3000 0.1064
3825.5000 0.1065
3827.9000 0.1066
3835.4000 0.1067
3838.7000 0.1068
3842.7000 0.1069
3843.9000 0.1070
3852.4000 0.1071
3857.6000 0.1072
3863.2000 0.1073
3866.1000 0.1074
3866.9000 0.1075
3877.1000 0.1076
3888.4000 0.1077
3890.3000 0.1078
3892.5000 0.1079
3897.8000 0.1080
3898.7000 0.1081
3903.6000 0.1082
3914.8000 0.1083
3920.8000 0.1084
3922.6000 0.1085
3925.1000 0.1086
3929.1000 0.1088
3929.5000 0.1089
3930.6000 0.1090
3943.7000 0.1091
3945.8000 0.1092
3946.4000 0.1093
3947.2000 0.1094
3952.4000 0.1095
3952.4000 0.1096
3955.2000 0.1097
3960.4000 0.1098
3961.4000 0.1099
3961.5000 0.1100
3963.7000 0.1101
3965.6000 0.1102
3966.9000 0.1103
3967.7000 0.1104
3967.7000 0.1105
3975.3000 0.1106
3982.8000 0.1107
3983.3000 0.1108
3983.5000 0.1109
3986.6000 0.1110
3987.7000 0.1111
4008.0000 0.1113
4012.5000 0.1114
4014.7000 0.1115
4015.5000 0.1116
4016.5000 0.1117
4019.2000 0.1118
4022.0000 0.1119
4025.8000 0.1120
4027.5000 0.1121
4031.1000 0.1122
4031.1000 0.1123
4031.2000 0.1124
4035.0000 0.1125
4039.7000 0.1126
4041.0000 0.1127
4043.3000 0.1128
4043.6000 0.1129
4043.8000 0.1130
4045.0000 0.1131
4049.1000 0.1132
4052.7000 0.1133
4054.2000 0.1134
4057.8000 0.1135
4071.5000 0.1136
4077.1000 0.1138
4104.9000 0.1139
4112.5000 0.1140
4123.6000 0.1141
4123.6000 0.1142
4146.1000 0.1143
4153.6000 0.1144
4155.8000 0.1145
4165.1000 0.1146
4167.8000 0.1147
4168.3000 0.1148
4169.8000 0.1149
4179.4000 0.1150
4188.9000 0.1151
4191.7000 0.1152
4192.0000 0.1153
4192.4000 0.1154
4200.7000 0.1155
4208.0000 0.1156
4221.3000 0.1157
4224.4000 0.1158
4229.1000 0.1159
4229.4000 0.1160
4238.5000 0.1161
4241.4000 0.1163
4249.0000 0.1164
4252.1000 0.1165
4252.3000 0.1166
4275.6000 0.1167
4278.6000 0.1168
4282.1000 0.1169
4291.8000 0.1170
4294.9000 0.1171
4302.6000 0.1172
4306.2000 0.1173
4307.1000 0.1174
4313.1000 0.1175
4321.9000 0.1176
4339.0000 0.1177
4340.1000 0.1178
4352.8000 0.1179
4355.4000 0.1180
4359.6000 0.1181
4365.3000 0.1182
4365.4000 0.1183
4374.7000 0.1184
4399.0000 0.1185
4402.8000 0.1186
4407.1000 0.1188
4410.6000 0.1189
4410.9000 0.1190
4429.1000 0.1191
4430.5000 0.1192
4437.8000 0.1193
4438.9000 0.1194
4463.2000 0.1195
4465.6000 0.1196
4475.7000 0.1197
4479.1000 0.1198
4484.9000 0.1199
4488.8000 0.1200
4497.5000 0.1201
4507.2000 0.1202
4508.2000 0.1203
4512.4000 0.1204
4513.9000 0.1205
4524.4000 0.1206
4527.0000 0.1207
4527.5000 0.1208
4532.4000 0.1209
4538.0000 0.1210
4542.8000 0.1211
4555.5000 0.1213
4559.1000 0.1214
4566.8000 0.1215
4580.2000 0.1216
4580.7000 0.1217
4583.0000 0.1218
4590.4000 0.1219
4591.7000 0.1220
4599.7000 0.1221
4615.6000 0.1222
4616.4000 0.1223
4620.2000 0.1224
4620.9000 0.1225
4625.7000 0.1226
4627.8000 0.1227
4644.1000 0.1228
4645.4000 0.1229
4658.7000 0.1230
4666.0000 0.1231
4666.8000 0.1232
4670.9000 0.1233
4671.4000 0.1234
4677.1000 0.1235
4682.7000 0.1236
4684.9000 0.1238
4685.3000 0.1239
4686.9000 0.1240
4693.8000 0.1241
4695.1000 0.1242
4704.1000 0.1243
4706.2000 0.1244
4707.2000 0.1245
4710.2000 0.1246
4715.4000 0.1247
4720.7000 0.1248
4722.4000 0.1249
4724.2000 0.1250
4725.8000 0.1251
4730.8000 0.1252
4732.8000 0.1253
4738.2000 0.1254
4738.3000 0.1255
4739.6000 0.1256
4744.1000 0.1257
4746.4000 0.1258
4756.7000 0.1259
4760.4000 0.1260
4760.6000 0.1261
4767.8000 0.1263
4770.3000 0.1264
4783.2000 0.1265
4797.8000 0.1266
4805.7000 0.1267
4826.6000 0.1268
4837.1000 0.1269
4844.5000 0.1270
4845.9000 0.1271
4855.8000 0.1272
4857.4000 0.1273
4859.8000 0.1274
4873.6000 0.1275
4885.6000 0.1276
4894.3000 0.1277
4901.7000 0.1278
4920.7000 0.1279
4941.6000 0.1280
4955.8000 0.1281
4956.5000 0.1282
4966.0000 0.1283
4968.0000 0.1284
4977.1000 0.1285
4978.8000 0.1286
4985.1000 0.1288
4992.1000 0.1289
4998.1000 0.1290
5000.0000 0.1291
5009.3000 0.1292
5018.1000 0.1293
5020.1000 0.1294
5024.7000 0.1295
5031.5000 0.1296
5033.4000 0.1297
5041.0000 0.1298
5042.1000 0.1299
5042.4000 0.1300
5049.5000 0.1301
5058.0000 0.1302
5062.0000 0.1303
5079.8000 0.1304
5083.5000 0.1305
5087.7000 0.1306
5089.2000 0.1307
5116.6000 0.1308
5119.0000 0.1309
5127.6000 0.1310
5134.4000 0.1311
5134.6000 0.1313
5138.0000 0.1314
5141.2000 0.1315
5150.1000 0.1316
5150.4000 0.1317
5151.3000 0.1318
5159.5000 0.1319
5162.8000 0.1320
5168.1000 0.1321
5169.3000 0.1322
5169.7000 0.1323
5171.3000 0.1324
5176.6000 0.1325
5185.6000 0.1326
5186.1000 0.1327
5189.5000 0.1328
5191.9000 0.1329
5195.0000 0.1330
5196.2000 0.1331
5200.3000 0.1332
5202.3000 0.1333
5213.5000 0.1334
5219.6000 0.1335
5231.3000 0.1336
5244.1000 0.1338
5245.3000 0.1339
5247.1000 0.1340
5258.6000 0.1341
5272.4000 0.1342
5285.2000 0.1343
5300.9000 0.1344
5304.4000 0.1345
5313.5000 0.1346
5317.5000 0.1347
5325.8000 0.1348
5334.1000 0.1349
5337.5000 0.1350
5338.0000 0.1351
5338.3000 0.1352
5347.4000 0.1353
5359.1000 0.1354
5365.0000 0.1355
5366.5000 0.1356
5367.1000 0.1357
5369.2000 0.1358
5377.8000 0.1359
5398.4000 0.1360
5400.3000 0.1361
5401.0000 0.1363
5419.2000 0.1364
5419.5000 0.1365
5433.0000 0.1366
5434.5000 0.1367
5448.4000 0.1368
5450.1000 0.1369
5450.5000 0.1370
5466.9000 0.1371
5487.4000 0.1372
5488.9000 0.1373
5494.1000 0.1374
5518.9000 0.1375
5524.4000 0.1376
5526.2000 0.1377
5532.4000 0.1378
5546.8000 0.1379
5583.4000 0.1380
5585.4000 0.1381
5589.7000 0.1382
5590.8000 0.1383
5605.9000 0.1384
5613.8000 0.1385
5617.9000 0.1386
5618.9000 0.1388
5620.2000 0.1389
5624.1000 0.1390
5629.7000 0.1391
5630.9000 0.1392
5632.5000 0.1393
5635.2000 0.1394
5639.4000 0.1395
5642.7000 0.1396
5647.6000 0.1397
5651.0000 0.1398
5658.2000 0.1399
5668.8000 0.1400
5679.9000 0.1401
5687.7000 0.1402
5689.5000 0.1403
5699.6000 0.1404
5707.7000 0.1405
5712.9000 0.1406
5714.6000 0.1407
5715.0000 0.1408
5718.9000 0.1409
5732.3000 0.1410
5736.6000 0.1411
5752.0000 0.1413
5767.4000 0.1414
5772.0000 0.1415
5773.6000 0.1416
5780.6000 0.1417
5788.5000 0.1418
5789.1000 0.1419
5791.5000 0.1420
5795.1000 0.1421
5810.0000 0.1422
5824.6000 0.1423
5835.8000 0.1424
5839.8000 0.1425
5847.5000 0.1426
5864.5000 0.1427
5872.6000 0.1428
5890.6000 0.1429
5896.3000 0.1430
5899.6000 0.1431
5899.9000 0.1432
5903.6000 0.1433
5907.4000 0.1434
5920.2000 0.1435
5921.8000 0.1436
5930.9000 0.1437
5937.5000 0.1439
5942.9000 0.1440
5953.9000 0.1441
5964.6000 0.1442
5969.6000 0.1443
5987.8000 0.1444
5988.9000 0.1445
5990.6000 0.1446
6000.8000 0.1447
6003.0000 0.1448
6028.7000 0.1449
6031.8000 0.1450
6036.7000 0.1451
6037.0000 0.1452
6050.2000 0.1453
6068.8000 0.1454
6083.3000 0.1455
6091.4000 0.1456
6091.7000 0.1457
6094.0000 0.1458
6097.0000 0.1459
6099.9000 0.1460
6100.0000 0.1461
6109.5000 0.1462
6116.3000 0.1464
6117.6000 0.1465
6125.7000 0.1466
6138.1000 0.1467
6143.0000 0.1468
6145.4000 0.1469
6149.4000 0.1470
6164.9000 0.1471
6170.2000 0.1472
6170.4000 0.1473
6171.4000 0.1474
6175.4000 0.1475
6179.7000 0.1476
6194.1000 0.1477
6196.0000 0.1478
6196.7000 0.1479
6197.7000 0.1480
6216.3000 0.1481
6217.8000 0.1482
6218.7000 0.1483
6231.6000 0.1484
6236.8000 0.1485
6239.0000 0.1486
6257.7000 0.1487
6259.3000 0.1489
6264.1000 0.1490
6268.3000 0.1491
6284.9000 0.1492
6292.8000 0.1493
6295.4000 0.1494
6305.8000 0.1495
6311.1000 0.1496
6314.7000 0.1497
6330.5000 0.1498
6330.6000 0.1499
6336.0000 0.1500
6337.6000 0.1501
6339.7000 0.1502
6343.6000 0.1503
6343.8000 0.1504
6380.3000 0.1505
6394.4000 0.1506
6408.1000 0.1507
6409.9000 0.1508
6414.6000 0.1509
6415.2000 0.1510
6417.5000 0.1511
6418.0000 0.1512
6443.3000 0.1514
6443.6000 0.1515
6446.6000 0.1516
6464.6000 0.1517
6466.2000 0.1518
6467.0000 0.1519
6467.3000 0.1520
6469.6000 0.1521
6471.5000 0.1522
6473.0000 0.1523
6477.8000 0.1524
6477.9000 0.1525
6480.4000 0.1526
6483.5000 0.1527
6485.8000 0.1528
6495.2000 0.1529
6499.4000 0.1530
6503.5000 0.1531
6506.1000 0.1532
6517.3000 0.1533
6522.3000 0.1534
6524.4000 0.1535
6536.4000 0.1536
6542.3000 0.1537
6542.5000 0.1539
6561.5000 0.1540
6562.3000 0.1541
6578.2000 0.1542
6587.7000 0.1543
6592.8000 0.1544
6595.8000 0.1545
6596.9000 0.1546
6598.1000 0.1547
6601.5000 0.1548
6613.7000 0.1549
6616.7000 0.1550
6618.4000 0.1551
6627.3000 0.1552
6639.8000 0.1553
6645.2000 0.1554
6649.4000 0.1555
6659.9000 0.1556
6670.5000 0.1557
6671.5000 0.1558
6682.4000 0.1559
6684.2000 0.1560
6703.8000 0.1561
6704.8000 0.1562
6704.9000 0.1564
6709.9000 0.1565
6710.5000 0.1566
6710.9000 0.1567
6714.6000 0.1568
6744.1000 0.1569
6749.6000 0.1570
6762.4000 0.1571
6764.2000 0.1572
6765.8000 0.1573
6766.4000 0.1574
6774.4000 0.1575
6793.8000 0.1576
6803.5000 0.1577
6808.8000 0.1578
6828.6000 0.1579
6835.3000 0.1580
6835.5000 0.1581
6837.9000 0.1582
6838.6000 0.1583
6846.7000 0.1584
6855.4000 0.1585
6870.1000 0.1586
6886.3000 0.1587
6890.0000 0.1589
6892.6000 0.1590
6908.9000 0.1591
6919.0000 0.1592
6919.2000 0.1593
6927.4000 0.1594
6929.3000 0.1595
6932.9000 0.1596
6933.9000 0.1597
6937.4000 0.1598
6944.5000 0.1599
6945.0000 0.1600
6945.7000 0.1601
6954.6000 0.1602
6955.6000 0.1603
6965.0000 0.1604
6965.3000 0.1605
6978.8000 0.1606
6999.7000 0.1607
7010.3000 0.1608
7011.3000 0.1609
7025.4000 0.1610
7025.8000 0.1611
7033.7000 0.1612
7038.4000 0.1614
7039.8000 0.1615
7052.0000 0.1616
7073.6000 0.1617
7080.3000 0.1618
7083.2000 0.1619
7103.7000 0.1620
7106.0000 0.1621
7110.8000 0.1622
7115.7000 0.1623
7146.9000 0.1624
7147.7000 0.1625
7161.0000 0.1626
7185.2000 0.1627
7211.2000 0.1628
7213.6000 0.1629
7218.4000 0.1630
7221.5000 0.1631
7227.7000 0.1632
7244.1000 0.1633
7258.6000 0.1634
7267.8000 0.1635
7276.9000 0.1636
7277.1000 0.1637
7292.5000 0.1639
7301.1000 0.1640
7302.0000 0.1641
7302.7000 0.1642
7309.7000 0.1643
7327.4000 0.1644
7330.4000 0.1645
7353.2000 0.1646
7396.5000 0.1647
7402.0000 0.1648
7403.2000 0.1649
7405.5000 0.1650
7414.2000 0.1651
7414.4000 0.1652
7420.6000 0.1653
7428.5000 0.1654
7462.2000 0.1655
7467.5000 0.1656
7474.7000 0.1657
7477.1000 0.1658
7485.6000 0.1659
7493.3000 0.1660
7502.0000 0.1661
7509.7000 0.1662
7510.3000 0.1664
7513.8000 0.1665
7524.9000 0.1666
7527.9000 0.1667
7544.8000 0.1668
7546.6000 0.1669
7547.1000 0.1670
7550.0000 0.1671
7550.1000 0.1672
7554.2000 0.1673
7557.6000 0.1674
7566.7000 0.1675
7578.6000 0.1676
7586.8000 0.1677
7591.0000 0.1678
7595.2000 0.1679
7596.0000 0.1680
7596.7000 0.1681
7598.1000 0.1682
7602.4000 0.1683
7604.0000 0.1684
7604.9000 0.1685
7607.8000 0.1686
7620.7000 0.1687
7626.2000 0.1689
7641.7000 0.1690
7648.3000 0.1691
7655.5000 0.1692
7661.1000 0.1693
7668.1000 0.1694
7670.8000 0.1695
7680.3000 0.1696
7680.7000 0.1697
7681.5000 0.1698
7689.7000 0.1699
7705.6000 0.1700
7712.2000 0.1701
7748.7000 0.1702
7754.7000 0.1703
7755.6000 0.1704
7759.4000 0.1705
7771.3000 0.1706
7773.8000 0.1707
7773.9000 0.1708
7778.5000 0.1709
7788.2000 0.1710
7795.0000 0.1711
7799.2000 0.1712
7808.8000 0.1714
7811.9000 0.1715
7813.6000 0.1716
7816.7000 0.1717
7838.0000 0.1718
7843.3000 0.1719
7851.0000 0.1720
7855.8000 0.1721
7857.7000 0.1722
7860.1000 0.1723
7866.7000 0.1724
7867.0000 0.1725
7876.0000 0.1726
7896.2000 0.1727
7897.0000 0.1728
7903.4000 0.1729
7908.1000 0.1730
7910.6000 0.1731
7949.3000 0.1732
7951.6000 0.1733
7959.7000 0.1734
7974.5000 0.1735
7977.4000 0.1736
7998.5000 0.1737
8000.6000 0.1739
8008.7000 0.1740
8027.0000 0.1741
8053.6000 0.1742
8072.0000 0.1743
8074.5000 0.1744
8083.8000 0.1745
8092.1000 0.1746
8093.5000 0.1747
8096.7000 0.1748
8113.1000 0.1749
8115.5000 0.1750
8126.6000 0.1751
8127.6000 0.1752
8128.6000 0.1753
8128.6000 0.1754
8138.2000 0.1755
8138.4000 0.1756
8158.9000 0.1757
8159.3000 0.1758
8162.7000 0.1759
8190.2000 0.1760
8193.9000 0.1761
8194.2000 0.1762
8196.6000 0.1764
8209.0000 0.1765
8216.0000 0.1766
8238.6000 0.1767
8244.2000 0.1768
8252.6000 0.1769
8265.1000 0.1770
8274.9000 0.1771
8275.9000 0.1772
8287.3000 0.1773
8289.1000 0.1774
8301.3000 0.1775
8314.4000 0.1776
8366.5000 0.1777
8381.5000 0.1778
8382.8000 0.1779
8390.7000 0.1780
8394.8000 0.1781
8396.5000 0.1782
8396.6000 0.1783
8406.6000 0.1784
8410.5000 0.1785
8422.1000 0.1786
8429.1000 0.1787
8435.8000 0.1789
8452.2000 0.1790
8460.9000 0.1791
8468.8000 0.1792
8474.0000 0.1793
8474.6000 0.1794
8477.5000 0.1795
8481.4000 0.1796
8483.3000 0.1797
8486.5000 0.1798
8487.0000 0.1799
8501.1000 0.1800
8534.8000 0.1801
8548.7000 0.1802
8560.0000 0.1803
8579.5000 0.1804
8579.7000 0.1805
8585.6000 0.1806
8593.3000 0.1807
8599.1000 0.1808
8621.0000 0.1809
8629.5000 0.1810
8629.7000 0.1811
8658.3000 0.1812
8668.2000 0.1814
8669.3000 0.1815
8690.5000 0.1816
8693.2000 0.1817
8701.4000 0.1818
8711.3000 0.1819
8714.7000 0.1820
8715.8000 0.1821
8730.1000 0.1822
8744.2000 0.1823
8756.6000 0.1824
8758.4000 0.1825
8765.6000 0.1826
8767.5000 0.1827
8772.5000 0.1828
8779.9000 0.1829
8780.7000 0.1830
8784.0000 0.1831
8784.2000 0.1832
8799.7000 0.1833
8802.1000 0.1834
8805.4000 0.1835
8829.2000 0.1836
8831.5000 0.1837
8850.3000 0.1839
8868.4000 0.1840
8875.9000 0.1841
8884.0000 0.1842
8886.4000 0.1843
8889.1000 0.1844
8895.7000 0.1845
8899.4000 0.1846
8920.1000 0.1847
8921.8000 0.1848
8929.0000 0.1849
8935.6000 0.1850
8935.7000 0.1851
8950.5000 0.1852
8972.0000 0.1853
8972.5000 0.1854
8973.4000 0.1855
8984.5000 0.1856
8988.8000 0.1857
8999.0000 0.1858
9004.7000 0.1859
9019.4000 0.1860
9020.8000 0.1861
9023.1000 0.1862
9030.7000 0.1864
9032.1000 0.1865
9033.5000 0.1866
9047.7000 0.1867
9053.7000 0.1868
9077.6000 0.1869
9081.6000 0.1870
9084.7000 0.1871
9090.7000 0.1872
9103.7000 0.1873
9123.7000 0.1874
9125.3000 0.1875
9128.2000 0.1876
9130.2000 0.1877
9142.5000 0.1878
9190.8000 0.1879
9195.8000 0.1880
9199.4000 0.1881
9200.5000 0.1882
9210.7000 0.1883
9213.1000 0.1884
9217.5000 0.1885
9217.7000 0.1886
9227.6000 0.1887
9231.4000 0.1889
9231.5000 0.1890
9237.8000 0.1891
9263.2000 0.1892
9271.6000 0.1893
9272.9000 0.1894
9302.6000 0.1895
9313.7000 0.1896
9321.1000 0.1897
9326.1000 0.1898
9329.4000 0.1899
9330.7000 0.1900
9335.9000 0.1901
9340.5000 0.1902
9349.2000 0.1903
9362.4000 0.1904
9381.2000 0.1905
9382.6000 0.1906
9383.6000 0.1907
9384.0000 0.1908
9392.0000 0.1909
9398.5000 0.1910
9409.0000 0.1911
9411.8000 0.1912
9415.2000 0.1914
9421.3000 0.1915
9432.2000 0.1916
9434.8000 0.1917
9443.3000 0.1918
9504.8000 0.1919
9539.5000 0.1920
9542.6000 0.1921
9548.7000 0.1922
9553.5000 0.1923
9576.3000 0.1924
9576.7000 0.1925
9583.2000 0.1926
9584.7000 0.1927
9586.2000 0.1928
9589.1000 0.1929
9594.2000 0.1930
9595.0000 0.1931
9596.8000 0.1932
9622.4000 0.1933
9623.1000 0.1934
9639.0000 0.1935
9645.7000 0.1936
9664.5000 0.1937
9692.6000 0.1939
9692.9000 0.1940
9705.5000 0.1941
9709.4000 0.1942
9737.7000 0.1943
9745.8000 0.1944
9748.9000 0.1945
9754.8000 0.1946
9760.0000 0.1947
9766.9000 0.1948
9774.2000 0.1949
9774.5000 0.1950
9777.5000 0.1951
9792.6000 0.1952
9796.2000 0.1953
9805.6000 0.1954
9806.5000 0.1955
9807.7000 0.1956
9808.5000 0.1957
9833.9000 0.1958
9838.1000 0.1959
9851.6000 0.1960
9862.1000 0.1961
9892.2000 0.1962
9901.5000 0.1964
9903.5000 0.1965
9920.8000 0.1966
9936.6000 0.1967
9965.9000 0.1968
9977.2000 0.1969
9985.6000 0.1970
9990.7000 0.1971
9991.6000 0.1972
10000.0000 0.1973
10008.2000 0.1974
10013.6000 0.1975
10021.9000 0.1976
10027.9000 0.1977
10044.5000 0.1978
10045.2000 0.1979
10051.0000 0.1980
10062.1000 0.1981
10067.8000 0.1982
10071.6000 0.1983
10079.0000 0.1984
10079.0000 0.1985
10082.6000 0.1986
10088.0000 0.1987
10091.8000 0.1989
10130.4000 0.1990
10133.6000 0.1991
10142.3000 0.1992
10146.0000 0.1993
10160.7000 0.1994
10170.7000 0.1995
10182.3000 0.1996
10192.7000 0.1997
10193.1000 0.1998
10200.9000 0.1999
10203.6000 0.2000
10203.8000 0.2001
10228.7000 0.2002
10240.7000 0.2003
10243.1000 0.2004
10258.0000 0.2005
10262.5000 0.2006
10275.0000 0.2007
10279.7000 0.2008
10280.2000 0.2009
10293.7000 0.2010
10308.4000 0.2011
10311.0000 0.2012
10318.7000 0.2014
10327.1000 0.2015
10329.0000 0.2016
10335.7000 0.2017
10344.8000 0.2018
10352.9000 0.2019
10355.4000 0.2020
10363.1000 0.2021
10376.1000 0.2022
10391.3000 0.2023
10400.2000 0.2024
10406.8000 0.2025
10435.9000 0.2026
10446.6000 0.2027
10461.2000 0.2028
10467.1000 0.2029
10478.6000 0.2030
10499.9000 0.2031
10508.0000 0.2032
10508.1000 0.2033
10522.3000 0.2034
10524.1000 0.2035
10545.9000 0.2036
10551.1000 0.2037
10556.2000 0.2039
10575.6000 0.2040
10590.9000 0.2041
10598.9000 0.2042
10607.6000 0.2043
10611.7000 0.2044
10626.8000 0.2045
10630.9000 0.2046
10654.4000 0.2047
10663.1000 0.2048
10667.6000 0.2049
10683.6000 0.2050
10692.8000 0.2051
10702.0000 0.2052
10707.2000 0.2053
10713.3000 0.2054
10717.6000 0.2055
10718.4000 0.2056
10726.7000 0.2057
10747.0000 0.2058
10749.6000 0.2059
10751.8000 0.2060
10763.1000 0.2061
10763.5000 0.2062
10764.1000 0.2064
10780.6000 0.2065
10797.4000 0.2066
10798.5000 0.2067
10805.0000 0.2068
10813.2000 0.2069
10818.3000 0.2070
10840.6000 0.2071
10866.0000 0.2072
10870.6000 0.2073
10871.5000 0.2074
10879.5000 0.2075
10881.3000 0.2076
10885.7000 0.2077
10887.3000 0.2078
10937.7000 0.2079
10938.3000 0.2080
10958.1000 0.2081
10964.9000 0.2082
10967.9000 0.2083
10977.4000 0.2084
10996.4000 0.2085
11003.2000 0.2086
11010.8000 0.2087
11026.2000 0.2089
11029.4000 0.2090
11031.2000 0.2091
11033.2000 0.2092
11040.3000 0.2093
11054.1000 0.2094
11082.3000 0.2095
11146.9000 0.2096
11157.5000 0.2097
11167.4000 0.2098
11172.8000 0.2099
11188.8000 0.2100
11192.1000 0.2101
11196.6000 0.2102
11199.2000 0.2103
11204.8000 0.2104
11206.5000 0.2105
11224.8000 0.2106
11231.0000 0.2107
11244.4000 0.2108
11247.5000 0.2109
11256.5000 0.2110
11261.3000 0.2111
11277.3000 0.2112
11279.4000 0.2114
11287.8000 0.2115
11295.5000 0.2116
11296.2000 0.2117
11302.3000 0.2118
11302.7000 0.2119
11316.7000 0.2120
11339.0000 0.2121
11339.5000 0.2122
11350.5000 0.2123
11352.7000 0.2124
11378.8000 0.2125
11392.6000 0.2126
11399.6000 0.2127
11400.8000 0.2128
11413.6000 0.2129
11421.0000 0.2130
11422.9000 0.2131
11424.0000 0.2132
11429.0000 0.2133
11455.6000 0.2134
11469.8000 0.2135
11472.8000 0.2136
11480.2000 0.2137
11484.2000 0.2139
11484.6000 0.2140
11503.4000 0.2141
11505.6000 0.2142
11507.6000 0.2143
11512.5000 0.2144
11519.3000 0.2145
11519.8000 0.2146
11532.9000 0.2147
11547.5000 0.2148
11556.0000 0.2149
11557.7000 0.2150
11573.2000 0.2151
11579.5000 0.2152
11597.8000 0.2153
11602.4000 0.2154
11610.2000 0.2155
11614.0000 0.2156
11620.0000 0.2157
11649.9000 0.2158
11663.2000 0.2159
11670.9000 0.2160
11673.1000 0.2161
11682.0000 0.2162
11685.6000 0.2164
11696.3000 0.2165
11716.1000 0.2166
11724.2000 0.2167
11737.1000 0.2168
11737.7000 0.2169
11742.6000 0.2170
11752.3000 0.2171
11759.6000 0.2172
11760.0000 0.2173
11761.7000 0.2174
11763.5000 0.2175
11769.6000 0.2176
11769.8000 0.2177
11781.3000 0.2178
11805.6000 0.2179
11807.9000 0.2180
11813.4000 0.2181
11817.0000 0.2182
11823.4000 0.2183
11824.3000 0.2184
11838.6000 0.2185
11861.7000 0.2186
11862.7000 0.2187
11868.5000 0.2189
11878.7000 0.2190
11888.5000 0.2191
11888.6000 0.2192
11906.5000 0.2193
11912.8000 0.2194
11915.5000 0.2195
11919.8000 0.2196
11921.5000 0.2197
11923.7000 0.2198
11931.3000 0.2199
11948.0000 0.2200
11956.0000 0.2201
11963.5000 0.2202
11969.1000 0.2203
11980.8000 0.2204
11985.9000 0.2205
11989.0000 0.2206
11990.3000 0.2207
11992.4000 0.2208
11994.1000 0.2209
11995.5000 0.2210
12013.0000 0.2211
12016.9000 0.2212
12029.4000 0.2214
12037.8000 0.2215
12048.2000 0.2216
12058.0000 0.2217
12082.4000 0.2218
12091.0000 0.2219
12093.3000 0.2220
12094.1000 0.2221
12094.3000 0.2222
12095.9000 0.2223
12099.3000 0.2224
12102.7000 0.2225
12113.3000 0.2226
12118.1000 0.2227
12129.2000 0.2228
12130.2000 0.2229
12147.3000 0.2230
12152.6000 0.2231
12164.9000 0.2232
12178.6000 0.2233
12188.3000 0.2234
12199.0000 0.2235
12203.6000 0.2236
12221.7000 0.2237
12235.1000 0.2239
12244.0000 0.2240
12246.9000 0.2241
12248.3000 0.2242
12255.1000 0.2243
12256.9000 0.2244
12273.0000 0.2245
12286.9000 0.2246
12287.8000 0.2247
12298.0000 0.2248
12299.2000 0.2249
12305.9000 0.2250
12329.8000 0.2251
12335.7000 0.2252
12347.6000 0.2253
12354.3000 0.2254
12370.0000 0.2255
12388.3000 0.2256
12403.5000 0.2257
12405.0000 0.2258
12416.2000 0.2259
12417.4000 0.2260
12428.5000 0.2261
12429.1000 0.2262
12438.2000 0.2264
12454.2000 0.2265
12462.5000 0.2266
12478.3000 0.2267
12482.6000 0.2268
12505.7000 0.2269
12515.3000 0.2270
12520.1000 0.2271
12523.8000 0.2272
12530.8000 0.2273
12532.7000 0.2274
12538.9000 0.2275
12546.3000 0.2276
12548.4000 0.2277
12549.6000 0.2278
12554.0000 0.2279
12558.2000 0.2280
12572.8000 0.2281
12576.0000 0.2282
12579.3000 0.2283
12586.3000 0.2284
12594.8000 0.2285
12598.8000 0.2286
12599.3000 0.2287
12603.8000 0.2289
12615.7000 0.2290
12621.5000 0.2291
12637.0000 0.2292
12647.9000 0.2293
12654.2000 0.2294
12657.5000 0.2295
12668.7000 0.2296
12684.6000 0.2297
12684.9000 0.2298
12713.6000 0.2299
12722.8000 0.2300
12724.3000 0.2301
12727.8000 0.2302
12729.8000 0.2303
12745.0000 0.2304
12761.7000 0.2305
12778.9000 0.2306
12779.2000 0.2307
12788.0000 0.2308
12800.0000 0.2309
12815.0000 0.2310
12815.3000 0.2311
12820.5000 0.2312
12829.6000 0.2314
12839.6000 0.2315
12858.6000 0.2316
12859.2000 0.2317
12872.6000 0.2318
12875.3000 0.2319
12883.6000 0.2320
12890.7000 0.2321
12911.0000 0.2322
12922.8000 0.2323
12936.7000 0.2324
12942.3000 0.2325
12943.6000 0.2326
12949.3000 0.2327
12955.2000 0.2328
12966.5000 0.2329
12977.3000 0.2330
12981.0000 0.2331
12988.4000 0.2332
12992.6000 0.2333
12993.2000 0.2334
13002.9000 0.2335
13018.3000 0.2336
13030.1000 0.2337
13030.5000 0.2339
13035.2000 0.2340
13047.1000 0.2341
13067.6000 0.2342
13069.4000 0.2343
13071.1000 0.2344
13097.9000 0.2345
13110.0000 0.2346
13114.4000 0.2347
13119.1000 0.2348
13124.1000 0.2349
13135.6000 0.2350
13156.9000 0.2351
13164.1000 0.2352
13165.3000 0.2353
13173.9000 0.2354
13175.4000 0.2355
13219.8000 0.2356
13223.3000 0.2357
13227.4000 0.2358
13232.2000 0.2359
13258.8000 0.2360
13267.5000 0.2361
13279.8000 0.2362
13298.7000 0.2364
13313.0000 0.2365
13342.6000 0.2366
13367.9000 0.2367
13370.1000 0.2368
13370.3000 0.2369
13377.4000 0.2370
13379.2000 0.2371
13384.0000 0.2372
13391.7000 0.2373
13395.5000 0.2374
13412.3000 0.2375
13415.0000 0.2376
13418.3000 0.2377
13422.0000 0.2378
13441.6000 0.2379
13444.2000 0.2380
13453.4000 0.2381
13457.9000 0.2382
13463.5000 0.2383
13470.8000 0.2384
13495.2000 0.2385
13503.0000 0.2386
13513.5000 0.2387
13524.7000 0.2389
13537.2000 0.2390
13555.9000 0.2391
13617.5000 0.2392
13623.0000 0.2393
13645.2000 0.2394
13649.5000 0.2395
13669.0000 0.2396
13672.6000 0.2397
13673.3000 0.2398
13678.6000 0.2399
13679.6000 0.2400
13685.9000 0.2401
13694.5000 0.2402
13701.2000 0.2403
13704.8000 0.2404
13708.0000 0.2405
13709.7000 0.2406
13734.2000 0.2407
13744.9000 0.2408
13748.6000 0.2409
13769.6000 0.2410
13773.6000 0.2411
13830.6000 0.2412
13834.6000 0.2414
13840.3000 0.2415
13853.7000 0.2416
13853.7000 0.2417
13862.4000 0.2418
13866.2000 0.2419
13867.8000 0.2420
13873.8000 0.2421
13876.5000 0.2422
13898.2000 0.2423
13900.0000 0.2424
13915.7000 0.2425
13924.2000 0.2426
13927.3000 0.2427
13928.8000 0.2428
13934.3000 0.2429
13957.2000 0.2430
13993.8000 0.2431
13996.7000 0.2432
14003.2000 0.2433
14009.6000 0.2434
14062.9000 0.2435
14078.4000 0.2436
14078.6000 0.2437
14105.0000 0.2439
14107.6000 0.2440
14117.4000 0.2441
14118.5000 0.2442
14124.5000 0.2443
14125.2000 0.2444
14125.8000 0.2445
14125.9000 0.2446
14132.1000 0.2447
14153.9000 0.2448
14157.5000 0.2449
14170.0000 0.2450
14171.0000 0.2451
14171.3000 0.2452
14189.3000 0.2453
14189.4000 0.2454
14213.8000 0.2455
14216.0000 0.2456
14218.2000 0.2457
14220.2000 0.2458
14228.2000 0.2459
14234.0000 0.2460
14241.5000 0.2461
14258.1000 0.2462
14259.5000 0.2464
14316.9000 0.2465
14334.5000 0.2466
14336.1000 0.2467
14336.4000 0.2468
14336.8000 0.2469
14340.1000 0.2470
14342.3000 0.2471
14347.3000 0.2472
14353.6000 0.2473
14358.5000 0.2474
14397.3000 0.2475
14402.3000 0.2476
14411.0000 0.2477
14439.3000 0.2478
14442.8000 0.2479
14458.6000 0.2480
14466.0000 0.2481
14473.6000 0.2482
14479.4000 0.2483
14484.1000 0.2484
14494.7000 0.2485
14512.6000 0.2486
14530.3000 0.2487
14537.4000 0.2489
14541.2000 0.2490
14564.8000 0.2491
14576.9000 0.2492
14580.0000 0.2493
14583.0000 0.2494
14592.6000 0.2495
14594.6000 0.2496
14599.2000 0.2497
14600.9000 0.2498
14603.1000 0.2499
14611.7000 0.2500
14612.4000 0.2501
14615.9000 0.2502
14624.1000 0.2503
14630.3000 0.2504
14634.8000 0.2505
14648.3000 0.2506
14659.6000 0.2507
14670.0000 0.2508
14673.4000 0.2509
14682.4000 0.2510
14686.1000 0.2511
14689.3000 0.2512
14692.0000 0.2514
14701.3000 0.2515
14705.6000 0.2516
14707.9000 0.2517
14719.5000 0.2518
14729.0000 0.2519
14741.7000 0.2520
14751.1000 0.2521
14752.6000 0.2522
14760.9000 0.2523
14766.8000 0.2524
14776.8000 0.2525
14788.3000 0.2526
14793.6000 0.2527
14796.8000 0.2528
14800.6000 0.2529
14805.9000 0.2530
14831.0000 0.2531
14835.2000 0.2532
14850.4000 0.2533
14873.6000 0.2534
14877.3000 0.2535
14884.1000 0.2536
14891.8000 0.2537
14894.3000 0.2539
14909.2000 0.2540
14924.4000 0.2541
14928.3000 0.2542
14930.5000 0.2543
14934.1000 0.2544
14937.0000 0.2545
14956.0000 0.2546
14967.6000 0.2547
14988.2000 0.2548
14997.3000 0.2549
15015.0000 0.2550
15030.5000 0.2551
15034.1000 0.2552
15035.8000 0.2553
15048.5000 0.2554
15063.3000 0.2555
15069.4000 0.2556
15075.5000 0.2557
15085.2000 0.2558
15086.4000 0.2559
15089.0000 0.2560
15109.4000 0.2561
15118.8000 0.2562
15128.0000 0.2564
15128.3000 0.2565
15140.9000 0.2566
15145.0000 0.2567
15147.0000 0.2568
15155.3000 0.2569
15169.6000 0.2570
15204.4000 0.2571
15212.4000 0.2572
15226.7000 0.2573
15229.0000 0.2574
15231.2000 0.2575
15237.1000 0.2576
15238.4000 0.2577
15240.7000 0.2578
15257.3000 0.2579
15260.5000 0.2580
15269.8000 0.2581
15303.9000 0.2582
15308.4000 0.2583
15311.1000 0.2584
15315.1000 0.2585
15315.2000 0.2586
15323.5000 0.2587
15328.5000 0.2589
15333.2000 0.2590
15335.1000 0.2591
15346.0000 0.2592
15353.3000 0.2593
15355.0000 0.2594
15361.2000 0.2595
15369.1000 0.2596
15378.8000 0.2597
15383.6000 0.2598
15384.6000 0.2599
15391.3000 0.2600
15393.9000 0.2601
15397.4000 0.2602
15398.1000 0.2603
15398.4000 0.2604
15436.7000 0.2605
15501.2000 0.2606
15505.3000 0.2607
15506.1000 0.2608
15511.6000 0.2609
15525.5000 0.2610
15527.6000 0.2611
15532.9000 0.2612
15536.5000 0.2614
15541.5000 0.2615
15549.8000 0.2616
15564.4000 0.2617
15585.0000 0.2618
15589.5000 0.2619
15596.6000 0.2620
15596.9000 0.2621
15608.3000 0.2622
15619.6000 0.2623
15635.1000 0.2624
15635.2000 0.2625
15638.1000 0.2626
15663.7000 0.2627
15667.6000 0.2628
15691.4000 0.2629
15691.7000 0.2630
15706.1000 0.2631
15747.4000 0.2632
15773.5000 0.2633
15806.9000 0.2634
15823.0000 0.2635
15826.5000 0.2636
15836.9000 0.2637
15840.7000 0.2639
15853.4000 0.2640
15868.0000 0.2641
15889.5000 0.2642
15894.8000 0.2643
15913.0000 0.2644
15913.6000 0.2645
15913.9000 0.2646
15941.3000 0.2647
15942.1000 0.2648
15943.1000 0.2649
15954.4000 0.2650
15954.8000 0.2651
15960.8000 0.2652
15978.8000 0.2653
15997.7000 0.2654
15998.9000 0.2655
16001.4000 0.2656
16009.3000 0.2657
16010.8000 0.2658
16012.0000 0.2659
16028.0000 0.2660
16044.9000 0.2661
16051.0000 0.2662
16064.1000 0.2664
16085.5000 0.2665
16098.4000 0.2666
16107.6000 0.2667
16108.6000 0.2668
16109.0000 0.2669
16125.0000 0.2670
16131.3000 0.2671
16163.6000 0.2672
16184.4000 0.2673
16185.6000 0.2674
16197.8000 0.2675
16200.6000 0.2676
16207.7000 0.2677
16216.3000 0.2678
16220.4000 0.2679
16224.8000 0.2680
16226.2000 0.2681
16237.4000 0.2682
16238.3000 0.2683
16240.2000 0.2684
16249.8000 0.2685
16263.1000 0.2686
16267.9000 0.2687
16268.8000 0.2689
16270.6000 0.2690
16273.7000 0.2691
16288.1000 0.2692
16289.8000 0.2693
16305.1000 0.2694
16336.4000 0.2695
16339.4000 0.2696
16354.1000 0.2697
16355.5000 0.2698
16356.6000 0.2699
16358.2000 0.2700
16368.8000 0.2701
16370.5000 0.2702
16375.4000 0.2703
16382.7000 0.2704
16386.1000 0.2705
16386.8000 0.2706
16400.5000 0.2707
16400.8000 0.2708
16442.3000 0.2709
16454.3000 0.2710
16460.3000 0.2711
16472.6000 0.2712
16475.2000 0.2714
16478.1000 0.2715
16490.0000 0.2716
16500.3000 0.2717
16501.0000 0.2718
16501.5000 0.2719
16505.1000 0.2720
16510.6000 0.2721
16515.6000 0.2722
16520.6000 0.2723
16548.5000 0.2724
16572.8000 0.2725
16581.8000 0.2726
16591.3000 0.2727
16595.0000 0.2728
16615.6000 0.2729
16632.5000 0.2730
16634.6000 0.2731
16637.1000 0.2732
16638.6000 0.2733
16642.5000 0.2734
16651.0000 0.2735
16656.6000 0.2736
16665.0000 0.2737
16673.0000 0.2739
16687.1000 0.2740
16689.1000 0.2741
16699.3000 0.2742
16719.3000 0.2743
16724.3000 0.2744
16729.0000 0.2745
16731.5000 0.2746
16734.2000 0.2747
16737.5000 0.2748
16743.3000 0.2749
16763.0000 0.2750
16765.9000 0.2751
16782.6000 0.2752
16783.4000 0.2753
16786.5000 0.2754
16790.7000 0.2755
16793.5000 0.2756
16794.4000 0.2757
16801.9000 0.2758
16804.6000 0.2759
16805.8000 0.2760
16817.4000 0.2761
16825.0000 0.2762
16860.7000 0.2764
16877.7000 0.2765
16885.1000 0.2766
16896.4000 0.2767
16901.8000 0.2768
16908.4000 0.2769
16922.5000 0.2770
16933.5000 0.2771
16944.6000 0.2772
16959.2000 0.2773
16961.6000 0.2774
16979.4000 0.2775
16989.1000 0.2776
16990.1000 0.2777
16999.1000 0.2778
17002.2000 0.2779
17009.6000 0.2780
17012.2000 0.2781
17042.6000 0.2782
17046.8000 0.2783
17055.1000 0.2784
17073.5000 0.2785
17078.5000 0.2786
17088.8000 0.2787
17093.7000 0.2789
17105.8000 0.2790
17115.6000 0.2791
17122.1000 0.2792
17126.2000 0.2793
17131.1000 0.2794
17132.2000 0.2795
17136.8000 0.2796
17138.6000 0.2797
17141.5000 0.2798
17146.4000 0.2799
17148.8000 0.2800
17152.4000 0.2801
17167.3000 0.2802
17168.8000 0.2803
17176.9000 0.2804
17189.5000 0.2805
17194.9000 0.2806
17241.0000 0.2807
17250.3000 0.2808
17254.3000 0.2809
17254.6000 0.2810
17281.9000 0.2811
17289.4000 0.2812
17294.6000 0.2814
17296.8000 0.2815
17297.9000 0.2816
17303.6000 0.2817
17305.1000 0.2818
17306.5000 0.2819
17311.4000 0.2820
17315.8000 0.2821
17325.3000 0.2822
17329.0000 0.2823
17357.2000 0.2824
17358.5000 0.2825
17370.2000 0.2826
17377.9000 0.2827
17411.0000 0.2828
17423.0000 0.2829
17424.7000 0.2830
17432.5000 0.2831
17434.3000 0.2832
17453.2000 0.2833
17455.1000 0.2834
17459.4000 0.2835
17463.9000 0.2836
17484.3000 0.2837
17496.1000 0.2839
17510.8000 0.2840
17519.0000 0.2841
17531.4000 0.2842
17543.3000 0.2843
17547.9000 0.2844
17560.0000 0.2845
17573.6000 0.2846
17574.5000 0.2847
17576.9000 0.2848
17581.6000 0.2849
17590.9000 0.2850
17603.1000 0.2851
17612.6000 0.2852
17631.7000 0.2853
17633.5000 0.2854
17636.1000 0.2855
17639.7000 0.2856
17645.6000 0.2857
17652.0000 0.2858
17652.9000 0.2859
17663.1000 0.2860
17664.7000 0.2861
17680.6000 0.2862
17686.4000 0.2864
17700.3000 0.2865
17702.9000 0.2866
17705.1000 0.2867
17709.2000 0.2868
17710.7000 0.2869
17714.0000 0.2870
17750.7000 0.2871
17777.3000 0.2872
17805.2000 0.2873
17807.8000 0.2874
17828.9000 0.2875
17836.3000 0.2876
17837.2000 0.2877
17838.6000 0.2878
17847.9000 0.2879
17853.0000 0.2880
17885.1000 0.2881
17885.3000 0.2882
17893.6000 0.2883
17901.6000 0.2884
17918.5000 0.2885
17924.1000 0.2886
17924.6000 0.2887
17926.7000 0.2889
17938.8000 0.2890
17939.9000 0.2891
17953.8000 0.2892
17961.0000 0.2893
17961.2000 0.2894
17961.9000 0.2895
17964.4000 0.2896
17982.1000 0.2897
18007.3000 0.2898
18007.3000 0.2899
18024.6000 0.2900
18026.1000 0.2901
18043.9000 0.2902
18047.7000 0.2903
18067.6000 0.2904
18072.1000 0.2905
18072.4000 0.2906
18074.0000 0.2907
18078.1000 0.2908
18086.1000 0.2909
18099.1000 0.2910
18102.3000 0.2911
18107.6000 0.2912
18109.0000 0.2914
18123.1000 0.2915
18136.8000 0.2916
18150.1000 0.2917
18173.5000 0.2918
18177.9000 0.2919
18187.5000 0.2920
18202.0000 0.2921
18205.0000 0.2922
18248.7000 0.2923
18250.4000 0.2924
18264.8000 0.2925
18284.1000 0.2926
18292.5000 0.2927
18293.2000 0.2928
18293.7000 0.2929
18307.0000 0.2930
18311.1000 0.2931
18314.1000 0.2932
18328.8000 0.2933
18345.2000 0.2934
18348.1000 0.2935
18357.8000 0.2936
18360.7000 0.2937
18367.3000 0.2939
18367.5000 0.2940
18375.6000 0.2941
18378.0000 0.2942
18379.2000 0.2943
18413.0000 0.2944
18415.7000 0.2945
18423.8000 0.2946
18432.8000 0.2947
18438.8000 0.2948
18456.1000 0.2949
18487.7000 0.2950
18495.2000 0.2951
18500.8000 0.2952
18513.7000 0.2953
18524.4000 0.2954
18547.0000 0.2955
18552.4000 0.2956
18566.4000 0.2957
18566.9000 0.2958
18568.4000 0.2959
18574.2000 0.2960
18578.1000 0.2961
18586.2000 0.2962
18590.8000 0.2964
18596.2000 0.2965
18601.7000 0.2966
18603.7000 0.2967
18613.8000 0.2968
18623.2000 0.2969
18654.2000 0.2970
18664.8000 0.2971
18694.7000 0.2972
18698.6000 0.2973
18703.0000 0.2974
18734.1000 0.2975
18740.6000 0.2976
18748.1000 0.2977
18758.4000 0.2978
18812.7000 0.2979
18813.7000 0.2980
18818.1000 0.2981
18829.8000 0.2982
18836.5000 0.2983
18842.6000 0.2984
18842.6000 0.2985
18861.3000 0.2986
18865.4000 0.2987
18865.5000 0.2989
18872.4000 0.2990
18900.5000 0.2991
18901.4000 0.2992
18919.5000 0.2993
18935.6000 0.2994
18936.5000 0.2995
18937.3000 0.2996
18943.0000 0.2997
18943.9000 0.2998
18957.3000 0.2999
18963.0000 0.3000
18964.6000 0.3001
18976.2000 0.3002
18977.0000 0.3003
18977.8000 0.3004
18995.4000 0.3005
18998.4000 0.3006
19000.9000 0.3007
19001.0000 0.3008
19023.6000 0.3009
19031.1000 0.3010
19031.5000 0.3011
19033.8000 0.3012
19038.6000 0.3014
19052.8000 0.3015
19073.2000 0.3016
19093.1000 0.3017
19139.0000 0.3018
19153.1000 0.3019
19155.9000 0.3020
19156.3000 0.3021
19162.3000 0.3022
19162.8000 0.3023
19186.6000 0.3024
19188.6000 0.3025
19232.2000 0.3026
19247.9000 0.3027
19248.3000 0.3028
19250.3000 0.3029
19254.7000 0.3030
19256.9000 0.3031
19269.6000 0.3032
19278.5000 0.3033
19280.7000 0.3034
19282.4000 0.3035
19291.8000 0.3036
19293.9000 0.3037
19296.5000 0.3039
19304.3000 0.3040
19306.5000 0.3041
19310.3000 0.3042
19316.0000 0.3043
19324.0000 0.3044
19337.2000 0.3045
19370.6000 0.3046
19372.1000 0.3047
19374.0000 0.3048
19384.6000 0.3049
19386.9000 0.3050
19387.0000 0.3051
19414.1000 0.3052
19427.1000 0.3053
19441.6000 0.3054
19451.1000 0.3055
19461.3000 0.3056
19464.9000 0.3057
19477.2000 0.3058
19498.4000 0.3059
19504.4000 0.3060
19507.6000 0.3061
19534.2000 0.3062
19535.1000 0.3064
19545.4000 0.3065
19548.8000 0.3066
19550.7000 0.3067
19566.3000 0.3068
19573.5000 0.3069
19577.9000 0.3070
19602.2000 0.3071
19624.9000 0.3072
19674.0000 0.3073
19717.1000 0.3074
19719.2000 0.3075
19719.6000 0.3076
19721.1000 0.3077
19725.4000 0.3078
19731.5000 0.3079
19735.2000 0.3080
19757.6000 0.3081
19759.0000 0.3082
19793.8000 0.3083
19795.7000 0.3084
19809.8000 0.3085
19813.1000 0.3086
19820.9000 0.3087
19822.2000 0.3089
19823.2000 0.3090
19836.4000 0.3091
19841.5000 0.3092
19854.8000 0.3093
19859.6000 0.3094
19871.0000 0.3095
19891.4000 0.3096
19901.2000 0.3097
19911.6000 0.3098
19927.1000 0.3099
19928.2000 0.3100
19938.2000 0.3101
19948.5000 0.3102
19957.0000 0.3103
19979.7000 0.3104
19996.9000 0.3105
20001.8000 0.3106
20017.2000 0.3107
20035.3000 0.3108
20035.4000 0.3109
20037.0000 0.3110
20043.5000 0.3111
20051.0000 0.3112
20054.0000 0.3114
20061.2000 0.3115
20063.3000 0.3116
20065.4000 0.3117
20068.2000 0.3118
20075.5000 0.3119
20092.3000 0.3120
20095.3000 0.3121
20102.7000 0.3122
20103.6000 0.3123
20106.0000 0.3124
20114.2000 0.3125
20122.7000 0.3126
20127.8000 0.3127
20133.8000 0.3128
20137.6000 0.3129
20139.2000 0.3130
20141.5000 0.3131
20141.5000 0.3132
20151.1000 0.3133
20157.8000 0.3134
20162.1000 0.3135
20167.3000 0.3136
20177.5000 0.3137
20191.8000 0.3139
20218.8000 0.3140
20221.3000 0.3141
20240.2000 0.3142
20245.9000 0.3143
20246.0000 0.3144
20259.7000 0.3145
20263.7000 0.3146
20271.6000 0.3147
20280.8000 0.3148
20283.2000 0.3149
20284.7000 0.3150
20296.6000 0.3151
20301.3000 0.3152
20314.7000 0.3153
20316.7000 0.3154
20334.4000 0.3155
20336.5000 0.3156
20339.3000 0.3157
20344.0000 0.3158
20344.3000 0.3159
20351.8000 0.3160
20364.5000 0.3161
20368.8000 0.3162
20371.3000 0.3164
20385.7000 0.3165
20386.2000 0.3166
20388.9000 0.3167
20396.6000 0.3168
20396.7000 0.3169
20407.7000 0.3170
20441.1000 0.3171
20449.1000 0.3172
20449.2000 0.3173
20458.3000 0.3174
20462.6000 0.3175
20482.4000 0.3176
20490.8000 0.3177
20493.6000 0.3178
20497.6000 0.3179
20497.8000 0.3180
20508.6000 0.3181
20514.5000 0.3182
20517.9000 0.3183
20532.7000 0.3184
20538.4000 0.3185
20540.0000 0.3186
20545.7000 0.3187
20549.5000 0.3189
20568.6000 0.3190
20580.6000 0.3191
20587.0000 0.3192
20599.5000 0.3193
20617.0000 0.3194
20617.1000 0.3195
20629.0000 0.3196
20629.4000 0.3197
20640.3000 0.3198
20645.9000 0.3199
20654.6000 0.3200
20657.7000 0.3201
20659.0000 0.3202
20679.0000 0.3203
20682.7000 0.3204
20689.6000 0.3205
20712.6000 0.3206
20717.6000 0.3207
20720.0000 0.3208
20726.1000 0.3209
20732.8000 0.3210
20735.1000 0.3211
20760.4000 0.3212
20761.6000 0.3214
20775.1000 0.3215
20779.1000 0.3216
20784.4000 0.3217
20787.9000 0.3218
20790.6000 0.3219
20793.4000 0.3220
20794.5000 0.3221
20805.6000 0.3222
20810.8000 0.3223
20838.9000 0.3224
20842.3000 0.3225
20845.7000 0.3226
20846.0000 0.3227
20852.1000 0.3228
20858.6000 0.3229
20859.1000 0.3230
20863.8000 0.3231
20876.5000 0.3232
20878.8000 0.3233
20925.8000 0.3234
20941.1000 0.3235
20944.6000 0.3236
20944.8000 0.3237
20966.5000 0.3239
20994.7000 0.3240
21024.7000 0.3241
21037.0000 0.3242
21060.1000 0.3243
21068.3000 0.3244
21079.5000 0.3245
21082.4000 0.3246
21095.2000 0.3247
21108.4000 0.3248
21111.7000 0.3249
21115.8000 0.3250
21119.8000 0.3251
21120.2000 0.3252
21120.4000 0.3253
21120.7000 0.3254
21123.4000 0.3255
21140.9000 0.3256
21141.5000 0.3257
21147.0000 0.3258
21159.1000 0.3259
21162.0000 0.3260
21204.2000 0.3261
21286.4000 0.3263
21296.7000 0.3264
21304.3000 0.3265
21316.2000 0.3266
21320.6000 0.3267
21326.3000 0.3268
21349.8000 0.3269
21393.8000 0.3270
21401.6000 0.3271
21438.4000 0.3272
21454.7000 0.3273
21461.9000 0.3274
21472.1000 0.3275
21485.0000 0.3276
21487.1000 0.3277
21489.6000 0.3278
21506.1000 0.3279
21519.0000 0.3280
21520.8000 0.3281
21547.8000 0.3282
21552.7000 0.3283
21553.4000 0.3284
21583.0000 0.3285
21587.6000 0.3286
21590.2000 0.3288
21597.6000 0.3289
21609.5000 0.3290
21636.6000 0.3291
21652.5000 0.3292
21669.0000 0.3293
21685.6000 0.3294
21709.3000 0.3295
21710.4000 0.3296
21723.0000 0.3297
21729.7000 0.3298
21730.5000 0.3299
21752.6000 0.3300
21758.6000 0.3301
21765.9000 0.3302
21766.7000 0.3303
21785.3000 0.3304
21793.6000 0.3305
21828.8000 0.3306
21849.5000 0.3307
21856.3000 0.3308
21877.0000 0.3309
21879.8000 0.3310
21907.0000 0.3311
21923.7000 0.3313
21927.2000 0.3314
21941.3000 0.3315
21946.5000 0.3316
21953.0000 0.3317
21995.4000 0.3318
22016.7000 0.3319
22021.5000 0.3320
22029.9000 0.3321
22039.6000 0.3322
22041.9000 0.3323
22050.1000 0.3324
22068.8000 0.3325
22113.4000 0.3326
22114.1000 0.3327
22115.2000 0.3328
22120.2000 0.3329
22126.1000 0.3330
22130.1000 0.3331
22135.5000 0.3332
22142.2000 0.3333
22166.8000 0.3334
22167.6000 0.3335
22205.2000 0.3336
22206.6000 0.3338
22248.1000 0.3339
22249.7000 0.3340
22258.2000 0.3341
22268.2000 0.3342
22300.0000 0.3343
22304.0000 0.3344
22311.2000 0.3345
22312.7000 0.3346
22312.8000 0.3347
22349.9000 0.3348
22360.8000 0.3349
22361.4000 0.3350
22397.5000 0.3351
22421.7000 0.3352
22431.0000 0.3353
22434.4000 0.3354
22444.5000 0.3355
22457.3000 0.3356
22464.1000 0.3357
22472.7000 0.3358
22474.4000 0.3359
22483.6000 0.3360
22484.7000 0.3361
22496.3000 0.3363
22499.9000 0.3364
22531.9000 0.3365
22536.6000 0.3366
22537.3000 0.3367
22549.1000 0.3368
22560.5000 0.3369
22567.2000 0.3370
22569.4000 0.3371
22577.3000 0.3372
22579.2000 0.3373
22581.2000 0.3374
22581.3000 0.3375
22591.8000 0.3376
22615.1000 0.3377
22619.1000 0.3378
22632.3000 0.3379
22670.7000 0.3380
22672.6000 0.3381
22681.7000 0.3382
22700.7000 0.3383
22703.4000 0.3384
22724.3000 0.3385
22748.1000 0.3386
22758.5000 0.3388
22762.5000 0.3389
22767.7000 0.3390
22807.5000 0.3391
22813.6000 0.3392
22826.7000 0.3393
22839.5000 0.3394
22855.9000 0.3395
22876.0000 0.3396
22878.6000 0.3397
22884.3000 0.3398
22895.5000 0.3399
22899.1000 0.3400
22951.2000 0.3401
22972.1000 0.3402
22980.2000 0.3403
22996.2000 0.3404
23008.0000 0.3405
23031.1000 0.3406
23041.0000 0.3407
23046.6000 0.3408
23091.2000 0.3409
23115.2000 0.3410
23122.3000 0.3411
23139.3000 0.3413
23142.0000 0.3414
23167.8000 0.3415
23197.0000 0.3416
23217.5000 0.3417
23227.0000 0.3418
23242.6000 0.3419
23266.9000 0.3420
23269.2000 0.3421
23306.2000 0.3422
23323.7000 0.3423
23330.8000 0.3424
23379.0000 0.3425
23418.1000 0.3426
23438.2000 0.3427
23454.0000 0.3428
23462.3000 0.3429
23514.4000 0.3430
23516.6000 0.3431
23516.8000 0.3432
23519.1000 0.3433
23521.7000 0.3434
23533.0000 0.3435
23552.9000 0.3436
23558.5000 0.3438
23578.1000 0.3439
23610.1000 0.3440
23627.8000 0.3441
23660.4000 0.3442
23728.4000 0.3443
23754.9000 0.3444
23756.0000 0.3445
23768.1000 0.3446
23800.7000 0.3447
23817.6000 0.3448
23823.3000 0.3449
23824.7000 0.3450
23839.1000 0.3451
23873.8000 0.3452
23875.0000 0.3453
23903.0000 0.3454
23919.0000 0.3455
23974.2000 0.3456
