60.0000 0.0000 0.0000
120.1000 0.0000 0.0000
180.2000 0.0000 0.0000
240.3000 0.0000 0.0000
300.3000 0.0001 0.0000
360.3000 0.0001 0.0000
420.3000 0.0001 0.0000
480.3000 0.0001 0.0000
540.3000 0.0002 0.0000
600.3000 0.0002 0.0000
660.3000 0.0002 0.0000
720.3000 0.0003 0.0000
780.3000 0.0003 0.0000
840.3000 0.0003 0.0000
900.3000 0.0004 0.0000
960.3000 0.0005 0.0000
1020.3000 0.0006 0.0000
1080.4000 0.0008 0.0000
1140.5000 0.0009 0.0000
1200.6000 0.0011 0.0000
1260.7000 0.0012 0.0000
1320.8000 0.0014 0.0000
1380.9000 0.0017 0.0000
1441.0000 0.0019 0.0000
1501.1000 0.0023 0.0000
1561.2000 0.0027 0.0000
1621.3000 0.0033 0.0000
1681.4000 0.0036 0.0000
1741.5000 0.0040 0.0000
1801.6000 0.0045 0.0000
1861.7000 0.0049 0.0000
1921.8000 0.0055 0.0000
1981.9000 0.0060 0.0000
2042.0000 0.0068 0.0000
2102.1000 0.0077 0.0000
2162.2000 0.0086 0.0000
2222.3000 0.0093 0.0000
2282.4000 0.0103 0.0000
2342.5000 0.0113 0.0000
2402.6000 0.0123 0.0000
2462.7000 0.0133 0.0000
2522.8000 0.0140 0.0000
2582.9000 0.0148 0.0000
2643.0000 0.0155 0.0000
2703.1000 0.0164 0.0000
2763.2000 0.0173 0.0000
2823.3000 0.0183 0.0000
2883.4000 0.0188 0.0000
2943.5000 0.0196 0.0000
3003.6000 0.0203 0.0000
3063.7000 0.0209 0.0000
3123.8000 0.0216 0.0000
3183.9000 0.0223 0.0000
3244.0000 0.0232 0.0000
3304.1000 0.0244 0.0000
3364.2000 0.0253 0.0000
3424.3000 0.0261 0.0000
3484.4000 0.0271 0.0000
3544.5000 0.0281 0.0000
3604.6000 0.0290 0.0000
3664.7000 0.0298 0.0000
3724.8000 0.0307 0.0000
3784.9000 0.0314 0.0000
3845.0000 0.0322 0.0000
3905.1000 0.0331 0.0000
3965.2000 0.0338 0.0000
4025.3000 0.0348 0.0000
4085.4000 0.0353 0.0000
4145.4000 0.0362 0.0000
4205.4000 0.0368 0.0000
4265.4000 0.0374 0.0000
4325.4000 0.0381 0.0000
4385.4000 0.0388 0.0000
4445.4000 0.0397 0.0000
4505.4000 0.0406 0.0000
4565.4000 0.0415 0.0000
4625.4000 0.0422 0.0000
4685.4000 0.0433 0.0000
4745.4000 0.0442 0.0000
4805.4000 0.0451 0.0000
4865.4000 0.0461 0.0000
4925.4000 0.0468 0.0000
4985.4000 0.0476 0.0000
5045.4000 0.0484 0.0000
5105.4000 0.0491 0.0000
5165.4000 0.0499 0.0000
5225.4000 0.0508 0.0000
5285.4000 0.0512 0.0000
5345.4000 0.0520 0.0000
5405.4000 0.0526 0.0000
5465.4000 0.0531 0.0000
5525.4000 0.0537 0.0000
5585.4000 0.0544 0.0000
5645.4000 0.0552 0.0000
5705.4000 0.0562 0.0000
5765.4000 0.0571 0.0000
5825.4000 0.0577 0.0000
5885.4000 0.0588 0.0000
5945.4000 0.0596 0.0000
6005.4000 0.0605 0.0000
6065.4000 0.0614 0.0000
6125.4000 0.0623 0.0000
6185.4000 0.0631 0.0000
6245.4000 0.0638 0.0000
6305.4000 0.0645 0.0000
6365.4000 0.0651 0.0000
6425.4000 0.0658 0.0000
6485.4000 0.0662 0.0000
6545.4000 0.0668 0.0000
6605.4000 0.0673 0.0000
6665.4000 0.0679 0.0000
6725.4000 0.0685 0.0000
6785.4000 0.0691 0.0000
6845.4000 0.0698 0.0000
6905.4000 0.0705 0.0000
6965.4000 0.0713 0.0000
7025.4000 0.0720 0.0000
7085.4000 0.0727 0.0000
7145.4000 0.0733 0.0000
7205.4000 0.0739 0.0000
7265.4000 0.0745 0.0000
7325.4000 0.0751 0.0000
7385.4000 0.0756 0.0000
7445.4000 0.0760 0.0000
7505.4000 0.0765 0.0000
7565.4000 0.0771 0.0000
7625.4000 0.0777 0.0000
7685.4000 0.0780 0.0000
7745.4000 0.0783 0.0000
7805.4000 0.0788 0.0000
7865.4000 0.0792 0.0000
7925.4000 0.0796 0.0000
7985.4000 0.0798 0.0000
8045.4000 0.0801 0.0000
8105.4000 0.0803 0.0000
8165.4000 0.0805 0.0000
8225.4000 0.0808 0.0000
8285.4000 0.0811 0.0000
8345.4000 0.0815 0.0000
8405.4000 0.0818 0.0000
8465.4000 0.0822 0.0000
8525.4000 0.0825 0.0001
8585.4000 0.0829 0.0001
8645.4000 0.0832 0.0001
8705.4000 0.0836 0.0001
8765.4000 0.0839 0.0001
8825.4000 0.0843 0.0001
8885.4000 0.0846 0.0001
8945.4000 0.0848 0.0001
9005.4000 0.0851 0.0001
9065.4000 0.0853 0.0001
9125.4000 0.0855 0.0001
9185.4000 0.0858 0.0001
9245.4000 0.0859 0.0001
9305.4000 0.0860 0.0001
9365.4000 0.0861 0.0001
9425.4000 0.0862 0.0001
9485.4000 0.0862 0.0001
9545.4000 0.0863 0.0001
9605.4000 0.0863 0.0001
9665.4000 0.0864 0.0001
9725.4000 0.0864 0.0001
9785.4000 0.0865 0.0001
9845.4000 0.0865 0.0001
9905.4000 0.0865 0.0001
9965.4000 0.0865 0.0001
10025.4000 0.0865 0.0001
10085.4000 0.0865 0.0001
10145.4000 0.0865 0.0001
10205.4000 0.0865 0.0001
10265.4000 0.0865 0.0001
10325.4000 0.0866 0.0001
10385.4000 0.0866 0.0001
10445.4000 0.0866 0.0001
10505.4000 0.0866 0.0001
10565.4000 0.0866 0.0001
10625.4000 0.0866 0.0001
10685.4000 0.0866 0.0001
10745.4000 0.0866 0.0001
10805.4000 0.0866 0.0001
10865.4000 0.0867 0.0001
10925.4000 0.0867 0.0001
10985.4000 0.0867 0.0001
11045.4000 0.0867 0.0001
11105.4000 0.0867 0.0001
11165.4000 0.0867 0.0001
11225.4000 0.0867 0.0001
11285.4000 0.0867 0.0001
11345.4000 0.0867 0.0001
11405.4000 0.0868 0.0001
11465.4000 0.0868 0.0001
11525.4000 0.0868 0.0001
11585.4000 0.0868 0.0001
11645.4000 0.0868 0.0001
11705.4000 0.0868 0.0001
11765.4000 0.0868 0.0001
11825.4000 0.0868 0.0001
11885.4000 0.0869 0.0001
11945.4000 0.0869 0.0001
12005.4000 0.0869 0.0001
12065.4000 0.0869 0.0001
12125.4000 0.0869 0.0001
12185.4000 0.0869 0.0001
12245.4000 0.0869 0.0001
12305.4000 0.0869 0.0001
12365.4000 0.0869 0.0001
12425.4000 0.0870 0.0001
12485.4000 0.0870 0.0001
12545.4000 0.0870 0.0001
12605.4000 0.0870 0.0001
12665.4000 0.0870 0.0001
12725.4000 0.0870 0.0001
12785.4000 0.0870 0.0001
12845.4000 0.0870 0.0001
12905.4000 0.0870 0.0001
12965.4000 0.0871 0.0001
13025.4000 0.0871 0.0001
13085.4000 0.0871 0.0001
13145.4000 0.0871 0.0001
13205.4000 0.0871 0.0001
13265.4000 0.0871 0.0001
13325.4000 0.0871 0.0001
13385.4000 0.0871 0.0001
13445.4000 0.0871 0.0001
13505.4000 0.0872 0.0001
13565.4000 0.0872 0.0001
13625.4000 0.0872 0.0001
13685.4000 0.0872 0.0001
13745.4000 0.0872 0.0001
13805.4000 0.0872 0.0001
13865.4000 0.0872 0.0001
13925.4000 0.0872 0.0001
13985.4000 0.0872 0.0001
14045.4000 0.0873 0.0001
14105.4000 0.0873 0.0001
14165.4000 0.0873 0.0001
14225.4000 0.0873 0.0001
14285.4000 0.0873 0.0001
14345.4000 0.0873 0.0001
14405.4000 0.0873 0.0001
14465.4000 0.0873 0.0001
14525.4000 0.0873 0.0001
14585.4000 0.0874 0.0001
14645.4000 0.0874 0.0001
14705.4000 0.0874 0.0001
14765.4000 0.0874 0.0001
14825.4000 0.0874 0.0001
14885.4000 0.0874 0.0001
14945.4000 0.0874 0.0001
15005.4000 0.0874 0.0001
15065.4000 0.0874 0.0001
15125.4000 0.0875 0.0001
15185.4000 0.0875 0.0001
15245.4000 0.0875 0.0001
15305.4000 0.0875 0.0001
15365.4000 0.0875 0.0001
15425.4000 0.0875 0.0001
15485.4000 0.0875 0.0001
15545.4000 0.0875 0.0001
15605.4000 0.0876 0.0001
15665.4000 0.0876 0.0001
15725.4000 0.0876 0.0001
15785.4000 0.0876 0.0001
15845.4000 0.0876 0.0001
15905.4000 0.0876 0.0001
15965.4000 0.0876 0.0001
16025.4000 0.0876 0.0001
16085.4000 0.0876 0.0001
16145.4000 0.0877 0.0001
16205.4000 0.0877 0.0001
16265.4000 0.0877 0.0001
16325.4000 0.0877 0.0001
16385.4000 0.0877 0.0001
16445.5000 0.0877 0.0001
16505.6000 0.0877 0.0001
16565.7000 0.0877 0.0001
16625.8000 0.0877 0.0001
16685.9000 0.0878 0.0001
16746.0000 0.0878 0.0001
16806.1000 0.0878 0.0001
16866.2000 0.0878 0.0001
16926.3000 0.0878 0.0001
16986.4000 0.0878 0.0001
17046.5000 0.0878 0.0001
17106.6000 0.0878 0.0001
17166.7000 0.0878 0.0001
17226.8000 0.0879 0.0001
17286.9000 0.0879 0.0001
17347.0000 0.0879 0.0001
17407.1000 0.0879 0.0001
17467.2000 0.0879 0.0001
17527.3000 0.0879 0.0001
17587.4000 0.0879 0.0001
17647.5000 0.0879 0.0001
17707.6000 0.0880 0.0001
17767.7000 0.0880 0.0001
17827.8000 0.0880 0.0001
17887.9000 0.0880 0.0001
17948.0000 0.0880 0.0001
18008.1000 0.0880 0.0001
18068.2000 0.0880 0.0001
18128.3000 0.0880 0.0001
18188.4000 0.0881 0.0001
18248.5000 0.0883 0.0001
18308.6000 0.0884 0.0001
18368.7000 0.0885 0.0001
18428.8000 0.0886 0.0001
18488.9000 0.0887 0.0001
18549.0000 0.0889 0.0001
18609.1000 0.0891 0.0001
18669.2000 0.0893 0.0001
18729.3000 0.0896 0.0001
18789.4000 0.0899 0.0001
18849.5000 0.0902 0.0001
18909.6000 0.0907 0.0001
18969.7000 0.0912 0.0001
19029.8000 0.0918 0.0001
19089.9000 0.0924 0.0001
19150.0000 0.0929 0.0001
19210.1000 0.0935 0.0001
19270.2000 0.0943 0.0001
19330.3000 0.0951 0.0001
19390.4000 0.0959 0.0001
19450.5000 0.0968 0.0001
19510.6000 0.0977 0.0001
19570.7000 0.0987 0.0001
19630.8000 0.0997 0.0001
19690.9000 0.1006 0.0001
19751.0000 0.1016 0.0001
19811.1000 0.1028 0.0001
19871.2000 0.1040 0.0001
19931.3000 0.1054 0.0001
19991.4000 0.1069 0.0001
20051.5000 0.1081 0.0001
20111.6000 0.1097 0.0001
20171.7000 0.1111 0.0001
20231.8000 0.1128 0.0001
20291.9000 0.1145 0.0001
20352.0000 0.1164 0.0001
20412.1000 0.1181 0.0001
20472.2000 0.1202 0.0001
20532.3000 0.1225 0.0001
20592.4000 0.1245 0.0001
20652.5000 0.1269 0.0001
20712.6000 0.1293 0.0001
20772.7000 0.1313 0.0001
20832.8000 0.1333 0.0001
20892.9000 0.1356 0.0001
20953.0000 0.1382 0.0001
21013.1000 0.1409 0.0001
21073.2000 0.1437 0.0001
21133.3000 0.1463 0.0001
21193.4000 0.1494 0.0001
21253.5000 0.1523 0.0001
21313.6000 0.1553 0.0001
21373.7000 0.1584 0.0001
21433.8000 0.1615 0.0001
21493.9000 0.1644 0.0001
21554.0000 0.1675 0.0001
21614.1000 0.1710 0.0001
21674.2000 0.1748 0.0001
21734.3000 0.1787 0.0001
21794.4000 0.1823 0.0001
21854.5000 0.1857 0.0001
21914.6000 0.1898 0.0001
21974.7000 0.1940 0.0001
22034.8000 0.1979 0.0001
22094.9000 0.2019 0.0001
22155.0000 0.2057 0.0001
22215.1000 0.2095 0.0001
22275.2000 0.2135 0.0001
22335.3000 0.2176 0.0001
22395.4000 0.2218 0.0001
22455.5000 0.2260 0.0002
22515.6000 0.2301 0.0002
22575.7000 0.2340 0.0002
22635.8000 0.2383 0.0002
22695.9000 0.2421 0.0002
22756.0000 0.2461 0.0002
22816.1000 0.2502 0.0002
22876.2000 0.2540 0.0002
22936.3000 0.2580 0.0002
22996.4000 0.2621 0.0002
23056.5000 0.2664 0.0002
23116.6000 0.2708 0.0002
23176.7000 0.2748 0.0002
23236.8000 0.2793 0.0002
23296.9000 0.2836 0.0002
23357.0000 0.2880 0.0002
23417.1000 0.2921 0.0002
23477.2000 0.2962 0.0002
23537.3000 0.3009 0.0002
23597.4000 0.3050 0.0003
23657.5000 0.3091 0.0003
23717.6000 0.3131 0.0003
23777.7000 0.3173 0.0003
23837.8000 0.3213 0.0003
23897.9000 0.3255 0.0003
23958.0000 0.3296 0.0003
24018.1000 0.3324 0.0003
24078.2000 0.3356 0.0003
24138.3000 0.3384 0.0003
24198.4000 0.3415 0.0003
24258.5000 0.3448 0.0003
24318.6000 0.3475 0.0003
24378.7000 0.3507 0.0003
24438.8000 0.3539 0.0003
24498.9000 0.3571 0.0003
24559.0000 0.3602 0.0003
24619.1000 0.3631 0.0003
24679.2000 0.3663 0.0003
24739.3000 0.3691 0.0003
24799.4000 0.3718 0.0003
24859.5000 0.3747 0.0003
24919.6000 0.3780 0.0003
24979.7000 0.3814 0.0004
25039.8000 0.3844 0.0004
25099.9000 0.3879 0.0004
25160.0000 0.3910 0.0004
25220.1000 0.3940 0.0004
25280.2000 0.3967 0.0004
25340.3000 0.3996 0.0004
25400.4000 0.4025 0.0004
25460.5000 0.4054 0.0004
25520.6000 0.4089 0.0004
25580.7000 0.4119 0.0004
25640.8000 0.4150 0.0004
25700.9000 0.4180 0.0004
25761.0000 0.4207 0.0004
25821.1000 0.4233 0.0004
25881.2000 0.4263 0.0004
25941.3000 0.4286 0.0004
26001.4000 0.4308 0.0004
26061.5000 0.4339 0.0004
26121.6000 0.4370 0.0004
26181.7000 0.4400 0.0004
26241.8000 0.4430 0.0004
26301.9000 0.4458 0.0004
26362.0000 0.4484 0.0004
26422.1000 0.4508 0.0004
26482.2000 0.4534 0.0004
26542.3000 0.4558 0.0004
26602.4000 0.4581 0.0004
26662.5000 0.4605 0.0005
26722.6000 0.4631 0.0005
26782.7000 0.4657 0.0005
26842.8000 0.4682 0.0005
26902.9000 0.4710 0.0005
26963.0000 0.4731 0.0005
27023.1000 0.4755 0.0005
27083.2000 0.4777 0.0005
27143.3000 0.4797 0.0005
27203.4000 0.4820 0.0005
27263.5000 0.4843 0.0005
27323.6000 0.4866 0.0005
27383.7000 0.4890 0.0005
27443.8000 0.4913 0.0005
27503.9000 0.4927 0.0005
27564.0000 0.4942 0.0005
27624.1000 0.4961 0.0005
27684.2000 0.4978 0.0005
27744.3000 0.4993 0.0005
27804.4000 0.5009 0.0005
27864.5000 0.5023 0.0005
27924.6000 0.5034 0.0005
27984.7000 0.5049 0.0005
28044.8000 0.5064 0.0005
28104.9000 0.5077 0.0005
28165.0000 0.5090 0.0005
28225.1000 0.5103 0.0005
28285.2000 0.5115 0.0005
28345.3000 0.5128 0.0005
28405.4000 0.5139 0.0005
28465.5000 0.5151 0.0005
28525.6000 0.5164 0.0005
28585.7000 0.5177 0.0005
28645.8000 0.5191 0.0005
28705.9000 0.5203 0.0005
28766.0000 0.5219 0.0005
