# messageDelay  cumulativeProbability
0.2000 0.0002
0.2000 0.0003
0.2000 0.0005
0.2000 0.0007
0.2000 0.0009
0.2000 0.0010
0.2000 0.0012
0.2000 0.0014
0.2000 0.0016
0.2000 0.0017
0.2000 0.0019
0.2000 0.0021
0.2000 0.0023
0.2000 0.0024
0.2000 0.0026
0.2000 0.0028
0.2000 0.0030
0.2000 0.0031
0.2000 0.0033
0.2000 0.0035
7.9000 0.0036
24.8000 0.0038
50.8000 0.0040
58.1000 0.0042
59.1000 0.0043
75.2000 0.0045
76.7000 0.0047
77.1000 0.0049
79.4000 0.0050
80.2000 0.0052
81.4000 0.0054
82.4000 0.0056
88.3000 0.0057
95.0000 0.0059
100.4000 0.0061
104.2000 0.0063
105.5000 0.0064
112.3000 0.0066
114.8000 0.0068
116.5000 0.0069
116.5000 0.0071
127.7000 0.0073
132.2000 0.0075
137.8000 0.0076
144.0000 0.0078
144.4000 0.0080
145.3000 0.0082
146.7000 0.0083
151.3000 0.0085
178.0000 0.0087
184.7000 0.0089
187.7000 0.0090
188.0000 0.0092
194.6000 0.0094
196.3000 0.0095
196.3000 0.0097
203.0000 0.0099
205.7000 0.0101
205.7000 0.0102
206.0000 0.0104
208.5000 0.0106
218.2000 0.0108
221.9000 0.0109
222.1000 0.0111
234.3000 0.0113
234.6000 0.0115
235.4000 0.0116
237.4000 0.0118
242.4000 0.0120
249.5000 0.0122
251.1000 0.0123
252.2000 0.0125
256.9000 0.0127
259.2000 0.0128
269.4000 0.0130
274.6000 0.0132
286.9000 0.0134
290.4000 0.0135
292.8000 0.0137
293.1000 0.0139
297.5000 0.0141
303.2000 0.0142
303.7000 0.0144
310.7000 0.0146
311.0000 0.0148
312.1000 0.0149
318.2000 0.0151
319.2000 0.0153
321.1000 0.0155
325.0000 0.0156
327.5000 0.0158
328.7000 0.0160
331.0000 0.0161
331.7000 0.0163
333.5000 0.0165
335.8000 0.0167
336.5000 0.0168
338.9000 0.0170
339.3000 0.0172
345.4000 0.0174
349.4000 0.0175
349.8000 0.0177
354.4000 0.0179
359.5000 0.0181
360.2000 0.0182
360.7000 0.0184
361.0000 0.0186
368.5000 0.0187
374.1000 0.0189
375.6000 0.0191
376.4000 0.0193
378.4000 0.0194
379.7000 0.0196
380.7000 0.0198
380.8000 0.0200
385.7000 0.0201
387.5000 0.0203
388.6000 0.0205
391.7000 0.0207
393.9000 0.0208
400.7000 0.0210
400.7000 0.0212
401.2000 0.0214
403.0000 0.0215
404.3000 0.0217
407.9000 0.0219
409.5000 0.0220
411.2000 0.0222
411.2000 0.0224
412.0000 0.0226
414.1000 0.0227
415.9000 0.0229
416.4000 0.0231
416.8000 0.0233
420.3000 0.0234
422.3000 0.0236
425.5000 0.0238
427.1000 0.0240
427.3000 0.0241
431.7000 0.0243
435.0000 0.0245
436.3000 0.0247
437.3000 0.0248
438.0000 0.0250
438.7000 0.0252
439.8000 0.0253
442.3000 0.0255
443.6000 0.0257
446.6000 0.0259
448.3000 0.0260
449.7000 0.0262
450.5000 0.0264
451.9000 0.0266
453.5000 0.0267
454.3000 0.0269
454.3000 0.0271
456.7000 0.0273
457.0000 0.0274
462.8000 0.0276
463.5000 0.0278
463.6000 0.0280
463.7000 0.0281
463.9000 0.0283
465.0000 0.0285
465.6000 0.0286
467.0000 0.0288
470.6000 0.0290
470.7000 0.0292
472.2000 0.0293
474.9000 0.0295
477.6000 0.0297
479.6000 0.0299
480.0000 0.0300
481.9000 0.0302
485.0000 0.0304
485.7000 0.0306
485.7000 0.0307
488.1000 0.0309
489.1000 0.0311
491.2000 0.0312
492.2000 0.0314
492.3000 0.0316
494.4000 0.0318
494.9000 0.0319
495.7000 0.0321
495.8000 0.0323
497.0000 0.0325
497.6000 0.0326
499.8000 0.0328
501.5000 0.0330
502.6000 0.0332
504.1000 0.0333
505.2000 0.0335
507.2000 0.0337
509.6000 0.0339
512.2000 0.0340
513.8000 0.0342
516.7000 0.0344
516.9000 0.0345
519.4000 0.0347
520.7000 0.0349
523.4000 0.0351
524.8000 0.0352
526.4000 0.0354
526.4000 0.0356
526.6000 0.0358
528.1000 0.0359
528.2000 0.0361
531.3000 0.0363
532.5000 0.0365
532.7000 0.0366
536.6000 0.0368
536.9000 0.0370
537.1000 0.0372
538.8000 0.0373
540.5000 0.0375
541.6000 0.0377
542.6000 0.0378
551.1000 0.0380
552.4000 0.0382
553.7000 0.0384
554.3000 0.0385
557.4000 0.0387
557.4000 0.0389
559.1000 0.0391
561.0000 0.0392
563.1000 0.0394
563.2000 0.0396
563.9000 0.0398
563.9000 0.0399
564.0000 0.0401
564.1000 0.0403
568.2000 0.0405
568.8000 0.0406
569.2000 0.0408
569.5000 0.0410
570.4000 0.0411
570.6000 0.0413
573.2000 0.0415
574.9000 0.0417
576.4000 0.0418
576.8000 0.0420
577.0000 0.0422
578.7000 0.0424
578.8000 0.0425
579.2000 0.0427
582.2000 0.0429
583.0000 0.0431
583.9000 0.0432
585.6000 0.0434
586.0000 0.0436
586.5000 0.0437
589.7000 0.0439
589.9000 0.0441
590.1000 0.0443
592.3000 0.0444
594.8000 0.0446
595.1000 0.0448
596.1000 0.0450
598.5000 0.0451
599.6000 0.0453
601.3000 0.0455
604.6000 0.0457
604.6000 0.0458
604.7000 0.0460
604.7000 0.0462
605.0000 0.0464
608.1000 0.0465
613.9000 0.0467
614.8000 0.0469
615.6000 0.0470
615.8000 0.0472
615.9000 0.0474
616.9000 0.0476
618.1000 0.0477
621.7000 0.0479
622.9000 0.0481
624.0000 0.0483
626.3000 0.0484
626.4000 0.0486
629.3000 0.0488
629.4000 0.0490
629.7000 0.0491
629.8000 0.0493
630.9000 0.0495
631.2000 0.0497
633.7000 0.0498
633.8000 0.0500
634.4000 0.0502
637.5000 0.0503
637.6000 0.0505
638.8000 0.0507
638.8000 0.0509
641.5000 0.0510
644.0000 0.0512
645.4000 0.0514
646.1000 0.0516
646.1000 0.0517
647.9000 0.0519
647.9000 0.0521
647.9000 0.0523
648.4000 0.0524
649.0000 0.0526
650.3000 0.0528
650.6000 0.0530
651.8000 0.0531
652.9000 0.0533
654.0000 0.0535
654.9000 0.0536
655.3000 0.0538
655.9000 0.0540
659.8000 0.0542
660.5000 0.0543
661.2000 0.0545
664.1000 0.0547
664.8000 0.0549
665.1000 0.0550
666.3000 0.0552
667.8000 0.0554
668.4000 0.0556
668.8000 0.0557
668.9000 0.0559
669.1000 0.0561
670.4000 0.0562
671.0000 0.0564
671.8000 0.0566
671.8000 0.0568
674.5000 0.0569
676.0000 0.0571
676.2000 0.0573
681.1000 0.0575
681.5000 0.0576
681.5000 0.0578
684.1000 0.0580
684.5000 0.0582
684.8000 0.0583
686.1000 0.0585
688.8000 0.0587
688.8000 0.0589
689.1000 0.0590
690.9000 0.0592
692.8000 0.0594
693.4000 0.0595
693.6000 0.0597
694.6000 0.0599
694.9000 0.0601
695.6000 0.0602
695.7000 0.0604
696.9000 0.0606
697.6000 0.0608
697.9000 0.0609
698.0000 0.0611
698.5000 0.0613
699.1000 0.0615
700.2000 0.0616
701.5000 0.0618
701.6000 0.0620
701.9000 0.0622
703.6000 0.0623
703.8000 0.0625
704.4000 0.0627
704.7000 0.0628
704.8000 0.0630
710.1000 0.0632
710.8000 0.0634
711.4000 0.0635
711.8000 0.0637
712.0000 0.0639
712.9000 0.0641
715.2000 0.0642
716.0000 0.0644
716.5000 0.0646
716.5000 0.0648
717.6000 0.0649
718.2000 0.0651
718.4000 0.0653
718.7000 0.0655
721.1000 0.0656
722.6000 0.0658
726.3000 0.0660
726.6000 0.0661
727.0000 0.0663
727.7000 0.0665
734.5000 0.0667
735.2000 0.0668
735.5000 0.0670
735.9000 0.0672
735.9000 0.0674
738.3000 0.0675
740.0000 0.0677
742.5000 0.0679
743.3000 0.0681
746.3000 0.0682
749.1000 0.0684
750.7000 0.0686
750.8000 0.0687
751.2000 0.0689
751.4000 0.0691
752.9000 0.0693
754.0000 0.0694
754.3000 0.0696
754.7000 0.0698
758.5000 0.0700
759.2000 0.0701
759.3000 0.0703
759.6000 0.0705
761.4000 0.0707
761.4000 0.0708
761.5000 0.0710
763.3000 0.0712
763.6000 0.0714
764.1000 0.0715
765.2000 0.0717
765.4000 0.0719
765.7000 0.0720
767.0000 0.0722
768.5000 0.0724
770.5000 0.0726
773.9000 0.0727
774.5000 0.0729
775.0000 0.0731
775.2000 0.0733
776.1000 0.0734
776.4000 0.0736
778.0000 0.0738
778.1000 0.0740
779.3000 0.0741
780.8000 0.0743
781.6000 0.0745
781.8000 0.0747
781.8000 0.0748
782.2000 0.0750
782.3000 0.0752
782.4000 0.0753
783.3000 0.0755
783.5000 0.0757
784.0000 0.0759
784.2000 0.0760
784.2000 0.0762
784.8000 0.0764
785.0000 0.0766
787.4000 0.0767
787.8000 0.0769
788.8000 0.0771
789.4000 0.0773
789.9000 0.0774
790.8000 0.0776
791.1000 0.0778
792.5000 0.0780
793.6000 0.0781
795.2000 0.0783
795.3000 0.0785
795.3000 0.0786
796.5000 0.0788
796.8000 0.0790
798.2000 0.0792
798.5000 0.0793
798.6000 0.0795
800.2000 0.0797
800.3000 0.0799
800.3000 0.0800
800.3000 0.0802
801.9000 0.0804
802.5000 0.0806
803.3000 0.0807
804.0000 0.0809
804.4000 0.0811
804.7000 0.0812
806.8000 0.0814
808.2000 0.0816
809.3000 0.0818
811.3000 0.0819
811.6000 0.0821
812.1000 0.0823
814.7000 0.0825
815.7000 0.0826
816.4000 0.0828
817.2000 0.0830
818.5000 0.0832
819.5000 0.0833
820.9000 0.0835
821.4000 0.0837
821.6000 0.0839
823.6000 0.0840
823.7000 0.0842
824.9000 0.0844
824.9000 0.0845
827.9000 0.0847
828.1000 0.0849
828.2000 0.0851
828.9000 0.0852
829.2000 0.0854
830.9000 0.0856
832.3000 0.0858
833.6000 0.0859
833.7000 0.0861
833.8000 0.0863
835.8000 0.0865
836.4000 0.0866
836.5000 0.0868
836.7000 0.0870
836.9000 0.0872
839.3000 0.0873
839.3000 0.0875
839.6000 0.0877
840.3000 0.0878
840.9000 0.0880
841.2000 0.0882
842.4000 0.0884
844.0000 0.0885
844.4000 0.0887
846.3000 0.0889
847.2000 0.0891
847.6000 0.0892
849.5000 0.0894
850.8000 0.0896
850.8000 0.0898
852.4000 0.0899
853.6000 0.0901
853.8000 0.0903
853.9000 0.0905
857.7000 0.0906
858.4000 0.0908
859.2000 0.0910
859.9000 0.0911
861.9000 0.0913
862.8000 0.0915
863.0000 0.0917
863.7000 0.0918
865.5000 0.0920
866.1000 0.0922
869.9000 0.0924
871.0000 0.0925
871.1000 0.0927
871.9000 0.0929
872.3000 0.0931
872.4000 0.0932
873.4000 0.0934
874.2000 0.0936
875.4000 0.0937
877.8000 0.0939
880.3000 0.0941
880.3000 0.0943
882.8000 0.0944
883.0000 0.0946
883.7000 0.0948
884.4000 0.0950
885.2000 0.0951
886.0000 0.0953
886.9000 0.0955
889.1000 0.0957
889.3000 0.0958
890.4000 0.0960
890.6000 0.0962
892.4000 0.0964
893.5000 0.0965
894.1000 0.0967
894.3000 0.0969
894.7000 0.0970
894.9000 0.0972
895.3000 0.0974
895.8000 0.0976
896.2000 0.0977
897.3000 0.0979
899.3000 0.0981
899.8000 0.0983
901.1000 0.0984
901.4000 0.0986
901.5000 0.0988
902.0000 0.0990
903.5000 0.0991
904.9000 0.0993
909.4000 0.0995
910.1000 0.0997
910.6000 0.0998
910.7000 0.1000
910.9000 0.1002
911.3000 0.1003
911.5000 0.1005
911.9000 0.1007
914.1000 0.1009
914.3000 0.1010
915.3000 0.1012
916.2000 0.1014
916.2000 0.1016
917.2000 0.1017
917.4000 0.1019
918.8000 0.1021
919.3000 0.1023
920.5000 0.1024
920.9000 0.1026
922.5000 0.1028
922.9000 0.1030
923.5000 0.1031
923.8000 0.1033
925.3000 0.1035
925.8000 0.1036
926.3000 0.1038
926.5000 0.1040
926.6000 0.1042
928.4000 0.1043
931.4000 0.1045
931.8000 0.1047
931.9000 0.1049
933.7000 0.1050
933.9000 0.1052
934.7000 0.1054
935.8000 0.1056
937.0000 0.1057
937.5000 0.1059
940.2000 0.1061
940.7000 0.1062
940.8000 0.1064
941.0000 0.1066
941.4000 0.1068
942.7000 0.1069
942.9000 0.1071
944.2000 0.1073
945.7000 0.1075
946.4000 0.1076
946.6000 0.1078
947.2000 0.1080
948.0000 0.1082
948.5000 0.1083
949.4000 0.1085
949.6000 0.1087
951.2000 0.1089
952.3000 0.1090
953.5000 0.1092
953.8000 0.1094
955.3000 0.1095
956.0000 0.1097
957.2000 0.1099
957.3000 0.1101
958.6000 0.1102
958.7000 0.1104
959.1000 0.1106
959.5000 0.1108
961.2000 0.1109
962.3000 0.1111
962.4000 0.1113
964.4000 0.1115
964.6000 0.1116
964.8000 0.1118
965.5000 0.1120
966.8000 0.1122
967.1000 0.1123
968.6000 0.1125
969.2000 0.1127
969.4000 0.1128
969.5000 0.1130
971.3000 0.1132
971.3000 0.1134
972.5000 0.1135
974.3000 0.1137
974.6000 0.1139
974.9000 0.1141
975.4000 0.1142
975.9000 0.1144
978.2000 0.1146
980.1000 0.1148
981.4000 0.1149
981.9000 0.1151
981.9000 0.1153
982.7000 0.1155
983.8000 0.1156
983.9000 0.1158
984.0000 0.1160
985.1000 0.1161
986.9000 0.1163
987.2000 0.1165
987.7000 0.1167
988.0000 0.1168
989.0000 0.1170
990.1000 0.1172
990.7000 0.1174
991.2000 0.1175
991.3000 0.1177
992.7000 0.1179
994.0000 0.1181
994.4000 0.1182
994.6000 0.1184
995.0000 0.1186
995.3000 0.1187
995.9000 0.1189
995.9000 0.1191
998.4000 0.1193
999.0000 0.1194
999.5000 0.1196
999.9000 0.1198
1000.0000 0.1200
1000.6000 0.1201
1000.8000 0.1203
1002.7000 0.1205
1004.1000 0.1207
1004.3000 0.1208
1004.9000 0.1210
1005.1000 0.1212
1007.0000 0.1214
1008.1000 0.1215
1008.4000 0.1217
1008.6000 0.1219
1009.5000 0.1220
1010.5000 0.1222
1012.9000 0.1224
1013.7000 0.1226
1014.3000 0.1227
1015.0000 0.1229
1016.7000 0.1231
1017.1000 0.1233
1018.6000 0.1234
1018.7000 0.1236
1019.0000 0.1238
1020.4000 0.1240
1020.8000 0.1241
1021.8000 0.1243
1023.6000 0.1245
1023.8000 0.1247
1024.0000 0.1248
1024.1000 0.1250
1024.3000 0.1252
1024.3000 0.1253
1026.1000 0.1255
1028.1000 0.1257
1028.3000 0.1259
1030.0000 0.1260
1030.3000 0.1262
1032.6000 0.1264
1032.6000 0.1266
1033.9000 0.1267
1034.0000 0.1269
1034.1000 0.1271
1034.9000 0.1273
1035.8000 0.1274
1038.9000 0.1276
1039.0000 0.1278
1039.5000 0.1280
1039.6000 0.1281
1040.1000 0.1283
1040.7000 0.1285
1040.7000 0.1286
1040.8000 0.1288
1041.0000 0.1290
1041.0000 0.1292
1041.4000 0.1293
1041.5000 0.1295
1041.6000 0.1297
1044.0000 0.1299
1044.2000 0.1300
1045.7000 0.1302
1047.1000 0.1304
1047.2000 0.1306
1048.1000 0.1307
1048.8000 0.1309
1049.1000 0.1311
1049.6000 0.1312
1051.2000 0.1314
1051.3000 0.1316
1051.6000 0.1318
1052.2000 0.1319
1053.1000 0.1321
1056.5000 0.1323
1056.7000 0.1325
1056.8000 0.1326
1058.4000 0.1328
1058.6000 0.1330
1058.9000 0.1332
1059.2000 0.1333
1060.5000 0.1335
1060.9000 0.1337
1062.4000 0.1339
1062.8000 0.1340
1062.8000 0.1342
1063.1000 0.1344
1063.7000 0.1345
1063.9000 0.1347
1064.3000 0.1349
1064.4000 0.1351
1066.1000 0.1352
1066.8000 0.1354
1068.8000 0.1356
1069.1000 0.1358
1069.1000 0.1359
1069.4000 0.1361
1069.9000 0.1363
1070.1000 0.1365
1071.8000 0.1366
1071.8000 0.1368
1071.9000 0.1370
1072.1000 0.1372
1075.7000 0.1373
1075.7000 0.1375
1075.8000 0.1377
1077.8000 0.1378
1078.2000 0.1380
1078.2000 0.1382
1081.4000 0.1384
1081.7000 0.1385
1082.1000 0.1387
1082.8000 0.1389
1084.4000 0.1391
1087.2000 0.1392
1087.3000 0.1394
1087.5000 0.1396
1087.6000 0.1398
1087.9000 0.1399
1088.7000 0.1401
1089.7000 0.1403
1090.0000 0.1405
1090.8000 0.1406
1094.3000 0.1408
1095.7000 0.1410
1097.9000 0.1411
1098.2000 0.1413
1098.3000 0.1415
1099.2000 0.1417
1100.0000 0.1418
1100.2000 0.1420
1100.3000 0.1422
1101.9000 0.1424
1102.3000 0.1425
1102.6000 0.1427
1103.7000 0.1429
1105.4000 0.1431
1105.9000 0.1432
1106.7000 0.1434
1108.6000 0.1436
1110.2000 0.1437
1110.4000 0.1439
1110.9000 0.1441
1111.5000 0.1443
1112.3000 0.1444
1112.5000 0.1446
1113.7000 0.1448
1113.8000 0.1450
1114.8000 0.1451
1115.5000 0.1453
1116.8000 0.1455
1117.3000 0.1457
1118.0000 0.1458
1119.8000 0.1460
1121.2000 0.1462
1123.6000 0.1464
1126.6000 0.1465
1126.6000 0.1467
1126.6000 0.1469
1127.5000 0.1470
1127.8000 0.1472
1128.8000 0.1474
1128.9000 0.1476
1129.7000 0.1477
1130.6000 0.1479
1132.5000 0.1481
1134.0000 0.1483
1136.8000 0.1484
1137.1000 0.1486
1137.1000 0.1488
1139.0000 0.1490
1140.9000 0.1491
1141.2000 0.1493
1143.6000 0.1495
1144.1000 0.1497
1144.1000 0.1498
1144.3000 0.1500
1144.3000 0.1502
1144.4000 0.1503
1146.0000 0.1505
1146.2000 0.1507
1146.8000 0.1509
1148.7000 0.1510
1150.6000 0.1512
1151.8000 0.1514
1151.8000 0.1516
1151.8000 0.1517
1153.1000 0.1519
1153.6000 0.1521
1154.3000 0.1523
1154.9000 0.1524
1154.9000 0.1526
1155.0000 0.1528
1156.2000 0.1530
1156.3000 0.1531
1156.3000 0.1533
1156.6000 0.1535
1158.8000 0.1536
1158.9000 0.1538
1159.0000 0.1540
1159.1000 0.1542
1159.2000 0.1543
1159.5000 0.1545
1159.5000 0.1547
1159.5000 0.1549
1159.7000 0.1550
1160.0000 0.1552
1160.5000 0.1554
1160.5000 0.1556
1163.8000 0.1557
1164.1000 0.1559
1165.2000 0.1561
1165.9000 0.1562
1166.3000 0.1564
1168.3000 0.1566
1169.2000 0.1568
1169.8000 0.1569
1170.6000 0.1571
1174.5000 0.1573
1175.0000 0.1575
1175.4000 0.1576
1177.4000 0.1578
1177.6000 0.1580
1178.8000 0.1582
1181.5000 0.1583
1183.9000 0.1585
1184.4000 0.1587
1185.1000 0.1589
1185.5000 0.1590
1186.7000 0.1592
1187.6000 0.1594
1188.4000 0.1595
1188.5000 0.1597
1188.8000 0.1599
1189.0000 0.1601
1189.7000 0.1602
1190.8000 0.1604
1190.8000 0.1606
1190.9000 0.1608
1191.5000 0.1609
1192.7000 0.1611
1193.1000 0.1613
1194.6000 0.1615
1194.8000 0.1616
1196.5000 0.1618
1198.2000 0.1620
1198.9000 0.1622
1199.6000 0.1623
1202.5000 0.1625
1203.9000 0.1627
1204.4000 0.1628
1205.3000 0.1630
1205.7000 0.1632
1206.5000 0.1634
1208.9000 0.1635
1209.8000 0.1637
1210.7000 0.1639
1210.8000 0.1641
1213.7000 0.1642
1214.6000 0.1644
1215.7000 0.1646
1216.1000 0.1648
1216.7000 0.1649
1217.1000 0.1651
1217.7000 0.1653
1218.5000 0.1655
1219.3000 0.1656
1219.7000 0.1658
1220.3000 0.1660
1220.6000 0.1661
1221.1000 0.1663
1223.5000 0.1665
1223.9000 0.1667
1224.1000 0.1668
1225.0000 0.1670
1225.6000 0.1672
1226.2000 0.1674
1228.1000 0.1675
1228.1000 0.1677
1230.1000 0.1679
1230.9000 0.1681
1232.0000 0.1682
1232.2000 0.1684
1232.3000 0.1686
1232.3000 0.1687
1233.0000 0.1689
1233.4000 0.1691
1233.8000 0.1693
1234.1000 0.1694
1234.2000 0.1696
1236.4000 0.1698
1240.0000 0.1700
1240.1000 0.1701
1240.3000 0.1703
1240.6000 0.1705
1242.3000 0.1707
1242.5000 0.1708
1243.4000 0.1710
1244.6000 0.1712
1248.4000 0.1714
1248.6000 0.1715
1249.1000 0.1717
1249.2000 0.1719
1249.3000 0.1720
1249.3000 0.1722
1250.3000 0.1724
1250.9000 0.1726
1251.2000 0.1727
1251.2000 0.1729
1251.3000 0.1731
1251.6000 0.1733
1251.7000 0.1734
1252.1000 0.1736
1253.8000 0.1738
1255.8000 0.1740
1256.3000 0.1741
1257.3000 0.1743
1257.7000 0.1745
1258.3000 0.1747
1260.7000 0.1748
1263.1000 0.1750
1263.4000 0.1752
1264.3000 0.1753
1264.9000 0.1755
1267.1000 0.1757
1267.4000 0.1759
1268.6000 0.1760
1270.8000 0.1762
1271.0000 0.1764
1271.3000 0.1766
1271.6000 0.1767
1272.0000 0.1769
1273.7000 0.1771
1273.8000 0.1773
1273.9000 0.1774
1274.9000 0.1776
1275.2000 0.1778
1276.8000 0.1780
1277.0000 0.1781
1277.3000 0.1783
1279.3000 0.1785
1280.3000 0.1786
1283.8000 0.1788
1283.8000 0.1790
1286.4000 0.1792
1287.6000 0.1793
1288.6000 0.1795
1289.1000 0.1797
1289.2000 0.1799
1290.9000 0.1800
1291.1000 0.1802
1293.4000 0.1804
1293.4000 0.1806
1294.3000 0.1807
1294.5000 0.1809
1294.6000 0.1811
1295.8000 0.1812
1298.2000 0.1814
1298.6000 0.1816
1299.1000 0.1818
1300.4000 0.1819
1300.4000 0.1821
1302.0000 0.1823
1302.2000 0.1825
1302.8000 0.1826
1303.6000 0.1828
1303.6000 0.1830
1305.0000 0.1832
1305.2000 0.1833
1305.8000 0.1835
1305.9000 0.1837
1306.2000 0.1839
1306.4000 0.1840
1308.6000 0.1842
1310.3000 0.1844
1310.4000 0.1845
1310.9000 0.1847
1311.9000 0.1849
1313.4000 0.1851
1313.5000 0.1852
1316.3000 0.1854
1316.7000 0.1856
1316.9000 0.1858
1318.1000 0.1859
1319.1000 0.1861
1319.4000 0.1863
1319.6000 0.1865
1320.2000 0.1866
1320.7000 0.1868
1321.3000 0.1870
1321.6000 0.1872
1321.8000 0.1873
1323.0000 0.1875
1323.4000 0.1877
1324.4000 0.1878
1326.4000 0.1880
1326.6000 0.1882
1327.6000 0.1884
1327.7000 0.1885
1328.6000 0.1887
1328.8000 0.1889
1329.0000 0.1891
1330.6000 0.1892
1330.7000 0.1894
1330.8000 0.1896
1333.7000 0.1898
1334.0000 0.1899
1334.2000 0.1901
1336.1000 0.1903
1336.2000 0.1905
1336.9000 0.1906
1338.6000 0.1908
1339.4000 0.1910
1341.0000 0.1911
1341.8000 0.1913
1343.3000 0.1915
1343.8000 0.1917
1343.9000 0.1918
1345.4000 0.1920
1345.7000 0.1922
1346.2000 0.1924
1346.3000 0.1925
1348.2000 0.1927
1348.3000 0.1929
1349.0000 0.1931
1349.2000 0.1932
1349.5000 0.1934
1349.9000 0.1936
1351.7000 0.1937
1351.9000 0.1939
1352.0000 0.1941
1353.9000 0.1943
1354.5000 0.1944
1354.6000 0.1946
1355.3000 0.1948
1356.1000 0.1950
1357.4000 0.1951
1358.1000 0.1953
1358.4000 0.1955
1361.7000 0.1957
1361.8000 0.1958
1362.0000 0.1960
1362.1000 0.1962
1363.7000 0.1964
1363.9000 0.1965
1365.1000 0.1967
1367.3000 0.1969
1368.7000 0.1970
1369.3000 0.1972
1370.0000 0.1974
1371.5000 0.1976
1374.0000 0.1977
1374.2000 0.1979
1374.7000 0.1981
1374.8000 0.1983
1375.7000 0.1984
1376.9000 0.1986
1379.8000 0.1988
1380.9000 0.1990
1381.2000 0.1991
1382.2000 0.1993
1382.4000 0.1995
1383.5000 0.1997
1385.9000 0.1998
1386.2000 0.2000
1386.3000 0.2002
1387.0000 0.2003
1388.5000 0.2005
1388.8000 0.2007
1388.9000 0.2009
1388.9000 0.2010
1388.9000 0.2012
1389.3000 0.2014
1390.7000 0.2016
1391.1000 0.2017
1391.3000 0.2019
1391.9000 0.2021
1392.1000 0.2023
1393.7000 0.2024
1394.0000 0.2026
1394.1000 0.2028
1394.5000 0.2030
1395.9000 0.2031
1397.0000 0.2033
1398.4000 0.2035
1398.5000 0.2036
1398.9000 0.2038
1399.2000 0.2040
1399.5000 0.2042
1400.2000 0.2043
1401.9000 0.2045
1403.2000 0.2047
1403.4000 0.2049
1404.6000 0.2050
1405.6000 0.2052
1407.8000 0.2054
1409.4000 0.2056
1409.6000 0.2057
1410.3000 0.2059
1410.4000 0.2061
1410.6000 0.2062
1410.7000 0.2064
1410.9000 0.2066
1411.2000 0.2068
1412.4000 0.2069
1414.3000 0.2071
1416.2000 0.2073
1416.2000 0.2075
1417.1000 0.2076
1417.3000 0.2078
1418.6000 0.2080
1419.4000 0.2082
1420.5000 0.2083
1420.7000 0.2085
1421.3000 0.2087
1421.8000 0.2089
1422.5000 0.2090
1422.7000 0.2092
1422.9000 0.2094
1423.3000 0.2095
1423.3000 0.2097
1425.5000 0.2099
1426.8000 0.2101
1427.0000 0.2102
1428.6000 0.2104
1428.8000 0.2106
1429.6000 0.2108
1429.6000 0.2109
1430.9000 0.2111
1433.2000 0.2113
1434.1000 0.2115
1434.3000 0.2116
1435.0000 0.2118
1436.3000 0.2120
1436.5000 0.2122
1436.7000 0.2123
1440.6000 0.2125
1441.7000 0.2127
1442.6000 0.2128
1442.9000 0.2130
1445.2000 0.2132
1446.9000 0.2134
1448.1000 0.2135
1448.6000 0.2137
1449.2000 0.2139
1449.4000 0.2141
1449.7000 0.2142
1450.3000 0.2144
1450.5000 0.2146
1450.8000 0.2148
1452.4000 0.2149
1452.5000 0.2151
1452.9000 0.2153
1453.1000 0.2155
1453.6000 0.2156
1453.8000 0.2158
1453.9000 0.2160
1454.4000 0.2161
1455.6000 0.2163
1455.7000 0.2165
1456.6000 0.2167
1458.3000 0.2168
1458.6000 0.2170
1458.8000 0.2172
1458.8000 0.2174
1459.8000 0.2175
1461.8000 0.2177
1462.2000 0.2179
1466.0000 0.2181
1466.4000 0.2182
1466.7000 0.2184
1467.0000 0.2186
1467.3000 0.2187
1467.7000 0.2189
1468.4000 0.2191
1469.5000 0.2193
1471.8000 0.2194
1472.0000 0.2196
1472.0000 0.2198
1472.4000 0.2200
1472.4000 0.2201
1472.7000 0.2203
1474.4000 0.2205
1475.7000 0.2207
1477.0000 0.2208
1477.5000 0.2210
1477.8000 0.2212
1479.9000 0.2214
1480.0000 0.2215
1480.2000 0.2217
1481.3000 0.2219
1483.5000 0.2220
1484.1000 0.2222
1485.2000 0.2224
1486.4000 0.2226
1487.3000 0.2227
1487.9000 0.2229
1488.1000 0.2231
1489.7000 0.2233
1490.5000 0.2234
1493.1000 0.2236
1493.6000 0.2238
1494.6000 0.2240
1495.3000 0.2241
1495.7000 0.2243
1497.1000 0.2245
1498.3000 0.2247
1498.6000 0.2248
1499.8000 0.2250
1499.8000 0.2252
1500.0000 0.2253
1500.7000 0.2255
1505.2000 0.2257
1507.0000 0.2259
1509.6000 0.2260
1510.9000 0.2262
1513.4000 0.2264
1515.7000 0.2266
1516.2000 0.2267
1516.2000 0.2269
1516.7000 0.2271
1518.2000 0.2273
1518.9000 0.2274
1519.2000 0.2276
1519.7000 0.2278
1520.5000 0.2280
1522.3000 0.2281
1523.1000 0.2283
1523.8000 0.2285
1524.3000 0.2286
1524.6000 0.2288
1527.0000 0.2290
1527.5000 0.2292
1529.1000 0.2293
1529.4000 0.2295
1530.5000 0.2297
1532.0000 0.2299
1532.4000 0.2300
1532.6000 0.2302
1533.1000 0.2304
1533.3000 0.2306
1533.7000 0.2307
1533.8000 0.2309
1533.9000 0.2311
1534.3000 0.2312
1534.6000 0.2314
1535.5000 0.2316
1535.6000 0.2318
1535.7000 0.2319
1536.1000 0.2321
1536.2000 0.2323
1537.1000 0.2325
1537.6000 0.2326
1537.8000 0.2328
1538.0000 0.2330
1539.4000 0.2332
1539.6000 0.2333
1541.0000 0.2335
1541.0000 0.2337
1542.5000 0.2339
1542.6000 0.2340
1543.8000 0.2342
1544.4000 0.2344
1545.0000 0.2345
1546.3000 0.2347
1548.4000 0.2349
1548.7000 0.2351
1549.6000 0.2352
1550.1000 0.2354
1550.9000 0.2356
1552.2000 0.2358
1552.7000 0.2359
1554.9000 0.2361
1555.8000 0.2363
1557.5000 0.2365
1557.7000 0.2366
1558.4000 0.2368
1561.3000 0.2370
1561.9000 0.2372
1563.0000 0.2373
1563.8000 0.2375
1564.5000 0.2377
1564.6000 0.2378
1565.0000 0.2380
1566.1000 0.2382
1566.3000 0.2384
1566.5000 0.2385
1566.9000 0.2387
1568.2000 0.2389
1568.6000 0.2391
1568.9000 0.2392
1569.0000 0.2394
1569.1000 0.2396
1569.3000 0.2398
1571.1000 0.2399
1571.1000 0.2401
1571.2000 0.2403
1578.9000 0.2405
1579.4000 0.2406
1580.0000 0.2408
1581.0000 0.2410
1581.1000 0.2411
1581.9000 0.2413
1585.2000 0.2415
1585.4000 0.2417
1586.2000 0.2418
1586.3000 0.2420
1586.6000 0.2422
1586.7000 0.2424
1588.2000 0.2425
1589.2000 0.2427
1589.3000 0.2429
1591.4000 0.2431
1591.7000 0.2432
1592.8000 0.2434
1593.0000 0.2436
1594.8000 0.2437
1595.2000 0.2439
1595.2000 0.2441
1596.3000 0.2443
1597.6000 0.2444
1598.0000 0.2446
1598.1000 0.2448
1598.5000 0.2450
1598.7000 0.2451
1598.8000 0.2453
1600.9000 0.2455
1601.1000 0.2457
1601.5000 0.2458
1605.3000 0.2460
1605.4000 0.2462
1607.6000 0.2464
1608.6000 0.2465
1609.5000 0.2467
1609.5000 0.2469
1611.3000 0.2470
1611.4000 0.2472
1612.0000 0.2474
1612.6000 0.2476
1613.1000 0.2477
1614.7000 0.2479
1614.9000 0.2481
1615.9000 0.2483
1616.8000 0.2484
1617.2000 0.2486
1617.5000 0.2488
1618.4000 0.2490
1620.9000 0.2491
1621.1000 0.2493
1621.4000 0.2495
1622.9000 0.2497
1622.9000 0.2498
1623.0000 0.2500
1623.3000 0.2502
1624.3000 0.2503
1624.3000 0.2505
1624.3000 0.2507
1624.7000 0.2509
1626.8000 0.2510
1627.6000 0.2512
1627.7000 0.2514
1628.8000 0.2516
1629.9000 0.2517
1630.0000 0.2519
1631.1000 0.2521
1633.9000 0.2523
1635.7000 0.2524
1636.2000 0.2526
1638.6000 0.2528
1639.6000 0.2530
1639.8000 0.2531
1641.7000 0.2533
1643.1000 0.2535
1643.4000 0.2536
1645.1000 0.2538
1645.6000 0.2540
1648.8000 0.2542
1651.0000 0.2543
1651.1000 0.2545
1652.2000 0.2547
1652.2000 0.2549
1652.9000 0.2550
1654.2000 0.2552
1654.7000 0.2554
1655.5000 0.2556
1658.8000 0.2557
1658.9000 0.2559
1659.1000 0.2561
1660.0000 0.2563
1660.6000 0.2564
1661.5000 0.2566
1661.5000 0.2568
1663.1000 0.2569
1663.2000 0.2571
1663.7000 0.2573
1663.9000 0.2575
1665.5000 0.2576
1667.1000 0.2578
1667.1000 0.2580
1671.0000 0.2582
1671.6000 0.2583
1672.0000 0.2585
1672.0000 0.2587
1672.6000 0.2589
1673.9000 0.2590
1674.1000 0.2592
1674.3000 0.2594
1676.2000 0.2595
1676.6000 0.2597
1678.0000 0.2599
1680.3000 0.2601
1681.0000 0.2602
1682.3000 0.2604
1682.4000 0.2606
1689.0000 0.2608
1689.7000 0.2609
1689.7000 0.2611
1690.5000 0.2613
1691.1000 0.2615
1692.3000 0.2616
1694.3000 0.2618
1696.0000 0.2620
1696.4000 0.2622
1698.5000 0.2623
1700.1000 0.2625
1700.9000 0.2627
1702.2000 0.2628
1703.0000 0.2630
1703.4000 0.2632
1703.7000 0.2634
1703.8000 0.2635
1706.0000 0.2637
1706.4000 0.2639
1707.5000 0.2641
1707.5000 0.2642
1707.8000 0.2644
1709.4000 0.2646
1710.9000 0.2648
1711.2000 0.2649
1711.4000 0.2651
1716.1000 0.2653
1718.5000 0.2655
1720.5000 0.2656
1721.5000 0.2658
1722.8000 0.2660
1727.0000 0.2661
1728.3000 0.2663
1728.7000 0.2665
1730.0000 0.2667
1733.3000 0.2668
1733.8000 0.2670
1734.6000 0.2672
1736.7000 0.2674
1737.6000 0.2675
1737.9000 0.2677
1738.7000 0.2679
1738.7000 0.2681
1740.4000 0.2682
1741.3000 0.2684
1741.5000 0.2686
1744.0000 0.2688
1744.0000 0.2689
1744.4000 0.2691
1744.5000 0.2693
1744.9000 0.2694
1746.6000 0.2696
1748.8000 0.2698
1750.5000 0.2700
1751.1000 0.2701
1751.7000 0.2703
1752.7000 0.2705
1754.0000 0.2707
1755.5000 0.2708
1756.4000 0.2710
1756.7000 0.2712
1756.9000 0.2714
1757.1000 0.2715
1757.7000 0.2717
1759.9000 0.2719
1760.5000 0.2720
1762.2000 0.2722
1764.2000 0.2724
1764.7000 0.2726
1765.3000 0.2727
1766.2000 0.2729
1768.9000 0.2731
1770.3000 0.2733
1771.5000 0.2734
1771.5000 0.2736
1771.7000 0.2738
1775.0000 0.2740
1775.6000 0.2741
1778.1000 0.2743
1779.2000 0.2745
1780.8000 0.2747
1782.6000 0.2748
1783.4000 0.2750
1783.8000 0.2752
1784.3000 0.2753
1784.7000 0.2755
1785.4000 0.2757
1785.5000 0.2759
1785.6000 0.2760
1786.1000 0.2762
1787.6000 0.2764
1788.3000 0.2766
1789.2000 0.2767
1790.5000 0.2769
1791.8000 0.2771
1792.8000 0.2773
1796.3000 0.2774
1796.7000 0.2776
1797.9000 0.2778
1799.4000 0.2780
1799.8000 0.2781
1804.1000 0.2783
1804.5000 0.2785
1804.7000 0.2786
1805.2000 0.2788
1806.2000 0.2790
1807.4000 0.2792
1807.6000 0.2793
1807.9000 0.2795
1808.2000 0.2797
1809.8000 0.2799
1811.1000 0.2800
1811.8000 0.2802
1812.3000 0.2804
1812.9000 0.2806
1816.4000 0.2807
1816.8000 0.2809
1817.3000 0.2811
1817.7000 0.2813
1817.8000 0.2814
1818.1000 0.2816
1818.6000 0.2818
1819.3000 0.2819
1819.7000 0.2821
1820.1000 0.2823
1821.5000 0.2825
1822.8000 0.2826
1823.4000 0.2828
1824.5000 0.2830
1825.8000 0.2832
1826.9000 0.2833
1828.2000 0.2835
1831.4000 0.2837
1833.1000 0.2839
1836.9000 0.2840
1839.7000 0.2842
1839.8000 0.2844
1843.5000 0.2845
1843.9000 0.2847
1844.3000 0.2849
1845.5000 0.2851
1845.5000 0.2852
1846.4000 0.2854
1848.4000 0.2856
1849.4000 0.2858
1849.8000 0.2859
1850.9000 0.2861
1853.3000 0.2863
1853.5000 0.2865
1854.8000 0.2866
1855.2000 0.2868
1855.4000 0.2870
1858.5000 0.2872
1860.0000 0.2873
1860.2000 0.2875
1860.3000 0.2877
1861.2000 0.2878
1861.7000 0.2880
1862.0000 0.2882
1862.1000 0.2884
1863.0000 0.2885
1863.1000 0.2887
1863.6000 0.2889
1864.0000 0.2891
1866.9000 0.2892
1868.4000 0.2894
1868.7000 0.2896
1873.5000 0.2898
1874.8000 0.2899
1877.0000 0.2901
1878.3000 0.2903
1878.6000 0.2905
1881.8000 0.2906
1882.8000 0.2908
1884.3000 0.2910
1885.2000 0.2911
1887.6000 0.2913
1888.0000 0.2915
1889.8000 0.2917
1890.1000 0.2918
1890.9000 0.2920
1891.6000 0.2922
1892.1000 0.2924
1893.6000 0.2925
1894.6000 0.2927
1895.5000 0.2929
1896.4000 0.2931
1897.1000 0.2932
1897.5000 0.2934
1898.8000 0.2936
1902.4000 0.2938
1902.6000 0.2939
1904.6000 0.2941
1904.6000 0.2943
1907.5000 0.2944
1908.1000 0.2946
1908.2000 0.2948
1909.4000 0.2950
1910.5000 0.2951
1911.4000 0.2953
1912.0000 0.2955
1913.4000 0.2957
1914.4000 0.2958
1914.4000 0.2960
1915.2000 0.2962
1916.0000 0.2964
1916.6000 0.2965
1917.4000 0.2967
1917.7000 0.2969
1917.7000 0.2970
1918.8000 0.2972
1920.3000 0.2974
1920.4000 0.2976
1921.3000 0.2977
1921.5000 0.2979
1921.7000 0.2981
1922.6000 0.2983
1923.4000 0.2984
1923.9000 0.2986
1924.3000 0.2988
1926.4000 0.2990
1929.2000 0.2991
1930.5000 0.2993
1934.0000 0.2995
1934.6000 0.2997
1936.2000 0.2998
1940.0000 0.3000
1941.1000 0.3002
1942.0000 0.3003
1942.7000 0.3005
1942.8000 0.3007
1943.5000 0.3009
1944.1000 0.3010
1946.7000 0.3012
1946.9000 0.3014
1947.5000 0.3016
1949.0000 0.3017
1950.0000 0.3019
1950.1000 0.3021
1951.3000 0.3023
1951.4000 0.3024
1952.5000 0.3026
1953.1000 0.3028
1953.5000 0.3030
1954.8000 0.3031
1956.3000 0.3033
1956.4000 0.3035
1959.2000 0.3036
1960.5000 0.3038
1961.4000 0.3040
1961.7000 0.3042
1963.2000 0.3043
1963.7000 0.3045
1964.6000 0.3047
1965.3000 0.3049
1966.8000 0.3050
1968.0000 0.3052
1968.6000 0.3054
1968.7000 0.3056
1970.1000 0.3057
1970.4000 0.3059
1972.8000 0.3061
1974.1000 0.3063
1975.6000 0.3064
1976.0000 0.3066
1976.4000 0.3068
1976.7000 0.3069
1977.7000 0.3071
1978.9000 0.3073
1979.0000 0.3075
1979.6000 0.3076
1980.6000 0.3078
1981.1000 0.3080
1983.4000 0.3082
1983.6000 0.3083
1983.6000 0.3085
1984.5000 0.3087
1985.0000 0.3089
1986.0000 0.3090
1987.1000 0.3092
1989.4000 0.3094
1991.9000 0.3095
1994.8000 0.3097
1996.9000 0.3099
1997.4000 0.3101
1997.6000 0.3102
1998.0000 0.3104
1998.3000 0.3106
1998.7000 0.3108
1999.0000 0.3109
1999.3000 0.3111
2001.1000 0.3113
2002.8000 0.3115
2004.1000 0.3116
2007.2000 0.3118
2009.7000 0.3120
2009.8000 0.3122
2010.5000 0.3123
2012.3000 0.3125
2017.9000 0.3127
2018.8000 0.3128
2020.2000 0.3130
2021.3000 0.3132
2021.7000 0.3134
2023.9000 0.3135
2023.9000 0.3137
2024.1000 0.3139
2025.4000 0.3141
2027.0000 0.3142
2027.1000 0.3144
2027.1000 0.3146
2028.3000 0.3148
2030.6000 0.3149
2031.1000 0.3151
2033.2000 0.3153
2036.9000 0.3155
2037.4000 0.3156
2038.2000 0.3158
2039.8000 0.3160
2040.4000 0.3161
2041.4000 0.3163
2041.6000 0.3165
2041.8000 0.3167
2042.4000 0.3168
2043.6000 0.3170
2043.9000 0.3172
2044.2000 0.3174
2045.0000 0.3175
2050.6000 0.3177
2052.3000 0.3179
2056.4000 0.3181
2057.6000 0.3182
2057.8000 0.3184
2058.3000 0.3186
2059.3000 0.3188
2060.6000 0.3189
2063.4000 0.3191
2063.7000 0.3193
2064.6000 0.3194
2064.7000 0.3196
2064.7000 0.3198
2065.0000 0.3200
2070.3000 0.3201
2072.8000 0.3203
2073.9000 0.3205
2074.4000 0.3207
2075.3000 0.3208
2078.2000 0.3210
2078.5000 0.3212
2082.4000 0.3214
2082.5000 0.3215
2084.6000 0.3217
2084.9000 0.3219
2086.1000 0.3220
2088.6000 0.3222
2092.1000 0.3224
2093.9000 0.3226
2094.1000 0.3227
2096.4000 0.3229
2097.9000 0.3231
2102.0000 0.3233
2102.1000 0.3234
2102.3000 0.3236
2102.5000 0.3238
2102.7000 0.3240
2106.0000 0.3241
2106.6000 0.3243
2107.7000 0.3245
2108.1000 0.3247
2109.4000 0.3248
2113.9000 0.3250
2114.4000 0.3252
2115.1000 0.3253
2115.5000 0.3255
2116.6000 0.3257
2119.0000 0.3259
2121.7000 0.3260
2124.0000 0.3262
2124.4000 0.3264
2124.8000 0.3266
2125.0000 0.3267
2127.2000 0.3269
2130.1000 0.3271
2131.5000 0.3273
2132.2000 0.3274
2133.8000 0.3276
2134.2000 0.3278
2134.4000 0.3280
2135.1000 0.3281
2137.5000 0.3283
2138.8000 0.3285
2140.4000 0.3286
2140.9000 0.3288
2144.1000 0.3290
2144.4000 0.3292
2145.0000 0.3293
2146.4000 0.3295
2148.2000 0.3297
2148.3000 0.3299
2151.5000 0.3300
2152.5000 0.3302
2153.2000 0.3304
2154.0000 0.3306
2154.9000 0.3307
2156.8000 0.3309
2157.2000 0.3311
2157.3000 0.3313
2161.4000 0.3314
2161.7000 0.3316
2162.3000 0.3318
2166.4000 0.3319
2167.0000 0.3321
2169.1000 0.3323
2169.8000 0.3325
2171.4000 0.3326
2171.7000 0.3328
2174.6000 0.3330
2175.8000 0.3332
2177.5000 0.3333
2180.4000 0.3335
2181.0000 0.3337
2181.1000 0.3339
2182.8000 0.3340
2183.0000 0.3342
2183.1000 0.3344
2185.3000 0.3345
2189.4000 0.3347
2190.4000 0.3349
2192.2000 0.3351
2192.6000 0.3352
2192.8000 0.3354
2192.9000 0.3356
2193.4000 0.3358
2194.5000 0.3359
2195.0000 0.3361
2195.0000 0.3363
2195.7000 0.3365
2198.4000 0.3366
2202.5000 0.3368
2204.2000 0.3370
2204.5000 0.3372
2205.4000 0.3373
2205.8000 0.3375
2206.4000 0.3377
2206.6000 0.3378
2207.2000 0.3380
2209.4000 0.3382
2209.4000 0.3384
2209.4000 0.3385
2209.7000 0.3387
2210.5000 0.3389
2212.1000 0.3391
2212.1000 0.3392
2212.4000 0.3394
2213.9000 0.3396
2214.1000 0.3398
2216.0000 0.3399
2216.6000 0.3401
2219.9000 0.3403
2220.7000 0.3405
2221.1000 0.3406
2222.5000 0.3408
2223.3000 0.3410
2225.9000 0.3411
2226.7000 0.3413
2227.0000 0.3415
2229.2000 0.3417
2230.4000 0.3418
2230.6000 0.3420
2236.9000 0.3422
2237.2000 0.3424
2239.2000 0.3425
2239.6000 0.3427
2239.9000 0.3429
2240.4000 0.3431
2241.8000 0.3432
2241.9000 0.3434
2242.4000 0.3436
2242.6000 0.3438
2244.5000 0.3439
2244.8000 0.3441
2244.8000 0.3443
2245.9000 0.3444
2246.2000 0.3446
2247.0000 0.3448
2248.5000 0.3450
2253.2000 0.3451
2255.6000 0.3453
2256.6000 0.3455
2257.0000 0.3457
2257.2000 0.3458
2257.9000 0.3460
2258.8000 0.3462
2266.7000 0.3464
2267.4000 0.3465
2267.5000 0.3467
2267.9000 0.3469
2272.4000 0.3470
2273.8000 0.3472
2274.1000 0.3474
2275.1000 0.3476
2277.6000 0.3477
2278.3000 0.3479
2280.4000 0.3481
2281.3000 0.3483
2283.2000 0.3484
2287.5000 0.3486
2290.3000 0.3488
2290.8000 0.3490
2290.9000 0.3491
2296.6000 0.3493
2297.1000 0.3495
2299.9000 0.3497
2303.3000 0.3498
2310.9000 0.3500
2311.6000 0.3502
2313.8000 0.3503
2319.6000 0.3505
2320.4000 0.3507
2320.4000 0.3509
2320.7000 0.3510
2323.0000 0.3512
2323.7000 0.3514
2326.5000 0.3516
2327.0000 0.3517
2329.3000 0.3519
2331.8000 0.3521
2333.4000 0.3523
2336.5000 0.3524
2337.2000 0.3526
2338.0000 0.3528
2339.2000 0.3530
2339.6000 0.3531
2343.6000 0.3533
2346.1000 0.3535
2348.1000 0.3536
2349.2000 0.3538
2350.0000 0.3540
2351.5000 0.3542
2356.5000 0.3543
2358.2000 0.3545
2358.2000 0.3547
2358.5000 0.3549
2362.3000 0.3550
2362.4000 0.3552
2363.2000 0.3554
2365.7000 0.3556
2367.0000 0.3557
2369.0000 0.3559
2369.5000 0.3561
2370.7000 0.3563
2371.8000 0.3564
2375.8000 0.3566
2377.7000 0.3568
2377.9000 0.3569
2382.6000 0.3571
2386.7000 0.3573
2386.8000 0.3575
2387.2000 0.3576
2388.8000 0.3578
2391.8000 0.3580
2392.7000 0.3582
2393.7000 0.3583
2398.2000 0.3585
2400.1000 0.3587
2400.2000 0.3589
2402.9000 0.3590
2404.7000 0.3592
2405.8000 0.3594
2413.8000 0.3595
2416.5000 0.3597
2417.6000 0.3599
2418.4000 0.3601
2420.3000 0.3602
2420.6000 0.3604
2424.6000 0.3606
2425.8000 0.3608
2430.3000 0.3609
2436.3000 0.3611
2438.9000 0.3613
2440.0000 0.3615
2441.8000 0.3616
2442.6000 0.3618
2444.8000 0.3620
2446.8000 0.3622
2447.4000 0.3623
2448.8000 0.3625
2452.4000 0.3627
2455.9000 0.3628
2456.8000 0.3630
2456.8000 0.3632
2464.3000 0.3634
2471.5000 0.3635
2472.5000 0.3637
2473.3000 0.3639
2476.4000 0.3641
2479.3000 0.3642
2482.8000 0.3644
2483.5000 0.3646
2484.4000 0.3648
2486.5000 0.3649
2486.8000 0.3651
2487.3000 0.3653
2488.6000 0.3655
2493.7000 0.3656
2494.6000 0.3658
2495.9000 0.3660
2499.5000 0.3661
2501.2000 0.3663
2504.3000 0.3665
2504.9000 0.3667
2505.9000 0.3668
2509.6000 0.3670
2513.4000 0.3672
2516.2000 0.3674
2519.8000 0.3675
2525.0000 0.3677
2528.0000 0.3679
2528.6000 0.3681
2530.2000 0.3682
2530.7000 0.3684
2531.7000 0.3686
2537.6000 0.3688
2540.2000 0.3689
2540.8000 0.3691
2540.8000 0.3693
2542.8000 0.3694
2543.5000 0.3696
2546.4000 0.3698
2546.6000 0.3700
2547.1000 0.3701
2551.1000 0.3703
2558.3000 0.3705
2563.3000 0.3707
2566.6000 0.3708
2568.3000 0.3710
2574.9000 0.3712
2578.6000 0.3714
2581.4000 0.3715
2581.9000 0.3717
2582.6000 0.3719
2582.8000 0.3720
2585.1000 0.3722
2587.5000 0.3724
2589.5000 0.3726
2590.5000 0.3727
2591.0000 0.3729
2591.9000 0.3731
2592.0000 0.3733
2594.0000 0.3734
2602.1000 0.3736
2602.6000 0.3738
2604.8000 0.3740
2608.7000 0.3741
2612.6000 0.3743
2614.0000 0.3745
2625.4000 0.3747
2626.3000 0.3748
2630.1000 0.3750
2635.3000 0.3752
2637.3000 0.3753
2644.6000 0.3755
2653.7000 0.3757
2653.9000 0.3759
2659.8000 0.3760
2668.6000 0.3762
2668.8000 0.3764
2672.5000 0.3766
2690.5000 0.3767
2692.0000 0.3769
2692.5000 0.3771
2694.5000 0.3773
2696.0000 0.3774
2696.4000 0.3776
2698.5000 0.3778
2699.2000 0.3780
2701.9000 0.3781
2702.5000 0.3783
2716.2000 0.3785
2723.1000 0.3786
2728.9000 0.3788
2731.2000 0.3790
2733.9000 0.3792
2742.4000 0.3793
2743.1000 0.3795
2749.4000 0.3797
2752.6000 0.3799
2758.8000 0.3800
2759.7000 0.3802
2759.7000 0.3804
2760.1000 0.3806
2761.2000 0.3807
2761.8000 0.3809
2769.4000 0.3811
2772.1000 0.3813
2780.1000 0.3814
2782.1000 0.3816
2783.4000 0.3818
2785.6000 0.3819
2789.9000 0.3821
2791.9000 0.3823
2797.8000 0.3825
2798.8000 0.3826
2802.5000 0.3828
2804.9000 0.3830
2806.3000 0.3832
2814.6000 0.3833
2815.5000 0.3835
2817.8000 0.3837
2818.4000 0.3839
2819.1000 0.3840
2824.8000 0.3842
2826.5000 0.3844
2827.3000 0.3845
2832.5000 0.3847
2834.0000 0.3849
2846.3000 0.3851
2848.1000 0.3852
2849.5000 0.3854
2856.4000 0.3856
2857.2000 0.3858
2859.7000 0.3859
2862.2000 0.3861
2869.1000 0.3863
2869.1000 0.3865
2870.1000 0.3866
2872.2000 0.3868
2875.4000 0.3870
2877.7000 0.3872
2878.3000 0.3873
2879.4000 0.3875
2883.6000 0.3877
2884.5000 0.3878
2889.0000 0.3880
2894.0000 0.3882
2895.4000 0.3884
2896.4000 0.3885
2898.2000 0.3887
2901.2000 0.3889
2908.4000 0.3891
2910.0000 0.3892
2911.1000 0.3894
2911.2000 0.3896
2913.0000 0.3898
2916.8000 0.3899
2922.1000 0.3901
2924.4000 0.3903
2933.8000 0.3905
2946.7000 0.3906
2948.9000 0.3908
2952.2000 0.3910
2953.3000 0.3911
2956.8000 0.3913
2967.9000 0.3915
2977.9000 0.3917
2986.7000 0.3918
2987.8000 0.3920
2992.6000 0.3922
3013.0000 0.3924
3014.6000 0.3925
3019.5000 0.3927
3021.5000 0.3929
3028.1000 0.3931
3028.6000 0.3932
3031.2000 0.3934
3035.0000 0.3936
3035.4000 0.3938
3047.9000 0.3939
3059.4000 0.3941
3066.4000 0.3943
3078.4000 0.3944
3080.7000 0.3946
3081.5000 0.3948
3084.1000 0.3950
3085.2000 0.3951
3092.4000 0.3953
3104.3000 0.3955
3104.5000 0.3957
3105.6000 0.3958
3105.8000 0.3960
3109.2000 0.3962
3116.9000 0.3964
3120.7000 0.3965
3125.0000 0.3967
3129.7000 0.3969
3133.2000 0.3970
3134.3000 0.3972
3147.6000 0.3974
3156.6000 0.3976
3165.3000 0.3977
3169.4000 0.3979
3178.5000 0.3981
3187.7000 0.3983
3201.1000 0.3984
3201.3000 0.3986
3202.2000 0.3988
3204.7000 0.3990
3205.1000 0.3991
3206.4000 0.3993
3219.2000 0.3995
3222.8000 0.3997
3228.9000 0.3998
3232.6000 0.4000
3235.5000 0.4002
3237.4000 0.4003
3238.0000 0.4005
3243.3000 0.4007
3255.8000 0.4009
3258.8000 0.4010
3264.3000 0.4012
3264.5000 0.4014
3264.9000 0.4016
3267.8000 0.4017
3269.5000 0.4019
3275.5000 0.4021
3277.8000 0.4023
3279.1000 0.4024
3286.0000 0.4026
3289.6000 0.4028
3292.4000 0.4030
3301.2000 0.4031
3301.6000 0.4033
3306.3000 0.4035
3314.3000 0.4036
3325.7000 0.4038
3326.7000 0.4040
3331.5000 0.4042
3332.0000 0.4043
3332.9000 0.4045
3332.9000 0.4047
3333.5000 0.4049
3338.4000 0.4050
3355.0000 0.4052
3361.6000 0.4054
3368.6000 0.4056
3371.7000 0.4057
3376.9000 0.4059
3379.5000 0.4061
3392.7000 0.4063
3392.8000 0.4064
3400.8000 0.4066
3411.7000 0.4068
3413.9000 0.4069
3417.6000 0.4071
3422.8000 0.4073
3429.2000 0.4075
3431.1000 0.4076
3434.3000 0.4078
3436.6000 0.4080
3437.3000 0.4082
3438.5000 0.4083
3447.7000 0.4085
3449.1000 0.4087
3452.7000 0.4089
3454.5000 0.4090
3456.6000 0.4092
3460.9000 0.4094
3463.5000 0.4095
3464.7000 0.4097
3465.0000 0.4099
3476.2000 0.4101
3484.9000 0.4102
3485.0000 0.4104
3487.1000 0.4106
3494.4000 0.4108
3498.7000 0.4109
3511.0000 0.4111
3513.0000 0.4113
3515.4000 0.4115
3517.4000 0.4116
3519.2000 0.4118
3524.2000 0.4120
3533.0000 0.4122
3533.6000 0.4123
3534.7000 0.4125
3536.6000 0.4127
3536.6000 0.4128
3537.9000 0.4130
3541.9000 0.4132
3542.8000 0.4134
3547.6000 0.4135
3548.4000 0.4137
3549.0000 0.4139
3550.7000 0.4141
3555.2000 0.4142
3563.8000 0.4144
3578.1000 0.4146
3582.1000 0.4148
3588.4000 0.4149
3591.4000 0.4151
3596.6000 0.4153
3599.4000 0.4155
3613.6000 0.4156
3618.2000 0.4158
3628.4000 0.4160
3631.6000 0.4161
3637.9000 0.4163
3639.5000 0.4165
3644.0000 0.4167
3644.1000 0.4168
3656.3000 0.4170
3657.5000 0.4172
3663.2000 0.4174
3671.1000 0.4175
3672.6000 0.4177
3672.7000 0.4179
3678.9000 0.4181
3681.5000 0.4182
3686.2000 0.4184
3686.3000 0.4186
3688.3000 0.4188
3694.0000 0.4189
3702.8000 0.4191
3705.6000 0.4193
3708.6000 0.4194
3729.8000 0.4196
3730.9000 0.4198
3734.7000 0.4200
3734.8000 0.4201
3736.5000 0.4203
3737.6000 0.4205
3757.8000 0.4207
3763.2000 0.4208
3764.9000 0.4210
3766.6000 0.4212
3772.6000 0.4214
3779.2000 0.4215
3781.0000 0.4217
3781.8000 0.4219
3783.0000 0.4220
3787.3000 0.4222
3796.0000 0.4224
3804.1000 0.4226
3812.1000 0.4227
3815.0000 0.4229
3816.1000 0.4231
3823.2000 0.4233
3825.7000 0.4234
3825.8000 0.4236
3827.1000 0.4238
3833.0000 0.4240
3833.3000 0.4241
3854.5000 0.4243
3879.9000 0.4245
3883.8000 0.4247
3899.2000 0.4248
3906.8000 0.4250
3919.6000 0.4252
3931.0000 0.4253
3931.5000 0.4255
3934.8000 0.4257
3942.7000 0.4259
3944.6000 0.4260
3950.8000 0.4262
3957.8000 0.4264
3959.6000 0.4266
3965.5000 0.4267
3966.3000 0.4269
3970.3000 0.4271
3971.0000 0.4273
3971.7000 0.4274
3972.4000 0.4276
3982.1000 0.4278
3987.1000 0.4280
3993.6000 0.4281
3994.0000 0.4283
3995.2000 0.4285
3995.5000 0.4286
4010.7000 0.4288
4011.4000 0.4290
4011.9000 0.4292
4013.9000 0.4293
4021.6000 0.4295
4035.2000 0.4297
4038.6000 0.4299
4050.1000 0.4300
4055.9000 0.4302
4057.1000 0.4304
4061.2000 0.4306
4072.1000 0.4307
4076.1000 0.4309
4076.9000 0.4311
4095.4000 0.4313
4099.8000 0.4314
4107.0000 0.4316
4110.4000 0.4318
4111.1000 0.4319
4113.5000 0.4321
4120.7000 0.4323
4125.3000 0.4325
4135.5000 0.4326
4141.7000 0.4328
4150.7000 0.4330
4150.9000 0.4332
4151.2000 0.4333
4156.3000 0.4335
4160.3000 0.4337
4160.5000 0.4339
4168.5000 0.4340
4174.9000 0.4342
4176.7000 0.4344
4181.2000 0.4345
4187.6000 0.4347
4193.4000 0.4349
4205.0000 0.4351
4212.2000 0.4352
4213.3000 0.4354
4214.2000 0.4356
4224.7000 0.4358
4231.5000 0.4359
4232.7000 0.4361
4234.0000 0.4363
4254.2000 0.4365
4263.2000 0.4366
4270.4000 0.4368
4293.9000 0.4370
4294.7000 0.4372
4309.7000 0.4373
4312.1000 0.4375
4314.9000 0.4377
4319.3000 0.4378
4319.4000 0.4380
4322.0000 0.4382
4326.7000 0.4384
4345.5000 0.4385
4351.0000 0.4387
4358.3000 0.4389
4366.4000 0.4391
4372.3000 0.4392
4378.5000 0.4394
4413.6000 0.4396
4417.7000 0.4398
4423.3000 0.4399
4426.6000 0.4401
4427.3000 0.4403
4430.2000 0.4405
4431.0000 0.4406
4431.0000 0.4408
4440.6000 0.4410
4448.5000 0.4411
4466.4000 0.4413
4467.5000 0.4415
4468.5000 0.4417
4476.3000 0.4418
4487.6000 0.4420
4493.3000 0.4422
4498.3000 0.4424
4505.9000 0.4425
4506.8000 0.4427
4507.2000 0.4429
4510.9000 0.4431
4514.4000 0.4432
4518.0000 0.4434
4521.2000 0.4436
4530.2000 0.4438
4532.6000 0.4439
4540.0000 0.4441
4542.4000 0.4443
4551.7000 0.4444
4555.8000 0.4446
4555.8000 0.4448
4560.3000 0.4450
4565.4000 0.4451
4569.7000 0.4453
4571.8000 0.4455
4575.5000 0.4457
4588.5000 0.4458
4621.3000 0.4460
4635.0000 0.4462
4635.4000 0.4464
4637.1000 0.4465
4653.4000 0.4467
4655.3000 0.4469
4658.4000 0.4470
4664.0000 0.4472
4671.9000 0.4474
4672.4000 0.4476
4701.2000 0.4477
4705.4000 0.4479
4710.5000 0.4481
4713.1000 0.4483
4742.0000 0.4484
4742.8000 0.4486
4743.1000 0.4488
4743.8000 0.4490
4744.3000 0.4491
4744.7000 0.4493
4748.7000 0.4495
4753.6000 0.4497
4753.8000 0.4498
4757.8000 0.4500
4765.6000 0.4502
4776.2000 0.4503
4778.9000 0.4505
4779.0000 0.4507
4780.0000 0.4509
4782.6000 0.4510
4797.7000 0.4512
4798.1000 0.4514
4803.1000 0.4516
4817.6000 0.4517
4825.1000 0.4519
4825.4000 0.4521
4836.7000 0.4523
4837.5000 0.4524
4837.7000 0.4526
4837.7000 0.4528
4841.9000 0.4530
4844.4000 0.4531
4846.0000 0.4533
4849.2000 0.4535
4850.0000 0.4536
4853.6000 0.4538
4879.0000 0.4540
4884.9000 0.4542
4887.5000 0.4543
4893.2000 0.4545
4906.4000 0.4547
4907.2000 0.4549
4915.9000 0.4550
4916.0000 0.4552
4916.8000 0.4554
4925.2000 0.4556
4938.9000 0.4557
4945.1000 0.4559
4950.6000 0.4561
4953.8000 0.4563
4961.3000 0.4564
4966.5000 0.4566
4967.1000 0.4568
4982.2000 0.4569
4988.6000 0.4571
5000.0000 0.4573
5021.3000 0.4575
5021.7000 0.4576
5025.5000 0.4578
5035.0000 0.4580
5035.0000 0.4582
5035.6000 0.4583
5044.3000 0.4585
5045.4000 0.4587
5048.5000 0.4589
5055.1000 0.4590
5066.3000 0.4592
5077.3000 0.4594
5078.0000 0.4595
5087.5000 0.4597
5091.0000 0.4599
5093.4000 0.4601
5110.1000 0.4602
5112.0000 0.4604
5113.0000 0.4606
5119.8000 0.4608
5142.0000 0.4609
5148.1000 0.4611
5150.1000 0.4613
5159.8000 0.4615
5166.0000 0.4616
5171.2000 0.4618
5178.0000 0.4620
5187.7000 0.4622
5195.0000 0.4623
5197.3000 0.4625
5202.8000 0.4627
5208.4000 0.4628
5210.6000 0.4630
5212.5000 0.4632
5224.5000 0.4634
5234.2000 0.4635
5234.3000 0.4637
5234.4000 0.4639
5234.6000 0.4641
5238.2000 0.4642
5240.7000 0.4644
5265.2000 0.4646
5265.9000 0.4648
5266.6000 0.4649
5271.1000 0.4651
5274.4000 0.4653
5276.5000 0.4655
5285.2000 0.4656
5287.7000 0.4658
5289.8000 0.4660
5294.8000 0.4661
5298.4000 0.4663
5298.8000 0.4665
5298.9000 0.4667
5301.5000 0.4668
5309.1000 0.4670
5329.2000 0.4672
5333.7000 0.4674
5333.8000 0.4675
5336.9000 0.4677
5338.7000 0.4679
5351.6000 0.4681
5355.2000 0.4682
5369.8000 0.4684
5374.4000 0.4686
5378.8000 0.4688
5379.0000 0.4689
5379.2000 0.4691
5381.1000 0.4693
5381.7000 0.4694
5393.3000 0.4696
5394.7000 0.4698
5419.6000 0.4700
5424.1000 0.4701
5426.3000 0.4703
5436.0000 0.4705
5452.5000 0.4707
5453.7000 0.4708
5454.9000 0.4710
5461.8000 0.4712
5462.9000 0.4714
5465.1000 0.4715
5478.1000 0.4717
5502.8000 0.4719
5506.5000 0.4720
5509.4000 0.4722
5516.2000 0.4724
5516.5000 0.4726
5526.0000 0.4727
5528.5000 0.4729
5531.7000 0.4731
5539.8000 0.4733
5544.4000 0.4734
5548.6000 0.4736
5551.3000 0.4738
5553.7000 0.4740
5553.9000 0.4741
5557.2000 0.4743
5557.7000 0.4745
5561.1000 0.4747
5573.3000 0.4748
5573.5000 0.4750
5574.2000 0.4752
5582.5000 0.4753
5591.3000 0.4755
5596.4000 0.4757
5599.5000 0.4759
5617.9000 0.4760
5624.1000 0.4762
5626.3000 0.4764
5626.9000 0.4766
5631.3000 0.4767
5635.4000 0.4769
5647.5000 0.4771
5647.7000 0.4773
5647.9000 0.4774
5653.7000 0.4776
5662.0000 0.4778
5663.3000 0.4780
5666.8000 0.4781
5670.5000 0.4783
5672.0000 0.4785
5674.5000 0.4786
5679.8000 0.4788
5705.6000 0.4790
5718.1000 0.4792
5722.9000 0.4793
5731.3000 0.4795
5736.4000 0.4797
5739.5000 0.4799
5749.8000 0.4800
5750.9000 0.4802
5752.6000 0.4804
5758.8000 0.4806
5762.3000 0.4807
5776.3000 0.4809
5779.3000 0.4811
5807.2000 0.4813
5811.6000 0.4814
5815.9000 0.4816
5828.8000 0.4818
5834.7000 0.4819
5840.9000 0.4821
5842.2000 0.4823
5844.6000 0.4825
5852.6000 0.4826
5855.4000 0.4828
5868.1000 0.4830
5878.6000 0.4832
5888.2000 0.4833
5889.4000 0.4835
5899.4000 0.4837
5906.4000 0.4839
5908.2000 0.4840
5908.3000 0.4842
5924.0000 0.4844
5939.6000 0.4845
5951.7000 0.4847
5953.6000 0.4849
5953.9000 0.4851
5963.0000 0.4852
5973.5000 0.4854
5974.0000 0.4856
5974.3000 0.4858
5975.0000 0.4859
5985.5000 0.4861
5992.4000 0.4863
5997.4000 0.4865
6011.0000 0.4866
6021.5000 0.4868
6023.7000 0.4870
6025.4000 0.4872
6035.4000 0.4873
6049.1000 0.4875
6053.5000 0.4877
6056.1000 0.4878
6058.6000 0.4880
6061.4000 0.4882
6062.1000 0.4884
6067.0000 0.4885
6070.5000 0.4887
6071.6000 0.4889
6079.7000 0.4891
6083.2000 0.4892
6084.3000 0.4894
6089.0000 0.4896
6090.1000 0.4898
6117.1000 0.4899
6132.9000 0.4901
6136.8000 0.4903
6136.8000 0.4905
6143.1000 0.4906
6143.5000 0.4908
6150.8000 0.4910
6158.0000 0.4911
6162.6000 0.4913
6165.0000 0.4915
6168.9000 0.4917
6182.2000 0.4918
6191.9000 0.4920
6194.0000 0.4922
6201.1000 0.4924
6201.6000 0.4925
6201.7000 0.4927
6202.9000 0.4929
6219.8000 0.4931
6233.2000 0.4932
6237.4000 0.4934
6237.9000 0.4936
6242.4000 0.4938
6245.8000 0.4939
6246.0000 0.4941
6250.3000 0.4943
6253.5000 0.4944
6254.0000 0.4946
6257.0000 0.4948
6259.9000 0.4950
6271.4000 0.4951
6274.1000 0.4953
6274.5000 0.4955
6282.5000 0.4957
6285.9000 0.4958
6290.4000 0.4960
6304.8000 0.4962
6310.8000 0.4964
6311.6000 0.4965
6313.5000 0.4967
6315.5000 0.4969
6324.1000 0.4970
6330.6000 0.4972
6332.9000 0.4974
6348.2000 0.4976
6358.0000 0.4977
6377.7000 0.4979
6392.8000 0.4981
6415.2000 0.4983
6419.8000 0.4984
6422.3000 0.4986
6423.4000 0.4988
6433.4000 0.4990
6444.8000 0.4991
6452.1000 0.4993
6457.8000 0.4995
6460.3000 0.4997
6465.0000 0.4998
6468.0000 0.5000
6476.5000 0.5002
6481.3000 0.5003
6488.5000 0.5005
6491.3000 0.5007
6532.3000 0.5009
6532.4000 0.5010
6534.8000 0.5012
6538.6000 0.5014
6541.3000 0.5016
6542.6000 0.5017
6545.0000 0.5019
6547.4000 0.5021
6550.1000 0.5023
6554.0000 0.5024
6554.7000 0.5026
6562.5000 0.5028
6565.4000 0.5030
6579.9000 0.5031
6581.4000 0.5033
6582.0000 0.5035
6582.2000 0.5036
6599.8000 0.5038
6609.9000 0.5040
6612.3000 0.5042
6622.7000 0.5043
6623.8000 0.5045
6625.7000 0.5047
6628.2000 0.5049
6629.8000 0.5050
6635.2000 0.5052
6641.2000 0.5054
6643.7000 0.5056
6647.9000 0.5057
6657.2000 0.5059
6662.1000 0.5061
6666.7000 0.5063
6667.8000 0.5064
6671.2000 0.5066
6682.2000 0.5068
6686.9000 0.5069
6691.8000 0.5071
6694.3000 0.5073
6706.4000 0.5075
6710.2000 0.5076
6713.5000 0.5078
6716.8000 0.5080
6719.6000 0.5082
6724.2000 0.5083
6729.6000 0.5085
6735.7000 0.5087
6742.5000 0.5089
6759.6000 0.5090
6763.3000 0.5092
6767.3000 0.5094
6769.8000 0.5095
6773.2000 0.5097
6773.7000 0.5099
6773.9000 0.5101
6775.2000 0.5102
6779.0000 0.5104
6780.6000 0.5106
6782.6000 0.5108
6782.8000 0.5109
6786.9000 0.5111
6793.6000 0.5113
6798.4000 0.5115
6811.5000 0.5116
6828.7000 0.5118
6835.2000 0.5120
6851.3000 0.5122
6865.3000 0.5123
6868.7000 0.5125
6874.6000 0.5127
6876.1000 0.5128
6877.1000 0.5130
6877.8000 0.5132
6879.4000 0.5134
6881.4000 0.5135
6886.1000 0.5137
6889.5000 0.5139
6898.8000 0.5141
6899.5000 0.5142
6914.3000 0.5144
6925.4000 0.5146
6936.3000 0.5148
6940.2000 0.5149
6943.2000 0.5151
6948.3000 0.5153
6956.1000 0.5155
6965.0000 0.5156
6972.4000 0.5158
6975.0000 0.5160
6976.3000 0.5161
6980.2000 0.5163
6982.6000 0.5165
6997.8000 0.5167
6998.2000 0.5168
7007.0000 0.5170
7014.2000 0.5172
7020.0000 0.5174
7025.9000 0.5175
7039.0000 0.5177
7039.7000 0.5179
7041.5000 0.5181
7043.4000 0.5182
7044.0000 0.5184
7055.4000 0.5186
7057.2000 0.5188
7058.1000 0.5189
7061.7000 0.5191
7070.0000 0.5193
7072.6000 0.5194
7072.9000 0.5196
7082.6000 0.5198
7084.3000 0.5200
7092.5000 0.5201
7093.8000 0.5203
7096.2000 0.5205
7100.5000 0.5207
7103.0000 0.5208
7105.7000 0.5210
7106.9000 0.5212
7111.0000 0.5214
7113.9000 0.5215
7128.7000 0.5217
7129.9000 0.5219
7131.4000 0.5220
7135.2000 0.5222
7136.9000 0.5224
7141.5000 0.5226
7143.9000 0.5227
7145.0000 0.5229
7152.2000 0.5231
7153.6000 0.5233
7163.4000 0.5234
7172.4000 0.5236
7174.4000 0.5238
7181.0000 0.5240
7203.7000 0.5241
7206.8000 0.5243
7209.1000 0.5245
7209.6000 0.5247
7213.4000 0.5248
7218.2000 0.5250
7218.4000 0.5252
7219.9000 0.5253
7220.2000 0.5255
7225.1000 0.5257
7238.2000 0.5259
7247.0000 0.5260
7253.3000 0.5262
7255.5000 0.5264
7266.9000 0.5266
7278.8000 0.5267
7295.0000 0.5269
7296.1000 0.5271
7307.4000 0.5273
7326.2000 0.5274
7326.9000 0.5276
7332.7000 0.5278
7362.3000 0.5280
7368.0000 0.5281
7368.7000 0.5283
7373.5000 0.5285
7373.6000 0.5286
7377.6000 0.5288
7380.4000 0.5290
7383.3000 0.5292
7399.1000 0.5293
7403.9000 0.5295
7413.5000 0.5297
7416.0000 0.5299
7426.3000 0.5300
7428.3000 0.5302
7429.4000 0.5304
7440.5000 0.5306
7444.7000 0.5307
7449.4000 0.5309
7471.5000 0.5311
7474.2000 0.5313
7477.7000 0.5314
7482.1000 0.5316
7493.9000 0.5318
7507.2000 0.5319
7513.4000 0.5321
7513.8000 0.5323
7554.6000 0.5325
7564.8000 0.5326
7576.3000 0.5328
7592.2000 0.5330
7598.0000 0.5332
7599.4000 0.5333
7599.8000 0.5335
7600.5000 0.5337
7612.2000 0.5339
7614.5000 0.5340
7619.0000 0.5342
7620.3000 0.5344
7621.3000 0.5345
7623.2000 0.5347
7631.4000 0.5349
7633.8000 0.5351
7635.6000 0.5352
7657.2000 0.5354
7664.2000 0.5356
7670.6000 0.5358
7679.6000 0.5359
7690.6000 0.5361
7695.8000 0.5363
7698.1000 0.5365
7711.7000 0.5366
7720.5000 0.5368
7726.0000 0.5370
7729.1000 0.5372
7732.6000 0.5373
7734.3000 0.5375
7743.1000 0.5377
7745.8000 0.5378
7746.6000 0.5380
7756.7000 0.5382
7763.0000 0.5384
7770.7000 0.5385
7772.5000 0.5387
7772.7000 0.5389
7776.6000 0.5391
7779.2000 0.5392
7779.5000 0.5394
7784.0000 0.5396
7787.3000 0.5398
7790.1000 0.5399
7797.1000 0.5401
7829.6000 0.5403
7831.5000 0.5405
7834.3000 0.5406
7835.9000 0.5408
7840.7000 0.5410
7844.1000 0.5411
7847.0000 0.5413
7851.0000 0.5415
7872.9000 0.5417
7874.2000 0.5418
7874.2000 0.5420
7879.3000 0.5422
7882.8000 0.5424
7896.6000 0.5425
7901.0000 0.5427
7904.6000 0.5429
7908.1000 0.5431
7913.9000 0.5432
7915.8000 0.5434
7917.3000 0.5436
7924.4000 0.5438
7926.3000 0.5439
7931.2000 0.5441
7931.9000 0.5443
7937.1000 0.5444
7958.4000 0.5446
7960.9000 0.5448
7964.2000 0.5450
7969.2000 0.5451
7984.3000 0.5453
7984.7000 0.5455
7985.6000 0.5457
7997.6000 0.5458
8001.8000 0.5460
8013.8000 0.5462
8021.5000 0.5464
8035.7000 0.5465
8046.1000 0.5467
8047.7000 0.5469
8052.3000 0.5470
8059.3000 0.5472
8060.8000 0.5474
8070.6000 0.5476
8074.6000 0.5477
8079.0000 0.5479
8085.5000 0.5481
8095.9000 0.5483
8096.4000 0.5484
8111.4000 0.5486
8115.4000 0.5488
8119.9000 0.5490
8128.3000 0.5491
8133.4000 0.5493
8135.1000 0.5495
8137.9000 0.5497
8140.8000 0.5498
8141.6000 0.5500
8148.0000 0.5502
8155.6000 0.5503
8164.8000 0.5505
8168.6000 0.5507
8172.2000 0.5509
8188.1000 0.5510
8188.6000 0.5512
8192.0000 0.5514
8203.3000 0.5516
8206.9000 0.5517
8216.5000 0.5519
8218.1000 0.5521
8223.1000 0.5523
8242.6000 0.5524
8246.0000 0.5526
8250.6000 0.5528
8251.8000 0.5530
8266.9000 0.5531
8283.4000 0.5533
8284.7000 0.5535
8291.1000 0.5536
8295.2000 0.5538
8297.1000 0.5540
8307.6000 0.5542
8308.7000 0.5543
8312.4000 0.5545
8320.0000 0.5547
8335.8000 0.5549
8347.2000 0.5550
8352.3000 0.5552
8353.2000 0.5554
8358.3000 0.5556
8367.8000 0.5557
8369.8000 0.5559
8372.3000 0.5561
8372.8000 0.5563
8375.0000 0.5564
8378.7000 0.5566
8381.1000 0.5568
8388.4000 0.5569
8390.3000 0.5571
8393.4000 0.5573
8408.0000 0.5575
8420.2000 0.5576
8425.9000 0.5578
8431.2000 0.5580
8431.3000 0.5582
8443.1000 0.5583
8444.7000 0.5585
8448.7000 0.5587
8454.1000 0.5589
8457.4000 0.5590
8472.4000 0.5592
8472.8000 0.5594
8477.0000 0.5595
8479.4000 0.5597
8479.6000 0.5599
8479.6000 0.5601
8480.6000 0.5602
8481.3000 0.5604
8481.7000 0.5606
8484.2000 0.5608
8484.3000 0.5609
8493.9000 0.5611
8496.9000 0.5613
8497.5000 0.5615
8502.5000 0.5616
8518.5000 0.5618
8519.4000 0.5620
8521.1000 0.5622
8525.8000 0.5623
8528.1000 0.5625
8530.1000 0.5627
8535.1000 0.5628
8535.8000 0.5630
8537.8000 0.5632
8543.1000 0.5634
8549.4000 0.5635
8555.3000 0.5637
8562.8000 0.5639
8563.8000 0.5641
8569.6000 0.5642
8572.2000 0.5644
8587.7000 0.5646
8604.8000 0.5648
8615.0000 0.5649
8626.1000 0.5651
8626.5000 0.5653
8635.5000 0.5655
8643.7000 0.5656
8645.4000 0.5658
8648.7000 0.5660
8691.9000 0.5661
8691.9000 0.5663
8693.8000 0.5665
8694.3000 0.5667
8695.3000 0.5668
8699.5000 0.5670
8699.9000 0.5672
8704.9000 0.5674
8708.2000 0.5675
8718.8000 0.5677
8719.0000 0.5679
8719.0000 0.5681
8740.8000 0.5682
8760.5000 0.5684
8776.6000 0.5686
8784.6000 0.5688
8788.4000 0.5689
8793.5000 0.5691
8795.2000 0.5693
8802.4000 0.5694
8812.9000 0.5696
8830.9000 0.5698
8849.7000 0.5700
8850.8000 0.5701
8855.4000 0.5703
8860.8000 0.5705
8883.4000 0.5707
8886.2000 0.5708
8898.6000 0.5710
8906.2000 0.5712
8914.0000 0.5714
8916.2000 0.5715
8918.9000 0.5717
8927.0000 0.5719
8928.4000 0.5720
8937.6000 0.5722
8941.3000 0.5724
8948.5000 0.5726
8958.4000 0.5727
8959.6000 0.5729
8964.9000 0.5731
8970.4000 0.5733
8976.6000 0.5734
8978.8000 0.5736
8979.1000 0.5738
8984.7000 0.5740
8986.2000 0.5741
8989.5000 0.5743
8989.7000 0.5745
8992.7000 0.5747
8993.0000 0.5748
8995.7000 0.5750
8999.9000 0.5752
9018.2000 0.5753
9018.9000 0.5755
9030.9000 0.5757
9039.5000 0.5759
9042.9000 0.5760
9049.1000 0.5762
9059.4000 0.5764
9069.5000 0.5766
9077.8000 0.5767
9085.1000 0.5769
9087.9000 0.5771
9090.3000 0.5773
9092.7000 0.5774
9104.1000 0.5776
9105.5000 0.5778
9111.4000 0.5780
9112.7000 0.5781
9116.7000 0.5783
9118.3000 0.5785
9119.5000 0.5786
9125.8000 0.5788
9138.0000 0.5790
9139.2000 0.5792
9145.2000 0.5793
9152.9000 0.5795
9154.2000 0.5797
9161.4000 0.5799
9165.5000 0.5800
9170.0000 0.5802
9173.4000 0.5804
9175.1000 0.5806
9180.3000 0.5807
9181.8000 0.5809
9186.8000 0.5811
9187.3000 0.5813
9190.6000 0.5814
9194.8000 0.5816
9201.7000 0.5818
9206.8000 0.5819
9209.4000 0.5821
9210.8000 0.5823
9214.6000 0.5825
9222.8000 0.5826
9223.0000 0.5828
9226.6000 0.5830
9230.0000 0.5832
9238.6000 0.5833
9243.8000 0.5835
9253.3000 0.5837
9272.6000 0.5839
9291.8000 0.5840
9295.8000 0.5842
9297.1000 0.5844
9305.9000 0.5845
9315.1000 0.5847
9322.2000 0.5849
9323.6000 0.5851
9324.8000 0.5852
9325.0000 0.5854
9362.6000 0.5856
9368.7000 0.5858
9385.9000 0.5859
9392.4000 0.5861
9393.4000 0.5863
9400.9000 0.5865
9407.1000 0.5866
9408.3000 0.5868
9412.4000 0.5870
9431.3000 0.5872
9432.1000 0.5873
9440.2000 0.5875
9440.8000 0.5877
9442.2000 0.5878
9447.0000 0.5880
9449.7000 0.5882
9456.5000 0.5884
9460.8000 0.5885
9466.0000 0.5887
9475.7000 0.5889
9484.7000 0.5891
9485.9000 0.5892
9492.6000 0.5894
9513.7000 0.5896
9520.6000 0.5898
9533.5000 0.5899
9536.2000 0.5901
9547.8000 0.5903
9547.9000 0.5905
9547.9000 0.5906
9548.8000 0.5908
9561.1000 0.5910
9573.6000 0.5911
9573.9000 0.5913
9582.7000 0.5915
9583.0000 0.5917
9586.6000 0.5918
9589.4000 0.5920
9601.6000 0.5922
9604.2000 0.5924
9606.2000 0.5925
9607.4000 0.5927
9609.1000 0.5929
9614.8000 0.5931
9615.7000 0.5932
9620.1000 0.5934
9627.7000 0.5936
9631.0000 0.5938
9637.1000 0.5939
9656.0000 0.5941
9658.2000 0.5943
9664.5000 0.5944
9667.1000 0.5946
9667.3000 0.5948
9667.4000 0.5950
9671.5000 0.5951
9672.2000 0.5953
9676.9000 0.5955
9679.2000 0.5957
9680.4000 0.5958
9684.5000 0.5960
9684.9000 0.5962
9685.7000 0.5964
9696.7000 0.5965
9699.4000 0.5967
9699.8000 0.5969
9709.2000 0.5970
9728.2000 0.5972
9729.8000 0.5974
9730.3000 0.5976
9733.2000 0.5977
9737.2000 0.5979
9740.6000 0.5981
9776.2000 0.5983
9776.5000 0.5984
9786.6000 0.5986
9787.8000 0.5988
9806.4000 0.5990
9808.7000 0.5991
9810.5000 0.5993
9811.6000 0.5995
9821.4000 0.5997
9833.9000 0.5998
9838.0000 0.6000
9842.0000 0.6002
9842.4000 0.6003
9845.6000 0.6005
9852.3000 0.6007
9853.4000 0.6009
9856.6000 0.6010
9860.3000 0.6012
9860.6000 0.6014
9863.5000 0.6016
9867.8000 0.6017
9882.6000 0.6019
9889.4000 0.6021
9893.4000 0.6023
9898.3000 0.6024
9912.7000 0.6026
9916.7000 0.6028
9922.1000 0.6030
9931.4000 0.6031
9943.6000 0.6033
9958.5000 0.6035
9959.2000 0.6036
9965.9000 0.6038
9972.9000 0.6040
9974.5000 0.6042
9975.1000 0.6043
9979.6000 0.6045
9989.3000 0.6047
9996.5000 0.6049
10006.3000 0.6050
10006.5000 0.6052
10010.7000 0.6054
10016.9000 0.6056
10017.6000 0.6057
10026.4000 0.6059
10032.4000 0.6061
10035.9000 0.6063
10046.9000 0.6064
10048.4000 0.6066
10051.0000 0.6068
10051.5000 0.6069
10061.5000 0.6071
10063.8000 0.6073
10089.8000 0.6075
10098.2000 0.6076
10102.7000 0.6078
10106.9000 0.6080
10111.2000 0.6082
10118.7000 0.6083
10122.3000 0.6085
10127.0000 0.6087
10139.7000 0.6089
10141.0000 0.6090
10147.9000 0.6092
10150.8000 0.6094
10152.4000 0.6095
10157.3000 0.6097
10169.7000 0.6099
10172.3000 0.6101
10183.4000 0.6102
10192.9000 0.6104
10200.0000 0.6106
10213.8000 0.6108
10246.8000 0.6109
10248.4000 0.6111
10254.4000 0.6113
10254.9000 0.6115
10257.8000 0.6116
10262.5000 0.6118
10263.4000 0.6120
10273.3000 0.6122
10280.5000 0.6123
10280.6000 0.6125
10294.9000 0.6127
10300.5000 0.6128
10306.7000 0.6130
10310.4000 0.6132
10312.7000 0.6134
10320.5000 0.6135
10330.2000 0.6137
10335.2000 0.6139
10342.5000 0.6141
10356.9000 0.6142
10365.9000 0.6144
10376.1000 0.6146
10381.1000 0.6148
10381.7000 0.6149
10385.8000 0.6151
10392.3000 0.6153
10403.7000 0.6155
10405.8000 0.6156
10408.2000 0.6158
10411.9000 0.6160
10419.3000 0.6161
10425.9000 0.6163
10428.7000 0.6165
10430.2000 0.6167
10434.8000 0.6168
10438.5000 0.6170
10441.7000 0.6172
10443.6000 0.6174
10444.7000 0.6175
10473.7000 0.6177
10474.9000 0.6179
10499.8000 0.6181
10503.6000 0.6182
10503.9000 0.6184
10505.6000 0.6186
10506.3000 0.6188
10509.7000 0.6189
10524.8000 0.6191
10529.3000 0.6193
10538.4000 0.6194
10539.8000 0.6196
10540.4000 0.6198
10550.8000 0.6200
10553.3000 0.6201
10559.9000 0.6203
10580.4000 0.6205
10588.8000 0.6207
10594.5000 0.6208
10601.7000 0.6210
10609.5000 0.6212
10621.2000 0.6214
10627.4000 0.6215
10627.7000 0.6217
10644.2000 0.6219
10648.8000 0.6220
10653.9000 0.6222
10655.2000 0.6224
10655.9000 0.6226
10663.2000 0.6227
10664.4000 0.6229
10668.5000 0.6231
10669.9000 0.6233
10671.5000 0.6234
10673.1000 0.6236
10675.8000 0.6238
10682.5000 0.6240
10687.5000 0.6241
10692.1000 0.6243
10715.9000 0.6245
10722.7000 0.6247
10743.3000 0.6248
10753.4000 0.6250
10753.6000 0.6252
10761.4000 0.6253
10761.9000 0.6255
10762.3000 0.6257
10766.3000 0.6259
10771.5000 0.6260
10789.6000 0.6262
10795.7000 0.6264
10797.5000 0.6266
10802.3000 0.6267
10808.7000 0.6269
10816.7000 0.6271
10831.2000 0.6273
10833.7000 0.6274
10834.6000 0.6276
10839.2000 0.6278
10846.6000 0.6280
10851.7000 0.6281
10855.4000 0.6283
10856.2000 0.6285
10861.9000 0.6286
10873.8000 0.6288
10874.1000 0.6290
10877.4000 0.6292
10879.9000 0.6293
10881.2000 0.6295
10890.4000 0.6297
10893.6000 0.6299
10896.3000 0.6300
10902.4000 0.6302
10906.3000 0.6304
10908.7000 0.6306
10909.0000 0.6307
10910.1000 0.6309
10912.7000 0.6311
10917.3000 0.6313
10919.4000 0.6314
10922.5000 0.6316
10928.1000 0.6318
10931.0000 0.6319
10931.1000 0.6321
10949.0000 0.6323
10949.9000 0.6325
10955.7000 0.6326
10956.4000 0.6328
10958.4000 0.6330
10961.8000 0.6332
10966.6000 0.6333
10972.3000 0.6335
10975.1000 0.6337
10977.4000 0.6339
10978.3000 0.6340
10988.2000 0.6342
10997.8000 0.6344
10998.1000 0.6345
10999.7000 0.6347
11011.3000 0.6349
11017.3000 0.6351
11018.2000 0.6352
11018.5000 0.6354
11024.6000 0.6356
11029.3000 0.6358
11032.9000 0.6359
11033.5000 0.6361
11034.1000 0.6363
11043.2000 0.6365
11051.8000 0.6366
11063.6000 0.6368
11075.0000 0.6370
11077.2000 0.6372
11078.3000 0.6373
11088.7000 0.6375
11092.9000 0.6377
11099.9000 0.6378
11104.2000 0.6380
11105.9000 0.6382
11106.6000 0.6384
11113.8000 0.6385
11118.0000 0.6387
11122.1000 0.6389
11127.4000 0.6391
11133.6000 0.6392
11134.2000 0.6394
11134.8000 0.6396
11141.1000 0.6398
11148.2000 0.6399
11151.5000 0.6401
11158.6000 0.6403
11160.2000 0.6405
11160.6000 0.6406
11169.1000 0.6408
11178.4000 0.6410
11208.6000 0.6411
11209.0000 0.6413
11209.4000 0.6415
11221.1000 0.6417
11229.3000 0.6418
11230.1000 0.6420
11237.0000 0.6422
11240.0000 0.6424
11243.6000 0.6425
11260.4000 0.6427
11279.5000 0.6429
11282.3000 0.6431
11283.3000 0.6432
11290.1000 0.6434
11297.8000 0.6436
11309.6000 0.6438
11312.0000 0.6439
11327.4000 0.6441
11339.5000 0.6443
11345.9000 0.6444
11346.3000 0.6446
11347.4000 0.6448
11358.5000 0.6450
11361.5000 0.6451
11363.2000 0.6453
11370.0000 0.6455
11382.8000 0.6457
11393.5000 0.6458
11397.4000 0.6460
11402.6000 0.6462
11407.8000 0.6464
11415.7000 0.6465
11415.8000 0.6467
11418.0000 0.6469
11425.8000 0.6470
11433.1000 0.6472
11439.8000 0.6474
11442.1000 0.6476
11449.1000 0.6477
11453.1000 0.6479
11479.5000 0.6481
11479.5000 0.6483
11483.9000 0.6484
11485.9000 0.6486
11490.6000 0.6488
11498.2000 0.6490
11505.6000 0.6491
11508.8000 0.6493
11517.1000 0.6495
11523.4000 0.6497
11540.6000 0.6498
11547.2000 0.6500
11548.2000 0.6502
11550.3000 0.6503
11556.1000 0.6505
11567.8000 0.6507
11579.5000 0.6509
11580.2000 0.6510
11582.2000 0.6512
11586.9000 0.6514
11589.3000 0.6516
11603.1000 0.6517
11613.7000 0.6519
11622.8000 0.6521
11623.2000 0.6523
11631.6000 0.6524
11631.9000 0.6526
11639.1000 0.6528
11641.2000 0.6530
11647.0000 0.6531
11655.1000 0.6533
11658.3000 0.6535
11659.8000 0.6536
11659.9000 0.6538
11660.6000 0.6540
11670.5000 0.6542
11671.1000 0.6543
11678.5000 0.6545
11684.4000 0.6547
11685.5000 0.6549
11686.5000 0.6550
11696.4000 0.6552
11696.6000 0.6554
11702.1000 0.6556
11709.0000 0.6557
11711.3000 0.6559
11720.4000 0.6561
11724.9000 0.6563
11725.8000 0.6564
11756.0000 0.6566
11766.9000 0.6568
11772.6000 0.6569
11775.0000 0.6571
11779.7000 0.6573
11791.7000 0.6575
11793.6000 0.6576
11810.2000 0.6578
11817.9000 0.6580
11819.2000 0.6582
11819.4000 0.6583
11821.4000 0.6585
11821.5000 0.6587
11829.0000 0.6589
11837.3000 0.6590
11838.7000 0.6592
11846.7000 0.6594
11850.1000 0.6595
11854.2000 0.6597
11854.6000 0.6599
11857.2000 0.6601
11859.2000 0.6602
11866.1000 0.6604
11874.6000 0.6606
11876.3000 0.6608
11877.6000 0.6609
11881.1000 0.6611
11881.5000 0.6613
11883.9000 0.6615
11895.3000 0.6616
11897.6000 0.6618
11919.4000 0.6620
11920.9000 0.6622
11922.9000 0.6623
11926.5000 0.6625
11926.7000 0.6627
11931.4000 0.6628
11936.7000 0.6630
11947.2000 0.6632
11950.9000 0.6634
11958.1000 0.6635
11969.2000 0.6637
