60.0000 0.0000 0.0000
120.1000 0.0001 0.0000
180.2000 0.0001 0.0000
240.3000 0.0002 0.0000
300.3000 0.0002 0.0000
360.3000 0.0002 0.0000
420.3000 0.0003 0.0000
480.3000 0.0004 0.0000
540.3000 0.0005 0.0000
600.3000 0.0006 0.0000
660.3000 0.0006 0.0000
720.3000 0.0007 0.0000
780.3000 0.0008 0.0000
840.3000 0.0010 0.0000
900.3000 0.0012 0.0000
960.3000 0.0014 0.0000
1020.3000 0.0016 0.0000
1080.4000 0.0019 0.0000
1140.5000 0.0022 0.0000
1200.6000 0.0026 0.0000
1260.7000 0.0029 0.0000
1320.8000 0.0034 0.0000
1380.9000 0.0039 0.0000
1441.0000 0.0044 0.0000
1501.1000 0.0050 0.0000
1561.2000 0.0057 0.0000
1621.3000 0.0065 0.0000
1681.4000 0.0072 0.0000
1741.5000 0.0079 0.0000
1801.6000 0.0085 0.0000
1861.7000 0.0092 0.0000
1921.8000 0.0099 0.0000
1981.9000 0.0106 0.0000
2042.0000 0.0116 0.0000
2102.1000 0.0124 0.0000
2162.2000 0.0133 0.0000
2222.3000 0.0141 0.0000
2282.4000 0.0152 0.0000
2342.5000 0.0160 0.0000
2402.6000 0.0168 0.0000
2462.7000 0.0176 0.0000
2522.8000 0.0184 0.0000
2582.9000 0.0191 0.0000
2643.0000 0.0199 0.0000
2703.1000 0.0208 0.0000
2763.2000 0.0215 0.0000
2823.3000 0.0224 0.0000
2883.4000 0.0230 0.0000
2943.5000 0.0238 0.0000
3003.6000 0.0245 0.0000
3063.7000 0.0252 0.0000
3123.8000 0.0261 0.0000
3183.9000 0.0269 0.0000
3244.0000 0.0279 0.0000
3304.1000 0.0287 0.0000
3364.2000 0.0295 0.0000
3424.3000 0.0302 0.0000
3484.4000 0.0312 0.0000
3544.5000 0.0319 0.0000
3604.6000 0.0326 0.0000
3664.7000 0.0335 0.0000
3724.8000 0.0343 0.0000
3784.9000 0.0351 0.0000
3845.0000 0.0359 0.0000
3905.1000 0.0366 0.0000
3965.2000 0.0373 0.0000
4025.3000 0.0382 0.0000
4085.4000 0.0389 0.0000
4145.4000 0.0397 0.0000
4205.4000 0.0404 0.0000
4265.4000 0.0410 0.0000
4325.4000 0.0419 0.0000
4385.4000 0.0427 0.0000
4445.4000 0.0437 0.0000
4505.4000 0.0446 0.0000
4565.4000 0.0454 0.0000
4625.4000 0.0462 0.0000
4685.4000 0.0472 0.0000
4745.4000 0.0478 0.0000
4805.4000 0.0485 0.0000
4865.4000 0.0493 0.0000
4925.4000 0.0499 0.0000
4985.4000 0.0506 0.0000
5045.4000 0.0513 0.0000
5105.4000 0.0521 0.0000
5165.4000 0.0527 0.0000
5225.4000 0.0535 0.0000
5285.4000 0.0540 0.0000
5345.4000 0.0547 0.0000
5405.4000 0.0553 0.0000
5465.4000 0.0558 0.0000
5525.4000 0.0565 0.0000
5585.4000 0.0572 0.0000
5645.4000 0.0581 0.0000
5705.4000 0.0589 0.0000
5765.4000 0.0596 0.0000
5825.4000 0.0602 0.0000
5885.4000 0.0610 0.0000
5945.4000 0.0616 0.0000
6005.4000 0.0623 0.0000
6065.4000 0.0631 0.0000
6125.4000 0.0637 0.0000
6185.4000 0.0643 0.0000
6245.4000 0.0650 0.0000
6305.4000 0.0656 0.0000
6365.4000 0.0660 0.0000
6425.4000 0.0667 0.0000
6485.4000 0.0671 0.0000
6545.4000 0.0677 0.0001
6605.4000 0.0682 0.0001
6665.4000 0.0687 0.0001
6725.4000 0.0693 0.0001
6785.4000 0.0698 0.0001
6845.4000 0.0706 0.0001
6905.4000 0.0713 0.0001
6965.4000 0.0719 0.0001
7025.4000 0.0724 0.0001
7085.4000 0.0730 0.0001
7145.4000 0.0734 0.0001
7205.4000 0.0740 0.0001
7265.4000 0.0745 0.0001
7325.4000 0.0749 0.0001
7385.4000 0.0755 0.0001
7445.4000 0.0759 0.0001
7505.4000 0.0764 0.0001
7565.4000 0.0768 0.0001
7625.4000 0.0774 0.0001
7685.4000 0.0776 0.0001
7745.4000 0.0779 0.0001
7805.4000 0.0782 0.0001
7865.4000 0.0786 0.0001
7925.4000 0.0789 0.0001
7985.4000 0.0792 0.0001
8045.4000 0.0795 0.0001
8105.4000 0.0797 0.0001
8165.4000 0.0799 0.0001
8225.4000 0.0801 0.0001
8285.4000 0.0804 0.0001
8345.4000 0.0807 0.0001
8405.4000 0.0811 0.0001
8465.4000 0.0813 0.0001
8525.4000 0.0817 0.0001
8585.4000 0.0820 0.0001
8645.4000 0.0822 0.0001
8705.4000 0.0825 0.0001
8765.4000 0.0828 0.0001
8825.4000 0.0832 0.0001
8885.4000 0.0833 0.0001
8945.4000 0.0835 0.0001
9005.4000 0.0837 0.0001
9065.4000 0.0838 0.0001
9125.4000 0.0840 0.0001
9185.4000 0.0841 0.0001
9245.4000 0.0843 0.0001
9305.4000 0.0844 0.0001
9365.4000 0.0845 0.0001
9425.4000 0.0845 0.0001
9485.4000 0.0846 0.0001
9545.4000 0.0847 0.0001
9605.4000 0.0848 0.0001
9665.4000 0.0849 0.0001
9725.4000 0.0849 0.0001
9785.4000 0.0850 0.0001
9845.4000 0.0850 0.0001
9905.4000 0.0850 0.0001
9965.4000 0.0850 0.0001
10025.4000 0.0851 0.0001
10085.4000 0.0851 0.0001
10145.4000 0.0851 0.0001
10205.4000 0.0852 0.0001
10265.4000 0.0852 0.0001
10325.4000 0.0852 0.0001
10385.4000 0.0853 0.0001
10445.4000 0.0853 0.0001
10505.4000 0.0853 0.0001
10565.4000 0.0854 0.0001
10625.4000 0.0854 0.0001
10685.4000 0.0854 0.0001
10745.4000 0.0854 0.0001
10805.4000 0.0855 0.0001
10865.4000 0.0855 0.0001
10925.4000 0.0855 0.0001
10985.4000 0.0856 0.0001
11045.4000 0.0856 0.0001
11105.4000 0.0856 0.0001
11165.4000 0.0857 0.0001
11225.4000 0.0857 0.0001
11285.4000 0.0857 0.0001
11345.4000 0.0858 0.0001
11405.4000 0.0858 0.0001
11465.4000 0.0858 0.0001
11525.4000 0.0859 0.0001
11585.4000 0.0859 0.0001
11645.4000 0.0859 0.0001
11705.4000 0.0859 0.0001
11765.4000 0.0860 0.0001
11825.4000 0.0860 0.0001
11885.4000 0.0860 0.0001
11945.4000 0.0861 0.0001
12005.4000 0.0861 0.0001
12065.4000 0.0861 0.0001
12125.4000 0.0862 0.0001
12185.4000 0.0862 0.0001
12245.4000 0.0862 0.0001
12305.4000 0.0863 0.0001
12365.4000 0.0863 0.0001
12425.4000 0.0863 0.0001
12485.4000 0.0864 0.0001
12545.4000 0.0864 0.0001
12605.4000 0.0864 0.0001
12665.4000 0.0865 0.0001
12725.4000 0.0865 0.0001
12785.4000 0.0865 0.0001
12845.4000 0.0865 0.0001
12905.4000 0.0866 0.0001
12965.4000 0.0866 0.0001
13025.4000 0.0866 0.0001
13085.4000 0.0867 0.0001
13145.4000 0.0867 0.0001
13205.4000 0.0867 0.0001
13265.4000 0.0868 0.0001
13325.4000 0.0868 0.0001
13385.4000 0.0868 0.0001
13445.4000 0.0869 0.0001
13505.4000 0.0869 0.0001
13565.4000 0.0869 0.0001
13625.4000 0.0870 0.0001
13685.4000 0.0870 0.0001
13745.4000 0.0870 0.0001
13805.4000 0.0871 0.0001
13865.4000 0.0871 0.0001
13925.4000 0.0871 0.0001
13985.4000 0.0871 0.0001
14045.4000 0.0872 0.0001
14105.4000 0.0872 0.0001
14165.4000 0.0872 0.0001
14225.4000 0.0873 0.0001
14285.4000 0.0873 0.0001
14345.4000 0.0873 0.0001
14405.4000 0.0874 0.0001
14465.4000 0.0874 0.0001
14525.4000 0.0874 0.0001
14585.4000 0.0875 0.0001
14645.4000 0.0875 0.0001
14705.4000 0.0875 0.0001
14765.4000 0.0876 0.0001
14825.4000 0.0876 0.0001
14885.4000 0.0876 0.0001
14945.4000 0.0876 0.0001
15005.4000 0.0877 0.0001
15065.4000 0.0877 0.0001
15125.4000 0.0877 0.0001
15185.4000 0.0878 0.0001
15245.4000 0.0878 0.0001
15305.4000 0.0878 0.0001
15365.4000 0.0879 0.0001
15425.4000 0.0879 0.0001
15485.4000 0.0879 0.0001
15545.4000 0.0880 0.0001
15605.4000 0.0880 0.0001
15665.4000 0.0880 0.0001
15725.4000 0.0881 0.0001
15785.4000 0.0881 0.0001
15845.4000 0.0881 0.0001
15905.4000 0.0882 0.0001
15965.4000 0.0882 0.0001
16025.4000 0.0882 0.0001
16085.4000 0.0882 0.0001
16145.4000 0.0883 0.0001
16205.4000 0.0883 0.0001
16265.4000 0.0883 0.0001
16325.4000 0.0884 0.0001
16385.4000 0.0884 0.0001
16445.5000 0.0884 0.0001
16505.6000 0.0885 0.0001
16565.7000 0.0885 0.0001
16625.8000 0.0885 0.0001
16685.9000 0.0886 0.0001
16746.0000 0.0886 0.0001
16806.1000 0.0886 0.0001
16866.2000 0.0886 0.0001
16926.3000 0.0887 0.0001
16986.4000 0.0887 0.0001
17046.5000 0.0887 0.0001
17106.6000 0.0888 0.0001
17166.7000 0.0888 0.0001
17226.8000 0.0888 0.0001
17286.9000 0.0889 0.0001
17347.0000 0.0889 0.0001
17407.1000 0.0889 0.0001
17467.2000 0.0890 0.0001
17527.3000 0.0890 0.0001
17587.4000 0.0890 0.0001
17647.5000 0.0891 0.0001
17707.6000 0.0891 0.0001
17767.7000 0.0891 0.0001
17827.8000 0.0891 0.0001
17887.9000 0.0892 0.0001
17948.0000 0.0892 0.0001
18008.1000 0.0892 0.0001
18068.2000 0.0893 0.0001
18128.3000 0.0893 0.0001
18188.4000 0.0894 0.0001
18248.5000 0.0896 0.0001
18308.6000 0.0897 0.0001
18368.7000 0.0899 0.0001
18428.8000 0.0900 0.0001
18488.9000 0.0901 0.0001
18549.0000 0.0903 0.0001
18609.1000 0.0905 0.0001
18669.2000 0.0908 0.0001
18729.3000 0.0911 0.0001
18789.4000 0.0914 0.0001
18849.5000 0.0918 0.0001
18909.6000 0.0923 0.0001
18969.7000 0.0928 0.0001
19029.8000 0.0933 0.0001
19089.9000 0.0939 0.0001
19150.0000 0.0944 0.0001
19210.1000 0.0950 0.0001
19270.2000 0.0958 0.0001
19330.3000 0.0965 0.0001
19390.4000 0.0973 0.0001
19450.5000 0.0980 0.0001
19510.6000 0.0989 0.0001
19570.7000 0.0997 0.0001
19630.8000 0.1005 0.0001
19690.9000 0.1014 0.0001
19751.0000 0.1023 0.0001
19811.1000 0.1035 0.0001
19871.2000 0.1046 0.0001
19931.3000 0.1059 0.0001
19991.4000 0.1072 0.0001
20051.5000 0.1083 0.0001
20111.6000 0.1096 0.0001
20171.7000 0.1108 0.0001
20231.8000 0.1123 0.0001
20291.9000 0.1138 0.0001
20352.0000 0.1154 0.0001
20412.1000 0.1169 0.0001
20472.2000 0.1188 0.0001
20532.3000 0.1205 0.0001
20592.4000 0.1222 0.0001
20652.5000 0.1241 0.0001
20712.6000 0.1259 0.0001
20772.7000 0.1276 0.0001
20832.8000 0.1295 0.0001
20892.9000 0.1314 0.0001
20953.0000 0.1338 0.0001
21013.1000 0.1362 0.0001
21073.2000 0.1385 0.0001
21133.3000 0.1409 0.0001
21193.4000 0.1433 0.0001
21253.5000 0.1461 0.0001
21313.6000 0.1487 0.0001
21373.7000 0.1515 0.0001
21433.8000 0.1541 0.0001
21493.9000 0.1567 0.0001
21554.0000 0.1594 0.0001
21614.1000 0.1622 0.0001
21674.2000 0.1653 0.0001
21734.3000 0.1685 0.0001
21794.4000 0.1713 0.0001
21854.5000 0.1742 0.0001
21914.6000 0.1775 0.0001
21974.7000 0.1807 0.0001
22034.8000 0.1837 0.0001
22094.9000 0.1870 0.0002
22155.0000 0.1902 0.0002
22215.1000 0.1933 0.0002
22275.2000 0.1966 0.0002
22335.3000 0.1999 0.0002
22395.4000 0.2034 0.0002
22455.5000 0.2064 0.0002
22515.6000 0.2095 0.0002
22575.7000 0.2125 0.0002
22635.8000 0.2158 0.0002
22695.9000 0.2192 0.0002
22756.0000 0.2226 0.0002
22816.1000 0.2260 0.0002
22876.2000 0.2291 0.0002
22936.3000 0.2321 0.0002
22996.4000 0.2355 0.0002
23056.5000 0.2391 0.0003
23116.6000 0.2430 0.0003
23176.7000 0.2462 0.0003
23236.8000 0.2495 0.0003
23296.9000 0.2528 0.0003
23357.0000 0.2565 0.0003
23417.1000 0.2598 0.0003
23477.2000 0.2632 0.0003
23537.3000 0.2668 0.0003
23597.4000 0.2702 0.0003
23657.5000 0.2733 0.0003
23717.6000 0.2767 0.0003
23777.7000 0.2801 0.0003
23837.8000 0.2835 0.0004
23897.9000 0.2871 0.0004
23958.0000 0.2903 0.0004
24018.1000 0.2917 0.0004
24078.2000 0.2929 0.0004
24138.3000 0.2943 0.0004
24198.4000 0.2959 0.0004
24258.5000 0.2980 0.0004
24318.6000 0.2995 0.0004
24378.7000 0.3009 0.0004
24438.8000 0.3022 0.0004
24498.9000 0.3036 0.0004
24559.0000 0.3052 0.0004
24619.1000 0.3070 0.0004
24679.2000 0.3083 0.0004
24739.3000 0.3096 0.0004
24799.4000 0.3109 0.0004
24859.5000 0.3128 0.0004
24919.6000 0.3150 0.0004
24979.7000 0.3169 0.0004
25039.8000 0.3187 0.0005
25099.9000 0.3204 0.0005
25160.0000 0.3221 0.0005
25220.1000 0.3239 0.0005
25280.2000 0.3254 0.0005
25340.3000 0.3274 0.0005
25400.4000 0.3296 0.0005
25460.5000 0.3315 0.0005
25520.6000 0.3334 0.0005
25580.7000 0.3351 0.0005
25640.8000 0.3370 0.0005
25700.9000 0.3392 0.0005
25761.0000 0.3408 0.0005
25821.1000 0.3427 0.0005
25881.2000 0.3447 0.0005
25941.3000 0.3466 0.0006
26001.4000 0.3486 0.0006
26061.5000 0.3505 0.0006
26121.6000 0.3527 0.0006
26181.7000 0.3549 0.0006
26241.8000 0.3575 0.0006
26301.9000 0.3599 0.0006
26362.0000 0.3616 0.0006
26422.1000 0.3633 0.0006
26482.2000 0.3650 0.0006
26542.3000 0.3668 0.0006
26602.4000 0.3685 0.0006
26662.5000 0.3702 0.0007
26722.6000 0.3722 0.0007
26782.7000 0.3740 0.0007
26842.8000 0.3762 0.0007
26902.9000 0.3784 0.0007
26963.0000 0.3806 0.0007
27023.1000 0.3826 0.0007
27083.2000 0.3845 0.0007
27143.3000 0.3867 0.0007
27203.4000 0.3887 0.0007
27263.5000 0.3904 0.0007
27323.6000 0.3926 0.0008
27383.7000 0.3948 0.0008
27443.8000 0.3965 0.0008
27503.9000 0.3981 0.0008
27564.0000 0.3999 0.0008
27624.1000 0.4014 0.0008
27684.2000 0.4035 0.0008
27744.3000 0.4057 0.0008
27804.4000 0.4078 0.0008
27864.5000 0.4100 0.0008
27924.6000 0.4122 0.0008
27984.7000 0.4138 0.0009
28044.8000 0.4156 0.0009
28104.9000 0.4174 0.0009
28165.0000 0.4185 0.0009
28225.1000 0.4203 0.0009
28285.2000 0.4218 0.0009
28345.3000 0.4238 0.0009
28405.4000 0.4254 0.0009
28465.5000 0.4273 0.0009
28525.6000 0.4296 0.0009
28585.7000 0.4312 0.0009
28645.8000 0.4329 0.0009
28705.9000 0.4345 0.0009
28766.0000 0.4365 0.0010
28826.1000 0.4380 0.0010
28886.2000 0.4396 0.0010
28946.3000 0.4412 0.0010
29006.4000 0.4429 0.0010
29066.5000 0.4445 0.0010
29126.6000 0.4460 0.0010
29186.7000 0.4474 0.0010
29246.8000 0.4493 0.0010
29306.9000 0.4505 0.0010
29367.0000 0.4518 0.0010
29427.1000 0.4532 0.0011
29487.2000 0.4547 0.0011
29547.3000 0.4560 0.0011
29607.4000 0.4575 0.0011
29667.5000 0.4589 0.0011
29727.6000 0.4607 0.0011
29787.7000 0.4626 0.0011
29847.8000 0.4644 0.0011
29907.9000 0.4664 0.0011
29968.0000 0.4675 0.0011
30028.1000 0.4686 0.0011
30088.2000 0.4698 0.0011
30148.3000 0.4714 0.0011
30208.4000 0.4725 0.0012
30268.5000 0.4740 0.0012
30328.6000 0.4755 0.0012
30388.7000 0.4770 0.0012
30448.8000 0.4786 0.0012
30508.9000 0.4801 0.0012
30569.0000 0.4814 0.0012
30629.1000 0.4829 0.0012
30689.2000 0.4844 0.0012
30749.3000 0.4855 0.0012
30809.4000 0.4866 0.0012
30869.5000 0.4881 0.0012
30929.6000 0.4898 0.0012
30989.7000 0.4909 0.0012
31049.8000 0.4924 0.0012
31109.9000 0.4936 0.0013
31170.0000 0.4943 0.0013
31230.1000 0.4957 0.0013
31290.2000 0.4971 0.0013
31350.3000 0.4983 0.0013
31410.4000 0.4989 0.0013
31470.5000 0.5005 0.0013
31530.6000 0.5018 0.0013
31590.7000 0.5028 0.0013
31650.8000 0.5039 0.0013
31710.9000 0.5050 0.0013
31771.0000 0.5057 0.0013
31831.1000 0.5067 0.0013
31891.2000 0.5078 0.0013
31951.3000 0.5085 0.0013
32011.4000 0.5093 0.0014
32071.5000 0.5103 0.0014
32131.6000 0.5114 0.0014
32191.7000 0.5124 0.0014
32251.8000 0.5133 0.0014
32311.9000 0.5143 0.0014
32372.0000 0.5150 0.0014
32432.1000 0.5159 0.0014
32492.2000 0.5169 0.0014
32552.3000 0.5178 0.0014
32612.4000 0.5187 0.0014
32672.5000 0.5201 0.0014
32732.6000 0.5216 0.0014
32792.7000 0.5224 0.0014
32852.8000 0.5230 0.0014
32912.9000 0.5238 0.0014
32973.0000 0.5245 0.0014
33033.1000 0.5252 0.0014
33093.2000 0.5265 0.0014
33153.3000 0.5275 0.0014
33213.4000 0.5284 0.0014
33273.5000 0.5297 0.0014
33333.6000 0.5303 0.0014
33393.7000 0.5310 0.0014
33453.8000 0.5318 0.0015
33513.9000 0.5325 0.0015
33574.0000 0.5333 0.0015
33634.1000 0.5341 0.0015
33694.2000 0.5348 0.0015
33754.3000 0.5356 0.0015
33814.4000 0.5363 0.0015
33874.5000 0.5370 0.0015
33934.6000 0.5383 0.0015
33994.7000 0.5391 0.0015
34054.8000 0.5400 0.0015
34114.9000 0.5403 0.0015
34175.0000 0.5409 0.0015
34235.1000 0.5416 0.0015
34295.2000 0.5426 0.0015
34355.3000 0.5435 0.0015
34415.4000 0.5442 0.0015
34475.5000 0.5455 0.0015
34535.6000 0.5465 0.0015
34595.7000 0.5475 0.0015
34655.8000 0.5484 0.0015
34715.9000 0.5492 0.0015
34776.0000 0.5501 0.0015
34836.1000 0.5508 0.0015
34896.2000 0.5519 0.0015
34956.3000 0.5526 0.0015
35016.4000 0.5528 0.0015
35076.5000 0.5534 0.0015
35136.6000 0.5544 0.0015
35196.7000 0.5547 0.0016
35256.8000 0.5553 0.0016
35316.9000 0.5562 0.0016
35377.0000 0.5565 0.0016
35437.1000 0.5567 0.0016
35497.2000 0.5575 0.0016
35557.3000 0.5579 0.0016
35617.4000 0.5583 0.0016
35677.5000 0.5592 0.0016
35737.6000 0.5597 0.0016
35797.7000 0.5607 0.0016
35857.8000 0.5614 0.0016
35917.9000 0.5619 0.0016
35978.0000 0.5618 0.0016
36038.1000 0.5619 0.0016
36098.2000 0.5622 0.0016
36158.3000 0.5626 0.0016
36218.4000 0.5634 0.0016
36278.5000 0.5643 0.0016
36338.6000 0.5650 0.0016
36398.7000 0.5652 0.0016
36458.8000 0.5652 0.0016
36518.9000 0.5656 0.0016
36579.0000 0.5657 0.0016
36639.1000 0.5660 0.0016
36699.2000 0.5670 0.0016
36759.3000 0.5676 0.0016
36819.4000 0.5679 0.0016
36879.5000 0.5684 0.0016
36939.6000 0.5688 0.0016
36999.7000 0.5686 0.0016
37059.8000 0.5686 0.0016
37119.9000 0.5687 0.0016
37180.0000 0.5688 0.0016
37240.1000 0.5690 0.0016
37300.2000 0.5693 0.0016
37360.3000 0.5696 0.0016
37420.4000 0.5697 0.0016
37480.5000 0.5704 0.0017
37540.6000 0.5708 0.0017
37600.7000 0.5709 0.0017
37660.8000 0.5707 0.0017
37720.9000 0.5707 0.0017
37781.0000 0.5705 0.0017
37841.1000 0.5702 0.0017
37901.2000 0.5708 0.0017
37961.3000 0.5709 0.0017
38021.4000 0.5714 0.0017
38081.5000 0.5720 0.0017
38141.6000 0.5726 0.0017
38201.7000 0.5725 0.0017
38261.8000 0.5726 0.0017
38321.9000 0.5728 0.0017
38382.0000 0.5726 0.0017
38442.1000 0.5728 0.0017
38502.2000 0.5731 0.0017
38562.3000 0.5731 0.0017
38622.4000 0.5734 0.0017
38682.5000 0.5735 0.0017
38742.6000 0.5737 0.0017
38802.7000 0.5739 0.0017
38862.8000 0.5740 0.0017
38922.9000 0.5740 0.0017
38983.0000 0.5741 0.0017
39043.1000 0.5740 0.0017
39103.2000 0.5743 0.0017
39163.3000 0.5743 0.0017
39223.4000 0.5742 0.0017
39283.5000 0.5749 0.0017
39343.6000 0.5754 0.0017
39403.7000 0.5754 0.0017
39463.8000 0.5754 0.0017
39523.9000 0.5757 0.0017
39584.0000 0.5754 0.0017
