# messageDelay  cumulativeProbability
5.0000 0.0001
5.0000 0.0002
5.0000 0.0003
5.0000 0.0004
5.0000 0.0005
5.0000 0.0006
5.0000 0.0007
5.0000 0.0008
5.0000 0.0009
5.0000 0.0010
5.0000 0.0011
5.0000 0.0013
5.0000 0.0014
5.0000 0.0015
5.0000 0.0016
5.0000 0.0017
5.0000 0.0018
5.0000 0.0019
5.0000 0.0020
5.0000 0.0021
5.0000 0.0022
5.0000 0.0023
5.0000 0.0024
5.0000 0.0025
5.0000 0.0026
5.0000 0.0027
5.0000 0.0028
5.0000 0.0029
5.0000 0.0030
5.1000 0.0031
6.1000 0.0032
7.5000 0.0033
9.7000 0.0034
10.0000 0.0035
10.8000 0.0036
31.5000 0.0037
33.7000 0.0039
51.1000 0.0040
98.2000 0.0041
102.2000 0.0042
132.6000 0.0043
137.5000 0.0044
143.3000 0.0045
152.3000 0.0046
154.9000 0.0047
185.3000 0.0048
208.6000 0.0049
217.4000 0.0050
217.7000 0.0051
224.0000 0.0052
233.9000 0.0053
251.6000 0.0054
252.3000 0.0055
280.3000 0.0056
281.9000 0.0057
284.9000 0.0058
294.5000 0.0059
294.8000 0.0060
296.8000 0.0061
300.2000 0.0062
301.4000 0.0064
304.3000 0.0065
307.3000 0.0066
346.3000 0.0067
353.8000 0.0068
354.4000 0.0069
363.4000 0.0070
369.9000 0.0071
380.5000 0.0072
397.0000 0.0073
397.4000 0.0074
410.6000 0.0075
413.7000 0.0076
426.8000 0.0077
428.0000 0.0078
435.9000 0.0079
444.6000 0.0080
445.0000 0.0081
456.4000 0.0082
457.4000 0.0083
473.7000 0.0084
474.6000 0.0085
475.7000 0.0086
486.0000 0.0087
488.7000 0.0089
490.0000 0.0090
490.4000 0.0091
493.9000 0.0092
506.6000 0.0093
508.0000 0.0094
512.0000 0.0095
525.9000 0.0096
529.5000 0.0097
536.0000 0.0098
541.4000 0.0099
541.5000 0.0100
543.8000 0.0101
544.7000 0.0102
573.3000 0.0103
576.3000 0.0104
580.6000 0.0105
587.9000 0.0106
592.4000 0.0107
598.6000 0.0108
606.4000 0.0109
624.1000 0.0110
631.3000 0.0111
632.5000 0.0113
638.2000 0.0114
639.1000 0.0115
645.8000 0.0116
651.5000 0.0117
657.0000 0.0118
664.0000 0.0119
669.4000 0.0120
669.9000 0.0121
670.0000 0.0122
677.2000 0.0123
679.6000 0.0124
681.1000 0.0125
685.1000 0.0126
687.3000 0.0127
695.0000 0.0128
697.4000 0.0129
698.7000 0.0130
700.5000 0.0131
707.5000 0.0132
717.3000 0.0133
731.4000 0.0134
742.1000 0.0135
747.5000 0.0136
750.5000 0.0138
750.6000 0.0139
750.6000 0.0140
754.2000 0.0141
754.3000 0.0142
759.3000 0.0143
759.7000 0.0144
782.4000 0.0145
786.9000 0.0146
800.9000 0.0147
806.0000 0.0148
806.2000 0.0149
818.2000 0.0150
824.5000 0.0151
839.3000 0.0152
842.4000 0.0153
846.9000 0.0154
849.8000 0.0155
859.3000 0.0156
864.6000 0.0157
872.2000 0.0158
881.6000 0.0159
883.1000 0.0160
886.7000 0.0161
890.7000 0.0163
890.9000 0.0164
891.4000 0.0165
892.6000 0.0166
902.4000 0.0167
911.0000 0.0168
919.3000 0.0169
923.3000 0.0170
928.0000 0.0171
932.2000 0.0172
932.8000 0.0173
933.1000 0.0174
937.2000 0.0175
940.3000 0.0176
941.5000 0.0177
944.7000 0.0178
948.5000 0.0179
948.6000 0.0180
950.2000 0.0181
953.4000 0.0182
956.9000 0.0183
960.8000 0.0184
963.0000 0.0185
968.4000 0.0186
970.0000 0.0188
976.9000 0.0189
977.7000 0.0190
981.9000 0.0191
985.9000 0.0192
987.0000 0.0193
995.9000 0.0194
999.4000 0.0195
1012.2000 0.0196
1021.1000 0.0197
1022.1000 0.0198
1024.0000 0.0199
1036.7000 0.0200
1039.8000 0.0201
1041.1000 0.0202
1049.1000 0.0203
1050.0000 0.0204
1050.9000 0.0205
1056.0000 0.0206
1070.9000 0.0207
1080.2000 0.0208
1081.9000 0.0209
1085.1000 0.0210
1087.2000 0.0211
1087.9000 0.0212
1095.5000 0.0214
1096.6000 0.0215
1098.7000 0.0216
1107.9000 0.0217
1111.2000 0.0218
1126.6000 0.0219
1130.1000 0.0220
1131.6000 0.0221
1132.8000 0.0222
1136.3000 0.0223
1144.4000 0.0224
1147.4000 0.0225
1148.6000 0.0226
1153.6000 0.0227
1157.4000 0.0228
1158.6000 0.0229
1163.4000 0.0230
1171.4000 0.0231
1186.5000 0.0232
1188.6000 0.0233
1191.1000 0.0234
1192.2000 0.0235
1200.3000 0.0236
1203.6000 0.0237
1204.1000 0.0239
1205.4000 0.0240
1210.3000 0.0241
1218.7000 0.0242
1224.8000 0.0243
1225.0000 0.0244
1225.4000 0.0245
1229.5000 0.0246
1231.7000 0.0247
1238.0000 0.0248
1242.1000 0.0249
1242.5000 0.0250
1253.6000 0.0251
1253.8000 0.0252
1258.4000 0.0253
1260.8000 0.0254
1261.0000 0.0255
1262.6000 0.0256
1268.1000 0.0257
1271.4000 0.0258
1273.1000 0.0259
1276.2000 0.0260
1278.5000 0.0261
1280.1000 0.0262
1284.3000 0.0264
1288.4000 0.0265
1289.8000 0.0266
1293.2000 0.0267
1308.7000 0.0268
1309.1000 0.0269
1309.1000 0.0270
1312.7000 0.0271
1316.2000 0.0272
1326.9000 0.0273
1328.0000 0.0274
1333.2000 0.0275
1333.6000 0.0276
1333.9000 0.0277
1340.4000 0.0278
1343.7000 0.0279
1365.4000 0.0280
1368.0000 0.0281
1369.7000 0.0282
1370.4000 0.0283
1371.1000 0.0284
1372.8000 0.0285
1375.0000 0.0286
1376.3000 0.0287
1376.3000 0.0289
1381.8000 0.0290
1383.0000 0.0291
1383.5000 0.0292
1389.5000 0.0293
1393.0000 0.0294
1396.4000 0.0295
1397.6000 0.0296
1403.5000 0.0297
1413.0000 0.0298
1414.0000 0.0299
1415.1000 0.0300
1417.8000 0.0301
1418.7000 0.0302
1421.8000 0.0303
1427.1000 0.0304
1427.3000 0.0305
1430.4000 0.0306
1432.4000 0.0307
1443.6000 0.0308
1449.3000 0.0309
1452.0000 0.0310
1463.0000 0.0311
1469.9000 0.0312
1483.0000 0.0314
1484.6000 0.0315
1486.8000 0.0316
1491.0000 0.0317
1491.2000 0.0318
1491.4000 0.0319
1492.6000 0.0320
1494.6000 0.0321
1496.3000 0.0322
1499.7000 0.0323
1509.4000 0.0324
1515.6000 0.0325
1519.3000 0.0326
1521.3000 0.0327
1524.0000 0.0328
1524.2000 0.0329
1525.7000 0.0330
1536.9000 0.0331
1538.4000 0.0332
1538.8000 0.0333
1539.2000 0.0334
1541.3000 0.0335
1541.3000 0.0336
1543.7000 0.0337
1546.7000 0.0339
1549.4000 0.0340
1551.4000 0.0341
1555.2000 0.0342
1557.8000 0.0343
1560.2000 0.0344
1564.9000 0.0345
1568.7000 0.0346
1572.0000 0.0347
1573.1000 0.0348
1574.6000 0.0349
1590.0000 0.0350
1593.3000 0.0351
1595.6000 0.0352
1598.1000 0.0353
1599.0000 0.0354
1600.1000 0.0355
1601.9000 0.0356
1604.4000 0.0357
1607.4000 0.0358
1608.2000 0.0359
1619.4000 0.0360
1623.6000 0.0361
1633.4000 0.0362
1635.8000 0.0364
1637.9000 0.0365
1638.6000 0.0366
1639.2000 0.0367
1640.7000 0.0368
1643.6000 0.0369
1647.6000 0.0370
1651.8000 0.0371
1656.4000 0.0372
1658.1000 0.0373
1665.8000 0.0374
1669.0000 0.0375
1672.5000 0.0376
1672.6000 0.0377
1675.4000 0.0378
1686.3000 0.0379
1693.7000 0.0380
1701.8000 0.0381
1708.6000 0.0382
1711.2000 0.0383
1712.5000 0.0384
1712.8000 0.0385
1718.1000 0.0386
1719.8000 0.0388
1722.4000 0.0389
1722.6000 0.0390
1726.3000 0.0391
1734.9000 0.0392
1738.8000 0.0393
1741.2000 0.0394
1746.5000 0.0395
1763.0000 0.0396
1766.0000 0.0397
1770.1000 0.0398
1774.4000 0.0399
1777.1000 0.0400
1781.0000 0.0401
1781.6000 0.0402
1783.6000 0.0403
1791.5000 0.0404
1792.2000 0.0405
1796.3000 0.0406
1809.8000 0.0407
1814.5000 0.0408
1817.3000 0.0409
1817.7000 0.0410
1821.7000 0.0411
1825.1000 0.0413
1827.9000 0.0414
1828.2000 0.0415
1833.3000 0.0416
1833.6000 0.0417
1834.3000 0.0418
1834.8000 0.0419
1838.5000 0.0420
1842.9000 0.0421
1844.3000 0.0422
1848.0000 0.0423
1851.7000 0.0424
1857.6000 0.0425
1861.5000 0.0426
1864.1000 0.0427
1866.5000 0.0428
1869.4000 0.0429
1879.5000 0.0430
1889.0000 0.0431
1892.4000 0.0432
1893.1000 0.0433
1893.8000 0.0434
1902.4000 0.0435
1907.8000 0.0436
1910.4000 0.0438
1915.4000 0.0439
1916.9000 0.0440
1922.8000 0.0441
1923.6000 0.0442
1927.0000 0.0443
1927.3000 0.0444
1931.8000 0.0445
1935.7000 0.0446
1937.4000 0.0447
1938.7000 0.0448
1944.7000 0.0449
1947.0000 0.0450
1948.2000 0.0451
1948.3000 0.0452
1957.4000 0.0453
1959.2000 0.0454
1984.5000 0.0455
1986.3000 0.0456
1988.2000 0.0457
1994.0000 0.0458
1995.8000 0.0459
2000.2000 0.0460
2002.8000 0.0461
2003.3000 0.0463
2004.7000 0.0464
2005.5000 0.0465
2013.1000 0.0466
2017.9000 0.0467
2026.8000 0.0468
2033.5000 0.0469
2036.7000 0.0470
2041.0000 0.0471
2044.2000 0.0472
2047.1000 0.0473
2051.5000 0.0474
2053.6000 0.0475
2060.8000 0.0476
2064.9000 0.0477
2075.7000 0.0478
2088.5000 0.0479
2090.0000 0.0480
2095.9000 0.0481
2096.7000 0.0482
2097.1000 0.0483
2102.0000 0.0484
2102.0000 0.0485
2105.3000 0.0486
2106.5000 0.0488
2108.8000 0.0489
2110.7000 0.0490
2111.5000 0.0491
2114.6000 0.0492
2117.9000 0.0493
2127.4000 0.0494
2132.3000 0.0495
2132.9000 0.0496
2137.8000 0.0497
2137.9000 0.0498
2141.6000 0.0499
2142.1000 0.0500
2142.7000 0.0501
2149.6000 0.0502
2150.5000 0.0503
2160.2000 0.0504
2160.9000 0.0505
2165.2000 0.0506
2181.1000 0.0507
2184.3000 0.0508
2188.6000 0.0509
2190.1000 0.0510
2195.2000 0.0511
2195.5000 0.0513
2199.7000 0.0514
2208.2000 0.0515
2219.3000 0.0516
2219.4000 0.0517
2219.7000 0.0518
2221.2000 0.0519
2223.4000 0.0520
2223.9000 0.0521
2240.7000 0.0522
2242.9000 0.0523
2243.0000 0.0524
2244.2000 0.0525
2250.2000 0.0526
2253.9000 0.0527
2257.1000 0.0528
2260.3000 0.0529
2262.5000 0.0530
2264.1000 0.0531
2287.1000 0.0532
2291.2000 0.0533
2292.2000 0.0534
2295.5000 0.0535
2297.1000 0.0536
2302.1000 0.0538
2303.0000 0.0539
2304.9000 0.0540
2310.3000 0.0541
2316.0000 0.0542
2316.6000 0.0543
2316.6000 0.0544
2318.5000 0.0545
2326.2000 0.0546
2335.4000 0.0547
2337.3000 0.0548
2345.3000 0.0549
2349.5000 0.0550
2363.8000 0.0551
2367.1000 0.0552
2371.5000 0.0553
2372.4000 0.0554
2375.4000 0.0555
2379.1000 0.0556
2381.6000 0.0557
2381.6000 0.0558
2382.3000 0.0559
2389.5000 0.0560
2391.6000 0.0561
2394.8000 0.0563
2405.2000 0.0564
2410.8000 0.0565
2415.9000 0.0566
2420.7000 0.0567
2421.9000 0.0568
2422.3000 0.0569
2430.6000 0.0570
2436.3000 0.0571
2438.4000 0.0572
2449.6000 0.0573
2453.5000 0.0574
2457.3000 0.0575
2461.0000 0.0576
2467.6000 0.0577
2469.0000 0.0578
2469.3000 0.0579
2472.6000 0.0580
2506.5000 0.0581
2511.4000 0.0582
2515.1000 0.0583
2515.7000 0.0584
2521.0000 0.0585
2533.0000 0.0586
2533.1000 0.0588
2535.2000 0.0589
2545.2000 0.0590
2548.3000 0.0591
2548.9000 0.0592
2564.8000 0.0593
2573.2000 0.0594
2573.3000 0.0595
2580.4000 0.0596
2587.2000 0.0597
2592.0000 0.0598
2597.7000 0.0599
2616.2000 0.0600
2620.2000 0.0601
2624.0000 0.0602
2625.2000 0.0603
2626.0000 0.0604
2632.7000 0.0605
2638.0000 0.0606
2639.6000 0.0607
2644.9000 0.0608
2649.3000 0.0609
2650.4000 0.0610
2650.6000 0.0611
2658.5000 0.0613
2659.6000 0.0614
2660.6000 0.0615
2662.8000 0.0616
2667.1000 0.0617
2667.5000 0.0618
2675.1000 0.0619
2677.1000 0.0620
2682.4000 0.0621
2685.2000 0.0622
2688.9000 0.0623
2692.8000 0.0624
2693.1000 0.0625
2693.8000 0.0626
2697.2000 0.0627
2698.4000 0.0628
2699.2000 0.0629
2700.5000 0.0630
2703.7000 0.0631
2706.6000 0.0632
2707.5000 0.0633
2710.5000 0.0634
2715.0000 0.0635
2720.5000 0.0636
2724.7000 0.0638
2725.5000 0.0639
2730.9000 0.0640
2731.8000 0.0641
2735.7000 0.0642
2743.2000 0.0643
2748.3000 0.0644
2753.4000 0.0645
2753.9000 0.0646
2766.7000 0.0647
2770.9000 0.0648
2774.4000 0.0649
2779.8000 0.0650
2780.0000 0.0651
2782.1000 0.0652
2783.0000 0.0653
2785.8000 0.0654
2795.6000 0.0655
2797.0000 0.0656
2802.1000 0.0657
2806.4000 0.0658
2809.7000 0.0659
2810.2000 0.0660
2811.7000 0.0661
2821.0000 0.0663
2823.4000 0.0664
2832.5000 0.0665
2832.9000 0.0666
2838.2000 0.0667
2838.6000 0.0668
2851.2000 0.0669
2851.9000 0.0670
2857.2000 0.0671
2868.7000 0.0672
2869.0000 0.0673
2872.2000 0.0674
2879.7000 0.0675
2880.0000 0.0676
2880.1000 0.0677
2881.4000 0.0678
2884.0000 0.0679
2894.8000 0.0680
2900.6000 0.0681
2906.5000 0.0682
2906.7000 0.0683
2909.7000 0.0684
2936.0000 0.0685
2942.5000 0.0686
2947.3000 0.0688
2950.7000 0.0689
2959.9000 0.0690
2964.7000 0.0691
2982.6000 0.0692
2985.2000 0.0693
2986.5000 0.0694
2986.9000 0.0695
2996.3000 0.0696
2997.0000 0.0697
2997.2000 0.0698
2997.8000 0.0699
3003.4000 0.0700
3011.3000 0.0701
3032.4000 0.0702
3040.7000 0.0703
3058.7000 0.0704
3064.7000 0.0705
3073.2000 0.0706
3079.0000 0.0707
3084.9000 0.0708
3101.8000 0.0709
3109.1000 0.0710
3112.5000 0.0711
3117.4000 0.0713
3119.2000 0.0714
3123.9000 0.0715
3128.4000 0.0716
3131.7000 0.0717
3134.4000 0.0718
3149.4000 0.0719
3152.4000 0.0720
3160.7000 0.0721
3187.1000 0.0722
3187.2000 0.0723
3189.1000 0.0724
3193.8000 0.0725
3193.8000 0.0726
3202.5000 0.0727
3205.5000 0.0728
3229.0000 0.0729
3235.4000 0.0730
3240.6000 0.0731
3242.8000 0.0732
3251.7000 0.0733
3252.7000 0.0734
3252.8000 0.0735
3264.0000 0.0736
3271.9000 0.0738
3284.5000 0.0739
3285.6000 0.0740
3286.0000 0.0741
3286.1000 0.0742
3295.0000 0.0743
3306.4000 0.0744
3310.1000 0.0745
3320.7000 0.0746
3325.7000 0.0747
3327.4000 0.0748
3361.1000 0.0749
3370.6000 0.0750
3380.6000 0.0751
3381.7000 0.0752
3381.7000 0.0753
3382.8000 0.0754
3413.4000 0.0755
3421.1000 0.0756
3422.9000 0.0757
3428.7000 0.0758
3430.5000 0.0759
3434.4000 0.0760
3437.6000 0.0761
3439.3000 0.0763
3447.7000 0.0764
3449.8000 0.0765
3463.8000 0.0766
3464.3000 0.0767
3466.4000 0.0768
3468.3000 0.0769
3468.5000 0.0770
3468.9000 0.0771
3470.3000 0.0772
3474.0000 0.0773
3478.6000 0.0774
3486.5000 0.0775
3489.1000 0.0776
3491.2000 0.0777
3494.3000 0.0778
3499.7000 0.0779
3503.4000 0.0780
3520.3000 0.0781
3522.2000 0.0782
3523.8000 0.0783
3529.0000 0.0784
3533.0000 0.0785
3537.0000 0.0786
3539.1000 0.0788
3544.3000 0.0789
3551.6000 0.0790
3552.5000 0.0791
3555.0000 0.0792
3555.1000 0.0793
3558.3000 0.0794
3559.0000 0.0795
3560.8000 0.0796
3561.9000 0.0797
3570.5000 0.0798
3578.0000 0.0799
3578.3000 0.0800
3581.0000 0.0801
3583.7000 0.0802
3595.8000 0.0803
3596.8000 0.0804
3600.0000 0.0805
3604.0000 0.0806
3607.8000 0.0807
3609.0000 0.0808
3609.3000 0.0809
3611.1000 0.0810
3615.0000 0.0811
3628.0000 0.0813
3632.2000 0.0814
3642.1000 0.0815
3646.4000 0.0816
3648.4000 0.0817
3651.9000 0.0818
3661.0000 0.0819
3666.1000 0.0820
3668.2000 0.0821
3689.2000 0.0822
3691.8000 0.0823
3701.5000 0.0824
3709.7000 0.0825
3714.9000 0.0826
3720.7000 0.0827
3723.0000 0.0828
3726.9000 0.0829
3740.5000 0.0830
3742.8000 0.0831
3747.2000 0.0832
3755.7000 0.0833
3758.1000 0.0834
3765.4000 0.0835
3768.5000 0.0836
3769.7000 0.0838
3782.8000 0.0839
3786.8000 0.0840
3799.0000 0.0841
3799.5000 0.0842
3804.2000 0.0843
3810.1000 0.0844
3811.8000 0.0845
3812.7000 0.0846
3815.7000 0.0847
3816.1000 0.0848
3824.5000 0.0849
3825.3000 0.0850
3825.6000 0.0851
3827.9000 0.0852
3834.2000 0.0853
3835.8000 0.0854
3840.5000 0.0855
3841.1000 0.0856
3841.6000 0.0857
3843.9000 0.0858
3850.9000 0.0859
3865.3000 0.0860
3869.6000 0.0861
3873.3000 0.0863
3877.1000 0.0864
3879.9000 0.0865
3880.0000 0.0866
3892.5000 0.0867
3896.9000 0.0868
3925.1000 0.0869
3928.7000 0.0870
3937.3000 0.0871
3938.5000 0.0872
3939.4000 0.0873
3940.5000 0.0874
3945.8000 0.0875
3948.0000 0.0876
3955.4000 0.0877
3956.4000 0.0878
3957.5000 0.0879
3961.5000 0.0880
3963.7000 0.0881
3965.9000 0.0882
3968.5000 0.0883
3968.6000 0.0884
3970.6000 0.0885
3975.2000 0.0886
3980.8000 0.0888
3981.5000 0.0889
3995.3000 0.0890
4004.8000 0.0891
4011.0000 0.0892
4012.5000 0.0893
4014.7000 0.0894
4016.5000 0.0895
4021.7000 0.0896
4026.1000 0.0897
4027.5000 0.0898
4034.0000 0.0899
4041.4000 0.0900
4043.6000 0.0901
4049.1000 0.0902
4053.8000 0.0903
4056.9000 0.0904
4057.8000 0.0905
4060.4000 0.0906
4065.4000 0.0907
4073.0000 0.0908
4075.8000 0.0909
4084.7000 0.0910
4105.4000 0.0911
4109.7000 0.0913
4118.8000 0.0914
4119.9000 0.0915
4121.2000 0.0916
4123.7000 0.0917
4125.4000 0.0918
4136.9000 0.0919
4146.4000 0.0920
4149.4000 0.0921
4153.0000 0.0922
4160.5000 0.0923
4164.2000 0.0924
4165.5000 0.0925
4167.9000 0.0926
4169.7000 0.0927
4170.9000 0.0928
4179.4000 0.0929
4183.9000 0.0930
4190.4000 0.0931
4192.0000 0.0932
4193.2000 0.0933
4197.4000 0.0934
4200.7000 0.0935
4202.0000 0.0936
4205.8000 0.0938
4210.2000 0.0939
4231.8000 0.0940
4235.1000 0.0941
4241.4000 0.0942
4251.4000 0.0943
4262.0000 0.0944
4271.4000 0.0945
4275.6000 0.0946
4282.1000 0.0947
4282.5000 0.0948
4285.4000 0.0949
4288.6000 0.0950
4298.2000 0.0951
4306.2000 0.0952
4315.4000 0.0953
4322.8000 0.0954
4325.5000 0.0955
4326.9000 0.0956
4328.2000 0.0957
4345.2000 0.0958
4355.4000 0.0959
4357.8000 0.0960
4359.3000 0.0961
4359.3000 0.0963
4367.5000 0.0964
4373.3000 0.0965
4379.7000 0.0966
4381.7000 0.0967
4385.5000 0.0968
4386.7000 0.0969
4399.1000 0.0970
4400.5000 0.0971
4407.1000 0.0972
4408.7000 0.0973
4411.7000 0.0974
4418.3000 0.0975
4430.5000 0.0976
4432.6000 0.0977
4436.8000 0.0978
4442.0000 0.0979
4447.8000 0.0980
4471.5000 0.0981
4471.8000 0.0982
4472.4000 0.0983
4483.2000 0.0984
4508.2000 0.0985
4513.6000 0.0986
4539.0000 0.0988
4541.8000 0.0989
4546.7000 0.0990
4550.5000 0.0991
4559.1000 0.0992
4562.6000 0.0993
4564.4000 0.0994
4580.2000 0.0995
4622.5000 0.0996
4655.5000 0.0997
4661.4000 0.0998
4661.8000 0.0999
4682.7000 0.1000
4684.6000 0.1001
4688.6000 0.1002
4698.0000 0.1003
4702.2000 0.1004
4703.6000 0.1005
4707.4000 0.1006
4709.7000 0.1007
4716.0000 0.1008
4720.7000 0.1009
4722.8000 0.1010
4724.2000 0.1011
4724.4000 0.1013
4724.8000 0.1014
4730.0000 0.1015
4735.4000 0.1016
4738.2000 0.1017
4739.6000 0.1018
4741.2000 0.1019
4743.8000 0.1020
4752.4000 0.1021
4754.1000 0.1022
4756.7000 0.1023
4763.4000 0.1024
4765.9000 0.1025
4768.5000 0.1026
4779.7000 0.1027
4832.1000 0.1028
4850.9000 0.1029
4873.6000 0.1030
4877.4000 0.1031
4907.0000 0.1032
4907.8000 0.1033
4911.3000 0.1034
4913.6000 0.1035
4916.7000 0.1036
4920.7000 0.1038
4929.5000 0.1039
4955.1000 0.1040
4955.3000 0.1041
4957.8000 0.1042
4970.4000 0.1043
4974.7000 0.1044
4977.3000 0.1045
4977.6000 0.1046
4981.6000 0.1047
4991.4000 0.1048
5006.0000 0.1049
5026.2000 0.1050
5031.0000 0.1051
5031.5000 0.1052
5032.4000 0.1053
5053.2000 0.1054
5055.2000 0.1055
5055.9000 0.1056
5063.2000 0.1057
5065.8000 0.1058
5079.0000 0.1059
5084.7000 0.1060
5087.0000 0.1061
5091.4000 0.1063
5096.5000 0.1064
5112.0000 0.1065
5121.6000 0.1066
5146.1000 0.1067
5149.3000 0.1068
5150.1000 0.1069
5150.4000 0.1070
5152.2000 0.1071
5160.0000 0.1072
5168.1000 0.1073
5171.2000 0.1074
5172.6000 0.1075
5177.4000 0.1076
5191.1000 0.1077
5196.3000 0.1078
5200.2000 0.1079
5202.3000 0.1080
5210.4000 0.1081
5216.1000 0.1082
5234.7000 0.1083
5240.6000 0.1084
5247.1000 0.1085
5257.1000 0.1086
5257.9000 0.1088
5268.6000 0.1089
5270.6000 0.1090
5276.0000 0.1091
5294.6000 0.1092
5298.1000 0.1093
5300.4000 0.1094
5303.5000 0.1095
5308.5000 0.1096
5320.1000 0.1097
5326.4000 0.1098
5327.0000 0.1099
5335.8000 0.1100
5338.3000 0.1101
5342.3000 0.1102
5347.0000 0.1103
5367.8000 0.1104
5380.0000 0.1105
5382.8000 0.1106
5383.3000 0.1107
5388.4000 0.1108
5407.0000 0.1109
5410.3000 0.1110
5433.5000 0.1111
5434.5000 0.1113
5436.1000 0.1114
5483.0000 0.1115
5495.9000 0.1116
5503.1000 0.1117
5508.9000 0.1118
5517.0000 0.1119
5527.0000 0.1120
5538.3000 0.1121
5546.6000 0.1122
5561.0000 0.1123
5561.3000 0.1124
5563.6000 0.1125
5567.7000 0.1126
5579.8000 0.1127
5580.4000 0.1128
5585.2000 0.1129
5589.6000 0.1130
5595.7000 0.1131
5605.8000 0.1132
5607.2000 0.1133
5614.3000 0.1134
5627.3000 0.1135
5631.5000 0.1136
5632.5000 0.1138
5652.6000 0.1139
5659.4000 0.1140
5662.1000 0.1141
5663.6000 0.1142
5666.0000 0.1143
5685.8000 0.1144
5687.7000 0.1145
5704.9000 0.1146
5706.5000 0.1147
5707.7000 0.1148
5709.9000 0.1149
5722.7000 0.1150
5733.9000 0.1151
5741.5000 0.1152
5746.3000 0.1153
5767.4000 0.1154
5777.0000 0.1155
5780.9000 0.1156
5788.5000 0.1157
5791.5000 0.1158
5807.3000 0.1159
5810.2000 0.1160
5838.1000 0.1161
5840.8000 0.1163
5858.8000 0.1164
5861.4000 0.1165
5871.7000 0.1166
5876.7000 0.1167
5878.1000 0.1168
5879.9000 0.1169
5881.6000 0.1170
5897.6000 0.1171
5898.3000 0.1172
5902.8000 0.1173
5919.4000 0.1174
5922.0000 0.1175
5924.2000 0.1176
5930.2000 0.1177
5940.4000 0.1178
5942.9000 0.1179
5947.4000 0.1180
5949.6000 0.1181
5953.5000 0.1182
5953.8000 0.1183
5954.1000 0.1184
5957.4000 0.1185
5968.5000 0.1186
5968.6000 0.1188
5969.1000 0.1189
5969.6000 0.1190
5980.5000 0.1191
6002.6000 0.1192
6003.0000 0.1193
6006.5000 0.1194
6025.0000 0.1195
6030.4000 0.1196
6036.5000 0.1197
6037.0000 0.1198
6069.8000 0.1199
6072.4000 0.1200
6081.7000 0.1201
6083.3000 0.1202
6084.6000 0.1203
6085.3000 0.1204
6089.1000 0.1205
6094.0000 0.1206
6094.0000 0.1207
6106.4000 0.1208
6117.6000 0.1209
6149.4000 0.1210
6149.8000 0.1211
6163.6000 0.1213
6165.2000 0.1214
6166.0000 0.1215
6168.1000 0.1216
6168.6000 0.1217
6171.4000 0.1218
6171.4000 0.1219
6172.5000 0.1220
6174.8000 0.1221
6179.3000 0.1222
6185.6000 0.1223
6185.8000 0.1224
6189.7000 0.1225
6194.7000 0.1226
6196.7000 0.1227
6198.1000 0.1228
6203.6000 0.1229
6203.7000 0.1230
6211.3000 0.1231
6216.3000 0.1232
6218.7000 0.1233
6243.4000 0.1234
6244.0000 0.1235
6249.4000 0.1236
6250.9000 0.1238
6254.0000 0.1239
6264.1000 0.1240
6264.1000 0.1241
6267.5000 0.1242
6270.4000 0.1243
6281.8000 0.1244
6296.7000 0.1245
6303.6000 0.1246
6308.0000 0.1247
6308.9000 0.1248
6311.3000 0.1249
6312.0000 0.1250
6317.4000 0.1251
6321.6000 0.1252
6335.1000 0.1253
6335.6000 0.1254
6337.6000 0.1255
6342.3000 0.1256
6356.1000 0.1257
6361.7000 0.1258
6386.1000 0.1259
6392.1000 0.1260
6399.6000 0.1261
6408.1000 0.1263
6409.9000 0.1264
6417.2000 0.1265
6442.1000 0.1266
6467.6000 0.1267
6471.2000 0.1268
6482.2000 0.1269
6494.4000 0.1270
6499.7000 0.1271
6509.7000 0.1272
6518.8000 0.1273
6537.5000 0.1274
6538.7000 0.1275
6538.9000 0.1276
6540.8000 0.1277
6558.6000 0.1278
6562.0000 0.1279
6574.3000 0.1280
6605.0000 0.1281
6605.6000 0.1282
6620.3000 0.1283
6621.8000 0.1284
6639.8000 0.1285
6648.9000 0.1286
6656.9000 0.1288
6666.4000 0.1289
6666.4000 0.1290
6674.2000 0.1291
6694.2000 0.1292
6703.1000 0.1293
6706.0000 0.1294
6714.7000 0.1295
6716.2000 0.1296
6722.4000 0.1297
6741.1000 0.1298
6765.2000 0.1299
6770.2000 0.1300
6780.1000 0.1301
6780.2000 0.1302
6784.8000 0.1303
6792.5000 0.1304
6809.7000 0.1305
6822.8000 0.1306
6835.3000 0.1307
6838.6000 0.1308
6840.7000 0.1309
6846.7000 0.1310
6870.5000 0.1311
6876.0000 0.1313
6902.1000 0.1314
6910.2000 0.1315
6937.4000 0.1316
6942.0000 0.1317
6955.3000 0.1318
6955.7000 0.1319
6956.5000 0.1320
6964.7000 0.1321
6974.6000 0.1322
6981.9000 0.1323
6984.4000 0.1324
6984.7000 0.1325
6999.8000 0.1326
7000.7000 0.1327
7010.3000 0.1328
7026.1000 0.1329
7034.0000 0.1330
7039.8000 0.1331
7047.4000 0.1332
7051.4000 0.1333
7052.5000 0.1334
7080.3000 0.1335
7101.0000 0.1336
7101.1000 0.1338
7107.2000 0.1339
7112.1000 0.1340
7113.3000 0.1341
7123.2000 0.1342
7134.8000 0.1343
7136.0000 0.1344
7146.9000 0.1345
7192.8000 0.1346
7200.2000 0.1347
7201.5000 0.1348
7206.9000 0.1349
7211.9000 0.1350
7226.6000 0.1351
7227.9000 0.1352
7239.3000 0.1353
7240.6000 0.1354
7253.6000 0.1355
7262.3000 0.1356
7263.6000 0.1357
7264.6000 0.1358
7286.3000 0.1359
7287.7000 0.1360
7302.1000 0.1361
7306.4000 0.1363
7307.4000 0.1364
7313.8000 0.1365
7316.6000 0.1366
7323.3000 0.1367
7327.4000 0.1368
7335.2000 0.1369
7366.3000 0.1370
7373.2000 0.1371
7399.7000 0.1372
7433.2000 0.1373
7458.5000 0.1374
7497.7000 0.1375
7516.9000 0.1376
7534.1000 0.1377
7538.9000 0.1378
7539.8000 0.1379
7542.6000 0.1380
7547.1000 0.1381
7547.3000 0.1382
7559.6000 0.1383
7567.3000 0.1384
7595.2000 0.1385
7599.9000 0.1386
7607.4000 0.1388
7620.7000 0.1389
7622.8000 0.1390
7628.3000 0.1391
7643.1000 0.1392
7659.0000 0.1393
7661.1000 0.1394
7670.8000 0.1395
7675.3000 0.1396
7684.6000 0.1397
7696.7000 0.1398
7705.5000 0.1399
7707.2000 0.1400
7745.6000 0.1401
7750.1000 0.1402
7768.9000 0.1403
7776.3000 0.1404
7780.3000 0.1405
7782.0000 0.1406
7787.8000 0.1407
7789.7000 0.1408
7795.0000 0.1409
7797.2000 0.1410
7804.9000 0.1411
7815.9000 0.1413
7816.6000 0.1414
7816.7000 0.1415
7842.7000 0.1416
7843.3000 0.1417
7855.8000 0.1418
7857.7000 0.1419
7867.0000 0.1420
7870.7000 0.1421
7874.0000 0.1422
7884.2000 0.1423
7889.3000 0.1424
7899.4000 0.1425
7903.6000 0.1426
7914.0000 0.1427
7934.8000 0.1428
7937.8000 0.1429
7980.5000 0.1430
8005.6000 0.1431
8020.4000 0.1432
8026.6000 0.1433
8036.5000 0.1434
8039.4000 0.1435
8044.1000 0.1436
8045.1000 0.1437
8074.5000 0.1439
8078.8000 0.1440
8101.1000 0.1441
8109.5000 0.1442
8113.4000 0.1443
8115.5000 0.1444
8120.2000 0.1445
8121.3000 0.1446
8133.8000 0.1447
8139.5000 0.1448
8151.0000 0.1449
8165.2000 0.1450
8168.1000 0.1451
8168.1000 0.1452
8172.8000 0.1453
8181.6000 0.1454
8189.6000 0.1455
8201.5000 0.1456
8210.3000 0.1457
8215.9000 0.1458
8226.8000 0.1459
8272.5000 0.1460
8281.0000 0.1461
8281.9000 0.1462
8284.6000 0.1464
8285.3000 0.1465
8293.8000 0.1466
8305.8000 0.1467
8312.7000 0.1468
8316.3000 0.1469
8343.4000 0.1470
8354.1000 0.1471
8376.2000 0.1472
8387.0000 0.1473
8387.3000 0.1474
8394.8000 0.1475
8397.3000 0.1476
8404.0000 0.1477
8406.6000 0.1478
8428.0000 0.1479
8443.4000 0.1480
8459.3000 0.1481
8460.9000 0.1482
8462.7000 0.1483
8468.5000 0.1484
8477.5000 0.1485
8480.0000 0.1486
8486.4000 0.1487
8495.7000 0.1489
8498.9000 0.1490
8514.6000 0.1491
8541.7000 0.1492
8541.7000 0.1493
8542.2000 0.1494
8562.2000 0.1495
8574.7000 0.1496
8583.4000 0.1497
8592.6000 0.1498
8596.0000 0.1499
8601.0000 0.1500
8606.5000 0.1501
8629.5000 0.1502
8638.0000 0.1503
8648.3000 0.1504
8652.4000 0.1505
8679.3000 0.1506
8680.5000 0.1507
8711.3000 0.1508
8714.7000 0.1509
8723.6000 0.1510
8732.2000 0.1511
8737.0000 0.1512
8750.1000 0.1514
8759.9000 0.1515
8761.6000 0.1516
8777.7000 0.1517
8783.1000 0.1518
8784.6000 0.1519
8789.1000 0.1520
8790.4000 0.1521
8802.7000 0.1522
8804.2000 0.1523
8829.2000 0.1524
8852.8000 0.1525
8868.4000 0.1526
8880.8000 0.1527
8897.6000 0.1528
8910.1000 0.1529
8911.6000 0.1530
8920.1000 0.1531
8924.0000 0.1532
8964.4000 0.1533
8972.5000 0.1534
8985.5000 0.1535
8986.9000 0.1536
8991.0000 0.1537
9003.2000 0.1539
9007.3000 0.1540
9012.2000 0.1541
9025.8000 0.1542
9028.5000 0.1543
9037.0000 0.1544
9045.9000 0.1545
9050.8000 0.1546
9064.7000 0.1547
9064.8000 0.1548
9092.5000 0.1549
9118.5000 0.1550
9121.0000 0.1551
9129.4000 0.1552
9130.5000 0.1553
9135.0000 0.1554
9190.8000 0.1555
9200.5000 0.1556
9211.9000 0.1557
9223.3000 0.1558
9237.8000 0.1559
9253.2000 0.1560
9266.5000 0.1561
9272.9000 0.1562
9288.2000 0.1564
9311.1000 0.1565
9326.2000 0.1566
9347.0000 0.1567
9349.2000 0.1568
9359.1000 0.1569
9363.0000 0.1570
9367.4000 0.1571
9379.8000 0.1572
9411.8000 0.1573
9435.2000 0.1574
9447.8000 0.1575
9467.0000 0.1576
9493.0000 0.1577
9497.5000 0.1578
9548.3000 0.1579
9559.0000 0.1580
9559.5000 0.1581
9583.2000 0.1582
9588.2000 0.1583
9596.8000 0.1584
9598.2000 0.1585
9599.2000 0.1586
9631.9000 0.1587
9644.7000 0.1589
9674.1000 0.1590
9701.2000 0.1591
9705.5000 0.1592
9709.5000 0.1593
9715.9000 0.1594
9748.4000 0.1595
9752.7000 0.1596
9804.9000 0.1597
9808.5000 0.1598
9809.7000 0.1599
9853.8000 0.1600
9880.6000 0.1601
9889.8000 0.1602
9892.1000 0.1603
9900.2000 0.1604
9903.5000 0.1605
9910.5000 0.1606
9944.0000 0.1607
9948.1000 0.1608
9952.0000 0.1609
9955.8000 0.1610
9964.6000 0.1611
9965.9000 0.1612
9975.7000 0.1614
9994.0000 0.1615
9996.0000 0.1616
10002.9000 0.1617
10008.2000 0.1618
10014.6000 0.1619
10020.3000 0.1620
10021.9000 0.1621
10022.6000 0.1622
10051.0000 0.1623
10055.6000 0.1624
10072.6000 0.1625
10075.3000 0.1626
10092.8000 0.1627
10096.9000 0.1628
10107.1000 0.1629
10109.0000 0.1630
10112.8000 0.1631
10120.9000 0.1632
10142.6000 0.1633
10165.7000 0.1634
10176.4000 0.1635
10177.4000 0.1636
10183.0000 0.1637
10200.9000 0.1639
10203.8000 0.1640
10207.0000 0.1641
10221.0000 0.1642
10221.1000 0.1643
10235.7000 0.1644
10250.8000 0.1645
10272.5000 0.1646
10274.3000 0.1647
10275.0000 0.1648
10283.8000 0.1649
10293.7000 0.1650
10305.1000 0.1651
10308.8000 0.1652
10314.7000 0.1653
10316.0000 0.1654
10318.7000 0.1655
10341.1000 0.1656
10342.7000 0.1657
10344.1000 0.1658
10358.5000 0.1659
10401.7000 0.1660
10405.6000 0.1661
10419.1000 0.1662
10428.8000 0.1664
10435.9000 0.1665
10454.8000 0.1666
10455.1000 0.1667
10465.6000 0.1668
10503.6000 0.1669
10512.4000 0.1670
10528.5000 0.1671
10532.6000 0.1672
10552.0000 0.1673
10556.3000 0.1674
10561.1000 0.1675
10568.8000 0.1676
10572.7000 0.1677
10614.5000 0.1678
10614.7000 0.1679
10619.7000 0.1680
10626.8000 0.1681
10650.4000 0.1682
10663.7000 0.1683
10667.3000 0.1684
10676.0000 0.1685
10678.4000 0.1686
10678.4000 0.1687
10679.4000 0.1689
10687.6000 0.1690
10707.2000 0.1691
10722.8000 0.1692
10725.9000 0.1693
10751.8000 0.1694
10753.0000 0.1695
10764.1000 0.1696
10765.6000 0.1697
10799.5000 0.1698
10809.7000 0.1699
10820.4000 0.1700
10823.5000 0.1701
10838.7000 0.1702
10848.4000 0.1703
10871.9000 0.1704
10877.4000 0.1705
10881.3000 0.1706
10937.7000 0.1707
10938.3000 0.1708
10967.3000 0.1709
10991.4000 0.1710
11004.7000 0.1711
11008.4000 0.1712
11027.5000 0.1714
11029.4000 0.1715
11033.2000 0.1716
11043.5000 0.1717
11050.2000 0.1718
11051.6000 0.1719
11054.1000 0.1720
11150.7000 0.1721
11151.9000 0.1722
11157.5000 0.1723
11161.7000 0.1724
11173.7000 0.1725
11190.8000 0.1726
11196.6000 0.1727
11198.8000 0.1728
11206.0000 0.1729
11207.6000 0.1730
11207.9000 0.1731
11213.0000 0.1732
11218.0000 0.1733
11224.8000 0.1734
11236.8000 0.1735
11254.6000 0.1736
11255.0000 0.1737
11256.5000 0.1739
11261.5000 0.1740
11269.5000 0.1741
11283.8000 0.1742
11291.7000 0.1743
11294.4000 0.1744
11302.7000 0.1745
11309.0000 0.1746
11327.6000 0.1747
11327.8000 0.1748
11329.3000 0.1749
11331.1000 0.1750
11339.8000 0.1751
11350.1000 0.1752
11350.6000 0.1753
11366.5000 0.1754
11367.5000 0.1755
11371.3000 0.1756
11400.8000 0.1757
11415.1000 0.1758
11442.6000 0.1759
11483.9000 0.1760
11484.6000 0.1761
11497.6000 0.1762
11498.4000 0.1764
11511.4000 0.1765
11515.8000 0.1766
11530.1000 0.1767
11532.6000 0.1768
11552.5000 0.1769
11583.7000 0.1770
11602.4000 0.1771
11618.8000 0.1772
11623.7000 0.1773
11634.4000 0.1774
11636.0000 0.1775
11649.9000 0.1776
11657.2000 0.1777
11661.4000 0.1778
11670.9000 0.1779
11682.0000 0.1780
11724.2000 0.1781
11746.0000 0.1782
11750.2000 0.1783
11760.0000 0.1784
11774.9000 0.1785
11779.0000 0.1786
11781.3000 0.1787
11787.2000 0.1789
11808.4000 0.1790
11827.7000 0.1791
11834.1000 0.1792
11839.9000 0.1793
11849.9000 0.1794
11850.4000 0.1795
11864.2000 0.1796
11883.5000 0.1797
11892.2000 0.1798
11904.8000 0.1799
11912.8000 0.1800
11913.5000 0.1801
11916.5000 0.1802
11919.1000 0.1803
11919.2000 0.1804
11963.6000 0.1805
11965.4000 0.1806
11985.9000 0.1807
11989.2000 0.1808
11990.3000 0.1809
12013.0000 0.1810
12050.3000 0.1811
12050.9000 0.1812
12051.1000 0.1814
12070.7000 0.1815
12077.4000 0.1816
12081.6000 0.1817
12086.8000 0.1818
12094.3000 0.1819
12096.0000 0.1820
12105.2000 0.1821
12124.4000 0.1822
12142.4000 0.1823
12147.3000 0.1824
12150.6000 0.1825
12157.6000 0.1826
12158.4000 0.1827
12170.9000 0.1828
12184.6000 0.1829
12187.7000 0.1830
12188.3000 0.1831
12204.5000 0.1832
12255.1000 0.1833
12261.5000 0.1834
12264.1000 0.1835
12323.5000 0.1836
12330.4000 0.1837
12336.7000 0.1839
12347.5000 0.1840
12352.6000 0.1841
12363.2000 0.1842
12364.5000 0.1843
12372.0000 0.1844
12378.1000 0.1845
12392.6000 0.1846
12399.5000 0.1847
12413.3000 0.1848
12453.0000 0.1849
12462.4000 0.1850
12468.7000 0.1851
12476.6000 0.1852
12477.5000 0.1853
12481.0000 0.1854
12483.3000 0.1855
12491.1000 0.1856
12493.7000 0.1857
12498.4000 0.1858
12537.7000 0.1859
12546.9000 0.1860
12553.2000 0.1861
12559.8000 0.1862
12565.3000 0.1864
12566.0000 0.1865
12566.1000 0.1866
12567.8000 0.1867
12595.4000 0.1868
12599.3000 0.1869
12621.7000 0.1870
12626.7000 0.1871
12642.3000 0.1872
12643.2000 0.1873
12645.7000 0.1874
12652.0000 0.1875
12666.7000 0.1876
12678.6000 0.1877
12679.6000 0.1878
12684.9000 0.1879
12689.5000 0.1880
12710.1000 0.1881
12710.5000 0.1882
12712.8000 0.1883
12715.8000 0.1884
12729.3000 0.1885
12745.9000 0.1886
12750.6000 0.1887
12771.1000 0.1889
12778.9000 0.1890
12786.1000 0.1891
12793.4000 0.1892
12797.4000 0.1893
12824.4000 0.1894
12826.1000 0.1895
12842.1000 0.1896
12846.5000 0.1897
12855.6000 0.1898
12878.6000 0.1899
12880.7000 0.1900
12895.7000 0.1901
12903.5000 0.1902
12929.5000 0.1903
12932.8000 0.1904
12938.9000 0.1905
12953.6000 0.1906
12956.3000 0.1907
12974.9000 0.1908
12978.2000 0.1909
12980.0000 0.1910
12981.7000 0.1911
12988.4000 0.1912
13000.8000 0.1914
13020.5000 0.1915
13037.4000 0.1916
13044.3000 0.1917
13079.4000 0.1918
13096.9000 0.1919
13103.4000 0.1920
13122.4000 0.1921
13145.7000 0.1922
13161.4000 0.1923
13164.1000 0.1924
13171.8000 0.1925
13177.6000 0.1926
13195.3000 0.1927
13198.1000 0.1928
13212.2000 0.1929
13212.5000 0.1930
13223.3000 0.1931
13227.7000 0.1932
13249.7000 0.1933
13260.0000 0.1934
13260.1000 0.1935
13269.8000 0.1936
13274.9000 0.1937
13278.9000 0.1939
13296.4000 0.1940
13317.4000 0.1941
13353.5000 0.1942
13365.3000 0.1943
13368.6000 0.1944
13370.3000 0.1945
13379.2000 0.1946
13387.4000 0.1947
13395.0000 0.1948
13404.7000 0.1949
13407.5000 0.1950
13408.2000 0.1951
13453.4000 0.1952
13489.1000 0.1953
13503.3000 0.1954
13512.6000 0.1955
13533.5000 0.1956
13539.7000 0.1957
13547.2000 0.1958
13557.0000 0.1959
13579.0000 0.1960
13581.7000 0.1961
13597.5000 0.1962
13602.5000 0.1964
13605.6000 0.1965
13610.8000 0.1966
13624.6000 0.1967
13635.4000 0.1968
13661.2000 0.1969
13670.3000 0.1970
13682.2000 0.1971
13683.1000 0.1972
13685.9000 0.1973
13698.8000 0.1974
13711.4000 0.1975
13714.8000 0.1976
13715.2000 0.1977
13716.7000 0.1978
13742.5000 0.1979
13759.4000 0.1980
13768.0000 0.1981
13791.8000 0.1982
13816.0000 0.1983
13832.1000 0.1984
13834.6000 0.1985
13839.2000 0.1986
13844.3000 0.1987
13851.9000 0.1989
13869.2000 0.1990
13880.0000 0.1991
13897.5000 0.1992
13913.8000 0.1993
13922.5000 0.1994
13929.2000 0.1995
13936.8000 0.1996
13983.8000 0.1997
14003.2000 0.1998
14019.9000 0.1999
14022.6000 0.2000
14030.2000 0.2001
14036.0000 0.2002
14057.6000 0.2003
14082.5000 0.2004
14088.7000 0.2005
14113.0000 0.2006
14113.8000 0.2007
14124.5000 0.2008
14125.2000 0.2009
14127.0000 0.2010
14138.7000 0.2011
14138.8000 0.2012
14151.0000 0.2014
14161.7000 0.2015
14175.5000 0.2016
14182.3000 0.2017
14193.4000 0.2018
14197.2000 0.2019
14199.7000 0.2020
14202.4000 0.2021
14206.3000 0.2022
14207.6000 0.2023
14209.2000 0.2024
14233.8000 0.2025
14243.9000 0.2026
14249.5000 0.2027
14254.5000 0.2028
14268.6000 0.2029
14332.8000 0.2030
14355.2000 0.2031
14361.2000 0.2032
14371.6000 0.2033
14402.3000 0.2034
14405.1000 0.2035
14412.0000 0.2036
14427.3000 0.2037
14428.3000 0.2039
14463.0000 0.2040
14492.6000 0.2041
14506.0000 0.2042
14510.4000 0.2043
14532.8000 0.2044
14536.1000 0.2045
14548.5000 0.2046
14560.1000 0.2047
14561.3000 0.2048
14615.9000 0.2049
14617.4000 0.2050
14625.7000 0.2051
14630.6000 0.2052
14649.5000 0.2053
14655.3000 0.2054
14663.8000 0.2055
14666.6000 0.2056
14674.6000 0.2057
14682.4000 0.2058
14687.7000 0.2059
14698.0000 0.2060
14702.2000 0.2061
14721.3000 0.2062
14723.9000 0.2064
14739.2000 0.2065
14743.1000 0.2066
14744.4000 0.2067
14786.4000 0.2068
14788.5000 0.2069
14800.6000 0.2070
14803.8000 0.2071
14804.2000 0.2072
14814.8000 0.2073
14817.3000 0.2074
14839.1000 0.2075
14854.8000 0.2076
14891.8000 0.2077
14902.0000 0.2078
14904.4000 0.2079
14908.3000 0.2080
14911.2000 0.2081
14911.7000 0.2082
14919.9000 0.2083
14923.5000 0.2084
14934.4000 0.2085
14935.6000 0.2086
14948.6000 0.2087
14972.0000 0.2089
14995.9000 0.2090
15004.7000 0.2091
15009.0000 0.2092
15016.1000 0.2093
15019.8000 0.2094
15030.5000 0.2095
15067.2000 0.2096
15085.2000 0.2097
15086.4000 0.2098
15087.4000 0.2099
15091.3000 0.2100
15097.7000 0.2101
15100.5000 0.2102
15124.3000 0.2103
15124.4000 0.2104
15131.5000 0.2105
15145.3000 0.2106
15145.6000 0.2107
15157.8000 0.2108
15206.8000 0.2109
15223.3000 0.2110
15244.2000 0.2111
15246.2000 0.2112
15269.8000 0.2114
15283.8000 0.2115
15284.9000 0.2116
15297.1000 0.2117
15311.6000 0.2118
15313.5000 0.2119
15330.5000 0.2120
15335.2000 0.2121
15359.2000 0.2122
15360.5000 0.2123
15363.2000 0.2124
15387.9000 0.2125
15398.5000 0.2126
15399.9000 0.2127
15402.5000 0.2128
15416.0000 0.2129
15427.5000 0.2130
15436.7000 0.2131
15457.0000 0.2132
15481.8000 0.2133
15485.6000 0.2134
15514.0000 0.2135
15532.9000 0.2136
15559.9000 0.2137
15561.2000 0.2139
15567.3000 0.2140
15573.3000 0.2141
15590.6000 0.2142
15599.5000 0.2143
15603.2000 0.2144
15617.1000 0.2145
15620.1000 0.2146
15632.2000 0.2147
15640.6000 0.2148
15661.8000 0.2149
15687.5000 0.2150
15714.8000 0.2151
15724.9000 0.2152
15753.4000 0.2153
15767.6000 0.2154
15783.9000 0.2155
15806.9000 0.2156
15810.0000 0.2157
15838.0000 0.2158
15847.7000 0.2159
15878.2000 0.2160
15879.3000 0.2161
15879.9000 0.2162
15909.6000 0.2164
15922.2000 0.2165
15928.8000 0.2166
15930.8000 0.2167
15931.0000 0.2168
15933.5000 0.2169
15942.1000 0.2170
15943.4000 0.2171
15944.2000 0.2172
15959.4000 0.2173
15960.8000 0.2174
15981.7000 0.2175
15982.0000 0.2176
15985.8000 0.2177
16002.5000 0.2178
16009.0000 0.2179
16016.1000 0.2180
16035.2000 0.2181
16039.4000 0.2182
16039.5000 0.2183
16049.0000 0.2184
16063.3000 0.2185
16066.0000 0.2186
16106.3000 0.2187
16175.0000 0.2189
16175.4000 0.2190
16187.0000 0.2191
16202.7000 0.2192
16238.3000 0.2193
16250.0000 0.2194
16270.6000 0.2195
16273.7000 0.2196
16293.2000 0.2197
16315.1000 0.2198
16321.1000 0.2199
16329.2000 0.2200
16340.6000 0.2201
16354.1000 0.2202
16361.6000 0.2203
16362.3000 0.2204
16380.5000 0.2205
16382.7000 0.2206
16388.8000 0.2207
16395.8000 0.2208
16420.7000 0.2209
16432.2000 0.2210
16437.2000 0.2211
16444.6000 0.2212
16452.3000 0.2214
16462.6000 0.2215
16485.0000 0.2216
16500.3000 0.2217
16501.5000 0.2218
16504.8000 0.2219
16515.6000 0.2220
16516.1000 0.2221
16517.1000 0.2222
16521.2000 0.2223
16531.7000 0.2224
16538.7000 0.2225
16546.0000 0.2226
16564.0000 0.2227
16567.5000 0.2228
16569.4000 0.2229
16602.0000 0.2230
16602.6000 0.2231
16617.8000 0.2232
16629.4000 0.2233
16638.6000 0.2234
16644.2000 0.2235
16658.9000 0.2236
16664.8000 0.2237
16676.1000 0.2239
16691.5000 0.2240
16697.2000 0.2241
16729.0000 0.2242
16733.9000 0.2243
16747.7000 0.2244
16754.3000 0.2245
16770.9000 0.2246
16771.1000 0.2247
16796.0000 0.2248
16812.0000 0.2249
16820.0000 0.2250
16839.1000 0.2251
16885.1000 0.2252
16908.4000 0.2253
16913.6000 0.2254
16916.0000 0.2255
16923.2000 0.2256
16925.1000 0.2257
16928.3000 0.2258
16932.4000 0.2259
16936.3000 0.2260
16939.4000 0.2261
16946.3000 0.2262
16952.0000 0.2264
16969.8000 0.2265
16983.2000 0.2266
16990.1000 0.2267
17008.6000 0.2268
17027.7000 0.2269
17032.4000 0.2270
17039.0000 0.2271
17039.3000 0.2272
17043.4000 0.2273
17075.0000 0.2274
17094.3000 0.2275
17099.4000 0.2276
17104.6000 0.2277
17115.5000 0.2278
17120.0000 0.2279
17139.1000 0.2280
17162.4000 0.2281
17172.1000 0.2282
17222.7000 0.2283
17247.0000 0.2284
17254.7000 0.2285
17263.2000 0.2286
17264.0000 0.2287
17268.8000 0.2289
17275.8000 0.2290
17281.2000 0.2291
17288.0000 0.2292
17303.6000 0.2293
17310.8000 0.2294
17311.1000 0.2295
17320.3000 0.2296
17322.3000 0.2297
17350.1000 0.2298
17355.7000 0.2299
17359.5000 0.2300
17360.8000 0.2301
17362.9000 0.2302
17371.4000 0.2303
17387.5000 0.2304
17394.0000 0.2305
17407.4000 0.2306
17408.4000 0.2307
17415.9000 0.2308
17424.3000 0.2309
17428.3000 0.2310
17447.4000 0.2311
17463.9000 0.2312
17465.0000 0.2314
17467.1000 0.2315
17507.4000 0.2316
17511.6000 0.2317
17513.4000 0.2318
17513.6000 0.2319
17514.4000 0.2320
17537.2000 0.2321
17548.5000 0.2322
17552.8000 0.2323
17576.5000 0.2324
17586.1000 0.2325
17593.0000 0.2326
17601.7000 0.2327
17614.2000 0.2328
17615.4000 0.2329
17636.0000 0.2330
17636.1000 0.2331
17636.7000 0.2332
17641.7000 0.2333
17663.1000 0.2334
17668.7000 0.2335
17668.7000 0.2336
17689.2000 0.2337
17797.4000 0.2339
17803.6000 0.2340
17822.2000 0.2341
17825.3000 0.2342
17827.4000 0.2343
17841.5000 0.2344
17842.4000 0.2345
17845.7000 0.2346
17847.9000 0.2347
17858.8000 0.2348
17884.7000 0.2349
17900.6000 0.2350
17925.3000 0.2351
17938.8000 0.2352
17938.9000 0.2353
17940.1000 0.2354
17967.7000 0.2355
17985.1000 0.2356
17985.2000 0.2357
18011.6000 0.2358
18014.1000 0.2359
18026.1000 0.2360
18027.8000 0.2361
18043.9000 0.2362
18054.8000 0.2364
18069.1000 0.2365
18079.1000 0.2366
18082.3000 0.2367
18086.2000 0.2368
18108.5000 0.2369
18117.6000 0.2370
18119.6000 0.2371
18125.7000 0.2372
18127.2000 0.2373
18130.8000 0.2374
18164.8000 0.2375
18188.1000 0.2376
18237.9000 0.2377
18247.0000 0.2378
18249.8000 0.2379
18256.7000 0.2380
18258.2000 0.2381
18265.8000 0.2382
18271.7000 0.2383
18278.3000 0.2384
18286.2000 0.2385
18301.6000 0.2386
18313.6000 0.2387
18338.8000 0.2389
18347.8000 0.2390
18348.1000 0.2391
18382.4000 0.2392
18400.9000 0.2393
18407.6000 0.2394
18410.8000 0.2395
18413.5000 0.2396
18417.7000 0.2397
18428.7000 0.2398
18439.3000 0.2399
18446.8000 0.2400
18450.1000 0.2401
18491.7000 0.2402
18496.6000 0.2403
18500.8000 0.2404
18505.8000 0.2405
18512.6000 0.2406
18514.0000 0.2407
18557.1000 0.2408
18563.4000 0.2409
18574.2000 0.2410
18583.5000 0.2411
18590.8000 0.2412
18595.4000 0.2414
18607.6000 0.2415
18613.3000 0.2416
18613.5000 0.2417
18637.4000 0.2418
18657.5000 0.2419
18673.2000 0.2420
18678.4000 0.2421
18678.7000 0.2422
18684.8000 0.2423
18698.0000 0.2424
18698.8000 0.2425
18727.7000 0.2426
18754.8000 0.2427
18778.2000 0.2428
18779.4000 0.2429
18811.4000 0.2430
18813.7000 0.2431
18818.1000 0.2432
18825.6000 0.2433
18837.6000 0.2434
18864.4000 0.2435
18865.5000 0.2436
18872.4000 0.2437
18903.4000 0.2439
18915.2000 0.2440
18931.1000 0.2441
18943.2000 0.2442
18947.3000 0.2443
18976.9000 0.2444
19008.1000 0.2445
19010.3000 0.2446
19023.6000 0.2447
19033.8000 0.2448
19088.0000 0.2449
19089.4000 0.2450
19095.0000 0.2451
19111.1000 0.2452
19116.8000 0.2453
19132.0000 0.2454
19151.1000 0.2455
19159.5000 0.2456
19162.8000 0.2457
19173.3000 0.2458
19193.6000 0.2459
19207.8000 0.2460
19215.7000 0.2461
19222.8000 0.2462
19247.9000 0.2464
19248.3000 0.2465
19251.3000 0.2466
19256.4000 0.2467
19265.9000 0.2468
19292.4000 0.2469
19296.8000 0.2470
19308.1000 0.2471
19334.6000 0.2472
19335.2000 0.2473
19350.5000 0.2474
19360.6000 0.2475
19362.5000 0.2476
19368.1000 0.2477
19380.6000 0.2478
19389.9000 0.2479
19410.0000 0.2480
19418.1000 0.2481
19428.0000 0.2482
19466.6000 0.2483
19482.2000 0.2484
19491.4000 0.2485
19492.7000 0.2486
19510.4000 0.2487
19518.4000 0.2489
19550.6000 0.2490
19557.0000 0.2491
19565.1000 0.2492
19566.9000 0.2493
19573.8000 0.2494
19604.1000 0.2495
19625.2000 0.2496
19634.3000 0.2497
19639.9000 0.2498
19646.9000 0.2499
19654.8000 0.2500
19664.8000 0.2501
19676.7000 0.2502
19684.4000 0.2503
19688.1000 0.2504
19700.6000 0.2505
19717.1000 0.2506
19736.8000 0.2507
19737.2000 0.2508
19741.5000 0.2509
19751.6000 0.2510
19754.8000 0.2511
19758.8000 0.2512
19786.8000 0.2514
19793.8000 0.2515
19816.1000 0.2516
19833.0000 0.2517
19836.1000 0.2518
19845.9000 0.2519
19847.4000 0.2520
19852.9000 0.2521
19856.0000 0.2522
19870.6000 0.2523
19898.7000 0.2524
19912.1000 0.2525
19917.4000 0.2526
19925.6000 0.2527
19927.2000 0.2528
19941.0000 0.2529
19941.2000 0.2530
19941.8000 0.2531
19947.2000 0.2532
19954.8000 0.2533
19983.0000 0.2534
19992.8000 0.2535
19994.6000 0.2536
20035.4000 0.2537
20036.7000 0.2539
20046.2000 0.2540
20051.0000 0.2541
20054.6000 0.2542
20056.3000 0.2543
20068.8000 0.2544
20093.8000 0.2545
20107.3000 0.2546
20110.2000 0.2547
20112.7000 0.2548
20123.4000 0.2549
20129.2000 0.2550
20185.8000 0.2551
20186.2000 0.2552
20187.8000 0.2553
20190.5000 0.2554
20200.1000 0.2555
20204.1000 0.2556
20239.4000 0.2557
20241.7000 0.2558
20246.0000 0.2559
20257.4000 0.2560
20261.1000 0.2561
20264.6000 0.2562
20273.9000 0.2564
20274.7000 0.2565
20284.7000 0.2566
20298.0000 0.2567
20305.5000 0.2568
20323.9000 0.2569
20331.1000 0.2570
20340.0000 0.2571
20343.5000 0.2572
20348.0000 0.2573
20350.1000 0.2574
20386.2000 0.2575
20393.8000 0.2576
20406.0000 0.2577
20418.5000 0.2578
20459.7000 0.2579
20482.4000 0.2580
20482.4000 0.2581
20489.6000 0.2582
20493.6000 0.2583
20497.8000 0.2584
20503.0000 0.2585
20548.5000 0.2586
20550.0000 0.2587
20568.6000 0.2589
20573.4000 0.2590
20597.7000 0.2591
20603.1000 0.2592
20612.1000 0.2593
20615.8000 0.2594
20653.5000 0.2595
20654.6000 0.2596
20670.1000 0.2597
20682.7000 0.2598
20689.6000 0.2599
20693.6000 0.2600
20701.1000 0.2601
20703.9000 0.2602
20716.8000 0.2603
20717.2000 0.2604
20717.7000 0.2605
20735.0000 0.2606
20738.4000 0.2607
20740.1000 0.2608
20780.5000 0.2609
20782.9000 0.2610
20793.0000 0.2611
20810.1000 0.2612
20822.1000 0.2614
20826.6000 0.2615
20834.0000 0.2616
20845.7000 0.2617
20846.0000 0.2618
20851.9000 0.2619
20881.2000 0.2620
20887.0000 0.2621
20887.1000 0.2622
20905.1000 0.2623
20909.6000 0.2624
20926.1000 0.2625
20926.4000 0.2626
20944.8000 0.2627
20951.1000 0.2628
20979.3000 0.2629
20981.4000 0.2630
20990.0000 0.2631
21002.0000 0.2632
21003.4000 0.2633
21003.5000 0.2634
21006.1000 0.2635
21006.4000 0.2636
21008.1000 0.2637
21016.4000 0.2639
21031.0000 0.2640
21037.0000 0.2641
21040.5000 0.2642
21052.6000 0.2643
21056.5000 0.2644
21056.8000 0.2645
21075.8000 0.2646
21083.0000 0.2647
21090.1000 0.2648
21095.2000 0.2649
21111.7000 0.2650
21112.0000 0.2651
21150.8000 0.2652
21179.4000 0.2653
21194.5000 0.2654
21203.8000 0.2655
21213.5000 0.2656
21223.5000 0.2657
21238.4000 0.2658
21270.1000 0.2659
21280.2000 0.2660
21291.5000 0.2661
21298.6000 0.2662
21306.4000 0.2664
21310.0000 0.2665
21310.1000 0.2666
21311.6000 0.2667
21316.2000 0.2668
21333.6000 0.2669
21337.4000 0.2670
21356.5000 0.2671
21369.1000 0.2672
21382.2000 0.2673
21387.3000 0.2674
21418.7000 0.2675
21421.7000 0.2676
21431.4000 0.2677
21451.6000 0.2678
21463.4000 0.2679
21477.8000 0.2680
21491.4000 0.2681
21496.0000 0.2682
21504.2000 0.2683
21511.0000 0.2684
21534.3000 0.2685
21543.1000 0.2686
21552.4000 0.2687
21552.4000 0.2689
21554.3000 0.2690
21562.8000 0.2691
21572.9000 0.2692
21580.3000 0.2693
21583.4000 0.2694
21604.2000 0.2695
21632.2000 0.2696
21638.7000 0.2697
21648.4000 0.2698
21666.4000 0.2699
21666.8000 0.2700
21690.1000 0.2701
21697.3000 0.2702
21704.3000 0.2703
21707.2000 0.2704
21733.9000 0.2705
21744.3000 0.2706
21747.4000 0.2707
21751.7000 0.2708
21767.6000 0.2709
21782.6000 0.2710
21789.7000 0.2711
21801.6000 0.2712
21814.6000 0.2714
21823.7000 0.2715
21831.6000 0.2716
21851.0000 0.2717
21869.4000 0.2718
21885.5000 0.2719
21890.0000 0.2720
21904.4000 0.2721
21917.7000 0.2722
21953.0000 0.2723
21966.8000 0.2724
21984.8000 0.2725
21989.2000 0.2726
21992.7000 0.2727
21993.6000 0.2728
22011.5000 0.2729
22023.7000 0.2730
22049.0000 0.2731
22050.2000 0.2732
22055.8000 0.2733
22068.6000 0.2734
22074.3000 0.2735
22095.6000 0.2736
22115.2000 0.2737
22117.6000 0.2739
22120.1000 0.2740
22129.1000 0.2741
22130.8000 0.2742
22144.6000 0.2743
22144.8000 0.2744
22147.1000 0.2745
22156.2000 0.2746
22179.0000 0.2747
22189.7000 0.2748
22196.5000 0.2749
22223.3000 0.2750
22231.5000 0.2751
22245.0000 0.2752
22273.2000 0.2753
22302.5000 0.2754
22304.0000 0.2755
22360.0000 0.2756
22366.7000 0.2757
22382.5000 0.2758
22397.4000 0.2759
22406.7000 0.2760
22412.7000 0.2761
22421.7000 0.2762
22431.1000 0.2764
22443.2000 0.2765
22451.1000 0.2766
22451.8000 0.2767
22566.6000 0.2768
22591.4000 0.2769
22594.4000 0.2770
22596.5000 0.2771
22622.4000 0.2772
22625.9000 0.2773
22629.1000 0.2774
22655.5000 0.2775
22673.9000 0.2776
22674.9000 0.2777
22675.1000 0.2778
22679.3000 0.2779
22681.9000 0.2780
22717.0000 0.2781
22724.3000 0.2782
22742.2000 0.2783
22744.2000 0.2784
22797.5000 0.2785
22799.4000 0.2786
22869.7000 0.2787
22876.0000 0.2789
22892.9000 0.2790
22934.7000 0.2791
22943.1000 0.2792
22944.0000 0.2793
22959.0000 0.2794
22973.4000 0.2795
22982.9000 0.2796
22990.6000 0.2797
23003.4000 0.2798
23014.6000 0.2799
23022.8000 0.2800
23037.4000 0.2801
23044.4000 0.2802
23052.9000 0.2803
23128.5000 0.2804
23129.5000 0.2805
23177.5000 0.2806
23187.4000 0.2807
23200.7000 0.2808
23204.3000 0.2809
23216.7000 0.2810
23281.8000 0.2811
23288.5000 0.2812
23298.9000 0.2814
23322.1000 0.2815
23375.9000 0.2816
23379.0000 0.2817
23413.1000 0.2818
23420.8000 0.2819
23477.8000 0.2820
23502.9000 0.2821
23505.3000 0.2822
23508.4000 0.2823
23514.4000 0.2824
23518.0000 0.2825
23539.7000 0.2826
23557.2000 0.2827
23596.4000 0.2828
23606.8000 0.2829
23624.7000 0.2830
23647.9000 0.2831
23704.2000 0.2832
23731.7000 0.2833
23748.3000 0.2834
23778.3000 0.2835
23790.4000 0.2836
23827.5000 0.2837
23833.9000 0.2839
23837.5000 0.2840
23852.7000 0.2841
23856.6000 0.2842
23872.3000 0.2843
23893.0000 0.2844
23893.9000 0.2845
23904.0000 0.2846
23924.0000 0.2847
23931.2000 0.2848
23974.9000 0.2849
23976.5000 0.2850
24002.1000 0.2851
24049.2000 0.2852
24064.4000 0.2853
24112.2000 0.2854
24132.8000 0.2855
24159.9000 0.2856
24206.9000 0.2857
24249.7000 0.2858
24343.4000 0.2859
24390.5000 0.2860
24451.9000 0.2861
24469.6000 0.2862
24503.6000 0.2864
24525.8000 0.2865
24560.6000 0.2866
24564.6000 0.2867
24573.7000 0.2868
24595.4000 0.2869
24607.9000 0.2870
24649.1000 0.2871
24649.8000 0.2872
24667.3000 0.2873
24720.2000 0.2874
24816.8000 0.2875
24819.1000 0.2876
24839.5000 0.2877
24906.0000 0.2878
24929.1000 0.2879
25069.0000 0.2880
25071.2000 0.2881
25255.8000 0.2882
25289.8000 0.2883
25303.1000 0.2884
25321.6000 0.2885
25468.6000 0.2886
25494.5000 0.2887
25532.3000 0.2889
25536.4000 0.2890
25631.6000 0.2891
25669.4000 0.2892
25741.6000 0.2893
25784.9000 0.2894
25801.5000 0.2895
25894.6000 0.2896
25945.4000 0.2897
26007.3000 0.2898
26060.3000 0.2899
26107.5000 0.2900
26266.8000 0.2901
26396.9000 0.2902
26424.8000 0.2903
26531.8000 0.2904
26629.0000 0.2905
26655.8000 0.2906
26660.1000 0.2907
26871.6000 0.2908
26987.1000 0.2909
27016.5000 0.2910
27075.0000 0.2911
27135.8000 0.2912
27211.7000 0.2914
27568.3000 0.2915
27914.1000 0.2916
