60.0000 0.0000 0.0000
120.1000 0.0001 0.0000
180.2000 0.0001 0.0000
240.3000 0.0001 0.0000
300.3000 0.0002 0.0000
360.3000 0.0002 0.0000
420.3000 0.0003 0.0000
480.3000 0.0003 0.0000
540.3000 0.0004 0.0000
600.3000 0.0005 0.0000
660.3000 0.0006 0.0000
720.3000 0.0007 0.0000
780.3000 0.0008 0.0000
840.3000 0.0009 0.0000
900.3000 0.0011 0.0000
960.3000 0.0013 0.0000
1020.3000 0.0016 0.0000
1080.4000 0.0019 0.0000
1140.5000 0.0021 0.0000
1200.6000 0.0025 0.0000
1260.7000 0.0029 0.0000
1320.8000 0.0033 0.0000
1380.9000 0.0038 0.0000
1441.0000 0.0043 0.0000
1501.1000 0.0049 0.0000
1561.2000 0.0055 0.0000
1621.3000 0.0063 0.0000
1681.4000 0.0070 0.0000
1741.5000 0.0077 0.0000
1801.6000 0.0083 0.0000
1861.7000 0.0090 0.0000
1921.8000 0.0097 0.0000
1981.9000 0.0105 0.0000
2042.0000 0.0115 0.0000
2102.1000 0.0124 0.0000
2162.2000 0.0133 0.0000
2222.3000 0.0142 0.0000
2282.4000 0.0152 0.0000
2342.5000 0.0160 0.0000
2402.6000 0.0168 0.0000
2462.7000 0.0176 0.0000
2522.8000 0.0184 0.0000
2582.9000 0.0192 0.0000
2643.0000 0.0199 0.0000
2703.1000 0.0209 0.0000
2763.2000 0.0216 0.0000
2823.3000 0.0225 0.0000
2883.4000 0.0232 0.0000
2943.5000 0.0239 0.0000
3003.6000 0.0247 0.0000
3063.7000 0.0254 0.0000
3123.8000 0.0263 0.0000
3183.9000 0.0271 0.0000
3244.0000 0.0283 0.0000
3304.1000 0.0291 0.0000
3364.2000 0.0298 0.0000
3424.3000 0.0306 0.0000
3484.4000 0.0315 0.0000
3544.5000 0.0322 0.0000
3604.6000 0.0330 0.0000
3664.7000 0.0338 0.0000
3724.8000 0.0345 0.0000
3784.9000 0.0353 0.0000
3845.0000 0.0361 0.0000
3905.1000 0.0370 0.0000
3965.2000 0.0376 0.0000
4025.3000 0.0384 0.0000
4085.4000 0.0390 0.0000
4145.4000 0.0397 0.0000
4205.4000 0.0403 0.0000
4265.4000 0.0410 0.0000
4325.4000 0.0418 0.0000
4385.4000 0.0426 0.0000
4445.4000 0.0435 0.0000
4505.4000 0.0444 0.0000
4565.4000 0.0451 0.0000
4625.4000 0.0458 0.0000
4685.4000 0.0468 0.0000
4745.4000 0.0474 0.0000
4805.4000 0.0481 0.0000
4865.4000 0.0489 0.0000
4925.4000 0.0495 0.0000
4985.4000 0.0502 0.0000
5045.4000 0.0509 0.0000
5105.4000 0.0516 0.0000
5165.4000 0.0522 0.0000
5225.4000 0.0530 0.0000
5285.4000 0.0536 0.0000
5345.4000 0.0543 0.0000
5405.4000 0.0549 0.0000
5465.4000 0.0555 0.0000
5525.4000 0.0562 0.0000
5585.4000 0.0569 0.0000
5645.4000 0.0578 0.0000
5705.4000 0.0587 0.0000
5765.4000 0.0594 0.0000
5825.4000 0.0600 0.0000
5885.4000 0.0608 0.0000
5945.4000 0.0615 0.0000
6005.4000 0.0622 0.0000
6065.4000 0.0630 0.0000
6125.4000 0.0637 0.0000
6185.4000 0.0644 0.0000
6245.4000 0.0650 0.0000
6305.4000 0.0656 0.0000
6365.4000 0.0661 0.0000
6425.4000 0.0668 0.0000
6485.4000 0.0672 0.0001
6545.4000 0.0678 0.0001
6605.4000 0.0683 0.0001
6665.4000 0.0688 0.0001
6725.4000 0.0694 0.0001
6785.4000 0.0700 0.0001
6845.4000 0.0707 0.0001
6905.4000 0.0713 0.0001
6965.4000 0.0720 0.0001
7025.4000 0.0725 0.0001
7085.4000 0.0731 0.0001
7145.4000 0.0736 0.0001
7205.4000 0.0741 0.0001
7265.4000 0.0747 0.0001
7325.4000 0.0751 0.0001
7385.4000 0.0757 0.0001
7445.4000 0.0762 0.0001
7505.4000 0.0767 0.0001
7565.4000 0.0772 0.0001
7625.4000 0.0778 0.0001
7685.4000 0.0780 0.0001
7745.4000 0.0784 0.0001
7805.4000 0.0788 0.0001
7865.4000 0.0791 0.0001
7925.4000 0.0796 0.0001
7985.4000 0.0798 0.0001
8045.4000 0.0801 0.0001
8105.4000 0.0803 0.0001
8165.4000 0.0806 0.0001
8225.4000 0.0809 0.0001
8285.4000 0.0812 0.0001
8345.4000 0.0815 0.0001
8405.4000 0.0819 0.0001
8465.4000 0.0822 0.0001
8525.4000 0.0825 0.0001
8585.4000 0.0828 0.0001
8645.4000 0.0831 0.0001
8705.4000 0.0834 0.0001
8765.4000 0.0837 0.0001
8825.4000 0.0841 0.0001
8885.4000 0.0842 0.0001
8945.4000 0.0844 0.0001
9005.4000 0.0846 0.0001
9065.4000 0.0847 0.0001
9125.4000 0.0849 0.0001
9185.4000 0.0850 0.0001
9245.4000 0.0852 0.0001
9305.4000 0.0852 0.0001
9365.4000 0.0853 0.0001
9425.4000 0.0854 0.0001
9485.4000 0.0855 0.0001
9545.4000 0.0856 0.0001
9605.4000 0.0856 0.0001
9665.4000 0.0857 0.0001
9725.4000 0.0858 0.0001
9785.4000 0.0858 0.0001
9845.4000 0.0859 0.0001
9905.4000 0.0859 0.0001
9965.4000 0.0859 0.0001
10025.4000 0.0860 0.0001
10085.4000 0.0860 0.0001
10145.4000 0.0860 0.0001
10205.4000 0.0861 0.0001
10265.4000 0.0861 0.0001
10325.4000 0.0861 0.0001
10385.4000 0.0861 0.0001
10445.4000 0.0862 0.0001
10505.4000 0.0862 0.0001
10565.4000 0.0863 0.0001
10625.4000 0.0863 0.0001
10685.4000 0.0863 0.0001
10745.4000 0.0863 0.0001
10805.4000 0.0864 0.0001
10865.4000 0.0864 0.0001
10925.4000 0.0864 0.0001
10985.4000 0.0865 0.0001
11045.4000 0.0865 0.0001
11105.4000 0.0865 0.0001
11165.4000 0.0866 0.0001
11225.4000 0.0866 0.0001
11285.4000 0.0866 0.0001
11345.4000 0.0867 0.0001
11405.4000 0.0867 0.0001
11465.4000 0.0867 0.0001
11525.4000 0.0868 0.0001
11585.4000 0.0868 0.0001
11645.4000 0.0868 0.0001
11705.4000 0.0868 0.0001
11765.4000 0.0869 0.0001
11825.4000 0.0869 0.0001
11885.4000 0.0869 0.0001
11945.4000 0.0870 0.0001
12005.4000 0.0870 0.0001
12065.4000 0.0870 0.0001
12125.4000 0.0871 0.0001
12185.4000 0.0871 0.0001
12245.4000 0.0871 0.0001
12305.4000 0.0871 0.0001
12365.4000 0.0872 0.0001
12425.4000 0.0872 0.0001
12485.4000 0.0872 0.0001
12545.4000 0.0873 0.0001
12605.4000 0.0873 0.0001
12665.4000 0.0873 0.0001
12725.4000 0.0874 0.0001
12785.4000 0.0874 0.0001
12845.4000 0.0874 0.0001
12905.4000 0.0875 0.0001
12965.4000 0.0875 0.0001
13025.4000 0.0875 0.0001
13085.4000 0.0876 0.0001
13145.4000 0.0876 0.0001
13205.4000 0.0876 0.0001
13265.4000 0.0877 0.0001
13325.4000 0.0877 0.0001
13385.4000 0.0877 0.0001
13445.4000 0.0878 0.0001
13505.4000 0.0878 0.0001
13565.4000 0.0878 0.0001
13625.4000 0.0878 0.0001
13685.4000 0.0879 0.0001
13745.4000 0.0879 0.0001
13805.4000 0.0879 0.0001
13865.4000 0.0880 0.0001
13925.4000 0.0880 0.0001
13985.4000 0.0880 0.0001
14045.4000 0.0881 0.0001
14105.4000 0.0881 0.0001
14165.4000 0.0881 0.0001
14225.4000 0.0882 0.0001
14285.4000 0.0882 0.0001
14345.4000 0.0882 0.0001
14405.4000 0.0883 0.0001
14465.4000 0.0883 0.0001
14525.4000 0.0883 0.0001
14585.4000 0.0883 0.0001
14645.4000 0.0884 0.0001
14705.4000 0.0884 0.0001
14765.4000 0.0884 0.0001
14825.4000 0.0885 0.0001
14885.4000 0.0885 0.0001
14945.4000 0.0885 0.0001
15005.4000 0.0886 0.0001
15065.4000 0.0886 0.0001
15125.4000 0.0886 0.0001
15185.4000 0.0887 0.0001
15245.4000 0.0887 0.0001
15305.4000 0.0887 0.0001
15365.4000 0.0888 0.0001
15425.4000 0.0888 0.0001
15485.4000 0.0888 0.0001
15545.4000 0.0889 0.0001
15605.4000 0.0889 0.0001
15665.4000 0.0889 0.0001
15725.4000 0.0890 0.0001
15785.4000 0.0890 0.0001
15845.4000 0.0890 0.0001
15905.4000 0.0891 0.0001
15965.4000 0.0891 0.0001
16025.4000 0.0891 0.0001
16085.4000 0.0892 0.0001
16145.4000 0.0892 0.0001
16205.4000 0.0892 0.0001
16265.4000 0.0892 0.0001
16325.4000 0.0893 0.0001
16385.4000 0.0893 0.0001
16445.5000 0.0894 0.0001
16505.6000 0.0894 0.0001
16565.7000 0.0894 0.0001
16625.8000 0.0895 0.0001
16685.9000 0.0895 0.0001
16746.0000 0.0895 0.0001
16806.1000 0.0896 0.0001
16866.2000 0.0896 0.0001
16926.3000 0.0896 0.0001
16986.4000 0.0896 0.0001
17046.5000 0.0897 0.0001
17106.6000 0.0897 0.0001
17166.7000 0.0897 0.0001
17226.8000 0.0898 0.0001
17286.9000 0.0898 0.0001
17347.0000 0.0898 0.0001
17407.1000 0.0899 0.0001
17467.2000 0.0899 0.0001
17527.3000 0.0899 0.0001
17587.4000 0.0900 0.0001
17647.5000 0.0900 0.0001
17707.6000 0.0900 0.0001
17767.7000 0.0900 0.0001
17827.8000 0.0901 0.0001
17887.9000 0.0901 0.0001
17948.0000 0.0901 0.0001
18008.1000 0.0902 0.0001
18068.2000 0.0902 0.0001
18128.3000 0.0902 0.0001
18188.4000 0.0903 0.0001
18248.5000 0.0905 0.0001
18308.6000 0.0906 0.0001
18368.7000 0.0908 0.0001
18428.8000 0.0909 0.0001
18488.9000 0.0911 0.0001
18549.0000 0.0913 0.0001
18609.1000 0.0914 0.0001
18669.2000 0.0917 0.0001
18729.3000 0.0919 0.0001
18789.4000 0.0923 0.0001
18849.5000 0.0926 0.0001
18909.6000 0.0931 0.0001
18969.7000 0.0936 0.0001
19029.8000 0.0941 0.0001
19089.9000 0.0947 0.0001
19150.0000 0.0951 0.0001
19210.1000 0.0957 0.0001
19270.2000 0.0965 0.0001
19330.3000 0.0971 0.0001
19390.4000 0.0978 0.0001
19450.5000 0.0985 0.0001
19510.6000 0.0994 0.0001
19570.7000 0.1002 0.0001
19630.8000 0.1010 0.0001
19690.9000 0.1019 0.0001
19751.0000 0.1028 0.0001
19811.1000 0.1040 0.0001
19871.2000 0.1051 0.0001
19931.3000 0.1064 0.0001
19991.4000 0.1076 0.0001
20051.5000 0.1086 0.0001
20111.6000 0.1100 0.0001
20171.7000 0.1111 0.0001
20231.8000 0.1126 0.0001
20291.9000 0.1141 0.0001
20352.0000 0.1156 0.0001
20412.1000 0.1171 0.0001
20472.2000 0.1188 0.0001
20532.3000 0.1205 0.0001
20592.4000 0.1221 0.0001
20652.5000 0.1240 0.0001
20712.6000 0.1257 0.0001
20772.7000 0.1274 0.0001
20832.8000 0.1293 0.0001
20892.9000 0.1312 0.0001
20953.0000 0.1335 0.0001
21013.1000 0.1357 0.0001
21073.2000 0.1380 0.0001
21133.3000 0.1402 0.0001
21193.4000 0.1427 0.0001
21253.5000 0.1452 0.0001
21313.6000 0.1477 0.0001
21373.7000 0.1505 0.0001
21433.8000 0.1531 0.0001
21493.9000 0.1555 0.0001
21554.0000 0.1582 0.0001
21614.1000 0.1609 0.0001
21674.2000 0.1639 0.0001
21734.3000 0.1669 0.0001
21794.4000 0.1698 0.0001
21854.5000 0.1726 0.0001
21914.6000 0.1758 0.0001
21974.7000 0.1789 0.0001
22034.8000 0.1819 0.0002
22094.9000 0.1852 0.0002
22155.0000 0.1884 0.0002
22215.1000 0.1914 0.0002
22275.2000 0.1947 0.0002
22335.3000 0.1981 0.0002
22395.4000 0.2016 0.0002
22455.5000 0.2047 0.0002
22515.6000 0.2077 0.0002
22575.7000 0.2107 0.0002
22635.8000 0.2139 0.0002
22695.9000 0.2173 0.0002
22756.0000 0.2205 0.0002
22816.1000 0.2238 0.0002
22876.2000 0.2269 0.0002
22936.3000 0.2300 0.0002
22996.4000 0.2333 0.0003
23056.5000 0.2369 0.0003
23116.6000 0.2406 0.0003
23176.7000 0.2438 0.0003
23236.8000 0.2470 0.0003
23296.9000 0.2501 0.0003
23357.0000 0.2537 0.0003
23417.1000 0.2569 0.0003
23477.2000 0.2601 0.0003
23537.3000 0.2634 0.0003
23597.4000 0.2666 0.0003
23657.5000 0.2697 0.0003
23717.6000 0.2729 0.0003
23777.7000 0.2764 0.0004
23837.8000 0.2798 0.0004
23897.9000 0.2832 0.0004
23958.0000 0.2864 0.0004
24018.1000 0.2875 0.0004
24078.2000 0.2888 0.0004
24138.3000 0.2905 0.0004
24198.4000 0.2918 0.0004
24258.5000 0.2935 0.0004
24318.6000 0.2946 0.0004
24378.7000 0.2957 0.0004
24438.8000 0.2970 0.0004
24498.9000 0.2975 0.0004
24559.0000 0.2982 0.0004
24619.1000 0.2996 0.0004
24679.2000 0.3002 0.0004
24739.3000 0.3019 0.0004
24799.4000 0.3035 0.0004
24859.5000 0.3057 0.0005
24919.6000 0.3080 0.0005
24979.7000 0.3099 0.0005
25039.8000 0.3118 0.0005
25099.9000 0.3130 0.0005
25160.0000 0.3147 0.0005
25220.1000 0.3169 0.0005
25280.2000 0.3190 0.0005
25340.3000 0.3212 0.0005
25400.4000 0.3235 0.0005
25460.5000 0.3255 0.0005
25520.6000 0.3279 0.0005
25580.7000 0.3291 0.0005
25640.8000 0.3305 0.0005
25700.9000 0.3331 0.0005
25761.0000 0.3348 0.0006
25821.1000 0.3366 0.0006
25881.2000 0.3387 0.0006
25941.3000 0.3409 0.0006
26001.4000 0.3426 0.0006
26061.5000 0.3447 0.0006
26121.6000 0.3470 0.0006
26181.7000 0.3486 0.0006
26241.8000 0.3504 0.0006
26301.9000 0.3523 0.0006
26362.0000 0.3537 0.0006
26422.1000 0.3553 0.0006
26482.2000 0.3569 0.0006
26542.3000 0.3586 0.0006
26602.4000 0.3604 0.0007
26662.5000 0.3615 0.0007
26722.6000 0.3638 0.0007
26782.7000 0.3661 0.0007
26842.8000 0.3685 0.0007
26902.9000 0.3708 0.0007
26963.0000 0.3726 0.0007
27023.1000 0.3748 0.0007
27083.2000 0.3772 0.0007
27143.3000 0.3799 0.0007
27203.4000 0.3823 0.0007
27263.5000 0.3840 0.0007
27323.6000 0.3862 0.0007
27383.7000 0.3882 0.0008
27443.8000 0.3899 0.0008
27503.9000 0.3913 0.0008
27564.0000 0.3928 0.0008
27624.1000 0.3939 0.0008
27684.2000 0.3957 0.0008
27744.3000 0.3978 0.0008
27804.4000 0.3993 0.0008
27864.5000 0.4016 0.0008
27924.6000 0.4040 0.0008
27984.7000 0.4065 0.0008
28044.8000 0.4086 0.0008
28104.9000 0.4102 0.0008
28165.0000 0.4111 0.0009
28225.1000 0.4128 0.0009
28285.2000 0.4149 0.0009
28345.3000 0.4170 0.0009
28405.4000 0.4192 0.0009
28465.5000 0.4212 0.0009
28525.6000 0.4229 0.0009
28585.7000 0.4248 0.0009
28645.8000 0.4272 0.0009
28705.9000 0.4294 0.0009
28766.0000 0.4309 0.0009
