# messageDelay  cumulativeProbability
0.2000 0.0002
0.2000 0.0003
0.2000 0.0005
0.2000 0.0007
0.2000 0.0009
0.2000 0.0010
0.2000 0.0012
0.2000 0.0014
0.2000 0.0016
0.2000 0.0017
0.2000 0.0019
0.2000 0.0021
0.2000 0.0023
0.2000 0.0024
46.1000 0.0026
60.9000 0.0028
92.0000 0.0030
99.7000 0.0031
115.5000 0.0033
119.0000 0.0035
119.5000 0.0036
126.9000 0.0038
133.5000 0.0040
136.1000 0.0042
142.6000 0.0043
143.1000 0.0045
148.7000 0.0047
157.7000 0.0049
165.6000 0.0050
170.6000 0.0052
171.8000 0.0054
175.8000 0.0056
188.2000 0.0057
188.7000 0.0059
195.0000 0.0061
196.7000 0.0063
200.1000 0.0064
200.2000 0.0066
200.6000 0.0068
202.1000 0.0069
205.5000 0.0071
209.3000 0.0073
212.7000 0.0075
213.1000 0.0076
213.9000 0.0078
216.9000 0.0080
217.0000 0.0082
218.4000 0.0083
218.7000 0.0085
223.4000 0.0087
228.5000 0.0089
229.9000 0.0090
231.8000 0.0092
233.5000 0.0094
233.8000 0.0095
236.1000 0.0097
236.9000 0.0099
238.1000 0.0101
238.3000 0.0102
238.6000 0.0104
240.6000 0.0106
242.1000 0.0108
245.2000 0.0109
246.9000 0.0111
252.1000 0.0113
257.8000 0.0115
263.1000 0.0116
266.8000 0.0118
269.7000 0.0120
269.9000 0.0122
272.9000 0.0123
276.9000 0.0125
276.9000 0.0127
278.7000 0.0128
280.6000 0.0130
280.7000 0.0132
284.2000 0.0134
286.6000 0.0135
286.8000 0.0137
291.5000 0.0139
292.9000 0.0141
295.5000 0.0142
295.6000 0.0144
295.8000 0.0146
296.7000 0.0148
298.5000 0.0149
298.5000 0.0151
301.9000 0.0153
304.0000 0.0155
306.5000 0.0156
307.7000 0.0158
309.0000 0.0160
309.4000 0.0161
309.7000 0.0163
311.5000 0.0165
312.5000 0.0167
315.6000 0.0168
320.0000 0.0170
320.3000 0.0172
320.4000 0.0174
320.4000 0.0175
321.7000 0.0177
325.1000 0.0179
329.9000 0.0181
331.9000 0.0182
335.2000 0.0184
337.8000 0.0186
341.2000 0.0187
342.9000 0.0189
344.5000 0.0191
346.8000 0.0193
354.1000 0.0194
356.8000 0.0196
361.6000 0.0198
363.5000 0.0200
365.5000 0.0201
365.6000 0.0203
366.6000 0.0205
367.7000 0.0207
368.5000 0.0208
369.9000 0.0210
370.1000 0.0212
375.8000 0.0214
376.2000 0.0215
376.8000 0.0217
377.3000 0.0219
379.2000 0.0220
382.8000 0.0222
385.2000 0.0224
385.4000 0.0226
390.6000 0.0227
392.8000 0.0229
393.3000 0.0231
394.0000 0.0233
398.7000 0.0234
398.8000 0.0236
407.7000 0.0238
409.1000 0.0240
409.9000 0.0241
412.0000 0.0243
413.4000 0.0245
414.0000 0.0247
416.7000 0.0248
416.8000 0.0250
418.1000 0.0252
419.9000 0.0253
420.1000 0.0255
420.7000 0.0257
421.6000 0.0259
421.9000 0.0260
422.5000 0.0262
427.5000 0.0264
427.6000 0.0266
427.9000 0.0267
430.1000 0.0269
430.4000 0.0271
430.5000 0.0273
431.2000 0.0274
431.6000 0.0276
435.7000 0.0278
436.7000 0.0280
438.0000 0.0281
439.0000 0.0283
440.0000 0.0285
446.6000 0.0286
447.0000 0.0288
448.7000 0.0290
450.0000 0.0292
454.3000 0.0293
454.7000 0.0295
456.4000 0.0297
457.5000 0.0299
458.5000 0.0300
459.3000 0.0302
462.8000 0.0304
465.9000 0.0306
466.8000 0.0307
468.5000 0.0309
472.7000 0.0311
474.1000 0.0312
474.6000 0.0314
477.1000 0.0316
477.3000 0.0318
481.7000 0.0319
482.9000 0.0321
483.9000 0.0323
484.3000 0.0325
484.5000 0.0326
486.9000 0.0328
492.9000 0.0330
494.0000 0.0332
494.3000 0.0333
494.9000 0.0335
497.6000 0.0337
497.6000 0.0339
498.2000 0.0340
499.8000 0.0342
500.1000 0.0344
501.6000 0.0345
503.5000 0.0347
508.3000 0.0349
508.6000 0.0351
510.2000 0.0352
510.5000 0.0354
513.1000 0.0356
514.3000 0.0358
514.5000 0.0359
515.1000 0.0361
519.3000 0.0363
520.0000 0.0365
524.7000 0.0366
524.8000 0.0368
525.4000 0.0370
525.5000 0.0372
525.7000 0.0373
527.1000 0.0375
527.5000 0.0377
529.1000 0.0378
529.3000 0.0380
530.2000 0.0382
532.5000 0.0384
532.5000 0.0385
533.7000 0.0387
535.3000 0.0389
535.4000 0.0391
538.5000 0.0392
538.6000 0.0394
539.2000 0.0396
543.9000 0.0398
544.4000 0.0399
546.5000 0.0401
546.7000 0.0403
547.2000 0.0405
547.4000 0.0406
548.2000 0.0408
550.1000 0.0410
550.4000 0.0411
551.3000 0.0413
551.5000 0.0415
554.5000 0.0417
554.6000 0.0418
557.0000 0.0420
557.4000 0.0422
557.8000 0.0424
559.3000 0.0425
560.6000 0.0427
560.9000 0.0429
561.0000 0.0431
561.0000 0.0432
561.2000 0.0434
561.3000 0.0436
561.7000 0.0437
562.1000 0.0439
564.5000 0.0441
564.6000 0.0443
564.7000 0.0444
565.0000 0.0446
567.7000 0.0448
570.6000 0.0450
571.8000 0.0451
572.0000 0.0453
575.5000 0.0455
575.6000 0.0457
576.3000 0.0458
577.0000 0.0460
577.2000 0.0462
579.2000 0.0464
580.2000 0.0465
581.2000 0.0467
581.5000 0.0469
582.4000 0.0470
583.9000 0.0472
584.0000 0.0474
584.5000 0.0476
584.6000 0.0477
585.0000 0.0479
585.2000 0.0481
587.0000 0.0483
588.9000 0.0484
589.6000 0.0486
590.3000 0.0488
590.8000 0.0490
591.8000 0.0491
592.0000 0.0493
593.3000 0.0495
594.7000 0.0497
595.6000 0.0498
597.9000 0.0500
600.5000 0.0502
600.5000 0.0503
604.0000 0.0505
604.5000 0.0507
605.7000 0.0509
605.7000 0.0510
606.8000 0.0512
606.9000 0.0514
609.3000 0.0516
610.5000 0.0517
615.5000 0.0519
617.0000 0.0521
617.4000 0.0523
619.2000 0.0524
620.5000 0.0526
624.9000 0.0528
625.5000 0.0530
625.7000 0.0531
626.8000 0.0533
626.9000 0.0535
630.3000 0.0536
630.3000 0.0538
630.9000 0.0540
633.3000 0.0542
633.3000 0.0543
645.8000 0.0545
646.2000 0.0547
648.0000 0.0549
651.8000 0.0550
654.1000 0.0552
654.5000 0.0554
654.8000 0.0556
655.7000 0.0557
656.3000 0.0559
656.7000 0.0561
656.8000 0.0562
656.8000 0.0564
657.3000 0.0566
658.1000 0.0568
662.7000 0.0569
666.8000 0.0571
671.8000 0.0573
672.1000 0.0575
675.6000 0.0576
675.6000 0.0578
676.0000 0.0580
677.9000 0.0582
678.1000 0.0583
678.6000 0.0585
681.8000 0.0587
682.3000 0.0589
683.3000 0.0590
685.2000 0.0592
685.7000 0.0594
687.2000 0.0595
691.3000 0.0597
692.1000 0.0599
694.4000 0.0601
694.6000 0.0602
695.2000 0.0604
697.2000 0.0606
697.6000 0.0608
698.3000 0.0609
701.5000 0.0611
702.7000 0.0613
706.9000 0.0615
708.5000 0.0616
711.7000 0.0618
711.7000 0.0620
712.3000 0.0622
713.0000 0.0623
716.8000 0.0625
717.8000 0.0627
718.5000 0.0628
719.1000 0.0630
723.7000 0.0632
725.2000 0.0634
727.0000 0.0635
731.4000 0.0637
731.9000 0.0639
732.2000 0.0641
733.3000 0.0642
733.5000 0.0644
736.6000 0.0646
736.7000 0.0648
739.1000 0.0649
740.6000 0.0651
744.0000 0.0653
747.9000 0.0655
748.8000 0.0656
749.3000 0.0658
750.7000 0.0660
752.9000 0.0661
754.1000 0.0663
754.5000 0.0665
757.2000 0.0667
757.2000 0.0668
758.1000 0.0670
759.4000 0.0672
759.5000 0.0674
759.7000 0.0675
760.5000 0.0677
761.4000 0.0679
761.5000 0.0681
761.8000 0.0682
763.3000 0.0684
763.9000 0.0686
764.2000 0.0687
765.7000 0.0689
766.9000 0.0691
767.1000 0.0693
768.2000 0.0694
768.5000 0.0696
768.9000 0.0698
769.0000 0.0700
769.3000 0.0701
774.7000 0.0703
778.7000 0.0705
781.7000 0.0707
786.8000 0.0708
787.3000 0.0710
789.7000 0.0712
790.5000 0.0714
795.8000 0.0715
797.2000 0.0717
798.0000 0.0719
798.8000 0.0720
798.9000 0.0722
800.2000 0.0724
801.1000 0.0726
804.5000 0.0727
804.9000 0.0729
805.0000 0.0731
805.8000 0.0733
806.1000 0.0734
806.4000 0.0736
806.9000 0.0738
807.0000 0.0740
809.1000 0.0741
809.9000 0.0743
811.7000 0.0745
813.6000 0.0747
813.8000 0.0748
815.6000 0.0750
817.0000 0.0752
817.7000 0.0753
819.2000 0.0755
819.4000 0.0757
821.1000 0.0759
822.8000 0.0760
823.7000 0.0762
826.3000 0.0764
826.9000 0.0766
827.2000 0.0767
828.5000 0.0769
828.9000 0.0771
833.4000 0.0773
833.8000 0.0774
835.8000 0.0776
837.1000 0.0778
837.2000 0.0780
837.5000 0.0781
838.0000 0.0783
839.9000 0.0785
841.6000 0.0786
842.6000 0.0788
842.7000 0.0790
843.1000 0.0792
846.2000 0.0793
847.2000 0.0795
848.0000 0.0797
848.2000 0.0799
848.2000 0.0800
849.3000 0.0802
853.1000 0.0804
853.5000 0.0806
854.5000 0.0807
854.5000 0.0809
855.0000 0.0811
857.9000 0.0812
857.9000 0.0814
858.1000 0.0816
858.2000 0.0818
858.4000 0.0819
858.6000 0.0821
859.7000 0.0823
861.6000 0.0825
864.9000 0.0826
865.3000 0.0828
866.1000 0.0830
866.4000 0.0832
867.7000 0.0833
867.7000 0.0835
869.5000 0.0837
872.1000 0.0839
873.5000 0.0840
875.0000 0.0842
875.3000 0.0844
878.4000 0.0845
878.6000 0.0847
879.9000 0.0849
882.4000 0.0851
882.8000 0.0852
883.5000 0.0854
883.9000 0.0856
884.9000 0.0858
884.9000 0.0859
886.0000 0.0861
886.5000 0.0863
886.5000 0.0865
886.6000 0.0866
890.0000 0.0868
890.8000 0.0870
892.0000 0.0872
892.2000 0.0873
892.9000 0.0875
893.8000 0.0877
895.3000 0.0878
895.3000 0.0880
898.7000 0.0882
901.4000 0.0884
902.4000 0.0885
902.5000 0.0887
902.8000 0.0889
904.7000 0.0891
905.0000 0.0892
905.9000 0.0894
907.5000 0.0896
909.7000 0.0898
909.7000 0.0899
911.3000 0.0901
912.9000 0.0903
913.0000 0.0905
913.9000 0.0906
914.2000 0.0908
915.8000 0.0910
916.3000 0.0911
918.0000 0.0913
919.7000 0.0915
920.5000 0.0917
922.7000 0.0918
922.7000 0.0920
923.9000 0.0922
925.4000 0.0924
927.6000 0.0925
927.7000 0.0927
928.2000 0.0929
928.9000 0.0931
929.7000 0.0932
930.9000 0.0934
933.3000 0.0936
933.6000 0.0937
934.6000 0.0939
935.4000 0.0941
936.7000 0.0943
937.0000 0.0944
937.8000 0.0946
938.8000 0.0948
940.3000 0.0950
942.0000 0.0951
943.9000 0.0953
948.2000 0.0955
948.7000 0.0957
949.3000 0.0958
952.8000 0.0960
954.1000 0.0962
954.2000 0.0964
954.6000 0.0965
956.9000 0.0967
957.0000 0.0969
958.3000 0.0970
958.5000 0.0972
961.6000 0.0974
962.0000 0.0976
966.0000 0.0977
968.3000 0.0979
968.7000 0.0981
969.9000 0.0983
970.9000 0.0984
971.3000 0.0986
971.8000 0.0988
978.3000 0.0990
979.1000 0.0991
982.3000 0.0993
982.9000 0.0995
983.7000 0.0997
985.8000 0.0998
990.4000 0.1000
992.0000 0.1002
992.5000 0.1003
993.1000 0.1005
993.2000 0.1007
994.7000 0.1009
996.6000 0.1010
997.7000 0.1012
1002.7000 0.1014
1004.7000 0.1016
1006.5000 0.1017
1006.7000 0.1019
1007.0000 0.1021
1010.0000 0.1023
1010.6000 0.1024
1011.7000 0.1026
1012.4000 0.1028
1012.7000 0.1030
1012.8000 0.1031
1013.3000 0.1033
1013.5000 0.1035
1014.1000 0.1036
1019.3000 0.1038
1019.4000 0.1040
1019.9000 0.1042
1022.0000 0.1043
1023.3000 0.1045
1025.2000 0.1047
1025.4000 0.1049
1026.5000 0.1050
1027.0000 0.1052
1027.5000 0.1054
1029.2000 0.1056
1029.4000 0.1057
1037.3000 0.1059
1039.3000 0.1061
1040.0000 0.1062
1042.7000 0.1064
1043.8000 0.1066
1044.1000 0.1068
1044.7000 0.1069
1046.5000 0.1071
1049.3000 0.1073
1052.1000 0.1075
1056.8000 0.1076
1057.0000 0.1078
1057.8000 0.1080
1057.9000 0.1082
1061.3000 0.1083
1061.5000 0.1085
1061.7000 0.1087
1063.3000 0.1089
1068.2000 0.1090
1072.5000 0.1092
1072.7000 0.1094
1077.5000 0.1095
1077.5000 0.1097
1084.9000 0.1099
1086.5000 0.1101
1086.8000 0.1102
1087.5000 0.1104
1092.0000 0.1106
1099.7000 0.1108
1100.5000 0.1109
1100.8000 0.1111
1102.0000 0.1113
1102.3000 0.1115
1104.2000 0.1116
1104.5000 0.1118
1105.3000 0.1120
1105.8000 0.1122
1107.0000 0.1123
1107.1000 0.1125
1110.6000 0.1127
1112.0000 0.1128
1112.1000 0.1130
1113.0000 0.1132
1113.3000 0.1134
1114.9000 0.1135
1115.1000 0.1137
1115.8000 0.1139
1116.2000 0.1141
1116.7000 0.1142
1116.9000 0.1144
1118.0000 0.1146
1118.5000 0.1148
1119.3000 0.1149
1120.2000 0.1151
1120.8000 0.1153
1121.2000 0.1155
1121.7000 0.1156
1122.2000 0.1158
1122.6000 0.1160
1123.2000 0.1161
1123.3000 0.1163
1125.5000 0.1165
1127.5000 0.1167
1128.2000 0.1168
1129.7000 0.1170
1130.6000 0.1172
1130.7000 0.1174
1130.8000 0.1175
1131.3000 0.1177
1131.9000 0.1179
1132.7000 0.1181
1133.6000 0.1182
1134.3000 0.1184
1135.0000 0.1186
1135.1000 0.1187
1136.9000 0.1189
1138.0000 0.1191
1138.1000 0.1193
1140.4000 0.1194
1141.9000 0.1196
1142.6000 0.1198
1143.0000 0.1200
1143.3000 0.1201
1143.8000 0.1203
1144.2000 0.1205
1144.8000 0.1207
1144.8000 0.1208
1146.5000 0.1210
1148.1000 0.1212
1149.1000 0.1214
1149.1000 0.1215
1151.7000 0.1217
1151.9000 0.1219
1153.3000 0.1220
1159.1000 0.1222
1160.0000 0.1224
1164.4000 0.1226
1165.1000 0.1227
1165.8000 0.1229
1166.6000 0.1231
1167.2000 0.1233
1168.0000 0.1234
1168.5000 0.1236
1169.3000 0.1238
1169.8000 0.1240
1170.1000 0.1241
1171.1000 0.1243
1171.9000 0.1245
1172.5000 0.1247
1174.4000 0.1248
1175.5000 0.1250
1176.2000 0.1252
1178.8000 0.1253
1179.4000 0.1255
1180.8000 0.1257
1182.3000 0.1259
1182.8000 0.1260
1183.8000 0.1262
1184.1000 0.1264
1185.5000 0.1266
1186.8000 0.1267
1187.8000 0.1269
1187.9000 0.1271
1189.9000 0.1273
1190.1000 0.1274
1190.6000 0.1276
1191.0000 0.1278
1191.7000 0.1280
1192.7000 0.1281
1193.4000 0.1283
1193.5000 0.1285
1198.6000 0.1286
1199.0000 0.1288
1200.1000 0.1290
1201.8000 0.1292
1201.8000 0.1293
1202.0000 0.1295
1204.0000 0.1297
1206.6000 0.1299
1208.3000 0.1300
1208.4000 0.1302
1210.7000 0.1304
1210.7000 0.1306
1211.4000 0.1307
1212.0000 0.1309
1213.7000 0.1311
1215.7000 0.1312
1216.8000 0.1314
1218.2000 0.1316
1220.9000 0.1318
1221.0000 0.1319
1221.4000 0.1321
1221.4000 0.1323
1221.6000 0.1325
1223.5000 0.1326
1223.9000 0.1328
1224.7000 0.1330
1232.3000 0.1332
1234.1000 0.1333
1234.2000 0.1335
1234.3000 0.1337
1234.8000 0.1339
1234.9000 0.1340
1237.1000 0.1342
1237.8000 0.1344
1238.4000 0.1345
1240.0000 0.1347
1240.9000 0.1349
1240.9000 0.1351
1241.7000 0.1352
1241.9000 0.1354
1242.0000 0.1356
1243.0000 0.1358
1243.1000 0.1359
1248.1000 0.1361
1248.6000 0.1363
1249.5000 0.1365
1250.5000 0.1366
1251.1000 0.1368
1255.3000 0.1370
1256.9000 0.1372
1258.1000 0.1373
1258.7000 0.1375
1259.3000 0.1377
1265.1000 0.1378
1266.1000 0.1380
1266.7000 0.1382
1266.9000 0.1384
1267.1000 0.1385
1267.2000 0.1387
1268.0000 0.1389
1268.3000 0.1391
1271.5000 0.1392
1273.5000 0.1394
1273.9000 0.1396
1275.0000 0.1398
1276.3000 0.1399
1277.1000 0.1401
1277.1000 0.1403
1279.6000 0.1405
1279.8000 0.1406
1280.3000 0.1408
1280.4000 0.1410
1282.0000 0.1411
1289.8000 0.1413
1291.3000 0.1415
1297.4000 0.1417
1299.3000 0.1418
1300.3000 0.1420
1300.5000 0.1422
1300.5000 0.1424
1302.9000 0.1425
1305.3000 0.1427
1307.9000 0.1429
1309.2000 0.1431
1310.4000 0.1432
1311.6000 0.1434
1315.8000 0.1436
1316.4000 0.1437
1316.9000 0.1439
1318.1000 0.1441
1318.1000 0.1443
1318.4000 0.1444
1320.0000 0.1446
1320.5000 0.1448
1321.3000 0.1450
1321.6000 0.1451
1321.7000 0.1453
1323.0000 0.1455
1323.2000 0.1457
1324.6000 0.1458
1324.8000 0.1460
1325.4000 0.1462
1326.3000 0.1464
1326.6000 0.1465
1326.7000 0.1467
1330.2000 0.1469
1331.5000 0.1470
1332.5000 0.1472
1333.1000 0.1474
1336.3000 0.1476
1336.6000 0.1477
1336.8000 0.1479
1338.9000 0.1481
1339.6000 0.1483
1340.6000 0.1484
1341.0000 0.1486
1342.5000 0.1488
1343.4000 0.1490
1343.6000 0.1491
1346.7000 0.1493
1350.3000 0.1495
1351.8000 0.1497
1351.9000 0.1498
1352.1000 0.1500
1353.0000 0.1502
1359.1000 0.1503
1361.7000 0.1505
1362.0000 0.1507
1363.2000 0.1509
1364.1000 0.1510
1365.9000 0.1512
1367.1000 0.1514
1367.4000 0.1516
1367.5000 0.1517
1368.9000 0.1519
1369.1000 0.1521
1369.7000 0.1523
1370.7000 0.1524
1373.3000 0.1526
1375.0000 0.1528
1376.6000 0.1530
1376.7000 0.1531
1377.6000 0.1533
1377.9000 0.1535
1378.3000 0.1536
1378.7000 0.1538
1379.7000 0.1540
1381.1000 0.1542
1382.7000 0.1543
1384.6000 0.1545
1386.5000 0.1547
1386.6000 0.1549
1387.7000 0.1550
1389.1000 0.1552
1389.3000 0.1554
1389.5000 0.1556
1389.9000 0.1557
1391.5000 0.1559
1392.3000 0.1561
1392.8000 0.1562
1394.0000 0.1564
1394.1000 0.1566
1396.8000 0.1568
1397.9000 0.1569
1398.1000 0.1571
1398.8000 0.1573
1404.1000 0.1575
1406.4000 0.1576
1408.3000 0.1578
1409.4000 0.1580
1409.6000 0.1582
1412.0000 0.1583
1412.7000 0.1585
1413.4000 0.1587
1414.1000 0.1589
1414.1000 0.1590
1415.2000 0.1592
1416.8000 0.1594
1418.5000 0.1595
1418.6000 0.1597
1418.7000 0.1599
1418.8000 0.1601
1419.3000 0.1602
1419.8000 0.1604
1420.4000 0.1606
1420.5000 0.1608
1420.8000 0.1609
1423.6000 0.1611
1424.1000 0.1613
1427.6000 0.1615
1428.6000 0.1616
1428.9000 0.1618
1428.9000 0.1620
1429.0000 0.1622
1430.0000 0.1623
1430.2000 0.1625
1430.6000 0.1627
1432.0000 0.1628
1436.8000 0.1630
1437.1000 0.1632
1437.3000 0.1634
1438.0000 0.1635
1438.0000 0.1637
1438.1000 0.1639
1438.5000 0.1641
1440.4000 0.1642
1441.0000 0.1644
1442.6000 0.1646
1445.7000 0.1648
1447.2000 0.1649
1448.1000 0.1651
1448.3000 0.1653
1449.1000 0.1655
1449.3000 0.1656
1449.5000 0.1658
1452.2000 0.1660
1452.5000 0.1661
1453.1000 0.1663
1453.1000 0.1665
1454.1000 0.1667
1454.2000 0.1668
1455.1000 0.1670
1455.5000 0.1672
1456.4000 0.1674
1456.6000 0.1675
1459.2000 0.1677
1459.3000 0.1679
1460.3000 0.1681
1460.8000 0.1682
1463.9000 0.1684
1465.9000 0.1686
1467.2000 0.1687
1467.9000 0.1689
1469.4000 0.1691
1469.8000 0.1693
1469.9000 0.1694
1472.7000 0.1696
1472.8000 0.1698
1473.8000 0.1700
1474.0000 0.1701
1474.2000 0.1703
1476.1000 0.1705
1476.2000 0.1707
1477.7000 0.1708
1479.4000 0.1710
1479.8000 0.1712
1480.6000 0.1714
1485.0000 0.1715
1486.9000 0.1717
1487.3000 0.1719
1487.4000 0.1720
1487.7000 0.1722
1487.8000 0.1724
1488.0000 0.1726
1490.2000 0.1727
1492.2000 0.1729
1494.0000 0.1731
1494.8000 0.1733
1496.0000 0.1734
1498.5000 0.1736
1498.7000 0.1738
1498.7000 0.1740
1502.1000 0.1741
1502.5000 0.1743
1505.2000 0.1745
1507.6000 0.1747
1509.4000 0.1748
1509.6000 0.1750
1512.1000 0.1752
1512.6000 0.1753
1512.8000 0.1755
1513.8000 0.1757
1515.2000 0.1759
1517.1000 0.1760
1518.9000 0.1762
1521.2000 0.1764
1523.3000 0.1766
1526.3000 0.1767
1527.8000 0.1769
1528.7000 0.1771
1529.1000 0.1773
1529.3000 0.1774
1530.1000 0.1776
1530.4000 0.1778
1531.5000 0.1780
1531.6000 0.1781
1531.6000 0.1783
1532.7000 0.1785
1532.9000 0.1786
1534.0000 0.1788
1538.9000 0.1790
1539.1000 0.1792
1545.3000 0.1793
1548.0000 0.1795
1548.1000 0.1797
1548.1000 0.1799
1548.7000 0.1800
1550.2000 0.1802
1551.4000 0.1804
1551.7000 0.1806
1552.0000 0.1807
1553.3000 0.1809
1554.2000 0.1811
1554.5000 0.1812
1555.3000 0.1814
1556.8000 0.1816
1557.3000 0.1818
1557.7000 0.1819
1558.0000 0.1821
1558.4000 0.1823
1558.5000 0.1825
1558.9000 0.1826
1560.7000 0.1828
1561.6000 0.1830
1562.8000 0.1832
1563.0000 0.1833
1564.9000 0.1835
1569.7000 0.1837
1571.1000 0.1839
1573.2000 0.1840
1573.8000 0.1842
1574.9000 0.1844
1575.3000 0.1845
1576.6000 0.1847
1576.7000 0.1849
1577.2000 0.1851
1577.4000 0.1852
1579.6000 0.1854
1581.4000 0.1856
1582.8000 0.1858
1585.4000 0.1859
1587.1000 0.1861
1588.2000 0.1863
1588.7000 0.1865
1589.4000 0.1866
1589.5000 0.1868
1591.0000 0.1870
1591.9000 0.1872
1594.0000 0.1873
1594.1000 0.1875
1595.6000 0.1877
1595.7000 0.1878
1596.9000 0.1880
1597.2000 0.1882
1599.3000 0.1884
1600.0000 0.1885
1600.1000 0.1887
1600.1000 0.1889
1601.8000 0.1891
1605.2000 0.1892
1605.3000 0.1894
1607.4000 0.1896
1607.8000 0.1898
1608.3000 0.1899
1610.2000 0.1901
1612.3000 0.1903
1615.1000 0.1905
1617.0000 0.1906
1620.2000 0.1908
1620.6000 0.1910
1620.8000 0.1911
1623.7000 0.1913
1625.8000 0.1915
1626.7000 0.1917
1627.2000 0.1918
1629.1000 0.1920
1629.4000 0.1922
1631.8000 0.1924
1635.2000 0.1925
1636.6000 0.1927
1641.7000 0.1929
1642.5000 0.1931
1642.5000 0.1932
1644.6000 0.1934
1645.9000 0.1936
1647.6000 0.1937
1650.1000 0.1939
1651.2000 0.1941
1652.7000 0.1943
1654.3000 0.1944
1656.9000 0.1946
1658.7000 0.1948
1659.2000 0.1950
1662.8000 0.1951
1663.5000 0.1953
1664.1000 0.1955
1665.0000 0.1957
1666.4000 0.1958
1667.1000 0.1960
1668.0000 0.1962
1668.8000 0.1964
1669.1000 0.1965
1669.4000 0.1967
1672.7000 0.1969
1672.9000 0.1970
1673.0000 0.1972
1675.1000 0.1974
1675.1000 0.1976
1675.5000 0.1977
1676.5000 0.1979
1678.0000 0.1981
1680.1000 0.1983
1682.4000 0.1984
1682.4000 0.1986
1682.4000 0.1988
1682.5000 0.1990
1682.7000 0.1991
1684.7000 0.1993
1687.5000 0.1995
1687.8000 0.1997
1691.5000 0.1998
1692.9000 0.2000
1693.7000 0.2002
1697.0000 0.2003
1697.7000 0.2005
1701.6000 0.2007
1703.0000 0.2009
1705.6000 0.2010
1706.2000 0.2012
1707.9000 0.2014
1708.2000 0.2016
1710.4000 0.2017
1710.5000 0.2019
1712.8000 0.2021
1713.1000 0.2023
1716.8000 0.2024
1719.8000 0.2026
1721.7000 0.2028
1722.4000 0.2030
1722.6000 0.2031
1723.3000 0.2033
1724.8000 0.2035
1724.9000 0.2036
1725.4000 0.2038
1727.2000 0.2040
1728.7000 0.2042
1733.6000 0.2043
1738.5000 0.2045
1739.0000 0.2047
1741.7000 0.2049
1746.5000 0.2050
1750.0000 0.2052
1752.6000 0.2054
1754.0000 0.2056
1754.4000 0.2057
1754.6000 0.2059
1754.6000 0.2061
1755.3000 0.2062
1756.9000 0.2064
1757.1000 0.2066
1757.3000 0.2068
1758.7000 0.2069
1762.1000 0.2071
1762.8000 0.2073
1763.4000 0.2075
1769.9000 0.2076
1771.8000 0.2078
1777.1000 0.2080
1777.3000 0.2082
1778.4000 0.2083
1782.1000 0.2085
1783.8000 0.2087
1786.9000 0.2089
1787.0000 0.2090
1787.9000 0.2092
1789.0000 0.2094
1791.2000 0.2095
1791.3000 0.2097
1792.0000 0.2099
1792.8000 0.2101
1792.8000 0.2102
1792.8000 0.2104
1792.9000 0.2106
1795.7000 0.2108
1796.0000 0.2109
1798.8000 0.2111
1799.6000 0.2113
1800.6000 0.2115
1800.9000 0.2116
1805.7000 0.2118
1806.2000 0.2120
1807.6000 0.2122
1808.9000 0.2123
1809.9000 0.2125
1811.1000 0.2127
1811.2000 0.2128
1815.0000 0.2130
1815.5000 0.2132
1817.7000 0.2134
1817.8000 0.2135
1818.0000 0.2137
1819.1000 0.2139
1819.5000 0.2141
1821.5000 0.2142
1825.3000 0.2144
1825.5000 0.2146
1826.8000 0.2148
1827.3000 0.2149
1828.0000 0.2151
1828.5000 0.2153
1828.6000 0.2155
1829.8000 0.2156
1831.6000 0.2158
1832.9000 0.2160
1833.6000 0.2161
1836.7000 0.2163
1839.5000 0.2165
1840.5000 0.2167
1841.2000 0.2168
1841.9000 0.2170
1843.2000 0.2172
1844.4000 0.2174
1846.0000 0.2175
1846.1000 0.2177
1846.8000 0.2179
1847.8000 0.2181
1848.5000 0.2182
1852.7000 0.2184
1852.8000 0.2186
1857.0000 0.2187
1857.3000 0.2189
1858.8000 0.2191
1859.1000 0.2193
1859.6000 0.2194
1862.5000 0.2196
1866.1000 0.2198
1866.3000 0.2200
1866.7000 0.2201
1866.8000 0.2203
1868.6000 0.2205
1868.9000 0.2207
1873.3000 0.2208
1873.4000 0.2210
1873.9000 0.2212
1874.1000 0.2214
1874.9000 0.2215
1875.6000 0.2217
1876.3000 0.2219
1876.8000 0.2220
1877.7000 0.2222
1878.3000 0.2224
1881.7000 0.2226
1882.5000 0.2227
1882.7000 0.2229
1883.3000 0.2231
1884.8000 0.2233
1886.8000 0.2234
1889.5000 0.2236
1891.6000 0.2238
1892.0000 0.2240
1894.2000 0.2241
1894.3000 0.2243
1895.4000 0.2245
1896.5000 0.2247
1896.8000 0.2248
1897.0000 0.2250
1897.5000 0.2252
1903.4000 0.2253
1904.7000 0.2255
1907.5000 0.2257
1908.8000 0.2259
1911.9000 0.2260
1912.5000 0.2262
1913.7000 0.2264
1915.6000 0.2266
1916.5000 0.2267
1918.3000 0.2269
1920.4000 0.2271
1920.7000 0.2273
1921.6000 0.2274
1921.7000 0.2276
1923.3000 0.2278
1927.1000 0.2280
1929.0000 0.2281
1929.0000 0.2283
1929.1000 0.2285
1929.2000 0.2286
1930.8000 0.2288
1932.4000 0.2290
1932.8000 0.2292
1933.8000 0.2293
1936.4000 0.2295
1938.2000 0.2297
1940.6000 0.2299
1940.8000 0.2300
1941.0000 0.2302
1941.8000 0.2304
1943.4000 0.2306
1943.9000 0.2307
1944.3000 0.2309
1949.2000 0.2311
1949.9000 0.2312
1959.4000 0.2314
1964.5000 0.2316
1966.4000 0.2318
1966.9000 0.2319
1968.3000 0.2321
1969.1000 0.2323
1974.4000 0.2325
1974.8000 0.2326
1977.5000 0.2328
1978.8000 0.2330
1978.9000 0.2332
1985.7000 0.2333
1986.0000 0.2335
1987.7000 0.2337
1988.6000 0.2339
1991.6000 0.2340
1994.0000 0.2342
1995.2000 0.2344
1995.8000 0.2345
1997.2000 0.2347
1998.2000 0.2349
1999.2000 0.2351
2000.0000 0.2352
2000.7000 0.2354
2001.8000 0.2356
2004.3000 0.2358
2004.8000 0.2359
2006.9000 0.2361
2008.0000 0.2363
2009.0000 0.2365
2011.6000 0.2366
2012.6000 0.2368
2012.6000 0.2370
2014.1000 0.2372
2015.6000 0.2373
2018.2000 0.2375
2019.1000 0.2377
2022.1000 0.2378
2025.3000 0.2380
2027.2000 0.2382
2027.4000 0.2384
2027.5000 0.2385
2027.9000 0.2387
2028.0000 0.2389
2029.3000 0.2391
2030.8000 0.2392
2032.2000 0.2394
2035.0000 0.2396
2035.1000 0.2398
2035.1000 0.2399
2036.2000 0.2401
2037.5000 0.2403
2039.1000 0.2405
2039.4000 0.2406
2039.4000 0.2408
2041.2000 0.2410
2042.9000 0.2411
2045.6000 0.2413
2047.3000 0.2415
2047.5000 0.2417
2050.4000 0.2418
2052.0000 0.2420
2052.2000 0.2422
2052.5000 0.2424
2052.8000 0.2425
2053.3000 0.2427
2053.5000 0.2429
2055.2000 0.2431
2056.7000 0.2432
2056.8000 0.2434
2058.4000 0.2436
2060.8000 0.2437
2064.1000 0.2439
2065.1000 0.2441
2066.1000 0.2443
2066.2000 0.2444
2067.9000 0.2446
2068.0000 0.2448
2068.3000 0.2450
2068.8000 0.2451
2069.4000 0.2453
2071.8000 0.2455
2072.5000 0.2457
2074.2000 0.2458
2076.5000 0.2460
2078.7000 0.2462
2079.9000 0.2464
2080.2000 0.2465
2084.2000 0.2467
2087.7000 0.2469
2089.0000 0.2470
2089.1000 0.2472
2089.7000 0.2474
2096.1000 0.2476
2098.7000 0.2477
2099.5000 0.2479
2100.4000 0.2481
2101.5000 0.2483
2102.6000 0.2484
2103.0000 0.2486
2103.7000 0.2488
2104.7000 0.2490
2105.8000 0.2491
2106.0000 0.2493
2106.4000 0.2495
2106.6000 0.2497
2112.1000 0.2498
2112.4000 0.2500
2113.2000 0.2502
2114.1000 0.2503
2116.9000 0.2505
2117.4000 0.2507
2118.0000 0.2509
2121.5000 0.2510
2122.6000 0.2512
2123.1000 0.2514
2124.2000 0.2516
2124.2000 0.2517
2124.8000 0.2519
2127.9000 0.2521
2129.9000 0.2523
2133.6000 0.2524
2136.3000 0.2526
2139.6000 0.2528
2141.7000 0.2530
2143.7000 0.2531
2146.1000 0.2533
2149.6000 0.2535
2150.6000 0.2536
2151.1000 0.2538
2158.5000 0.2540
2160.5000 0.2542
2161.7000 0.2543
2162.3000 0.2545
2163.2000 0.2547
2164.1000 0.2549
2166.4000 0.2550
2168.1000 0.2552
2174.9000 0.2554
2177.1000 0.2556
2180.7000 0.2557
2184.4000 0.2559
2185.3000 0.2561
2185.8000 0.2563
2186.2000 0.2564
2189.6000 0.2566
2189.7000 0.2568
2191.9000 0.2569
2194.3000 0.2571
2199.2000 0.2573
2205.1000 0.2575
2205.4000 0.2576
2207.9000 0.2578
2208.8000 0.2580
2211.1000 0.2582
2214.8000 0.2583
2218.6000 0.2585
2220.6000 0.2587
2222.9000 0.2589
2223.8000 0.2590
2225.4000 0.2592
2225.7000 0.2594
2231.7000 0.2595
2232.0000 0.2597
2234.1000 0.2599
2234.4000 0.2601
2237.3000 0.2602
2238.0000 0.2604
2240.2000 0.2606
2241.8000 0.2608
2242.0000 0.2609
2242.7000 0.2611
2242.8000 0.2613
2242.9000 0.2615
2244.4000 0.2616
2245.2000 0.2618
2246.5000 0.2620
2248.0000 0.2622
2248.1000 0.2623
2249.1000 0.2625
2249.3000 0.2627
2253.2000 0.2628
2257.0000 0.2630
2257.9000 0.2632
2259.6000 0.2634
2261.6000 0.2635
2262.8000 0.2637
2267.3000 0.2639
2268.1000 0.2641
2268.3000 0.2642
2269.6000 0.2644
2273.1000 0.2646
2274.0000 0.2648
2276.9000 0.2649
2277.2000 0.2651
2278.5000 0.2653
2279.1000 0.2655
2280.4000 0.2656
2282.3000 0.2658
2288.7000 0.2660
2290.4000 0.2661
2297.7000 0.2663
2297.8000 0.2665
2300.0000 0.2667
2302.9000 0.2668
2303.6000 0.2670
2304.3000 0.2672
2309.5000 0.2674
2311.2000 0.2675
2315.5000 0.2677
2316.4000 0.2679
2317.0000 0.2681
2318.1000 0.2682
2320.8000 0.2684
2325.6000 0.2686
2328.0000 0.2688
2329.1000 0.2689
2329.8000 0.2691
2333.0000 0.2693
2334.1000 0.2694
2337.0000 0.2696
2337.3000 0.2698
2339.2000 0.2700
2340.7000 0.2701
2340.9000 0.2703
2342.2000 0.2705
2342.4000 0.2707
2343.7000 0.2708
2343.9000 0.2710
2344.6000 0.2712
2346.7000 0.2714
2347.0000 0.2715
2347.9000 0.2717
2352.1000 0.2719
2356.9000 0.2720
2356.9000 0.2722
2357.3000 0.2724
2357.4000 0.2726
2361.7000 0.2727
2362.0000 0.2729
2363.6000 0.2731
2365.3000 0.2733
2367.4000 0.2734
2367.5000 0.2736
2371.9000 0.2738
2372.4000 0.2740
2372.6000 0.2741
2377.4000 0.2743
2377.8000 0.2745
2378.7000 0.2747
2382.1000 0.2748
2386.4000 0.2750
2388.9000 0.2752
2390.4000 0.2753
2394.0000 0.2755
2397.8000 0.2757
2398.7000 0.2759
2401.3000 0.2760
2402.6000 0.2762
2403.6000 0.2764
2406.9000 0.2766
2407.7000 0.2767
2407.8000 0.2769
2407.9000 0.2771
2408.6000 0.2773
2412.0000 0.2774
2412.0000 0.2776
2417.5000 0.2778
2417.6000 0.2780
2421.5000 0.2781
2422.9000 0.2783
2426.9000 0.2785
2428.0000 0.2786
2431.9000 0.2788
2432.3000 0.2790
2432.5000 0.2792
2433.1000 0.2793
2433.9000 0.2795
2433.9000 0.2797
2435.4000 0.2799
2437.2000 0.2800
2437.8000 0.2802
2438.0000 0.2804
2439.2000 0.2806
2440.3000 0.2807
2441.7000 0.2809
2442.4000 0.2811
2442.6000 0.2813
2446.1000 0.2814
2448.4000 0.2816
2453.7000 0.2818
2454.5000 0.2819
2454.6000 0.2821
2455.0000 0.2823
2455.5000 0.2825
2459.3000 0.2826
2460.5000 0.2828
2464.9000 0.2830
2468.5000 0.2832
2468.5000 0.2833
2468.5000 0.2835
2475.7000 0.2837
2475.9000 0.2839
2477.2000 0.2840
2480.1000 0.2842
2480.6000 0.2844
2483.1000 0.2845
2485.4000 0.2847
2486.2000 0.2849
2487.7000 0.2851
2489.6000 0.2852
2490.4000 0.2854
2492.1000 0.2856
2492.9000 0.2858
2493.6000 0.2859
2494.8000 0.2861
2495.1000 0.2863
2497.0000 0.2865
2497.5000 0.2866
2497.9000 0.2868
2499.4000 0.2870
2502.2000 0.2872
2502.3000 0.2873
2503.8000 0.2875
2505.5000 0.2877
2507.3000 0.2878
2509.6000 0.2880
2512.9000 0.2882
2515.4000 0.2884
2517.3000 0.2885
2519.0000 0.2887
2519.5000 0.2889
2520.3000 0.2891
2520.4000 0.2892
2523.4000 0.2894
2524.0000 0.2896
2526.5000 0.2898
2529.9000 0.2899
2532.8000 0.2901
2536.7000 0.2903
2537.1000 0.2905
2537.9000 0.2906
2538.0000 0.2908
2538.9000 0.2910
2541.2000 0.2911
2547.1000 0.2913
2548.4000 0.2915
2548.5000 0.2917
2554.4000 0.2918
2555.2000 0.2920
2557.7000 0.2922
2557.8000 0.2924
2558.0000 0.2925
2558.5000 0.2927
2561.6000 0.2929
2562.9000 0.2931
2563.2000 0.2932
2564.9000 0.2934
2568.8000 0.2936
2569.3000 0.2938
2574.1000 0.2939
2574.4000 0.2941
2574.7000 0.2943
2574.9000 0.2944
2575.6000 0.2946
2578.8000 0.2948
2582.0000 0.2950
2582.0000 0.2951
2584.6000 0.2953
2584.7000 0.2955
2586.9000 0.2957
2587.8000 0.2958
2588.1000 0.2960
2595.2000 0.2962
2595.4000 0.2964
2597.8000 0.2965
2597.9000 0.2967
2599.2000 0.2969
2607.9000 0.2970
2620.3000 0.2972
2623.1000 0.2974
2625.1000 0.2976
2625.3000 0.2977
2627.1000 0.2979
2628.3000 0.2981
2631.7000 0.2983
2632.3000 0.2984
2638.8000 0.2986
2640.1000 0.2988
2642.5000 0.2990
2643.6000 0.2991
2643.9000 0.2993
2645.4000 0.2995
2646.9000 0.2997
2647.9000 0.2998
2649.8000 0.3000
2653.2000 0.3002
2654.1000 0.3003
2654.2000 0.3005
2655.4000 0.3007
2661.7000 0.3009
2662.0000 0.3010
2664.7000 0.3012
2675.3000 0.3014
2676.6000 0.3016
2677.8000 0.3017
2679.8000 0.3019
2682.2000 0.3021
2690.9000 0.3023
2691.7000 0.3024
2691.8000 0.3026
2692.0000 0.3028
2696.8000 0.3030
2698.0000 0.3031
2702.4000 0.3033
2704.3000 0.3035
2707.5000 0.3036
2708.5000 0.3038
2720.3000 0.3040
2722.1000 0.3042
2722.6000 0.3043
2725.7000 0.3045
2726.6000 0.3047
2727.3000 0.3049
2727.5000 0.3050
2728.2000 0.3052
2729.0000 0.3054
2729.1000 0.3056
2730.7000 0.3057
2732.8000 0.3059
2734.1000 0.3061
2738.3000 0.3063
2742.7000 0.3064
2744.6000 0.3066
2745.7000 0.3068
2747.5000 0.3069
2748.7000 0.3071
2750.1000 0.3073
2750.3000 0.3075
2761.5000 0.3076
2763.3000 0.3078
2767.8000 0.3080
2768.0000 0.3082
2769.5000 0.3083
2770.2000 0.3085
2777.6000 0.3087
2778.2000 0.3089
2780.3000 0.3090
2783.6000 0.3092
2786.6000 0.3094
2791.4000 0.3095
2791.9000 0.3097
2793.0000 0.3099
2796.5000 0.3101
2798.9000 0.3102
2805.5000 0.3104
2807.1000 0.3106
2807.1000 0.3108
2817.2000 0.3109
2819.6000 0.3111
2825.9000 0.3113
2827.7000 0.3115
2828.5000 0.3116
2828.7000 0.3118
2832.4000 0.3120
2835.3000 0.3122
2837.4000 0.3123
2842.6000 0.3125
2842.6000 0.3127
2844.2000 0.3128
2844.3000 0.3130
2849.8000 0.3132
2857.6000 0.3134
2858.7000 0.3135
2861.5000 0.3137
2862.3000 0.3139
2866.2000 0.3141
2871.8000 0.3142
2874.5000 0.3144
2876.8000 0.3146
2882.4000 0.3148
2882.7000 0.3149
2882.7000 0.3151
2884.1000 0.3153
2892.2000 0.3155
2897.5000 0.3156
2902.3000 0.3158
2905.4000 0.3160
2905.7000 0.3161
2907.6000 0.3163
2916.5000 0.3165
2919.9000 0.3167
2919.9000 0.3168
2924.5000 0.3170
2928.5000 0.3172
2930.2000 0.3174
2934.0000 0.3175
2935.7000 0.3177
2938.9000 0.3179
2939.2000 0.3181
2946.8000 0.3182
2949.5000 0.3184
2950.3000 0.3186
2951.0000 0.3188
2952.8000 0.3189
2953.5000 0.3191
2959.7000 0.3193
2961.8000 0.3194
2963.0000 0.3196
2967.4000 0.3198
2970.9000 0.3200
2974.0000 0.3201
2974.2000 0.3203
2979.0000 0.3205
2980.8000 0.3207
2981.9000 0.3208
2982.3000 0.3210
2983.3000 0.3212
2983.5000 0.3214
2983.7000 0.3215
2985.2000 0.3217
2986.1000 0.3219
2986.6000 0.3220
2999.6000 0.3222
3000.2000 0.3224
3002.8000 0.3226
3003.1000 0.3227
3004.6000 0.3229
3004.6000 0.3231
3006.6000 0.3233
3008.7000 0.3234
3009.1000 0.3236
3013.0000 0.3238
3016.4000 0.3240
3016.9000 0.3241
3019.0000 0.3243
3019.2000 0.3245
3019.7000 0.3247
3021.2000 0.3248
3022.2000 0.3250
3026.5000 0.3252
3027.5000 0.3253
3042.6000 0.3255
3046.7000 0.3257
3047.9000 0.3259
3048.0000 0.3260
3052.8000 0.3262
3056.7000 0.3264
3059.6000 0.3266
3061.7000 0.3267
3062.8000 0.3269
3065.1000 0.3271
3068.7000 0.3273
3072.3000 0.3274
3077.8000 0.3276
3080.1000 0.3278
3086.5000 0.3280
3087.7000 0.3281
3091.1000 0.3283
3092.0000 0.3285
3092.3000 0.3286
3093.0000 0.3288
3094.6000 0.3290
3098.5000 0.3292
3098.7000 0.3293
3102.1000 0.3295
3112.2000 0.3297
3113.4000 0.3299
3118.3000 0.3300
3120.0000 0.3302
3121.2000 0.3304
3122.2000 0.3306
3125.1000 0.3307
3126.7000 0.3309
3129.0000 0.3311
3129.2000 0.3313
3134.1000 0.3314
3136.6000 0.3316
3137.3000 0.3318
3138.0000 0.3319
3142.0000 0.3321
3144.4000 0.3323
3146.4000 0.3325
3147.2000 0.3326
3147.3000 0.3328
3147.6000 0.3330
3152.2000 0.3332
3153.3000 0.3333
3153.7000 0.3335
3164.0000 0.3337
3166.6000 0.3339
3167.9000 0.3340
3168.4000 0.3342
3171.3000 0.3344
3173.6000 0.3345
3174.5000 0.3347
3175.9000 0.3349
3178.3000 0.3351
3178.5000 0.3352
3184.8000 0.3354
3190.8000 0.3356
3192.9000 0.3358
3197.3000 0.3359
3198.3000 0.3361
3198.5000 0.3363
3207.5000 0.3365
3209.0000 0.3366
3209.7000 0.3368
3210.6000 0.3370
3213.1000 0.3372
3213.4000 0.3373
3220.5000 0.3375
3230.6000 0.3377
3231.6000 0.3378
3232.5000 0.3380
3232.6000 0.3382
3232.8000 0.3384
3244.2000 0.3385
3253.1000 0.3387
3258.4000 0.3389
3261.0000 0.3391
3261.5000 0.3392
3264.9000 0.3394
3274.8000 0.3396
3277.2000 0.3398
3277.4000 0.3399
3278.9000 0.3401
3282.4000 0.3403
3284.7000 0.3405
3288.4000 0.3406
3288.8000 0.3408
3289.1000 0.3410
3289.6000 0.3411
3292.3000 0.3413
3299.3000 0.3415
3299.8000 0.3417
3303.1000 0.3418
3307.3000 0.3420
3313.3000 0.3422
3315.2000 0.3424
3317.1000 0.3425
3323.8000 0.3427
3328.3000 0.3429
3329.8000 0.3431
3333.9000 0.3432
3334.0000 0.3434
3336.4000 0.3436
3347.2000 0.3438
3350.0000 0.3439
3355.8000 0.3441
3363.5000 0.3443
3363.5000 0.3444
3364.0000 0.3446
3368.3000 0.3448
3370.6000 0.3450
3371.7000 0.3451
3372.7000 0.3453
3376.3000 0.3455
3381.7000 0.3457
3384.4000 0.3458
3392.8000 0.3460
3396.5000 0.3462
3403.2000 0.3464
3408.6000 0.3465
3414.9000 0.3467
3422.5000 0.3469
3427.5000 0.3470
3430.7000 0.3472
3433.3000 0.3474
3433.9000 0.3476
3437.6000 0.3477
3445.2000 0.3479
3446.9000 0.3481
3449.5000 0.3483
3451.3000 0.3484
3453.1000 0.3486
3453.7000 0.3488
3454.7000 0.3490
3459.1000 0.3491
3465.6000 0.3493
3466.2000 0.3495
3466.4000 0.3497
3471.1000 0.3498
3476.8000 0.3500
3497.6000 0.3502
3502.9000 0.3503
3503.1000 0.3505
3509.7000 0.3507
3512.0000 0.3509
3515.5000 0.3510
3518.7000 0.3512
3522.1000 0.3514
3525.2000 0.3516
3544.9000 0.3517
3546.9000 0.3519
3548.0000 0.3521
3556.9000 0.3523
3557.2000 0.3524
3558.9000 0.3526
3559.4000 0.3528
3560.0000 0.3530
3560.0000 0.3531
3560.2000 0.3533
3566.4000 0.3535
3566.6000 0.3536
3572.7000 0.3538
3579.3000 0.3540
3584.5000 0.3542
3585.4000 0.3543
3587.7000 0.3545
3588.0000 0.3547
3596.9000 0.3549
3601.2000 0.3550
3601.8000 0.3552
3603.7000 0.3554
3604.1000 0.3556
3607.3000 0.3557
3611.1000 0.3559
3612.7000 0.3561
3613.0000 0.3563
3623.3000 0.3564
3641.7000 0.3566
3659.9000 0.3568
3666.5000 0.3569
3672.9000 0.3571
3678.5000 0.3573
3683.0000 0.3575
3690.6000 0.3576
3693.8000 0.3578
3709.1000 0.3580
3710.7000 0.3582
3722.8000 0.3583
3734.9000 0.3585
3736.5000 0.3587
3740.1000 0.3589
3747.8000 0.3590
3761.9000 0.3592
3772.7000 0.3594
3776.1000 0.3595
3779.9000 0.3597
3781.5000 0.3599
3783.6000 0.3601
3783.8000 0.3602
3784.3000 0.3604
3785.3000 0.3606
3786.4000 0.3608
3795.1000 0.3609
3801.4000 0.3611
3803.9000 0.3613
3805.0000 0.3615
3805.7000 0.3616
3805.8000 0.3618
3808.7000 0.3620
3808.8000 0.3622
3818.0000 0.3623
3826.3000 0.3625
3828.8000 0.3627
3835.1000 0.3628
3838.5000 0.3630
3847.0000 0.3632
3852.6000 0.3634
3864.3000 0.3635
3865.0000 0.3637
3873.1000 0.3639
3874.3000 0.3641
3877.3000 0.3642
3877.3000 0.3644
3883.2000 0.3646
3888.2000 0.3648
3888.7000 0.3649
3890.0000 0.3651
3890.8000 0.3653
3891.7000 0.3655
3899.7000 0.3656
3903.1000 0.3658
3905.1000 0.3660
3908.4000 0.3661
3908.6000 0.3663
3909.2000 0.3665
3912.9000 0.3667
3913.7000 0.3668
3914.9000 0.3670
3916.5000 0.3672
3926.0000 0.3674
3928.6000 0.3675
3929.6000 0.3677
3930.5000 0.3679
3932.5000 0.3681
3935.7000 0.3682
3935.8000 0.3684
3936.2000 0.3686
3943.9000 0.3688
3945.6000 0.3689
3955.2000 0.3691
3955.8000 0.3693
3960.3000 0.3694
3963.5000 0.3696
3969.8000 0.3698
3971.9000 0.3700
3973.9000 0.3701
3975.6000 0.3703
3979.8000 0.3705
3986.3000 0.3707
3990.1000 0.3708
3995.2000 0.3710
3997.7000 0.3712
4006.3000 0.3714
4007.5000 0.3715
4008.7000 0.3717
4009.3000 0.3719
4013.1000 0.3720
4026.7000 0.3722
4033.7000 0.3724
4037.5000 0.3726
4049.8000 0.3727
4052.0000 0.3729
4057.3000 0.3731
4060.0000 0.3733
4070.4000 0.3734
4077.2000 0.3736
4084.1000 0.3738
4084.8000 0.3740
4088.1000 0.3741
4090.7000 0.3743
4099.3000 0.3745
4102.0000 0.3747
4102.9000 0.3748
4111.0000 0.3750
4113.7000 0.3752
4115.6000 0.3753
4116.1000 0.3755
4120.4000 0.3757
4120.5000 0.3759
4121.5000 0.3760
4128.0000 0.3762
4129.2000 0.3764
4130.2000 0.3766
4136.7000 0.3767
4138.0000 0.3769
4138.0000 0.3771
4147.9000 0.3773
4149.1000 0.3774
4149.3000 0.3776
4152.1000 0.3778
4156.4000 0.3780
4162.4000 0.3781
4175.5000 0.3783
4175.6000 0.3785
4176.9000 0.3786
4188.1000 0.3788
4196.0000 0.3790
4207.0000 0.3792
4208.3000 0.3793
4212.0000 0.3795
4213.5000 0.3797
4214.6000 0.3799
4215.8000 0.3800
4217.0000 0.3802
4217.3000 0.3804
4218.2000 0.3806
4221.6000 0.3807
4230.7000 0.3809
4232.0000 0.3811
4234.3000 0.3813
4235.7000 0.3814
4242.7000 0.3816
4246.5000 0.3818
4248.3000 0.3819
4253.7000 0.3821
4261.2000 0.3823
4261.6000 0.3825
4264.7000 0.3826
4267.3000 0.3828
4274.3000 0.3830
4284.5000 0.3832
4286.1000 0.3833
4289.4000 0.3835
4290.3000 0.3837
4292.0000 0.3839
4292.3000 0.3840
4292.3000 0.3842
4292.8000 0.3844
4303.7000 0.3845
4304.9000 0.3847
4313.5000 0.3849
4317.2000 0.3851
4329.5000 0.3852
4333.0000 0.3854
4334.0000 0.3856
4335.3000 0.3858
4338.1000 0.3859
4338.5000 0.3861
4339.8000 0.3863
4343.8000 0.3865
4354.0000 0.3866
4356.8000 0.3868
4356.9000 0.3870
4361.1000 0.3872
4371.6000 0.3873
4373.5000 0.3875
4374.1000 0.3877
4377.5000 0.3878
4379.0000 0.3880
4386.7000 0.3882
4388.1000 0.3884
4388.7000 0.3885
4389.2000 0.3887
4389.3000 0.3889
4394.5000 0.3891
4394.8000 0.3892
4396.2000 0.3894
4418.3000 0.3896
4420.6000 0.3898
4424.1000 0.3899
4425.8000 0.3901
4436.7000 0.3903
4437.2000 0.3905
4440.0000 0.3906
4443.7000 0.3908
4445.5000 0.3910
4446.9000 0.3911
4452.8000 0.3913
4453.7000 0.3915
4458.2000 0.3917
4459.5000 0.3918
4466.7000 0.3920
4477.9000 0.3922
4490.1000 0.3924
4495.5000 0.3925
4496.8000 0.3927
4499.9000 0.3929
4505.6000 0.3931
4513.0000 0.3932
4520.4000 0.3934
4522.1000 0.3936
4537.8000 0.3938
4541.0000 0.3939
4549.3000 0.3941
4552.3000 0.3943
4558.5000 0.3944
4559.0000 0.3946
4563.3000 0.3948
4568.7000 0.3950
4569.3000 0.3951
4574.2000 0.3953
4577.4000 0.3955
4582.1000 0.3957
4584.1000 0.3958
4587.0000 0.3960
4588.9000 0.3962
4593.8000 0.3964
4598.5000 0.3965
4604.2000 0.3967
4608.3000 0.3969
4611.2000 0.3970
4619.2000 0.3972
4619.5000 0.3974
4619.6000 0.3976
4621.9000 0.3977
4626.6000 0.3979
4640.1000 0.3981
4640.2000 0.3983
4641.7000 0.3984
4645.6000 0.3986
4649.6000 0.3988
4651.4000 0.3990
4652.6000 0.3991
4664.8000 0.3993
4667.3000 0.3995
4686.5000 0.3997
4689.5000 0.3998
4693.1000 0.4000
4701.1000 0.4002
4707.4000 0.4003
4710.9000 0.4005
4711.5000 0.4007
4711.7000 0.4009
4712.7000 0.4010
4715.0000 0.4012
4715.5000 0.4014
4715.5000 0.4016
4722.1000 0.4017
4723.6000 0.4019
4727.5000 0.4021
4734.9000 0.4023
4735.4000 0.4024
4742.8000 0.4026
4746.0000 0.4028
4748.2000 0.4030
4758.7000 0.4031
4758.9000 0.4033
4762.0000 0.4035
4763.4000 0.4036
4765.1000 0.4038
4768.1000 0.4040
4773.9000 0.4042
4777.5000 0.4043
4779.3000 0.4045
4779.8000 0.4047
4783.3000 0.4049
4784.7000 0.4050
4795.7000 0.4052
4798.1000 0.4054
4803.4000 0.4056
4810.0000 0.4057
4821.9000 0.4059
4824.9000 0.4061
4832.0000 0.4063
4834.7000 0.4064
4841.5000 0.4066
4848.8000 0.4068
4849.4000 0.4069
4849.5000 0.4071
4849.9000 0.4073
4850.0000 0.4075
4850.8000 0.4076
4852.2000 0.4078
4859.7000 0.4080
4861.6000 0.4082
4870.0000 0.4083
4873.6000 0.4085
4882.8000 0.4087
4889.4000 0.4089
4901.8000 0.4090
4904.1000 0.4092
4912.2000 0.4094
4914.6000 0.4095
4914.8000 0.4097
4919.5000 0.4099
4920.1000 0.4101
4923.7000 0.4102
4924.0000 0.4104
4929.7000 0.4106
4934.5000 0.4108
4938.9000 0.4109
4939.6000 0.4111
4941.3000 0.4113
4942.9000 0.4115
4953.2000 0.4116
4953.4000 0.4118
4954.3000 0.4120
4957.7000 0.4122
4958.7000 0.4123
4959.1000 0.4125
4959.4000 0.4127
4961.5000 0.4128
4968.1000 0.4130
4969.1000 0.4132
4969.1000 0.4134
4995.9000 0.4135
4996.2000 0.4137
5007.0000 0.4139
5010.1000 0.4141
5013.9000 0.4142
5018.5000 0.4144
5019.9000 0.4146
5029.4000 0.4148
5031.9000 0.4149
5036.9000 0.4151
5041.5000 0.4153
5042.1000 0.4155
5045.4000 0.4156
5050.1000 0.4158
5050.2000 0.4160
5051.0000 0.4161
5052.3000 0.4163
5058.5000 0.4165
5058.9000 0.4167
5061.9000 0.4168
5071.8000 0.4170
5073.5000 0.4172
5073.8000 0.4174
5076.4000 0.4175
5079.2000 0.4177
5079.3000 0.4179
5082.1000 0.4181
5084.0000 0.4182
5096.9000 0.4184
5102.2000 0.4186
5102.9000 0.4188
5104.9000 0.4189
5112.7000 0.4191
5116.2000 0.4193
5120.3000 0.4194
5121.5000 0.4196
5122.7000 0.4198
5122.8000 0.4200
5132.3000 0.4201
5132.6000 0.4203
5141.3000 0.4205
5143.6000 0.4207
5149.6000 0.4208
5152.1000 0.4210
5152.8000 0.4212
5155.1000 0.4214
5158.6000 0.4215
5171.0000 0.4217
5173.2000 0.4219
5184.4000 0.4220
5184.8000 0.4222
5192.5000 0.4224
5195.1000 0.4226
5199.4000 0.4227
5205.1000 0.4229
5205.3000 0.4231
5219.2000 0.4233
5222.3000 0.4234
5237.7000 0.4236
5237.8000 0.4238
5246.4000 0.4240
5253.1000 0.4241
5261.5000 0.4243
5266.2000 0.4245
5270.0000 0.4247
5272.8000 0.4248
5277.6000 0.4250
5280.8000 0.4252
5287.9000 0.4253
5289.4000 0.4255
5289.6000 0.4257
5297.4000 0.4259
5308.4000 0.4260
5314.2000 0.4262
5314.9000 0.4264
5316.6000 0.4266
5317.7000 0.4267
5319.2000 0.4269
5320.1000 0.4271
5327.9000 0.4273
5328.1000 0.4274
5331.2000 0.4276
5334.2000 0.4278
5351.5000 0.4280
5367.0000 0.4281
5370.7000 0.4283
5374.4000 0.4285
5388.8000 0.4286
5400.2000 0.4288
5400.3000 0.4290
5401.0000 0.4292
5406.8000 0.4293
5409.5000 0.4295
5418.4000 0.4297
5424.9000 0.4299
5431.0000 0.4300
5434.6000 0.4302
5446.9000 0.4304
5461.7000 0.4306
5464.1000 0.4307
5466.9000 0.4309
5475.7000 0.4311
5477.0000 0.4313
5478.2000 0.4314
5480.0000 0.4316
5485.4000 0.4318
5493.1000 0.4319
5495.6000 0.4321
5497.3000 0.4323
5499.4000 0.4325
5500.7000 0.4326
5505.8000 0.4328
5509.9000 0.4330
5511.3000 0.4332
5511.7000 0.4333
5518.5000 0.4335
5520.4000 0.4337
5521.3000 0.4339
5530.9000 0.4340
5531.1000 0.4342
5532.7000 0.4344
5533.9000 0.4345
5534.5000 0.4347
5543.3000 0.4349
5550.2000 0.4351
5550.4000 0.4352
5554.1000 0.4354
5554.9000 0.4356
5557.4000 0.4358
5557.4000 0.4359
5566.7000 0.4361
5586.2000 0.4363
5592.9000 0.4365
5594.0000 0.4366
5600.9000 0.4368
5601.0000 0.4370
5619.9000 0.4372
5620.4000 0.4373
5629.1000 0.4375
5631.1000 0.4377
5632.9000 0.4378
5639.2000 0.4380
5639.4000 0.4382
5640.8000 0.4384
5641.0000 0.4385
5643.7000 0.4387
5644.9000 0.4389
5648.1000 0.4391
5657.9000 0.4392
5685.8000 0.4394
5691.4000 0.4396
5693.2000 0.4398
5693.5000 0.4399
5698.6000 0.4401
5700.0000 0.4403
5709.0000 0.4405
5717.7000 0.4406
5727.7000 0.4408
5734.3000 0.4410
5745.5000 0.4411
5747.7000 0.4413
5756.5000 0.4415
5763.0000 0.4417
5765.9000 0.4418
5770.1000 0.4420
5778.1000 0.4422
5779.1000 0.4424
5780.6000 0.4425
5780.7000 0.4427
5781.9000 0.4429
5783.8000 0.4431
5788.3000 0.4432
5791.8000 0.4434
5796.2000 0.4436
5796.8000 0.4438
5797.5000 0.4439
5798.9000 0.4441
5802.6000 0.4443
5807.8000 0.4444
5813.4000 0.4446
5825.1000 0.4448
5827.3000 0.4450
5830.4000 0.4451
5835.8000 0.4453
5850.2000 0.4455
5852.0000 0.4457
5852.9000 0.4458
5857.2000 0.4460
5859.5000 0.4462
5863.0000 0.4464
5866.6000 0.4465
5873.3000 0.4467
5876.3000 0.4469
5876.8000 0.4470
5881.7000 0.4472
5882.1000 0.4474
5884.0000 0.4476
5884.6000 0.4477
5892.0000 0.4479
5893.6000 0.4481
5900.7000 0.4483
5912.0000 0.4484
5915.8000 0.4486
5919.0000 0.4488
5926.7000 0.4490
5930.5000 0.4491
5933.5000 0.4493
5945.9000 0.4495
5950.2000 0.4497
5950.7000 0.4498
5951.3000 0.4500
5954.3000 0.4502
5955.7000 0.4503
5961.0000 0.4505
5962.8000 0.4507
5966.1000 0.4509
5968.5000 0.4510
5968.6000 0.4512
5986.4000 0.4514
5988.8000 0.4516
5990.0000 0.4517
5992.2000 0.4519
5994.9000 0.4521
5999.3000 0.4523
6002.4000 0.4524
6007.0000 0.4526
6007.1000 0.4528
6011.4000 0.4530
6013.9000 0.4531
6019.9000 0.4533
6020.2000 0.4535
6026.6000 0.4536
6033.0000 0.4538
6037.7000 0.4540
6050.2000 0.4542
6051.0000 0.4543
6056.9000 0.4545
6062.2000 0.4547
6062.4000 0.4549
6079.4000 0.4550
6082.5000 0.4552
6084.6000 0.4554
6091.7000 0.4556
6097.1000 0.4557
6100.7000 0.4559
6101.5000 0.4561
6108.1000 0.4563
6108.8000 0.4564
6111.0000 0.4566
6112.5000 0.4568
6121.1000 0.4569
6122.4000 0.4571
6140.0000 0.4573
6143.5000 0.4575
6147.5000 0.4576
6151.0000 0.4578
6157.5000 0.4580
6158.3000 0.4582
6159.1000 0.4583
6160.6000 0.4585
6166.5000 0.4587
6167.4000 0.4589
6172.1000 0.4590
6182.6000 0.4592
6182.9000 0.4594
6183.1000 0.4595
6185.7000 0.4597
6187.4000 0.4599
6189.6000 0.4601
6190.4000 0.4602
6195.5000 0.4604
6202.2000 0.4606
6203.0000 0.4608
6210.6000 0.4609
6211.4000 0.4611
6217.1000 0.4613
6234.1000 0.4615
6236.4000 0.4616
6239.7000 0.4618
6240.3000 0.4620
6241.5000 0.4622
6251.1000 0.4623
6256.7000 0.4625
6259.4000 0.4627
6264.9000 0.4628
6265.0000 0.4630
6268.3000 0.4632
6272.7000 0.4634
6275.1000 0.4635
6278.5000 0.4637
6283.9000 0.4639
6286.2000 0.4641
6289.7000 0.4642
6290.9000 0.4644
6295.5000 0.4646
6310.9000 0.4648
6326.9000 0.4649
6335.0000 0.4651
6337.1000 0.4653
6345.5000 0.4655
6347.1000 0.4656
6351.4000 0.4658
6353.8000 0.4660
6363.8000 0.4661
6369.2000 0.4663
6370.8000 0.4665
6377.8000 0.4667
6381.3000 0.4668
6382.3000 0.4670
6384.0000 0.4672
6389.1000 0.4674
6390.3000 0.4675
6398.7000 0.4677
6400.8000 0.4679
6401.4000 0.4681
6406.6000 0.4682
6419.7000 0.4684
6448.0000 0.4686
6449.8000 0.4688
6453.1000 0.4689
6458.1000 0.4691
6462.5000 0.4693
6463.0000 0.4694
6463.7000 0.4696
6464.0000 0.4698
6481.9000 0.4700
6482.0000 0.4701
6483.4000 0.4703
6487.6000 0.4705
6488.4000 0.4707
6496.0000 0.4708
6497.2000 0.4710
6507.3000 0.4712
6507.9000 0.4714
6509.4000 0.4715
6512.7000 0.4717
6516.6000 0.4719
6525.5000 0.4720
6526.3000 0.4722
6530.5000 0.4724
6538.5000 0.4726
6539.0000 0.4727
6542.7000 0.4729
6547.1000 0.4731
6548.9000 0.4733
6561.9000 0.4734
6565.2000 0.4736
6570.3000 0.4738
6572.6000 0.4740
6577.5000 0.4741
6599.0000 0.4743
6613.0000 0.4745
6616.5000 0.4747
6626.8000 0.4748
6627.9000 0.4750
6630.6000 0.4752
6630.7000 0.4753
6630.9000 0.4755
6631.6000 0.4757
6637.1000 0.4759
6643.4000 0.4760
6645.0000 0.4762
6647.1000 0.4764
6650.9000 0.4766
6651.5000 0.4767
6657.2000 0.4769
6659.3000 0.4771
6663.6000 0.4773
6665.5000 0.4774
6666.7000 0.4776
6673.8000 0.4778
6674.5000 0.4780
6675.3000 0.4781
6688.5000 0.4783
6688.9000 0.4785
6689.4000 0.4786
6698.7000 0.4788
6700.7000 0.4790
6701.1000 0.4792
6702.9000 0.4793
6704.4000 0.4795
6704.5000 0.4797
6704.9000 0.4799
6705.9000 0.4800
6706.7000 0.4802
6709.7000 0.4804
6714.7000 0.4806
6717.0000 0.4807
6718.1000 0.4809
6722.9000 0.4811
6733.4000 0.4813
6737.1000 0.4814
6747.3000 0.4816
6753.6000 0.4818
6754.5000 0.4819
6762.7000 0.4821
6774.5000 0.4823
6776.1000 0.4825
6782.3000 0.4826
6784.3000 0.4828
6785.2000 0.4830
6796.4000 0.4832
6802.2000 0.4833
6802.7000 0.4835
6802.7000 0.4837
6803.3000 0.4839
6803.6000 0.4840
6805.0000 0.4842
6807.8000 0.4844
6822.5000 0.4845
6837.6000 0.4847
6841.5000 0.4849
6844.9000 0.4851
6845.3000 0.4852
6853.0000 0.4854
6856.9000 0.4856
6863.4000 0.4858
6863.9000 0.4859
6865.2000 0.4861
6868.6000 0.4863
6875.2000 0.4865
6878.5000 0.4866
6885.0000 0.4868
6890.2000 0.4870
6893.3000 0.4872
6899.8000 0.4873
6905.3000 0.4875
6907.7000 0.4877
6909.5000 0.4878
6924.4000 0.4880
6925.2000 0.4882
6931.1000 0.4884
6935.4000 0.4885
6940.6000 0.4887
6946.4000 0.4889
6947.9000 0.4891
6953.5000 0.4892
6961.6000 0.4894
6972.4000 0.4896
6972.8000 0.4898
6974.6000 0.4899
6974.8000 0.4901
6982.7000 0.4903
6988.3000 0.4905
6999.8000 0.4906
7001.2000 0.4908
7009.5000 0.4910
7013.7000 0.4911
7014.9000 0.4913
7017.0000 0.4915
7018.2000 0.4917
7019.2000 0.4918
7022.7000 0.4920
7025.6000 0.4922
7026.7000 0.4924
7048.6000 0.4925
7050.5000 0.4927
7053.9000 0.4929
7058.8000 0.4931
7059.8000 0.4932
7060.7000 0.4934
7065.7000 0.4936
7068.0000 0.4938
7074.7000 0.4939
7089.6000 0.4941
7092.5000 0.4943
7099.2000 0.4944
7103.5000 0.4946
7104.4000 0.4948
7113.1000 0.4950
7113.6000 0.4951
7119.7000 0.4953
7120.4000 0.4955
7123.3000 0.4957
7128.0000 0.4958
7130.8000 0.4960
7136.4000 0.4962
7142.5000 0.4964
7152.6000 0.4965
7158.0000 0.4967
7161.9000 0.4969
7162.5000 0.4970
7164.1000 0.4972
7166.6000 0.4974
7168.9000 0.4976
7172.2000 0.4977
7182.1000 0.4979
7182.3000 0.4981
7194.3000 0.4983
7196.1000 0.4984
7199.0000 0.4986
7213.3000 0.4988
7215.7000 0.4990
7217.0000 0.4991
7220.0000 0.4993
7221.2000 0.4995
7221.5000 0.4997
7221.8000 0.4998
7222.2000 0.5000
7229.6000 0.5002
7232.5000 0.5003
7235.1000 0.5005
7242.1000 0.5007
7242.3000 0.5009
7256.7000 0.5010
7269.0000 0.5012
7270.0000 0.5014
7271.0000 0.5016
7272.0000 0.5017
7280.1000 0.5019
7287.6000 0.5021
7294.0000 0.5023
7307.2000 0.5024
7307.6000 0.5026
7309.0000 0.5028
7309.2000 0.5030
7311.9000 0.5031
7312.7000 0.5033
7317.4000 0.5035
7322.5000 0.5036
7323.9000 0.5038
7330.3000 0.5040
7334.8000 0.5042
7335.7000 0.5043
7336.9000 0.5045
7337.0000 0.5047
7351.7000 0.5049
7368.4000 0.5050
7372.3000 0.5052
7378.3000 0.5054
7379.3000 0.5056
7383.5000 0.5057
7395.1000 0.5059
7400.4000 0.5061
7403.2000 0.5063
7405.2000 0.5064
7427.1000 0.5066
7427.6000 0.5068
7428.3000 0.5069
7429.3000 0.5071
7433.3000 0.5073
7437.7000 0.5075
7446.2000 0.5076
7448.0000 0.5078
7449.3000 0.5080
7452.3000 0.5082
7458.7000 0.5083
7463.7000 0.5085
7469.1000 0.5087
7469.3000 0.5089
7499.2000 0.5090
7506.7000 0.5092
7509.3000 0.5094
7511.8000 0.5095
7513.1000 0.5097
7517.1000 0.5099
7531.6000 0.5101
7542.7000 0.5102
7553.5000 0.5104
7553.6000 0.5106
7555.5000 0.5108
7557.5000 0.5109
7564.7000 0.5111
7575.5000 0.5113
7578.8000 0.5115
7601.2000 0.5116
7603.8000 0.5118
7604.0000 0.5120
7604.3000 0.5122
7604.6000 0.5123
7605.0000 0.5125
7615.4000 0.5127
7618.6000 0.5128
7624.6000 0.5130
7644.3000 0.5132
7649.0000 0.5134
7650.8000 0.5135
7652.6000 0.5137
7659.5000 0.5139
7660.7000 0.5141
7663.1000 0.5142
7666.7000 0.5144
7672.5000 0.5146
7680.5000 0.5148
7686.9000 0.5149
7687.9000 0.5151
7696.0000 0.5153
7699.1000 0.5155
7700.1000 0.5156
7700.8000 0.5158
7702.1000 0.5160
7706.5000 0.5161
7709.0000 0.5163
7710.4000 0.5165
7716.4000 0.5167
7723.4000 0.5168
7729.7000 0.5170
7743.1000 0.5172
7747.3000 0.5174
7751.9000 0.5175
7755.3000 0.5177
7755.5000 0.5179
7759.7000 0.5181
7764.8000 0.5182
7767.7000 0.5184
7773.1000 0.5186
7776.8000 0.5188
7781.0000 0.5189
7791.7000 0.5191
7800.7000 0.5193
7804.3000 0.5194
7820.5000 0.5196
7821.3000 0.5198
7839.8000 0.5200
7840.1000 0.5201
7845.9000 0.5203
7847.1000 0.5205
7853.0000 0.5207
7853.9000 0.5208
7865.7000 0.5210
7874.1000 0.5212
7874.2000 0.5214
7878.7000 0.5215
7879.1000 0.5217
7881.6000 0.5219
7883.8000 0.5220
7888.9000 0.5222
7893.2000 0.5224
7912.4000 0.5226
7914.1000 0.5227
7918.2000 0.5229
7925.2000 0.5231
7931.7000 0.5233
7938.8000 0.5234
7939.0000 0.5236
7939.3000 0.5238
7942.2000 0.5240
7946.2000 0.5241
7954.8000 0.5243
7960.9000 0.5245
7962.9000 0.5247
7969.6000 0.5248
7970.2000 0.5250
7974.8000 0.5252
7976.1000 0.5253
7977.5000 0.5255
7983.6000 0.5257
7991.0000 0.5259
7992.8000 0.5260
7998.2000 0.5262
8008.8000 0.5264
8008.9000 0.5266
8014.4000 0.5267
8022.1000 0.5269
8022.8000 0.5271
8037.8000 0.5273
8048.1000 0.5274
8049.0000 0.5276
8053.7000 0.5278
8054.8000 0.5280
8057.1000 0.5281
8066.1000 0.5283
8066.4000 0.5285
8068.0000 0.5286
8071.4000 0.5288
8074.9000 0.5290
8078.6000 0.5292
8080.5000 0.5293
8102.1000 0.5295
8102.2000 0.5297
8104.6000 0.5299
8105.9000 0.5300
8106.2000 0.5302
8107.9000 0.5304
8112.2000 0.5306
8118.6000 0.5307
8125.0000 0.5309
8126.6000 0.5311
8127.9000 0.5313
8131.8000 0.5314
8140.7000 0.5316
8143.8000 0.5318
8147.7000 0.5319
8150.3000 0.5321
8157.9000 0.5323
8162.1000 0.5325
8163.3000 0.5326
8166.5000 0.5328
8169.1000 0.5330
8176.3000 0.5332
8177.7000 0.5333
8180.1000 0.5335
8185.2000 0.5337
8203.0000 0.5339
8208.7000 0.5340
8214.7000 0.5342
8219.3000 0.5344
8221.7000 0.5345
8223.9000 0.5347
8233.3000 0.5349
8234.4000 0.5351
8238.9000 0.5352
8239.4000 0.5354
8242.5000 0.5356
8250.6000 0.5358
8257.9000 0.5359
8265.5000 0.5361
8269.7000 0.5363
8273.4000 0.5365
8281.0000 0.5366
8290.3000 0.5368
8295.0000 0.5370
8299.0000 0.5372
8299.5000 0.5373
8305.5000 0.5375
8309.8000 0.5377
8312.7000 0.5378
8315.3000 0.5380
8334.6000 0.5382
8335.9000 0.5384
8348.3000 0.5385
8360.4000 0.5387
8360.4000 0.5389
8362.0000 0.5391
8366.6000 0.5392
8369.6000 0.5394
8372.1000 0.5396
8374.7000 0.5398
8381.0000 0.5399
8390.6000 0.5401
8394.6000 0.5403
8398.2000 0.5405
8404.2000 0.5406
8405.3000 0.5408
8411.1000 0.5410
8413.4000 0.5411
8415.5000 0.5413
8418.7000 0.5415
8437.4000 0.5417
8438.9000 0.5418
8454.3000 0.5420
8459.9000 0.5422
8461.9000 0.5424
8463.0000 0.5425
8479.8000 0.5427
8481.8000 0.5429
8484.9000 0.5431
8491.2000 0.5432
8504.7000 0.5434
8523.4000 0.5436
8525.7000 0.5438
8527.8000 0.5439
8534.8000 0.5441
8535.3000 0.5443
8545.6000 0.5444
8547.9000 0.5446
8551.2000 0.5448
8552.9000 0.5450
8555.4000 0.5451
8557.7000 0.5453
8580.6000 0.5455
8589.8000 0.5457
8593.6000 0.5458
8593.7000 0.5460
8594.2000 0.5462
8596.6000 0.5464
8603.7000 0.5465
8604.1000 0.5467
8609.2000 0.5469
8610.2000 0.5470
8615.6000 0.5472
8636.6000 0.5474
8642.4000 0.5476
8651.9000 0.5477
8655.6000 0.5479
8661.8000 0.5481
8665.0000 0.5483
8670.4000 0.5484
8670.6000 0.5486
8675.1000 0.5488
8681.9000 0.5490
8685.6000 0.5491
8686.1000 0.5493
8686.8000 0.5495
8693.6000 0.5497
8694.0000 0.5498
8694.7000 0.5500
8717.5000 0.5502
8721.1000 0.5503
8733.6000 0.5505
8742.1000 0.5507
8745.3000 0.5509
8749.1000 0.5510
8752.1000 0.5512
8759.5000 0.5514
8763.1000 0.5516
8763.5000 0.5517
8766.5000 0.5519
8784.0000 0.5521
8797.7000 0.5523
8803.6000 0.5524
8804.7000 0.5526
8804.9000 0.5528
8806.1000 0.5530
8814.4000 0.5531
8817.7000 0.5533
8818.5000 0.5535
8827.5000 0.5536
8832.9000 0.5538
8837.6000 0.5540
8839.4000 0.5542
8842.3000 0.5543
8847.0000 0.5545
8851.6000 0.5547
8856.2000 0.5549
8856.9000 0.5550
8861.8000 0.5552
8866.1000 0.5554
8867.5000 0.5556
8869.8000 0.5557
8876.6000 0.5559
8878.3000 0.5561
8885.9000 0.5563
8886.6000 0.5564
8886.6000 0.5566
8888.3000 0.5568
8888.3000 0.5569
8889.2000 0.5571
8890.7000 0.5573
8906.9000 0.5575
8908.3000 0.5576
8918.4000 0.5578
8928.3000 0.5580
8932.5000 0.5582
8937.3000 0.5583
8937.7000 0.5585
8947.0000 0.5587
8951.0000 0.5589
8955.4000 0.5590
8955.8000 0.5592
8959.4000 0.5594
8971.8000 0.5595
8971.8000 0.5597
8972.8000 0.5599
8985.5000 0.5601
9003.0000 0.5602
9003.8000 0.5604
9007.1000 0.5606
9010.0000 0.5608
9016.3000 0.5609
9016.9000 0.5611
9017.9000 0.5613
9018.4000 0.5615
9028.2000 0.5616
9034.2000 0.5618
9042.1000 0.5620
9043.9000 0.5622
9045.3000 0.5623
9047.7000 0.5625
9049.2000 0.5627
9050.7000 0.5628
9051.0000 0.5630
9051.8000 0.5632
9061.1000 0.5634
9066.6000 0.5635
9069.6000 0.5637
9085.9000 0.5639
9086.0000 0.5641
9097.3000 0.5642
9099.8000 0.5644
9102.5000 0.5646
9110.8000 0.5648
9111.7000 0.5649
9115.1000 0.5651
9117.4000 0.5653
9123.4000 0.5655
9129.4000 0.5656
9130.7000 0.5658
9132.0000 0.5660
9132.9000 0.5661
9133.4000 0.5663
9137.6000 0.5665
9138.3000 0.5667
9142.8000 0.5668
9145.7000 0.5670
9161.5000 0.5672
9167.3000 0.5674
9174.4000 0.5675
9179.8000 0.5677
9185.9000 0.5679
9202.8000 0.5681
9206.9000 0.5682
9211.6000 0.5684
9231.7000 0.5686
9232.7000 0.5688
9235.3000 0.5689
9236.5000 0.5691
9243.7000 0.5693
9248.3000 0.5694
9273.2000 0.5696
9274.8000 0.5698
9281.1000 0.5700
9282.1000 0.5701
9284.2000 0.5703
9285.6000 0.5705
9288.6000 0.5707
9315.7000 0.5708
9317.0000 0.5710
9321.7000 0.5712
9326.4000 0.5714
9326.8000 0.5715
9327.9000 0.5717
9340.0000 0.5719
9340.7000 0.5720
9343.7000 0.5722
9346.1000 0.5724
9348.3000 0.5726
9351.5000 0.5727
9361.8000 0.5729
9367.3000 0.5731
9373.1000 0.5733
9377.9000 0.5734
9383.9000 0.5736
9391.1000 0.5738
9392.7000 0.5740
9399.9000 0.5741
9402.5000 0.5743
9407.5000 0.5745
9415.7000 0.5747
9420.9000 0.5748
9422.8000 0.5750
9423.8000 0.5752
9425.6000 0.5753
9433.9000 0.5755
9436.8000 0.5757
9438.2000 0.5759
9440.4000 0.5760
9444.8000 0.5762
9448.5000 0.5764
9449.7000 0.5766
9456.7000 0.5767
9456.9000 0.5769
9474.3000 0.5771
9480.4000 0.5773
9489.7000 0.5774
9502.7000 0.5776
9505.5000 0.5778
9507.4000 0.5780
9508.8000 0.5781
9510.9000 0.5783
9511.4000 0.5785
9516.1000 0.5786
9517.3000 0.5788
9525.8000 0.5790
9532.6000 0.5792
9536.2000 0.5793
9541.9000 0.5795
9542.9000 0.5797
9550.1000 0.5799
9551.8000 0.5800
9559.8000 0.5802
9568.2000 0.5804
9572.2000 0.5806
9576.0000 0.5807
9583.9000 0.5809
9595.0000 0.5811
9595.9000 0.5813
9604.3000 0.5814
9620.4000 0.5816
9628.4000 0.5818
9628.9000 0.5819
9628.9000 0.5821
9642.5000 0.5823
9648.1000 0.5825
9652.1000 0.5826
9652.6000 0.5828
9670.8000 0.5830
9673.1000 0.5832
9673.2000 0.5833
9677.6000 0.5835
9694.0000 0.5837
9695.1000 0.5839
9696.7000 0.5840
9698.7000 0.5842
9709.2000 0.5844
9713.5000 0.5845
9718.8000 0.5847
9724.1000 0.5849
9729.9000 0.5851
9733.7000 0.5852
9736.3000 0.5854
9742.4000 0.5856
9744.9000 0.5858
9750.5000 0.5859
9752.9000 0.5861
9758.9000 0.5863
9761.6000 0.5865
9774.5000 0.5866
9775.9000 0.5868
9789.3000 0.5870
9793.1000 0.5872
9799.3000 0.5873
9800.2000 0.5875
9804.9000 0.5877
9809.1000 0.5878
9818.3000 0.5880
9823.1000 0.5882
9849.5000 0.5884
9853.8000 0.5885
9856.8000 0.5887
9870.3000 0.5889
9870.7000 0.5891
9872.2000 0.5892
9875.9000 0.5894
9880.1000 0.5896
9880.8000 0.5898
9880.9000 0.5899
9881.3000 0.5901
9882.6000 0.5903
9887.7000 0.5905
9891.9000 0.5906
9894.5000 0.5908
9903.5000 0.5910
9908.0000 0.5911
9910.2000 0.5913
9910.5000 0.5915
9915.5000 0.5917
9917.3000 0.5918
9918.8000 0.5920
9923.2000 0.5922
9927.7000 0.5924
9937.9000 0.5925
9939.6000 0.5927
9949.7000 0.5929
9960.6000 0.5931
9962.5000 0.5932
9969.0000 0.5934
9969.7000 0.5936
9979.6000 0.5938
9986.5000 0.5939
10003.9000 0.5941
10004.9000 0.5943
10006.6000 0.5944
10021.4000 0.5946
10021.9000 0.5948
10024.7000 0.5950
10044.4000 0.5951
10045.2000 0.5953
10049.0000 0.5955
10052.1000 0.5957
10057.9000 0.5958
10058.3000 0.5960
10059.5000 0.5962
10062.3000 0.5964
10067.3000 0.5965
10070.8000 0.5967
10075.3000 0.5969
10076.7000 0.5970
10077.5000 0.5972
10079.5000 0.5974
10079.7000 0.5976
10079.8000 0.5977
10086.0000 0.5979
10089.4000 0.5981
10090.2000 0.5983
10091.9000 0.5984
10094.7000 0.5986
10098.7000 0.5988
10105.9000 0.5990
10106.6000 0.5991
10125.3000 0.5993
10126.0000 0.5995
10129.8000 0.5997
10132.1000 0.5998
10137.7000 0.6000
10140.4000 0.6002
10142.6000 0.6003
10145.8000 0.6005
10154.2000 0.6007
10159.8000 0.6009
10164.2000 0.6010
10168.2000 0.6012
10169.5000 0.6014
10173.9000 0.6016
10175.3000 0.6017
10175.6000 0.6019
10178.5000 0.6021
10179.4000 0.6023
10185.4000 0.6024
10186.8000 0.6026
10188.0000 0.6028
10190.3000 0.6030
10192.7000 0.6031
10197.9000 0.6033
10206.9000 0.6035
10218.9000 0.6036
10220.4000 0.6038
10221.2000 0.6040
10222.7000 0.6042
10227.7000 0.6043
10241.9000 0.6045
10247.5000 0.6047
10253.6000 0.6049
10261.0000 0.6050
10271.2000 0.6052
10273.4000 0.6054
10288.5000 0.6056
10294.2000 0.6057
10294.3000 0.6059
10295.5000 0.6061
10298.8000 0.6063
10299.2000 0.6064
10299.4000 0.6066
10301.2000 0.6068
10303.3000 0.6069
10322.5000 0.6071
10322.8000 0.6073
10328.2000 0.6075
10330.9000 0.6076
10331.4000 0.6078
10332.2000 0.6080
10335.5000 0.6082
10343.8000 0.6083
10350.5000 0.6085
10351.8000 0.6087
10352.9000 0.6089
10355.4000 0.6090
10363.4000 0.6092
10368.8000 0.6094
10369.6000 0.6095
10372.9000 0.6097
10388.9000 0.6099
10393.2000 0.6101
10413.2000 0.6102
10413.3000 0.6104
10417.4000 0.6106
10417.7000 0.6108
10425.3000 0.6109
10431.9000 0.6111
10445.9000 0.6113
10448.7000 0.6115
10451.4000 0.6116
10459.4000 0.6118
10464.5000 0.6120
10469.6000 0.6122
10478.7000 0.6123
10480.2000 0.6125
10489.2000 0.6127
10492.7000 0.6128
10500.1000 0.6130
10501.5000 0.6132
10506.3000 0.6134
10506.9000 0.6135
10520.5000 0.6137
10522.0000 0.6139
10522.8000 0.6141
10548.9000 0.6142
10553.1000 0.6144
10553.1000 0.6146
10553.4000 0.6148
10558.1000 0.6149
10558.7000 0.6151
10582.1000 0.6153
10594.4000 0.6155
10598.1000 0.6156
10608.0000 0.6158
10633.4000 0.6160
10637.1000 0.6161
10646.1000 0.6163
10648.4000 0.6165
10648.7000 0.6167
10658.9000 0.6168
10660.4000 0.6170
10660.5000 0.6172
10661.7000 0.6174
10671.4000 0.6175
10674.9000 0.6177
10680.8000 0.6179
10681.6000 0.6181
10683.0000 0.6182
10690.5000 0.6184
10695.7000 0.6186
10701.2000 0.6188
10705.3000 0.6189
10710.0000 0.6191
10734.0000 0.6193
10746.0000 0.6194
10750.2000 0.6196
10752.9000 0.6198
10766.5000 0.6200
10767.3000 0.6201
10769.1000 0.6203
10769.3000 0.6205
10773.3000 0.6207
10788.0000 0.6208
10807.6000 0.6210
10809.1000 0.6212
10814.9000 0.6214
10817.8000 0.6215
10818.5000 0.6217
10819.8000 0.6219
10829.3000 0.6220
10832.1000 0.6222
10838.2000 0.6224
10838.5000 0.6226
10840.5000 0.6227
10846.9000 0.6229
10849.1000 0.6231
10849.4000 0.6233
10850.1000 0.6234
10852.2000 0.6236
10854.5000 0.6238
10857.7000 0.6240
10863.9000 0.6241
10864.0000 0.6243
10866.2000 0.6245
10885.6000 0.6247
10886.7000 0.6248
10890.0000 0.6250
10899.2000 0.6252
10900.3000 0.6253
10901.7000 0.6255
10906.5000 0.6257
10908.6000 0.6259
10910.5000 0.6260
10923.6000 0.6262
10936.3000 0.6264
10937.6000 0.6266
10938.3000 0.6267
10938.5000 0.6269
10941.3000 0.6271
10950.9000 0.6273
10952.9000 0.6274
10960.4000 0.6276
10964.4000 0.6278
10971.6000 0.6280
10976.1000 0.6281
10981.2000 0.6283
10989.8000 0.6285
10991.0000 0.6286
10991.4000 0.6288
10991.9000 0.6290
10998.6000 0.6292
11000.7000 0.6293
11006.8000 0.6295
11019.0000 0.6297
11022.7000 0.6299
11023.3000 0.6300
11023.6000 0.6302
11023.8000 0.6304
11026.4000 0.6306
11026.7000 0.6307
11032.4000 0.6309
11032.7000 0.6311
11043.2000 0.6313
11048.0000 0.6314
11060.9000 0.6316
11069.7000 0.6318
11071.6000 0.6319
11080.8000 0.6321
11084.9000 0.6323
11088.3000 0.6325
11097.8000 0.6326
11098.9000 0.6328
11118.2000 0.6330
11127.0000 0.6332
11127.1000 0.6333
11128.5000 0.6335
11155.1000 0.6337
11159.7000 0.6339
11166.0000 0.6340
11177.7000 0.6342
11178.3000 0.6344
11196.3000 0.6345
11198.8000 0.6347
11203.1000 0.6349
11205.6000 0.6351
11208.9000 0.6352
11210.6000 0.6354
11214.1000 0.6356
11214.3000 0.6358
11218.4000 0.6359
11224.8000 0.6361
11229.5000 0.6363
11231.0000 0.6365
11233.5000 0.6366
11234.9000 0.6368
11236.5000 0.6370
11242.0000 0.6372
11243.4000 0.6373
11254.7000 0.6375
11258.5000 0.6377
11260.2000 0.6378
11268.9000 0.6380
11282.0000 0.6382
11285.6000 0.6384
11290.8000 0.6385
11303.1000 0.6387
11308.5000 0.6389
11308.7000 0.6391
11310.1000 0.6392
11310.5000 0.6394
11319.8000 0.6396
11325.1000 0.6398
11329.1000 0.6399
11334.1000 0.6401
11337.6000 0.6403
11350.1000 0.6405
11351.9000 0.6406
11354.1000 0.6408
11356.9000 0.6410
11358.9000 0.6411
11364.5000 0.6413
11372.4000 0.6415
11374.5000 0.6417
11387.3000 0.6418
11389.8000 0.6420
11395.5000 0.6422
11401.5000 0.6424
11416.7000 0.6425
11419.4000 0.6427
11419.5000 0.6429
11420.9000 0.6431
11422.1000 0.6432
11429.4000 0.6434
11432.6000 0.6436
11435.5000 0.6438
11436.5000 0.6439
11439.4000 0.6441
11442.3000 0.6443
11447.4000 0.6444
11447.7000 0.6446
11448.4000 0.6448
11449.2000 0.6450
11460.1000 0.6451
11468.1000 0.6453
11471.1000 0.6455
11474.0000 0.6457
11487.6000 0.6458
11498.0000 0.6460
11501.7000 0.6462
11519.5000 0.6464
11527.5000 0.6465
11528.6000 0.6467
11529.8000 0.6469
11533.7000 0.6470
11541.7000 0.6472
11543.0000 0.6474
11548.7000 0.6476
11558.2000 0.6477
11565.2000 0.6479
11575.4000 0.6481
11583.9000 0.6483
11585.0000 0.6484
11585.7000 0.6486
11588.7000 0.6488
11591.4000 0.6490
11599.1000 0.6491
11604.4000 0.6493
11611.4000 0.6495
11611.9000 0.6497
11613.2000 0.6498
11623.2000 0.6500
11628.1000 0.6502
11629.5000 0.6503
11633.5000 0.6505
11635.1000 0.6507
11640.8000 0.6509
11642.8000 0.6510
11643.7000 0.6512
11652.2000 0.6514
11658.3000 0.6516
11666.2000 0.6517
11672.7000 0.6519
11674.1000 0.6521
11674.8000 0.6523
11676.4000 0.6524
11677.2000 0.6526
11679.2000 0.6528
11681.1000 0.6530
11682.8000 0.6531
11690.7000 0.6533
11692.5000 0.6535
11701.7000 0.6536
11707.4000 0.6538
11728.2000 0.6540
11733.5000 0.6542
11734.4000 0.6543
11742.7000 0.6545
11747.9000 0.6547
11754.0000 0.6549
11761.0000 0.6550
11762.0000 0.6552
11763.0000 0.6554
11765.2000 0.6556
11769.3000 0.6557
11769.3000 0.6559
11771.0000 0.6561
11771.6000 0.6563
11782.4000 0.6564
11782.5000 0.6566
11783.1000 0.6568
11783.6000 0.6569
11785.0000 0.6571
11787.9000 0.6573
11788.4000 0.6575
11791.1000 0.6576
11796.7000 0.6578
11802.0000 0.6580
11805.2000 0.6582
11806.8000 0.6583
11806.8000 0.6585
11807.7000 0.6587
11819.2000 0.6589
11820.2000 0.6590
11827.8000 0.6592
11828.5000 0.6594
11832.7000 0.6595
11850.2000 0.6597
11858.3000 0.6599
11859.3000 0.6601
11860.5000 0.6602
11869.3000 0.6604
11870.7000 0.6606
11902.3000 0.6608
11902.6000 0.6609
11913.9000 0.6611
11915.0000 0.6613
11916.2000 0.6615
11931.9000 0.6616
11933.4000 0.6618
11933.7000 0.6620
11940.3000 0.6622
11952.0000 0.6623
11952.5000 0.6625
11955.8000 0.6627
11966.7000 0.6628
11971.4000 0.6630
11975.3000 0.6632
11981.7000 0.6634
11984.2000 0.6635
11991.4000 0.6637
12006.9000 0.6639
12012.7000 0.6641
12017.2000 0.6642
12018.1000 0.6644
12023.0000 0.6646
12031.4000 0.6648
12039.0000 0.6649
12043.4000 0.6651
12046.7000 0.6653
12047.0000 0.6655
12068.4000 0.6656
12071.4000 0.6658
12076.3000 0.6660
12080.3000 0.6661
12091.2000 0.6663
12094.5000 0.6665
12099.9000 0.6667
12099.9000 0.6668
12101.1000 0.6670
12108.1000 0.6672
12114.2000 0.6674
12116.0000 0.6675
12116.3000 0.6677
12118.2000 0.6679
12119.3000 0.6681
12122.5000 0.6682
12125.2000 0.6684
12126.4000 0.6686
12127.0000 0.6688
12129.2000 0.6689
12133.7000 0.6691
12140.0000 0.6693
12150.1000 0.6694
12152.9000 0.6696
12158.2000 0.6698
12158.5000 0.6700
12163.3000 0.6701
12164.2000 0.6703
12168.9000 0.6705
12182.3000 0.6707
12189.3000 0.6708
12189.6000 0.6710
12191.8000 0.6712
12205.1000 0.6714
12207.7000 0.6715
12207.8000 0.6717
12209.7000 0.6719
12215.5000 0.6720
12216.8000 0.6722
12224.1000 0.6724
12224.8000 0.6726
12228.1000 0.6727
12230.9000 0.6729
12231.6000 0.6731
12233.9000 0.6733
12238.7000 0.6734
12245.1000 0.6736
12249.6000 0.6738
12253.6000 0.6740
12266.3000 0.6741
12272.2000 0.6743
12280.0000 0.6745
12281.0000 0.6747
12283.8000 0.6748
12287.5000 0.6750
12297.7000 0.6752
12299.3000 0.6753
12300.2000 0.6755
12314.9000 0.6757
12318.3000 0.6759
12319.8000 0.6760
12322.1000 0.6762
12336.6000 0.6764
12340.9000 0.6766
12343.4000 0.6767
12351.6000 0.6769
12358.9000 0.6771
12364.2000 0.6773
12371.0000 0.6774
12391.7000 0.6776
12392.8000 0.6778
12392.9000 0.6780
12398.3000 0.6781
12414.9000 0.6783
12418.3000 0.6785
12421.7000 0.6786
12422.3000 0.6788
12422.9000 0.6790
12423.1000 0.6792
12436.2000 0.6793
12440.7000 0.6795
12441.9000 0.6797
12447.7000 0.6799
12450.3000 0.6800
12472.5000 0.6802
12475.5000 0.6804
12475.8000 0.6806
12484.2000 0.6807
12493.9000 0.6809
12497.0000 0.6811
12501.6000 0.6813
12503.3000 0.6814
12513.2000 0.6816
12523.2000 0.6818
12540.7000 0.6819
12542.8000 0.6821
12549.5000 0.6823
12551.5000 0.6825
12553.6000 0.6826
12557.1000 0.6828
12558.1000 0.6830
12564.7000 0.6832
12565.4000 0.6833
12566.3000 0.6835
12573.3000 0.6837
12588.5000 0.6839
12588.7000 0.6840
12590.1000 0.6842
12590.8000 0.6844
12592.9000 0.6845
12593.3000 0.6847
12593.6000 0.6849
12603.5000 0.6851
12606.7000 0.6852
12609.2000 0.6854
12612.6000 0.6856
12614.9000 0.6858
12624.5000 0.6859
12649.4000 0.6861
12649.6000 0.6863
12654.6000 0.6865
12658.7000 0.6866
12668.7000 0.6868
12670.6000 0.6870
12677.6000 0.6872
12683.1000 0.6873
12683.3000 0.6875
12684.7000 0.6877
12685.2000 0.6878
12685.8000 0.6880
12689.8000 0.6882
12709.6000 0.6884
12709.8000 0.6885
12718.0000 0.6887
12726.9000 0.6889
12732.2000 0.6891
12738.8000 0.6892
12741.1000 0.6894
12741.8000 0.6896
12742.4000 0.6898
12743.1000 0.6899
12750.1000 0.6901
12756.8000 0.6903
12759.9000 0.6905
12763.7000 0.6906
12768.9000 0.6908
12769.2000 0.6910
12772.5000 0.6911
12780.5000 0.6913
12795.3000 0.6915
12798.9000 0.6917
12803.3000 0.6918
12806.1000 0.6920
12820.8000 0.6922
12825.6000 0.6924
12827.1000 0.6925
12828.7000 0.6927
12833.3000 0.6929
12835.5000 0.6931
12846.0000 0.6932
12846.7000 0.6934
12854.7000 0.6936
12856.0000 0.6938
12856.8000 0.6939
12859.5000 0.6941
12870.3000 0.6943
12889.1000 0.6944
12892.3000 0.6946
12892.8000 0.6948
12902.2000 0.6950
12913.7000 0.6951
12918.1000 0.6953
12918.4000 0.6955
12923.8000 0.6957
12924.5000 0.6958
12925.8000 0.6960
12928.7000 0.6962
12932.9000 0.6964
12936.6000 0.6965
12938.2000 0.6967
12941.0000 0.6969
12947.7000 0.6970
12964.7000 0.6972
12976.4000 0.6974
12976.8000 0.6976
12982.6000 0.6977
12982.6000 0.6979
12985.8000 0.6981
12994.3000 0.6983
12994.9000 0.6984
13000.8000 0.6986
13001.3000 0.6988
13003.6000 0.6990
13007.9000 0.6991
13017.3000 0.6993
13018.8000 0.6995
13026.8000 0.6997
13028.4000 0.6998
13032.6000 0.7000
13033.3000 0.7002
13033.5000 0.7003
13036.5000 0.7005
13041.2000 0.7007
13045.6000 0.7009
13047.5000 0.7010
13054.7000 0.7012
13055.6000 0.7014
13055.9000 0.7016
13057.6000 0.7017
13064.4000 0.7019
13071.8000 0.7021
13078.2000 0.7023
13083.6000 0.7024
13084.4000 0.7026
13084.8000 0.7028
13090.8000 0.7030
13094.8000 0.7031
13102.6000 0.7033
13107.7000 0.7035
13113.9000 0.7036
13125.3000 0.7038
13131.0000 0.7040
13138.9000 0.7042
13141.4000 0.7043
13141.6000 0.7045
13143.5000 0.7047
13147.8000 0.7049
13151.4000 0.7050
13152.2000 0.7052
13152.5000 0.7054
13152.8000 0.7056
13155.8000 0.7057
13155.9000 0.7059
13156.6000 0.7061
13157.0000 0.7063
13162.4000 0.7064
13179.2000 0.7066
13185.1000 0.7068
13186.5000 0.7069
13191.8000 0.7071
13193.9000 0.7073
13197.1000 0.7075
13197.4000 0.7076
13201.9000 0.7078
13212.7000 0.7080
13221.7000 0.7082
13225.7000 0.7083
13226.4000 0.7085
13232.6000 0.7087
13235.4000 0.7089
13246.0000 0.7090
13251.9000 0.7092
13260.6000 0.7094
13264.0000 0.7095
13264.8000 0.7097
13266.4000 0.7099
13271.8000 0.7101
13273.0000 0.7102
13282.8000 0.7104
13286.6000 0.7106
13294.7000 0.7108
13298.5000 0.7109
13299.1000 0.7111
13299.3000 0.7113
13302.1000 0.7115
13307.7000 0.7116
13314.4000 0.7118
13320.3000 0.7120
13320.9000 0.7122
13328.1000 0.7123
13332.5000 0.7125
13337.5000 0.7127
13339.1000 0.7128
13353.3000 0.7130
13353.6000 0.7132
13353.7000 0.7134
13353.7000 0.7135
13355.6000 0.7137
13361.8000 0.7139
13365.4000 0.7141
13365.5000 0.7142
13375.1000 0.7144
13379.1000 0.7146
13380.5000 0.7148
13380.8000 0.7149
13382.9000 0.7151
13383.7000 0.7153
13385.6000 0.7155
13389.8000 0.7156
13392.3000 0.7158
13393.9000 0.7160
13403.1000 0.7161
13406.3000 0.7163
13407.3000 0.7165
13410.4000 0.7167
13416.0000 0.7168
13424.8000 0.7170
13425.0000 0.7172
13432.1000 0.7174
13444.2000 0.7175
13448.2000 0.7177
13449.2000 0.7179
13452.4000 0.7181
13456.5000 0.7182
13468.5000 0.7184
13476.9000 0.7186
13483.2000 0.7188
13483.6000 0.7189
13499.3000 0.7191
13504.5000 0.7193
13510.5000 0.7194
13512.6000 0.7196
13516.4000 0.7198
13519.1000 0.7200
13521.2000 0.7201
13524.0000 0.7203
13529.5000 0.7205
13531.0000 0.7207
13537.3000 0.7208
13539.4000 0.7210
13542.6000 0.7212
13547.3000 0.7214
13554.0000 0.7215
13557.1000 0.7217
13562.8000 0.7219
13571.1000 0.7220
13587.4000 0.7222
13592.0000 0.7224
13592.5000 0.7226
13598.3000 0.7227
13599.3000 0.7229
13600.8000 0.7231
13602.3000 0.7233
13604.8000 0.7234
13609.3000 0.7236
13612.8000 0.7238
13613.0000 0.7240
13614.5000 0.7241
13616.1000 0.7243
13617.0000 0.7245
13628.3000 0.7247
13635.8000 0.7248
13641.0000 0.7250
13642.2000 0.7252
13651.2000 0.7253
13663.9000 0.7255
13667.5000 0.7257
13667.9000 0.7259
13671.8000 0.7260
13676.1000 0.7262
13677.6000 0.7264
13679.0000 0.7266
13684.9000 0.7267
13687.9000 0.7269
13687.9000 0.7271
13688.4000 0.7273
13696.7000 0.7274
13699.2000 0.7276
13704.4000 0.7278
13707.6000 0.7280
13713.5000 0.7281
13719.2000 0.7283
13719.5000 0.7285
13720.3000 0.7286
13721.0000 0.7288
13721.8000 0.7290
13729.8000 0.7292
13729.9000 0.7293
13730.2000 0.7295
13743.1000 0.7297
13744.1000 0.7299
13745.8000 0.7300
13749.4000 0.7302
13750.1000 0.7304
13754.0000 0.7306
13768.4000 0.7307
13772.9000 0.7309
13775.0000 0.7311
13791.2000 0.7313
13794.7000 0.7314
13798.9000 0.7316
13806.6000 0.7318
13808.2000 0.7319
13821.9000 0.7321
13822.0000 0.7323
13825.7000 0.7325
13839.5000 0.7326
13850.5000 0.7328
13855.9000 0.7330
13863.2000 0.7332
13865.6000 0.7333
13868.0000 0.7335
13868.9000 0.7337
13870.5000 0.7339
13874.8000 0.7340
13876.1000 0.7342
13884.1000 0.7344
13895.7000 0.7345
13900.5000 0.7347
13903.8000 0.7349
13915.0000 0.7351
13915.5000 0.7352
13921.4000 0.7354
13934.8000 0.7356
13950.4000 0.7358
13953.6000 0.7359
13955.6000 0.7361
13956.3000 0.7363
13961.6000 0.7365
13969.5000 0.7366
13970.4000 0.7368
13985.8000 0.7370
13991.5000 0.7372
13993.3000 0.7373
14002.1000 0.7375
14002.7000 0.7377
14004.2000 0.7378
14010.9000 0.7380
14011.4000 0.7382
14030.3000 0.7384
14031.2000 0.7385
14036.1000 0.7387
14040.9000 0.7389
14045.5000 0.7391
14061.2000 0.7392
14064.7000 0.7394
14068.1000 0.7396
14071.8000 0.7398
14074.3000 0.7399
14079.4000 0.7401
14080.6000 0.7403
14083.8000 0.7405
14086.8000 0.7406
14091.2000 0.7408
14094.2000 0.7410
14102.8000 0.7411
14113.0000 0.7413
14114.4000 0.7415
14130.9000 0.7417
14133.9000 0.7418
14135.1000 0.7420
14135.5000 0.7422
14140.3000 0.7424
14152.1000 0.7425
14157.3000 0.7427
14159.6000 0.7429
14160.8000 0.7431
14163.6000 0.7432
14167.7000 0.7434
14171.5000 0.7436
14177.7000 0.7438
14182.5000 0.7439
14193.5000 0.7441
14193.7000 0.7443
14206.6000 0.7444
14208.0000 0.7446
14208.0000 0.7448
14212.7000 0.7450
14232.3000 0.7451
14237.3000 0.7453
14240.5000 0.7455
14255.1000 0.7457
14259.8000 0.7458
14261.7000 0.7460
14270.6000 0.7462
14274.6000 0.7464
14274.7000 0.7465
14287.7000 0.7467
14288.5000 0.7469
14289.6000 0.7470
14291.4000 0.7472
14294.0000 0.7474
14297.2000 0.7476
14298.1000 0.7477
14310.3000 0.7479
14314.0000 0.7481
14323.1000 0.7483
14325.4000 0.7484
14328.5000 0.7486
14332.9000 0.7488
14349.9000 0.7490
14360.9000 0.7491
14363.4000 0.7493
14366.7000 0.7495
14372.0000 0.7497
14377.5000 0.7498
14379.8000 0.7500
14384.3000 0.7502
14384.8000 0.7503
14387.1000 0.7505
14387.6000 0.7507
14393.2000 0.7509
14394.1000 0.7510
14394.8000 0.7512
14401.1000 0.7514
14405.7000 0.7516
14405.9000 0.7517
14407.1000 0.7519
14423.4000 0.7521
14429.8000 0.7523
14432.1000 0.7524
14461.2000 0.7526
14472.0000 0.7528
14475.3000 0.7530
14481.4000 0.7531
14482.5000 0.7533
14484.9000 0.7535
14487.2000 0.7536
14495.5000 0.7538
14497.9000 0.7540
14499.5000 0.7542
14505.6000 0.7543
14506.7000 0.7545
14511.3000 0.7547
14525.9000 0.7549
14528.6000 0.7550
14532.6000 0.7552
14534.6000 0.7554
14537.4000 0.7556
14539.3000 0.7557
14540.8000 0.7559
14548.2000 0.7561
14550.5000 0.7563
14560.2000 0.7564
14572.2000 0.7566
14575.5000 0.7568
14580.4000 0.7569
14581.6000 0.7571
14594.6000 0.7573
14598.1000 0.7575
14599.1000 0.7576
14612.2000 0.7578
14618.5000 0.7580
14622.8000 0.7582
14627.2000 0.7583
14635.6000 0.7585
14654.4000 0.7587
14655.3000 0.7589
14662.9000 0.7590
14667.1000 0.7592
14668.7000 0.7594
14672.5000 0.7595
14676.4000 0.7597
14684.4000 0.7599
14687.6000 0.7601
14692.2000 0.7602
14696.3000 0.7604
14701.2000 0.7606
14701.7000 0.7608
14702.4000 0.7609
14711.2000 0.7611
14718.2000 0.7613
14719.3000 0.7615
14721.3000 0.7616
14724.4000 0.7618
14725.3000 0.7620
14733.2000 0.7622
14733.8000 0.7623
14739.6000 0.7625
14748.8000 0.7627
14752.7000 0.7628
14770.1000 0.7630
14785.2000 0.7632
14788.8000 0.7634
14794.2000 0.7635
14803.1000 0.7637
14804.8000 0.7639
14806.0000 0.7641
14806.4000 0.7642
14806.6000 0.7644
14806.9000 0.7646
14808.0000 0.7648
14808.8000 0.7649
14815.4000 0.7651
14821.6000 0.7653
14824.5000 0.7655
14830.1000 0.7656
14830.1000 0.7658
14845.1000 0.7660
14850.2000 0.7661
14858.9000 0.7663
14861.7000 0.7665
14868.6000 0.7667
14877.6000 0.7668
14886.9000 0.7670
14888.0000 0.7672
14901.9000 0.7674
14910.4000 0.7675
14918.0000 0.7677
14918.6000 0.7679
14924.5000 0.7681
14929.9000 0.7682
14933.0000 0.7684
14933.5000 0.7686
14935.5000 0.7688
14938.2000 0.7689
14948.2000 0.7691
14958.7000 0.7693
14968.8000 0.7694
14973.0000 0.7696
14974.5000 0.7698
14984.1000 0.7700
14987.1000 0.7701
14987.2000 0.7703
14992.0000 0.7705
14996.4000 0.7707
15008.3000 0.7708
15008.4000 0.7710
15011.5000 0.7712
15015.9000 0.7714
15018.4000 0.7715
15024.3000 0.7717
15031.1000 0.7719
15031.4000 0.7720
15038.6000 0.7722
15041.4000 0.7724
15047.4000 0.7726
15049.1000 0.7727
15059.9000 0.7729
15066.2000 0.7731
15079.7000 0.7733
15091.8000 0.7734
15115.2000 0.7736
15119.0000 0.7738
15124.3000 0.7740
15126.8000 0.7741
15128.1000 0.7743
15130.4000 0.7745
15134.7000 0.7747
15144.4000 0.7748
15145.6000 0.7750
15146.8000 0.7752
15150.3000 0.7753
15151.1000 0.7755
15153.6000 0.7757
15160.0000 0.7759
15164.5000 0.7760
15169.7000 0.7762
15174.6000 0.7764
15179.1000 0.7766
15185.9000 0.7767
15189.7000 0.7769
15191.8000 0.7771
15196.1000 0.7773
15196.9000 0.7774
15205.4000 0.7776
15210.8000 0.7778
15214.1000 0.7780
15220.4000 0.7781
15222.8000 0.7783
15227.5000 0.7785
15227.9000 0.7786
15228.1000 0.7788
15229.5000 0.7790
15230.9000 0.7792
15242.0000 0.7793
15248.3000 0.7795
15254.9000 0.7797
15260.9000 0.7799
15264.2000 0.7800
15265.2000 0.7802
15269.7000 0.7804
15270.8000 0.7806
15278.0000 0.7807
15289.6000 0.7809
15297.3000 0.7811
15302.3000 0.7813
15302.3000 0.7814
15316.1000 0.7816
15321.3000 0.7818
15324.9000 0.7819
15331.2000 0.7821
15339.2000 0.7823
15350.2000 0.7825
15350.3000 0.7826
15355.2000 0.7828
15356.9000 0.7830
15361.9000 0.7832
15381.9000 0.7833
15389.6000 0.7835
15397.2000 0.7837
15398.5000 0.7839
15401.0000 0.7840
15405.6000 0.7842
15408.6000 0.7844
15419.4000 0.7845
15420.4000 0.7847
15422.9000 0.7849
15425.5000 0.7851
15428.2000 0.7852
15428.3000 0.7854
15437.8000 0.7856
15448.9000 0.7858
15455.6000 0.7859
15456.9000 0.7861
15459.6000 0.7863
15465.5000 0.7865
15467.6000 0.7866
15468.5000 0.7868
15470.8000 0.7870
15472.5000 0.7872
15474.0000 0.7873
15475.6000 0.7875
15482.3000 0.7877
15484.2000 0.7878
15485.1000 0.7880
15493.2000 0.7882
15493.2000 0.7884
15495.2000 0.7885
15505.4000 0.7887
15518.9000 0.7889
15520.4000 0.7891
15525.7000 0.7892
15528.3000 0.7894
15531.9000 0.7896
15536.8000 0.7898
15542.0000 0.7899
15543.8000 0.7901
15549.0000 0.7903
15552.0000 0.7905
15555.1000 0.7906
15555.7000 0.7908
15563.1000 0.7910
15565.9000 0.7911
15573.9000 0.7913
15581.2000 0.7915
15582.1000 0.7917
15584.3000 0.7918
15584.7000 0.7920
15585.2000 0.7922
15588.9000 0.7924
15593.1000 0.7925
15601.7000 0.7927
15602.0000 0.7929
15630.1000 0.7931
15633.6000 0.7932
15634.2000 0.7934
15644.6000 0.7936
15649.7000 0.7938
15651.7000 0.7939
15653.3000 0.7941
15657.9000 0.7943
15658.9000 0.7944
15670.5000 0.7946
15672.0000 0.7948
15672.4000 0.7950
15678.4000 0.7951
15681.8000 0.7953
15682.5000 0.7955
15685.5000 0.7957
15688.6000 0.7958
15689.1000 0.7960
15691.7000 0.7962
15696.1000 0.7964
15709.8000 0.7965
15714.4000 0.7967
15719.8000 0.7969
15720.9000 0.7970
15721.5000 0.7972
15729.1000 0.7974
15737.3000 0.7976
15740.1000 0.7977
15742.2000 0.7979
15745.1000 0.7981
15747.1000 0.7983
15748.2000 0.7984
15749.6000 0.7986
15752.1000 0.7988
15752.5000 0.7990
15756.1000 0.7991
15762.0000 0.7993
15768.3000 0.7995
15772.3000 0.7997
15773.4000 0.7998
15773.9000 0.8000
15776.9000 0.8002
15780.8000 0.8003
15785.8000 0.8005
15790.5000 0.8007
15802.3000 0.8009
15809.3000 0.8010
15811.3000 0.8012
15814.1000 0.8014
15815.6000 0.8016
15818.1000 0.8017
15819.7000 0.8019
15823.7000 0.8021
15824.1000 0.8023
15839.7000 0.8024
15846.5000 0.8026
15851.5000 0.8028
15852.7000 0.8030
15866.8000 0.8031
15869.3000 0.8033
15877.1000 0.8035
15877.7000 0.8036
15890.3000 0.8038
15894.8000 0.8040
15897.7000 0.8042
15903.1000 0.8043
15903.4000 0.8045
15913.6000 0.8047
15914.9000 0.8049
15922.4000 0.8050
15927.9000 0.8052
15938.8000 0.8054
15946.5000 0.8056
15948.8000 0.8057
15958.0000 0.8059
15963.1000 0.8061
15963.3000 0.8063
15972.2000 0.8064
15973.2000 0.8066
15976.0000 0.8068
15977.2000 0.8069
15980.7000 0.8071
15991.5000 0.8073
15992.8000 0.8075
15998.1000 0.8076
16004.9000 0.8078
16009.0000 0.8080
16012.9000 0.8082
16013.4000 0.8083
16018.1000 0.8085
16021.3000 0.8087
16022.9000 0.8089
16037.1000 0.8090
16038.7000 0.8092
16044.0000 0.8094
16045.9000 0.8095
16046.9000 0.8097
16051.0000 0.8099
16051.9000 0.8101
16052.5000 0.8102
16062.8000 0.8104
16063.7000 0.8106
16075.7000 0.8108
16084.0000 0.8109
16092.0000 0.8111
16096.9000 0.8113
16114.8000 0.8115
16116.5000 0.8116
16116.8000 0.8118
16122.1000 0.8120
16124.2000 0.8122
16136.4000 0.8123
16140.2000 0.8125
16141.6000 0.8127
16146.5000 0.8128
16148.1000 0.8130
16149.5000 0.8132
16152.7000 0.8134
16156.4000 0.8135
16156.5000 0.8137
16158.0000 0.8139
16158.5000 0.8141
16158.7000 0.8142
16169.5000 0.8144
16176.3000 0.8146
16176.8000 0.8148
16178.9000 0.8149
16181.9000 0.8151
16184.7000 0.8153
16185.9000 0.8155
16195.1000 0.8156
16201.4000 0.8158
16212.9000 0.8160
16214.0000 0.8161
16217.4000 0.8163
16218.3000 0.8165
16220.1000 0.8167
16226.6000 0.8168
16241.4000 0.8170
16243.5000 0.8172
16243.5000 0.8174
16246.4000 0.8175
16249.0000 0.8177
16249.2000 0.8179
16251.1000 0.8181
16251.3000 0.8182
16251.6000 0.8184
16252.2000 0.8186
16261.1000 0.8188
16264.2000 0.8189
16271.9000 0.8191
16272.3000 0.8193
16281.5000 0.8194
16283.2000 0.8196
16295.8000 0.8198
16302.0000 0.8200
16308.4000 0.8201
16313.5000 0.8203
16317.1000 0.8205
16317.2000 0.8207
16323.6000 0.8208
16326.8000 0.8210
16330.2000 0.8212
16339.1000 0.8214
16341.6000 0.8215
16344.4000 0.8217
16344.7000 0.8219
16345.6000 0.8220
16356.4000 0.8222
16356.6000 0.8224
16380.3000 0.8226
16386.0000 0.8227
16389.9000 0.8229
16392.5000 0.8231
16398.1000 0.8233
16403.5000 0.8234
16404.4000 0.8236
16408.1000 0.8238
16412.2000 0.8240
16413.9000 0.8241
16417.8000 0.8243
16417.9000 0.8245
16420.5000 0.8247
16432.2000 0.8248
16437.9000 0.8250
16441.3000 0.8252
16441.8000 0.8253
16447.6000 0.8255
16456.7000 0.8257
16462.8000 0.8259
16466.1000 0.8260
16468.3000 0.8262
16478.1000 0.8264
16495.4000 0.8266
16497.3000 0.8267
16515.3000 0.8269
16536.1000 0.8271
16537.8000 0.8273
16540.3000 0.8274
16553.7000 0.8276
16557.3000 0.8278
16575.8000 0.8280
16576.9000 0.8281
16577.7000 0.8283
16582.4000 0.8285
16594.1000 0.8286
16595.7000 0.8288
16597.3000 0.8290
16598.1000 0.8292
16609.7000 0.8293
16622.2000 0.8295
16623.4000 0.8297
16628.2000 0.8299
16629.2000 0.8300
16639.4000 0.8302
16650.3000 0.8304
16652.6000 0.8306
16667.6000 0.8307
16670.8000 0.8309
16676.3000 0.8311
16681.7000 0.8313
16684.4000 0.8314
16696.9000 0.8316
16697.0000 0.8318
16700.3000 0.8319
16703.7000 0.8321
16705.0000 0.8323
16709.5000 0.8325
16723.8000 0.8326
16723.9000 0.8328
16729.2000 0.8330
16739.0000 0.8332
16739.6000 0.8333
16757.1000 0.8335
16761.4000 0.8337
16766.0000 0.8339
16781.7000 0.8340
16792.8000 0.8342
16797.8000 0.8344
16797.9000 0.8345
16807.5000 0.8347
16816.2000 0.8349
16832.6000 0.8351
16835.1000 0.8352
16839.3000 0.8354
16843.7000 0.8356
16849.9000 0.8358
16860.3000 0.8359
16869.9000 0.8361
16874.1000 0.8363
16884.9000 0.8365
16885.4000 0.8366
16889.1000 0.8368
16889.6000 0.8370
16890.6000 0.8372
16894.1000 0.8373
16897.6000 0.8375
16897.7000 0.8377
16901.2000 0.8378
16908.1000 0.8380
16913.3000 0.8382
16917.7000 0.8384
16919.8000 0.8385
16921.2000 0.8387
16923.3000 0.8389
16931.4000 0.8391
16932.8000 0.8392
16956.3000 0.8394
16962.4000 0.8396
16963.6000 0.8398
16974.7000 0.8399
16994.4000 0.8401
16996.6000 0.8403
16999.1000 0.8405
17006.6000 0.8406
17015.9000 0.8408
17017.3000 0.8410
17020.0000 0.8411
17031.7000 0.8413
17032.3000 0.8415
17036.3000 0.8417
17037.7000 0.8418
17041.5000 0.8420
17042.3000 0.8422
17042.5000 0.8424
17042.9000 0.8425
17052.2000 0.8427
17052.9000 0.8429
17057.9000 0.8431
17066.6000 0.8432
17067.6000 0.8434
17076.1000 0.8436
17079.3000 0.8438
17084.5000 0.8439
17084.6000 0.8441
17087.3000 0.8443
17090.6000 0.8444
17094.7000 0.8446
17094.9000 0.8448
17098.3000 0.8450
17101.9000 0.8451
17108.1000 0.8453
17113.8000 0.8455
17118.2000 0.8457
17127.9000 0.8458
17132.8000 0.8460
17132.9000 0.8462
17133.0000 0.8464
17134.4000 0.8465
17136.3000 0.8467
17138.9000 0.8469
17140.7000 0.8470
17152.3000 0.8472
17157.9000 0.8474
17167.2000 0.8476
17167.4000 0.8477
17170.1000 0.8479
17181.7000 0.8481
17184.5000 0.8483
17189.0000 0.8484
17194.4000 0.8486
17198.1000 0.8488
17202.1000 0.8490
17210.0000 0.8491
17214.3000 0.8493
17222.9000 0.8495
17227.7000 0.8497
17229.1000 0.8498
17234.9000 0.8500
17235.7000 0.8502
17235.7000 0.8503
17237.2000 0.8505
17244.9000 0.8507
17245.5000 0.8509
17253.8000 0.8510
17257.1000 0.8512
17258.6000 0.8514
17268.6000 0.8516
17271.2000 0.8517
17280.7000 0.8519
17281.2000 0.8521
17302.4000 0.8523
17305.3000 0.8524
17306.5000 0.8526
17307.5000 0.8528
17307.5000 0.8530
17309.6000 0.8531
17314.1000 0.8533
17314.7000 0.8535
17320.3000 0.8536
17331.4000 0.8538
17337.1000 0.8540
17343.2000 0.8542
17344.6000 0.8543
17344.7000 0.8545
17352.3000 0.8547
17357.4000 0.8549
17360.5000 0.8550
17361.8000 0.8552
17364.2000 0.8554
17374.1000 0.8556
17379.4000 0.8557
17388.7000 0.8559
17390.0000 0.8561
17396.3000 0.8563
17398.3000 0.8564
17404.2000 0.8566
17406.7000 0.8568
17407.3000 0.8569
17407.5000 0.8571
17412.2000 0.8573
17413.1000 0.8575
17414.3000 0.8576
17417.8000 0.8578
17427.2000 0.8580
17428.8000 0.8582
17434.9000 0.8583
17442.9000 0.8585
17444.3000 0.8587
17447.5000 0.8589
17451.8000 0.8590
17452.1000 0.8592
17467.0000 0.8594
17469.3000 0.8595
17469.5000 0.8597
17475.1000 0.8599
17482.1000 0.8601
17501.3000 0.8602
17522.7000 0.8604
17528.4000 0.8606
17547.6000 0.8608
17554.0000 0.8609
17554.9000 0.8611
17555.6000 0.8613
17575.7000 0.8615
17583.6000 0.8616
17585.9000 0.8618
17599.8000 0.8620
17609.0000 0.8622
17611.5000 0.8623
17624.3000 0.8625
17625.3000 0.8627
17631.7000 0.8628
17632.4000 0.8630
17637.2000 0.8632
17637.7000 0.8634
17644.7000 0.8635
17647.1000 0.8637
17663.1000 0.8639
17664.8000 0.8641
17666.3000 0.8642
17666.6000 0.8644
17666.8000 0.8646
17673.5000 0.8648
17682.3000 0.8649
17685.4000 0.8651
17685.9000 0.8653
17688.9000 0.8655
17690.3000 0.8656
17692.2000 0.8658
17692.5000 0.8660
17696.8000 0.8661
17703.7000 0.8663
17709.7000 0.8665
17713.5000 0.8667
17717.4000 0.8668
17723.6000 0.8670
17723.9000 0.8672
17726.7000 0.8674
17731.5000 0.8675
17738.2000 0.8677
17746.1000 0.8679
17748.0000 0.8681
17760.0000 0.8682
17767.1000 0.8684
17795.4000 0.8686
17799.3000 0.8688
17826.4000 0.8689
17828.2000 0.8691
17829.6000 0.8693
17846.3000 0.8694
17860.9000 0.8696
17861.4000 0.8698
17875.8000 0.8700
17880.5000 0.8701
17881.9000 0.8703
17883.6000 0.8705
17883.9000 0.8707
17886.6000 0.8708
17894.0000 0.8710
17904.2000 0.8712
17913.4000 0.8714
17926.9000 0.8715
17929.5000 0.8717
17937.4000 0.8719
17943.5000 0.8720
17947.0000 0.8722
17956.3000 0.8724
17957.9000 0.8726
17968.4000 0.8727
17968.8000 0.8729
17976.3000 0.8731
18006.0000 0.8733
18012.6000 0.8734
18036.0000 0.8736
18041.6000 0.8738
18047.2000 0.8740
18050.0000 0.8741
18062.9000 0.8743
18074.1000 0.8745
18075.7000 0.8747
18076.9000 0.8748
18078.0000 0.8750
18080.0000 0.8752
18089.4000 0.8753
18097.5000 0.8755
18107.9000 0.8757
18113.6000 0.8759
18119.1000 0.8760
18124.0000 0.8762
18133.5000 0.8764
18135.9000 0.8766
18142.1000 0.8767
18157.1000 0.8769
18157.3000 0.8771
18176.7000 0.8773
18178.7000 0.8774
18180.8000 0.8776
18190.1000 0.8778
18197.3000 0.8780
18201.9000 0.8781
18214.7000 0.8783
18217.4000 0.8785
18227.1000 0.8786
18227.3000 0.8788
18228.7000 0.8790
18229.3000 0.8792
18229.6000 0.8793
18234.2000 0.8795
18249.6000 0.8797
18251.5000 0.8799
18251.8000 0.8800
18258.3000 0.8802
18262.9000 0.8804
18283.5000 0.8806
18299.9000 0.8807
18317.0000 0.8809
18324.0000 0.8811
18334.7000 0.8813
18335.6000 0.8814
18337.9000 0.8816
18351.2000 0.8818
18351.3000 0.8819
18359.6000 0.8821
18364.9000 0.8823
18366.0000 0.8825
18371.3000 0.8826
18382.4000 0.8828
18388.0000 0.8830
18395.3000 0.8832
18410.0000 0.8833
18410.4000 0.8835
18411.7000 0.8837
18424.7000 0.8839
18428.7000 0.8840
18434.2000 0.8842
18438.6000 0.8844
18439.1000 0.8845
18447.9000 0.8847
18460.0000 0.8849
18482.6000 0.8851
18513.2000 0.8852
18533.1000 0.8854
18539.4000 0.8856
18543.8000 0.8858
18556.4000 0.8859
18558.7000 0.8861
18581.9000 0.8863
18588.3000 0.8865
18603.8000 0.8866
18605.3000 0.8868
18606.4000 0.8870
18622.5000 0.8872
18622.8000 0.8873
18642.6000 0.8875
18646.6000 0.8877
18649.4000 0.8878
18661.1000 0.8880
18663.9000 0.8882
18679.2000 0.8884
18689.3000 0.8885
18701.7000 0.8887
18701.9000 0.8889
18703.3000 0.8891
18715.2000 0.8892
18716.3000 0.8894
18719.1000 0.8896
18748.0000 0.8898
18757.1000 0.8899
18759.5000 0.8901
18764.4000 0.8903
18778.5000 0.8905
18781.2000 0.8906
18783.5000 0.8908
18785.4000 0.8910
18800.7000 0.8911
18808.4000 0.8913
18809.7000 0.8915
18810.0000 0.8917
18814.1000 0.8918
18815.8000 0.8920
18817.8000 0.8922
18819.7000 0.8924
18823.9000 0.8925
18832.9000 0.8927
18833.4000 0.8929
18838.9000 0.8931
18841.0000 0.8932
18843.8000 0.8934
18858.7000 0.8936
18870.5000 0.8938
18884.9000 0.8939
18910.7000 0.8941
18910.8000 0.8943
18915.4000 0.8944
18917.0000 0.8946
18918.4000 0.8948
18918.4000 0.8950
18931.6000 0.8951
18939.2000 0.8953
18943.1000 0.8955
18945.6000 0.8957
18945.7000 0.8958
18952.8000 0.8960
18966.0000 0.8962
18982.7000 0.8964
18990.6000 0.8965
19000.4000 0.8967
19006.3000 0.8969
19015.4000 0.8970
19016.0000 0.8972
19021.5000 0.8974
19032.6000 0.8976
19037.7000 0.8977
19043.2000 0.8979
19069.1000 0.8981
19074.7000 0.8983
19082.4000 0.8984
19093.7000 0.8986
19094.8000 0.8988
19106.5000 0.8990
19112.6000 0.8991
19116.6000 0.8993
19126.7000 0.8995
19128.4000 0.8997
19136.3000 0.8998
19140.3000 0.9000
19143.5000 0.9002
19145.5000 0.9003
19150.4000 0.9005
19151.4000 0.9007
19175.9000 0.9009
19180.3000 0.9010
19187.4000 0.9012
19192.7000 0.9014
19205.7000 0.9016
19210.5000 0.9017
19214.7000 0.9019
19219.1000 0.9021
19230.0000 0.9023
19235.1000 0.9024
19241.4000 0.9026
19246.8000 0.9028
19247.3000 0.9030
19247.5000 0.9031
19254.0000 0.9033
19254.9000 0.9035
19255.0000 0.9036
19269.7000 0.9038
19271.2000 0.9040
19283.8000 0.9042
19285.4000 0.9043
19300.4000 0.9045
19307.9000 0.9047
19318.7000 0.9049
19327.2000 0.9050
19331.2000 0.9052
19343.4000 0.9054
19393.0000 0.9056
19408.3000 0.9057
19412.0000 0.9059
19413.9000 0.9061
19418.2000 0.9063
19420.3000 0.9064
19440.4000 0.9066
19440.6000 0.9068
19444.6000 0.9069
19450.6000 0.9071
19460.7000 0.9073
19463.3000 0.9075
19464.9000 0.9076
19489.5000 0.9078
19502.6000 0.9080
19510.0000 0.9082
19518.4000 0.9083
19564.6000 0.9085
19578.1000 0.9087
19589.7000 0.9089
19594.5000 0.9090
19598.3000 0.9092
19613.7000 0.9094
19617.6000 0.9095
19619.8000 0.9097
19621.5000 0.9099
19638.1000 0.9101
19648.0000 0.9102
19667.7000 0.9104
19669.0000 0.9106
19681.3000 0.9108
19695.2000 0.9109
19705.8000 0.9111
19718.8000 0.9113
19739.9000 0.9115
19747.4000 0.9116
19756.4000 0.9118
19783.0000 0.9120
19787.8000 0.9122
19797.1000 0.9123
19833.1000 0.9125
19835.5000 0.9127
19844.0000 0.9128
19848.3000 0.9130
19902.9000 0.9132
19906.9000 0.9134
19909.8000 0.9135
19911.8000 0.9137
19922.4000 0.9139
19936.6000 0.9141
19937.4000 0.9142
19942.4000 0.9144
19961.2000 0.9146
19962.6000 0.9148
19965.1000 0.9149
19971.6000 0.9151
19980.6000 0.9153
19993.6000 0.9155
20003.5000 0.9156
20009.4000 0.9158
20013.4000 0.9160
20028.9000 0.9161
20041.4000 0.9163
20042.2000 0.9165
20056.6000 0.9167
20060.3000 0.9168
20064.0000 0.9170
20079.7000 0.9172
20110.1000 0.9174
20111.0000 0.9175
20112.8000 0.9177
20123.2000 0.9179
20127.8000 0.9181
20141.6000 0.9182
20146.0000 0.9184
20148.2000 0.9186
20152.2000 0.9188
20159.2000 0.9189
20164.3000 0.9191
20166.0000 0.9193
20168.6000 0.9194
20172.3000 0.9196
20172.4000 0.9198
20180.9000 0.9200
20184.2000 0.9201
20189.4000 0.9203
20191.0000 0.9205
20201.7000 0.9207
20202.5000 0.9208
20214.6000 0.9210
20221.3000 0.9212
20221.9000 0.9214
20237.4000 0.9215
20239.5000 0.9217
20239.6000 0.9219
20253.4000 0.9220
20270.3000 0.9222
20276.6000 0.9224
20291.9000 0.9226
20314.7000 0.9227
20325.3000 0.9229
20326.8000 0.9231
20329.6000 0.9233
20350.4000 0.9234
20355.5000 0.9236
20362.1000 0.9238
20374.1000 0.9240
20383.5000 0.9241
20394.1000 0.9243
20394.5000 0.9245
20402.6000 0.9247
20428.4000 0.9248
20430.4000 0.9250
20435.0000 0.9252
20464.0000 0.9253
20467.5000 0.9255
20470.0000 0.9257
20479.5000 0.9259
20495.9000 0.9260
20514.1000 0.9262
20516.8000 0.9264
20522.4000 0.9266
20545.1000 0.9267
20572.4000 0.9269
20577.0000 0.9271
20578.2000 0.9273
20598.8000 0.9274
20599.3000 0.9276
20603.2000 0.9278
20603.7000 0.9280
20608.0000 0.9281
20610.0000 0.9283
20612.5000 0.9285
20662.3000 0.9286
20674.6000 0.9288
20679.1000 0.9290
20701.8000 0.9292
20711.9000 0.9293
20757.2000 0.9295
20771.5000 0.9297
20785.3000 0.9299
20802.6000 0.9300
20807.2000 0.9302
20819.5000 0.9304
20835.8000 0.9306
20841.3000 0.9307
20849.6000 0.9309
20854.2000 0.9311
20908.4000 0.9313
20922.2000 0.9314
20931.2000 0.9316
20945.3000 0.9318
20978.3000 0.9319
20991.0000 0.9321
21008.4000 0.9323
21020.9000 0.9325
21024.4000 0.9326
21073.9000 0.9328
21097.2000 0.9330
21133.8000 0.9332
21209.6000 0.9333
21222.4000 0.9335
21243.9000 0.9337
21261.6000 0.9339
21265.4000 0.9340
21288.4000 0.9342
21317.4000 0.9344
21337.4000 0.9345
21354.7000 0.9347
21373.3000 0.9349
21388.0000 0.9351
21394.2000 0.9352
21413.6000 0.9354
21434.7000 0.9356
21437.5000 0.9358
21485.2000 0.9359
21491.3000 0.9361
21537.2000 0.9363
21543.7000 0.9365
21554.3000 0.9366
21556.2000 0.9368
21598.7000 0.9370
21606.4000 0.9372
21633.9000 0.9373
21657.6000 0.9375
21689.3000 0.9377
21702.5000 0.9378
21702.6000 0.9380
21707.5000 0.9382
21727.0000 0.9384
21729.7000 0.9385
21750.6000 0.9387
21759.6000 0.9389
21773.4000 0.9391
21777.4000 0.9392
21779.7000 0.9394
21802.5000 0.9396
21818.1000 0.9398
21836.6000 0.9399
21850.2000 0.9401
21858.8000 0.9403
21873.2000 0.9405
21879.2000 0.9406
21886.9000 0.9408
21900.0000 0.9410
21906.0000 0.9411
21945.5000 0.9413
21966.0000 0.9415
21972.7000 0.9417
21976.8000 0.9418
22003.8000 0.9420
22006.6000 0.9422
22021.8000 0.9424
22034.2000 0.9425
22044.8000 0.9427
22046.4000 0.9429
22068.6000 0.9431
22105.6000 0.9432
22111.9000 0.9434
22152.7000 0.9436
22155.7000 0.9438
22177.4000 0.9439
22238.6000 0.9441
22278.2000 0.9443
22291.8000 0.9444
22311.8000 0.9446
22318.0000 0.9448
22336.4000 0.9450
22357.1000 0.9451
22370.8000 0.9453
22371.8000 0.9455
22393.6000 0.9457
22440.2000 0.9458
22453.0000 0.9460
22482.8000 0.9462
22527.0000 0.9464
22535.6000 0.9465
22571.8000 0.9467
22589.6000 0.9469
22598.1000 0.9470
22604.0000 0.9472
22615.0000 0.9474
22646.8000 0.9476
22662.0000 0.9477
22721.0000 0.9479
22776.2000 0.9481
22778.7000 0.9483
22799.8000 0.9484
22820.9000 0.9486
22830.6000 0.9488
22873.1000 0.9490
22890.8000 0.9491
22898.5000 0.9493
22994.1000 0.9495
23002.6000 0.9497
23025.2000 0.9498
23111.4000 0.9500
23127.6000 0.9502
23202.6000 0.9503
23206.0000 0.9505
23273.8000 0.9507
23310.9000 0.9509
23311.6000 0.9510
23384.6000 0.9512
23419.0000 0.9514
23465.6000 0.9516
23474.2000 0.9517
23574.6000 0.9519
23624.1000 0.9521
23626.3000 0.9523
23637.9000 0.9524
23684.1000 0.9526
23749.5000 0.9528
23811.9000 0.9530
23884.8000 0.9531
