# messageDelay  cumulativeProbability
0.2000 0.0002
0.2000 0.0003
0.2000 0.0005
0.2000 0.0007
0.2000 0.0009
0.2000 0.0010
0.2000 0.0012
0.2000 0.0014
0.2000 0.0016
0.2000 0.0017
0.2000 0.0019
0.2000 0.0021
0.2000 0.0023
0.2000 0.0024
46.1000 0.0026
62.1000 0.0028
92.2000 0.0030
99.7000 0.0031
115.5000 0.0033
119.0000 0.0035
121.3000 0.0036
133.4000 0.0038
136.1000 0.0040
142.6000 0.0042
143.1000 0.0043
148.9000 0.0045
158.1000 0.0047
159.1000 0.0049
165.6000 0.0050
170.6000 0.0052
171.8000 0.0054
175.8000 0.0056
188.2000 0.0057
188.9000 0.0059
195.0000 0.0061
196.6000 0.0063
200.2000 0.0064
200.6000 0.0066
202.1000 0.0068
205.4000 0.0069
205.7000 0.0071
209.3000 0.0073
210.9000 0.0075
212.7000 0.0076
213.1000 0.0078
213.9000 0.0080
217.0000 0.0082
218.7000 0.0083
219.4000 0.0085
223.4000 0.0087
228.6000 0.0089
229.4000 0.0090
231.8000 0.0092
233.5000 0.0094
233.8000 0.0095
236.7000 0.0097
238.1000 0.0099
238.3000 0.0101
238.6000 0.0102
240.6000 0.0104
242.1000 0.0106
246.0000 0.0108
246.9000 0.0109
248.3000 0.0111
251.9000 0.0113
257.8000 0.0115
262.9000 0.0116
265.9000 0.0118
266.6000 0.0120
269.7000 0.0122
269.9000 0.0123
272.9000 0.0125
276.9000 0.0127
278.3000 0.0128
278.7000 0.0130
279.2000 0.0132
279.5000 0.0134
280.7000 0.0135
280.8000 0.0137
286.6000 0.0139
286.8000 0.0141
287.1000 0.0142
291.5000 0.0144
292.6000 0.0146
292.9000 0.0148
293.6000 0.0149
295.5000 0.0151
296.4000 0.0153
296.7000 0.0155
298.5000 0.0156
298.5000 0.0158
301.9000 0.0160
304.0000 0.0161
306.5000 0.0163
307.7000 0.0165
309.0000 0.0167
309.4000 0.0168
309.7000 0.0170
310.5000 0.0172
311.5000 0.0174
311.9000 0.0175
315.6000 0.0177
320.0000 0.0179
320.3000 0.0181
320.4000 0.0182
320.4000 0.0184
320.7000 0.0186
325.1000 0.0187
331.9000 0.0189
335.2000 0.0191
337.2000 0.0193
337.8000 0.0194
338.8000 0.0196
339.8000 0.0198
342.9000 0.0200
344.5000 0.0201
346.8000 0.0203
351.8000 0.0205
354.1000 0.0207
357.6000 0.0208
361.6000 0.0210
363.5000 0.0212
365.6000 0.0214
366.6000 0.0215
368.5000 0.0217
369.9000 0.0219
370.1000 0.0220
375.0000 0.0222
375.8000 0.0224
376.8000 0.0226
377.0000 0.0227
377.3000 0.0229
380.2000 0.0231
382.8000 0.0233
385.2000 0.0234
392.5000 0.0236
392.8000 0.0238
399.6000 0.0240
403.7000 0.0241
406.8000 0.0243
407.7000 0.0245
409.1000 0.0247
409.9000 0.0248
412.0000 0.0250
413.0000 0.0252
413.8000 0.0253
414.1000 0.0255
416.8000 0.0257
417.3000 0.0259
419.9000 0.0260
420.7000 0.0262
421.1000 0.0264
421.6000 0.0266
421.7000 0.0267
422.5000 0.0269
426.9000 0.0271
427.4000 0.0273
427.5000 0.0274
428.1000 0.0276
430.1000 0.0278
431.2000 0.0280
431.6000 0.0281
432.3000 0.0283
435.3000 0.0285
435.7000 0.0286
436.6000 0.0288
438.0000 0.0290
439.0000 0.0292
440.0000 0.0293
446.6000 0.0295
447.0000 0.0297
448.5000 0.0299
450.0000 0.0300
452.5000 0.0302
453.7000 0.0304
454.7000 0.0306
456.4000 0.0307
458.5000 0.0309
459.3000 0.0311
460.3000 0.0312
464.2000 0.0314
465.9000 0.0316
466.8000 0.0318
468.5000 0.0319
473.7000 0.0321
474.1000 0.0323
474.6000 0.0325
477.1000 0.0326
477.3000 0.0328
481.7000 0.0330
482.9000 0.0332
483.1000 0.0333
483.2000 0.0335
483.9000 0.0337
484.3000 0.0339
484.5000 0.0340
486.9000 0.0342
487.1000 0.0344
492.9000 0.0345
494.0000 0.0347
494.3000 0.0349
494.9000 0.0351
497.6000 0.0352
497.6000 0.0354
498.4000 0.0356
499.2000 0.0358
499.8000 0.0359
500.1000 0.0361
501.9000 0.0363
508.3000 0.0365
508.6000 0.0366
510.2000 0.0368
513.1000 0.0370
514.1000 0.0372
514.3000 0.0373
514.9000 0.0375
519.1000 0.0377
519.3000 0.0378
520.0000 0.0380
524.0000 0.0382
524.8000 0.0384
524.9000 0.0385
525.4000 0.0387
525.5000 0.0389
525.7000 0.0391
527.7000 0.0392
529.1000 0.0394
530.2000 0.0396
532.5000 0.0398
532.5000 0.0399
533.0000 0.0401
533.7000 0.0403
534.8000 0.0405
535.3000 0.0406
535.3000 0.0408
537.9000 0.0410
538.4000 0.0411
538.5000 0.0413
539.2000 0.0415
543.9000 0.0417
544.4000 0.0418
546.4000 0.0420
546.5000 0.0422
547.6000 0.0424
550.2000 0.0425
550.2000 0.0427
551.3000 0.0429
554.5000 0.0431
554.7000 0.0432
555.0000 0.0434
557.0000 0.0436
557.6000 0.0437
557.8000 0.0439
558.6000 0.0441
559.7000 0.0443
560.6000 0.0444
560.9000 0.0446
561.0000 0.0448
561.2000 0.0450
561.4000 0.0451
561.4000 0.0453
562.1000 0.0455
563.8000 0.0457
564.5000 0.0458
564.6000 0.0460
564.7000 0.0462
565.0000 0.0464
567.7000 0.0465
570.6000 0.0467
571.8000 0.0469
571.8000 0.0470
575.5000 0.0472
575.6000 0.0474
576.3000 0.0476
576.6000 0.0477
577.4000 0.0479
577.6000 0.0481
579.2000 0.0483
580.2000 0.0484
581.0000 0.0486
581.5000 0.0488
581.7000 0.0490
581.8000 0.0491
582.4000 0.0493
583.8000 0.0495
583.9000 0.0497
584.0000 0.0498
584.6000 0.0500
585.2000 0.0502
585.3000 0.0503
588.5000 0.0505
588.6000 0.0507
590.3000 0.0509
590.8000 0.0510
592.0000 0.0512
593.3000 0.0514
595.6000 0.0516
598.6000 0.0517
600.3000 0.0519
600.5000 0.0521
604.0000 0.0523
604.5000 0.0524
605.7000 0.0526
606.3000 0.0528
606.8000 0.0530
606.9000 0.0531
608.8000 0.0533
609.3000 0.0535
610.5000 0.0536
613.2000 0.0538
615.5000 0.0540
617.4000 0.0542
619.2000 0.0543
620.5000 0.0545
625.3000 0.0547
625.5000 0.0549
625.8000 0.0550
626.6000 0.0552
626.8000 0.0554
626.9000 0.0556
630.3000 0.0557
630.9000 0.0559
633.3000 0.0561
637.7000 0.0562
645.8000 0.0564
645.8000 0.0566
648.0000 0.0568
651.8000 0.0569
653.4000 0.0571
654.2000 0.0573
654.8000 0.0575
655.7000 0.0576
656.6000 0.0578
656.8000 0.0580
657.3000 0.0582
658.1000 0.0583
658.3000 0.0585
662.5000 0.0587
669.9000 0.0589
672.0000 0.0590
672.1000 0.0592
673.2000 0.0594
675.6000 0.0595
676.0000 0.0597
678.1000 0.0599
678.6000 0.0601
678.9000 0.0602
680.2000 0.0604
680.7000 0.0606
683.7000 0.0608
685.2000 0.0609
685.7000 0.0611
690.2000 0.0613
692.1000 0.0615
692.3000 0.0616
694.6000 0.0618
694.6000 0.0620
695.4000 0.0622
695.8000 0.0623
696.6000 0.0625
696.9000 0.0627
698.1000 0.0628
698.3000 0.0630
701.5000 0.0632
702.3000 0.0634
709.5000 0.0635
709.7000 0.0637
712.1000 0.0639
712.3000 0.0641
713.0000 0.0642
716.3000 0.0644
716.5000 0.0646
716.6000 0.0648
716.8000 0.0649
717.3000 0.0651
717.8000 0.0653
719.1000 0.0655
719.1000 0.0656
723.7000 0.0658
726.7000 0.0660
729.3000 0.0661
731.6000 0.0663
731.9000 0.0665
732.2000 0.0667
733.3000 0.0668
733.5000 0.0670
736.6000 0.0672
736.7000 0.0674
739.1000 0.0675
739.8000 0.0677
740.6000 0.0679
741.1000 0.0681
743.4000 0.0682
745.0000 0.0684
746.4000 0.0686
747.9000 0.0687
748.8000 0.0689
749.3000 0.0691
750.7000 0.0693
752.9000 0.0694
754.1000 0.0696
758.1000 0.0698
759.9000 0.0700
760.5000 0.0701
761.4000 0.0703
761.5000 0.0705
761.9000 0.0707
763.3000 0.0708
763.6000 0.0710
763.9000 0.0712
764.2000 0.0714
765.5000 0.0715
765.6000 0.0717
766.9000 0.0719
767.1000 0.0720
768.2000 0.0722
768.2000 0.0724
768.5000 0.0726
774.5000 0.0727
778.7000 0.0729
781.7000 0.0731
787.0000 0.0733
787.3000 0.0734
789.7000 0.0736
791.5000 0.0738
795.8000 0.0740
796.8000 0.0741
798.0000 0.0743
798.8000 0.0745
801.3000 0.0747
804.5000 0.0748
804.9000 0.0750
806.1000 0.0752
806.9000 0.0753
807.0000 0.0755
807.5000 0.0757
810.1000 0.0759
811.7000 0.0760
813.7000 0.0762
813.8000 0.0764
815.6000 0.0766
817.7000 0.0767
818.0000 0.0769
818.5000 0.0771
821.1000 0.0773
821.4000 0.0774
822.8000 0.0776
823.1000 0.0778
824.2000 0.0780
826.8000 0.0781
826.9000 0.0783
827.2000 0.0785
828.2000 0.0786
828.5000 0.0788
833.8000 0.0790
835.6000 0.0792
837.1000 0.0793
837.2000 0.0795
837.7000 0.0797
838.0000 0.0799
839.7000 0.0800
841.6000 0.0802
842.6000 0.0804
842.9000 0.0806
843.4000 0.0807
846.2000 0.0809
847.2000 0.0811
848.0000 0.0812
848.2000 0.0814
848.4000 0.0816
849.3000 0.0818
853.3000 0.0819
853.5000 0.0821
854.5000 0.0823
854.8000 0.0825
857.1000 0.0826
857.7000 0.0828
857.9000 0.0830
858.2000 0.0832
858.4000 0.0833
858.6000 0.0835
861.6000 0.0837
867.5000 0.0839
870.8000 0.0840
872.1000 0.0842
874.2000 0.0844
875.0000 0.0845
875.3000 0.0847
877.4000 0.0849
878.6000 0.0851
881.1000 0.0852
881.7000 0.0854
882.4000 0.0856
882.8000 0.0858
883.5000 0.0859
883.7000 0.0861
884.5000 0.0863
884.9000 0.0865
884.9000 0.0866
885.8000 0.0868
886.3000 0.0870
886.7000 0.0872
886.8000 0.0873
886.9000 0.0875
890.0000 0.0877
892.0000 0.0878
892.2000 0.0880
894.0000 0.0882
895.3000 0.0884
895.3000 0.0885
897.3000 0.0887
902.2000 0.0889
902.8000 0.0891
904.7000 0.0892
905.9000 0.0894
905.9000 0.0896
906.6000 0.0898
907.8000 0.0899
909.3000 0.0901
909.7000 0.0903
909.9000 0.0905
911.3000 0.0906
912.5000 0.0908
913.0000 0.0910
913.9000 0.0911
914.2000 0.0913
915.8000 0.0915
918.0000 0.0917
918.1000 0.0918
919.7000 0.0920
922.7000 0.0922
922.8000 0.0924
922.9000 0.0925
923.9000 0.0927
925.6000 0.0929
927.8000 0.0931
928.0000 0.0932
928.9000 0.0934
929.6000 0.0936
929.7000 0.0937
931.1000 0.0939
932.6000 0.0941
933.3000 0.0943
934.0000 0.0944
936.7000 0.0946
937.8000 0.0948
938.7000 0.0950
939.2000 0.0951
941.6000 0.0953
943.9000 0.0955
947.2000 0.0957
948.2000 0.0958
948.5000 0.0960
948.7000 0.0962
949.2000 0.0964
949.4000 0.0965
949.8000 0.0967
952.8000 0.0969
954.1000 0.0970
954.2000 0.0972
956.5000 0.0974
961.1000 0.0976
961.6000 0.0977
962.0000 0.0979
964.1000 0.0981
966.0000 0.0983
969.9000 0.0984
970.9000 0.0986
972.9000 0.0988
979.1000 0.0990
982.9000 0.0991
983.9000 0.0993
984.8000 0.0995
985.4000 0.0997
990.4000 0.0998
992.6000 0.1000
993.1000 0.1002
994.7000 0.1003
995.7000 0.1005
997.4000 0.1007
997.7000 0.1009
1000.8000 0.1010
1001.8000 0.1012
1002.7000 0.1014
1004.7000 0.1016
1006.4000 0.1017
1006.5000 0.1019
1006.7000 0.1021
1007.7000 0.1023
1009.3000 0.1024
1009.9000 0.1026
1010.6000 0.1028
1010.8000 0.1030
1011.7000 0.1031
1012.8000 0.1033
1013.3000 0.1035
1015.7000 0.1036
1017.3000 0.1038
1019.1000 0.1040
1019.2000 0.1042
1019.3000 0.1043
1022.0000 0.1045
1022.6000 0.1047
1023.3000 0.1049
1024.1000 0.1050
1026.9000 0.1052
1026.9000 0.1054
1027.0000 0.1056
1029.4000 0.1057
1032.4000 0.1059
1033.7000 0.1061
1037.3000 0.1062
1039.3000 0.1064
1040.0000 0.1066
1042.7000 0.1068
1042.8000 0.1069
1043.8000 0.1071
1044.1000 0.1073
1044.7000 0.1075
1051.3000 0.1076
1052.1000 0.1078
1053.0000 0.1080
1055.1000 0.1082
1057.0000 0.1083
1057.7000 0.1085
1057.8000 0.1087
1061.3000 0.1089
1063.3000 0.1090
1067.0000 0.1092
1068.2000 0.1094
1069.5000 0.1095
1072.2000 0.1097
1072.5000 0.1099
1072.9000 0.1101
1077.5000 0.1102
1078.7000 0.1104
1082.7000 0.1106
1085.1000 0.1108
1085.9000 0.1109
1086.8000 0.1111
1087.5000 0.1113
1090.3000 0.1115
1096.5000 0.1116
1098.8000 0.1118
1099.7000 0.1120
1099.8000 0.1122
1100.2000 0.1123
1100.7000 0.1125
1101.8000 0.1127
1103.3000 0.1128
1105.7000 0.1130
1105.9000 0.1132
1110.6000 0.1134
1112.1000 0.1135
1113.0000 0.1137
1113.3000 0.1139
1114.1000 0.1141
1114.3000 0.1142
1116.2000 0.1144
1116.2000 0.1146
1116.7000 0.1148
1116.8000 0.1149
1117.5000 0.1151
1118.0000 0.1153
1119.3000 0.1155
1119.4000 0.1156
1120.8000 0.1158
1121.2000 0.1160
1121.2000 0.1161
1122.4000 0.1163
1122.6000 0.1165
1125.5000 0.1167
1126.1000 0.1168
1128.2000 0.1170
1129.7000 0.1172
1130.6000 0.1174
1131.5000 0.1175
1131.9000 0.1177
1132.6000 0.1179
1132.9000 0.1181
1134.3000 0.1182
1135.0000 0.1184
1135.7000 0.1186
1136.8000 0.1187
1137.8000 0.1189
1138.1000 0.1191
1140.4000 0.1193
1141.9000 0.1194
1142.6000 0.1196
1143.0000 0.1198
1143.8000 0.1200
1144.8000 0.1201
1146.5000 0.1203
1148.0000 0.1205
1149.1000 0.1207
1149.1000 0.1208
1151.7000 0.1210
1151.9000 0.1212
1155.4000 0.1214
1156.6000 0.1215
1159.1000 0.1217
1160.2000 0.1219
1161.6000 0.1220
1162.9000 0.1222
1164.9000 0.1224
1165.8000 0.1226
1166.6000 0.1227
1167.2000 0.1229
1168.0000 0.1231
1169.3000 0.1233
1171.9000 0.1234
1172.4000 0.1236
1172.5000 0.1238
1172.8000 0.1240
1173.0000 0.1241
1173.9000 0.1243
1175.5000 0.1245
1176.2000 0.1247
1178.6000 0.1248
1178.6000 0.1250
1180.0000 0.1252
1182.8000 0.1253
1183.9000 0.1255
1185.5000 0.1257
1186.8000 0.1259
1187.9000 0.1260
1188.8000 0.1262
1189.9000 0.1264
1189.9000 0.1266
1191.0000 0.1267
1191.7000 0.1269
1192.3000 0.1271
1192.7000 0.1273
1193.8000 0.1274
1194.8000 0.1276
1196.3000 0.1278
1198.6000 0.1280
1199.0000 0.1281
1200.1000 0.1283
1201.8000 0.1285
1201.8000 0.1286
1201.8000 0.1288
1204.0000 0.1290
1206.6000 0.1292
1208.3000 0.1293
1208.4000 0.1295
1208.6000 0.1297
1210.7000 0.1299
1210.7000 0.1300
1211.6000 0.1302
1211.8000 0.1304
1212.3000 0.1306
1213.7000 0.1307
1216.3000 0.1309
1218.2000 0.1311
1220.7000 0.1312
1220.9000 0.1314
1221.0000 0.1316
1221.0000 0.1318
1221.6000 0.1319
1222.3000 0.1321
1224.1000 0.1323
1224.7000 0.1325
1229.0000 0.1326
1229.7000 0.1328
1234.1000 0.1330
1234.2000 0.1332
1235.1000 0.1333
1235.3000 0.1335
1235.9000 0.1337
1237.8000 0.1339
1240.9000 0.1340
1241.1000 0.1342
1241.9000 0.1344
1241.9000 0.1345
1242.0000 0.1347
1242.8000 0.1349
1243.1000 0.1351
1244.9000 0.1352
1248.1000 0.1354
1248.6000 0.1356
1250.5000 0.1358
1250.6000 0.1359
1251.3000 0.1361
1253.9000 0.1363
1254.0000 0.1365
1256.8000 0.1366
1258.5000 0.1368
1259.3000 0.1370
1265.1000 0.1372
1265.2000 0.1373
1266.4000 0.1375
1266.7000 0.1377
1267.1000 0.1378
1267.3000 0.1380
1267.5000 0.1382
1268.1000 0.1384
1268.3000 0.1385
1268.6000 0.1387
1271.4000 0.1389
1273.6000 0.1391
1273.9000 0.1392
1274.4000 0.1394
1275.2000 0.1396
1276.5000 0.1398
1277.1000 0.1399
1279.3000 0.1401
1279.6000 0.1403
1279.8000 0.1405
1280.4000 0.1406
1281.1000 0.1408
1282.0000 0.1410
1282.4000 0.1411
1285.7000 0.1413
1287.1000 0.1415
1289.8000 0.1417
1291.3000 0.1418
1293.4000 0.1420
1299.5000 0.1422
1300.5000 0.1424
1300.5000 0.1425
1303.3000 0.1427
1305.3000 0.1429
1305.6000 0.1431
1307.7000 0.1432
1308.8000 0.1434
1315.8000 0.1436
1316.9000 0.1437
1319.8000 0.1439
1320.9000 0.1441
1321.5000 0.1443
1321.6000 0.1444
1321.7000 0.1446
1323.0000 0.1448
1323.2000 0.1450
1323.7000 0.1451
1324.0000 0.1453
1324.8000 0.1455
1325.4000 0.1457
1326.5000 0.1458
1326.6000 0.1460
1326.7000 0.1462
1329.6000 0.1464
1330.1000 0.1465
1330.2000 0.1467
1331.5000 0.1469
1332.5000 0.1470
1333.3000 0.1472
1336.4000 0.1474
1337.1000 0.1476
1337.2000 0.1477
1338.7000 0.1479
1341.6000 0.1481
1343.6000 0.1483
1345.9000 0.1484
1346.7000 0.1486
1349.4000 0.1488
1350.0000 0.1490
1351.9000 0.1491
1351.9000 0.1493
1359.1000 0.1495
1362.0000 0.1497
1362.7000 0.1498
1362.7000 0.1500
1364.5000 0.1502
1365.9000 0.1503
1366.9000 0.1505
1366.9000 0.1507
1367.5000 0.1509
1369.4000 0.1510
1369.7000 0.1512
1369.9000 0.1514
1370.9000 0.1516
1374.8000 0.1517
1376.9000 0.1519
1377.9000 0.1521
1378.0000 0.1523
1380.3000 0.1524
1381.1000 0.1526
1382.7000 0.1528
1386.0000 0.1530
1386.4000 0.1531
1386.7000 0.1533
1387.6000 0.1535
1388.7000 0.1536
1389.5000 0.1538
1392.3000 0.1540
1392.6000 0.1542
1393.8000 0.1543
1394.1000 0.1545
1395.4000 0.1547
1396.9000 0.1549
1397.1000 0.1550
1398.1000 0.1552
1399.0000 0.1554
1401.2000 0.1556
1403.5000 0.1557
1406.4000 0.1559
1408.3000 0.1561
1411.8000 0.1562
1412.5000 0.1564
1412.6000 0.1566
1413.2000 0.1568
1413.9000 0.1569
1415.2000 0.1571
1416.2000 0.1573
1416.3000 0.1575
1416.8000 0.1576
1417.1000 0.1578
1418.5000 0.1580
1418.5000 0.1582
1418.6000 0.1583
1419.2000 0.1585
1419.8000 0.1587
1420.4000 0.1589
1420.5000 0.1590
1420.8000 0.1592
1423.6000 0.1594
1424.1000 0.1595
1427.8000 0.1597
1428.0000 0.1599
1428.7000 0.1601
1428.9000 0.1602
1429.2000 0.1604
1430.0000 0.1606
1430.0000 0.1608
1432.0000 0.1609
1433.3000 0.1611
1434.9000 0.1613
1435.4000 0.1615
1437.1000 0.1616
1438.7000 0.1618
1440.0000 0.1620
1440.4000 0.1622
1441.2000 0.1623
1442.4000 0.1625
1443.6000 0.1627
1448.2000 0.1628
1448.9000 0.1630
1449.1000 0.1632
1449.3000 0.1634
1449.5000 0.1635
1452.2000 0.1637
1452.5000 0.1639
1452.7000 0.1641
1453.0000 0.1642
1453.5000 0.1644
1453.8000 0.1646
1454.2000 0.1648
1455.1000 0.1649
1456.6000 0.1651
1456.8000 0.1653
1456.8000 0.1655
1460.3000 0.1656
1460.3000 0.1658
1462.8000 0.1660
1463.7000 0.1661
1467.2000 0.1663
1468.7000 0.1665
1469.5000 0.1667
1469.8000 0.1668
1472.2000 0.1670
1473.3000 0.1672
1473.8000 0.1674
1474.2000 0.1675
1475.8000 0.1677
1476.6000 0.1679
1477.6000 0.1681
1477.7000 0.1682
1478.1000 0.1684
1486.0000 0.1686
1486.9000 0.1687
1487.5000 0.1689
1487.6000 0.1691
1490.4000 0.1693
1492.2000 0.1694
1494.0000 0.1696
1494.8000 0.1698
1495.8000 0.1700
1495.8000 0.1701
1498.5000 0.1703
1502.1000 0.1705
1504.1000 0.1707
1504.5000 0.1708
1505.0000 0.1710
1507.6000 0.1712
1509.6000 0.1714
1511.7000 0.1715
1512.6000 0.1717
1515.2000 0.1719
1517.3000 0.1720
1518.7000 0.1722
1520.0000 0.1724
1521.0000 0.1726
1525.5000 0.1727
1526.1000 0.1729
1527.2000 0.1731
1527.8000 0.1733
1528.7000 0.1734
1528.9000 0.1736
1529.3000 0.1738
1529.9000 0.1740
1530.4000 0.1741
1531.6000 0.1743
1531.9000 0.1745
1532.9000 0.1747
1534.0000 0.1748
1538.9000 0.1750
1539.1000 0.1752
1541.8000 0.1753
1542.0000 0.1755
1543.0000 0.1757
1548.5000 0.1759
1551.8000 0.1760
1552.0000 0.1762
1553.1000 0.1764
1553.3000 0.1766
1554.2000 0.1767
1554.5000 0.1769
1555.3000 0.1771
1556.4000 0.1773
1557.7000 0.1774
1557.7000 0.1776
1557.8000 0.1778
1558.1000 0.1780
1558.8000 0.1781
1559.2000 0.1783
1560.6000 0.1785
1560.7000 0.1786
1561.6000 0.1788
1562.3000 0.1790
1562.4000 0.1792
1563.2000 0.1793
1563.4000 0.1795
1564.7000 0.1797
1564.9000 0.1799
1565.4000 0.1800
1567.4000 0.1802
1569.2000 0.1804
1569.7000 0.1806
1571.3000 0.1807
1571.5000 0.1809
1573.2000 0.1811
1573.4000 0.1812
1573.8000 0.1814
1576.6000 0.1816
1577.0000 0.1818
1577.6000 0.1819
1583.8000 0.1821
1585.8000 0.1823
1587.8000 0.1825
1588.0000 0.1826
1588.9000 0.1828
1591.0000 0.1830
1591.9000 0.1832
1592.0000 0.1833
1594.1000 0.1835
1594.6000 0.1837
1595.7000 0.1839
1596.9000 0.1840
1597.2000 0.1842
1598.3000 0.1844
1599.6000 0.1845
1600.1000 0.1847
1601.8000 0.1849
1602.1000 0.1851
1602.3000 0.1852
1605.3000 0.1854
1605.6000 0.1856
1609.0000 0.1858
1609.6000 0.1859
1610.6000 0.1861
1612.3000 0.1863
1612.8000 0.1865
1617.0000 0.1866
1619.4000 0.1868
1620.1000 0.1870
1620.9000 0.1872
1622.4000 0.1873
1623.7000 0.1875
1627.0000 0.1877
1629.3000 0.1878
1630.0000 0.1880
1632.0000 0.1882
1632.8000 0.1884
1636.8000 0.1885
1636.8000 0.1887
1637.0000 0.1889
1637.3000 0.1891
1639.9000 0.1892
1641.1000 0.1894
1642.5000 0.1896
1642.7000 0.1898
1644.6000 0.1899
1645.1000 0.1901
1645.9000 0.1903
1647.6000 0.1905
1650.1000 0.1906
1652.2000 0.1908
1653.1000 0.1910
1653.7000 0.1911
1656.9000 0.1913
1657.3000 0.1915
1657.7000 0.1917
1661.0000 0.1918
1663.5000 0.1920
1664.1000 0.1922
1665.0000 0.1924
1665.2000 0.1925
1666.3000 0.1927
1666.4000 0.1929
1666.9000 0.1931
1668.2000 0.1932
1668.9000 0.1934
1669.1000 0.1936
1669.2000 0.1937
1669.4000 0.1939
1670.0000 0.1941
1672.4000 0.1943
1673.1000 0.1944
1673.3000 0.1946
1675.1000 0.1948
1676.5000 0.1950
1680.1000 0.1951
1682.4000 0.1953
1682.4000 0.1955
1683.0000 0.1957
1687.5000 0.1958
1688.0000 0.1960
1691.4000 0.1962
1692.9000 0.1964
1693.3000 0.1965
1697.6000 0.1967
1701.6000 0.1969
1703.4000 0.1970
1703.8000 0.1972
1704.5000 0.1974
1705.8000 0.1976
1706.2000 0.1977
1707.1000 0.1979
1709.4000 0.1981
1710.6000 0.1983
1710.7000 0.1984
1712.0000 0.1986
1714.3000 0.1988
1714.7000 0.1990
1717.2000 0.1991
1718.1000 0.1993
1721.7000 0.1995
1722.0000 0.1997
1723.4000 0.1998
1723.9000 0.2000
1728.0000 0.2002
1728.1000 0.2003
1729.7000 0.2005
1730.3000 0.2007
1730.6000 0.2009
1738.5000 0.2010
1739.0000 0.2012
1741.1000 0.2014
1741.7000 0.2016
1745.4000 0.2017
1747.5000 0.2019
1747.7000 0.2021
1750.0000 0.2023
1752.6000 0.2024
1753.2000 0.2026
1754.3000 0.2028
1754.4000 0.2030
1756.4000 0.2031
1757.1000 0.2033
1757.1000 0.2035
1757.2000 0.2036
1757.6000 0.2038
1757.6000 0.2040
1757.7000 0.2042
1758.7000 0.2043
1762.0000 0.2045
1762.2000 0.2047
1762.5000 0.2049
1762.8000 0.2050
1767.2000 0.2052
1769.0000 0.2054
1770.1000 0.2056
1770.7000 0.2057
1777.3000 0.2059
1777.5000 0.2061
1781.1000 0.2062
1783.9000 0.2064
1785.1000 0.2066
1787.0000 0.2068
1787.1000 0.2069
1787.9000 0.2071
1791.8000 0.2073
1791.8000 0.2075
1793.0000 0.2076
1793.0000 0.2078
1793.1000 0.2080
1796.0000 0.2082
1799.6000 0.2083
1800.2000 0.2085
1800.7000 0.2087
1802.6000 0.2089
1804.2000 0.2090
1805.7000 0.2092
1806.9000 0.2094
1807.6000 0.2095
1808.1000 0.2097
1808.3000 0.2099
1808.9000 0.2101
1810.2000 0.2102
1815.3000 0.2104
1817.5000 0.2106
1817.8000 0.2108
1818.0000 0.2109
1819.5000 0.2111
1825.5000 0.2113
1825.9000 0.2115
1827.3000 0.2116
1828.0000 0.2118
1828.6000 0.2120
1829.8000 0.2122
1831.6000 0.2123
1832.9000 0.2125
1833.8000 0.2127
1835.5000 0.2128
1836.7000 0.2130
1837.5000 0.2132
1839.2000 0.2134
1839.5000 0.2135
1840.3000 0.2137
1843.4000 0.2139
1844.4000 0.2141
1845.9000 0.2142
1849.4000 0.2144
1851.7000 0.2146
1852.7000 0.2148
1853.2000 0.2149
1857.0000 0.2151
1858.7000 0.2153
1861.5000 0.2155
1865.5000 0.2156
1866.1000 0.2158
1866.3000 0.2160
1866.7000 0.2161
1868.3000 0.2163
1868.8000 0.2165
1871.5000 0.2167
1872.2000 0.2168
1872.8000 0.2170
1873.8000 0.2172
1875.4000 0.2174
1876.8000 0.2175
1876.8000 0.2177
1881.3000 0.2179
1881.7000 0.2181
1882.9000 0.2182
1885.8000 0.2184
1892.0000 0.2186
1892.7000 0.2187
1893.8000 0.2189
1894.3000 0.2191
1895.4000 0.2193
1895.4000 0.2194
1896.5000 0.2196
1896.8000 0.2198
1898.7000 0.2200
1899.4000 0.2201
1902.9000 0.2203
1906.1000 0.2205
1908.3000 0.2207
1908.4000 0.2208
1908.6000 0.2210
1913.2000 0.2212
1913.7000 0.2214
1914.5000 0.2215
1915.4000 0.2217
1915.7000 0.2219
1918.1000 0.2220
1920.2000 0.2222
1920.7000 0.2224
1921.7000 0.2226
1922.9000 0.2227
1923.3000 0.2229
1928.8000 0.2231
1929.1000 0.2233
1929.2000 0.2234
1932.4000 0.2236
1932.7000 0.2238
1933.0000 0.2240
1933.2000 0.2241
1935.8000 0.2243
1937.5000 0.2245
1939.4000 0.2247
1940.8000 0.2248
1942.9000 0.2250
1943.6000 0.2252
1943.9000 0.2253
1944.3000 0.2255
1944.4000 0.2257
1947.0000 0.2259
1947.8000 0.2260
1948.3000 0.2262
1958.3000 0.2264
1961.4000 0.2266
1964.1000 0.2267
1974.2000 0.2269
1974.4000 0.2271
1974.8000 0.2273
1977.5000 0.2274
1978.8000 0.2276
1978.9000 0.2278
1979.2000 0.2280
1985.9000 0.2281
1986.0000 0.2283
1987.9000 0.2285
1988.0000 0.2286
1988.2000 0.2288
1988.5000 0.2290
1994.0000 0.2292
1994.2000 0.2293
1995.6000 0.2295
1997.4000 0.2297
1998.1000 0.2299
1998.2000 0.2300
1999.1000 0.2302
2000.0000 0.2304
2001.8000 0.2306
2003.2000 0.2307
2004.8000 0.2309
2009.0000 0.2311
2009.6000 0.2312
2012.6000 0.2314
2012.7000 0.2316
2016.4000 0.2318
2019.1000 0.2319
2022.3000 0.2321
2023.1000 0.2323
2027.0000 0.2325
2027.2000 0.2326
2030.1000 0.2328
2030.6000 0.2330
2032.4000 0.2332
2032.5000 0.2333
2033.9000 0.2335
2035.1000 0.2337
2036.2000 0.2339
2037.7000 0.2340
2039.1000 0.2342
2039.4000 0.2344
2039.4000 0.2345
2040.8000 0.2347
2042.9000 0.2349
2045.6000 0.2351
2050.3000 0.2352
2051.4000 0.2354
2052.0000 0.2356
2052.3000 0.2358
2053.3000 0.2359
2053.3000 0.2361
2053.6000 0.2363
2057.6000 0.2365
2060.7000 0.2366
2061.7000 0.2368
2061.7000 0.2370
2062.9000 0.2372
2063.1000 0.2373
2064.7000 0.2375
2067.8000 0.2377
2068.3000 0.2378
2068.9000 0.2380
2069.0000 0.2382
2069.4000 0.2384
2070.0000 0.2385
2070.5000 0.2387
2072.1000 0.2389
2076.5000 0.2391
2079.9000 0.2392
2080.4000 0.2394
2084.0000 0.2396
2084.2000 0.2398
2088.1000 0.2399
2089.0000 0.2401
2091.8000 0.2403
2095.5000 0.2405
2098.5000 0.2406
2099.0000 0.2408
2099.1000 0.2410
2101.7000 0.2411
2103.2000 0.2413
2104.4000 0.2415
2104.6000 0.2417
2105.7000 0.2418
2105.8000 0.2420
2106.4000 0.2422
2107.3000 0.2424
2112.1000 0.2425
2112.4000 0.2427
2113.1000 0.2429
2113.2000 0.2431
2114.3000 0.2432
2118.0000 0.2434
2121.5000 0.2436
2123.1000 0.2437
2124.4000 0.2439
2126.9000 0.2441
2127.7000 0.2443
2127.8000 0.2444
2129.9000 0.2446
2137.0000 0.2448
2139.0000 0.2450
2139.3000 0.2451
2141.0000 0.2453
2141.7000 0.2455
2143.9000 0.2457
2144.6000 0.2458
2144.8000 0.2460
2146.0000 0.2462
2147.5000 0.2464
2149.0000 0.2465
2149.6000 0.2467
2150.2000 0.2469
2151.1000 0.2470
2153.6000 0.2472
2158.1000 0.2474
2164.0000 0.2476
2164.3000 0.2477
2166.6000 0.2479
2166.8000 0.2481
2175.3000 0.2483
2176.9000 0.2484
2176.9000 0.2486
2177.1000 0.2488
2179.1000 0.2490
2181.6000 0.2491
2185.8000 0.2493
2186.2000 0.2495
2187.1000 0.2497
2188.6000 0.2498
2189.0000 0.2500
2189.2000 0.2502
2189.7000 0.2503
2190.9000 0.2505
2191.4000 0.2507
2191.9000 0.2509
2194.1000 0.2510
2199.6000 0.2512
2204.8000 0.2514
2210.8000 0.2516
2212.4000 0.2517
2216.9000 0.2519
2220.6000 0.2521
2223.8000 0.2523
2225.4000 0.2524
2234.1000 0.2526
2234.2000 0.2528
2240.0000 0.2530
2241.8000 0.2531
2245.6000 0.2533
2246.5000 0.2535
2248.0000 0.2536
2249.3000 0.2538
2249.3000 0.2540
2257.4000 0.2542
2257.5000 0.2543
2261.6000 0.2545
2262.8000 0.2547
2263.7000 0.2549
2264.6000 0.2550
2265.0000 0.2552
2265.0000 0.2554
2266.8000 0.2556
2273.2000 0.2557
2276.0000 0.2559
2277.1000 0.2561
2277.4000 0.2563
2278.5000 0.2564
2279.1000 0.2566
2280.4000 0.2568
2288.7000 0.2569
2291.7000 0.2571
2297.7000 0.2573
2300.0000 0.2575
2302.9000 0.2576
2303.7000 0.2578
2304.3000 0.2580
2305.0000 0.2582
2307.1000 0.2583
2309.5000 0.2585
2309.7000 0.2587
2311.7000 0.2589
2313.3000 0.2590
2315.7000 0.2592
2316.4000 0.2594
2316.6000 0.2595
2316.9000 0.2597
2320.8000 0.2599
2329.1000 0.2601
2329.8000 0.2602
2333.0000 0.2604
2334.1000 0.2606
2337.1000 0.2608
2338.7000 0.2609
2339.4000 0.2611
2340.9000 0.2613
2343.1000 0.2615
2343.2000 0.2616
2344.1000 0.2618
2344.1000 0.2620
2344.6000 0.2622
2346.7000 0.2623
2347.0000 0.2625
2347.5000 0.2627
2350.7000 0.2628
2356.9000 0.2630
2357.4000 0.2632
2361.8000 0.2634
2363.4000 0.2635
2364.1000 0.2637
2366.1000 0.2639
2366.1000 0.2641
2367.3000 0.2642
2367.4000 0.2644
2371.6000 0.2646
2372.4000 0.2648
2372.4000 0.2649
2374.2000 0.2651
2377.0000 0.2653
2378.7000 0.2655
2381.7000 0.2656
2384.5000 0.2658
2385.4000 0.2660
2389.9000 0.2661
2397.9000 0.2663
2399.3000 0.2665
2399.7000 0.2667
2403.0000 0.2668
2403.6000 0.2670
2404.4000 0.2672
2406.9000 0.2674
2407.5000 0.2675
2411.6000 0.2677
2412.0000 0.2679
2417.7000 0.2681
2419.2000 0.2682
2422.2000 0.2684
2426.9000 0.2686
2427.8000 0.2688
2432.3000 0.2689
2432.3000 0.2691
2432.7000 0.2693
2433.7000 0.2694
2433.7000 0.2696
2434.9000 0.2698
2435.9000 0.2700
2437.2000 0.2701
2439.2000 0.2703
2439.8000 0.2705
2440.3000 0.2707
2441.7000 0.2708
2442.1000 0.2710
2442.2000 0.2712
2445.4000 0.2714
2445.9000 0.2715
2448.4000 0.2717
2448.7000 0.2719
2448.9000 0.2720
2453.7000 0.2722
2454.6000 0.2724
2455.7000 0.2726
2455.9000 0.2727
2457.3000 0.2729
2458.7000 0.2731
2462.4000 0.2733
2464.6000 0.2734
2468.5000 0.2736
2471.7000 0.2738
2475.5000 0.2740
2476.8000 0.2741
2477.0000 0.2743
2480.2000 0.2745
2480.6000 0.2747
2482.4000 0.2748
2482.8000 0.2750
2483.1000 0.2752
2485.4000 0.2753
2486.7000 0.2755
2487.3000 0.2757
2488.4000 0.2759
2491.4000 0.2760
2492.6000 0.2762
2492.9000 0.2764
2493.2000 0.2766
2494.5000 0.2767
2494.8000 0.2769
2497.5000 0.2771
2498.0000 0.2773
2502.3000 0.2774
2502.4000 0.2776
2506.5000 0.2778
2508.8000 0.2780
2515.8000 0.2781
2517.3000 0.2783
2519.4000 0.2785
2520.3000 0.2786
2520.4000 0.2788
2521.1000 0.2790
2524.0000 0.2792
2524.2000 0.2793
2529.7000 0.2795
2531.7000 0.2797
2537.0000 0.2799
2537.9000 0.2800
2540.8000 0.2802
2547.4000 0.2804
2548.5000 0.2806
2554.4000 0.2807
2555.8000 0.2809
2558.0000 0.2811
2558.5000 0.2813
2559.1000 0.2814
2562.9000 0.2816
2564.9000 0.2818
2568.8000 0.2819
2570.3000 0.2821
2574.1000 0.2823
2574.6000 0.2825
2574.7000 0.2826
2579.0000 0.2828
2581.4000 0.2830
2583.3000 0.2832
2584.6000 0.2833
2584.7000 0.2835
2585.7000 0.2837
2586.9000 0.2839
2587.4000 0.2840
2588.7000 0.2842
2595.4000 0.2844
2597.8000 0.2845
2597.9000 0.2847
2599.7000 0.2849
2604.4000 0.2851
2605.1000 0.2852
2613.7000 0.2854
2622.9000 0.2856
2625.7000 0.2858
2626.7000 0.2859
2629.5000 0.2861
2630.3000 0.2863
2632.2000 0.2865
2632.3000 0.2866
2633.6000 0.2868
2634.9000 0.2870
2638.4000 0.2872
2638.9000 0.2873
2642.6000 0.2875
2643.9000 0.2877
2649.8000 0.2878
2654.2000 0.2880
2655.0000 0.2882
2655.0000 0.2884
2656.7000 0.2885
2660.6000 0.2887
2663.5000 0.2889
2664.0000 0.2891
2675.9000 0.2892
2676.3000 0.2894
2676.6000 0.2896
2677.6000 0.2898
2681.6000 0.2899
2686.5000 0.2901
2687.3000 0.2903
2688.5000 0.2905
2688.9000 0.2906
2690.1000 0.2908
2692.4000 0.2910
2692.6000 0.2911
2695.0000 0.2913
2700.2000 0.2915
2706.5000 0.2917
2706.9000 0.2918
2708.5000 0.2920
2716.9000 0.2922
2721.9000 0.2924
2722.4000 0.2925
2723.5000 0.2927
2725.5000 0.2929
2731.8000 0.2931
2733.7000 0.2932
2736.9000 0.2934
2742.7000 0.2936
2746.7000 0.2938
2748.0000 0.2939
2752.7000 0.2941
2754.2000 0.2943
2755.6000 0.2944
2759.8000 0.2946
2760.5000 0.2948
2761.5000 0.2950
2761.5000 0.2951
2762.6000 0.2953
2762.9000 0.2955
2767.8000 0.2957
2767.8000 0.2958
2770.5000 0.2960
2773.0000 0.2962
2774.5000 0.2964
2777.2000 0.2965
2777.6000 0.2967
2780.0000 0.2969
2781.6000 0.2970
2785.3000 0.2972
2787.8000 0.2974
2791.8000 0.2976
2792.6000 0.2977
2793.3000 0.2979
2795.5000 0.2981
2798.9000 0.2983
2799.0000 0.2984
2804.1000 0.2986
2804.6000 0.2988
2804.9000 0.2990
2806.7000 0.2991
2806.8000 0.2993
2807.5000 0.2995
2813.6000 0.2997
2819.6000 0.2998
2825.9000 0.3000
2834.1000 0.3002
2837.2000 0.3003
2838.6000 0.3005
2842.6000 0.3007
2842.7000 0.3009
2844.1000 0.3010
2847.3000 0.3012
2851.0000 0.3014
2852.4000 0.3016
2853.3000 0.3017
2858.4000 0.3019
2860.5000 0.3021
2861.5000 0.3023
2862.7000 0.3024
2863.4000 0.3026
2870.6000 0.3028
2871.9000 0.3030
2875.4000 0.3031
2877.0000 0.3033
2882.4000 0.3035
2882.7000 0.3036
2883.7000 0.3038
2885.3000 0.3040
2890.6000 0.3042
2892.4000 0.3043
2898.1000 0.3045
2899.4000 0.3047
2905.6000 0.3049
2908.2000 0.3050
2908.4000 0.3052
2909.1000 0.3054
2910.0000 0.3056
2918.3000 0.3057
2919.3000 0.3059
2928.7000 0.3061
2930.2000 0.3063
2933.6000 0.3064
2936.9000 0.3066
2939.2000 0.3068
2948.5000 0.3069
2952.8000 0.3071
2959.1000 0.3073
2961.8000 0.3075
2971.6000 0.3076
2971.8000 0.3078
2972.3000 0.3080
2978.0000 0.3082
2979.8000 0.3083
2982.1000 0.3085
2982.1000 0.3087
2982.1000 0.3089
2982.5000 0.3090
2983.1000 0.3092
2985.1000 0.3094
2987.0000 0.3095
2987.5000 0.3097
2992.5000 0.3099
2993.0000 0.3101
2995.7000 0.3102
3000.8000 0.3104
3003.9000 0.3106
3004.4000 0.3108
3004.6000 0.3109
3005.6000 0.3111
3008.6000 0.3113
3008.7000 0.3115
3009.1000 0.3116
3009.1000 0.3118
3021.4000 0.3120
3024.5000 0.3122
3025.2000 0.3123
3025.8000 0.3125
3027.2000 0.3127
3027.9000 0.3128
3029.3000 0.3130
3030.1000 0.3132
3047.1000 0.3134
3048.0000 0.3135
3052.8000 0.3137
3053.7000 0.3139
3056.7000 0.3141
3057.6000 0.3142
3057.8000 0.3144
3058.9000 0.3146
3060.7000 0.3148
3068.7000 0.3149
3071.9000 0.3151
3077.1000 0.3153
3078.2000 0.3155
3078.9000 0.3156
3082.2000 0.3158
3086.5000 0.3160
3087.5000 0.3161
3088.1000 0.3163
3092.3000 0.3165
3092.7000 0.3167
3098.3000 0.3168
3098.9000 0.3170
3107.3000 0.3172
3110.6000 0.3174
3117.5000 0.3175
3121.6000 0.3177
3123.2000 0.3179
3124.5000 0.3181
3129.2000 0.3182
3129.8000 0.3184
3133.4000 0.3186
3137.7000 0.3188
3137.8000 0.3189
3140.0000 0.3191
3143.3000 0.3193
3145.4000 0.3194
3148.2000 0.3196
3151.5000 0.3198
3155.1000 0.3200
3158.5000 0.3201
3160.6000 0.3203
3165.2000 0.3205
3166.6000 0.3207
3168.4000 0.3208
3173.6000 0.3210
3174.5000 0.3212
3177.3000 0.3214
3179.1000 0.3215
3181.4000 0.3217
3181.8000 0.3219
3190.8000 0.3220
3197.7000 0.3222
3198.1000 0.3224
3202.8000 0.3226
3204.7000 0.3227
3210.6000 0.3229
3214.1000 0.3231
3218.7000 0.3233
3220.7000 0.3234
3221.3000 0.3236
3225.1000 0.3238
3232.1000 0.3240
3232.8000 0.3241
3235.9000 0.3243
3240.9000 0.3245
3245.1000 0.3247
3247.2000 0.3248
3248.8000 0.3250
3251.6000 0.3252
3259.6000 0.3253
3259.6000 0.3255
3262.1000 0.3257
3265.9000 0.3259
3273.2000 0.3260
3275.2000 0.3262
3279.0000 0.3264
3285.5000 0.3266
3287.6000 0.3267
3289.2000 0.3269
3289.3000 0.3271
3299.9000 0.3273
3304.1000 0.3274
3308.3000 0.3276
3313.1000 0.3278
3313.5000 0.3280
3315.5000 0.3281
3317.1000 0.3283
3322.0000 0.3285
3324.4000 0.3286
3326.6000 0.3288
3327.6000 0.3290
3328.3000 0.3292
3335.4000 0.3293
3339.3000 0.3295
3347.2000 0.3297
3348.0000 0.3299
3349.8000 0.3300
3362.1000 0.3302
3368.1000 0.3304
3369.9000 0.3306
3377.7000 0.3307
3377.9000 0.3309
3379.0000 0.3311
3386.4000 0.3313
3387.7000 0.3314
3391.8000 0.3316
3392.4000 0.3318
3396.5000 0.3319
3397.5000 0.3321
3405.6000 0.3323
3405.6000 0.3325
3407.2000 0.3326
3411.9000 0.3328
3414.9000 0.3330
3417.7000 0.3332
3420.8000 0.3333
3422.5000 0.3335
3431.5000 0.3337
3432.9000 0.3339
3433.1000 0.3340
3433.3000 0.3342
3445.8000 0.3344
3446.4000 0.3345
3448.7000 0.3347
3449.5000 0.3349
3449.7000 0.3351
3449.9000 0.3352
3452.1000 0.3354
3452.3000 0.3356
3452.7000 0.3358
3453.7000 0.3359
3455.1000 0.3361
3458.1000 0.3363
3463.1000 0.3365
3465.6000 0.3366
3466.6000 0.3368
3466.9000 0.3370
3471.1000 0.3372
3471.6000 0.3373
3475.0000 0.3375
3497.6000 0.3377
3500.6000 0.3378
3507.8000 0.3380
3508.5000 0.3382
3509.7000 0.3384
3513.5000 0.3385
3513.9000 0.3387
3532.3000 0.3389
3532.5000 0.3391
3546.7000 0.3392
3546.9000 0.3394
3548.0000 0.3396
3549.1000 0.3398
3550.6000 0.3399
3553.7000 0.3401
3556.9000 0.3403
3557.3000 0.3405
3558.0000 0.3406
3559.4000 0.3408
3559.8000 0.3410
3562.1000 0.3411
3575.8000 0.3413
3576.8000 0.3415
3577.5000 0.3417
3579.3000 0.3418
3580.0000 0.3420
3584.1000 0.3422
3585.0000 0.3424
3585.4000 0.3425
3586.9000 0.3427
3588.8000 0.3429
3589.0000 0.3431
3591.1000 0.3432
3601.2000 0.3434
3601.6000 0.3436
3606.3000 0.3438
3607.6000 0.3439
3607.9000 0.3441
3611.8000 0.3443
3612.7000 0.3444
3613.1000 0.3446
3613.7000 0.3448
3617.1000 0.3450
3618.9000 0.3451
3620.5000 0.3453
3623.1000 0.3455
3625.2000 0.3457
3626.3000 0.3458
3632.1000 0.3460
3632.9000 0.3462
3646.1000 0.3464
3650.4000 0.3465
3655.2000 0.3467
3657.0000 0.3469
3658.3000 0.3470
3663.5000 0.3472
3665.8000 0.3474
3670.5000 0.3476
3680.1000 0.3477
3683.0000 0.3479
3685.6000 0.3481
3695.6000 0.3483
3707.9000 0.3484
3715.5000 0.3486
3720.7000 0.3488
3723.0000 0.3490
3723.1000 0.3491
3727.1000 0.3493
3735.4000 0.3495
3737.1000 0.3497
3741.7000 0.3498
3742.0000 0.3500
3743.2000 0.3502
3755.5000 0.3503
3762.2000 0.3505
3770.0000 0.3507
3776.1000 0.3509
3779.3000 0.3510
3781.5000 0.3512
3784.3000 0.3514
3786.6000 0.3516
3793.2000 0.3517
3799.0000 0.3519
3805.7000 0.3521
3805.8000 0.3523
3808.9000 0.3524
3814.8000 0.3526
3825.9000 0.3528
3828.1000 0.3530
3828.6000 0.3531
3831.1000 0.3533
3835.3000 0.3535
3838.5000 0.3536
3842.1000 0.3538
3847.4000 0.3540
3847.5000 0.3542
3848.1000 0.3543
3852.1000 0.3545
3852.1000 0.3547
3854.8000 0.3549
3858.9000 0.3550
3860.9000 0.3552
3863.4000 0.3554
3869.9000 0.3556
3871.3000 0.3557
3873.9000 0.3559
3874.9000 0.3561
3878.3000 0.3563
3888.7000 0.3564
3906.8000 0.3566
3908.4000 0.3568
3913.9000 0.3569
3915.3000 0.3571
3920.4000 0.3573
3922.3000 0.3575
3926.7000 0.3576
3928.9000 0.3578
3929.6000 0.3580
3930.0000 0.3582
3932.9000 0.3583
3933.5000 0.3585
3936.4000 0.3587
3936.6000 0.3589
3939.9000 0.3590
3944.1000 0.3592
3945.6000 0.3594
3955.8000 0.3595
3962.8000 0.3597
3965.2000 0.3599
3970.0000 0.3601
3971.9000 0.3602
3972.7000 0.3604
3981.5000 0.3606
3981.8000 0.3608
3982.2000 0.3609
3982.8000 0.3611
3986.3000 0.3613
3990.0000 0.3615
3990.1000 0.3616
3991.8000 0.3618
3995.2000 0.3620
3999.1000 0.3622
4000.3000 0.3623
4001.7000 0.3625
4004.5000 0.3627
4009.3000 0.3628
4009.3000 0.3630
4013.5000 0.3632
4017.7000 0.3634
4020.2000 0.3635
4021.6000 0.3637
4026.7000 0.3639
4028.3000 0.3641
4028.5000 0.3642
4034.1000 0.3644
4035.1000 0.3646
4037.7000 0.3648
4038.3000 0.3649
4041.8000 0.3651
4051.6000 0.3653
4057.3000 0.3655
4062.5000 0.3656
4074.4000 0.3658
4084.2000 0.3660
4085.2000 0.3661
4085.7000 0.3663
4098.3000 0.3665
4098.5000 0.3667
4103.2000 0.3668
4105.4000 0.3670
4106.2000 0.3672
4109.8000 0.3674
4113.7000 0.3675
4114.1000 0.3677
4119.3000 0.3679
4119.6000 0.3681
4123.7000 0.3682
4125.8000 0.3684
4126.5000 0.3686
4128.6000 0.3688
4130.2000 0.3689
4134.6000 0.3691
4136.9000 0.3693
4137.0000 0.3694
4138.9000 0.3696
4144.8000 0.3698
4146.9000 0.3700
4149.1000 0.3701
4156.2000 0.3703
4162.6000 0.3705
4165.0000 0.3707
4174.9000 0.3708
4176.6000 0.3710
4183.5000 0.3712
4187.9000 0.3714
4188.5000 0.3715
4192.5000 0.3717
4194.2000 0.3719
4194.5000 0.3720
4200.0000 0.3722
4207.0000 0.3724
4212.0000 0.3726
4213.9000 0.3727
4214.4000 0.3729
4214.6000 0.3731
4217.2000 0.3733
4217.3000 0.3734
4232.5000 0.3736
4234.5000 0.3738
4234.5000 0.3740
4241.6000 0.3741
4245.8000 0.3743
4247.5000 0.3745
4247.9000 0.3747
4252.1000 0.3748
4258.7000 0.3750
4260.7000 0.3752
4266.9000 0.3753
4272.5000 0.3755
4273.5000 0.3757
4277.9000 0.3759
4284.1000 0.3760
4288.2000 0.3762
4291.0000 0.3764
4291.1000 0.3766
4291.2000 0.3767
4293.6000 0.3769
4298.0000 0.3771
4298.7000 0.3773
4303.7000 0.3774
4304.9000 0.3776
4307.9000 0.3778
4312.5000 0.3780
4317.7000 0.3781
4320.4000 0.3783
4321.6000 0.3785
4323.7000 0.3786
4328.9000 0.3788
4333.8000 0.3790
4337.6000 0.3792
4338.1000 0.3793
4338.5000 0.3795
4338.6000 0.3797
4339.0000 0.3799
4343.4000 0.3800
4345.5000 0.3802
4350.3000 0.3804
4352.2000 0.3806
4353.4000 0.3807
4354.0000 0.3809
4358.5000 0.3811
4361.3000 0.3813
4372.9000 0.3814
4372.9000 0.3816
4378.3000 0.3818
4378.6000 0.3819
4386.7000 0.3821
4388.9000 0.3823
4392.3000 0.3825
4393.1000 0.3826
4394.6000 0.3828
4405.5000 0.3830
4405.7000 0.3832
4405.8000 0.3833
4418.3000 0.3835
4425.2000 0.3837
4427.4000 0.3839
4433.1000 0.3840
4436.7000 0.3842
4438.0000 0.3844
4441.9000 0.3845
4444.0000 0.3847
4445.5000 0.3849
4446.9000 0.3851
4452.8000 0.3852
4453.7000 0.3854
4454.8000 0.3856
4458.0000 0.3858
4458.7000 0.3859
4466.2000 0.3861
4466.7000 0.3863
4482.9000 0.3865
4484.4000 0.3866
4485.5000 0.3868
4486.0000 0.3870
4490.3000 0.3872
4490.5000 0.3873
4490.5000 0.3875
4503.1000 0.3877
4505.8000 0.3878
4506.9000 0.3880
4508.5000 0.3882
4517.6000 0.3884
4522.9000 0.3885
4526.0000 0.3887
4529.3000 0.3889
4536.8000 0.3891
4540.4000 0.3892
4542.2000 0.3894
4548.6000 0.3896
4550.6000 0.3898
4555.5000 0.3899
4558.5000 0.3901
4559.0000 0.3903
4561.2000 0.3905
4562.5000 0.3906
4568.7000 0.3908
4573.1000 0.3910
4573.2000 0.3911
4575.8000 0.3913
4592.6000 0.3915
4610.3000 0.3917
4615.2000 0.3918
4617.9000 0.3920
4621.9000 0.3922
4627.3000 0.3924
4627.8000 0.3925
4633.1000 0.3927
4635.7000 0.3929
4639.2000 0.3931
4639.7000 0.3932
4639.7000 0.3934
4647.8000 0.3936
4663.1000 0.3938
4671.4000 0.3939
4672.6000 0.3941
4687.0000 0.3943
4687.4000 0.3944
4688.5000 0.3946
4693.6000 0.3948
4698.1000 0.3950
4699.4000 0.3951
4702.6000 0.3953
4709.3000 0.3955
4711.6000 0.3957
4712.1000 0.3958
4712.7000 0.3960
4713.1000 0.3962
4714.0000 0.3964
4716.8000 0.3965
4719.7000 0.3967
4720.4000 0.3969
4722.1000 0.3970
4735.4000 0.3972
4735.5000 0.3974
4740.3000 0.3976
4745.2000 0.3977
4746.1000 0.3979
4751.3000 0.3981
4754.8000 0.3983
4758.9000 0.3984
4766.1000 0.3986
4766.2000 0.3988
4768.6000 0.3990
4772.6000 0.3991
4773.0000 0.3993
4782.0000 0.3995
4783.3000 0.3997
4785.5000 0.3998
4787.4000 0.4000
4803.6000 0.4002
4807.9000 0.4003
4810.2000 0.4005
4810.9000 0.4007
4816.7000 0.4009
4817.5000 0.4010
4817.8000 0.4012
4820.8000 0.4014
4821.9000 0.4016
4834.3000 0.4017
4837.7000 0.4019
4846.7000 0.4021
4848.5000 0.4023
4849.2000 0.4024
4849.8000 0.4026
4850.0000 0.4028
4850.3000 0.4030
4851.6000 0.4031
4852.2000 0.4033
4853.8000 0.4035
4855.0000 0.4036
4859.7000 0.4038
4860.9000 0.4040
4861.4000 0.4042
4870.2000 0.4043
4878.2000 0.4045
4883.0000 0.4047
4887.5000 0.4049
4893.7000 0.4050
4901.8000 0.4052
4903.9000 0.4054
4906.4000 0.4056
4913.4000 0.4057
4914.2000 0.4059
4918.3000 0.4061
4921.9000 0.4063
4927.2000 0.4064
4937.3000 0.4066
4942.7000 0.4068
4948.8000 0.4069
4950.4000 0.4071
4954.5000 0.4073
4956.4000 0.4075
4959.2000 0.4076
4961.5000 0.4078
4966.6000 0.4080
4970.3000 0.4082
4972.6000 0.4083
4980.7000 0.4085
4988.4000 0.4087
4988.6000 0.4089
4995.3000 0.4090
4997.0000 0.4092
4997.2000 0.4094
5003.3000 0.4095
5005.0000 0.4097
5010.1000 0.4099
5013.5000 0.4101
5016.6000 0.4102
5018.4000 0.4104
5018.5000 0.4106
5018.8000 0.4108
5028.3000 0.4109
5031.5000 0.4111
5037.1000 0.4113
5041.5000 0.4115
5044.4000 0.4116
5050.2000 0.4118
5050.5000 0.4120
5051.9000 0.4122
5053.5000 0.4123
5058.5000 0.4125
5058.9000 0.4127
5064.3000 0.4128
5071.8000 0.4130
5074.4000 0.4132
5077.7000 0.4134
5081.9000 0.4135
5086.6000 0.4137
5100.8000 0.4139
5103.3000 0.4141
5105.1000 0.4142
5140.4000 0.4144
5141.3000 0.4146
5152.5000 0.4148
5154.9000 0.4149
5169.0000 0.4151
5173.2000 0.4153
5178.0000 0.4155
5178.5000 0.4156
5182.1000 0.4158
5184.2000 0.4160
5187.4000 0.4161
5197.7000 0.4163
5198.9000 0.4165
5202.5000 0.4167
5205.5000 0.4168
5222.1000 0.4170
5236.3000 0.4172
5237.8000 0.4174
5246.8000 0.4175
5252.7000 0.4177
5256.7000 0.4179
5257.7000 0.4181
5261.7000 0.4182
5266.6000 0.4184
5272.6000 0.4186
5277.1000 0.4188
5277.2000 0.4189
5277.4000 0.4191
5286.8000 0.4193
5289.4000 0.4194
5303.2000 0.4196
5306.2000 0.4198
5308.2000 0.4200
5315.1000 0.4201
5328.1000 0.4203
5333.8000 0.4205
5334.0000 0.4207
5341.9000 0.4208
5344.9000 0.4210
5345.5000 0.4212
5346.8000 0.4214
5350.3000 0.4215
5350.9000 0.4217
5363.2000 0.4219
5363.9000 0.4220
5369.2000 0.4222
5374.4000 0.4224
5375.8000 0.4226
5389.1000 0.4227
5399.2000 0.4229
5402.3000 0.4231
5408.1000 0.4233
5408.2000 0.4234
5433.2000 0.4236
5437.3000 0.4238
5444.2000 0.4240
5447.9000 0.4241
5450.6000 0.4243
5468.7000 0.4245
5476.0000 0.4247
5476.9000 0.4248
5485.4000 0.4250
5485.7000 0.4252
5487.5000 0.4253
5492.5000 0.4255
5492.7000 0.4257
5495.2000 0.4259
5497.3000 0.4260
5509.1000 0.4262
5510.3000 0.4264
5515.9000 0.4266
5525.0000 0.4267
5529.3000 0.4269
5530.1000 0.4271
5530.1000 0.4273
5532.1000 0.4274
5533.9000 0.4276
5542.5000 0.4278
5545.5000 0.4280
5550.2000 0.4281
5552.9000 0.4283
5555.9000 0.4285
5559.2000 0.4286
5560.9000 0.4288
5567.5000 0.4290
5579.2000 0.4292
5599.8000 0.4293
5619.7000 0.4295
5631.3000 0.4297
5632.6000 0.4299
5637.8000 0.4300
5639.2000 0.4302
5641.8000 0.4304
5644.1000 0.4306
5644.6000 0.4307
5657.3000 0.4309
5664.6000 0.4311
5669.8000 0.4313
5684.3000 0.4314
5686.2000 0.4316
5688.5000 0.4318
5692.3000 0.4319
5698.2000 0.4321
5700.8000 0.4323
5706.9000 0.4325
5707.2000 0.4326
5717.2000 0.4328
5727.1000 0.4330
5733.0000 0.4332
5733.0000 0.4333
5738.3000 0.4335
5739.1000 0.4337
5742.3000 0.4339
5744.6000 0.4340
5749.7000 0.4342
5755.7000 0.4344
5756.5000 0.4345
5760.2000 0.4347
5763.0000 0.4349
5770.1000 0.4351
5776.9000 0.4352
5778.0000 0.4354
5780.6000 0.4356
5781.1000 0.4358
5781.9000 0.4359
5791.2000 0.4361
5796.2000 0.4363
5797.5000 0.4365
5798.4000 0.4366
5798.9000 0.4368
5803.8000 0.4370
5805.6000 0.4372
5809.5000 0.4373
5812.9000 0.4375
5813.4000 0.4377
5822.8000 0.4378
5835.8000 0.4380
5847.7000 0.4382
5859.6000 0.4384
5863.2000 0.4385
5867.0000 0.4387
5882.1000 0.4389
5883.0000 0.4391
5884.6000 0.4392
5886.5000 0.4394
5892.0000 0.4396
5899.4000 0.4398
5911.9000 0.4399
5912.5000 0.4401
5919.2000 0.4403
5926.5000 0.4405
5930.1000 0.4406
5930.3000 0.4408
5932.5000 0.4410
5932.7000 0.4411
5950.2000 0.4413
5956.1000 0.4415
5963.2000 0.4417
5964.4000 0.4418
5967.5000 0.4420
5967.7000 0.4422
5969.2000 0.4424
5971.9000 0.4425
5988.8000 0.4427
5990.2000 0.4429
5995.5000 0.4431
5995.9000 0.4432
6001.5000 0.4434
6007.1000 0.4436
6013.7000 0.4438
6013.9000 0.4439
6016.5000 0.4441
6036.0000 0.4443
6036.6000 0.4444
6037.7000 0.4446
6045.6000 0.4448
6050.2000 0.4450
6050.7000 0.4451
6051.0000 0.4453
6051.7000 0.4455
6051.8000 0.4457
6056.6000 0.4458
6059.9000 0.4460
6062.6000 0.4462
6065.5000 0.4464
6067.9000 0.4465
6070.1000 0.4467
6076.4000 0.4469
6083.4000 0.4470
6084.3000 0.4472
6096.9000 0.4474
6098.5000 0.4476
6101.8000 0.4477
6112.1000 0.4479
6112.1000 0.4481
6121.9000 0.4483
6122.5000 0.4484
6131.1000 0.4486
6143.5000 0.4488
6146.3000 0.4490
6148.3000 0.4491
6149.7000 0.4493
6151.0000 0.4495
6156.5000 0.4497
6158.1000 0.4498
6158.3000 0.4500
6161.2000 0.4502
6162.4000 0.4503
6166.8000 0.4505
6171.1000 0.4507
6174.9000 0.4509
6176.5000 0.4510
6182.9000 0.4512
6183.5000 0.4514
6189.2000 0.4516
6192.3000 0.4517
6201.9000 0.4519
6203.0000 0.4521
6213.6000 0.4523
6224.0000 0.4524
6231.0000 0.4526
6234.1000 0.4528
6235.6000 0.4530
6239.7000 0.4531
6240.3000 0.4533
6240.7000 0.4535
6241.2000 0.4536
6250.1000 0.4538
6252.1000 0.4540
6256.5000 0.4542
6268.1000 0.4543
6272.7000 0.4545
6273.3000 0.4547
6275.1000 0.4549
6278.5000 0.4550
6279.9000 0.4552
6280.2000 0.4554
6286.2000 0.4556
6288.7000 0.4557
6290.3000 0.4559
6298.8000 0.4561
6307.4000 0.4563
6310.7000 0.4564
6312.3000 0.4566
6318.8000 0.4568
6323.4000 0.4569
6331.3000 0.4571
6335.0000 0.4573
6338.3000 0.4575
6353.8000 0.4576
6360.1000 0.4578
6364.3000 0.4580
6368.8000 0.4582
6372.8000 0.4583
6377.0000 0.4585
6377.1000 0.4587
6384.8000 0.4589
6387.4000 0.4590
6396.8000 0.4592
6401.8000 0.4594
6405.2000 0.4595
6407.8000 0.4597
6409.7000 0.4599
6425.4000 0.4601
6442.9000 0.4602
6445.2000 0.4604
6446.2000 0.4606
6450.0000 0.4608
6459.7000 0.4609
6460.8000 0.4611
6462.5000 0.4613
6462.9000 0.4615
6464.1000 0.4616
6470.0000 0.4618
6481.8000 0.4620
6489.0000 0.4622
6502.8000 0.4623
6504.9000 0.4625
6507.3000 0.4627
6517.0000 0.4628
6517.8000 0.4630
6528.4000 0.4632
6528.6000 0.4634
6528.6000 0.4635
6529.8000 0.4637
6530.3000 0.4639
6539.2000 0.4641
6540.5000 0.4642
6547.9000 0.4644
6551.7000 0.4646
6552.0000 0.4648
6561.1000 0.4649
6569.7000 0.4651
6572.8000 0.4653
6577.5000 0.4655
6580.9000 0.4656
6590.0000 0.4658
6592.1000 0.4660
6603.2000 0.4661
6605.6000 0.4663
6615.6000 0.4665
6615.7000 0.4667
6621.4000 0.4668
6626.6000 0.4670
6628.0000 0.4672
6628.1000 0.4674
6629.6000 0.4675
6630.8000 0.4677
6631.1000 0.4679
6631.9000 0.4681
6636.5000 0.4682
6639.0000 0.4684
6645.0000 0.4686
6655.2000 0.4688
6656.6000 0.4689
6658.1000 0.4691
6660.3000 0.4693
6666.7000 0.4694
6680.0000 0.4696
6684.3000 0.4698
6684.7000 0.4700
6688.1000 0.4701
6688.3000 0.4703
6699.0000 0.4705
6699.3000 0.4707
6704.3000 0.4708
6705.8000 0.4710
6706.1000 0.4712
6708.3000 0.4714
6714.7000 0.4715
6717.4000 0.4717
6718.1000 0.4719
6721.2000 0.4720
6721.6000 0.4722
6725.1000 0.4724
6733.4000 0.4726
6738.8000 0.4727
6742.4000 0.4729
6745.7000 0.4731
6745.9000 0.4733
6752.8000 0.4734
6754.8000 0.4736
6755.1000 0.4738
6757.0000 0.4740
6763.7000 0.4741
6775.9000 0.4743
6781.5000 0.4745
6781.8000 0.4747
6782.5000 0.4748
6783.0000 0.4750
6784.3000 0.4752
6785.6000 0.4753
6794.0000 0.4755
6794.1000 0.4757
6795.4000 0.4759
6797.7000 0.4760
6799.8000 0.4762
6802.7000 0.4764
6803.5000 0.4766
6805.0000 0.4767
6805.4000 0.4769
6807.8000 0.4771
6822.5000 0.4773
6844.3000 0.4774
6844.9000 0.4776
6846.9000 0.4778
6856.5000 0.4780
6857.3000 0.4781
6865.4000 0.4783
6869.6000 0.4785
6875.0000 0.4786
6881.4000 0.4788
6894.9000 0.4790
6898.5000 0.4792
6899.8000 0.4793
6905.3000 0.4795
6907.8000 0.4797
6913.1000 0.4799
6919.4000 0.4800
6924.0000 0.4802
6925.1000 0.4804
6926.6000 0.4806
6935.4000 0.4807
6935.6000 0.4809
6944.8000 0.4811
6946.7000 0.4813
6948.1000 0.4814
6959.7000 0.4816
6961.6000 0.4818
6974.8000 0.4819
6978.9000 0.4821
6979.3000 0.4823
6982.5000 0.4825
6989.5000 0.4826
6989.9000 0.4828
6991.6000 0.4830
6992.3000 0.4832
6999.0000 0.4833
7000.3000 0.4835
7005.4000 0.4837
7009.5000 0.4839
7013.8000 0.4840
7013.9000 0.4842
7020.4000 0.4844
7021.8000 0.4845
7022.1000 0.4847
7027.2000 0.4849
7035.5000 0.4851
7050.5000 0.4852
7053.8000 0.4854
7053.9000 0.4856
7058.0000 0.4858
7075.5000 0.4859
7086.6000 0.4861
7089.8000 0.4863
7093.7000 0.4865
7094.7000 0.4866
7098.0000 0.4868
7098.4000 0.4870
7100.0000 0.4872
7103.5000 0.4873
7107.2000 0.4875
7113.1000 0.4877
7114.4000 0.4878
7117.8000 0.4880
7119.6000 0.4882
7120.5000 0.4884
7130.8000 0.4885
7132.7000 0.4887
7137.8000 0.4889
7138.2000 0.4891
7145.9000 0.4892
7153.4000 0.4894
7159.7000 0.4896
7163.3000 0.4898
7163.9000 0.4899
7167.1000 0.4901
7168.9000 0.4903
7175.8000 0.4905
7180.1000 0.4906
7194.9000 0.4908
7196.3000 0.4910
7201.3000 0.4911
7205.0000 0.4913
7217.8000 0.4915
7217.9000 0.4917
7218.9000 0.4918
7221.2000 0.4920
7221.5000 0.4922
7225.9000 0.4924
7230.6000 0.4925
7232.1000 0.4927
7242.5000 0.4929
7243.7000 0.4931
7266.1000 0.4932
7277.9000 0.4934
7280.1000 0.4936
7285.7000 0.4938
7302.2000 0.4939
7302.7000 0.4941
7308.6000 0.4943
7320.5000 0.4944
7324.9000 0.4946
7330.3000 0.4948
7342.5000 0.4950
7351.5000 0.4951
7368.4000 0.4953
7370.6000 0.4955
7372.7000 0.4957
7374.2000 0.4958
7379.3000 0.4960
7382.6000 0.4962
7382.9000 0.4964
7388.4000 0.4965
7394.9000 0.4967
7400.4000 0.4969
7403.8000 0.4970
7414.9000 0.4972
7427.8000 0.4974
7428.3000 0.4976
7430.9000 0.4977
7436.6000 0.4979
7436.7000 0.4981
7444.2000 0.4983
7444.9000 0.4984
7446.2000 0.4986
7449.9000 0.4988
7450.9000 0.4990
7455.7000 0.4991
7458.7000 0.4993
7466.1000 0.4995
7469.1000 0.4997
7469.6000 0.4998
7471.7000 0.5000
7498.0000 0.5002
7498.9000 0.5003
7499.2000 0.5005
7503.9000 0.5007
7507.1000 0.5009
7508.3000 0.5010
7510.6000 0.5012
7513.7000 0.5014
7525.1000 0.5016
7542.1000 0.5017
7544.7000 0.5019
7545.7000 0.5021
7549.7000 0.5023
7552.4000 0.5024
7552.6000 0.5026
7553.5000 0.5028
7553.6000 0.5030
7555.5000 0.5031
7578.2000 0.5033
7589.6000 0.5035
7598.9000 0.5036
7605.1000 0.5038
7605.8000 0.5040
7606.4000 0.5042
7619.6000 0.5043
7620.3000 0.5045
7620.4000 0.5047
7625.2000 0.5049
7625.7000 0.5050
7627.1000 0.5052
7651.6000 0.5054
7657.2000 0.5056
7659.1000 0.5057
7663.5000 0.5059
7666.2000 0.5061
7668.7000 0.5063
7672.5000 0.5064
7674.2000 0.5066
7680.7000 0.5068
7681.5000 0.5069
7684.5000 0.5071
7695.8000 0.5073
7699.1000 0.5075
7700.8000 0.5076
7702.1000 0.5078
7709.7000 0.5080
7712.4000 0.5082
7717.4000 0.5083
7718.6000 0.5085
7722.5000 0.5087
7723.4000 0.5089
7746.3000 0.5090
7751.3000 0.5092
7751.8000 0.5094
7759.4000 0.5095
7759.4000 0.5097
7765.0000 0.5099
7765.3000 0.5101
7765.7000 0.5102
7768.5000 0.5104
7773.1000 0.5106
7780.3000 0.5108
7781.0000 0.5109
7789.9000 0.5111
7792.1000 0.5113
7794.5000 0.5115
7794.6000 0.5116
7805.7000 0.5118
7820.0000 0.5120
7822.4000 0.5122
7825.4000 0.5123
7826.2000 0.5125
7838.3000 0.5127
7845.5000 0.5128
7850.5000 0.5130
7853.5000 0.5132
7860.5000 0.5134
7862.5000 0.5135
7863.5000 0.5137
7866.9000 0.5139
7868.3000 0.5141
7871.9000 0.5142
7872.9000 0.5144
7874.6000 0.5146
7878.0000 0.5148
7880.7000 0.5149
7881.6000 0.5151
7883.4000 0.5153
7883.6000 0.5155
7890.7000 0.5156
7894.4000 0.5158
7897.5000 0.5160
7912.4000 0.5161
7914.3000 0.5163
7915.1000 0.5165
7926.4000 0.5167
7928.7000 0.5168
7931.7000 0.5170
7932.2000 0.5172
7937.0000 0.5174
7937.3000 0.5175
7939.2000 0.5177
7942.8000 0.5179
7944.1000 0.5181
7946.9000 0.5182
7961.1000 0.5184
7961.9000 0.5186
7967.4000 0.5188
7968.0000 0.5189
7970.2000 0.5191
7974.8000 0.5193
7979.2000 0.5194
7983.4000 0.5196
7985.4000 0.5198
7991.6000 0.5200
7994.0000 0.5201
7998.6000 0.5203
8021.7000 0.5205
8023.5000 0.5207
8027.1000 0.5208
8037.0000 0.5210
8052.5000 0.5212
8053.3000 0.5214
8055.0000 0.5215
8057.6000 0.5217
8059.5000 0.5219
8064.8000 0.5220
8065.3000 0.5222
8066.4000 0.5224
8068.0000 0.5226
8074.9000 0.5227
8082.5000 0.5229
8103.1000 0.5231
8105.9000 0.5233
8105.9000 0.5234
8119.9000 0.5236
8122.2000 0.5238
8124.4000 0.5240
8127.0000 0.5241
8127.9000 0.5243
8127.9000 0.5245
8128.1000 0.5247
8135.2000 0.5248
8136.3000 0.5250
8140.9000 0.5252
8141.5000 0.5253
8148.1000 0.5255
8160.3000 0.5257
8162.1000 0.5259
8162.1000 0.5260
8166.5000 0.5262
8167.6000 0.5264
8173.4000 0.5266
8179.3000 0.5267
8180.5000 0.5269
8188.0000 0.5271
8188.8000 0.5273
8204.6000 0.5274
8208.7000 0.5276
8212.5000 0.5278
8224.3000 0.5280
8230.2000 0.5281
8231.5000 0.5283
8233.4000 0.5285
8233.6000 0.5286
8241.9000 0.5288
8242.8000 0.5290
8243.5000 0.5292
8248.3000 0.5293
8257.4000 0.5295
8265.5000 0.5297
8279.2000 0.5299
8281.0000 0.5300
8287.7000 0.5302
8289.5000 0.5304
8290.7000 0.5306
8292.9000 0.5307
8294.0000 0.5309
8296.7000 0.5311
8297.0000 0.5313
8309.2000 0.5314
8311.2000 0.5316
8314.5000 0.5318
8316.3000 0.5319
8321.5000 0.5321
8347.9000 0.5323
8352.0000 0.5325
8355.9000 0.5326
8359.6000 0.5328
8361.9000 0.5330
8366.6000 0.5332
8367.5000 0.5333
8369.6000 0.5335
8374.3000 0.5337
8374.7000 0.5339
8375.0000 0.5340
8376.1000 0.5342
8376.8000 0.5344
8382.3000 0.5345
8383.3000 0.5347
8384.8000 0.5349
8387.5000 0.5351
8393.1000 0.5352
8395.9000 0.5354
8398.6000 0.5356
8404.0000 0.5358
8410.7000 0.5359
8415.5000 0.5361
8417.2000 0.5363
8418.7000 0.5365
8427.0000 0.5366
8428.0000 0.5368
8438.0000 0.5370
8442.8000 0.5372
8443.1000 0.5373
8454.3000 0.5375
8459.7000 0.5377
8460.3000 0.5378
8463.0000 0.5380
8482.2000 0.5382
8482.2000 0.5384
8491.2000 0.5385
8508.9000 0.5387
8523.5000 0.5389
8527.8000 0.5391
8535.2000 0.5392
8545.0000 0.5394
8547.0000 0.5396
8557.2000 0.5398
8574.9000 0.5399
8580.6000 0.5401
8581.2000 0.5403
8588.0000 0.5405
8593.1000 0.5406
8593.6000 0.5408
8596.0000 0.5410
8600.1000 0.5411
8603.9000 0.5413
8604.7000 0.5415
8612.4000 0.5417
8627.0000 0.5418
8631.1000 0.5420
8636.6000 0.5422
8642.4000 0.5424
8646.2000 0.5425
8650.7000 0.5427
8650.9000 0.5429
8665.0000 0.5431
8666.0000 0.5432
8670.6000 0.5434
8672.5000 0.5436
8681.1000 0.5438
8681.8000 0.5439
8685.6000 0.5441
8687.7000 0.5443
8693.0000 0.5444
8694.0000 0.5446
8714.6000 0.5448
8720.1000 0.5450
8722.8000 0.5451
8742.7000 0.5453
8745.5000 0.5455
8749.1000 0.5457
8752.1000 0.5458
8754.4000 0.5460
8763.1000 0.5462
8765.7000 0.5464
8771.4000 0.5465
8772.8000 0.5467
8778.4000 0.5469
8781.3000 0.5470
8788.8000 0.5472
8789.8000 0.5474
8791.9000 0.5476
8798.1000 0.5477
8801.8000 0.5479
8815.4000 0.5481
8818.3000 0.5483
8828.1000 0.5484
8831.9000 0.5486
8832.7000 0.5488
8837.5000 0.5490
8839.0000 0.5491
8846.8000 0.5493
8848.8000 0.5495
8852.3000 0.5497
8855.6000 0.5498
8856.9000 0.5500
8857.0000 0.5502
8862.5000 0.5503
8866.9000 0.5505
8870.5000 0.5507
8875.6000 0.5509
8878.3000 0.5510
8887.5000 0.5512
8888.6000 0.5514
8889.3000 0.5516
8889.3000 0.5517
8895.4000 0.5519
8908.3000 0.5521
8910.0000 0.5523
8912.2000 0.5524
8932.5000 0.5526
8933.3000 0.5528
8933.4000 0.5530
8935.7000 0.5531
8946.8000 0.5533
8955.4000 0.5535
8958.6000 0.5536
8979.8000 0.5538
8985.5000 0.5540
8992.7000 0.5542
9000.9000 0.5543
9005.4000 0.5545
9010.1000 0.5547
9012.4000 0.5549
9018.2000 0.5550
9025.3000 0.5552
9041.9000 0.5554
9046.3000 0.5556
9049.3000 0.5557
9050.0000 0.5559
9061.1000 0.5561
9061.2000 0.5563
9067.6000 0.5564
9080.4000 0.5566
9082.6000 0.5568
9083.0000 0.5569
9093.1000 0.5571
9097.3000 0.5573
9098.1000 0.5575
9102.5000 0.5576
9107.1000 0.5578
9110.2000 0.5580
9110.7000 0.5582
9111.7000 0.5583
9113.7000 0.5585
9114.2000 0.5587
9127.0000 0.5589
9129.9000 0.5590
9132.9000 0.5592
9136.3000 0.5594
9137.8000 0.5595
9138.3000 0.5597
9139.4000 0.5599
9144.9000 0.5601
9145.7000 0.5602
9149.9000 0.5604
9155.6000 0.5606
9162.7000 0.5608
9164.9000 0.5609
9166.2000 0.5611
9173.9000 0.5613
9174.4000 0.5615
9180.4000 0.5616
9208.9000 0.5618
9213.0000 0.5620
9234.5000 0.5622
9235.5000 0.5623
9239.7000 0.5625
9241.0000 0.5627
9242.5000 0.5628
9246.8000 0.5630
9248.3000 0.5632
9262.4000 0.5634
9269.5000 0.5635
9273.0000 0.5637
9273.2000 0.5639
9281.4000 0.5641
9283.9000 0.5642
9315.4000 0.5644
9315.7000 0.5646
9318.9000 0.5648
9327.3000 0.5649
9334.2000 0.5651
9339.8000 0.5653
9340.9000 0.5655
9346.1000 0.5656
9355.5000 0.5658
9363.3000 0.5660
9365.2000 0.5661
9366.3000 0.5663
9366.7000 0.5665
9371.2000 0.5667
9377.5000 0.5668
9377.6000 0.5670
9383.9000 0.5672
9392.7000 0.5674
9397.3000 0.5675
9399.9000 0.5677
9406.7000 0.5679
9415.9000 0.5681
9420.9000 0.5682
9433.8000 0.5684
9433.9000 0.5686
9440.9000 0.5688
9441.8000 0.5689
9446.9000 0.5691
9447.9000 0.5693
9449.5000 0.5694
9461.3000 0.5696
9463.4000 0.5698
9478.8000 0.5700
9487.9000 0.5701
9502.7000 0.5703
9504.7000 0.5705
9505.1000 0.5707
9509.4000 0.5708
9532.6000 0.5710
9536.2000 0.5712
9546.4000 0.5714
9546.7000 0.5715
9557.2000 0.5717
9563.6000 0.5719
9572.2000 0.5720
9576.9000 0.5722
9584.9000 0.5724
9588.7000 0.5726
9595.5000 0.5727
9604.5000 0.5729
9620.7000 0.5731
9645.1000 0.5733
9646.4000 0.5734
9649.9000 0.5736
9652.1000 0.5738
9654.4000 0.5740
9659.4000 0.5741
9670.8000 0.5743
9671.9000 0.5745
9671.9000 0.5747
9695.4000 0.5748
9695.8000 0.5750
9696.2000 0.5752
9696.7000 0.5753
9696.7000 0.5755
9698.5000 0.5757
9702.2000 0.5759
9708.3000 0.5760
9709.2000 0.5762
9711.9000 0.5764
9713.7000 0.5766
9725.7000 0.5767
9729.1000 0.5769
9729.5000 0.5771
9743.6000 0.5773
9747.3000 0.5774
9750.5000 0.5776
9752.9000 0.5778
9758.9000 0.5780
9762.0000 0.5781
9776.5000 0.5783
9781.7000 0.5785
9791.5000 0.5786
9791.5000 0.5788
9801.8000 0.5790
9804.6000 0.5792
9807.7000 0.5793
9816.7000 0.5795
9818.5000 0.5797
9849.5000 0.5799
9851.1000 0.5800
9853.6000 0.5802
9854.8000 0.5804
9870.2000 0.5806
9870.3000 0.5807
9880.1000 0.5809
9880.5000 0.5811
9883.0000 0.5813
9884.2000 0.5814
9893.7000 0.5816
9894.2000 0.5818
9899.1000 0.5819
9899.3000 0.5821
9902.7000 0.5823
9908.6000 0.5825
9910.3000 0.5826
9913.8000 0.5828
9915.5000 0.5830
9923.2000 0.5832
9928.3000 0.5833
9937.9000 0.5835
9949.3000 0.5837
9949.7000 0.5839
9962.5000 0.5840
9963.2000 0.5842
9969.0000 0.5844
9970.1000 0.5845
9972.8000 0.5847
9986.5000 0.5849
10006.5000 0.5851
10010.2000 0.5852
10019.0000 0.5854
10027.4000 0.5856
10029.9000 0.5858
10045.4000 0.5859
10048.1000 0.5861
10052.5000 0.5863
10061.3000 0.5865
10071.0000 0.5866
10071.8000 0.5868
10073.3000 0.5870
10076.7000 0.5872
10077.5000 0.5873
10079.7000 0.5875
10089.4000 0.5877
10090.9000 0.5878
10106.9000 0.5880
10110.2000 0.5882
10118.8000 0.5884
10125.7000 0.5885
10126.2000 0.5887
10129.2000 0.5889
10130.6000 0.5891
10133.7000 0.5892
10137.7000 0.5894
10140.4000 0.5896
10140.8000 0.5898
10156.7000 0.5899
10163.9000 0.5901
10164.2000 0.5903
10168.2000 0.5905
10170.7000 0.5906
10171.2000 0.5908
10175.1000 0.5910
10175.4000 0.5911
10182.7000 0.5913
10185.8000 0.5915
10186.0000 0.5917
10186.4000 0.5918
10192.7000 0.5920
10197.9000 0.5922
10199.4000 0.5924
10206.5000 0.5925
10210.4000 0.5927
10218.9000 0.5929
10219.3000 0.5931
10222.7000 0.5932
10227.7000 0.5934
10229.6000 0.5936
10229.8000 0.5938
10230.3000 0.5939
10231.8000 0.5941
10235.2000 0.5943
10236.9000 0.5944
10242.1000 0.5946
10247.1000 0.5948
10252.1000 0.5950
10254.1000 0.5951
10256.2000 0.5953
10261.2000 0.5955
10274.5000 0.5957
10278.7000 0.5958
10287.3000 0.5960
10292.1000 0.5962
10293.9000 0.5964
10295.0000 0.5965
10298.5000 0.5967
10299.2000 0.5969
10302.3000 0.5970
10307.4000 0.5972
10311.6000 0.5974
10321.9000 0.5976
10322.2000 0.5977
10330.6000 0.5979
10331.0000 0.5981
10332.9000 0.5983
10337.1000 0.5984
10346.0000 0.5986
10350.3000 0.5988
10351.8000 0.5990
10351.8000 0.5991
10352.9000 0.5993
10355.4000 0.5995
10357.2000 0.5997
10369.2000 0.5998
10369.4000 0.6000
10373.7000 0.6002
10375.6000 0.6003
10376.6000 0.6005
10382.2000 0.6007
10387.1000 0.6009
10392.4000 0.6010
10393.2000 0.6012
10404.1000 0.6014
10409.8000 0.6016
10411.7000 0.6017
10417.2000 0.6019
10417.7000 0.6021
10418.4000 0.6023
10425.4000 0.6024
10431.7000 0.6026
10431.9000 0.6028
10432.5000 0.6030
10445.1000 0.6031
10448.7000 0.6033
10450.4000 0.6035
10459.0000 0.6036
10465.2000 0.6038
10469.6000 0.6040
10478.5000 0.6042
10479.9000 0.6043
10482.7000 0.6045
10484.1000 0.6047
10485.4000 0.6049
10487.6000 0.6050
10490.0000 0.6052
10493.5000 0.6054
10499.9000 0.6056
10505.1000 0.6057
10506.3000 0.6059
10520.7000 0.6061
10521.3000 0.6063
10527.9000 0.6064
10533.3000 0.6066
10535.1000 0.6068
10546.6000 0.6069
10553.1000 0.6071
10559.1000 0.6073
10565.5000 0.6075
10573.4000 0.6076
10578.7000 0.6078
10594.3000 0.6080
10597.9000 0.6082
10608.7000 0.6083
10609.6000 0.6085
10631.7000 0.6087
10636.7000 0.6089
10637.3000 0.6090
10638.6000 0.6092
10639.0000 0.6094
10648.7000 0.6095
10658.1000 0.6097
10660.7000 0.6099
10671.4000 0.6101
10673.3000 0.6102
10674.9000 0.6104
10678.4000 0.6106
10680.3000 0.6108
10683.5000 0.6109
10689.0000 0.6111
10691.3000 0.6113
10695.5000 0.6115
10697.9000 0.6116
10700.3000 0.6118
10700.8000 0.6120
10703.2000 0.6122
10705.3000 0.6123
10718.8000 0.6125
10722.0000 0.6127
10744.4000 0.6128
10751.0000 0.6130
10754.7000 0.6132
10756.9000 0.6134
10767.3000 0.6135
10769.1000 0.6137
10769.3000 0.6139
10773.7000 0.6141
10774.7000 0.6142
10780.7000 0.6144
10787.8000 0.6146
10788.0000 0.6148
10803.5000 0.6149
10809.0000 0.6151
10814.2000 0.6153
10817.2000 0.6155
10817.5000 0.6156
10818.9000 0.6158
10820.2000 0.6160
10823.9000 0.6161
10828.9000 0.6163
10831.5000 0.6165
10838.3000 0.6167
10840.9000 0.6168
10847.9000 0.6170
10849.1000 0.6172
10849.8000 0.6174
10851.4000 0.6175
10856.0000 0.6177
10876.1000 0.6179
10886.6000 0.6181
10887.5000 0.6182
10899.0000 0.6184
10899.5000 0.6186
10916.7000 0.6188
10932.9000 0.6189
10936.5000 0.6191
10938.3000 0.6193
10938.5000 0.6194
10941.3000 0.6196
10941.9000 0.6198
10947.0000 0.6200
10948.8000 0.6201
10950.3000 0.6203
10954.7000 0.6205
10956.4000 0.6207
10964.2000 0.6208
10964.4000 0.6210
10983.8000 0.6212
10988.6000 0.6214
10991.0000 0.6215
10999.3000 0.6217
11001.7000 0.6219
11007.0000 0.6220
11019.0000 0.6222
11020.4000 0.6224
11022.7000 0.6226
11023.7000 0.6227
11024.2000 0.6229
11024.8000 0.6231
11025.3000 0.6233
11026.7000 0.6234
11027.7000 0.6236
11031.6000 0.6238
11032.8000 0.6240
11033.3000 0.6241
11047.2000 0.6243
11055.4000 0.6245
11060.5000 0.6247
11066.0000 0.6248
11066.1000 0.6250
11075.6000 0.6252
11079.3000 0.6253
11080.8000 0.6255
11085.7000 0.6257
11086.3000 0.6259
11088.7000 0.6260
11091.7000 0.6262
11095.1000 0.6264
11099.8000 0.6266
11101.7000 0.6267
11102.8000 0.6269
11121.6000 0.6271
11126.5000 0.6273
11127.6000 0.6274
11133.5000 0.6276
11140.1000 0.6278
11146.0000 0.6280
11152.8000 0.6281
11156.4000 0.6283
11161.7000 0.6285
11162.4000 0.6286
11176.9000 0.6288
11178.1000 0.6290
11180.5000 0.6292
11195.3000 0.6293
11196.3000 0.6295
11203.8000 0.6297
11208.9000 0.6299
11209.4000 0.6300
11213.7000 0.6302
11228.9000 0.6304
11233.5000 0.6306
11234.9000 0.6307
11242.0000 0.6309
11242.9000 0.6311
11243.4000 0.6313
11250.2000 0.6314
11278.1000 0.6316
11286.2000 0.6318
11290.8000 0.6319
11308.7000 0.6321
11308.7000 0.6323
11311.7000 0.6325
11312.1000 0.6326
11323.8000 0.6328
11324.0000 0.6330
11326.1000 0.6332
11332.3000 0.6333
11333.9000 0.6335
11334.8000 0.6337
11357.7000 0.6339
11374.7000 0.6340
11381.4000 0.6342
11382.8000 0.6344
11384.1000 0.6345
11389.1000 0.6347
11389.8000 0.6349
11391.2000 0.6351
11395.5000 0.6352
11395.8000 0.6354
11405.5000 0.6356
11419.5000 0.6358
11420.6000 0.6359
11420.9000 0.6361
11422.5000 0.6363
11426.5000 0.6365
11426.5000 0.6366
11429.4000 0.6368
11432.2000 0.6370
11436.3000 0.6372
11436.5000 0.6373
11442.3000 0.6375
11448.0000 0.6377
11449.8000 0.6378
11457.7000 0.6380
11468.3000 0.6382
11473.1000 0.6384
11487.0000 0.6385
11489.2000 0.6387
11501.7000 0.6389
11513.1000 0.6391
11517.3000 0.6392
11518.9000 0.6394
11529.0000 0.6396
11537.8000 0.6398
11542.7000 0.6399
11544.4000 0.6401
11547.7000 0.6403
11557.3000 0.6405
11559.8000 0.6406
11565.2000 0.6408
11575.3000 0.6410
11575.4000 0.6411
11578.1000 0.6413
11586.3000 0.6415
11591.1000 0.6417
11591.4000 0.6418
11600.0000 0.6420
11604.4000 0.6422
11609.7000 0.6424
11611.6000 0.6425
11614.5000 0.6427
11616.5000 0.6429
11623.2000 0.6431
11629.5000 0.6432
11633.5000 0.6434
11634.3000 0.6436
11636.4000 0.6438
11636.7000 0.6439
11641.2000 0.6441
11641.6000 0.6443
11665.5000 0.6444
11686.4000 0.6446
11690.7000 0.6448
11691.9000 0.6450
11700.5000 0.6451
11701.7000 0.6453
11706.9000 0.6455
11734.9000 0.6457
11737.0000 0.6458
11742.7000 0.6460
11747.9000 0.6462
11751.3000 0.6464
11753.1000 0.6465
11760.6000 0.6467
11764.4000 0.6469
11766.1000 0.6470
11769.3000 0.6472
11769.7000 0.6474
11772.0000 0.6476
11783.6000 0.6477
11784.4000 0.6479
11787.3000 0.6481
11789.6000 0.6483
11792.7000 0.6484
11799.1000 0.6486
11800.4000 0.6488
11808.5000 0.6490
11819.0000 0.6491
11833.6000 0.6493
11833.8000 0.6495
11835.4000 0.6497
11850.2000 0.6498
11857.9000 0.6500
11877.1000 0.6502
11880.6000 0.6503
11889.6000 0.6505
11889.8000 0.6507
11895.2000 0.6509
11897.0000 0.6510
11900.7000 0.6512
11908.4000 0.6514
11923.3000 0.6516
11940.3000 0.6517
11946.2000 0.6519
11950.2000 0.6521
11952.9000 0.6523
11958.8000 0.6524
11970.5000 0.6526
11976.3000 0.6528
11979.4000 0.6530
11981.2000 0.6531
11983.3000 0.6533
11988.0000 0.6535
11998.4000 0.6536
12006.7000 0.6538
12007.1000 0.6540
12011.1000 0.6542
12012.7000 0.6543
12017.4000 0.6545
12017.7000 0.6547
12037.4000 0.6549
12040.8000 0.6550
12041.4000 0.6552
12045.3000 0.6554
12061.9000 0.6556
12062.1000 0.6557
12062.3000 0.6559
12063.2000 0.6561
12064.6000 0.6563
12066.0000 0.6564
12068.4000 0.6566
12070.6000 0.6568
12079.9000 0.6569
12089.2000 0.6571
12091.2000 0.6573
12094.5000 0.6575
12095.9000 0.6576
12098.7000 0.6578
12101.7000 0.6580
12102.6000 0.6582
12102.9000 0.6583
12113.1000 0.6585
12115.6000 0.6587
12117.1000 0.6589
12120.5000 0.6590
12126.4000 0.6592
12126.4000 0.6594
12128.2000 0.6595
12128.3000 0.6597
12133.1000 0.6599
12141.5000 0.6601
12151.3000 0.6602
12152.9000 0.6604
12153.0000 0.6606
12158.4000 0.6608
12158.5000 0.6609
12163.3000 0.6611
12167.0000 0.6613
12169.7000 0.6615
12185.1000 0.6616
12188.8000 0.6618
12191.8000 0.6620
12205.5000 0.6622
12213.5000 0.6623
12224.1000 0.6625
12230.3000 0.6627
12233.9000 0.6628
12255.4000 0.6630
12257.3000 0.6632
12266.4000 0.6634
12281.0000 0.6635
12283.8000 0.6637
12285.0000 0.6639
12299.3000 0.6641
12306.4000 0.6642
12317.0000 0.6644
12317.7000 0.6646
12319.8000 0.6648
12322.3000 0.6649
12322.9000 0.6651
12324.0000 0.6653
12326.0000 0.6655
12330.1000 0.6656
12337.3000 0.6658
12341.1000 0.6660
12355.2000 0.6661
12357.7000 0.6663
12366.9000 0.6665
12378.5000 0.6667
12381.3000 0.6668
12391.5000 0.6670
12393.4000 0.6672
12393.7000 0.6674
12398.3000 0.6675
12418.0000 0.6677
12418.3000 0.6679
12423.7000 0.6681
12425.3000 0.6682
12430.3000 0.6684
12431.8000 0.6686
12433.1000 0.6688
12436.4000 0.6689
12441.1000 0.6691
12443.5000 0.6693
12447.9000 0.6694
12451.1000 0.6696
12457.5000 0.6698
12468.2000 0.6700
12472.5000 0.6701
12475.2000 0.6703
12475.5000 0.6705
12495.4000 0.6707
12497.1000 0.6708
12498.1000 0.6710
12501.9000 0.6712
12502.1000 0.6714
12503.4000 0.6715
12505.5000 0.6717
12511.4000 0.6719
12511.6000 0.6720
12514.0000 0.6722
12522.4000 0.6724
12522.8000 0.6726
12538.7000 0.6727
12541.2000 0.6729
12547.5000 0.6731
12551.7000 0.6733
12552.0000 0.6734
12552.1000 0.6736
12553.4000 0.6738
12553.7000 0.6740
12556.8000 0.6741
12557.3000 0.6743
12562.0000 0.6745
12563.6000 0.6747
12564.9000 0.6748
12587.9000 0.6750
12590.1000 0.6752
12590.6000 0.6753
12593.3000 0.6755
12593.5000 0.6757
12597.4000 0.6759
12599.0000 0.6760
12603.5000 0.6762
12605.8000 0.6764
12611.0000 0.6766
12612.3000 0.6767
12614.3000 0.6769
12617.7000 0.6771
12622.9000 0.6773
12626.2000 0.6774
12630.4000 0.6776
12649.2000 0.6778
12650.2000 0.6780
12658.7000 0.6781
12658.8000 0.6783
12668.4000 0.6785
12668.7000 0.6786
12671.2000 0.6788
12671.8000 0.6790
12672.7000 0.6792
12683.1000 0.6793
12683.3000 0.6795
12684.3000 0.6797
12684.9000 0.6799
12685.8000 0.6800
12686.7000 0.6802
12688.2000 0.6804
12709.8000 0.6806
12726.5000 0.6807
12727.1000 0.6809
12727.3000 0.6811
12732.1000 0.6813
12746.3000 0.6814
12757.4000 0.6816
12759.7000 0.6818
12760.1000 0.6819
12763.8000 0.6821
12771.2000 0.6823
12773.9000 0.6825
12780.5000 0.6826
12796.0000 0.6828
12796.3000 0.6830
12804.5000 0.6832
12806.9000 0.6833
12809.5000 0.6835
12820.2000 0.6837
12820.4000 0.6839
12821.6000 0.6840
12825.2000 0.6842
12825.9000 0.6844
12828.7000 0.6845
12833.3000 0.6847
12835.9000 0.6849
12838.4000 0.6851
12839.5000 0.6852
12846.0000 0.6854
12856.9000 0.6856
12880.7000 0.6858
12892.3000 0.6859
12892.4000 0.6861
12904.1000 0.6863
12907.1000 0.6865
12913.1000 0.6866
12918.2000 0.6868
12924.5000 0.6870
12924.8000 0.6872
12933.3000 0.6873
12935.8000 0.6875
12937.2000 0.6877
12942.9000 0.6878
12944.2000 0.6880
12945.3000 0.6882
12947.7000 0.6884
12960.7000 0.6885
12969.3000 0.6887
12973.0000 0.6889
12975.9000 0.6891
12976.2000 0.6892
12977.0000 0.6894
12986.0000 0.6896
12986.1000 0.6898
12990.6000 0.6899
13002.9000 0.6901
13010.7000 0.6903
13014.8000 0.6905
13016.5000 0.6906
13023.1000 0.6908
13024.7000 0.6910
13029.8000 0.6911
13034.3000 0.6913
13034.5000 0.6915
13036.5000 0.6917
13052.1000 0.6918
13054.9000 0.6920
13056.9000 0.6922
13057.6000 0.6924
13062.1000 0.6925
13063.0000 0.6927
13065.1000 0.6929
13071.8000 0.6931
13083.4000 0.6932
13083.6000 0.6934
13084.2000 0.6936
13084.4000 0.6938
13093.1000 0.6939
13094.4000 0.6941
13097.6000 0.6943
13108.3000 0.6944
13125.3000 0.6946
13131.1000 0.6948
13141.4000 0.6950
13143.7000 0.6951
13147.4000 0.6953
13150.4000 0.6955
13151.4000 0.6957
13151.9000 0.6958
13154.4000 0.6960
13154.8000 0.6962
13155.5000 0.6964
13155.7000 0.6965
13156.9000 0.6967
13156.9000 0.6969
13157.2000 0.6970
13162.6000 0.6972
13168.5000 0.6974
13169.5000 0.6976
13179.2000 0.6977
13180.1000 0.6979
13182.6000 0.6981
13185.1000 0.6983
13187.9000 0.6984
13193.9000 0.6986
13195.9000 0.6988
13196.9000 0.6990
13203.1000 0.6991
13209.2000 0.6993
13223.4000 0.6995
13225.5000 0.6997
13228.2000 0.6998
13235.4000 0.7000
13241.5000 0.7002
13246.0000 0.7003
13247.5000 0.7005
13247.9000 0.7007
13252.3000 0.7009
13253.5000 0.7010
13261.6000 0.7012
13271.1000 0.7014
13278.5000 0.7016
13279.0000 0.7017
13280.8000 0.7019
13286.6000 0.7021
13289.3000 0.7023
13294.7000 0.7024
13296.5000 0.7026
13299.1000 0.7028
13299.4000 0.7030
13301.1000 0.7031
13307.3000 0.7033
13307.8000 0.7035
13312.0000 0.7036
13315.8000 0.7038
13318.7000 0.7040
13320.3000 0.7042
13328.1000 0.7043
13330.2000 0.7045
13331.9000 0.7047
13334.1000 0.7049
13337.3000 0.7050
13340.0000 0.7052
13344.1000 0.7054
13352.5000 0.7056
13357.5000 0.7057
13362.8000 0.7059
13365.6000 0.7061
13369.1000 0.7063
13379.1000 0.7064
13380.0000 0.7066
13381.7000 0.7068
13382.3000 0.7069
13385.6000 0.7071
13389.8000 0.7073
13392.3000 0.7075
13392.9000 0.7076
13398.6000 0.7078
13403.1000 0.7080
13409.4000 0.7082
13409.9000 0.7083
13410.6000 0.7085
13416.0000 0.7087
13419.1000 0.7089
13424.8000 0.7090
13444.2000 0.7092
13444.3000 0.7094
13449.7000 0.7095
13455.6000 0.7097
13457.3000 0.7099
13468.9000 0.7101
13470.4000 0.7102
13479.1000 0.7104
13483.4000 0.7106
13483.8000 0.7108
13491.1000 0.7109
13492.2000 0.7111
13499.5000 0.7113
13509.2000 0.7115
13512.6000 0.7116
13523.6000 0.7118
13525.4000 0.7120
13526.2000 0.7122
13538.7000 0.7123
13552.6000 0.7125
13557.1000 0.7127
13560.4000 0.7128
13562.8000 0.7130
13567.1000 0.7132
13569.9000 0.7134
13571.9000 0.7135
13591.5000 0.7137
13592.6000 0.7139
13598.3000 0.7141
13604.8000 0.7142
13613.2000 0.7144
13615.9000 0.7146
13616.9000 0.7148
13622.4000 0.7149
13622.5000 0.7151
13625.4000 0.7153
13637.2000 0.7155
13639.8000 0.7156
13641.6000 0.7158
13666.1000 0.7160
13676.3000 0.7161
13681.0000 0.7163
13682.9000 0.7165
13685.5000 0.7167
13688.1000 0.7168
13689.3000 0.7170
13699.2000 0.7172
13714.3000 0.7174
13718.4000 0.7175
13718.5000 0.7177
13718.5000 0.7179
13722.2000 0.7181
13726.5000 0.7182
13730.3000 0.7184
13732.0000 0.7186
13738.6000 0.7188
13743.5000 0.7189
13744.6000 0.7191
13745.9000 0.7193
13748.1000 0.7194
13749.4000 0.7196
13754.0000 0.7198
13761.6000 0.7200
13769.0000 0.7201
13771.8000 0.7203
13791.2000 0.7205
13798.7000 0.7207
13800.5000 0.7208
13805.7000 0.7210
13808.8000 0.7212
13822.1000 0.7214
13827.7000 0.7215
13840.9000 0.7217
13850.5000 0.7219
13852.5000 0.7220
13855.9000 0.7222
13860.6000 0.7224
13860.9000 0.7226
13863.2000 0.7227
13865.4000 0.7229
13865.6000 0.7231
13874.6000 0.7233
13877.3000 0.7234
13884.5000 0.7236
13893.7000 0.7238
13899.9000 0.7240
13903.8000 0.7241
13915.1000 0.7243
13916.7000 0.7245
13918.6000 0.7247
13930.0000 0.7248
13932.8000 0.7250
13949.4000 0.7252
13955.7000 0.7253
13962.4000 0.7255
13963.6000 0.7257
13970.0000 0.7259
13970.8000 0.7260
13977.7000 0.7262
13980.8000 0.7264
13985.8000 0.7266
14002.7000 0.7267
14003.1000 0.7269
14003.8000 0.7271
14012.1000 0.7273
14020.8000 0.7274
14028.4000 0.7276
14029.7000 0.7278
14032.0000 0.7280
14035.1000 0.7281
14043.3000 0.7283
14061.3000 0.7285
14065.3000 0.7286
14068.5000 0.7288
14073.5000 0.7290
14081.8000 0.7292
14083.6000 0.7293
14087.4000 0.7295
14092.0000 0.7297
14097.6000 0.7299
14103.0000 0.7300
14108.8000 0.7302
14111.5000 0.7304
14112.6000 0.7306
14113.1000 0.7307
14113.8000 0.7309
14115.6000 0.7311
14128.2000 0.7313
14130.5000 0.7314
14131.1000 0.7316
14133.3000 0.7318
14134.0000 0.7319
14145.0000 0.7321
14151.3000 0.7323
14154.2000 0.7325
14157.3000 0.7326
14160.8000 0.7328
14164.4000 0.7330
14168.9000 0.7332
14171.7000 0.7333
14182.5000 0.7335
14194.7000 0.7337
14195.8000 0.7339
14200.3000 0.7340
14208.0000 0.7342
14208.1000 0.7344
14213.2000 0.7345
14214.1000 0.7347
14217.3000 0.7349
14221.9000 0.7351
14240.5000 0.7352
14246.2000 0.7354
14255.5000 0.7356
14260.9000 0.7358
14274.7000 0.7359
14288.7000 0.7361
14289.6000 0.7363
14289.6000 0.7365
14290.3000 0.7366
14292.6000 0.7368
14295.8000 0.7370
14297.2000 0.7372
14297.4000 0.7373
14297.5000 0.7375
14304.5000 0.7377
14304.9000 0.7378
14307.7000 0.7380
14311.9000 0.7382
14321.4000 0.7384
14321.7000 0.7385
14324.9000 0.7387
14325.6000 0.7389
14334.9000 0.7391
14359.9000 0.7392
14361.3000 0.7394
14367.8000 0.7396
14367.9000 0.7398
14371.5000 0.7399
14372.0000 0.7401
14384.1000 0.7403
14385.8000 0.7405
14387.1000 0.7406
14387.6000 0.7408
14392.8000 0.7410
14394.8000 0.7411
14395.1000 0.7413
14401.7000 0.7415
14401.8000 0.7417
14405.9000 0.7418
14407.1000 0.7420
14409.3000 0.7422
14418.7000 0.7424
14423.4000 0.7425
14442.5000 0.7427
14446.4000 0.7429
14458.2000 0.7431
14470.0000 0.7432
14473.1000 0.7434
14481.0000 0.7436
14484.9000 0.7438
14488.0000 0.7439
14495.5000 0.7441
14499.5000 0.7443
14502.7000 0.7444
14505.0000 0.7446
14519.3000 0.7448
14525.2000 0.7450
14527.8000 0.7451
14528.6000 0.7453
14534.6000 0.7455
14539.1000 0.7457
14539.4000 0.7458
14545.6000 0.7460
14546.3000 0.7462
14547.9000 0.7464
14549.7000 0.7465
14553.6000 0.7467
14554.8000 0.7469
14560.5000 0.7470
14561.0000 0.7472
14579.0000 0.7474
14580.4000 0.7476
14580.5000 0.7477
14589.2000 0.7479
14596.0000 0.7481
14599.1000 0.7483
14613.8000 0.7484
14618.9000 0.7486
14628.8000 0.7488
14629.9000 0.7490
14635.6000 0.7491
14637.9000 0.7493
14639.8000 0.7495
14642.1000 0.7497
14647.8000 0.7498
14656.5000 0.7500
14661.3000 0.7502
14663.7000 0.7503
14665.4000 0.7505
14666.3000 0.7507
14667.3000 0.7509
14667.7000 0.7510
14671.8000 0.7512
14675.3000 0.7514
14684.4000 0.7516
14689.2000 0.7517
14689.2000 0.7519
14690.2000 0.7521
14691.0000 0.7523
14692.2000 0.7524
14704.0000 0.7526
14708.0000 0.7528
14717.8000 0.7530
14719.3000 0.7531
14725.3000 0.7533
14729.3000 0.7535
14732.3000 0.7536
14738.0000 0.7538
14738.5000 0.7540
14743.0000 0.7542
14752.0000 0.7543
14788.8000 0.7545
14792.6000 0.7547
14795.4000 0.7549
14803.4000 0.7550
14805.6000 0.7552
14806.2000 0.7554
14807.3000 0.7556
14807.8000 0.7557
14808.6000 0.7559
14808.8000 0.7561
14810.6000 0.7563
14828.2000 0.7564
14830.1000 0.7566
14830.1000 0.7568
14835.2000 0.7569
14840.8000 0.7571
14845.1000 0.7573
14850.1000 0.7575
14852.3000 0.7576
14867.8000 0.7578
14875.3000 0.7580
14880.8000 0.7582
14881.3000 0.7583
14884.7000 0.7585
14888.0000 0.7587
14897.9000 0.7589
14901.9000 0.7590
14906.0000 0.7592
14917.6000 0.7594
14918.8000 0.7595
14928.1000 0.7597
14932.6000 0.7599
14938.1000 0.7601
14940.0000 0.7602
14950.2000 0.7604
14968.2000 0.7606
14973.6000 0.7608
14974.5000 0.7609
14984.8000 0.7611
14989.9000 0.7613
14992.7000 0.7615
14996.6000 0.7616
14996.8000 0.7618
15003.0000 0.7620
15009.0000 0.7622
15010.8000 0.7623
15011.7000 0.7625
15022.1000 0.7627
15031.1000 0.7628
15040.4000 0.7630
15047.4000 0.7632
15049.1000 0.7634
15059.9000 0.7635
15074.6000 0.7637
15079.7000 0.7639
15104.7000 0.7641
15105.7000 0.7642
15105.9000 0.7644
15111.1000 0.7646
15123.8000 0.7648
15123.9000 0.7649
15130.4000 0.7651
15135.1000 0.7653
15151.1000 0.7655
15151.5000 0.7656
15169.3000 0.7658
15174.6000 0.7660
15187.3000 0.7661
15191.8000 0.7663
15196.7000 0.7665
15205.4000 0.7667
15208.4000 0.7668
15212.6000 0.7670
15213.1000 0.7672
15214.9000 0.7674
15216.6000 0.7675
15220.0000 0.7677
15224.0000 0.7679
15227.1000 0.7681
15227.5000 0.7682
15227.7000 0.7684
15228.1000 0.7686
15231.6000 0.7688
15232.5000 0.7689
15241.2000 0.7691
15247.7000 0.7693
15255.1000 0.7694
15265.2000 0.7696
15266.7000 0.7698
15269.9000 0.7700
15276.8000 0.7701
15277.3000 0.7703
15279.0000 0.7705
15287.4000 0.7707
15295.2000 0.7708
15296.1000 0.7710
15299.1000 0.7712
15302.3000 0.7714
15327.9000 0.7715
15328.1000 0.7717
15334.6000 0.7719
15340.6000 0.7720
15349.9000 0.7722
15354.3000 0.7724
15358.3000 0.7726
15360.3000 0.7727
15381.3000 0.7729
15387.5000 0.7731
15389.6000 0.7733
15389.6000 0.7734
15393.6000 0.7736
15398.2000 0.7738
15405.6000 0.7740
15422.9000 0.7741
15422.9000 0.7743
15428.4000 0.7745
15437.3000 0.7747
15439.2000 0.7748
15441.9000 0.7750
15447.5000 0.7752
15448.9000 0.7753
15456.9000 0.7755
15458.2000 0.7757
15465.1000 0.7759
15467.3000 0.7760
15469.0000 0.7762
15474.0000 0.7764
15480.9000 0.7766
15481.0000 0.7767
15481.2000 0.7769
15485.1000 0.7771
15490.2000 0.7773
15493.2000 0.7774
15497.1000 0.7776
15504.8000 0.7778
15516.2000 0.7780
15517.8000 0.7781
15520.2000 0.7783
15521.1000 0.7785
15521.2000 0.7786
15525.7000 0.7788
15525.9000 0.7790
15532.3000 0.7792
15535.8000 0.7793
15543.2000 0.7795
15548.1000 0.7797
15549.0000 0.7799
15551.0000 0.7800
15552.2000 0.7802
15552.3000 0.7804
15558.1000 0.7806
15558.9000 0.7807
15563.1000 0.7809
15564.5000 0.7811
15581.8000 0.7813
15585.5000 0.7814
15587.0000 0.7816
15587.5000 0.7818
15592.6000 0.7819
15600.6000 0.7821
15623.7000 0.7823
15633.6000 0.7825
15636.4000 0.7826
15644.6000 0.7828
15652.5000 0.7830
15653.3000 0.7832
15669.8000 0.7833
15679.0000 0.7835
15684.1000 0.7837
15685.0000 0.7839
15685.5000 0.7840
15690.3000 0.7842
15691.4000 0.7844
15696.9000 0.7845
15701.1000 0.7847
15704.6000 0.7849
15712.3000 0.7851
15714.0000 0.7852
15718.9000 0.7854
15719.5000 0.7856
15721.5000 0.7858
15729.1000 0.7859
15736.4000 0.7861
15741.4000 0.7863
15745.1000 0.7865
15747.1000 0.7866
15752.1000 0.7868
15754.5000 0.7870
15758.0000 0.7872
15764.7000 0.7873
15768.3000 0.7875
15772.3000 0.7877
15777.3000 0.7878
15790.4000 0.7880
15790.5000 0.7882
15791.4000 0.7884
15802.5000 0.7885
15809.3000 0.7887
15813.9000 0.7889
15815.3000 0.7891
15815.6000 0.7892
15816.0000 0.7894
15817.7000 0.7896
15819.7000 0.7898
15827.7000 0.7899
15839.7000 0.7901
15846.5000 0.7903
15850.0000 0.7905
15875.7000 0.7906
15875.9000 0.7908
15885.1000 0.7910
15893.4000 0.7911
15903.1000 0.7913
15903.4000 0.7915
15914.7000 0.7917
15916.8000 0.7918
15922.4000 0.7920
15924.1000 0.7922
15935.6000 0.7924
15936.1000 0.7925
15938.4000 0.7927
15950.6000 0.7929
15958.9000 0.7931
15961.9000 0.7932
15962.1000 0.7934
15971.4000 0.7936
15972.2000 0.7938
15976.0000 0.7939
15980.7000 0.7941
15989.7000 0.7943
15990.7000 0.7944
15994.7000 0.7946
15996.0000 0.7948
16002.3000 0.7950
16015.3000 0.7951
16021.3000 0.7953
16022.7000 0.7955
16031.4000 0.7957
16033.7000 0.7958
16037.1000 0.7960
16044.4000 0.7962
16046.9000 0.7964
16047.8000 0.7965
16053.6000 0.7967
16063.1000 0.7969
16082.2000 0.7970
16083.3000 0.7972
16084.0000 0.7974
16084.8000 0.7976
16100.7000 0.7977
16106.5000 0.7979
16114.4000 0.7981
16116.5000 0.7983
16116.7000 0.7984
16116.8000 0.7986
16121.4000 0.7988
16121.9000 0.7990
16124.4000 0.7991
16140.6000 0.7993
16142.0000 0.7995
16145.7000 0.7997
16146.5000 0.7998
16148.1000 0.8000
16149.5000 0.8002
16150.9000 0.8003
16151.7000 0.8005
16156.3000 0.8007
16156.9000 0.8009
16157.9000 0.8010
16177.5000 0.8012
16177.6000 0.8014
16184.7000 0.8016
16194.9000 0.8017
16212.6000 0.8019
16213.3000 0.8021
16214.4000 0.8023
16217.0000 0.8024
16217.9000 0.8026
16219.1000 0.8028
16219.1000 0.8030
16223.7000 0.8031
16230.8000 0.8033
16233.7000 0.8035
16241.4000 0.8036
16244.7000 0.8038
16245.1000 0.8040
16248.4000 0.8042
16249.0000 0.8043
16250.1000 0.8045
16250.2000 0.8047
16262.3000 0.8049
16267.4000 0.8050
16270.0000 0.8052
16281.8000 0.8054
16282.7000 0.8056
16292.9000 0.8057
16292.9000 0.8059
16295.7000 0.8061
16295.8000 0.8063
16296.7000 0.8064
16297.0000 0.8066
16299.9000 0.8068
16303.2000 0.8069
16304.7000 0.8071
16306.3000 0.8073
16308.4000 0.8075
16317.8000 0.8076
16317.9000 0.8078
16324.6000 0.8080
16325.3000 0.8082
16325.4000 0.8083
16326.0000 0.8085
16331.9000 0.8087
16336.0000 0.8089
16339.1000 0.8090
16344.1000 0.8092
16344.4000 0.8094
16345.6000 0.8095
16354.6000 0.8097
16356.3000 0.8099
16357.3000 0.8101
16361.0000 0.8102
16363.4000 0.8104
16379.0000 0.8106
16380.3000 0.8108
16380.6000 0.8109
16381.5000 0.8111
16386.0000 0.8113
16392.9000 0.8115
16394.2000 0.8116
16397.5000 0.8118
16398.3000 0.8120
16403.5000 0.8122
16403.8000 0.8123
16406.0000 0.8125
16407.3000 0.8127
16409.5000 0.8128
16409.5000 0.8130
16414.3000 0.8132
16418.0000 0.8134
16422.4000 0.8135
16436.4000 0.8137
16440.7000 0.8139
16440.8000 0.8141
16451.2000 0.8142
16453.4000 0.8144
16457.1000 0.8146
16468.6000 0.8148
16477.7000 0.8149
16479.6000 0.8151
16495.4000 0.8153
16497.2000 0.8155
16497.9000 0.8156
16498.8000 0.8158
16499.5000 0.8160
16502.1000 0.8161
16508.3000 0.8163
16514.1000 0.8165
16515.3000 0.8167
16524.3000 0.8168
16536.5000 0.8170
16539.8000 0.8172
16542.6000 0.8174
16547.8000 0.8175
16547.9000 0.8177
16553.3000 0.8179
16574.4000 0.8181
16575.0000 0.8182
16580.3000 0.8184
16582.2000 0.8186
16585.9000 0.8188
16586.5000 0.8189
16595.5000 0.8191
16597.3000 0.8193
16607.7000 0.8194
16608.9000 0.8196
16624.7000 0.8198
16627.4000 0.8200
16632.0000 0.8201
16640.2000 0.8203
16644.9000 0.8205
16645.3000 0.8207
16651.1000 0.8208
16667.8000 0.8210
16668.8000 0.8212
16670.0000 0.8214
16672.0000 0.8215
16673.4000 0.8217
16683.2000 0.8219
16686.8000 0.8220
16687.2000 0.8222
16697.0000 0.8224
16699.1000 0.8226
16699.2000 0.8227
16701.5000 0.8229
16704.4000 0.8231
16709.5000 0.8233
16709.6000 0.8234
16724.7000 0.8236
16727.7000 0.8238
16730.3000 0.8240
16737.8000 0.8241
16740.8000 0.8243
16753.2000 0.8245
16756.5000 0.8247
16757.9000 0.8248
16762.1000 0.8250
16765.3000 0.8252
16765.5000 0.8253
16772.0000 0.8255
16781.9000 0.8257
16791.8000 0.8259
16798.1000 0.8260
16809.2000 0.8262
16816.2000 0.8264
16832.6000 0.8266
16837.7000 0.8267
16848.5000 0.8269
16854.6000 0.8271
16859.3000 0.8273
16869.7000 0.8274
16881.3000 0.8276
16881.4000 0.8278
16886.9000 0.8280
16890.6000 0.8281
16897.5000 0.8283
16905.5000 0.8285
16908.1000 0.8286
16912.5000 0.8288
16920.6000 0.8290
16937.6000 0.8292
16948.2000 0.8293
16953.3000 0.8295
16963.6000 0.8297
16974.7000 0.8299
16980.7000 0.8300
16987.0000 0.8302
16996.3000 0.8304
16999.3000 0.8306
17007.8000 0.8307
17007.9000 0.8309
17015.2000 0.8311
17031.5000 0.8313
17032.9000 0.8314
17036.5000 0.8316
17041.5000 0.8318
17042.1000 0.8319
17043.1000 0.8321
17045.0000 0.8323
17048.5000 0.8325
17059.6000 0.8326
17067.0000 0.8328
17067.0000 0.8330
17068.6000 0.8332
17070.9000 0.8333
17079.5000 0.8335
17084.7000 0.8337
17085.7000 0.8339
17090.8000 0.8340
17090.8000 0.8342
17094.1000 0.8344
17095.5000 0.8345
17098.3000 0.8347
17102.9000 0.8349
17120.3000 0.8351
17132.9000 0.8352
17134.4000 0.8354
17136.3000 0.8356
17136.6000 0.8358
17140.7000 0.8359
17167.9000 0.8361
17168.0000 0.8363
17170.5000 0.8365
17179.8000 0.8366
17189.6000 0.8368
17197.9000 0.8370
17198.0000 0.8372
17201.3000 0.8373
17201.8000 0.8375
17201.9000 0.8377
17201.9000 0.8378
17210.4000 0.8380
17210.4000 0.8382
17215.4000 0.8384
17227.7000 0.8385
17232.0000 0.8387
17233.5000 0.8389
17236.3000 0.8391
17244.3000 0.8392
17251.9000 0.8394
17253.4000 0.8396
17257.8000 0.8398
17263.9000 0.8399
17265.4000 0.8401
17268.4000 0.8403
17278.2000 0.8405
17280.1000 0.8406
17282.8000 0.8408
17299.9000 0.8410
17304.5000 0.8411
17304.9000 0.8413
17315.3000 0.8415
17331.4000 0.8417
17333.8000 0.8418
17341.6000 0.8420
17344.7000 0.8422
17352.3000 0.8424
17356.2000 0.8425
17359.9000 0.8427
17370.2000 0.8429
17374.1000 0.8431
17374.5000 0.8432
17379.4000 0.8434
17388.3000 0.8436
17390.6000 0.8438
17398.3000 0.8439
17402.7000 0.8441
17404.2000 0.8443
17407.3000 0.8444
17416.0000 0.8446
17427.4000 0.8448
17430.8000 0.8450
17437.7000 0.8451
17440.2000 0.8453
17441.1000 0.8455
17442.9000 0.8457
17453.5000 0.8458
17462.4000 0.8460
17475.1000 0.8462
17483.3000 0.8464
17485.0000 0.8465
17493.9000 0.8467
17501.3000 0.8469
17507.1000 0.8470
17530.4000 0.8472
17555.5000 0.8474
17556.2000 0.8476
17556.6000 0.8477
17571.8000 0.8479
17574.3000 0.8481
17581.1000 0.8483
17607.5000 0.8484
17608.2000 0.8486
17614.5000 0.8488
17620.6000 0.8490
17627.1000 0.8491
17630.7000 0.8493
17630.7000 0.8495
17636.3000 0.8497
17638.5000 0.8498
17645.7000 0.8500
17650.0000 0.8502
17659.3000 0.8503
17663.2000 0.8505
17665.0000 0.8507
17665.1000 0.8509
17667.8000 0.8510
17670.8000 0.8512
17671.0000 0.8514
17675.4000 0.8516
17684.0000 0.8517
17688.9000 0.8519
17690.7000 0.8521
17691.2000 0.8523
17696.8000 0.8524
17700.0000 0.8526
17702.5000 0.8528
17712.1000 0.8530
17716.2000 0.8531
17717.9000 0.8533
17723.0000 0.8535
17723.2000 0.8536
17732.7000 0.8538
17734.8000 0.8540
17741.2000 0.8542
17748.2000 0.8543
17751.1000 0.8545
17756.2000 0.8547
17762.6000 0.8549
17767.4000 0.8550
17795.6000 0.8552
17811.9000 0.8554
17814.0000 0.8556
17815.4000 0.8557
17827.2000 0.8559
17834.4000 0.8561
17848.7000 0.8563
17859.7000 0.8564
17861.4000 0.8566
17875.8000 0.8568
17878.6000 0.8569
17882.7000 0.8571
17883.0000 0.8573
17891.0000 0.8575
17891.3000 0.8576
17891.4000 0.8578
17894.6000 0.8580
17896.0000 0.8582
17905.6000 0.8583
17918.7000 0.8585
17922.9000 0.8587
17923.8000 0.8589
17944.9000 0.8590
17947.0000 0.8592
17947.2000 0.8594
17948.5000 0.8595
17950.3000 0.8597
17954.5000 0.8599
17957.1000 0.8601
17957.9000 0.8602
17958.9000 0.8604
17960.3000 0.8606
17962.5000 0.8608
17967.6000 0.8609
17993.5000 0.8611
18006.0000 0.8613
18017.1000 0.8615
18033.2000 0.8616
18034.5000 0.8618
18046.8000 0.8620
18047.0000 0.8622
18049.0000 0.8623
18056.6000 0.8625
18058.3000 0.8627
18060.2000 0.8628
18077.1000 0.8630
18079.8000 0.8632
18098.6000 0.8634
18101.7000 0.8635
18108.0000 0.8637
18113.7000 0.8639
18117.9000 0.8641
18118.3000 0.8642
18123.2000 0.8644
18158.1000 0.8646
18164.1000 0.8648
18171.1000 0.8649
18176.9000 0.8651
18182.3000 0.8653
18184.7000 0.8655
18189.5000 0.8656
18196.5000 0.8658
18196.7000 0.8660
18220.5000 0.8661
18220.9000 0.8663
18227.1000 0.8665
18228.7000 0.8667
18228.9000 0.8668
18230.0000 0.8670
18233.8000 0.8672
18238.9000 0.8674
18239.3000 0.8675
18251.4000 0.8677
18251.7000 0.8679
18251.7000 0.8681
18258.5000 0.8682
18264.3000 0.8684
18266.0000 0.8686
18275.5000 0.8688
18279.7000 0.8689
18282.1000 0.8691
18282.1000 0.8693
18284.7000 0.8694
18300.7000 0.8696
18306.7000 0.8698
18307.5000 0.8700
18318.2000 0.8701
18338.5000 0.8703
18351.2000 0.8705
18351.7000 0.8707
18353.1000 0.8708
18359.0000 0.8710
18364.9000 0.8712
18372.0000 0.8714
18375.8000 0.8715
18379.9000 0.8717
18385.5000 0.8719
18409.8000 0.8720
18412.5000 0.8722
18424.3000 0.8724
18434.2000 0.8726
18437.5000 0.8727
18441.3000 0.8729
18459.0000 0.8731
18464.4000 0.8733
18465.3000 0.8734
18468.0000 0.8736
18479.7000 0.8738
18487.7000 0.8740
18493.7000 0.8741
18509.1000 0.8743
18516.0000 0.8745
18520.5000 0.8747
18533.9000 0.8748
18540.2000 0.8750
18546.9000 0.8752
18554.5000 0.8753
18568.7000 0.8755
18569.8000 0.8757
18578.1000 0.8759
18581.9000 0.8760
18592.6000 0.8762
18594.6000 0.8764
18595.9000 0.8766
18603.1000 0.8767
18607.8000 0.8769
18609.8000 0.8771
18619.6000 0.8773
18623.0000 0.8774
18626.2000 0.8776
18631.6000 0.8778
18652.2000 0.8780
18652.4000 0.8781
18661.0000 0.8783
18663.6000 0.8785
18675.2000 0.8786
18676.5000 0.8788
18687.5000 0.8790
18689.8000 0.8792
18699.6000 0.8793
18701.9000 0.8795
18703.3000 0.8797
18708.3000 0.8799
18711.0000 0.8800
18717.9000 0.8802
18718.5000 0.8804
18719.9000 0.8806
18726.8000 0.8807
18741.2000 0.8809
18742.2000 0.8811
18743.8000 0.8813
18748.8000 0.8814
18764.0000 0.8816
18764.2000 0.8818
18772.2000 0.8819
18800.1000 0.8821
18809.7000 0.8823
18814.5000 0.8825
18815.0000 0.8826
18819.2000 0.8828
18821.7000 0.8830
18823.2000 0.8832
18824.1000 0.8833
18832.6000 0.8835
18839.3000 0.8837
18844.8000 0.8839
18847.7000 0.8840
18856.9000 0.8842
18861.9000 0.8844
18863.1000 0.8845
18863.5000 0.8847
18891.9000 0.8849
18901.4000 0.8851
18908.9000 0.8852
18914.0000 0.8854
18916.6000 0.8856
18945.3000 0.8858
18966.0000 0.8859
18968.4000 0.8861
18982.9000 0.8863
18987.1000 0.8865
18997.3000 0.8866
18997.4000 0.8868
18999.0000 0.8870
19003.6000 0.8872
19006.7000 0.8873
19018.1000 0.8875
19032.0000 0.8877
19037.3000 0.8878
19037.7000 0.8880
19045.2000 0.8882
19061.1000 0.8884
19062.3000 0.8885
19070.5000 0.8887
19074.3000 0.8889
19082.2000 0.8891
19082.5000 0.8892
19092.7000 0.8894
19093.7000 0.8896
19102.4000 0.8898
19112.6000 0.8899
19116.2000 0.8901
19130.0000 0.8903
19130.8000 0.8905
19142.7000 0.8906
19142.9000 0.8908
19144.4000 0.8910
19144.4000 0.8911
19144.5000 0.8913
19161.7000 0.8915
19174.1000 0.8917
19174.7000 0.8918
19176.7000 0.8920
19189.8000 0.8922
19192.3000 0.8924
19205.0000 0.8925
19210.3000 0.8927
19214.5000 0.8929
19233.9000 0.8931
19246.8000 0.8932
19247.1000 0.8934
19249.1000 0.8936
19249.5000 0.8938
19256.2000 0.8939
19266.7000 0.8941
19286.0000 0.8943
19286.8000 0.8944
19303.6000 0.8946
19314.4000 0.8948
19317.5000 0.8950
19326.4000 0.8951
19330.5000 0.8953
19330.8000 0.8955
19339.6000 0.8957
19349.7000 0.8958
19355.2000 0.8960
19360.6000 0.8962
19363.5000 0.8964
19365.9000 0.8965
19396.7000 0.8967
19411.0000 0.8969
19413.1000 0.8970
19418.9000 0.8972
19430.7000 0.8974
19435.0000 0.8976
19438.3000 0.8977
19440.0000 0.8979
19443.2000 0.8981
19449.2000 0.8983
19460.5000 0.8984
19464.4000 0.8986
19468.8000 0.8988
19495.9000 0.8990
19512.9000 0.8991
19519.8000 0.8993
19522.3000 0.8995
19530.1000 0.8997
19535.2000 0.8998
19538.0000 0.9000
19550.6000 0.9002
19560.3000 0.9003
19564.2000 0.9005
19583.9000 0.9007
19587.5000 0.9009
19596.7000 0.9010
19598.9000 0.9012
19599.9000 0.9014
19610.0000 0.9016
19619.0000 0.9017
19629.1000 0.9019
19636.7000 0.9021
19642.7000 0.9023
19645.2000 0.9024
19665.2000 0.9026
19669.0000 0.9028
19678.1000 0.9030
19680.9000 0.9031
19683.3000 0.9033
19687.2000 0.9035
19695.1000 0.9036
19696.4000 0.9038
19712.0000 0.9040
19712.5000 0.9042
19715.0000 0.9043
19736.8000 0.9045
19737.5000 0.9047
19754.6000 0.9049
19773.0000 0.9050
19782.0000 0.9052
19786.4000 0.9054
19788.2000 0.9056
19798.6000 0.9057
19807.1000 0.9059
19821.7000 0.9061
19846.7000 0.9063
19861.7000 0.9064
19869.4000 0.9066
19881.9000 0.9068
19885.1000 0.9069
19888.2000 0.9071
19889.1000 0.9073
19909.8000 0.9075
19911.6000 0.9076
19911.8000 0.9078
19928.3000 0.9080
19928.9000 0.9082
19938.4000 0.9083
19942.4000 0.9085
19942.6000 0.9087
19950.2000 0.9089
19962.2000 0.9090
19963.5000 0.9092
19973.8000 0.9094
19981.4000 0.9095
19994.0000 0.9097
20008.6000 0.9099
20008.8000 0.9101
20011.0000 0.9102
20014.0000 0.9104
20022.4000 0.9106
20032.7000 0.9108
20041.0000 0.9109
20055.4000 0.9111
20057.9000 0.9113
20059.3000 0.9115
20065.0000 0.9116
20072.3000 0.9118
20077.1000 0.9120
20077.5000 0.9122
20082.2000 0.9123
20087.7000 0.9125
20102.7000 0.9127
20103.4000 0.9128
20112.4000 0.9130
20126.0000 0.9132
20135.1000 0.9134
20150.2000 0.9135
20159.4000 0.9137
20162.0000 0.9139
20163.7000 0.9141
20176.0000 0.9142
20184.6000 0.9144
20204.1000 0.9146
20221.9000 0.9148
20240.6000 0.9149
20269.2000 0.9151
20308.3000 0.9153
20308.6000 0.9155
20325.1000 0.9156
20326.8000 0.9158
20329.2000 0.9160
20337.8000 0.9161
20339.5000 0.9163
20346.7000 0.9165
20349.4000 0.9167
20351.6000 0.9168
20352.1000 0.9170
20353.2000 0.9172
20373.2000 0.9174
20387.2000 0.9175
20387.4000 0.9177
20403.0000 0.9179
20409.6000 0.9181
20434.6000 0.9182
20443.5000 0.9184
20463.2000 0.9186
20468.5000 0.9188
20506.3000 0.9189
20522.0000 0.9191
20531.0000 0.9193
20535.9000 0.9194
20596.1000 0.9196
20597.7000 0.9198
20602.6000 0.9200
20611.0000 0.9201
20618.5000 0.9203
20626.4000 0.9205
20641.5000 0.9207
20657.6000 0.9208
20663.9000 0.9210
20672.0000 0.9212
20678.4000 0.9214
20679.6000 0.9215
20683.3000 0.9217
20697.4000 0.9219
20757.8000 0.9220
20770.4000 0.9222
20772.5000 0.9224
20772.6000 0.9226
20775.3000 0.9227
20803.6000 0.9229
20807.2000 0.9231
20837.4000 0.9233
20857.6000 0.9234
20858.2000 0.9236
20862.1000 0.9238
20868.2000 0.9240
20873.5000 0.9241
20876.2000 0.9243
20878.0000 0.9245
20883.3000 0.9247
20889.6000 0.9248
20903.5000 0.9250
20909.7000 0.9252
20928.1000 0.9253
20953.8000 0.9255
20964.8000 0.9257
20979.5000 0.9259
20980.2000 0.9260
20995.8000 0.9262
21003.7000 0.9264
21007.0000 0.9266
21008.4000 0.9267
21025.7000 0.9269
21052.9000 0.9271
21062.1000 0.9273
21086.1000 0.9274
21089.6000 0.9276
21094.0000 0.9278
21097.6000 0.9280
21119.7000 0.9281
21125.4000 0.9283
21135.8000 0.9285
21138.5000 0.9286
21161.4000 0.9288
21208.8000 0.9290
21217.3000 0.9292
21237.6000 0.9293
21247.7000 0.9295
21267.8000 0.9297
21287.8000 0.9299
21298.3000 0.9300
21304.8000 0.9302
21308.3000 0.9304
21317.0000 0.9306
21350.2000 0.9307
21364.8000 0.9309
21373.1000 0.9311
21394.6000 0.9313
21402.5000 0.9314
21414.4000 0.9316
21422.5000 0.9318
21423.2000 0.9319
21424.2000 0.9321
21428.3000 0.9323
21428.4000 0.9325
21439.5000 0.9326
21501.8000 0.9328
21557.3000 0.9330
21563.3000 0.9332
21565.1000 0.9333
21573.6000 0.9335
21574.3000 0.9337
21586.0000 0.9339
21604.6000 0.9340
21613.3000 0.9342
21629.8000 0.9344
21637.9000 0.9345
21680.5000 0.9347
21694.0000 0.9349
21699.6000 0.9351
21715.0000 0.9352
21743.0000 0.9354
21757.6000 0.9356
21767.1000 0.9358
21777.3000 0.9359
21800.8000 0.9361
21804.5000 0.9363
21807.5000 0.9365
21823.9000 0.9366
21825.8000 0.9368
21841.8000 0.9370
21845.2000 0.9372
21862.6000 0.9373
21873.4000 0.9375
21876.1000 0.9377
21900.4000 0.9378
21930.0000 0.9380
21932.8000 0.9382
21946.3000 0.9384
21962.6000 0.9385
21972.6000 0.9387
21972.9000 0.9389
21987.8000 0.9391
21997.2000 0.9392
22000.6000 0.9394
22002.9000 0.9396
22022.8000 0.9398
22046.0000 0.9399
22059.2000 0.9401
22071.4000 0.9403
22075.1000 0.9405
22091.0000 0.9406
22091.3000 0.9408
22101.4000 0.9410
22111.1000 0.9411
22121.6000 0.9413
22131.7000 0.9415
22151.9000 0.9417
22161.5000 0.9418
22175.6000 0.9420
22181.9000 0.9422
22191.0000 0.9424
22248.3000 0.9425
22260.1000 0.9427
22301.2000 0.9429
22306.6000 0.9431
22310.4000 0.9432
22317.8000 0.9434
22336.2000 0.9436
22371.0000 0.9438
22380.0000 0.9439
22394.5000 0.9441
22433.5000 0.9443
22479.6000 0.9444
22485.9000 0.9446
22488.1000 0.9448
22526.2000 0.9450
22528.8000 0.9451
22537.6000 0.9453
22549.2000 0.9455
22632.3000 0.9457
22739.4000 0.9458
22776.4000 0.9460
22814.8000 0.9462
22829.0000 0.9464
22847.3000 0.9465
22860.6000 0.9467
22866.6000 0.9469
22918.8000 0.9470
22942.8000 0.9472
22986.4000 0.9474
22992.0000 0.9476
23013.2000 0.9477
23061.8000 0.9479
23126.9000 0.9481
23152.4000 0.9483
23259.5000 0.9484
23293.2000 0.9486
23313.6000 0.9488
23352.9000 0.9490
23366.6000 0.9491
23377.2000 0.9493
23383.6000 0.9495
23384.4000 0.9497
23468.0000 0.9498
23505.6000 0.9500
23531.9000 0.9502
23582.3000 0.9503
23585.6000 0.9505
23722.9000 0.9507
23781.0000 0.9509
23786.2000 0.9510
23798.6000 0.9512
