# messageDelay  cumulativeProbability
1.0000 0.0001
1.0000 0.0002
1.0000 0.0003
1.0000 0.0004
1.0000 0.0005
1.0000 0.0006
1.0000 0.0007
1.0000 0.0008
1.0000 0.0009
1.0000 0.0010
1.0000 0.0011
1.0000 0.0013
1.0000 0.0014
1.0000 0.0015
1.0000 0.0016
1.0000 0.0017
1.0000 0.0018
1.0000 0.0019
1.0000 0.0020
1.0000 0.0021
1.1000 0.0022
1.5000 0.0023
1.7000 0.0024
1.7000 0.0025
2.1000 0.0026
70.4000 0.0027
111.2000 0.0028
118.0000 0.0029
122.7000 0.0030
124.9000 0.0031
135.2000 0.0032
136.0000 0.0033
148.0000 0.0034
158.1000 0.0035
158.3000 0.0036
164.0000 0.0037
164.6000 0.0039
167.8000 0.0040
168.2000 0.0041
168.8000 0.0042
174.3000 0.0043
174.6000 0.0044
175.3000 0.0045
175.9000 0.0046
178.3000 0.0047
186.9000 0.0048
188.5000 0.0049
192.0000 0.0050
195.6000 0.0051
197.6000 0.0052
200.0000 0.0053
201.3000 0.0054
203.5000 0.0055
204.3000 0.0056
204.7000 0.0057
208.3000 0.0058
209.3000 0.0059
210.1000 0.0060
210.7000 0.0061
212.5000 0.0062
217.1000 0.0064
218.5000 0.0065
219.6000 0.0066
221.4000 0.0067
221.9000 0.0068
222.5000 0.0069
225.3000 0.0070
228.4000 0.0071
233.7000 0.0072
236.0000 0.0073
236.8000 0.0074
237.2000 0.0075
237.8000 0.0076
239.4000 0.0077
240.2000 0.0078
244.3000 0.0079
246.0000 0.0080
247.2000 0.0081
247.9000 0.0082
250.3000 0.0083
251.1000 0.0084
251.1000 0.0085
253.5000 0.0086
255.5000 0.0087
258.1000 0.0089
260.8000 0.0090
264.6000 0.0091
265.2000 0.0092
271.2000 0.0093
273.4000 0.0094
274.6000 0.0095
274.7000 0.0096
278.1000 0.0097
278.2000 0.0098
284.5000 0.0099
285.3000 0.0100
287.6000 0.0101
288.0000 0.0102
292.5000 0.0103
297.1000 0.0104
298.8000 0.0105
299.2000 0.0106
300.0000 0.0107
304.0000 0.0108
304.8000 0.0109
308.6000 0.0110
308.9000 0.0111
311.1000 0.0113
311.2000 0.0114
312.6000 0.0115
315.4000 0.0116
317.7000 0.0117
321.8000 0.0118
326.2000 0.0119
326.8000 0.0120
327.2000 0.0121
328.1000 0.0122
332.1000 0.0123
333.2000 0.0124
333.5000 0.0125
334.5000 0.0126
335.4000 0.0127
340.9000 0.0128
342.1000 0.0129
342.2000 0.0130
344.2000 0.0131
344.3000 0.0132
347.0000 0.0133
349.8000 0.0134
350.7000 0.0135
352.9000 0.0136
355.0000 0.0138
360.2000 0.0139
361.3000 0.0140
365.5000 0.0141
366.8000 0.0142
367.6000 0.0143
368.6000 0.0144
370.5000 0.0145
381.8000 0.0146
382.2000 0.0147
386.1000 0.0148
389.2000 0.0149
390.4000 0.0150
392.3000 0.0151
393.6000 0.0152
395.4000 0.0153
396.0000 0.0154
396.8000 0.0155
399.8000 0.0156
403.2000 0.0157
403.4000 0.0158
404.6000 0.0159
404.8000 0.0160
405.4000 0.0161
405.5000 0.0163
408.4000 0.0164
409.2000 0.0165
410.3000 0.0166
412.6000 0.0167
415.2000 0.0168
416.3000 0.0169
420.2000 0.0170
420.2000 0.0171
421.7000 0.0172
423.3000 0.0173
426.2000 0.0174
428.0000 0.0175
428.9000 0.0176
430.4000 0.0177
430.4000 0.0178
434.3000 0.0179
436.6000 0.0180
437.4000 0.0181
437.4000 0.0182
439.5000 0.0183
442.4000 0.0184
449.6000 0.0185
455.1000 0.0186
457.7000 0.0188
458.9000 0.0189
459.6000 0.0190
460.7000 0.0191
464.1000 0.0192
465.3000 0.0193
468.1000 0.0194
468.2000 0.0195
468.2000 0.0196
468.6000 0.0197
468.9000 0.0198
470.3000 0.0199
474.7000 0.0200
477.7000 0.0201
481.8000 0.0202
483.1000 0.0203
483.5000 0.0204
483.7000 0.0205
483.8000 0.0206
484.4000 0.0207
486.0000 0.0208
496.5000 0.0209
497.6000 0.0210
500.4000 0.0211
500.6000 0.0212
500.8000 0.0214
501.1000 0.0215
502.8000 0.0216
502.9000 0.0217
504.4000 0.0218
505.5000 0.0219
508.7000 0.0220
509.2000 0.0221
511.0000 0.0222
511.2000 0.0223
512.3000 0.0224
514.2000 0.0225
516.8000 0.0226
518.1000 0.0227
518.7000 0.0228
519.1000 0.0229
520.8000 0.0230
521.2000 0.0231
524.6000 0.0232
528.4000 0.0233
528.7000 0.0234
528.9000 0.0235
531.9000 0.0236
532.4000 0.0237
535.8000 0.0239
536.4000 0.0240
538.0000 0.0241
538.5000 0.0242
539.0000 0.0243
539.2000 0.0244
540.4000 0.0245
540.7000 0.0246
542.2000 0.0247
544.8000 0.0248
549.6000 0.0249
551.9000 0.0250
554.6000 0.0251
554.6000 0.0252
556.1000 0.0253
556.6000 0.0254
558.2000 0.0255
561.5000 0.0256
561.8000 0.0257
563.6000 0.0258
564.6000 0.0259
567.0000 0.0260
567.8000 0.0261
567.8000 0.0262
570.3000 0.0264
570.4000 0.0265
572.2000 0.0266
572.2000 0.0267
572.3000 0.0268
573.6000 0.0269
575.6000 0.0270
575.9000 0.0271
576.0000 0.0272
576.6000 0.0273
577.8000 0.0274
580.5000 0.0275
580.5000 0.0276
581.6000 0.0277
585.0000 0.0278
587.3000 0.0279
588.3000 0.0280
590.9000 0.0281
591.6000 0.0282
594.5000 0.0283
596.4000 0.0284
599.8000 0.0285
603.2000 0.0286
606.9000 0.0287
607.3000 0.0289
609.1000 0.0290
611.7000 0.0291
613.9000 0.0292
614.4000 0.0293
615.5000 0.0294
616.9000 0.0295
617.5000 0.0296
620.3000 0.0297
621.6000 0.0298
622.9000 0.0299
624.1000 0.0300
625.9000 0.0301
627.1000 0.0302
627.8000 0.0303
627.8000 0.0304
631.0000 0.0305
631.4000 0.0306
632.4000 0.0307
632.8000 0.0308
638.3000 0.0309
639.1000 0.0310
640.9000 0.0311
642.2000 0.0312
644.0000 0.0314
645.6000 0.0315
646.0000 0.0316
646.2000 0.0317
651.3000 0.0318
651.8000 0.0319
652.8000 0.0320
654.5000 0.0321
654.7000 0.0322
656.3000 0.0323
656.8000 0.0324
659.1000 0.0325
662.4000 0.0326
663.7000 0.0327
664.1000 0.0328
665.2000 0.0329
665.5000 0.0330
668.3000 0.0331
668.6000 0.0332
669.2000 0.0333
669.8000 0.0334
674.4000 0.0335
676.8000 0.0336
677.4000 0.0337
677.4000 0.0339
677.9000 0.0340
679.3000 0.0341
680.6000 0.0342
683.1000 0.0343
684.1000 0.0344
686.5000 0.0345
687.6000 0.0346
688.3000 0.0347
689.3000 0.0348
689.7000 0.0349
691.6000 0.0350
691.8000 0.0351
694.3000 0.0352
695.3000 0.0353
695.7000 0.0354
696.9000 0.0355
699.3000 0.0356
699.4000 0.0357
701.3000 0.0358
702.2000 0.0359
702.5000 0.0360
702.8000 0.0361
708.4000 0.0362
708.7000 0.0364
709.1000 0.0365
711.4000 0.0366
712.5000 0.0367
712.6000 0.0368
713.5000 0.0369
714.1000 0.0370
716.0000 0.0371
716.0000 0.0372
717.4000 0.0373
717.9000 0.0374
718.9000 0.0375
725.2000 0.0376
725.4000 0.0377
725.5000 0.0378
732.4000 0.0379
733.7000 0.0380
733.7000 0.0381
734.8000 0.0382
734.8000 0.0383
735.4000 0.0384
737.0000 0.0385
738.7000 0.0386
740.4000 0.0388
741.2000 0.0389
741.3000 0.0390
742.0000 0.0391
744.4000 0.0392
746.0000 0.0393
747.5000 0.0394
747.6000 0.0395
747.7000 0.0396
747.7000 0.0397
750.4000 0.0398
751.8000 0.0399
753.2000 0.0400
753.3000 0.0401
756.5000 0.0402
757.3000 0.0403
757.9000 0.0404
758.8000 0.0405
759.0000 0.0406
759.3000 0.0407
761.6000 0.0408
765.9000 0.0409
771.4000 0.0410
771.8000 0.0411
773.5000 0.0413
773.8000 0.0414
774.3000 0.0415
775.0000 0.0416
775.4000 0.0417
776.4000 0.0418
779.1000 0.0419
781.7000 0.0420
781.7000 0.0421
782.6000 0.0422
782.8000 0.0423
783.0000 0.0424
783.3000 0.0425
783.7000 0.0426
787.1000 0.0427
787.3000 0.0428
788.5000 0.0429
789.3000 0.0430
790.0000 0.0431
790.5000 0.0432
791.6000 0.0433
791.7000 0.0434
796.6000 0.0435
801.1000 0.0436
801.4000 0.0438
802.8000 0.0439
803.3000 0.0440
803.3000 0.0441
804.4000 0.0442
804.6000 0.0443
807.5000 0.0444
807.5000 0.0445
809.9000 0.0446
810.5000 0.0447
810.8000 0.0448
811.8000 0.0449
814.5000 0.0450
815.7000 0.0451
817.7000 0.0452
818.4000 0.0453
822.9000 0.0454
823.9000 0.0455
827.8000 0.0456
827.9000 0.0457
828.2000 0.0458
831.9000 0.0459
835.9000 0.0460
836.7000 0.0461
838.6000 0.0463
841.9000 0.0464
842.2000 0.0465
843.5000 0.0466
844.0000 0.0467
845.8000 0.0468
846.3000 0.0469
847.9000 0.0470
849.4000 0.0471
850.6000 0.0472
854.3000 0.0473
855.3000 0.0474
855.6000 0.0475
856.4000 0.0476
856.6000 0.0477
856.7000 0.0478
860.0000 0.0479
862.0000 0.0480
862.3000 0.0481
863.8000 0.0482
864.4000 0.0483
866.7000 0.0484
867.6000 0.0485
867.7000 0.0486
868.6000 0.0488
869.5000 0.0489
869.8000 0.0490
871.9000 0.0491
875.4000 0.0492
878.4000 0.0493
879.4000 0.0494
880.2000 0.0495
880.4000 0.0496
883.3000 0.0497
886.6000 0.0498
886.9000 0.0499
890.1000 0.0500
892.6000 0.0501
893.5000 0.0502
893.8000 0.0503
893.9000 0.0504
894.9000 0.0505
895.2000 0.0506
895.2000 0.0507
897.3000 0.0508
899.6000 0.0509
900.7000 0.0510
901.0000 0.0511
902.6000 0.0513
905.0000 0.0514
905.4000 0.0515
905.7000 0.0516
905.9000 0.0517
907.0000 0.0518
909.5000 0.0519
910.0000 0.0520
910.5000 0.0521
912.2000 0.0522
915.7000 0.0523
917.0000 0.0524
917.0000 0.0525
917.6000 0.0526
918.9000 0.0527
919.7000 0.0528
921.6000 0.0529
921.9000 0.0530
923.2000 0.0531
923.4000 0.0532
924.3000 0.0533
926.9000 0.0534
928.2000 0.0535
930.2000 0.0536
931.0000 0.0538
931.1000 0.0539
931.3000 0.0540
932.0000 0.0541
932.4000 0.0542
932.7000 0.0543
935.4000 0.0544
936.0000 0.0545
936.9000 0.0546
938.6000 0.0547
938.8000 0.0548
941.8000 0.0549
942.0000 0.0550
942.2000 0.0551
943.2000 0.0552
945.8000 0.0553
946.2000 0.0554
947.4000 0.0555
951.4000 0.0556
956.6000 0.0557
956.9000 0.0558
957.2000 0.0559
959.1000 0.0560
959.1000 0.0561
959.5000 0.0563
960.2000 0.0564
960.7000 0.0565
961.7000 0.0566
962.2000 0.0567
962.7000 0.0568
963.9000 0.0569
965.2000 0.0570
965.8000 0.0571
967.7000 0.0572
970.0000 0.0573
970.6000 0.0574
972.7000 0.0575
974.8000 0.0576
976.2000 0.0577
976.3000 0.0578
976.6000 0.0579
977.8000 0.0580
978.5000 0.0581
980.2000 0.0582
982.9000 0.0583
983.0000 0.0584
983.8000 0.0585
984.3000 0.0586
989.1000 0.0588
989.8000 0.0589
991.6000 0.0590
993.1000 0.0591
995.0000 0.0592
995.3000 0.0593
996.7000 0.0594
999.5000 0.0595
999.8000 0.0596
1000.2000 0.0597
1000.4000 0.0598
1000.6000 0.0599
1004.0000 0.0600
1004.6000 0.0601
1004.9000 0.0602
1005.3000 0.0603
1006.3000 0.0604
1009.2000 0.0605
1010.4000 0.0606
1014.2000 0.0607
1014.4000 0.0608
1015.9000 0.0609
1017.4000 0.0610
1018.1000 0.0611
1018.3000 0.0613
1018.6000 0.0614
1019.6000 0.0615
1019.7000 0.0616
1022.2000 0.0617
1024.9000 0.0618
1025.4000 0.0619
1028.0000 0.0620
1029.7000 0.0621
1030.4000 0.0622
1031.7000 0.0623
1032.0000 0.0624
1039.2000 0.0625
1040.5000 0.0626
1041.4000 0.0627
1042.4000 0.0628
1048.6000 0.0629
1049.6000 0.0630
1051.2000 0.0631
1054.7000 0.0632
1056.6000 0.0633
1059.8000 0.0634
1061.9000 0.0635
1062.1000 0.0636
1062.2000 0.0638
1062.6000 0.0639
1064.5000 0.0640
1067.7000 0.0641
1069.3000 0.0642
1070.3000 0.0643
1070.9000 0.0644
1072.0000 0.0645
1072.4000 0.0646
1072.6000 0.0647
1073.0000 0.0648
1073.8000 0.0649
1077.7000 0.0650
1079.6000 0.0651
1080.3000 0.0652
1082.1000 0.0653
1082.5000 0.0654
1083.0000 0.0655
1083.4000 0.0656
1083.7000 0.0657
1088.4000 0.0658
1089.2000 0.0659
1089.3000 0.0660
1093.5000 0.0661
1094.6000 0.0663
1094.9000 0.0664
1096.0000 0.0665
1099.1000 0.0666
1099.6000 0.0667
1101.4000 0.0668
1103.1000 0.0669
1103.8000 0.0670
1106.2000 0.0671
1107.2000 0.0672
1108.1000 0.0673
1108.6000 0.0674
1108.7000 0.0675
1110.5000 0.0676
1111.4000 0.0677
1114.1000 0.0678
1116.4000 0.0679
1116.6000 0.0680
1116.9000 0.0681
1117.1000 0.0682
1117.5000 0.0683
1118.3000 0.0684
1119.8000 0.0685
1119.9000 0.0686
1122.1000 0.0688
1123.1000 0.0689
1124.7000 0.0690
1125.6000 0.0691
1127.7000 0.0692
1129.4000 0.0693
1130.7000 0.0694
1131.3000 0.0695
1134.6000 0.0696
1136.0000 0.0697
1136.8000 0.0698
1137.4000 0.0699
1137.4000 0.0700
1142.1000 0.0701
1143.9000 0.0702
1144.0000 0.0703
1145.2000 0.0704
1145.5000 0.0705
1145.9000 0.0706
1147.9000 0.0707
1149.5000 0.0708
1151.6000 0.0709
1152.4000 0.0710
1152.7000 0.0711
1154.4000 0.0713
1155.7000 0.0714
1156.3000 0.0715
1160.8000 0.0716
1161.4000 0.0717
1163.4000 0.0718
1163.8000 0.0719
1165.7000 0.0720
1166.0000 0.0721
1166.6000 0.0722
1168.9000 0.0723
1170.0000 0.0724
1170.4000 0.0725
1170.5000 0.0726
1170.9000 0.0727
1177.6000 0.0728
1178.6000 0.0729
1178.6000 0.0730
1181.7000 0.0731
1183.3000 0.0732
1184.1000 0.0733
1189.4000 0.0734
1190.4000 0.0735
1191.4000 0.0736
1192.8000 0.0738
1194.2000 0.0739
1194.3000 0.0740
1194.7000 0.0741
1195.0000 0.0742
1197.3000 0.0743
1198.2000 0.0744
1204.6000 0.0745
1204.6000 0.0746
1204.9000 0.0747
1205.6000 0.0748
1206.9000 0.0749
1211.6000 0.0750
1211.7000 0.0751
1213.3000 0.0752
1217.9000 0.0753
1221.9000 0.0754
1223.3000 0.0755
1227.4000 0.0756
1231.6000 0.0757
1232.0000 0.0758
1232.1000 0.0759
1232.1000 0.0760
1233.2000 0.0761
1236.7000 0.0763
1238.4000 0.0764
1242.7000 0.0765
1244.8000 0.0766
1245.7000 0.0767
1245.8000 0.0768
1248.2000 0.0769
1248.7000 0.0770
1249.4000 0.0771
1251.2000 0.0772
1251.3000 0.0773
1253.1000 0.0774
1253.3000 0.0775
1254.6000 0.0776
1255.8000 0.0777
1259.6000 0.0778
1260.5000 0.0779
1260.5000 0.0780
1261.4000 0.0781
1261.5000 0.0782
1263.3000 0.0783
1264.4000 0.0784
1265.0000 0.0785
1265.7000 0.0786
1266.5000 0.0788
1268.9000 0.0789
1273.8000 0.0790
1275.4000 0.0791
1275.5000 0.0792
1276.0000 0.0793
1277.5000 0.0794
1277.6000 0.0795
1278.7000 0.0796
1278.7000 0.0797
1279.6000 0.0798
1280.0000 0.0799
1280.2000 0.0800
1280.6000 0.0801
1281.3000 0.0802
1281.5000 0.0803
1281.6000 0.0804
1285.1000 0.0805
1286.9000 0.0806
1292.5000 0.0807
1294.0000 0.0808
1295.8000 0.0809
1298.9000 0.0810
1302.3000 0.0811
1302.9000 0.0813
1302.9000 0.0814
1304.6000 0.0815
1304.9000 0.0816
1307.4000 0.0817
1308.6000 0.0818
1308.8000 0.0819
1309.0000 0.0820
1310.9000 0.0821
1313.9000 0.0822
1316.2000 0.0823
1317.3000 0.0824
1318.5000 0.0825
1320.3000 0.0826
1320.6000 0.0827
1321.0000 0.0828
1322.1000 0.0829
1323.4000 0.0830
1325.3000 0.0831
1325.3000 0.0832
1325.9000 0.0833
1328.7000 0.0834
1329.3000 0.0835
1330.5000 0.0836
1331.7000 0.0838
1332.6000 0.0839
1333.6000 0.0840
1334.3000 0.0841
1335.1000 0.0842
1337.4000 0.0843
1341.9000 0.0844
1343.6000 0.0845
1343.9000 0.0846
1344.5000 0.0847
1345.0000 0.0848
1345.9000 0.0849
1349.1000 0.0850
1349.7000 0.0851
1349.8000 0.0852
1350.1000 0.0853
1351.5000 0.0854
1351.5000 0.0855
1352.6000 0.0856
1353.2000 0.0857
1353.7000 0.0858
1354.0000 0.0859
1357.6000 0.0860
1358.5000 0.0861
1360.6000 0.0863
1362.3000 0.0864
1362.8000 0.0865
1363.4000 0.0866
1364.9000 0.0867
1365.2000 0.0868
1367.1000 0.0869
1368.5000 0.0870
1372.2000 0.0871
1373.7000 0.0872
1377.6000 0.0873
1378.7000 0.0874
1383.7000 0.0875
1385.3000 0.0876
1387.0000 0.0877
1391.9000 0.0878
1393.9000 0.0879
1393.9000 0.0880
1394.4000 0.0881
1396.7000 0.0882
1397.4000 0.0883
1397.6000 0.0884
1397.7000 0.0885
1400.1000 0.0886
1400.6000 0.0888
1405.4000 0.0889
1406.3000 0.0890
1406.8000 0.0891
1409.1000 0.0892
1409.2000 0.0893
1409.4000 0.0894
1409.6000 0.0895
1410.5000 0.0896
1412.4000 0.0897
1415.1000 0.0898
1420.4000 0.0899
1422.8000 0.0900
1423.3000 0.0901
1426.4000 0.0902
1428.3000 0.0903
1428.7000 0.0904
1434.4000 0.0905
1435.0000 0.0906
1436.6000 0.0907
1437.6000 0.0908
1437.8000 0.0909
1443.2000 0.0910
1445.9000 0.0911
1447.2000 0.0913
1449.2000 0.0914
1450.1000 0.0915
1453.4000 0.0916
1455.3000 0.0917
1457.6000 0.0918
1461.6000 0.0919
1464.9000 0.0920
1465.1000 0.0921
1466.4000 0.0922
1468.0000 0.0923
1471.9000 0.0924
1472.3000 0.0925
1472.6000 0.0926
1475.0000 0.0927
1477.4000 0.0928
1477.5000 0.0929
1479.7000 0.0930
1480.6000 0.0931
1481.1000 0.0932
1481.3000 0.0933
1485.4000 0.0934
1485.6000 0.0935
1488.2000 0.0936
1489.4000 0.0938
1491.3000 0.0939
1491.9000 0.0940
1492.1000 0.0941
1494.1000 0.0942
1494.3000 0.0943
1498.5000 0.0944
1501.0000 0.0945
1502.9000 0.0946
1503.2000 0.0947
1504.3000 0.0948
1505.5000 0.0949
1505.7000 0.0950
1506.4000 0.0951
1508.9000 0.0952
1510.9000 0.0953
1512.6000 0.0954
1512.7000 0.0955
1515.1000 0.0956
1516.9000 0.0957
1518.2000 0.0958
1526.2000 0.0959
1526.6000 0.0960
1527.3000 0.0961
1528.6000 0.0963
1530.2000 0.0964
1536.0000 0.0965
1537.5000 0.0966
1538.6000 0.0967
1539.4000 0.0968
1543.7000 0.0969
1546.1000 0.0970
1548.8000 0.0971
1550.5000 0.0972
1552.7000 0.0973
1555.1000 0.0974
1555.2000 0.0975
1555.8000 0.0976
1558.0000 0.0977
1569.2000 0.0978
1570.1000 0.0979
1570.1000 0.0980
1570.9000 0.0981
1574.8000 0.0982
1577.0000 0.0983
1578.2000 0.0984
1578.3000 0.0985
1579.3000 0.0986
1581.2000 0.0988
1584.9000 0.0989
1589.0000 0.0990
1591.5000 0.0991
1591.7000 0.0992
1595.2000 0.0993
1596.8000 0.0994
1602.4000 0.0995
1605.0000 0.0996
1606.1000 0.0997
1612.4000 0.0998
1613.1000 0.0999
1613.1000 0.1000
1613.2000 0.1001
1613.4000 0.1002
1617.3000 0.1003
1617.3000 0.1004
1617.7000 0.1005
1618.9000 0.1006
1619.1000 0.1007
1619.6000 0.1008
1625.7000 0.1009
1628.1000 0.1010
1629.7000 0.1011
1630.3000 0.1013
1632.8000 0.1014
1633.7000 0.1015
1636.4000 0.1016
1642.2000 0.1017
1643.5000 0.1018
1645.6000 0.1019
1647.1000 0.1020
1648.1000 0.1021
1650.5000 0.1022
1652.6000 0.1023
1653.7000 0.1024
1656.6000 0.1025
1657.2000 0.1026
1657.5000 0.1027
1660.7000 0.1028
1663.2000 0.1029
1671.2000 0.1030
1672.3000 0.1031
1673.5000 0.1032
1673.9000 0.1033
1674.1000 0.1034
1674.8000 0.1035
1676.9000 0.1036
1677.2000 0.1038
1677.8000 0.1039
1678.7000 0.1040
1679.4000 0.1041
1680.3000 0.1042
1680.5000 0.1043
1682.9000 0.1044
1685.0000 0.1045
1686.4000 0.1046
1687.2000 0.1047
1690.8000 0.1048
1691.9000 0.1049
1693.8000 0.1050
1695.8000 0.1051
1696.6000 0.1052
1697.0000 0.1053
1698.0000 0.1054
1702.5000 0.1055
1704.5000 0.1056
1705.4000 0.1057
1705.5000 0.1058
1707.0000 0.1059
1709.0000 0.1060
1711.2000 0.1061
1712.3000 0.1063
1713.9000 0.1064
1721.9000 0.1065
1725.4000 0.1066
1727.4000 0.1067
1727.6000 0.1068
1727.8000 0.1069
1729.8000 0.1070
1730.2000 0.1071
1730.6000 0.1072
1730.6000 0.1073
1734.7000 0.1074
1735.9000 0.1075
1736.2000 0.1076
1740.6000 0.1077
1745.6000 0.1078
1746.6000 0.1079
1747.9000 0.1080
1749.4000 0.1081
1750.1000 0.1082
1750.5000 0.1083
1755.5000 0.1084
1757.9000 0.1085
1762.2000 0.1086
1762.8000 0.1088
1763.1000 0.1089
1763.7000 0.1090
1766.1000 0.1091
1774.6000 0.1092
1778.4000 0.1093
1784.6000 0.1094
1791.5000 0.1095
1791.9000 0.1096
1792.8000 0.1097
1793.7000 0.1098
1793.8000 0.1099
1794.0000 0.1100
1795.0000 0.1101
1798.3000 0.1102
1801.7000 0.1103
1802.2000 0.1104
1807.7000 0.1105
1812.2000 0.1106
1812.5000 0.1107
1813.1000 0.1108
1816.7000 0.1109
1817.9000 0.1110
1823.5000 0.1111
1826.5000 0.1113
1830.3000 0.1114
1830.6000 0.1115
1831.7000 0.1116
1835.4000 0.1117
1836.1000 0.1118
1842.5000 0.1119
1842.6000 0.1120
1842.8000 0.1121
1843.2000 0.1122
1845.0000 0.1123
1847.2000 0.1124
1862.1000 0.1125
1866.4000 0.1126
1868.5000 0.1127
1868.5000 0.1128
1871.8000 0.1129
1875.4000 0.1130
1876.9000 0.1131
1879.7000 0.1132
1880.0000 0.1133
1882.8000 0.1134
1885.7000 0.1135
1886.7000 0.1136
1889.1000 0.1138
1890.4000 0.1139
1890.8000 0.1140
1891.4000 0.1141
1892.1000 0.1142
1892.6000 0.1143
1895.8000 0.1144
1897.6000 0.1145
1897.8000 0.1146
1902.0000 0.1147
1902.4000 0.1148
1902.6000 0.1149
1904.3000 0.1150
1910.1000 0.1151
1914.8000 0.1152
1920.4000 0.1153
1924.2000 0.1154
1925.3000 0.1155
1928.3000 0.1156
1928.5000 0.1157
1929.3000 0.1158
1929.7000 0.1159
1934.8000 0.1160
1935.3000 0.1161
1936.0000 0.1163
1936.1000 0.1164
1939.8000 0.1165
1941.5000 0.1166
1945.6000 0.1167
1948.5000 0.1168
1949.8000 0.1169
1951.2000 0.1170
1952.6000 0.1171
1962.6000 0.1172
1962.6000 0.1173
1966.5000 0.1174
1967.0000 0.1175
1968.0000 0.1176
1971.9000 0.1177
1975.2000 0.1178
1976.3000 0.1179
1983.4000 0.1180
1985.3000 0.1181
1990.5000 0.1182
1990.7000 0.1183
1993.4000 0.1184
1995.4000 0.1185
1995.7000 0.1186
2004.5000 0.1188
2010.6000 0.1189
2016.1000 0.1190
2016.6000 0.1191
2018.3000 0.1192
2023.5000 0.1193
2025.4000 0.1194
2030.4000 0.1195
2032.4000 0.1196
2040.0000 0.1197
2041.3000 0.1198
2042.1000 0.1199
2046.7000 0.1200
2049.7000 0.1201
2052.3000 0.1202
2053.1000 0.1203
2054.1000 0.1204
2056.7000 0.1205
2056.7000 0.1206
2057.2000 0.1207
2059.4000 0.1208
2059.5000 0.1209
2066.4000 0.1210
2068.5000 0.1211
2068.7000 0.1213
2071.6000 0.1214
2074.5000 0.1215
2082.3000 0.1216
2084.7000 0.1217
2086.7000 0.1218
2086.8000 0.1219
2094.4000 0.1220
2097.3000 0.1221
2097.6000 0.1222
2112.8000 0.1223
2113.8000 0.1224
2115.9000 0.1225
2116.5000 0.1226
2117.5000 0.1227
2117.8000 0.1228
2122.1000 0.1229
2122.5000 0.1230
2125.3000 0.1231
2125.4000 0.1232
2130.9000 0.1233
2131.3000 0.1234
2134.4000 0.1235
2136.0000 0.1236
2140.5000 0.1238
2149.3000 0.1239
2153.8000 0.1240
2155.5000 0.1241
2157.7000 0.1242
2158.1000 0.1243
2159.5000 0.1244
2159.6000 0.1245
2163.4000 0.1246
2164.4000 0.1247
2165.2000 0.1248
2167.6000 0.1249
2170.6000 0.1250
2172.0000 0.1251
2172.3000 0.1252
2178.5000 0.1253
2179.8000 0.1254
2184.8000 0.1255
2187.1000 0.1256
2190.1000 0.1257
2191.1000 0.1258
2193.5000 0.1259
2202.6000 0.1260
2206.1000 0.1261
2208.7000 0.1263
2209.1000 0.1264
2215.3000 0.1265
2220.6000 0.1266
2223.7000 0.1267
2235.9000 0.1268
2243.9000 0.1269
2262.4000 0.1270
2262.7000 0.1271
2281.0000 0.1272
2281.6000 0.1273
2283.2000 0.1274
2301.6000 0.1275
2302.2000 0.1276
2312.5000 0.1277
2313.2000 0.1278
2318.3000 0.1279
2319.7000 0.1280
2321.1000 0.1281
2327.7000 0.1282
2327.9000 0.1283
2332.2000 0.1284
2337.6000 0.1285
2339.8000 0.1286
2346.7000 0.1288
2349.3000 0.1289
2350.5000 0.1290
2353.3000 0.1291
2355.9000 0.1292
2355.9000 0.1293
2357.7000 0.1294
2362.4000 0.1295
2363.2000 0.1296
2371.0000 0.1297
2371.3000 0.1298
2376.0000 0.1299
2376.8000 0.1300
2377.5000 0.1301
2380.1000 0.1302
2384.8000 0.1303
2394.3000 0.1304
2399.4000 0.1305
2403.2000 0.1306
2403.7000 0.1307
2404.6000 0.1308
2407.7000 0.1309
2408.0000 0.1310
2414.8000 0.1311
2415.3000 0.1313
2416.3000 0.1314
2419.7000 0.1315
2427.4000 0.1316
2430.5000 0.1317
2436.6000 0.1318
2438.3000 0.1319
2440.1000 0.1320
2446.0000 0.1321
2447.2000 0.1322
2449.5000 0.1323
2459.2000 0.1324
2460.1000 0.1325
2469.4000 0.1326
2473.8000 0.1327
2476.5000 0.1328
2478.4000 0.1329
2480.1000 0.1330
2484.8000 0.1331
2491.0000 0.1332
2491.3000 0.1333
2495.7000 0.1334
2499.3000 0.1335
2505.5000 0.1336
2507.2000 0.1338
2517.1000 0.1339
2517.6000 0.1340
2540.4000 0.1341
2540.8000 0.1342
2554.6000 0.1343
2554.7000 0.1344
2555.7000 0.1345
2560.1000 0.1346
2560.1000 0.1347
2568.6000 0.1348
2569.7000 0.1349
2569.8000 0.1350
2570.4000 0.1351
2570.5000 0.1352
2579.4000 0.1353
2592.3000 0.1354
2595.2000 0.1355
2604.2000 0.1356
2609.3000 0.1357
2611.5000 0.1358
2613.9000 0.1359
2617.0000 0.1360
2619.9000 0.1361
2625.3000 0.1363
2626.4000 0.1364
2639.5000 0.1365
2644.6000 0.1366
2647.3000 0.1367
2656.3000 0.1368
2671.7000 0.1369
2672.5000 0.1370
2687.0000 0.1371
2691.2000 0.1372
2695.3000 0.1373
2699.3000 0.1374
2700.5000 0.1375
2707.8000 0.1376
2719.4000 0.1377
2721.3000 0.1378
2729.7000 0.1379
2740.7000 0.1380
2751.6000 0.1381
2752.9000 0.1382
2774.8000 0.1383
2777.1000 0.1384
2777.9000 0.1385
2781.1000 0.1386
2786.0000 0.1388
2786.2000 0.1389
2787.4000 0.1390
2788.1000 0.1391
2804.7000 0.1392
2813.9000 0.1393
2819.1000 0.1394
2820.5000 0.1395
2822.7000 0.1396
2827.4000 0.1397
2835.0000 0.1398
2838.7000 0.1399
2839.8000 0.1400
2840.3000 0.1401
2846.4000 0.1402
2855.6000 0.1403
2866.9000 0.1404
2874.0000 0.1405
2874.8000 0.1406
2879.8000 0.1407
2880.4000 0.1408
2884.3000 0.1409
2901.7000 0.1410
2908.4000 0.1411
2909.7000 0.1413
2915.6000 0.1414
2916.7000 0.1415
2918.7000 0.1416
2921.3000 0.1417
2928.6000 0.1418
2929.7000 0.1419
2935.7000 0.1420
2938.5000 0.1421
2947.3000 0.1422
2947.7000 0.1423
2950.2000 0.1424
2973.1000 0.1425
2975.0000 0.1426
2977.7000 0.1427
2979.7000 0.1428
3000.6000 0.1429
3011.2000 0.1430
3011.7000 0.1431
3025.2000 0.1432
3027.2000 0.1433
3040.3000 0.1434
3044.5000 0.1435
3044.7000 0.1436
3049.2000 0.1437
3050.3000 0.1439
3053.7000 0.1440
3054.2000 0.1441
3059.4000 0.1442
3066.6000 0.1443
3067.5000 0.1444
3067.5000 0.1445
3070.2000 0.1446
3070.3000 0.1447
3085.6000 0.1448
3089.7000 0.1449
3097.2000 0.1450
3103.1000 0.1451
3117.9000 0.1452
3129.1000 0.1453
3131.8000 0.1454
3149.0000 0.1455
3152.7000 0.1456
3155.6000 0.1457
3162.4000 0.1458
3162.5000 0.1459
3171.4000 0.1460
3175.0000 0.1461
3175.1000 0.1462
3175.4000 0.1464
3179.7000 0.1465
3184.2000 0.1466
3188.7000 0.1467
3195.6000 0.1468
3203.4000 0.1469
3206.3000 0.1470
3208.7000 0.1471
3213.1000 0.1472
3213.2000 0.1473
3214.9000 0.1474
3224.5000 0.1475
3227.8000 0.1476
3234.1000 0.1477
3235.2000 0.1478
3235.5000 0.1479
3244.2000 0.1480
3247.8000 0.1481
3250.2000 0.1482
3254.5000 0.1483
3266.2000 0.1484
3266.4000 0.1485
3275.4000 0.1486
3287.6000 0.1487
3288.3000 0.1489
3289.6000 0.1490
3316.3000 0.1491
3317.3000 0.1492
3319.7000 0.1493
3324.3000 0.1494
3325.1000 0.1495
3326.0000 0.1496
3335.3000 0.1497
3336.2000 0.1498
3338.4000 0.1499
3338.7000 0.1500
3338.8000 0.1501
3350.6000 0.1502
3351.5000 0.1503
3354.4000 0.1504
3355.1000 0.1505
3364.3000 0.1506
3365.6000 0.1507
3372.9000 0.1508
3374.7000 0.1509
3387.3000 0.1510
3391.6000 0.1511
3394.1000 0.1512
3394.9000 0.1514
3397.0000 0.1515
3406.0000 0.1516
3407.0000 0.1517
3407.2000 0.1518
3423.7000 0.1519
3425.8000 0.1520
3435.9000 0.1521
3436.0000 0.1522
3444.9000 0.1523
3445.7000 0.1524
3445.9000 0.1525
3451.0000 0.1526
3451.6000 0.1527
3464.4000 0.1528
3472.7000 0.1529
3477.2000 0.1530
3478.3000 0.1531
3478.6000 0.1532
3485.2000 0.1533
3488.3000 0.1534
3488.4000 0.1535
3493.6000 0.1536
3512.0000 0.1537
3514.4000 0.1539
3529.2000 0.1540
3531.1000 0.1541
3538.1000 0.1542
3539.7000 0.1543
3540.2000 0.1544
3543.7000 0.1545
3546.2000 0.1546
3547.4000 0.1547
3552.3000 0.1548
3557.3000 0.1549
3557.9000 0.1550
3558.0000 0.1551
3561.7000 0.1552
3562.5000 0.1553
3570.7000 0.1554
3571.6000 0.1555
3580.5000 0.1556
3601.0000 0.1557
3608.0000 0.1558
3639.5000 0.1559
3639.8000 0.1560
3644.5000 0.1561
3649.3000 0.1562
3650.0000 0.1564
3650.2000 0.1565
3650.4000 0.1566
3651.0000 0.1567
3651.5000 0.1568
3653.4000 0.1569
3654.3000 0.1570
3658.5000 0.1571
3662.3000 0.1572
3670.2000 0.1573
3673.7000 0.1574
3681.2000 0.1575
3689.6000 0.1576
3694.2000 0.1577
3695.0000 0.1578
3697.8000 0.1579
3701.8000 0.1580
3704.6000 0.1581
3712.3000 0.1582
3723.1000 0.1583
3729.6000 0.1584
3741.5000 0.1585
3746.9000 0.1586
3755.5000 0.1587
3762.4000 0.1589
3763.5000 0.1590
3767.7000 0.1591
3771.4000 0.1592
3774.0000 0.1593
3778.4000 0.1594
3779.8000 0.1595
3780.6000 0.1596
3785.2000 0.1597
3796.5000 0.1598
3796.9000 0.1599
3800.9000 0.1600
3804.3000 0.1601
3807.1000 0.1602
3808.5000 0.1603
3817.1000 0.1604
3819.3000 0.1605
3821.7000 0.1606
3829.4000 0.1607
3831.8000 0.1608
3832.4000 0.1609
3834.9000 0.1610
3836.0000 0.1611
3841.5000 0.1612
3849.0000 0.1614
3857.5000 0.1615
3860.3000 0.1616
3861.1000 0.1617
3864.0000 0.1618
3864.3000 0.1619
3868.1000 0.1620
3876.4000 0.1621
3877.7000 0.1622
3879.8000 0.1623
3881.3000 0.1624
3903.2000 0.1625
3903.5000 0.1626
3909.6000 0.1627
3910.3000 0.1628
3915.0000 0.1629
3932.6000 0.1630
3935.5000 0.1631
3943.8000 0.1632
3944.0000 0.1633
3955.3000 0.1634
3956.4000 0.1635
3956.7000 0.1636
3959.3000 0.1637
3963.3000 0.1639
3972.3000 0.1640
3979.7000 0.1641
3980.6000 0.1642
3990.4000 0.1643
3990.9000 0.1644
3997.5000 0.1645
3998.0000 0.1646
4014.2000 0.1647
4017.7000 0.1648
4032.7000 0.1649
4037.0000 0.1650
4042.1000 0.1651
4042.7000 0.1652
4043.1000 0.1653
4047.1000 0.1654
4049.1000 0.1655
4051.0000 0.1656
4053.6000 0.1657
4054.6000 0.1658
4055.4000 0.1659
4056.5000 0.1660
4063.7000 0.1661
4064.6000 0.1662
4066.5000 0.1664
4073.0000 0.1665
4074.3000 0.1666
4078.7000 0.1667
4083.0000 0.1668
4093.6000 0.1669
4093.7000 0.1670
4102.3000 0.1671
4104.2000 0.1672
4108.6000 0.1673
4112.1000 0.1674
4114.3000 0.1675
4126.4000 0.1676
4130.6000 0.1677
4131.7000 0.1678
4140.0000 0.1679
4145.2000 0.1680
4148.7000 0.1681
4149.3000 0.1682
4150.7000 0.1683
4158.5000 0.1684
4160.4000 0.1685
4163.3000 0.1686
4173.2000 0.1687
4177.2000 0.1689
4183.9000 0.1690
4185.4000 0.1691
4195.5000 0.1692
4216.8000 0.1693
4219.3000 0.1694
4234.5000 0.1695
4236.4000 0.1696
4242.5000 0.1697
4244.7000 0.1698
4248.7000 0.1699
4251.2000 0.1700
4254.0000 0.1701
4257.0000 0.1702
4265.3000 0.1703
4276.3000 0.1704
4283.1000 0.1705
4284.6000 0.1706
4284.7000 0.1707
4294.1000 0.1708
4300.5000 0.1709
4302.6000 0.1710
4304.3000 0.1711
4307.5000 0.1712
4322.2000 0.1714
4334.2000 0.1715
4345.6000 0.1716
4348.2000 0.1717
4350.2000 0.1718
4352.3000 0.1719
4362.5000 0.1720
4366.9000 0.1721
4376.6000 0.1722
4380.7000 0.1723
4381.1000 0.1724
4387.7000 0.1725
4389.9000 0.1726
4394.1000 0.1727
4398.3000 0.1728
4403.3000 0.1729
4403.5000 0.1730
4413.9000 0.1731
4421.1000 0.1732
4427.5000 0.1733
4428.4000 0.1734
4433.4000 0.1735
4435.9000 0.1736
4436.0000 0.1737
4450.5000 0.1739
4454.3000 0.1740
4455.0000 0.1741
4456.1000 0.1742
4457.6000 0.1743
4458.8000 0.1744
4463.5000 0.1745
4471.2000 0.1746
4482.4000 0.1747
4483.3000 0.1748
4496.6000 0.1749
4521.6000 0.1750
4524.9000 0.1751
4531.7000 0.1752
4539.3000 0.1753
4541.9000 0.1754
4550.2000 0.1755
4559.1000 0.1756
4560.7000 0.1757
4563.7000 0.1758
4569.5000 0.1759
4572.6000 0.1760
4576.1000 0.1761
4580.4000 0.1762
4581.7000 0.1764
4583.8000 0.1765
4587.3000 0.1766
4589.1000 0.1767
4595.3000 0.1768
4596.7000 0.1769
4605.3000 0.1770
4607.9000 0.1771
4614.5000 0.1772
4621.3000 0.1773
4627.9000 0.1774
4628.3000 0.1775
4629.2000 0.1776
4630.7000 0.1777
4651.7000 0.1778
4666.2000 0.1779
4667.1000 0.1780
4671.6000 0.1781
4673.7000 0.1782
4680.0000 0.1783
4681.3000 0.1784
4685.7000 0.1785
4689.6000 0.1786
4692.3000 0.1787
4698.7000 0.1789
4699.6000 0.1790
4704.0000 0.1791
4705.8000 0.1792
4706.0000 0.1793
4717.6000 0.1794
4739.0000 0.1795
4752.9000 0.1796
4756.0000 0.1797
4756.7000 0.1798
4760.6000 0.1799
4761.9000 0.1800
4774.8000 0.1801
4786.7000 0.1802
4787.4000 0.1803
4788.7000 0.1804
4791.6000 0.1805
4801.5000 0.1806
4805.5000 0.1807
4808.3000 0.1808
4812.4000 0.1809
4833.7000 0.1810
4836.4000 0.1811
4839.4000 0.1812
4844.5000 0.1814
4844.5000 0.1815
4848.7000 0.1816
4853.9000 0.1817
4858.0000 0.1818
4861.5000 0.1819
4863.5000 0.1820
4866.4000 0.1821
4867.2000 0.1822
4869.8000 0.1823
4871.1000 0.1824
4892.6000 0.1825
4897.5000 0.1826
4898.4000 0.1827
4899.9000 0.1828
4913.1000 0.1829
4916.5000 0.1830
4917.7000 0.1831
4932.6000 0.1832
4936.6000 0.1833
4946.7000 0.1834
4947.6000 0.1835
4951.5000 0.1836
4971.6000 0.1837
4974.8000 0.1839
4980.5000 0.1840
4980.6000 0.1841
4989.1000 0.1842
4991.7000 0.1843
4993.5000 0.1844
4994.0000 0.1845
4994.5000 0.1846
5006.9000 0.1847
5012.0000 0.1848
5020.3000 0.1849
5038.3000 0.1850
5040.7000 0.1851
5043.2000 0.1852
5048.5000 0.1853
5050.4000 0.1854
5056.1000 0.1855
5057.0000 0.1856
5059.0000 0.1857
5061.8000 0.1858
5073.9000 0.1859
5076.9000 0.1860
5077.7000 0.1861
5079.5000 0.1862
5084.5000 0.1864
5089.7000 0.1865
5097.6000 0.1866
5102.2000 0.1867
5108.1000 0.1868
5114.8000 0.1869
5119.0000 0.1870
5119.3000 0.1871
5121.7000 0.1872
5125.0000 0.1873
5135.1000 0.1874
5145.9000 0.1875
5147.9000 0.1876
5157.0000 0.1877
5169.6000 0.1878
5190.1000 0.1879
5192.4000 0.1880
5208.6000 0.1881
5210.7000 0.1882
5214.3000 0.1883
5223.7000 0.1884
5231.6000 0.1885
5233.0000 0.1886
5241.5000 0.1887
5246.1000 0.1889
5250.7000 0.1890
5273.1000 0.1891
5277.7000 0.1892
5280.1000 0.1893
5288.8000 0.1894
5298.9000 0.1895
5305.2000 0.1896
5314.1000 0.1897
5316.3000 0.1898
5316.8000 0.1899
5319.7000 0.1900
5320.4000 0.1901
5339.1000 0.1902
5345.3000 0.1903
5356.6000 0.1904
5364.7000 0.1905
5364.7000 0.1906
5365.1000 0.1907
5371.8000 0.1908
5376.2000 0.1909
5381.4000 0.1910
5384.9000 0.1911
5392.0000 0.1912
5392.9000 0.1914
5397.6000 0.1915
5397.8000 0.1916
5397.8000 0.1917
5400.0000 0.1918
5409.2000 0.1919
5414.6000 0.1920
5422.9000 0.1921
5427.1000 0.1922
5434.9000 0.1923
5440.3000 0.1924
5441.5000 0.1925
5444.9000 0.1926
5456.3000 0.1927
5458.7000 0.1928
5466.3000 0.1929
5467.8000 0.1930
5471.5000 0.1931
5499.7000 0.1932
5501.7000 0.1933
5505.2000 0.1934
5507.5000 0.1935
5511.7000 0.1936
5515.8000 0.1937
5521.4000 0.1939
5523.0000 0.1940
5523.8000 0.1941
5537.1000 0.1942
5548.5000 0.1943
5553.6000 0.1944
5557.7000 0.1945
5560.7000 0.1946
5570.3000 0.1947
5570.9000 0.1948
5589.2000 0.1949
5590.5000 0.1950
5593.2000 0.1951
5597.9000 0.1952
5598.5000 0.1953
5599.5000 0.1954
5608.2000 0.1955
5617.4000 0.1956
5627.2000 0.1957
5628.1000 0.1958
5637.5000 0.1959
5640.8000 0.1960
5644.7000 0.1961
5647.6000 0.1962
5659.8000 0.1964
5664.9000 0.1965
5680.3000 0.1966
5681.4000 0.1967
5684.8000 0.1968
5687.7000 0.1969
5714.4000 0.1970
5719.5000 0.1971
5720.3000 0.1972
5726.7000 0.1973
5748.7000 0.1974
5752.4000 0.1975
5756.8000 0.1976
5760.0000 0.1977
5778.7000 0.1978
5779.7000 0.1979
5781.0000 0.1980
5784.8000 0.1981
5787.5000 0.1982
5795.5000 0.1983
5796.5000 0.1984
5797.6000 0.1985
5805.8000 0.1986
5824.1000 0.1987
5826.6000 0.1989
5840.4000 0.1990
5843.9000 0.1991
5844.5000 0.1992
5848.8000 0.1993
5851.7000 0.1994
5856.5000 0.1995
5858.1000 0.1996
5862.5000 0.1997
5871.5000 0.1998
5871.6000 0.1999
5878.1000 0.2000
5884.9000 0.2001
5886.1000 0.2002
5893.5000 0.2003
5901.4000 0.2004
5924.9000 0.2005
5925.4000 0.2006
5926.5000 0.2007
5934.0000 0.2008
5934.2000 0.2009
5939.8000 0.2010
5943.6000 0.2011
5944.6000 0.2012
5946.3000 0.2014
5953.4000 0.2015
5955.4000 0.2016
5972.1000 0.2017
5984.5000 0.2018
5985.3000 0.2019
5990.5000 0.2020
6004.4000 0.2021
6006.7000 0.2022
6016.4000 0.2023
6031.4000 0.2024
6032.1000 0.2025
6040.1000 0.2026
6040.6000 0.2027
6050.7000 0.2028
6054.2000 0.2029
6058.3000 0.2030
6059.5000 0.2031
6065.6000 0.2032
6086.2000 0.2033
6090.6000 0.2034
6101.7000 0.2035
6124.1000 0.2036
6124.2000 0.2037
6129.5000 0.2039
6144.5000 0.2040
6149.8000 0.2041
6151.6000 0.2042
6157.4000 0.2043
6160.7000 0.2044
6165.8000 0.2045
6178.4000 0.2046
6179.6000 0.2047
6191.4000 0.2048
6194.5000 0.2049
6196.5000 0.2050
6201.8000 0.2051
6209.1000 0.2052
6215.6000 0.2053
6221.7000 0.2054
6232.7000 0.2055
6233.2000 0.2056
6233.3000 0.2057
6235.2000 0.2058
6242.6000 0.2059
6243.9000 0.2060
6248.1000 0.2061
6251.7000 0.2062
6254.6000 0.2064
6265.2000 0.2065
6266.1000 0.2066
6267.6000 0.2067
6268.1000 0.2068
6273.0000 0.2069
6284.2000 0.2070
6287.5000 0.2071
6292.5000 0.2072
6293.2000 0.2073
6294.5000 0.2074
6308.1000 0.2075
6316.3000 0.2076
6318.0000 0.2077
6321.1000 0.2078
6348.9000 0.2079
6349.9000 0.2080
6359.3000 0.2081
6363.7000 0.2082
6370.3000 0.2083
6390.7000 0.2084
6391.3000 0.2085
6399.5000 0.2086
6404.4000 0.2087
6419.5000 0.2089
6427.7000 0.2090
6430.2000 0.2091
6432.8000 0.2092
6436.1000 0.2093
6439.5000 0.2094
6446.9000 0.2095
6450.4000 0.2096
6452.3000 0.2097
6453.9000 0.2098
6457.5000 0.2099
6459.6000 0.2100
6480.4000 0.2101
6498.7000 0.2102
6500.5000 0.2103
6508.1000 0.2104
6514.7000 0.2105
6514.8000 0.2106
6527.8000 0.2107
6529.5000 0.2108
6546.7000 0.2109
6556.9000 0.2110
6559.7000 0.2111
6590.8000 0.2112
6618.5000 0.2114
6620.5000 0.2115
6629.3000 0.2116
6653.4000 0.2117
6655.0000 0.2118
6663.2000 0.2119
6666.8000 0.2120
6679.3000 0.2121
6682.3000 0.2122
6682.4000 0.2123
6684.5000 0.2124
6701.7000 0.2125
6708.0000 0.2126
6713.6000 0.2127
6715.6000 0.2128
6722.7000 0.2129
6749.3000 0.2130
6750.7000 0.2131
6762.4000 0.2132
6763.3000 0.2133
6769.9000 0.2134
6773.0000 0.2135
6790.2000 0.2136
6793.4000 0.2137
6795.4000 0.2139
6821.0000 0.2140
6843.5000 0.2141
6857.7000 0.2142
6858.7000 0.2143
6872.6000 0.2144
6878.6000 0.2145
6892.1000 0.2146
6892.3000 0.2147
6895.3000 0.2148
6905.7000 0.2149
6910.6000 0.2150
6911.5000 0.2151
6922.6000 0.2152
6929.5000 0.2153
6930.2000 0.2154
6930.7000 0.2155
6938.5000 0.2156
6944.6000 0.2157
6947.5000 0.2158
6947.5000 0.2159
6947.7000 0.2160
6959.8000 0.2161
6965.1000 0.2162
6969.7000 0.2164
6977.8000 0.2165
6986.7000 0.2166
6990.5000 0.2167
6994.3000 0.2168
6996.5000 0.2169
6999.7000 0.2170
7007.3000 0.2171
7008.1000 0.2172
7013.5000 0.2173
7015.1000 0.2174
7016.0000 0.2175
7027.1000 0.2176
7029.2000 0.2177
7033.5000 0.2178
7049.2000 0.2179
7055.9000 0.2180
7067.6000 0.2181
7072.6000 0.2182
7075.4000 0.2183
7075.8000 0.2184
7087.1000 0.2185
7090.8000 0.2186
7096.6000 0.2187
7106.0000 0.2189
7111.8000 0.2190
7114.1000 0.2191
7119.3000 0.2192
7125.2000 0.2193
7130.6000 0.2194
7139.7000 0.2195
7140.1000 0.2196
7140.3000 0.2197
7143.0000 0.2198
7144.8000 0.2199
7157.0000 0.2200
7163.1000 0.2201
7176.6000 0.2202
7185.6000 0.2203
7187.5000 0.2204
7193.7000 0.2205
7195.8000 0.2206
7211.7000 0.2207
7215.4000 0.2208
7218.5000 0.2209
7219.8000 0.2210
7220.4000 0.2211
7226.0000 0.2212
7231.2000 0.2214
7243.8000 0.2215
7258.9000 0.2216
7276.0000 0.2217
7287.3000 0.2218
7303.3000 0.2219
7306.1000 0.2220
7315.4000 0.2221
7332.4000 0.2222
7365.1000 0.2223
7377.1000 0.2224
7377.4000 0.2225
7377.6000 0.2226
7377.7000 0.2227
7378.6000 0.2228
7387.7000 0.2229
7388.7000 0.2230
7390.8000 0.2231
7398.1000 0.2232
7409.2000 0.2233
7413.1000 0.2234
7428.8000 0.2235
7444.3000 0.2236
7455.1000 0.2237
7463.3000 0.2239
7463.8000 0.2240
7468.1000 0.2241
7469.2000 0.2242
7473.3000 0.2243
7473.6000 0.2244
7483.6000 0.2245
7484.7000 0.2246
7496.7000 0.2247
7497.1000 0.2248
7501.9000 0.2249
7505.3000 0.2250
7515.8000 0.2251
7517.2000 0.2252
7518.5000 0.2253
7518.7000 0.2254
7532.4000 0.2255
7539.1000 0.2256
7561.7000 0.2257
7563.5000 0.2258
7564.5000 0.2259
7582.5000 0.2260
7590.5000 0.2261
7610.6000 0.2262
7612.3000 0.2264
7612.6000 0.2265
7623.4000 0.2266
7626.1000 0.2267
7626.3000 0.2268
7634.2000 0.2269
7636.6000 0.2270
7647.3000 0.2271
7653.1000 0.2272
7655.1000 0.2273
7657.2000 0.2274
7657.7000 0.2275
7660.8000 0.2276
7661.2000 0.2277
7670.2000 0.2278
7676.3000 0.2279
7686.6000 0.2280
7690.9000 0.2281
7698.4000 0.2282
7703.7000 0.2283
7705.5000 0.2284
7707.1000 0.2285
7711.1000 0.2286
7729.3000 0.2287
7732.3000 0.2289
7738.3000 0.2290
7740.6000 0.2291
7749.6000 0.2292
7750.6000 0.2293
7751.7000 0.2294
7753.5000 0.2295
7755.0000 0.2296
7763.2000 0.2297
7764.5000 0.2298
7772.5000 0.2299
7773.3000 0.2300
7773.8000 0.2301
7779.1000 0.2302
7788.1000 0.2303
7789.4000 0.2304
7804.2000 0.2305
7809.9000 0.2306
7813.6000 0.2307
7814.7000 0.2308
7817.8000 0.2309
7818.4000 0.2310
7833.0000 0.2311
7837.0000 0.2312
7837.3000 0.2314
7850.7000 0.2315
7853.6000 0.2316
7874.6000 0.2317
7877.5000 0.2318
7903.3000 0.2319
7920.3000 0.2320
7922.0000 0.2321
7922.5000 0.2322
7923.6000 0.2323
7932.0000 0.2324
7934.6000 0.2325
7935.8000 0.2326
7940.4000 0.2327
7940.8000 0.2328
7947.3000 0.2329
7947.3000 0.2330
7952.3000 0.2331
7959.4000 0.2332
7963.7000 0.2333
7964.2000 0.2334
7973.5000 0.2335
7979.7000 0.2336
7981.3000 0.2337
7986.6000 0.2339
8001.7000 0.2340
8011.3000 0.2341
8021.7000 0.2342
8021.8000 0.2343
8026.3000 0.2344
8036.1000 0.2345
8044.7000 0.2346
8074.3000 0.2347
8076.1000 0.2348
8078.6000 0.2349
8082.9000 0.2350
8089.3000 0.2351
8093.1000 0.2352
8094.4000 0.2353
8115.3000 0.2354
8121.7000 0.2355
8121.9000 0.2356
8123.9000 0.2357
8126.3000 0.2358
8133.3000 0.2359
8134.3000 0.2360
8142.3000 0.2361
8145.4000 0.2362
8151.5000 0.2364
8153.9000 0.2365
8160.9000 0.2366
8165.5000 0.2367
8195.0000 0.2368
8197.7000 0.2369
8204.6000 0.2370
8205.1000 0.2371
8222.6000 0.2372
8229.2000 0.2373
8235.3000 0.2374
8236.4000 0.2375
8240.6000 0.2376
8251.3000 0.2377
8251.4000 0.2378
8265.9000 0.2379
8275.4000 0.2380
8287.9000 0.2381
8288.5000 0.2382
8289.7000 0.2383
8294.7000 0.2384
8297.2000 0.2385
8299.3000 0.2386
8304.7000 0.2387
8317.5000 0.2389
8319.4000 0.2390
8326.3000 0.2391
8329.1000 0.2392
8333.0000 0.2393
8349.6000 0.2394
8353.5000 0.2395
8354.3000 0.2396
8362.5000 0.2397
8363.5000 0.2398
8366.3000 0.2399
8367.3000 0.2400
8367.9000 0.2401
8371.8000 0.2402
8375.7000 0.2403
8376.4000 0.2404
8383.0000 0.2405
8384.8000 0.2406
8388.7000 0.2407
8390.4000 0.2408
8394.3000 0.2409
8405.2000 0.2410
8413.1000 0.2411
8414.9000 0.2412
8415.2000 0.2414
8415.6000 0.2415
8416.9000 0.2416
8417.6000 0.2417
8425.8000 0.2418
8438.1000 0.2419
8449.8000 0.2420
8467.5000 0.2421
8470.0000 0.2422
8480.3000 0.2423
8485.5000 0.2424
8485.8000 0.2425
8486.0000 0.2426
8491.3000 0.2427
8512.0000 0.2428
8513.3000 0.2429
8515.5000 0.2430
8518.6000 0.2431
8524.6000 0.2432
8525.8000 0.2433
8554.8000 0.2434
8564.7000 0.2435
8568.7000 0.2436
8569.2000 0.2437
8573.4000 0.2439
8581.6000 0.2440
8589.1000 0.2441
8599.8000 0.2442
8600.6000 0.2443
8601.7000 0.2444
8609.4000 0.2445
8612.9000 0.2446
8630.0000 0.2447
8642.3000 0.2448
8664.0000 0.2449
8665.7000 0.2450
8670.3000 0.2451
8670.7000 0.2452
8686.7000 0.2453
8691.2000 0.2454
8698.2000 0.2455
8713.1000 0.2456
8713.7000 0.2457
8718.8000 0.2458
8722.2000 0.2459
8728.7000 0.2460
8730.7000 0.2461
8743.9000 0.2462
8744.6000 0.2464
8746.5000 0.2465
8773.9000 0.2466
8776.0000 0.2467
8800.2000 0.2468
8826.7000 0.2469
8834.8000 0.2470
8839.7000 0.2471
8853.5000 0.2472
8868.8000 0.2473
8871.6000 0.2474
8872.0000 0.2475
8875.6000 0.2476
8876.7000 0.2477
8887.5000 0.2478
8902.1000 0.2479
8910.7000 0.2480
8912.3000 0.2481
8923.0000 0.2482
8928.0000 0.2483
8928.7000 0.2484
8929.3000 0.2485
8934.3000 0.2486
8948.9000 0.2487
8951.1000 0.2489
8951.4000 0.2490
8954.6000 0.2491
8958.1000 0.2492
8981.7000 0.2493
8989.7000 0.2494
9004.3000 0.2495
9005.6000 0.2496
9015.7000 0.2497
9020.9000 0.2498
9029.3000 0.2499
9069.9000 0.2500
9072.8000 0.2501
9074.5000 0.2502
9074.6000 0.2503
9078.5000 0.2504
9087.3000 0.2505
9093.3000 0.2506
9093.3000 0.2507
9095.7000 0.2508
9100.5000 0.2509
9116.3000 0.2510
9116.4000 0.2511
9118.4000 0.2512
9127.5000 0.2514
9135.1000 0.2515
9143.9000 0.2516
9145.2000 0.2517
9145.8000 0.2518
9147.5000 0.2519
9152.6000 0.2520
9164.6000 0.2521
9167.9000 0.2522
9170.5000 0.2523
9175.0000 0.2524
9177.7000 0.2525
9180.5000 0.2526
9180.7000 0.2527
9192.4000 0.2528
9197.9000 0.2529
9199.3000 0.2530
9199.7000 0.2531
9201.1000 0.2532
9207.9000 0.2533
9208.9000 0.2534
9212.9000 0.2535
9214.2000 0.2536
9219.6000 0.2537
9221.4000 0.2539
9253.2000 0.2540
9280.0000 0.2541
9282.9000 0.2542
9287.7000 0.2543
9289.4000 0.2544
9289.8000 0.2545
9292.3000 0.2546
9293.4000 0.2547
9307.0000 0.2548
9312.7000 0.2549
9316.6000 0.2550
9324.7000 0.2551
9332.3000 0.2552
9337.3000 0.2553
9337.7000 0.2554
9353.0000 0.2555
9355.7000 0.2556
9358.6000 0.2557
9383.5000 0.2558
9399.5000 0.2559
9401.7000 0.2560
9404.6000 0.2561
9419.4000 0.2562
9425.1000 0.2564
9438.6000 0.2565
9444.3000 0.2566
9467.0000 0.2567
9472.4000 0.2568
9474.3000 0.2569
9476.6000 0.2570
9478.7000 0.2571
9484.3000 0.2572
9485.8000 0.2573
9497.6000 0.2574
9499.7000 0.2575
9501.1000 0.2576
9501.5000 0.2577
9503.7000 0.2578
9507.1000 0.2579
9511.4000 0.2580
9512.5000 0.2581
9514.6000 0.2582
9516.1000 0.2583
9518.4000 0.2584
9521.6000 0.2585
9527.5000 0.2586
9534.0000 0.2587
9534.6000 0.2589
9564.5000 0.2590
9570.3000 0.2591
9575.5000 0.2592
9593.1000 0.2593
9594.3000 0.2594
9595.6000 0.2595
9599.6000 0.2596
9605.3000 0.2597
9609.3000 0.2598
9622.6000 0.2599
9623.6000 0.2600
9630.0000 0.2601
9638.8000 0.2602
9644.5000 0.2603
9646.0000 0.2604
9655.1000 0.2605
9655.7000 0.2606
9665.9000 0.2607
9667.5000 0.2608
9668.9000 0.2609
9676.5000 0.2610
9696.1000 0.2611
9710.9000 0.2612
9713.7000 0.2614
9730.0000 0.2615
9744.6000 0.2616
9746.6000 0.2617
9749.6000 0.2618
9751.1000 0.2619
9756.7000 0.2620
9762.7000 0.2621
9773.5000 0.2622
9775.1000 0.2623
9777.2000 0.2624
9781.3000 0.2625
9786.3000 0.2626
9798.7000 0.2627
9808.8000 0.2628
9821.1000 0.2629
9826.7000 0.2630
9830.2000 0.2631
9835.4000 0.2632
9836.7000 0.2633
9849.3000 0.2634
9855.2000 0.2635
9863.3000 0.2636
9863.3000 0.2637
9863.5000 0.2639
9873.0000 0.2640
9874.1000 0.2641
9887.6000 0.2642
9911.7000 0.2643
9919.4000 0.2644
9923.8000 0.2645
9940.9000 0.2646
9941.1000 0.2647
9953.8000 0.2648
9963.5000 0.2649
9963.8000 0.2650
9967.7000 0.2651
9968.3000 0.2652
9972.0000 0.2653
9979.3000 0.2654
9982.1000 0.2655
10008.8000 0.2656
10009.1000 0.2657
10022.4000 0.2658
10023.6000 0.2659
10029.7000 0.2660
10053.0000 0.2661
10058.6000 0.2662
10064.5000 0.2664
10065.2000 0.2665
10066.7000 0.2666
10070.7000 0.2667
10081.0000 0.2668
10084.0000 0.2669
10086.7000 0.2670
10096.1000 0.2671
10097.0000 0.2672
10104.5000 0.2673
10117.0000 0.2674
10123.7000 0.2675
10125.1000 0.2676
10126.3000 0.2677
10131.4000 0.2678
10144.2000 0.2679
10144.4000 0.2680
10150.5000 0.2681
10150.9000 0.2682
10156.6000 0.2683
10162.9000 0.2684
10166.0000 0.2685
10167.0000 0.2686
10176.8000 0.2687
10186.2000 0.2689
10188.7000 0.2690
10189.5000 0.2691
10190.1000 0.2692
10191.3000 0.2693
10191.5000 0.2694
10204.7000 0.2695
10210.2000 0.2696
10213.6000 0.2697
10220.1000 0.2698
10221.5000 0.2699
10221.8000 0.2700
10223.7000 0.2701
10240.5000 0.2702
10254.5000 0.2703
10270.9000 0.2704
10272.2000 0.2705
10274.2000 0.2706
10275.5000 0.2707
10276.7000 0.2708
10276.9000 0.2709
10286.9000 0.2710
10287.6000 0.2711
10296.5000 0.2712
10297.8000 0.2714
10307.7000 0.2715
10308.1000 0.2716
10308.9000 0.2717
10314.9000 0.2718
10322.7000 0.2719
10346.3000 0.2720
10357.5000 0.2721
10357.7000 0.2722
10372.9000 0.2723
10383.5000 0.2724
10389.1000 0.2725
10402.1000 0.2726
10407.5000 0.2727
10411.3000 0.2728
10425.0000 0.2729
10426.5000 0.2730
10446.4000 0.2731
10448.0000 0.2732
10459.9000 0.2733
10492.7000 0.2734
10493.2000 0.2735
10499.5000 0.2736
10506.5000 0.2737
10513.5000 0.2739
10517.5000 0.2740
10519.8000 0.2741
10522.0000 0.2742
10531.1000 0.2743
10535.3000 0.2744
10542.0000 0.2745
10545.5000 0.2746
10549.7000 0.2747
10551.6000 0.2748
10554.1000 0.2749
10558.4000 0.2750
10562.7000 0.2751
10564.2000 0.2752
10566.1000 0.2753
10566.8000 0.2754
10569.9000 0.2755
10575.3000 0.2756
10576.1000 0.2757
10576.4000 0.2758
10585.6000 0.2759
10587.4000 0.2760
10595.7000 0.2761
10601.7000 0.2762
10611.4000 0.2764
10613.5000 0.2765
10620.6000 0.2766
10620.6000 0.2767
10624.6000 0.2768
10632.2000 0.2769
10637.2000 0.2770
10647.2000 0.2771
10647.5000 0.2772
10651.7000 0.2773
10653.1000 0.2774
10656.2000 0.2775
10657.1000 0.2776
10658.5000 0.2777
10660.3000 0.2778
10661.8000 0.2779
10665.7000 0.2780
10668.4000 0.2781
10676.1000 0.2782
10691.5000 0.2783
10696.6000 0.2784
10708.6000 0.2785
10709.4000 0.2786
10722.5000 0.2787
10741.4000 0.2789
10747.1000 0.2790
10749.4000 0.2791
10749.9000 0.2792
10765.9000 0.2793
10803.4000 0.2794
10811.3000 0.2795
10813.4000 0.2796
10815.3000 0.2797
10817.1000 0.2798
10818.8000 0.2799
10834.6000 0.2800
10834.9000 0.2801
10835.8000 0.2802
10842.9000 0.2803
10846.7000 0.2804
10852.5000 0.2805
10871.4000 0.2806
10872.7000 0.2807
10875.3000 0.2808
10878.2000 0.2809
10879.6000 0.2810
10879.9000 0.2811
10880.1000 0.2812
10891.4000 0.2814
10894.6000 0.2815
10896.5000 0.2816
10899.1000 0.2817
10905.8000 0.2818
10910.7000 0.2819
10920.6000 0.2820
10925.7000 0.2821
10941.7000 0.2822
10941.8000 0.2823
10950.3000 0.2824
10950.7000 0.2825
10954.0000 0.2826
10966.7000 0.2827
10974.6000 0.2828
10979.4000 0.2829
10979.5000 0.2830
10996.4000 0.2831
11007.1000 0.2832
11013.7000 0.2833
11018.9000 0.2834
11028.4000 0.2835
11037.6000 0.2836
11040.5000 0.2837
11041.7000 0.2839
11052.3000 0.2840
11059.8000 0.2841
11081.3000 0.2842
11084.8000 0.2843
11085.5000 0.2844
11087.7000 0.2845
11091.6000 0.2846
11105.0000 0.2847
11143.4000 0.2848
11150.6000 0.2849
11172.3000 0.2850
11172.7000 0.2851
11188.2000 0.2852
11194.6000 0.2853
11195.5000 0.2854
11199.3000 0.2855
11201.7000 0.2856
11207.5000 0.2857
11222.8000 0.2858
11229.7000 0.2859
11233.7000 0.2860
11234.5000 0.2861
11251.3000 0.2862
11272.7000 0.2864
11273.6000 0.2865
11281.8000 0.2866
11282.2000 0.2867
11286.1000 0.2868
11303.1000 0.2869
11309.2000 0.2870
11309.3000 0.2871
11311.0000 0.2872
11320.6000 0.2873
11330.9000 0.2874
11335.0000 0.2875
11339.3000 0.2876
11357.3000 0.2877
11366.2000 0.2878
11366.9000 0.2879
11371.6000 0.2880
11373.3000 0.2881
11380.8000 0.2882
11386.1000 0.2883
11388.5000 0.2884
11399.9000 0.2885
11412.4000 0.2886
11427.0000 0.2887
11431.6000 0.2889
11452.5000 0.2890
11463.7000 0.2891
11464.7000 0.2892
11466.2000 0.2893
11466.6000 0.2894
11470.0000 0.2895
11475.7000 0.2896
11477.2000 0.2897
11478.2000 0.2898
11484.6000 0.2899
11487.7000 0.2900
11491.8000 0.2901
11493.9000 0.2902
11504.3000 0.2903
11517.9000 0.2904
11520.8000 0.2905
11521.9000 0.2906
11524.8000 0.2907
11525.2000 0.2908
11533.9000 0.2909
11534.7000 0.2910
11538.2000 0.2911
11538.7000 0.2912
11544.5000 0.2914
11544.6000 0.2915
11547.4000 0.2916
11550.6000 0.2917
11552.7000 0.2918
11557.3000 0.2919
11560.5000 0.2920
11562.6000 0.2921
11572.4000 0.2922
11577.3000 0.2923
11588.6000 0.2924
11593.5000 0.2925
11593.7000 0.2926
11600.1000 0.2927
11608.7000 0.2928
11619.2000 0.2929
11620.4000 0.2930
11630.7000 0.2931
11637.0000 0.2932
11637.5000 0.2933
11647.3000 0.2934
11654.3000 0.2935
11665.2000 0.2936
11675.7000 0.2937
11679.6000 0.2939
11681.6000 0.2940
11690.3000 0.2941
11693.7000 0.2942
11695.0000 0.2943
11697.3000 0.2944
11703.6000 0.2945
11705.9000 0.2946
11707.5000 0.2947
11715.4000 0.2948
11717.7000 0.2949
11718.7000 0.2950
11724.5000 0.2951
11729.4000 0.2952
11731.0000 0.2953
11732.9000 0.2954
11733.3000 0.2955
11733.6000 0.2956
11735.1000 0.2957
11737.3000 0.2958
11738.6000 0.2959
11741.4000 0.2960
11746.0000 0.2961
11753.2000 0.2962
11767.1000 0.2964
11769.5000 0.2965
11780.7000 0.2966
11791.1000 0.2967
11796.9000 0.2968
11803.9000 0.2969
11805.0000 0.2970
11811.6000 0.2971
11820.5000 0.2972
11824.5000 0.2973
11847.0000 0.2974
11855.5000 0.2975
11860.5000 0.2976
11876.5000 0.2977
11891.3000 0.2978
11891.5000 0.2979
11894.7000 0.2980
11900.1000 0.2981
11909.1000 0.2982
11909.3000 0.2983
11911.1000 0.2984
11913.9000 0.2985
11922.4000 0.2986
11925.7000 0.2987
11942.9000 0.2989
11951.6000 0.2990
11954.8000 0.2991
11955.3000 0.2992
11965.4000 0.2993
11985.6000 0.2994
11995.6000 0.2995
11996.1000 0.2996
12003.5000 0.2997
12011.4000 0.2998
12024.0000 0.2999
12040.5000 0.3000
12046.7000 0.3001
12048.2000 0.3002
12051.5000 0.3003
12054.9000 0.3004
12075.1000 0.3005
12083.7000 0.3006
12084.8000 0.3007
12086.7000 0.3008
12095.8000 0.3009
12103.7000 0.3010
12112.8000 0.3011
12116.0000 0.3012
12116.2000 0.3014
12119.6000 0.3015
12119.6000 0.3016
12121.3000 0.3017
12129.7000 0.3018
12133.0000 0.3019
12136.5000 0.3020
12138.4000 0.3021
12149.4000 0.3022
12155.3000 0.3023
12170.6000 0.3024
12172.2000 0.3025
12194.2000 0.3026
12197.1000 0.3027
12197.5000 0.3028
12203.7000 0.3029
12208.7000 0.3030
12208.7000 0.3031
12213.2000 0.3032
12232.0000 0.3033
12236.5000 0.3034
12243.3000 0.3035
12246.3000 0.3036
12247.7000 0.3037
12249.7000 0.3039
12254.7000 0.3040
12254.8000 0.3041
12261.7000 0.3042
12262.7000 0.3043
12266.5000 0.3044
12272.8000 0.3045
12275.4000 0.3046
12287.6000 0.3047
12302.5000 0.3048
12305.8000 0.3049
12309.8000 0.3050
12323.1000 0.3051
12327.5000 0.3052
12333.8000 0.3053
12338.2000 0.3054
12340.0000 0.3055
12340.4000 0.3056
12345.3000 0.3057
12354.3000 0.3058
12359.9000 0.3059
12365.0000 0.3060
12372.5000 0.3061
12377.0000 0.3062
12383.3000 0.3064
12384.1000 0.3065
12395.0000 0.3066
12395.1000 0.3067
12400.2000 0.3068
12409.1000 0.3069
12413.9000 0.3070
12423.6000 0.3071
12426.6000 0.3072
12447.7000 0.3073
12450.2000 0.3074
12455.9000 0.3075
12463.8000 0.3076
12477.0000 0.3077
12477.3000 0.3078
12482.7000 0.3079
12485.9000 0.3080
12490.3000 0.3081
12495.6000 0.3082
12497.8000 0.3083
12505.2000 0.3084
12509.5000 0.3085
12514.7000 0.3086
12538.5000 0.3087
12556.6000 0.3089
12557.1000 0.3090
12564.0000 0.3091
12567.3000 0.3092
12575.4000 0.3093
12576.3000 0.3094
12579.3000 0.3095
12581.5000 0.3096
12582.7000 0.3097
12603.1000 0.3098
12605.2000 0.3099
12609.8000 0.3100
12611.3000 0.3101
12619.7000 0.3102
12627.5000 0.3103
12633.3000 0.3104
12636.6000 0.3105
12640.9000 0.3106
12641.8000 0.3107
12651.5000 0.3108
12654.9000 0.3109
12674.7000 0.3110
12675.7000 0.3111
12676.1000 0.3112
12677.6000 0.3114
12678.4000 0.3115
12680.1000 0.3116
12705.9000 0.3117
12706.6000 0.3118
12706.7000 0.3119
12710.3000 0.3120
12710.5000 0.3121
12711.1000 0.3122
12724.6000 0.3123
12725.3000 0.3124
12727.6000 0.3125
12728.3000 0.3126
12747.5000 0.3127
12751.8000 0.3128
12755.9000 0.3129
12756.5000 0.3130
12758.0000 0.3131
12759.0000 0.3132
12774.6000 0.3133
12775.1000 0.3134
12776.3000 0.3135
12782.5000 0.3136
12792.0000 0.3137
12804.9000 0.3139
12807.8000 0.3140
12842.3000 0.3141
12861.7000 0.3142
12869.1000 0.3143
12882.3000 0.3144
12883.2000 0.3145
12883.7000 0.3146
12887.0000 0.3147
12890.2000 0.3148
12892.9000 0.3149
12900.5000 0.3150
12904.0000 0.3151
12921.6000 0.3152
12925.6000 0.3153
12945.8000 0.3154
12949.1000 0.3155
12949.8000 0.3156
12958.2000 0.3157
12972.5000 0.3158
12973.1000 0.3159
12980.7000 0.3160
12985.7000 0.3161
12986.8000 0.3162
12999.4000 0.3164
13012.2000 0.3165
13014.2000 0.3166
13028.5000 0.3167
13034.8000 0.3168
13040.3000 0.3169
13044.0000 0.3170
13051.5000 0.3171
13057.9000 0.3172
13058.0000 0.3173
13058.9000 0.3174
13068.3000 0.3175
13068.9000 0.3176
13077.9000 0.3177
13086.4000 0.3178
13094.4000 0.3179
13098.3000 0.3180
13103.9000 0.3181
13110.0000 0.3182
13110.6000 0.3183
13113.2000 0.3184
13139.2000 0.3185
13155.1000 0.3186
13160.1000 0.3187
13161.7000 0.3189
13163.8000 0.3190
13170.9000 0.3191
13175.6000 0.3192
13184.5000 0.3193
13196.3000 0.3194
13196.3000 0.3195
13200.1000 0.3196
13200.7000 0.3197
13206.7000 0.3198
13207.6000 0.3199
13215.8000 0.3200
13218.4000 0.3201
13220.0000 0.3202
13229.9000 0.3203
13235.0000 0.3204
13238.5000 0.3205
13250.5000 0.3206
13259.2000 0.3207
13260.2000 0.3208
13272.2000 0.3209
13281.8000 0.3210
13301.7000 0.3211
13303.2000 0.3212
13308.2000 0.3214
13310.6000 0.3215
13342.7000 0.3216
13346.5000 0.3217
13361.3000 0.3218
13366.1000 0.3219
13367.7000 0.3220
13378.1000 0.3221
13379.7000 0.3222
13392.3000 0.3223
13400.8000 0.3224
13414.0000 0.3225
13414.9000 0.3226
13416.3000 0.3227
13424.3000 0.3228
13429.9000 0.3229
13433.2000 0.3230
13436.9000 0.3231
13440.3000 0.3232
13448.1000 0.3233
13459.3000 0.3234
13460.8000 0.3235
13463.6000 0.3236
13467.8000 0.3237
13468.9000 0.3239
13470.5000 0.3240
13471.3000 0.3241
13477.5000 0.3242
13492.3000 0.3243
13519.6000 0.3244
13529.6000 0.3245
13542.6000 0.3246
13549.0000 0.3247
13567.2000 0.3248
13568.8000 0.3249
13569.4000 0.3250
13577.9000 0.3251
13588.1000 0.3252
13594.5000 0.3253
13601.7000 0.3254
13605.7000 0.3255
13621.2000 0.3256
13627.6000 0.3257
13628.3000 0.3258
13628.3000 0.3259
13639.1000 0.3260
13639.3000 0.3261
13644.3000 0.3263
13650.0000 0.3264
13667.3000 0.3265
13670.1000 0.3266
13672.5000 0.3267
13678.4000 0.3268
13679.7000 0.3269
13681.6000 0.3270
13686.5000 0.3271
13708.3000 0.3272
13724.3000 0.3273
13734.6000 0.3274
13742.8000 0.3275
13746.7000 0.3276
13757.3000 0.3277
13761.6000 0.3278
13763.5000 0.3279
13769.1000 0.3280
13769.6000 0.3281
13770.2000 0.3282
13771.3000 0.3283
13775.2000 0.3284
13777.0000 0.3285
13787.6000 0.3286
13791.2000 0.3288
13793.0000 0.3289
13807.7000 0.3290
13809.6000 0.3291
13810.7000 0.3292
13820.3000 0.3293
13835.6000 0.3294
13835.6000 0.3295
13842.1000 0.3296
13843.9000 0.3297
13851.4000 0.3298
13852.7000 0.3299
13863.5000 0.3300
13882.3000 0.3301
13883.5000 0.3302
13887.1000 0.3303
13892.0000 0.3304
13920.7000 0.3305
13925.4000 0.3306
13931.6000 0.3307
13958.9000 0.3308
13966.4000 0.3309
13971.5000 0.3310
13977.0000 0.3311
13983.8000 0.3313
13984.0000 0.3314
13992.7000 0.3315
14009.5000 0.3316
14023.6000 0.3317
14045.4000 0.3318
14045.7000 0.3319
14049.8000 0.3320
14051.7000 0.3321
14065.2000 0.3322
14072.3000 0.3323
14080.3000 0.3324
14085.3000 0.3325
14092.6000 0.3326
14129.6000 0.3327
14138.4000 0.3328
14149.5000 0.3329
14158.9000 0.3330
14160.7000 0.3331
14163.5000 0.3332
14169.0000 0.3333
14182.0000 0.3334
14189.6000 0.3335
14214.1000 0.3336
14219.8000 0.3338
14232.7000 0.3339
14234.5000 0.3340
14243.5000 0.3341
14245.8000 0.3342
14259.3000 0.3343
14264.4000 0.3344
14266.3000 0.3345
14268.6000 0.3346
14272.9000 0.3347
14275.3000 0.3348
14279.6000 0.3349
14279.7000 0.3350
14283.3000 0.3351
14285.2000 0.3352
14299.7000 0.3353
14300.4000 0.3354
14311.5000 0.3355
14312.9000 0.3356
14321.1000 0.3357
14322.5000 0.3358
14324.3000 0.3359
14346.8000 0.3360
14359.5000 0.3361
14366.3000 0.3363
14372.8000 0.3364
14377.3000 0.3365
14378.0000 0.3366
14379.3000 0.3367
14382.7000 0.3368
14404.3000 0.3369
14407.5000 0.3370
14420.7000 0.3371
14436.4000 0.3372
14436.5000 0.3373
14447.7000 0.3374
14448.9000 0.3375
14449.8000 0.3376
14462.1000 0.3377
14463.0000 0.3378
14465.6000 0.3379
14469.4000 0.3380
14472.0000 0.3381
14472.9000 0.3382
14474.4000 0.3383
14475.0000 0.3384
14475.0000 0.3385
14480.6000 0.3386
14486.1000 0.3388
14486.5000 0.3389
14490.1000 0.3390
14492.3000 0.3391
14494.6000 0.3392
14494.9000 0.3393
14502.7000 0.3394
14509.0000 0.3395
14509.1000 0.3396
14514.6000 0.3397
14516.1000 0.3398
14517.7000 0.3399
14522.5000 0.3400
14526.7000 0.3401
14528.4000 0.3402
14539.7000 0.3403
14543.6000 0.3404
14556.4000 0.3405
14567.2000 0.3406
14570.5000 0.3407
14572.4000 0.3408
14576.8000 0.3409
14579.2000 0.3410
14587.2000 0.3411
14593.4000 0.3413
14596.7000 0.3414
14596.7000 0.3415
14601.6000 0.3416
14613.3000 0.3417
14614.4000 0.3418
14617.6000 0.3419
14624.3000 0.3420
14627.0000 0.3421
14646.0000 0.3422
14649.1000 0.3423
14657.9000 0.3424
14662.0000 0.3425
14663.7000 0.3426
14671.9000 0.3427
14693.8000 0.3428
14705.7000 0.3429
14716.3000 0.3430
14716.6000 0.3431
14729.5000 0.3432
14730.4000 0.3433
14740.7000 0.3434
14746.1000 0.3435
14747.3000 0.3436
14749.6000 0.3438
14756.4000 0.3439
14757.5000 0.3440
14762.8000 0.3441
14771.5000 0.3442
14786.7000 0.3443
14788.3000 0.3444
14807.0000 0.3445
14807.6000 0.3446
14808.4000 0.3447
14810.1000 0.3448
14810.3000 0.3449
14813.2000 0.3450
14820.6000 0.3451
14823.2000 0.3452
14841.3000 0.3453
14849.1000 0.3454
14851.9000 0.3455
14852.3000 0.3456
14861.2000 0.3457
14878.5000 0.3458
14891.2000 0.3459
14892.4000 0.3460
14893.5000 0.3461
14897.1000 0.3463
14899.3000 0.3464
14902.8000 0.3465
14926.1000 0.3466
14937.9000 0.3467
14966.6000 0.3468
14969.5000 0.3469
14974.5000 0.3470
14976.6000 0.3471
14983.8000 0.3472
14989.7000 0.3473
14991.4000 0.3474
15000.8000 0.3475
15003.7000 0.3476
15004.8000 0.3477
15014.3000 0.3478
15022.1000 0.3479
15028.3000 0.3480
15037.1000 0.3481
15052.0000 0.3482
15059.3000 0.3483
15063.4000 0.3484
15069.3000 0.3485
15081.5000 0.3486
15085.7000 0.3488
15087.7000 0.3489
15106.8000 0.3490
15117.5000 0.3491
15129.9000 0.3492
15140.6000 0.3493
15145.5000 0.3494
15156.6000 0.3495
15161.4000 0.3496
15182.7000 0.3497
15198.5000 0.3498
15202.3000 0.3499
15217.6000 0.3500
15224.8000 0.3501
15226.7000 0.3502
15228.3000 0.3503
15229.5000 0.3504
15232.0000 0.3505
15234.3000 0.3506
15235.7000 0.3507
15240.2000 0.3508
15254.9000 0.3509
15260.2000 0.3510
15272.2000 0.3511
15275.3000 0.3513
15302.4000 0.3514
15314.0000 0.3515
15315.2000 0.3516
15317.6000 0.3517
15318.4000 0.3518
15332.7000 0.3519
15337.9000 0.3520
15350.3000 0.3521
15352.5000 0.3522
15360.1000 0.3523
15361.0000 0.3524
15367.2000 0.3525
15370.9000 0.3526
15373.0000 0.3527
15380.2000 0.3528
15390.4000 0.3529
15398.1000 0.3530
15423.1000 0.3531
15425.4000 0.3532
15430.8000 0.3533
15430.9000 0.3534
15431.9000 0.3535
15432.3000 0.3536
15443.2000 0.3538
15450.6000 0.3539
15472.1000 0.3540
15472.3000 0.3541
15481.5000 0.3542
15490.9000 0.3543
15493.5000 0.3544
15493.6000 0.3545
15501.0000 0.3546
15501.7000 0.3547
15504.9000 0.3548
15510.6000 0.3549
15511.5000 0.3550
15516.7000 0.3551
15517.3000 0.3552
15535.0000 0.3553
15539.5000 0.3554
15542.7000 0.3555
15545.5000 0.3556
15547.3000 0.3557
15548.4000 0.3558
15556.0000 0.3559
15562.4000 0.3560
15564.1000 0.3561
15565.3000 0.3563
15567.4000 0.3564
15569.4000 0.3565
15572.8000 0.3566
15576.0000 0.3567
15576.3000 0.3568
15581.3000 0.3569
15601.3000 0.3570
15602.7000 0.3571
15609.3000 0.3572
15615.5000 0.3573
15617.2000 0.3574
15641.5000 0.3575
15643.3000 0.3576
15648.0000 0.3577
15648.7000 0.3578
15660.8000 0.3579
15666.1000 0.3580
15667.9000 0.3581
15672.4000 0.3582
15675.1000 0.3583
15682.2000 0.3584
15690.5000 0.3585
15692.6000 0.3586
15697.8000 0.3588
15699.8000 0.3589
15703.1000 0.3590
15703.7000 0.3591
15706.5000 0.3592
15719.5000 0.3593
15725.1000 0.3594
15731.3000 0.3595
15738.1000 0.3596
15739.8000 0.3597
15749.8000 0.3598
15751.6000 0.3599
15768.5000 0.3600
15768.5000 0.3601
15773.5000 0.3602
15781.6000 0.3603
15789.0000 0.3604
15805.3000 0.3605
15815.0000 0.3606
15816.6000 0.3607
15825.7000 0.3608
15835.3000 0.3609
15838.0000 0.3610
15842.6000 0.3611
15847.9000 0.3613
15853.9000 0.3614
15862.4000 0.3615
15863.0000 0.3616
15868.0000 0.3617
15869.5000 0.3618
15875.7000 0.3619
15876.8000 0.3620
15890.5000 0.3621
15890.7000 0.3622
15894.8000 0.3623
15897.1000 0.3624
15901.6000 0.3625
15903.6000 0.3626
15906.4000 0.3627
15918.5000 0.3628
15928.3000 0.3629
15933.6000 0.3630
15935.5000 0.3631
15941.3000 0.3632
15946.8000 0.3633
15947.0000 0.3634
15951.1000 0.3635
15970.6000 0.3636
15976.1000 0.3638
15987.7000 0.3639
15987.9000 0.3640
15990.7000 0.3641
15991.6000 0.3642
15992.3000 0.3643
16000.0000 0.3644
16002.8000 0.3645
16011.6000 0.3646
16015.3000 0.3647
16043.6000 0.3648
16044.6000 0.3649
16047.4000 0.3650
16051.9000 0.3651
16058.0000 0.3652
16060.4000 0.3653
16064.8000 0.3654
16081.7000 0.3655
16088.3000 0.3656
16095.3000 0.3657
16097.7000 0.3658
16104.3000 0.3659
16116.5000 0.3660
16135.7000 0.3661
16140.5000 0.3663
16156.7000 0.3664
16172.9000 0.3665
16181.8000 0.3666
16188.9000 0.3667
16195.5000 0.3668
16202.2000 0.3669
16205.5000 0.3670
16206.7000 0.3671
16216.7000 0.3672
16225.7000 0.3673
16227.9000 0.3674
16235.5000 0.3675
16238.3000 0.3676
16251.3000 0.3677
16257.3000 0.3678
16262.1000 0.3679
16264.7000 0.3680
16272.1000 0.3681
16273.4000 0.3682
16273.6000 0.3683
16273.7000 0.3684
16279.1000 0.3685
16279.5000 0.3686
16301.7000 0.3688
16304.0000 0.3689
16311.5000 0.3690
16313.6000 0.3691
16323.3000 0.3692
16323.4000 0.3693
16328.2000 0.3694
16337.4000 0.3695
16340.9000 0.3696
16341.5000 0.3697
16347.6000 0.3698
16355.1000 0.3699
16378.5000 0.3700
16384.6000 0.3701
16396.4000 0.3702
16403.9000 0.3703
16421.7000 0.3704
16436.3000 0.3705
16437.0000 0.3706
16438.4000 0.3707
16440.6000 0.3708
16440.9000 0.3709
16452.9000 0.3710
16460.5000 0.3711
16467.6000 0.3713
16467.6000 0.3714
16471.2000 0.3715
16474.1000 0.3716
16476.7000 0.3717
16481.4000 0.3718
16495.3000 0.3719
16504.2000 0.3720
16506.5000 0.3721
16507.3000 0.3722
16508.1000 0.3723
16512.8000 0.3724
16524.3000 0.3725
16524.5000 0.3726
16541.5000 0.3727
16544.8000 0.3728
16546.2000 0.3729
16546.7000 0.3730
16547.2000 0.3731
16549.1000 0.3732
16549.6000 0.3733
16556.3000 0.3734
16564.7000 0.3735
16573.8000 0.3736
16576.5000 0.3738
16578.6000 0.3739
16579.7000 0.3740
16585.2000 0.3741
16595.0000 0.3742
16607.8000 0.3743
16608.1000 0.3744
16618.7000 0.3745
16623.8000 0.3746
16626.4000 0.3747
16632.6000 0.3748
16633.5000 0.3749
16635.3000 0.3750
16638.7000 0.3751
16645.7000 0.3752
16649.1000 0.3753
16668.6000 0.3754
16668.8000 0.3755
16670.5000 0.3756
16674.2000 0.3757
16680.8000 0.3758
16699.7000 0.3759
16712.5000 0.3760
16715.3000 0.3761
16715.8000 0.3763
16716.0000 0.3764
16717.7000 0.3765
16718.7000 0.3766
16723.7000 0.3767
16725.5000 0.3768
16729.4000 0.3769
16736.0000 0.3770
16741.8000 0.3771
16743.6000 0.3772
16746.1000 0.3773
16756.5000 0.3774
16765.5000 0.3775
16770.3000 0.3776
16774.4000 0.3777
16775.0000 0.3778
16775.1000 0.3779
16775.6000 0.3780
16775.7000 0.3781
16789.6000 0.3782
16793.0000 0.3783
16793.3000 0.3784
16795.6000 0.3785
16804.7000 0.3786
16806.5000 0.3788
16809.5000 0.3789
16811.7000 0.3790
16813.9000 0.3791
16820.7000 0.3792
16823.4000 0.3793
16825.1000 0.3794
16825.5000 0.3795
16827.0000 0.3796
16844.4000 0.3797
16846.1000 0.3798
16855.2000 0.3799
16864.4000 0.3800
16866.7000 0.3801
16868.7000 0.3802
16870.6000 0.3803
16874.0000 0.3804
16875.9000 0.3805
16877.1000 0.3806
16880.1000 0.3807
16886.6000 0.3808
16887.0000 0.3809
16891.6000 0.3810
16902.7000 0.3811
16910.7000 0.3813
16913.0000 0.3814
16918.7000 0.3815
16927.5000 0.3816
16931.2000 0.3817
16936.2000 0.3818
16939.7000 0.3819
16942.6000 0.3820
16945.4000 0.3821
16956.6000 0.3822
16961.6000 0.3823
16982.9000 0.3824
16983.7000 0.3825
16987.0000 0.3826
16989.3000 0.3827
16999.7000 0.3828
17002.6000 0.3829
17005.7000 0.3830
17015.2000 0.3831
17018.0000 0.3832
17038.0000 0.3833
17047.6000 0.3834
17055.4000 0.3835
17061.3000 0.3836
17066.5000 0.3838
17070.7000 0.3839
17089.6000 0.3840
17090.5000 0.3841
17098.4000 0.3842
17104.5000 0.3843
17114.7000 0.3844
17121.3000 0.3845
17122.4000 0.3846
17128.2000 0.3847
17139.0000 0.3848
17143.8000 0.3849
17144.1000 0.3850
17144.3000 0.3851
17149.4000 0.3852
17151.6000 0.3853
17157.6000 0.3854
17158.3000 0.3855
17162.6000 0.3856
17178.9000 0.3857
17180.1000 0.3858
17199.5000 0.3859
17203.0000 0.3860
17205.5000 0.3861
17208.7000 0.3863
17210.7000 0.3864
17212.5000 0.3865
17215.8000 0.3866
17218.5000 0.3867
17230.3000 0.3868
17240.1000 0.3869
17242.7000 0.3870
17247.1000 0.3871
17250.2000 0.3872
17252.7000 0.3873
17264.3000 0.3874
17266.5000 0.3875
17277.5000 0.3876
17277.5000 0.3877
17280.5000 0.3878
17290.8000 0.3879
17295.4000 0.3880
17295.5000 0.3881
17299.9000 0.3882
17311.0000 0.3883
17340.5000 0.3884
17346.4000 0.3885
17346.4000 0.3886
17350.3000 0.3888
17352.5000 0.3889
17357.2000 0.3890
17360.3000 0.3891
17360.6000 0.3892
17361.2000 0.3893
17362.6000 0.3894
17372.5000 0.3895
17372.9000 0.3896
17379.7000 0.3897
17380.6000 0.3898
17382.1000 0.3899
17386.2000 0.3900
17387.2000 0.3901
17390.1000 0.3902
17390.1000 0.3903
17394.6000 0.3904
17395.1000 0.3905
17397.4000 0.3906
17402.6000 0.3907
17407.7000 0.3908
17407.8000 0.3909
17413.5000 0.3910
17420.9000 0.3911
17422.1000 0.3913
17423.3000 0.3914
17429.6000 0.3915
17435.1000 0.3916
17435.7000 0.3917
17438.3000 0.3918
17442.1000 0.3919
17455.6000 0.3920
17455.7000 0.3921
17474.2000 0.3922
17484.6000 0.3923
17489.7000 0.3924
17494.3000 0.3925
17504.4000 0.3926
17513.6000 0.3927
17525.5000 0.3928
17550.6000 0.3929
17552.3000 0.3930
17576.3000 0.3931
17596.8000 0.3932
17597.9000 0.3933
17607.1000 0.3934
17619.7000 0.3935
17633.5000 0.3936
17633.6000 0.3938
17640.1000 0.3939
17645.6000 0.3940
17647.6000 0.3941
17660.9000 0.3942
17667.5000 0.3943
17689.6000 0.3944
17692.7000 0.3945
17694.4000 0.3946
17695.6000 0.3947
17702.2000 0.3948
17702.6000 0.3949
17706.3000 0.3950
17706.9000 0.3951
17708.7000 0.3952
17718.1000 0.3953
17719.1000 0.3954
17725.7000 0.3955
17728.5000 0.3956
17749.2000 0.3957
17749.7000 0.3958
17750.0000 0.3959
17760.3000 0.3960
17764.3000 0.3961
17799.5000 0.3963
17801.7000 0.3964
17806.3000 0.3965
17815.5000 0.3966
17819.0000 0.3967
17820.6000 0.3968
17822.5000 0.3969
17824.9000 0.3970
17825.5000 0.3971
17842.6000 0.3972
17851.1000 0.3973
17860.5000 0.3974
17861.7000 0.3975
17872.6000 0.3976
17872.7000 0.3977
17883.1000 0.3978
17892.6000 0.3979
17902.4000 0.3980
17904.7000 0.3981
17905.9000 0.3982
17909.6000 0.3983
17914.7000 0.3984
17923.5000 0.3985
17928.0000 0.3986
17930.7000 0.3988
17931.1000 0.3989
17933.4000 0.3990
17938.4000 0.3991
17948.4000 0.3992
17952.2000 0.3993
17960.2000 0.3994
17963.2000 0.3995
17963.8000 0.3996
17965.5000 0.3997
17971.8000 0.3998
17973.4000 0.3999
17975.7000 0.4000
17981.5000 0.4001
18000.2000 0.4002
18028.5000 0.4003
18040.5000 0.4004
18040.8000 0.4005
18062.1000 0.4006
18062.9000 0.4007
18067.6000 0.4008
18071.5000 0.4009
18094.3000 0.4010
18097.0000 0.4011
18100.1000 0.4013
18100.3000 0.4014
18101.5000 0.4015
18102.9000 0.4016
18108.3000 0.4017
18108.6000 0.4018
18118.1000 0.4019
18122.4000 0.4020
18126.3000 0.4021
18133.2000 0.4022
18146.5000 0.4023
18148.9000 0.4024
18157.6000 0.4025
18166.6000 0.4026
18172.0000 0.4027
18184.0000 0.4028
18193.7000 0.4029
18196.7000 0.4030
18229.8000 0.4031
18230.3000 0.4032
18231.5000 0.4033
18233.8000 0.4034
18242.8000 0.4035
18267.7000 0.4036
18286.9000 0.4038
18290.0000 0.4039
18306.8000 0.4040
18310.4000 0.4041
18323.8000 0.4042
18326.4000 0.4043
18326.5000 0.4044
18329.1000 0.4045
18334.3000 0.4046
18338.8000 0.4047
18339.6000 0.4048
18343.7000 0.4049
18345.1000 0.4050
18345.6000 0.4051
18348.2000 0.4052
18363.1000 0.4053
18387.8000 0.4054
18391.9000 0.4055
18403.3000 0.4056
18403.3000 0.4057
18408.1000 0.4058
18430.5000 0.4059
18433.5000 0.4060
18435.6000 0.4061
18437.7000 0.4063
18454.7000 0.4064
18460.9000 0.4065
18469.4000 0.4066
18479.1000 0.4067
18484.7000 0.4068
18509.0000 0.4069
18516.0000 0.4070
18520.3000 0.4071
18534.0000 0.4072
18535.2000 0.4073
18536.3000 0.4074
18545.6000 0.4075
18549.1000 0.4076
18560.3000 0.4077
18563.8000 0.4078
18575.5000 0.4079
18575.9000 0.4080
18582.1000 0.4081
18590.7000 0.4082
18602.6000 0.4083
18613.7000 0.4084
18639.9000 0.4085
18641.4000 0.4086
18667.4000 0.4088
18667.6000 0.4089
18668.3000 0.4090
18671.2000 0.4091
18680.9000 0.4092
18684.7000 0.4093
18724.7000 0.4094
18734.5000 0.4095
18741.9000 0.4096
18747.3000 0.4097
18749.9000 0.4098
18752.1000 0.4099
18752.5000 0.4100
18753.0000 0.4101
18787.3000 0.4102
18795.0000 0.4103
18813.4000 0.4104
18833.5000 0.4105
18835.1000 0.4106
18843.6000 0.4107
18848.4000 0.4108
18856.5000 0.4109
18860.5000 0.4110
18867.1000 0.4111
18869.7000 0.4113
18870.1000 0.4114
18872.3000 0.4115
18880.1000 0.4116
18883.5000 0.4117
18921.0000 0.4118
18930.1000 0.4119
18935.0000 0.4120
18939.5000 0.4121
18943.5000 0.4122
18993.3000 0.4123
18993.3000 0.4124
19000.6000 0.4125
19011.7000 0.4126
19016.9000 0.4127
19026.3000 0.4128
19026.5000 0.4129
19033.1000 0.4130
19037.7000 0.4131
19039.9000 0.4132
19041.6000 0.4133
19075.4000 0.4134
19088.1000 0.4135
19088.3000 0.4136
19088.5000 0.4138
19090.8000 0.4139
19094.2000 0.4140
19102.7000 0.4141
19107.4000 0.4142
19110.1000 0.4143
19137.6000 0.4144
19140.5000 0.4145
19141.1000 0.4146
19144.8000 0.4147
19146.3000 0.4148
19146.6000 0.4149
19148.1000 0.4150
19153.1000 0.4151
19168.5000 0.4152
19172.0000 0.4153
19176.8000 0.4154
19181.1000 0.4155
19183.1000 0.4156
19190.6000 0.4157
19193.3000 0.4158
19217.1000 0.4159
19219.7000 0.4160
19220.5000 0.4161
19223.2000 0.4163
19255.5000 0.4164
19257.9000 0.4165
19266.5000 0.4166
19274.9000 0.4167
19280.9000 0.4168
19291.6000 0.4169
19295.6000 0.4170
19301.1000 0.4171
19308.0000 0.4172
19309.5000 0.4173
19323.7000 0.4174
19330.0000 0.4175
19337.6000 0.4176
19342.0000 0.4177
19347.7000 0.4178
19351.7000 0.4179
19357.9000 0.4180
19398.5000 0.4181
19422.7000 0.4182
19422.8000 0.4183
19424.7000 0.4184
19426.2000 0.4185
19428.4000 0.4186
19431.1000 0.4188
19444.1000 0.4189
19447.6000 0.4190
19452.7000 0.4191
19464.2000 0.4192
19472.7000 0.4193
19475.3000 0.4194
19496.3000 0.4195
19500.5000 0.4196
19509.7000 0.4197
19513.3000 0.4198
19519.0000 0.4199
19538.1000 0.4200
19548.5000 0.4201
19556.7000 0.4202
19556.9000 0.4203
19583.0000 0.4204
19592.1000 0.4205
19592.5000 0.4206
19592.9000 0.4207
19630.4000 0.4208
19633.1000 0.4209
19662.6000 0.4210
19668.3000 0.4211
19674.4000 0.4213
19678.1000 0.4214
19682.9000 0.4215
19686.3000 0.4216
19692.3000 0.4217
19695.3000 0.4218
19724.1000 0.4219
19732.3000 0.4220
19758.5000 0.4221
19761.1000 0.4222
19776.6000 0.4223
19798.5000 0.4224
19804.3000 0.4225
19814.1000 0.4226
19836.2000 0.4227
19844.3000 0.4228
19858.5000 0.4229
19866.4000 0.4230
19871.4000 0.4231
19873.2000 0.4232
19875.3000 0.4233
19881.1000 0.4234
19885.3000 0.4235
19902.1000 0.4236
19903.6000 0.4238
19919.4000 0.4239
19921.6000 0.4240
19965.6000 0.4241
19984.5000 0.4242
19988.6000 0.4243
20002.4000 0.4244
20005.1000 0.4245
20009.7000 0.4246
20010.6000 0.4247
20027.3000 0.4248
20045.4000 0.4249
20064.3000 0.4250
20073.2000 0.4251
20081.7000 0.4252
20089.9000 0.4253
20140.3000 0.4254
20164.8000 0.4255
20173.5000 0.4256
20181.7000 0.4257
20199.0000 0.4258
20208.0000 0.4259
20212.6000 0.4260
20221.4000 0.4261
20223.5000 0.4263
20225.0000 0.4264
20232.9000 0.4265
20248.6000 0.4266
20249.8000 0.4267
20270.7000 0.4268
20276.1000 0.4269
20287.8000 0.4270
20288.3000 0.4271
20289.6000 0.4272
20328.8000 0.4273
20331.7000 0.4274
20376.4000 0.4275
20382.6000 0.4276
20401.3000 0.4277
20401.4000 0.4278
20404.6000 0.4279
20407.8000 0.4280
20419.4000 0.4281
20430.3000 0.4282
20437.2000 0.4283
20447.4000 0.4284
20451.1000 0.4285
20457.4000 0.4286
20481.6000 0.4288
20505.3000 0.4289
20508.5000 0.4290
20542.6000 0.4291
20549.6000 0.4292
20550.0000 0.4293
20562.8000 0.4294
20583.7000 0.4295
20590.6000 0.4296
20590.9000 0.4297
20612.5000 0.4298
20618.2000 0.4299
20622.4000 0.4300
20626.9000 0.4301
20636.7000 0.4302
20640.6000 0.4303
20659.6000 0.4304
20679.5000 0.4305
20684.5000 0.4306
20695.3000 0.4307
20700.5000 0.4308
20704.8000 0.4309
20717.6000 0.4310
20718.5000 0.4311
20720.8000 0.4313
20728.2000 0.4314
20737.5000 0.4315
20743.1000 0.4316
20754.5000 0.4317
20762.4000 0.4318
20775.3000 0.4319
20776.6000 0.4320
20792.5000 0.4321
20819.3000 0.4322
20829.9000 0.4323
20833.5000 0.4324
20837.9000 0.4325
20841.1000 0.4326
20870.2000 0.4327
20898.5000 0.4328
20913.7000 0.4329
20940.7000 0.4330
20957.4000 0.4331
20961.8000 0.4332
20970.6000 0.4333
20982.7000 0.4334
20984.7000 0.4335
20991.3000 0.4336
20996.4000 0.4338
20999.4000 0.4339
21010.8000 0.4340
21043.0000 0.4341
21086.4000 0.4342
21099.6000 0.4343
21109.3000 0.4344
21116.7000 0.4345
21118.6000 0.4346
21119.3000 0.4347
21120.2000 0.4348
21151.3000 0.4349
21152.4000 0.4350
21161.5000 0.4351
21176.6000 0.4352
21202.3000 0.4353
21205.6000 0.4354
21206.7000 0.4355
21206.8000 0.4356
21210.3000 0.4357
21228.2000 0.4358
21228.3000 0.4359
21231.9000 0.4360
21234.9000 0.4361
21242.8000 0.4363
21276.1000 0.4364
21281.7000 0.4365
21284.7000 0.4366
21293.2000 0.4367
21310.0000 0.4368
21310.5000 0.4369
21322.2000 0.4370
21335.2000 0.4371
21346.0000 0.4372
21354.8000 0.4373
21374.3000 0.4374
21381.2000 0.4375
21391.2000 0.4376
21397.1000 0.4377
21420.9000 0.4378
21431.5000 0.4379
21447.6000 0.4380
21457.5000 0.4381
21477.8000 0.4382
21489.8000 0.4383
21491.4000 0.4384
21524.8000 0.4385
21533.7000 0.4386
21572.8000 0.4388
21573.2000 0.4389
21577.2000 0.4390
21605.7000 0.4391
21625.6000 0.4392
21628.2000 0.4393
21628.5000 0.4394
21664.3000 0.4395
21667.0000 0.4396
21675.2000 0.4397
21694.7000 0.4398
21708.6000 0.4399
21718.4000 0.4400
21721.7000 0.4401
21726.3000 0.4402
21732.5000 0.4403
21751.8000 0.4404
21770.6000 0.4405
21772.8000 0.4406
21811.0000 0.4407
21818.6000 0.4408
21875.6000 0.4409
21911.8000 0.4410
21946.6000 0.4411
21951.3000 0.4413
22000.1000 0.4414
22002.3000 0.4415
22036.0000 0.4416
22125.6000 0.4417
22151.8000 0.4418
22203.7000 0.4419
22208.6000 0.4420
22229.6000 0.4421
22263.6000 0.4422
22270.9000 0.4423
22277.0000 0.4424
22302.3000 0.4425
22311.5000 0.4426
22420.4000 0.4427
22440.0000 0.4428
22459.3000 0.4429
22493.3000 0.4430
22501.2000 0.4431
22507.5000 0.4432
22508.5000 0.4433
22512.0000 0.4434
22528.0000 0.4435
22539.8000 0.4436
22551.2000 0.4438
22612.5000 0.4439
22626.9000 0.4440
22661.5000 0.4441
22701.7000 0.4442
22749.8000 0.4443
22750.2000 0.4444
22750.3000 0.4445
22794.6000 0.4446
22841.3000 0.4447
22848.7000 0.4448
22857.4000 0.4449
22867.9000 0.4450
22884.2000 0.4451
22904.0000 0.4452
22923.4000 0.4453
22954.1000 0.4454
22972.2000 0.4455
22990.3000 0.4456
23032.4000 0.4457
23079.6000 0.4458
23087.2000 0.4459
23092.8000 0.4460
23128.7000 0.4461
23235.8000 0.4463
23283.1000 0.4464
23340.5000 0.4465
23347.9000 0.4466
23423.4000 0.4467
23440.6000 0.4468
23478.0000 0.4469
23480.3000 0.4470
23594.8000 0.4471
23598.7000 0.4472
23602.5000 0.4473
23621.7000 0.4474
23701.8000 0.4475
23874.5000 0.4476
23892.3000 0.4477
23893.5000 0.4478
23926.7000 0.4479
