# messageDelay  cumulativeProbability
1.0000 0.0001
1.0000 0.0002
1.0000 0.0003
1.0000 0.0004
1.0000 0.0005
1.0000 0.0006
1.0000 0.0007
1.0000 0.0008
1.0000 0.0009
1.0000 0.0010
1.0000 0.0011
1.0000 0.0013
1.0000 0.0014
1.0000 0.0015
1.0000 0.0016
1.0000 0.0017
1.0000 0.0018
1.0000 0.0019
1.0000 0.0020
1.0000 0.0021
1.1000 0.0022
1.7000 0.0023
1.7000 0.0024
1.9000 0.0025
2.1000 0.0026
70.4000 0.0027
111.2000 0.0028
118.0000 0.0029
122.7000 0.0030
124.9000 0.0031
134.2000 0.0032
136.0000 0.0033
148.0000 0.0034
150.8000 0.0035
158.1000 0.0036
158.3000 0.0037
164.6000 0.0039
165.0000 0.0040
167.0000 0.0041
168.2000 0.0042
168.8000 0.0043
174.3000 0.0044
174.6000 0.0045
175.3000 0.0046
175.9000 0.0047
178.3000 0.0048
187.9000 0.0049
188.0000 0.0050
188.5000 0.0051
192.0000 0.0052
195.6000 0.0053
197.6000 0.0054
200.0000 0.0055
201.3000 0.0056
203.5000 0.0057
205.3000 0.0058
205.7000 0.0059
206.8000 0.0060
208.9000 0.0061
209.3000 0.0062
210.1000 0.0064
210.7000 0.0065
213.5000 0.0066
217.1000 0.0067
217.5000 0.0068
219.6000 0.0069
220.4000 0.0070
221.9000 0.0071
222.5000 0.0072
225.3000 0.0073
227.2000 0.0074
228.4000 0.0075
234.7000 0.0076
235.8000 0.0077
236.0000 0.0078
236.2000 0.0079
237.8000 0.0080
238.2000 0.0081
239.4000 0.0082
240.2000 0.0083
241.1000 0.0084
244.3000 0.0085
245.0000 0.0086
246.2000 0.0087
248.9000 0.0089
249.5000 0.0090
250.3000 0.0091
251.1000 0.0092
252.1000 0.0093
253.5000 0.0094
255.5000 0.0095
260.8000 0.0096
264.6000 0.0097
265.2000 0.0098
271.2000 0.0099
271.4000 0.0100
273.4000 0.0101
274.6000 0.0102
274.7000 0.0103
278.1000 0.0104
279.2000 0.0105
282.3000 0.0106
284.5000 0.0107
285.3000 0.0108
285.4000 0.0109
287.6000 0.0110
288.0000 0.0111
292.5000 0.0113
296.1000 0.0114
299.2000 0.0115
299.7000 0.0116
299.8000 0.0117
300.0000 0.0118
300.0000 0.0119
300.4000 0.0120
304.0000 0.0121
304.8000 0.0122
307.4000 0.0123
307.5000 0.0124
308.6000 0.0125
308.9000 0.0126
311.1000 0.0127
311.2000 0.0128
312.6000 0.0129
313.4000 0.0130
321.8000 0.0131
325.2000 0.0132
325.8000 0.0133
326.0000 0.0134
326.1000 0.0135
327.2000 0.0136
328.0000 0.0138
333.1000 0.0139
333.2000 0.0140
333.5000 0.0141
333.5000 0.0142
335.4000 0.0143
340.9000 0.0144
341.5000 0.0145
342.2000 0.0146
343.7000 0.0147
344.2000 0.0148
344.3000 0.0149
344.8000 0.0150
346.1000 0.0151
347.0000 0.0152
347.9000 0.0153
348.8000 0.0154
350.4000 0.0155
350.7000 0.0156
355.0000 0.0157
357.7000 0.0158
360.2000 0.0159
361.3000 0.0160
365.5000 0.0161
366.8000 0.0163
367.6000 0.0164
368.4000 0.0165
368.6000 0.0166
370.5000 0.0167
374.1000 0.0168
381.8000 0.0169
382.2000 0.0170
386.1000 0.0171
390.4000 0.0172
392.3000 0.0173
393.6000 0.0174
395.3000 0.0175
395.4000 0.0176
396.0000 0.0177
396.8000 0.0178
399.2000 0.0179
399.8000 0.0180
400.5000 0.0181
401.2000 0.0182
404.4000 0.0183
404.6000 0.0184
404.8000 0.0185
405.4000 0.0186
405.5000 0.0188
408.4000 0.0189
409.2000 0.0190
419.7000 0.0191
420.2000 0.0192
421.2000 0.0193
423.3000 0.0194
426.2000 0.0195
428.9000 0.0196
430.4000 0.0197
432.4000 0.0198
434.3000 0.0199
434.5000 0.0200
436.6000 0.0201
437.4000 0.0202
437.4000 0.0203
439.5000 0.0204
442.4000 0.0205
449.6000 0.0206
453.1000 0.0207
455.1000 0.0208
457.7000 0.0209
458.9000 0.0210
460.7000 0.0211
463.7000 0.0212
464.1000 0.0214
465.8000 0.0215
468.1000 0.0216
468.2000 0.0217
468.2000 0.0218
468.6000 0.0219
468.9000 0.0220
470.3000 0.0221
471.0000 0.0222
474.7000 0.0223
474.8000 0.0224
475.7000 0.0225
475.7000 0.0226
477.1000 0.0227
481.1000 0.0228
481.7000 0.0229
481.8000 0.0230
484.4000 0.0231
484.5000 0.0232
484.7000 0.0233
486.0000 0.0234
489.5000 0.0235
491.6000 0.0236
496.6000 0.0237
497.6000 0.0239
500.4000 0.0240
500.8000 0.0241
500.9000 0.0242
501.1000 0.0243
502.8000 0.0244
508.7000 0.0245
509.2000 0.0246
509.4000 0.0247
511.0000 0.0248
512.3000 0.0249
514.2000 0.0250
516.8000 0.0251
518.1000 0.0252
518.7000 0.0253
520.2000 0.0254
520.8000 0.0255
521.6000 0.0256
522.1000 0.0257
528.7000 0.0258
528.9000 0.0259
529.4000 0.0260
531.9000 0.0261
532.4000 0.0262
532.4000 0.0264
535.8000 0.0265
536.4000 0.0266
536.5000 0.0267
538.5000 0.0268
539.0000 0.0269
539.2000 0.0270
539.4000 0.0271
543.8000 0.0272
549.6000 0.0273
551.9000 0.0274
552.1000 0.0275
554.6000 0.0276
555.6000 0.0277
556.6000 0.0278
560.5000 0.0279
560.8000 0.0280
563.6000 0.0281
564.6000 0.0282
565.0000 0.0283
567.0000 0.0284
567.8000 0.0285
568.8000 0.0286
570.3000 0.0287
570.3000 0.0289
570.4000 0.0290
572.2000 0.0291
572.3000 0.0292
572.6000 0.0293
574.2000 0.0294
575.6000 0.0295
576.0000 0.0296
576.6000 0.0297
576.8000 0.0298
579.5000 0.0299
581.6000 0.0300
582.8000 0.0301
585.0000 0.0302
588.3000 0.0303
590.9000 0.0304
591.6000 0.0305
594.5000 0.0306
596.4000 0.0307
599.8000 0.0308
603.2000 0.0309
605.9000 0.0310
606.9000 0.0311
607.3000 0.0312
608.1000 0.0314
610.7000 0.0315
613.9000 0.0316
614.4000 0.0317
615.5000 0.0318
616.9000 0.0319
617.5000 0.0320
620.3000 0.0321
621.6000 0.0322
621.7000 0.0323
622.9000 0.0324
623.5000 0.0325
626.9000 0.0326
627.1000 0.0327
627.8000 0.0328
627.8000 0.0329
628.0000 0.0330
629.7000 0.0331
632.2000 0.0332
633.4000 0.0333
638.3000 0.0334
640.7000 0.0335
641.9000 0.0336
642.2000 0.0337
643.9000 0.0339
645.0000 0.0340
645.6000 0.0341
646.0000 0.0342
651.3000 0.0343
652.8000 0.0344
652.8000 0.0345
654.5000 0.0346
654.7000 0.0347
655.9000 0.0348
656.8000 0.0349
659.1000 0.0350
659.3000 0.0351
662.2000 0.0352
663.7000 0.0353
665.2000 0.0354
665.4000 0.0355
665.5000 0.0356
668.3000 0.0357
670.8000 0.0358
675.1000 0.0359
675.3000 0.0360
676.4000 0.0361
676.8000 0.0362
677.4000 0.0364
680.6000 0.0365
681.5000 0.0366
684.1000 0.0367
686.6000 0.0368
687.3000 0.0369
689.7000 0.0370
691.6000 0.0371
692.4000 0.0372
694.3000 0.0373
695.7000 0.0374
696.9000 0.0375
697.2000 0.0376
699.3000 0.0377
700.4000 0.0378
701.3000 0.0379
701.6000 0.0380
705.7000 0.0381
707.5000 0.0382
708.4000 0.0383
708.4000 0.0384
708.7000 0.0385
709.1000 0.0386
710.4000 0.0388
712.5000 0.0389
713.5000 0.0390
716.0000 0.0391
716.0000 0.0392
717.4000 0.0393
718.9000 0.0394
725.2000 0.0395
726.0000 0.0396
728.5000 0.0397
732.4000 0.0398
733.7000 0.0399
734.7000 0.0400
734.8000 0.0401
734.8000 0.0402
735.4000 0.0403
737.0000 0.0404
738.6000 0.0405
738.7000 0.0406
740.4000 0.0407
741.3000 0.0408
742.0000 0.0409
744.4000 0.0410
745.0000 0.0411
745.2000 0.0413
747.6000 0.0414
747.7000 0.0415
748.1000 0.0416
748.5000 0.0417
750.4000 0.0418
751.0000 0.0419
751.8000 0.0420
751.9000 0.0421
752.6000 0.0422
753.2000 0.0423
753.3000 0.0424
757.3000 0.0425
757.4000 0.0426
757.9000 0.0427
758.5000 0.0428
758.8000 0.0429
759.0000 0.0430
759.3000 0.0431
759.9000 0.0432
761.6000 0.0433
762.4000 0.0434
763.5000 0.0435
771.8000 0.0436
773.5000 0.0438
774.3000 0.0439
775.0000 0.0440
775.0000 0.0441
775.4000 0.0442
775.6000 0.0443
776.4000 0.0444
777.1000 0.0445
777.7000 0.0446
779.5000 0.0447
779.7000 0.0448
782.6000 0.0449
782.8000 0.0450
783.3000 0.0451
783.7000 0.0452
784.3000 0.0453
784.8000 0.0454
785.0000 0.0455
787.1000 0.0456
787.3000 0.0457
787.5000 0.0458
789.3000 0.0459
790.0000 0.0460
790.5000 0.0461
791.6000 0.0463
796.6000 0.0464
798.9000 0.0465
800.8000 0.0466
801.1000 0.0467
801.4000 0.0468
803.3000 0.0469
803.3000 0.0470
803.3000 0.0471
804.4000 0.0472
804.6000 0.0473
807.1000 0.0474
807.5000 0.0475
809.8000 0.0476
809.9000 0.0477
811.5000 0.0478
812.0000 0.0479
812.7000 0.0480
814.5000 0.0481
815.7000 0.0482
817.7000 0.0483
822.9000 0.0484
826.9000 0.0485
827.9000 0.0486
828.2000 0.0488
828.2000 0.0489
828.8000 0.0490
835.3000 0.0491
835.9000 0.0492
838.0000 0.0493
839.2000 0.0494
839.7000 0.0495
840.6000 0.0496
841.9000 0.0497
843.5000 0.0498
844.0000 0.0499
845.8000 0.0500
846.3000 0.0501
847.9000 0.0502
849.4000 0.0503
849.6000 0.0504
852.1000 0.0505
854.3000 0.0506
854.7000 0.0507
855.3000 0.0508
855.6000 0.0509
855.6000 0.0510
858.4000 0.0511
860.0000 0.0513
863.0000 0.0514
863.8000 0.0515
864.4000 0.0516
867.7000 0.0517
869.8000 0.0518
870.5000 0.0519
870.9000 0.0520
871.6000 0.0521
875.4000 0.0522
878.4000 0.0523
879.0000 0.0524
880.4000 0.0525
880.4000 0.0526
881.2000 0.0527
881.3000 0.0528
886.6000 0.0529
886.9000 0.0530
889.3000 0.0531
890.1000 0.0532
890.7000 0.0533
891.2000 0.0534
892.6000 0.0535
893.5000 0.0536
893.7000 0.0538
893.8000 0.0539
893.9000 0.0540
894.2000 0.0541
894.9000 0.0542
895.2000 0.0543
896.3000 0.0544
899.6000 0.0545
899.8000 0.0546
900.6000 0.0547
903.0000 0.0548
903.4000 0.0549
905.4000 0.0550
905.9000 0.0551
908.7000 0.0552
909.0000 0.0553
909.1000 0.0554
909.5000 0.0555
912.2000 0.0556
913.3000 0.0557
915.7000 0.0558
917.0000 0.0559
917.0000 0.0560
917.6000 0.0561
918.9000 0.0563
919.5000 0.0564
919.7000 0.0565
919.9000 0.0566
921.6000 0.0567
922.3000 0.0568
923.2000 0.0569
924.3000 0.0570
926.4000 0.0571
927.6000 0.0572
928.2000 0.0573
930.2000 0.0574
931.0000 0.0575
931.1000 0.0576
932.1000 0.0577
932.4000 0.0578
932.9000 0.0579
933.3000 0.0580
933.3000 0.0581
934.0000 0.0582
934.0000 0.0583
935.4000 0.0584
938.6000 0.0585
938.8000 0.0586
941.8000 0.0588
942.2000 0.0589
942.2000 0.0590
942.5000 0.0591
943.0000 0.0592
943.1000 0.0593
946.8000 0.0594
947.4000 0.0595
951.3000 0.0596
951.4000 0.0597
952.8000 0.0598
954.3000 0.0599
955.9000 0.0600
956.6000 0.0601
957.2000 0.0602
957.3000 0.0603
958.7000 0.0604
959.1000 0.0605
959.1000 0.0606
959.5000 0.0607
959.7000 0.0608
960.2000 0.0609
960.4000 0.0610
961.7000 0.0611
962.2000 0.0613
963.9000 0.0614
964.2000 0.0615
965.8000 0.0616
967.7000 0.0617
970.0000 0.0618
970.6000 0.0619
973.7000 0.0620
975.6000 0.0621
975.8000 0.0622
976.6000 0.0623
977.8000 0.0624
978.5000 0.0625
980.2000 0.0626
981.9000 0.0627
983.0000 0.0628
983.1000 0.0629
983.8000 0.0630
984.3000 0.0631
986.4000 0.0632
986.6000 0.0633
987.2000 0.0634
989.1000 0.0635
989.1000 0.0636
989.8000 0.0638
990.6000 0.0639
990.6000 0.0640
993.1000 0.0641
993.3000 0.0642
994.0000 0.0643
994.3000 0.0644
995.4000 0.0645
996.0000 0.0646
998.5000 0.0647
999.6000 0.0648
999.8000 0.0649
1000.2000 0.0650
1000.4000 0.0651
1004.0000 0.0652
1004.6000 0.0653
1009.2000 0.0654
1010.4000 0.0655
1014.2000 0.0656
1014.4000 0.0657
1017.4000 0.0658
1017.7000 0.0659
1018.3000 0.0660
1019.7000 0.0661
1021.0000 0.0663
1022.0000 0.0664
1022.2000 0.0665
1022.9000 0.0666
1024.1000 0.0667
1025.4000 0.0668
1027.0000 0.0669
1031.1000 0.0670
1031.7000 0.0671
1032.0000 0.0672
1032.7000 0.0673
1032.7000 0.0674
1034.4000 0.0675
1034.4000 0.0676
1036.9000 0.0677
1040.5000 0.0678
1042.4000 0.0679
1042.8000 0.0680
1048.6000 0.0681
1048.6000 0.0682
1051.2000 0.0683
1051.7000 0.0684
1052.9000 0.0685
1054.5000 0.0686
1056.6000 0.0688
1062.1000 0.0689
1062.2000 0.0690
1062.8000 0.0691
1062.9000 0.0692
1063.6000 0.0693
1064.7000 0.0694
1066.3000 0.0695
1067.3000 0.0696
1067.7000 0.0697
1069.4000 0.0698
1071.0000 0.0699
1071.3000 0.0700
1072.0000 0.0701
1073.8000 0.0702
1077.7000 0.0703
1080.3000 0.0704
1080.8000 0.0705
1081.5000 0.0706
1081.8000 0.0707
1082.1000 0.0708
1083.0000 0.0709
1083.2000 0.0710
1083.4000 0.0711
1087.4000 0.0713
1089.2000 0.0714
1089.3000 0.0715
1091.5000 0.0716
1093.9000 0.0717
1094.6000 0.0718
1097.0000 0.0719
1097.7000 0.0720
1099.1000 0.0721
1099.6000 0.0722
1103.1000 0.0723
1103.8000 0.0724
1105.4000 0.0725
1106.4000 0.0726
1107.2000 0.0727
1108.1000 0.0728
1108.6000 0.0729
1108.7000 0.0730
1109.1000 0.0731
1111.1000 0.0732
1111.4000 0.0733
1114.5000 0.0734
1116.6000 0.0735
1116.9000 0.0736
1117.5000 0.0738
1118.3000 0.0739
1121.1000 0.0740
1123.1000 0.0741
1123.7000 0.0742
1124.7000 0.0743
1125.6000 0.0744
1127.7000 0.0745
1129.4000 0.0746
1129.8000 0.0747
1130.7000 0.0748
1131.3000 0.0749
1135.2000 0.0750
1136.7000 0.0751
1137.4000 0.0752
1137.5000 0.0753
1140.1000 0.0754
1143.9000 0.0755
1144.9000 0.0756
1145.2000 0.0757
1147.9000 0.0758
1148.0000 0.0759
1149.5000 0.0760
1151.7000 0.0761
1152.4000 0.0763
1155.4000 0.0764
1155.5000 0.0765
1155.7000 0.0766
1156.3000 0.0767
1160.3000 0.0768
1160.8000 0.0769
1162.4000 0.0770
1163.2000 0.0771
1163.4000 0.0772
1164.7000 0.0773
1167.6000 0.0774
1168.9000 0.0775
1170.4000 0.0776
1170.9000 0.0777
1173.5000 0.0778
1174.6000 0.0779
1175.0000 0.0780
1175.6000 0.0781
1176.7000 0.0782
1178.3000 0.0783
1178.6000 0.0784
1180.7000 0.0785
1184.1000 0.0786
1186.5000 0.0788
1186.6000 0.0789
1189.4000 0.0790
1191.4000 0.0791
1192.8000 0.0792
1193.7000 0.0793
1194.2000 0.0794
1195.0000 0.0795
1197.2000 0.0796
1200.3000 0.0797
1203.6000 0.0798
1204.6000 0.0799
1205.1000 0.0800
1205.6000 0.0801
1205.9000 0.0802
1209.5000 0.0803
1210.6000 0.0804
1213.3000 0.0805
1213.7000 0.0806
1214.3000 0.0807
1216.3000 0.0808
1222.9000 0.0809
1227.4000 0.0810
1231.6000 0.0811
1232.1000 0.0813
1233.2000 0.0814
1236.7000 0.0815
1238.4000 0.0816
1240.5000 0.0817
1243.7000 0.0818
1245.8000 0.0819
1248.2000 0.0820
1248.7000 0.0821
1249.4000 0.0822
1251.2000 0.0823
1251.3000 0.0824
1251.3000 0.0825
1251.6000 0.0826
1253.8000 0.0827
1256.4000 0.0828
1259.6000 0.0829
1260.2000 0.0830
1260.4000 0.0831
1260.5000 0.0832
1260.5000 0.0833
1262.5000 0.0834
1263.3000 0.0835
1264.4000 0.0836
1265.7000 0.0838
1266.0000 0.0839
1268.9000 0.0840
1269.1000 0.0841
1270.8000 0.0842
1271.6000 0.0843
1272.5000 0.0844
1276.0000 0.0845
1276.5000 0.0846
1277.1000 0.0847
1278.5000 0.0848
1278.7000 0.0849
1278.7000 0.0850
1278.9000 0.0851
1279.6000 0.0852
1280.0000 0.0853
1280.2000 0.0854
1280.5000 0.0855
1280.6000 0.0856
1281.3000 0.0857
1281.6000 0.0858
1281.9000 0.0859
1285.1000 0.0860
1286.6000 0.0861
1286.7000 0.0863
1290.4000 0.0864
1294.0000 0.0865
1296.1000 0.0866
1296.8000 0.0867
1298.9000 0.0868
1302.9000 0.0869
1302.9000 0.0870
1302.9000 0.0871
1303.3000 0.0872
1304.3000 0.0873
1305.6000 0.0874
1308.4000 0.0875
1308.6000 0.0876
1309.0000 0.0877
1313.9000 0.0878
1317.2000 0.0879
1317.3000 0.0880
1317.3000 0.0881
1320.3000 0.0882
1323.0000 0.0883
1325.3000 0.0884
1325.3000 0.0885
1325.6000 0.0886
1325.9000 0.0888
1327.8000 0.0889
1329.3000 0.0890
1330.7000 0.0891
1331.0000 0.0892
1331.5000 0.0893
1332.6000 0.0894
1335.1000 0.0895
1337.4000 0.0896
1339.7000 0.0897
1341.5000 0.0898
1341.9000 0.0899
1343.9000 0.0900
1344.6000 0.0901
1345.0000 0.0902
1345.5000 0.0903
1345.9000 0.0904
1346.6000 0.0905
1347.6000 0.0906
1348.7000 0.0907
1349.1000 0.0908
1350.2000 0.0909
1350.5000 0.0910
1351.1000 0.0911
1351.6000 0.0913
1353.2000 0.0914
1355.0000 0.0915
1357.6000 0.0916
1359.5000 0.0917
1362.3000 0.0918
1363.5000 0.0919
1363.8000 0.0920
1364.6000 0.0921
1364.9000 0.0922
1368.5000 0.0923
1372.2000 0.0924
1378.6000 0.0925
1380.7000 0.0926
1382.3000 0.0927
1388.3000 0.0928
1390.6000 0.0929
1392.8000 0.0930
1393.9000 0.0931
1394.9000 0.0932
1395.3000 0.0933
1395.4000 0.0934
1395.6000 0.0935
1396.7000 0.0936
1397.7000 0.0938
1397.8000 0.0939
1402.8000 0.0940
1405.4000 0.0941
1406.1000 0.0942
1406.3000 0.0943
1406.7000 0.0944
1407.1000 0.0945
1409.5000 0.0946
1410.6000 0.0947
1415.1000 0.0948
1416.0000 0.0949
1416.6000 0.0950
1421.3000 0.0951
1421.4000 0.0952
1422.3000 0.0953
1422.8000 0.0954
1425.4000 0.0955
1426.3000 0.0956
1428.7000 0.0957
1430.4000 0.0958
1434.4000 0.0959
1434.8000 0.0960
1435.1000 0.0961
1436.6000 0.0963
1437.4000 0.0964
1438.1000 0.0965
1438.2000 0.0966
1440.8000 0.0967
1443.2000 0.0968
1446.1000 0.0969
1447.2000 0.0970
1449.2000 0.0971
1450.1000 0.0972
1455.3000 0.0973
1457.5000 0.0974
1458.6000 0.0975
1460.6000 0.0976
1462.2000 0.0977
1464.3000 0.0978
1464.9000 0.0979
1467.4000 0.0980
1468.0000 0.0981
1470.3000 0.0982
1471.6000 0.0983
1472.2000 0.0984
1474.5000 0.0985
1475.0000 0.0986
1477.4000 0.0988
1478.6000 0.0989
1479.7000 0.0990
1480.6000 0.0991
1481.1000 0.0992
1481.3000 0.0993
1481.3000 0.0994
1483.1000 0.0995
1484.6000 0.0996
1486.9000 0.0997
1487.4000 0.0998
1490.4000 0.0999
1491.7000 0.1000
1492.0000 0.1001
1492.1000 0.1002
1494.1000 0.1003
1494.3000 0.1004
1498.5000 0.1005
1499.0000 0.1006
1499.3000 0.1007
1503.9000 0.1008
1505.0000 0.1009
1505.3000 0.1010
1505.5000 0.1011
1505.7000 0.1013
1506.4000 0.1014
1508.9000 0.1015
1511.9000 0.1016
1513.7000 0.1017
1514.1000 0.1018
1514.6000 0.1019
1516.9000 0.1020
1518.2000 0.1021
1525.4000 0.1022
1526.6000 0.1023
1527.2000 0.1024
1528.5000 0.1025
1528.6000 0.1026
1530.4000 0.1027
1532.0000 0.1028
1535.2000 0.1029
1536.6000 0.1030
1539.5000 0.1031
1543.7000 0.1032
1547.8000 0.1033
1550.1000 0.1034
1550.5000 0.1035
1552.6000 0.1036
1555.2000 0.1038
1555.8000 0.1039
1555.9000 0.1040
1556.4000 0.1041
1564.0000 0.1042
1569.6000 0.1043
1569.8000 0.1044
1570.1000 0.1045
1570.9000 0.1046
1571.7000 0.1047
1571.8000 0.1048
1573.5000 0.1049
1574.2000 0.1050
1576.3000 0.1051
1576.6000 0.1052
1576.7000 0.1053
1580.4000 0.1054
1584.9000 0.1055
1587.0000 0.1056
1587.1000 0.1057
1591.5000 0.1058
1591.7000 0.1059
1597.5000 0.1060
1598.2000 0.1061
1602.4000 0.1063
1604.1000 0.1064
1605.0000 0.1065
1607.4000 0.1066
1612.4000 0.1067
1613.1000 0.1068
1613.4000 0.1069
1616.1000 0.1070
1617.3000 0.1071
1617.3000 0.1072
1617.3000 0.1073
1617.7000 0.1074
1623.8000 0.1075
1627.7000 0.1076
1627.7000 0.1077
1629.1000 0.1078
1631.6000 0.1079
1631.7000 0.1080
1633.1000 0.1081
1634.4000 0.1082
1638.4000 0.1083
1639.3000 0.1084
1642.2000 0.1085
1642.5000 0.1086
1648.6000 0.1088
1652.1000 0.1089
1653.7000 0.1090
1655.6000 0.1091
1657.2000 0.1092
1657.6000 0.1093
1659.7000 0.1094
1665.2000 0.1095
1666.4000 0.1096
1666.5000 0.1097
1671.2000 0.1098
1672.3000 0.1099
1673.2000 0.1100
1673.5000 0.1101
1677.7000 0.1102
1677.8000 0.1103
1678.9000 0.1104
1680.3000 0.1105
1681.9000 0.1106
1686.4000 0.1107
1686.5000 0.1108
1687.2000 0.1109
1689.8000 0.1110
1690.3000 0.1111
1690.8000 0.1113
1691.9000 0.1114
1695.8000 0.1115
1696.3000 0.1116
1696.6000 0.1117
1697.9000 0.1118
1698.0000 0.1119
1700.4000 0.1120
1700.6000 0.1121
1704.5000 0.1122
1705.4000 0.1123
1705.5000 0.1124
1708.9000 0.1125
1711.2000 0.1126
1714.4000 0.1127
1721.9000 0.1128
1725.5000 0.1129
1725.8000 0.1130
1726.4000 0.1131
1726.6000 0.1132
1727.4000 0.1133
1727.6000 0.1134
1728.8000 0.1135
1729.9000 0.1136
1730.6000 0.1138
1730.6000 0.1139
1731.6000 0.1140
1734.7000 0.1141
1735.9000 0.1142
1736.2000 0.1143
1741.7000 0.1144
1745.6000 0.1145
1746.6000 0.1146
1749.4000 0.1147
1749.9000 0.1148
1750.1000 0.1149
1750.5000 0.1150
1751.4000 0.1151
1753.3000 0.1152
1754.5000 0.1153
1760.8000 0.1154
1762.0000 0.1155
1763.1000 0.1156
1778.2000 0.1157
1784.6000 0.1158
1785.8000 0.1159
1787.2000 0.1160
1788.2000 0.1161
1788.8000 0.1163
1790.5000 0.1164
1791.9000 0.1165
1792.2000 0.1166
1792.8000 0.1167
1793.8000 0.1168
1796.7000 0.1169
1798.3000 0.1170
1799.0000 0.1171
1799.3000 0.1172
1800.7000 0.1173
1802.2000 0.1174
1806.7000 0.1175
1809.9000 0.1176
1810.2000 0.1177
1811.9000 0.1178
1812.1000 0.1179
1812.5000 0.1180
1813.6000 0.1181
1817.7000 0.1182
1819.4000 0.1183
1819.5000 0.1184
1822.1000 0.1185
1823.2000 0.1186
1826.5000 0.1188
1827.4000 0.1189
1828.7000 0.1190
1829.5000 0.1191
1830.3000 0.1192
1835.4000 0.1193
1835.7000 0.1194
1836.0000 0.1195
1839.5000 0.1196
1842.4000 0.1197
1843.6000 0.1198
1844.8000 0.1199
1848.2000 0.1200
1859.6000 0.1201
1866.4000 0.1202
1868.1000 0.1203
1868.5000 0.1204
1869.8000 0.1205
1870.5000 0.1206
1871.8000 0.1207
1873.2000 0.1208
1873.4000 0.1209
1876.9000 0.1210
1879.7000 0.1211
1880.0000 0.1213
1881.5000 0.1214
1882.8000 0.1215
1883.0000 0.1216
1884.4000 0.1217
1884.7000 0.1218
1886.7000 0.1219
1888.5000 0.1220
1890.8000 0.1221
1891.6000 0.1222
1891.6000 0.1223
1892.1000 0.1224
1892.6000 0.1225
1894.4000 0.1226
1896.8000 0.1227
1897.8000 0.1228
1898.4000 0.1229
1901.4000 0.1230
1902.0000 0.1231
1902.6000 0.1232
1909.0000 0.1233
1909.1000 0.1234
1914.3000 0.1235
1920.4000 0.1236
1924.2000 0.1238
1925.3000 0.1239
1929.7000 0.1240
1930.3000 0.1241
1933.8000 0.1242
1935.3000 0.1243
1936.1000 0.1244
1938.7000 0.1245
1944.6000 0.1246
1947.8000 0.1247
1949.5000 0.1248
1951.2000 0.1249
1952.6000 0.1250
1953.3000 0.1251
1953.4000 0.1252
1953.8000 0.1253
1955.2000 0.1254
1956.1000 0.1255
1962.5000 0.1256
1970.6000 0.1257
1970.9000 0.1258
1971.0000 0.1259
1972.3000 0.1260
1973.9000 0.1261
1974.7000 0.1263
1975.3000 0.1264
1976.2000 0.1265
1980.4000 0.1266
1984.9000 0.1267
1986.5000 0.1268
1988.3000 0.1269
1990.5000 0.1270
1990.7000 0.1271
1992.5000 0.1272
1992.7000 0.1273
1993.4000 0.1274
1995.7000 0.1275
1998.4000 0.1276
2011.6000 0.1277
2015.0000 0.1278
2016.1000 0.1279
2019.5000 0.1280
2023.5000 0.1281
2024.8000 0.1282
2025.4000 0.1283
2032.6000 0.1284
2037.6000 0.1285
2037.9000 0.1286
2040.0000 0.1288
2042.1000 0.1289
2046.7000 0.1290
2046.8000 0.1291
2051.7000 0.1292
2053.1000 0.1293
2057.2000 0.1294
2059.5000 0.1295
2065.2000 0.1296
2066.4000 0.1297
2067.1000 0.1298
2067.5000 0.1299
2067.7000 0.1300
2073.4000 0.1301
2074.5000 0.1302
2074.6000 0.1303
2075.5000 0.1304
2082.6000 0.1305
2083.7000 0.1306
2086.7000 0.1307
2090.6000 0.1308
2091.4000 0.1309
2094.6000 0.1310
2097.3000 0.1311
2104.5000 0.1313
2106.5000 0.1314
2109.5000 0.1315
2113.8000 0.1316
2115.9000 0.1317
2116.5000 0.1318
2117.8000 0.1319
2124.6000 0.1320
2126.5000 0.1321
2129.9000 0.1322
2134.4000 0.1323
2135.0000 0.1324
2137.0000 0.1325
2137.7000 0.1326
2138.6000 0.1327
2153.8000 0.1328
2155.5000 0.1329
2156.3000 0.1330
2158.1000 0.1331
2159.4000 0.1332
2160.6000 0.1333
2163.6000 0.1334
2167.6000 0.1335
2171.0000 0.1336
2171.4000 0.1338
2172.2000 0.1339
2172.3000 0.1340
2176.2000 0.1341
2178.5000 0.1342
2178.8000 0.1343
2184.8000 0.1344
2186.1000 0.1345
2186.2000 0.1346
2187.1000 0.1347
2187.1000 0.1348
2199.0000 0.1349
2200.7000 0.1350
2202.1000 0.1351
2208.7000 0.1352
2210.3000 0.1353
2212.3000 0.1354
2218.2000 0.1355
2220.6000 0.1356
2223.7000 0.1357
2231.9000 0.1358
2232.2000 0.1359
2234.7000 0.1360
2237.9000 0.1361
2243.7000 0.1363
2244.9000 0.1364
2262.0000 0.1365
2263.7000 0.1366
2265.1000 0.1367
2273.5000 0.1368
2279.6000 0.1369
2280.0000 0.1370
2281.6000 0.1371
2285.3000 0.1372
2296.5000 0.1373
2302.2000 0.1374
2311.5000 0.1375
2312.9000 0.1376
2314.3000 0.1377
2317.1000 0.1378
2318.3000 0.1379
2328.1000 0.1380
2328.7000 0.1381
2332.1000 0.1382
2332.2000 0.1383
2334.2000 0.1384
2337.6000 0.1385
2340.6000 0.1386
2346.9000 0.1388
2351.5000 0.1389
2355.7000 0.1390
2355.9000 0.1391
2371.0000 0.1392
2374.5000 0.1393
2378.1000 0.1394
2379.0000 0.1395
2389.3000 0.1396
2394.3000 0.1397
2405.7000 0.1398
2406.3000 0.1399
2406.8000 0.1400
2409.3000 0.1401
2415.3000 0.1402
2427.4000 0.1403
2434.3000 0.1404
2434.6000 0.1405
2436.6000 0.1406
2442.7000 0.1407
2446.0000 0.1408
2446.4000 0.1409
2448.5000 0.1410
2458.1000 0.1411
2459.2000 0.1413
2464.1000 0.1414
2470.4000 0.1415
2471.5000 0.1416
2474.1000 0.1417
2476.4000 0.1418
2479.7000 0.1419
2485.0000 0.1420
2491.7000 0.1421
2492.2000 0.1422
2492.3000 0.1423
2497.5000 0.1424
2501.3000 0.1425
2517.6000 0.1426
2520.4000 0.1427
2522.8000 0.1428
2528.8000 0.1429
2529.0000 0.1430
2531.4000 0.1431
2535.7000 0.1432
2551.2000 0.1433
2556.5000 0.1434
2556.7000 0.1435
2561.1000 0.1436
2563.3000 0.1437
2563.3000 0.1439
2563.8000 0.1440
2564.1000 0.1441
2564.5000 0.1442
2569.7000 0.1443
2569.8000 0.1444
2581.7000 0.1445
2584.7000 0.1446
2589.2000 0.1447
2590.3000 0.1448
2598.7000 0.1449
2604.8000 0.1450
2609.0000 0.1451
2614.9000 0.1452
2616.7000 0.1453
2633.3000 0.1454
2634.5000 0.1455
2645.3000 0.1456
2647.3000 0.1457
2647.5000 0.1458
2647.6000 0.1459
2651.5000 0.1460
2655.3000 0.1461
2660.2000 0.1462
2666.5000 0.1464
2672.5000 0.1465
2672.6000 0.1466
2676.7000 0.1467
2680.7000 0.1468
2694.3000 0.1469
2694.5000 0.1470
2704.2000 0.1471
2707.3000 0.1472
2710.8000 0.1473
2715.1000 0.1474
2722.4000 0.1475
2722.7000 0.1476
2725.7000 0.1477
2726.1000 0.1478
2741.9000 0.1479
2743.3000 0.1480
2743.8000 0.1481
2744.7000 0.1482
2747.9000 0.1483
2756.8000 0.1484
2761.9000 0.1485
2772.9000 0.1486
2775.4000 0.1487
2775.6000 0.1489
2777.8000 0.1490
2777.8000 0.1491
2782.0000 0.1492
2789.8000 0.1493
2795.1000 0.1494
2802.1000 0.1495
2805.7000 0.1496
2806.9000 0.1497
2810.4000 0.1498
2812.9000 0.1499
2817.5000 0.1500
2821.9000 0.1501
2826.6000 0.1502
2830.0000 0.1503
2832.4000 0.1504
2835.7000 0.1505
2836.0000 0.1506
2840.7000 0.1507
2841.3000 0.1508
2846.8000 0.1509
2851.5000 0.1510
2853.9000 0.1511
2855.6000 0.1512
2868.8000 0.1514
2876.8000 0.1515
2877.0000 0.1516
2877.8000 0.1517
2885.3000 0.1518
2888.5000 0.1519
2888.8000 0.1520
2891.8000 0.1521
2897.7000 0.1522
2899.3000 0.1523
2900.7000 0.1524
2907.3000 0.1525
2911.6000 0.1526
2915.4000 0.1527
2915.7000 0.1528
2918.7000 0.1529
2919.3000 0.1530
2924.3000 0.1531
2935.4000 0.1532
2937.3000 0.1533
2942.7000 0.1534
2945.3000 0.1535
2947.1000 0.1536
2951.2000 0.1537
2951.7000 0.1539
2957.8000 0.1540
2962.5000 0.1541
2963.7000 0.1542
2963.7000 0.1543
2966.6000 0.1544
2970.7000 0.1545
2973.5000 0.1546
2974.1000 0.1547
2974.7000 0.1548
2975.7000 0.1549
2975.8000 0.1550
2989.1000 0.1551
2991.2000 0.1552
2997.3000 0.1553
2999.3000 0.1554
3001.6000 0.1555
3003.6000 0.1556
3004.5000 0.1557
3008.2000 0.1558
3011.2000 0.1559
3014.2000 0.1560
3016.0000 0.1561
3024.2000 0.1562
3040.3000 0.1564
3041.4000 0.1565
3048.7000 0.1566
3049.6000 0.1567
3050.2000 0.1568
3052.7000 0.1569
3063.1000 0.1570
3066.5000 0.1571
3070.2000 0.1572
3070.2000 0.1573
3070.3000 0.1574
3078.1000 0.1575
3081.6000 0.1576
3087.7000 0.1577
3088.2000 0.1578
3090.7000 0.1579
3092.7000 0.1580
3097.1000 0.1581
3097.4000 0.1582
3097.6000 0.1583
3101.7000 0.1584
3110.4000 0.1585
3116.4000 0.1586
3121.7000 0.1587
3122.2000 0.1589
3125.0000 0.1590
3125.4000 0.1591
3131.8000 0.1592
3135.5000 0.1593
3137.5000 0.1594
3152.6000 0.1595
3159.3000 0.1596
3160.8000 0.1597
3176.1000 0.1598
3186.5000 0.1599
3195.2000 0.1600
3198.4000 0.1601
3199.2000 0.1602
3203.2000 0.1603
3205.6000 0.1604
3209.1000 0.1605
3210.0000 0.1606
3220.8000 0.1607
3223.9000 0.1608
3224.2000 0.1609
3224.3000 0.1610
3225.4000 0.1611
3229.8000 0.1612
3230.0000 0.1614
3230.5000 0.1615
3235.0000 0.1616
3240.1000 0.1617
3261.7000 0.1618
3268.7000 0.1619
3291.6000 0.1620
3295.3000 0.1621
3301.3000 0.1622
3308.9000 0.1623
3320.2000 0.1624
3329.7000 0.1625
3335.3000 0.1626
3341.1000 0.1627
3341.2000 0.1628
3347.5000 0.1629
3354.4000 0.1630
3355.1000 0.1631
3363.3000 0.1632
3363.3000 0.1633
3367.9000 0.1634
3374.5000 0.1635
3378.2000 0.1636
3379.9000 0.1637
3384.3000 0.1639
3391.9000 0.1640
3392.4000 0.1641
3393.2000 0.1642
3397.0000 0.1643
3399.0000 0.1644
3407.2000 0.1645
3408.6000 0.1646
3409.5000 0.1647
3410.0000 0.1648
3416.6000 0.1649
3419.6000 0.1650
3420.1000 0.1651
3434.1000 0.1652
3439.9000 0.1653
3445.9000 0.1654
3452.6000 0.1655
3452.7000 0.1656
3456.9000 0.1657
3458.6000 0.1658
3459.7000 0.1659
3464.4000 0.1660
3467.1000 0.1661
3489.4000 0.1662
3489.6000 0.1664
3492.9000 0.1665
3503.3000 0.1666
3508.0000 0.1667
3509.4000 0.1668
3518.1000 0.1669
3527.5000 0.1670
3527.5000 0.1671
3529.2000 0.1672
3529.6000 0.1673
3538.1000 0.1674
3540.2000 0.1675
3543.7000 0.1676
3553.3000 0.1677
3555.6000 0.1678
3555.8000 0.1679
3561.7000 0.1680
3564.6000 0.1681
3564.7000 0.1682
3573.5000 0.1683
3577.7000 0.1684
3577.8000 0.1685
3583.5000 0.1686
3599.0000 0.1687
3599.2000 0.1689
3609.5000 0.1690
3617.6000 0.1691
3628.3000 0.1692
3636.0000 0.1693
3636.6000 0.1694
3638.5000 0.1695
3639.8000 0.1696
3649.3000 0.1697
3651.0000 0.1698
3653.7000 0.1699
3658.5000 0.1700
3659.2000 0.1701
3672.2000 0.1702
3674.0000 0.1703
3678.1000 0.1704
3680.4000 0.1705
3681.2000 0.1706
3687.6000 0.1707
3697.0000 0.1708
3700.8000 0.1709
3710.4000 0.1710
3712.5000 0.1711
3713.3000 0.1712
3725.9000 0.1714
3726.1000 0.1715
3734.4000 0.1716
3736.5000 0.1717
3744.9000 0.1718
3760.5000 0.1719
3761.9000 0.1720
3766.0000 0.1721
3769.7000 0.1722
3785.2000 0.1723
3786.5000 0.1724
3787.5000 0.1725
3789.2000 0.1726
3795.6000 0.1727
3801.9000 0.1728
3812.8000 0.1729
3813.1000 0.1730
3822.2000 0.1731
3822.3000 0.1732
3822.8000 0.1733
3824.0000 0.1734
3825.2000 0.1735
3825.5000 0.1736
3828.2000 0.1737
3829.3000 0.1739
3832.8000 0.1740
3835.9000 0.1741
3837.5000 0.1742
3840.7000 0.1743
3855.0000 0.1744
3855.1000 0.1745
3855.1000 0.1746
3859.3000 0.1747
3863.3000 0.1748
3864.5000 0.1749
3865.5000 0.1750
3866.1000 0.1751
3882.8000 0.1752
3897.3000 0.1753
3905.8000 0.1754
3909.4000 0.1755
3909.6000 0.1756
3910.0000 0.1757
3922.5000 0.1758
3929.8000 0.1759
3932.5000 0.1760
3932.6000 0.1761
3939.1000 0.1762
3943.0000 0.1764
3943.8000 0.1765
3951.3000 0.1766
3952.5000 0.1767
3955.4000 0.1768
3956.8000 0.1769
3961.7000 0.1770
3963.7000 0.1771
3965.2000 0.1772
3969.0000 0.1773
3970.7000 0.1774
3971.2000 0.1775
3972.7000 0.1776
3973.4000 0.1777
3979.5000 0.1778
3995.4000 0.1779
3998.2000 0.1780
4002.8000 0.1781
4006.1000 0.1782
4008.2000 0.1783
4008.3000 0.1784
4008.7000 0.1785
4014.1000 0.1786
4018.5000 0.1787
4020.3000 0.1789
4023.1000 0.1790
4032.0000 0.1791
4034.7000 0.1792
4039.1000 0.1793
4040.1000 0.1794
4043.5000 0.1795
4045.0000 0.1796
4046.1000 0.1797
4046.7000 0.1798
4052.6000 0.1799
4054.2000 0.1800
4056.7000 0.1801
4067.9000 0.1802
4070.3000 0.1803
4093.6000 0.1804
4093.6000 0.1805
4094.6000 0.1806
4097.3000 0.1807
4099.0000 0.1808
4102.6000 0.1809
4103.7000 0.1810
4136.1000 0.1811
4136.3000 0.1812
4142.2000 0.1814
4142.8000 0.1815
4145.3000 0.1816
4147.8000 0.1817
4153.7000 0.1818
4164.1000 0.1819
4171.2000 0.1820
4182.9000 0.1821
4183.4000 0.1822
4185.6000 0.1823
4186.6000 0.1824
4188.7000 0.1825
4191.7000 0.1826
4195.9000 0.1827
4198.9000 0.1828
4209.1000 0.1829
4210.2000 0.1830
4212.8000 0.1831
4215.2000 0.1832
4219.2000 0.1833
4220.3000 0.1834
4223.5000 0.1835
4227.6000 0.1836
4234.1000 0.1837
4236.4000 0.1839
4240.8000 0.1840
4248.5000 0.1841
4249.0000 0.1842
4249.6000 0.1843
4257.4000 0.1844
4263.3000 0.1845
4263.7000 0.1846
4264.7000 0.1847
4273.6000 0.1848
4274.0000 0.1849
4277.5000 0.1850
4279.6000 0.1851
4283.7000 0.1852
4284.0000 0.1853
4285.6000 0.1854
4297.7000 0.1855
4298.3000 0.1856
4301.6000 0.1857
4304.1000 0.1858
4304.3000 0.1859
4310.7000 0.1860
4314.1000 0.1861
4318.6000 0.1862
4323.9000 0.1864
4339.6000 0.1865
4341.3000 0.1866
4351.2000 0.1867
4351.2000 0.1868
4367.9000 0.1869
4370.9000 0.1870
4373.5000 0.1871
4379.1000 0.1872
4379.6000 0.1873
4380.2000 0.1874
4380.4000 0.1875
4383.4000 0.1876
4394.1000 0.1877
4399.3000 0.1878
4401.2000 0.1879
4414.9000 0.1880
4425.4000 0.1881
4425.4000 0.1882
4429.7000 0.1883
4430.4000 0.1884
4430.6000 0.1885
4440.0000 0.1886
4445.6000 0.1887
4447.9000 0.1889
4450.8000 0.1890
4453.1000 0.1891
4454.6000 0.1892
4455.3000 0.1893
4466.2000 0.1894
4466.6000 0.1895
4470.3000 0.1896
4470.6000 0.1897
4477.1000 0.1898
4478.7000 0.1899
4492.4000 0.1900
4504.7000 0.1901
4506.3000 0.1902
4509.1000 0.1903
4521.6000 0.1904
4524.9000 0.1905
4550.2000 0.1906
4553.1000 0.1907
4555.7000 0.1908
4559.7000 0.1909
4562.8000 0.1910
4565.0000 0.1911
4567.5000 0.1912
4568.7000 0.1914
4570.0000 0.1915
4571.6000 0.1916
4580.8000 0.1917
4583.3000 0.1918
4591.3000 0.1919
4598.7000 0.1920
4603.6000 0.1921
4606.2000 0.1922
4612.5000 0.1923
4621.9000 0.1924
4640.7000 0.1925
4648.0000 0.1926
4649.4000 0.1927
4650.0000 0.1928
4650.7000 0.1929
4653.7000 0.1930
4655.2000 0.1931
4657.1000 0.1932
4662.9000 0.1933
4672.7000 0.1934
4679.4000 0.1935
4681.0000 0.1936
4687.2000 0.1937
4688.7000 0.1939
4693.7000 0.1940
4704.6000 0.1941
4706.3000 0.1942
4709.0000 0.1943
4717.3000 0.1944
4723.9000 0.1945
4724.0000 0.1946
4731.6000 0.1947
4734.9000 0.1948
4737.0000 0.1949
4739.0000 0.1950
4744.9000 0.1951
4750.7000 0.1952
4750.9000 0.1953
4756.8000 0.1954
4759.9000 0.1955
4761.4000 0.1956
4772.0000 0.1957
4772.6000 0.1958
4784.3000 0.1959
4800.6000 0.1960
4802.6000 0.1961
4806.1000 0.1962
4806.7000 0.1964
4808.4000 0.1965
4810.3000 0.1966
4822.6000 0.1967
4824.7000 0.1968
4831.0000 0.1969
4843.5000 0.1970
4845.5000 0.1971
4851.6000 0.1972
4854.4000 0.1973
4866.3000 0.1974
4867.8000 0.1975
4869.2000 0.1976
4879.6000 0.1977
4882.1000 0.1978
4885.2000 0.1979
4893.6000 0.1980
4898.4000 0.1981
4908.7000 0.1982
4908.9000 0.1983
4914.4000 0.1984
4915.1000 0.1985
4921.7000 0.1986
4925.8000 0.1987
4936.5000 0.1989
4942.6000 0.1990
4945.6000 0.1991
4949.2000 0.1992
4950.5000 0.1993
4952.6000 0.1994
4968.4000 0.1995
4972.2000 0.1996
4972.6000 0.1997
4974.8000 0.1998
4975.5000 0.1999
4981.3000 0.2000
4991.1000 0.2001
4991.5000 0.2002
4996.5000 0.2003
4997.0000 0.2004
5020.4000 0.2005
5024.5000 0.2006
5027.0000 0.2007
5028.8000 0.2008
5033.7000 0.2009
5034.5000 0.2010
5044.7000 0.2011
5052.4000 0.2012
5053.4000 0.2014
5058.0000 0.2015
5059.7000 0.2016
5062.1000 0.2017
5079.7000 0.2018
5084.5000 0.2019
5084.7000 0.2020
5085.5000 0.2021
5086.0000 0.2022
5089.2000 0.2023
5094.9000 0.2024
5095.3000 0.2025
5096.3000 0.2026
5098.2000 0.2027
5102.2000 0.2028
5113.8000 0.2029
5119.0000 0.2030
5124.6000 0.2031
5127.1000 0.2032
5130.1000 0.2033
5146.9000 0.2034
5155.2000 0.2035
5157.8000 0.2036
5163.8000 0.2037
5168.6000 0.2039
5184.7000 0.2040
5186.4000 0.2041
5186.7000 0.2042
5187.7000 0.2043
5197.7000 0.2044
5203.0000 0.2045
5209.3000 0.2046
5221.0000 0.2047
5223.5000 0.2048
5225.7000 0.2049
5228.1000 0.2050
5236.4000 0.2051
5248.1000 0.2052
5248.2000 0.2053
5257.5000 0.2054
5258.2000 0.2055
5264.4000 0.2056
5270.4000 0.2057
5272.2000 0.2058
5280.0000 0.2059
5289.6000 0.2060
5291.8000 0.2061
5292.2000 0.2062
5292.7000 0.2064
5302.1000 0.2065
5304.2000 0.2066
5305.2000 0.2067
5312.3000 0.2068
5313.4000 0.2069
5318.8000 0.2070
5324.2000 0.2071
5329.5000 0.2072
5330.3000 0.2073
5337.6000 0.2074
5344.1000 0.2075
5354.6000 0.2076
5358.0000 0.2077
5364.7000 0.2078
5368.8000 0.2079
5372.9000 0.2080
5378.7000 0.2081
5382.9000 0.2082
5383.2000 0.2083
5388.0000 0.2084
5389.6000 0.2085
5389.7000 0.2086
5394.8000 0.2087
5394.9000 0.2089
5399.4000 0.2090
5405.2000 0.2091
5420.6000 0.2092
5425.1000 0.2093
5426.9000 0.2094
5430.9000 0.2095
5432.4000 0.2096
5433.3000 0.2097
5434.5000 0.2098
5434.9000 0.2099
5444.3000 0.2100
5459.5000 0.2101
5461.4000 0.2102
5466.6000 0.2103
5498.7000 0.2104
5500.4000 0.2105
5503.2000 0.2106
5506.5000 0.2107
5515.8000 0.2108
5518.8000 0.2109
5519.7000 0.2110
5520.0000 0.2111
5533.5000 0.2112
5539.2000 0.2114
5539.2000 0.2115
5544.5000 0.2116
5553.6000 0.2117
5560.7000 0.2118
5561.9000 0.2119
5562.7000 0.2120
5577.5000 0.2121
5588.7000 0.2122
5595.9000 0.2123
5596.5000 0.2124
5605.2000 0.2125
5608.3000 0.2126
5609.5000 0.2127
5626.6000 0.2128
5628.1000 0.2129
5633.0000 0.2130
5637.5000 0.2131
5640.3000 0.2132
5645.5000 0.2133
5645.6000 0.2134
5663.1000 0.2135
5679.4000 0.2136
5679.4000 0.2137
5679.7000 0.2139
5685.7000 0.2140
5689.6000 0.2141
5699.7000 0.2142
5716.9000 0.2143
5720.4000 0.2144
5721.2000 0.2145
5725.7000 0.2146
5742.6000 0.2147
5748.7000 0.2148
5757.4000 0.2149
5759.6000 0.2150
5774.7000 0.2151
5779.7000 0.2152
5790.4000 0.2153
5797.6000 0.2154
5802.4000 0.2155
5805.9000 0.2156
5806.1000 0.2157
5807.8000 0.2158
5812.4000 0.2159
5814.7000 0.2160
5819.3000 0.2161
5827.6000 0.2162
5829.2000 0.2164
5838.1000 0.2165
5838.9000 0.2166
5840.5000 0.2167
5841.7000 0.2168
5848.5000 0.2169
5848.8000 0.2170
5856.2000 0.2171
5864.2000 0.2172
5865.5000 0.2173
5869.6000 0.2174
5878.1000 0.2175
5878.5000 0.2176
5879.7000 0.2177
5884.9000 0.2178
5892.5000 0.2179
5898.4000 0.2180
5903.1000 0.2181
5906.0000 0.2182
5911.7000 0.2183
5917.1000 0.2184
5929.5000 0.2185
5930.2000 0.2186
5935.2000 0.2187
5939.9000 0.2189
5941.8000 0.2190
5942.7000 0.2191
5945.4000 0.2192
5952.8000 0.2193
5959.3000 0.2194
5964.5000 0.2195
5978.7000 0.2196
5985.4000 0.2197
5990.5000 0.2198
5990.6000 0.2199
6005.4000 0.2200
6013.5000 0.2201
6015.7000 0.2202
6018.6000 0.2203
6024.1000 0.2204
6036.3000 0.2205
6036.9000 0.2206
6063.5000 0.2207
6068.6000 0.2208
6077.8000 0.2209
6078.2000 0.2210
6081.3000 0.2211
6090.7000 0.2212
6095.9000 0.2214
6100.7000 0.2215
6119.5000 0.2216
6120.3000 0.2217
6122.2000 0.2218
6124.1000 0.2219
6125.2000 0.2220
6125.5000 0.2221
6132.5000 0.2222
6133.1000 0.2223
6153.4000 0.2224
6154.8000 0.2225
6163.5000 0.2226
6177.4000 0.2227
6187.5000 0.2228
6191.1000 0.2229
6192.5000 0.2230
6199.6000 0.2231
6201.6000 0.2232
6204.1000 0.2233
6207.1000 0.2234
6210.1000 0.2235
6219.6000 0.2236
6226.7000 0.2237
6233.2000 0.2239
6234.2000 0.2240
6236.2000 0.2241
6238.1000 0.2242
6247.6000 0.2243
6252.6000 0.2244
6256.5000 0.2245
6257.3000 0.2246
6269.1000 0.2247
6284.2000 0.2248
6290.0000 0.2249
6293.5000 0.2250
6302.3000 0.2251
6303.1000 0.2252
6318.0000 0.2253
6323.9000 0.2254
6329.1000 0.2255
6331.4000 0.2256
6338.5000 0.2257
6347.9000 0.2258
6355.0000 0.2259
6358.2000 0.2260
6360.5000 0.2261
6360.7000 0.2262
6381.4000 0.2264
6381.5000 0.2265
6383.4000 0.2266
6386.3000 0.2267
6391.5000 0.2268
6392.2000 0.2269
6393.0000 0.2270
6395.2000 0.2271
6401.9000 0.2272
6404.4000 0.2273
6409.6000 0.2274
6411.1000 0.2275
6411.3000 0.2276
6417.5000 0.2277
6420.7000 0.2278
6424.5000 0.2279
6447.9000 0.2280
6452.6000 0.2281
6453.9000 0.2282
6458.6000 0.2283
6479.4000 0.2284
6489.5000 0.2285
6489.7000 0.2286
6497.1000 0.2287
6498.1000 0.2289
6499.7000 0.2290
6500.5000 0.2291
6509.8000 0.2292
6513.7000 0.2293
6515.5000 0.2294
6526.8000 0.2295
6528.4000 0.2296
6546.3000 0.2297
6547.6000 0.2298
6548.9000 0.2299
6551.0000 0.2300
6551.5000 0.2301
6581.8000 0.2302
6589.7000 0.2303
6592.1000 0.2304
6596.3000 0.2305
6600.8000 0.2306
6616.8000 0.2307
6620.0000 0.2308
6627.2000 0.2309
6632.2000 0.2310
6639.8000 0.2311
6648.0000 0.2312
6649.1000 0.2314
6649.4000 0.2315
6649.5000 0.2316
6655.0000 0.2317
6655.2000 0.2318
6660.2000 0.2319
6660.3000 0.2320
6663.6000 0.2321
6675.1000 0.2322
6676.3000 0.2323
6680.9000 0.2324
6693.6000 0.2325
6703.7000 0.2326
6704.0000 0.2327
6704.6000 0.2328
6707.6000 0.2329
6711.8000 0.2330
6712.9000 0.2331
6715.7000 0.2332
6721.3000 0.2333
6723.7000 0.2334
6725.9000 0.2335
6734.4000 0.2336
6735.7000 0.2337
6738.7000 0.2339
6751.7000 0.2340
6755.3000 0.2341
6762.6000 0.2342
6773.6000 0.2343
6776.2000 0.2344
6782.3000 0.2345
6787.5000 0.2346
6790.5000 0.2347
6791.2000 0.2348
6792.1000 0.2349
6794.3000 0.2350
6797.0000 0.2351
6817.0000 0.2352
6839.6000 0.2353
6841.6000 0.2354
6845.3000 0.2355
6846.7000 0.2356
6849.1000 0.2357
6854.4000 0.2358
6867.0000 0.2359
6867.6000 0.2360
6870.6000 0.2361
6878.6000 0.2362
6888.3000 0.2364
6890.5000 0.2365
6901.4000 0.2366
6905.5000 0.2367
6916.3000 0.2368
6921.7000 0.2369
6922.2000 0.2370
6932.7000 0.2371
6934.5000 0.2372
6934.5000 0.2373
6952.5000 0.2374
6953.7000 0.2375
6954.7000 0.2376
6955.5000 0.2377
6961.1000 0.2378
6966.5000 0.2379
6967.7000 0.2380
6971.5000 0.2381
6976.6000 0.2382
6983.7000 0.2383
6992.2000 0.2384
7000.0000 0.2385
7001.1000 0.2386
7007.5000 0.2387
7010.0000 0.2389
7010.3000 0.2390
7017.2000 0.2391
7019.9000 0.2392
7020.1000 0.2393
7020.4000 0.2394
7025.5000 0.2395
7031.5000 0.2396
7038.2000 0.2397
7049.2000 0.2398
7052.9000 0.2399
7053.7000 0.2400
7057.4000 0.2401
7074.1000 0.2402
7076.4000 0.2403
7079.1000 0.2404
7095.6000 0.2405
7095.9000 0.2406
7097.2000 0.2407
7104.0000 0.2408
7105.1000 0.2409
7112.8000 0.2410
7113.7000 0.2411
7116.5000 0.2412
7126.6000 0.2414
7131.2000 0.2415
7134.8000 0.2416
7154.0000 0.2417
7160.1000 0.2418
7161.8000 0.2419
7164.7000 0.2420
7169.6000 0.2421
7185.2000 0.2422
7193.5000 0.2423
7194.7000 0.2424
7195.6000 0.2425
7202.4000 0.2426
7206.5000 0.2427
7210.3000 0.2428
7216.0000 0.2429
7216.4000 0.2430
7219.0000 0.2431
7221.6000 0.2432
7228.0000 0.2433
7234.2000 0.2434
7236.6000 0.2435
7238.8000 0.2436
7247.9000 0.2437
7250.4000 0.2439
7253.2000 0.2440
7255.5000 0.2441
7260.4000 0.2442
7262.6000 0.2443
7274.3000 0.2444
7283.6000 0.2445
7295.1000 0.2446
7312.5000 0.2447
7323.1000 0.2448
7324.6000 0.2449
7352.1000 0.2450
7363.1000 0.2451
7363.1000 0.2452
7374.1000 0.2453
7378.4000 0.2454
7381.3000 0.2455
7381.7000 0.2456
7382.6000 0.2457
7387.1000 0.2458
7390.8000 0.2459
7401.4000 0.2460
7409.0000 0.2461
7417.7000 0.2462
7428.0000 0.2464
7433.5000 0.2465
7451.3000 0.2466
7461.3000 0.2467
7471.0000 0.2468
7485.2000 0.2469
7488.7000 0.2470
7490.5000 0.2471
7496.1000 0.2472
7502.7000 0.2473
7503.0000 0.2474
7504.3000 0.2475
7505.9000 0.2476
7516.8000 0.2477
7517.0000 0.2478
7518.2000 0.2479
7518.7000 0.2480
7522.6000 0.2481
7526.2000 0.2482
7528.8000 0.2483
7537.1000 0.2484
7549.3000 0.2485
7552.2000 0.2486
7557.7000 0.2487
7560.6000 0.2489
7562.8000 0.2490
7564.5000 0.2491
7569.8000 0.2492
7577.5000 0.2493
7611.0000 0.2494
7620.3000 0.2495
7621.4000 0.2496
7623.3000 0.2497
7626.2000 0.2498
7629.1000 0.2499
7634.6000 0.2500
7635.6000 0.2501
7662.7000 0.2502
7666.3000 0.2503
7668.2000 0.2504
7668.2000 0.2505
7669.5000 0.2506
7682.3000 0.2507
7682.5000 0.2508
7690.3000 0.2509
7699.7000 0.2510
7700.4000 0.2511
7706.5000 0.2512
7709.1000 0.2514
7716.4000 0.2515
7717.3000 0.2516
7727.3000 0.2517
7729.2000 0.2518
7733.0000 0.2519
7733.9000 0.2520
7735.5000 0.2521
7749.4000 0.2522
7753.5000 0.2523
7766.1000 0.2524
7768.2000 0.2525
7770.3000 0.2526
7770.8000 0.2527
7788.1000 0.2528
7795.4000 0.2529
7800.2000 0.2530
7802.5000 0.2531
7805.9000 0.2532
7809.9000 0.2533
7817.9000 0.2534
7818.4000 0.2535
7838.6000 0.2536
7839.4000 0.2537
7848.7000 0.2539
7850.6000 0.2540
7850.7000 0.2541
7857.3000 0.2542
7858.5000 0.2543
7864.4000 0.2544
7872.8000 0.2545
7878.2000 0.2546
7885.2000 0.2547
7889.4000 0.2548
7893.3000 0.2549
7893.6000 0.2550
7896.6000 0.2551
7899.3000 0.2552
7903.7000 0.2553
7912.0000 0.2554
7915.6000 0.2555
7921.5000 0.2556
7943.3000 0.2557
7946.5000 0.2558
7947.3000 0.2559
7948.3000 0.2560
7951.4000 0.2561
7952.0000 0.2562
7967.3000 0.2564
7978.0000 0.2565
7984.2000 0.2566
7997.3000 0.2567
7999.0000 0.2568
8002.7000 0.2569
8004.4000 0.2570
8018.0000 0.2571
8020.8000 0.2572
8023.3000 0.2573
8044.8000 0.2574
8049.4000 0.2575
8050.6000 0.2576
8058.8000 0.2577
8065.0000 0.2578
8069.6000 0.2579
8075.3000 0.2580
8083.6000 0.2581
8093.6000 0.2582
8105.2000 0.2583
8110.3000 0.2584
8118.7000 0.2585
8127.5000 0.2586
8130.4000 0.2587
8133.3000 0.2589
8136.7000 0.2590
8141.3000 0.2591
8160.4000 0.2592
8160.9000 0.2593
8163.3000 0.2594
8164.4000 0.2595
8165.7000 0.2596
8174.6000 0.2597
8178.2000 0.2598
8186.0000 0.2599
8186.5000 0.2600
8187.8000 0.2601
8191.2000 0.2602
8192.1000 0.2603
8197.3000 0.2604
8199.4000 0.2605
8199.9000 0.2606
8200.6000 0.2607
8204.1000 0.2608
8211.6000 0.2609
8213.0000 0.2610
8215.8000 0.2611
8220.3000 0.2612
8228.7000 0.2614
8229.1000 0.2615
8231.7000 0.2616
8234.4000 0.2617
8235.6000 0.2618
8236.2000 0.2619
8237.1000 0.2620
8237.9000 0.2621
8267.8000 0.2622
8269.4000 0.2623
8279.7000 0.2624
8285.2000 0.2625
8286.7000 0.2626
8289.0000 0.2627
8292.7000 0.2628
8298.3000 0.2629
8316.4000 0.2630
8319.1000 0.2631
8323.7000 0.2632
8325.1000 0.2633
8327.0000 0.2634
8333.2000 0.2635
8336.6000 0.2636
8352.5000 0.2637
8363.3000 0.2639
8369.5000 0.2640
8369.8000 0.2641
8376.4000 0.2642
8377.2000 0.2643
8380.7000 0.2644
8384.7000 0.2645
8386.7000 0.2646
8388.5000 0.2647
8390.5000 0.2648
8405.2000 0.2649
8406.4000 0.2650
8410.1000 0.2651
8413.7000 0.2652
8422.4000 0.2653
8423.5000 0.2654
8429.6000 0.2655
8431.0000 0.2656
8433.1000 0.2657
8440.5000 0.2658
8467.5000 0.2659
8467.6000 0.2660
8472.2000 0.2661
8475.0000 0.2662
8477.6000 0.2664
8481.2000 0.2665
8483.5000 0.2666
8487.6000 0.2667
8493.3000 0.2668
8494.3000 0.2669
8498.6000 0.2670
8512.0000 0.2671
8515.5000 0.2672
8523.3000 0.2673
8525.6000 0.2674
8531.9000 0.2675
8534.2000 0.2676
8534.6000 0.2677
8556.5000 0.2678
8571.4000 0.2679
8574.3000 0.2680
8579.5000 0.2681
8582.7000 0.2682
8587.1000 0.2683
8589.5000 0.2684
8596.9000 0.2685
8597.8000 0.2686
8598.0000 0.2687
8599.7000 0.2689
8600.6000 0.2690
8603.3000 0.2691
8612.3000 0.2692
8614.3000 0.2693
8630.0000 0.2694
8643.2000 0.2695
8652.2000 0.2696
8653.9000 0.2697
8661.0000 0.2698
8689.7000 0.2699
8697.7000 0.2700
8700.6000 0.2701
8700.9000 0.2702
8709.0000 0.2703
8710.3000 0.2704
8717.2000 0.2705
8718.8000 0.2706
8729.7000 0.2707
8731.7000 0.2708
8734.0000 0.2709
8736.5000 0.2710
8766.9000 0.2711
8780.0000 0.2712
8783.4000 0.2714
8789.1000 0.2715
8790.8000 0.2716
8797.5000 0.2717
8798.7000 0.2718
8800.4000 0.2719
8822.6000 0.2720
8830.8000 0.2721
8832.5000 0.2722
8837.9000 0.2723
8839.7000 0.2724
8858.9000 0.2725
8859.0000 0.2726
8883.0000 0.2727
8888.1000 0.2728
8888.2000 0.2729
8890.6000 0.2730
8920.0000 0.2731
8920.2000 0.2732
8924.5000 0.2733
8927.4000 0.2734
8928.3000 0.2735
8930.7000 0.2736
8950.4000 0.2737
8951.1000 0.2739
8951.6000 0.2740
8955.0000 0.2741
8965.7000 0.2742
8971.9000 0.2743
8983.0000 0.2744
8983.7000 0.2745
8985.2000 0.2746
9003.5000 0.2747
9013.9000 0.2748
9016.7000 0.2749
9017.6000 0.2750
9021.1000 0.2751
9027.5000 0.2752
9029.3000 0.2753
9040.1000 0.2754
9041.2000 0.2755
9046.7000 0.2756
9050.7000 0.2757
9054.1000 0.2758
9060.4000 0.2759
9070.6000 0.2760
9074.5000 0.2761
9079.3000 0.2762
9080.5000 0.2764
9082.1000 0.2765
9082.6000 0.2766
9086.3000 0.2767
9089.3000 0.2768
9090.3000 0.2769
9098.4000 0.2770
9098.4000 0.2771
9109.1000 0.2772
9110.2000 0.2773
9116.3000 0.2774
9126.4000 0.2775
9141.5000 0.2776
9147.2000 0.2777
9148.8000 0.2778
9151.0000 0.2779
9154.5000 0.2780
9162.9000 0.2781
9165.5000 0.2782
9177.0000 0.2783
9178.6000 0.2784
9192.4000 0.2785
9194.0000 0.2786
9199.9000 0.2787
9201.3000 0.2789
9207.1000 0.2790
9208.7000 0.2791
9215.7000 0.2792
9233.2000 0.2793
9241.6000 0.2794
9243.2000 0.2795
9274.0000 0.2796
9284.9000 0.2797
9292.7000 0.2798
9301.6000 0.2799
9313.5000 0.2800
9316.9000 0.2801
9325.3000 0.2802
9327.4000 0.2803
9332.5000 0.2804
9335.5000 0.2805
9338.7000 0.2806
9341.0000 0.2807
9391.5000 0.2808
9394.6000 0.2809
9403.7000 0.2810
9406.6000 0.2811
9416.4000 0.2812
9417.1000 0.2814
9426.6000 0.2815
9427.2000 0.2816
9432.4000 0.2817
9438.7000 0.2818
9444.5000 0.2819
9453.9000 0.2820
9457.2000 0.2821
9471.0000 0.2822
9471.4000 0.2823
9479.7000 0.2824
9480.2000 0.2825
9482.8000 0.2826
9483.0000 0.2827
9486.1000 0.2828
9500.3000 0.2829
9513.5000 0.2830
9514.6000 0.2831
9517.1000 0.2832
9519.5000 0.2833
9520.6000 0.2834
9528.3000 0.2835
9534.6000 0.2836
9535.2000 0.2837
9544.4000 0.2839
9552.5000 0.2840
9556.0000 0.2841
9567.5000 0.2842
9576.5000 0.2843
9577.3000 0.2844
9587.1000 0.2845
9587.7000 0.2846
9590.1000 0.2847
9600.3000 0.2848
9601.9000 0.2849
9609.6000 0.2850
9610.3000 0.2851
9612.9000 0.2852
9625.6000 0.2853
9627.3000 0.2854
9630.0000 0.2855
9638.3000 0.2856
9651.3000 0.2857
9653.7000 0.2858
9657.1000 0.2859
9661.1000 0.2860
9667.1000 0.2861
9667.5000 0.2862
9667.9000 0.2864
9674.2000 0.2865
9677.5000 0.2866
9678.5000 0.2867
9678.5000 0.2868
9691.1000 0.2869
9691.5000 0.2870
9697.7000 0.2871
9708.4000 0.2872
9711.7000 0.2873
9717.4000 0.2874
9722.0000 0.2875
9730.0000 0.2876
9732.6000 0.2877
9737.6000 0.2878
9741.6000 0.2879
9742.3000 0.2880
9742.7000 0.2881
9747.2000 0.2882
9761.3000 0.2883
9763.5000 0.2884
9764.7000 0.2885
9768.8000 0.2886
9777.5000 0.2887
9778.1000 0.2889
9808.4000 0.2890
9808.9000 0.2891
9819.1000 0.2892
9838.7000 0.2893
9843.6000 0.2894
9854.6000 0.2895
9866.5000 0.2896
9867.6000 0.2897
9869.6000 0.2898
9870.8000 0.2899
9878.1000 0.2900
9882.6000 0.2901
9882.6000 0.2902
9898.2000 0.2903
9908.6000 0.2904
9925.8000 0.2905
9931.2000 0.2906
9934.1000 0.2907
9936.1000 0.2908
9940.9000 0.2909
9948.2000 0.2910
9949.2000 0.2911
9951.9000 0.2912
9955.8000 0.2914
9966.7000 0.2915
9972.0000 0.2916
9982.1000 0.2917
10006.9000 0.2918
10009.7000 0.2919
10025.7000 0.2920
10028.3000 0.2921
10031.3000 0.2922
10066.2000 0.2923
10067.6000 0.2924
10067.7000 0.2925
10068.1000 0.2926
10069.3000 0.2927
10074.4000 0.2928
10086.7000 0.2929
10087.0000 0.2930
10090.8000 0.2931
10090.8000 0.2932
10096.9000 0.2933
10098.5000 0.2934
10101.3000 0.2935
10107.0000 0.2936
10117.0000 0.2937
10123.1000 0.2939
10150.9000 0.2940
10157.4000 0.2941
10162.0000 0.2942
10162.9000 0.2943
10162.9000 0.2944
10165.4000 0.2945
10176.5000 0.2946
10177.1000 0.2947
10177.5000 0.2948
10181.3000 0.2949
10181.8000 0.2950
10187.2000 0.2951
10190.5000 0.2952
10202.4000 0.2953
10204.7000 0.2954
10206.2000 0.2955
10219.5000 0.2956
10220.1000 0.2957
10223.5000 0.2958
10232.0000 0.2959
10233.7000 0.2960
10242.5000 0.2961
10251.2000 0.2962
10259.0000 0.2964
10260.6000 0.2965
10267.5000 0.2966
10269.4000 0.2967
10270.9000 0.2968
10272.2000 0.2969
10272.2000 0.2970
10275.7000 0.2971
10280.8000 0.2972
10281.9000 0.2973
10292.3000 0.2974
10294.7000 0.2975
10296.0000 0.2976
10298.6000 0.2977
10298.7000 0.2978
10304.9000 0.2979
10307.7000 0.2980
10307.7000 0.2981
10316.7000 0.2982
10319.8000 0.2983
10322.7000 0.2984
10342.6000 0.2985
10350.5000 0.2986
10350.5000 0.2987
10356.7000 0.2989
10360.5000 0.2990
10368.5000 0.2991
10368.6000 0.2992
10369.2000 0.2993
10372.3000 0.2994
10379.2000 0.2995
10394.1000 0.2996
10398.3000 0.2997
10399.7000 0.2998
10404.5000 0.2999
10408.3000 0.3000
10408.4000 0.3001
10409.3000 0.3002
10411.7000 0.3003
10412.3000 0.3004
10412.8000 0.3005
10413.4000 0.3006
10419.7000 0.3007
10419.9000 0.3008
10420.8000 0.3009
10422.5000 0.3010
10423.3000 0.3011
10425.0000 0.3012
10446.0000 0.3014
10455.9000 0.3015
10465.6000 0.3016
10468.5000 0.3017
10472.4000 0.3018
10477.4000 0.3019
10480.4000 0.3020
10481.7000 0.3021
10489.6000 0.3022
10491.7000 0.3023
10492.1000 0.3024
10494.2000 0.3025
10497.7000 0.3026
10507.7000 0.3027
10509.5000 0.3028
10511.5000 0.3029
10534.3000 0.3030
10534.6000 0.3031
10537.5000 0.3032
10541.0000 0.3033
10550.7000 0.3034
10550.7000 0.3035
10554.1000 0.3036
10558.1000 0.3037
10558.7000 0.3039
10561.2000 0.3040
10568.1000 0.3041
10568.7000 0.3042
10568.8000 0.3043
10571.4000 0.3044
10572.6000 0.3045
10584.6000 0.3046
10586.5000 0.3047
10593.7000 0.3048
10594.7000 0.3049
10599.6000 0.3050
10602.8000 0.3051
10607.4000 0.3052
10612.4000 0.3053
10612.5000 0.3054
10633.3000 0.3055
10638.2000 0.3056
10640.7000 0.3057
10641.9000 0.3058
10643.2000 0.3059
10645.7000 0.3060
10652.9000 0.3061
10654.2000 0.3062
10656.8000 0.3064
10657.2000 0.3065
10657.5000 0.3066
10658.4000 0.3067
10664.3000 0.3068
10668.9000 0.3069
10672.1000 0.3070
10676.5000 0.3071
10682.4000 0.3072
10693.7000 0.3073
10694.7000 0.3074
10696.9000 0.3075
10701.6000 0.3076
10705.6000 0.3077
10707.5000 0.3078
10715.3000 0.3079
10731.1000 0.3080
10733.9000 0.3081
10735.7000 0.3082
10738.9000 0.3083
10745.5000 0.3084
10745.9000 0.3085
10746.2000 0.3086
10746.5000 0.3087
10750.4000 0.3089
10754.5000 0.3090
10762.9000 0.3091
10793.9000 0.3092
10797.7000 0.3093
10799.7000 0.3094
10799.7000 0.3095
10801.3000 0.3096
10804.1000 0.3097
10805.6000 0.3098
10808.7000 0.3099
10810.3000 0.3100
10814.2000 0.3101
10819.0000 0.3102
10820.8000 0.3103
10832.9000 0.3104
10835.5000 0.3105
10840.6000 0.3106
10840.9000 0.3107
10857.6000 0.3108
10876.3000 0.3109
10876.4000 0.3110
10876.4000 0.3111
10878.3000 0.3112
10882.7000 0.3114
10886.4000 0.3115
10900.6000 0.3116
10900.8000 0.3117
10901.6000 0.3118
10910.5000 0.3119
10916.6000 0.3120
10916.7000 0.3121
10928.0000 0.3122
10929.0000 0.3123
10930.8000 0.3124
10934.2000 0.3125
10935.1000 0.3126
10941.7000 0.3127
10944.6000 0.3128
10949.7000 0.3129
10953.0000 0.3130
10960.1000 0.3131
10961.8000 0.3132
10970.0000 0.3133
10974.7000 0.3134
10979.5000 0.3135
10981.4000 0.3136
10992.4000 0.3137
10999.3000 0.3139
11034.4000 0.3140
11034.5000 0.3141
11036.8000 0.3142
11037.9000 0.3143
11039.5000 0.3144
11046.5000 0.3145
11056.7000 0.3146
11064.5000 0.3147
11073.4000 0.3148
11074.0000 0.3149
11080.3000 0.3150
11083.6000 0.3151
11085.5000 0.3152
11085.7000 0.3153
11111.8000 0.3154
11135.4000 0.3155
11144.1000 0.3156
11145.1000 0.3157
11155.5000 0.3158
11156.0000 0.3159
11156.5000 0.3160
11156.8000 0.3161
11167.0000 0.3162
11170.3000 0.3164
11172.3000 0.3165
11176.7000 0.3166
11182.6000 0.3167
11187.2000 0.3168
11197.5000 0.3169
11199.5000 0.3170
11201.5000 0.3171
11201.6000 0.3172
11201.7000 0.3173
11217.1000 0.3174
11217.5000 0.3175
11221.7000 0.3176
11224.8000 0.3177
11229.7000 0.3178
11237.5000 0.3179
11238.7000 0.3180
11240.0000 0.3181
11240.1000 0.3182
11251.3000 0.3183
11253.2000 0.3184
11253.5000 0.3185
11262.3000 0.3186
11269.6000 0.3187
11297.3000 0.3189
11303.1000 0.3190
11310.4000 0.3191
11313.8000 0.3192
11318.5000 0.3193
11319.0000 0.3194
11331.0000 0.3195
11335.3000 0.3196
11336.5000 0.3197
11348.0000 0.3198
11355.3000 0.3199
11360.3000 0.3200
11369.2000 0.3201
11371.9000 0.3202
11372.2000 0.3203
11382.8000 0.3204
11390.0000 0.3205
11393.4000 0.3206
11394.6000 0.3207
11395.4000 0.3208
11421.6000 0.3209
11429.0000 0.3210
11429.2000 0.3211
11440.6000 0.3212
11441.0000 0.3214
11452.5000 0.3215
11457.6000 0.3216
11466.2000 0.3217
11472.0000 0.3218
11472.0000 0.3219
11486.7000 0.3220
11489.2000 0.3221
11504.1000 0.3222
11504.4000 0.3223
11512.7000 0.3224
11512.9000 0.3225
11515.7000 0.3226
11518.1000 0.3227
11518.9000 0.3228
11522.2000 0.3229
11525.6000 0.3230
11530.9000 0.3231
11531.6000 0.3232
11533.7000 0.3233
11535.2000 0.3234
11536.3000 0.3235
11540.0000 0.3236
11540.9000 0.3237
11541.7000 0.3239
11558.6000 0.3240
11564.6000 0.3241
11569.5000 0.3242
11572.4000 0.3243
11576.6000 0.3244
11579.7000 0.3245
11584.3000 0.3246
11588.6000 0.3247
11607.7000 0.3248
11613.7000 0.3249
11618.7000 0.3250
11626.7000 0.3251
11631.4000 0.3252
11635.3000 0.3253
11636.0000 0.3254
11636.5000 0.3255
11639.3000 0.3256
11641.3000 0.3257
11645.4000 0.3258
11659.0000 0.3259
11661.2000 0.3260
11665.7000 0.3261
11670.2000 0.3263
11677.4000 0.3264
11680.6000 0.3265
11683.6000 0.3266
11690.0000 0.3267
11700.3000 0.3268
11704.6000 0.3269
11705.9000 0.3270
11716.7000 0.3271
11724.5000 0.3272
11738.6000 0.3273
11741.0000 0.3274
11741.9000 0.3275
11748.8000 0.3276
11749.1000 0.3277
11749.2000 0.3278
11749.2000 0.3279
11751.7000 0.3280
11761.5000 0.3281
11767.7000 0.3282
11774.3000 0.3283
11783.9000 0.3284
11786.4000 0.3285
11790.8000 0.3286
11808.7000 0.3288
11816.1000 0.3289
11822.3000 0.3290
11830.7000 0.3291
11850.4000 0.3292
11860.6000 0.3293
11863.5000 0.3294
11869.8000 0.3295
11880.6000 0.3296
11881.9000 0.3297
11882.9000 0.3298
11890.7000 0.3299
11897.7000 0.3300
11907.1000 0.3301
11911.8000 0.3302
11912.9000 0.3303
11913.2000 0.3304
11914.6000 0.3305
11919.9000 0.3306
11929.1000 0.3307
11929.3000 0.3308
11939.7000 0.3309
11943.5000 0.3310
11964.5000 0.3311
11967.4000 0.3313
11977.7000 0.3314
11985.6000 0.3315
