# messageDelay  cumulativeProbability
0.2000 0.0002
0.2000 0.0003
0.2000 0.0005
0.2000 0.0007
0.2000 0.0009
0.2000 0.0010
0.2000 0.0012
0.2000 0.0014
0.2000 0.0016
0.2000 0.0017
0.2000 0.0019
0.2000 0.0021
0.2000 0.0023
0.2000 0.0024
62.1000 0.0026
91.8000 0.0028
99.7000 0.0030
115.5000 0.0031
119.0000 0.0033
121.3000 0.0035
133.4000 0.0036
135.3000 0.0038
136.1000 0.0040
142.6000 0.0042
143.1000 0.0043
148.9000 0.0045
158.1000 0.0047
159.1000 0.0049
165.6000 0.0050
170.6000 0.0052
171.8000 0.0054
175.8000 0.0056
188.2000 0.0057
188.9000 0.0059
195.0000 0.0061
196.6000 0.0063
199.9000 0.0064
200.2000 0.0066
200.6000 0.0068
202.1000 0.0069
205.4000 0.0071
205.5000 0.0073
209.3000 0.0075
210.9000 0.0076
212.7000 0.0078
213.1000 0.0080
213.9000 0.0082
217.0000 0.0083
218.7000 0.0085
219.4000 0.0087
223.4000 0.0089
226.2000 0.0090
228.6000 0.0092
231.8000 0.0094
233.7000 0.0095
233.8000 0.0097
236.7000 0.0099
238.1000 0.0101
238.3000 0.0102
238.6000 0.0104
240.6000 0.0106
242.1000 0.0108
246.0000 0.0109
246.9000 0.0111
250.1000 0.0113
251.9000 0.0115
257.8000 0.0116
263.5000 0.0118
265.9000 0.0120
266.6000 0.0122
269.7000 0.0123
269.9000 0.0125
272.9000 0.0127
276.9000 0.0128
278.3000 0.0130
278.7000 0.0132
279.2000 0.0134
279.5000 0.0135
280.4000 0.0137
280.7000 0.0139
286.6000 0.0141
286.8000 0.0142
287.1000 0.0144
291.5000 0.0146
292.6000 0.0148
292.9000 0.0149
293.6000 0.0151
295.5000 0.0153
296.4000 0.0155
296.7000 0.0156
298.5000 0.0158
298.5000 0.0160
301.9000 0.0161
304.0000 0.0163
306.5000 0.0165
308.3000 0.0167
309.0000 0.0168
309.4000 0.0170
309.7000 0.0172
310.5000 0.0174
311.5000 0.0175
311.9000 0.0177
315.6000 0.0179
320.0000 0.0181
320.3000 0.0182
320.4000 0.0184
320.4000 0.0186
320.7000 0.0187
325.1000 0.0189
331.9000 0.0191
333.2000 0.0193
335.2000 0.0194
337.2000 0.0196
337.8000 0.0198
339.8000 0.0200
342.9000 0.0201
344.5000 0.0203
346.8000 0.0205
354.3000 0.0207
361.6000 0.0208
363.5000 0.0210
365.6000 0.0212
366.6000 0.0214
368.5000 0.0215
369.9000 0.0217
370.1000 0.0219
375.0000 0.0220
375.8000 0.0222
376.8000 0.0224
377.0000 0.0226
377.3000 0.0227
379.4000 0.0229
382.8000 0.0231
384.8000 0.0233
392.5000 0.0234
392.8000 0.0236
399.6000 0.0238
403.7000 0.0240
406.8000 0.0241
407.7000 0.0243
409.1000 0.0245
409.9000 0.0247
412.0000 0.0248
413.0000 0.0250
413.8000 0.0252
414.1000 0.0253
416.8000 0.0255
417.3000 0.0257
419.9000 0.0259
420.7000 0.0260
421.1000 0.0262
421.6000 0.0264
422.3000 0.0266
422.5000 0.0267
426.9000 0.0269
427.4000 0.0271
427.5000 0.0273
428.1000 0.0274
430.1000 0.0276
431.2000 0.0278
431.6000 0.0280
432.3000 0.0281
435.3000 0.0283
435.7000 0.0285
436.6000 0.0286
438.0000 0.0288
439.0000 0.0290
440.0000 0.0292
446.6000 0.0293
447.2000 0.0295
448.7000 0.0297
450.0000 0.0299
452.5000 0.0300
453.7000 0.0302
456.4000 0.0304
458.5000 0.0306
459.3000 0.0307
460.3000 0.0309
463.6000 0.0311
465.9000 0.0312
466.8000 0.0314
468.5000 0.0316
473.5000 0.0318
474.1000 0.0319
474.6000 0.0321
477.1000 0.0323
477.3000 0.0325
481.7000 0.0326
482.9000 0.0328
483.1000 0.0330
483.9000 0.0332
484.3000 0.0333
484.5000 0.0335
486.9000 0.0337
487.1000 0.0339
492.9000 0.0340
494.0000 0.0342
494.5000 0.0344
494.9000 0.0345
497.6000 0.0347
497.6000 0.0349
498.4000 0.0351
499.2000 0.0352
499.8000 0.0354
500.1000 0.0356
501.9000 0.0358
508.3000 0.0359
508.6000 0.0361
510.2000 0.0363
513.1000 0.0365
514.1000 0.0366
514.3000 0.0368
514.9000 0.0370
519.1000 0.0372
519.3000 0.0373
520.0000 0.0375
524.0000 0.0377
524.9000 0.0378
525.0000 0.0380
525.4000 0.0382
525.5000 0.0384
525.7000 0.0385
527.5000 0.0387
529.1000 0.0389
530.2000 0.0391
532.5000 0.0392
532.5000 0.0394
533.7000 0.0396
534.8000 0.0398
535.3000 0.0399
535.3000 0.0401
537.9000 0.0403
538.5000 0.0405
538.6000 0.0406
539.2000 0.0408
543.9000 0.0410
544.4000 0.0411
546.4000 0.0413
546.5000 0.0415
547.8000 0.0417
550.2000 0.0418
550.4000 0.0420
551.3000 0.0422
554.1000 0.0424
554.5000 0.0425
555.0000 0.0427
557.0000 0.0429
557.0000 0.0431
557.8000 0.0432
558.6000 0.0434
559.5000 0.0436
560.6000 0.0437
560.9000 0.0439
561.0000 0.0441
561.2000 0.0443
561.4000 0.0444
561.6000 0.0446
562.1000 0.0448
563.8000 0.0450
564.5000 0.0451
564.6000 0.0453
564.7000 0.0455
565.0000 0.0457
567.7000 0.0458
570.6000 0.0460
571.8000 0.0462
572.0000 0.0464
575.5000 0.0465
575.6000 0.0467
576.3000 0.0469
576.6000 0.0470
577.0000 0.0472
577.6000 0.0474
579.2000 0.0476
580.2000 0.0477
581.0000 0.0479
581.5000 0.0481
581.8000 0.0483
582.4000 0.0484
583.6000 0.0486
583.9000 0.0488
584.0000 0.0490
584.6000 0.0491
585.3000 0.0493
585.6000 0.0495
588.5000 0.0497
590.3000 0.0498
590.8000 0.0500
592.0000 0.0502
593.3000 0.0503
595.6000 0.0505
598.6000 0.0507
600.3000 0.0509
600.5000 0.0510
604.0000 0.0512
604.5000 0.0514
605.7000 0.0516
606.3000 0.0517
606.8000 0.0519
606.9000 0.0521
608.8000 0.0523
609.3000 0.0524
610.5000 0.0526
613.0000 0.0528
615.5000 0.0530
617.4000 0.0531
619.2000 0.0533
620.5000 0.0535
625.1000 0.0536
625.3000 0.0538
625.5000 0.0540
625.8000 0.0542
626.6000 0.0543
626.8000 0.0545
626.9000 0.0547
630.3000 0.0549
630.9000 0.0550
633.3000 0.0552
637.9000 0.0554
645.8000 0.0556
645.8000 0.0557
648.0000 0.0559
651.8000 0.0561
653.4000 0.0562
654.8000 0.0564
655.9000 0.0566
656.6000 0.0568
656.8000 0.0569
657.3000 0.0571
658.1000 0.0573
658.3000 0.0575
662.5000 0.0576
672.0000 0.0578
672.1000 0.0580
673.2000 0.0582
674.8000 0.0583
675.6000 0.0585
676.0000 0.0587
678.1000 0.0589
678.6000 0.0590
678.9000 0.0592
680.2000 0.0594
680.7000 0.0595
683.7000 0.0597
685.2000 0.0599
685.7000 0.0601
690.3000 0.0602
692.1000 0.0604
692.3000 0.0606
694.6000 0.0608
694.6000 0.0609
695.4000 0.0611
696.6000 0.0613
696.9000 0.0615
698.3000 0.0616
701.5000 0.0618
702.3000 0.0620
704.5000 0.0622
709.5000 0.0623
712.1000 0.0625
712.3000 0.0627
713.0000 0.0628
714.6000 0.0630
716.3000 0.0632
716.5000 0.0634
716.6000 0.0635
716.8000 0.0637
717.3000 0.0639
717.8000 0.0641
719.1000 0.0642
719.1000 0.0644
723.7000 0.0646
726.7000 0.0648
729.3000 0.0649
731.6000 0.0651
731.9000 0.0653
732.0000 0.0655
733.3000 0.0656
733.5000 0.0658
736.6000 0.0660
736.7000 0.0661
739.1000 0.0663
740.2000 0.0665
740.6000 0.0667
741.1000 0.0668
743.4000 0.0670
744.2000 0.0672
745.2000 0.0674
747.9000 0.0675
748.8000 0.0677
749.3000 0.0679
750.7000 0.0681
752.9000 0.0682
752.9000 0.0684
754.1000 0.0686
758.1000 0.0687
759.9000 0.0689
760.5000 0.0691
761.2000 0.0693
761.5000 0.0694
761.8000 0.0696
763.3000 0.0698
763.6000 0.0700
763.9000 0.0701
764.2000 0.0703
765.6000 0.0705
765.7000 0.0707
766.9000 0.0708
767.1000 0.0710
768.2000 0.0712
768.2000 0.0714
768.5000 0.0715
768.6000 0.0717
774.5000 0.0719
778.7000 0.0720
781.7000 0.0722
786.8000 0.0724
787.3000 0.0726
789.7000 0.0727
791.5000 0.0729
795.8000 0.0731
796.8000 0.0733
798.0000 0.0734
798.8000 0.0736
801.1000 0.0738
804.7000 0.0740
804.9000 0.0741
806.1000 0.0743
806.9000 0.0745
807.0000 0.0747
807.5000 0.0748
810.1000 0.0750
811.7000 0.0752
813.7000 0.0753
813.8000 0.0755
815.6000 0.0757
817.7000 0.0759
818.0000 0.0760
818.5000 0.0762
821.1000 0.0764
821.4000 0.0766
822.8000 0.0767
823.1000 0.0769
824.2000 0.0771
826.9000 0.0773
827.0000 0.0774
827.2000 0.0776
828.2000 0.0778
828.5000 0.0780
833.8000 0.0781
835.6000 0.0783
837.1000 0.0785
837.2000 0.0786
837.7000 0.0788
838.0000 0.0790
839.7000 0.0792
841.6000 0.0793
842.4000 0.0795
842.9000 0.0797
843.1000 0.0799
843.4000 0.0800
846.2000 0.0802
847.2000 0.0804
848.0000 0.0806
848.2000 0.0807
848.4000 0.0809
849.3000 0.0811
853.3000 0.0812
853.5000 0.0814
854.5000 0.0816
854.8000 0.0818
857.1000 0.0819
857.7000 0.0821
858.2000 0.0823
858.3000 0.0825
858.4000 0.0826
858.6000 0.0828
861.6000 0.0830
867.7000 0.0832
870.8000 0.0833
872.1000 0.0835
873.4000 0.0837
874.2000 0.0839
875.0000 0.0840
875.3000 0.0842
877.4000 0.0844
878.6000 0.0845
881.1000 0.0847
882.6000 0.0849
882.8000 0.0851
883.5000 0.0852
883.9000 0.0854
884.5000 0.0856
884.9000 0.0858
884.9000 0.0859
885.8000 0.0861
886.3000 0.0863
886.7000 0.0865
886.8000 0.0866
886.9000 0.0868
890.2000 0.0870
892.0000 0.0872
892.2000 0.0873
894.0000 0.0875
895.3000 0.0877
895.3000 0.0878
896.5000 0.0880
897.7000 0.0882
902.2000 0.0884
902.8000 0.0885
904.7000 0.0887
905.9000 0.0889
905.9000 0.0891
906.6000 0.0892
909.3000 0.0894
909.7000 0.0896
909.9000 0.0898
911.3000 0.0899
912.5000 0.0901
913.0000 0.0903
913.9000 0.0905
914.2000 0.0906
915.8000 0.0908
918.0000 0.0910
918.9000 0.0911
919.7000 0.0913
922.7000 0.0915
922.8000 0.0917
922.9000 0.0918
923.9000 0.0920
925.6000 0.0922
927.8000 0.0924
928.0000 0.0925
928.9000 0.0927
929.6000 0.0929
929.7000 0.0931
931.1000 0.0932
932.6000 0.0934
933.3000 0.0936
934.0000 0.0937
936.7000 0.0939
937.8000 0.0941
938.7000 0.0943
939.2000 0.0944
941.6000 0.0946
943.9000 0.0948
947.2000 0.0950
948.2000 0.0951
948.5000 0.0953
948.7000 0.0955
949.2000 0.0957
949.4000 0.0958
949.8000 0.0960
952.8000 0.0962
954.1000 0.0964
954.2000 0.0965
956.5000 0.0967
961.1000 0.0969
961.6000 0.0970
962.0000 0.0972
964.1000 0.0974
966.0000 0.0976
969.9000 0.0977
970.9000 0.0979
972.9000 0.0981
978.3000 0.0983
979.1000 0.0984
982.9000 0.0986
983.9000 0.0988
984.8000 0.0990
985.6000 0.0991
990.6000 0.0993
992.6000 0.0995
993.1000 0.0997
994.7000 0.0998
994.8000 0.1000
996.1000 0.1002
997.4000 0.1003
997.7000 0.1005
998.6000 0.1007
1001.8000 0.1009
1002.7000 0.1010
1004.7000 0.1012
1006.4000 0.1014
1006.5000 0.1016
1006.7000 0.1017
1007.7000 0.1019
1009.3000 0.1021
1009.9000 0.1023
1010.4000 0.1024
1011.7000 0.1026
1012.8000 0.1028
1013.3000 0.1030
1017.3000 0.1031
1019.1000 0.1033
1019.2000 0.1035
1019.3000 0.1036
1022.0000 0.1038
1022.6000 0.1040
1023.3000 0.1042
1026.5000 0.1043
1027.1000 0.1045
1027.4000 0.1047
1029.4000 0.1049
1032.6000 0.1050
1033.7000 0.1052
1037.3000 0.1054
1039.3000 0.1056
1040.0000 0.1057
1042.8000 0.1059
1043.8000 0.1061
1044.1000 0.1062
1044.7000 0.1064
1051.3000 0.1066
1052.1000 0.1068
1053.4000 0.1069
1055.1000 0.1071
1057.0000 0.1073
1057.7000 0.1075
1057.8000 0.1076
1061.3000 0.1078
1063.3000 0.1080
1068.2000 0.1082
1069.5000 0.1083
1072.2000 0.1085
1072.5000 0.1087
1072.7000 0.1089
1077.5000 0.1090
1078.3000 0.1092
1082.7000 0.1094
1085.1000 0.1095
1085.9000 0.1097
1086.8000 0.1099
1087.5000 0.1101
1090.3000 0.1102
1096.5000 0.1104
1098.8000 0.1106
1099.7000 0.1108
1099.8000 0.1109
1100.6000 0.1111
1100.7000 0.1113
1101.8000 0.1115
1103.3000 0.1116
1105.7000 0.1118
1105.9000 0.1120
1110.6000 0.1122
1112.7000 0.1123
1113.3000 0.1125
1114.1000 0.1127
1114.3000 0.1128
1116.2000 0.1130
1116.2000 0.1132
1116.7000 0.1134
1117.5000 0.1135
1117.6000 0.1137
1118.0000 0.1139
1119.3000 0.1141
1119.4000 0.1142
1120.8000 0.1144
1121.2000 0.1146
1121.2000 0.1148
1122.4000 0.1149
1122.6000 0.1151
1125.5000 0.1153
1126.1000 0.1155
1128.2000 0.1156
1129.7000 0.1158
1130.6000 0.1160
1131.9000 0.1161
1132.6000 0.1163
1132.9000 0.1165
1134.3000 0.1167
1135.0000 0.1168
1135.7000 0.1170
1136.8000 0.1172
1137.8000 0.1174
1138.1000 0.1175
1140.4000 0.1177
1141.9000 0.1179
1142.6000 0.1181
1143.0000 0.1182
1143.8000 0.1184
1144.4000 0.1186
1144.8000 0.1187
1146.5000 0.1189
1149.1000 0.1191
1149.1000 0.1193
1151.7000 0.1194
1151.9000 0.1196
1153.5000 0.1198
1155.4000 0.1200
1156.6000 0.1201
1159.1000 0.1203
1160.2000 0.1205
1161.6000 0.1207
1162.9000 0.1208
1164.9000 0.1210
1165.8000 0.1212
1166.6000 0.1214
1167.2000 0.1215
1168.0000 0.1217
1169.3000 0.1219
1171.9000 0.1220
1172.4000 0.1222
1172.5000 0.1224
1172.8000 0.1226
1173.9000 0.1227
1175.5000 0.1229
1177.6000 0.1231
1178.6000 0.1233
1178.6000 0.1234
1180.0000 0.1236
1182.8000 0.1238
1183.9000 0.1240
1185.5000 0.1241
1186.8000 0.1243
1188.1000 0.1245
1188.8000 0.1247
1189.9000 0.1248
1189.9000 0.1250
1191.0000 0.1252
1192.1000 0.1253
1192.3000 0.1255
1192.7000 0.1257
1194.0000 0.1259
1194.8000 0.1260
1196.3000 0.1262
1197.8000 0.1264
1199.0000 0.1266
1200.1000 0.1267
1201.8000 0.1269
1201.8000 0.1271
1201.8000 0.1273
1204.0000 0.1274
1206.6000 0.1276
1207.8000 0.1278
1208.3000 0.1280
1208.4000 0.1281
1210.7000 0.1283
1210.7000 0.1285
1211.6000 0.1286
1212.0000 0.1288
1212.3000 0.1290
1213.7000 0.1292
1215.7000 0.1293
1218.2000 0.1295
1220.7000 0.1297
1220.9000 0.1299
1221.0000 0.1300
1221.0000 0.1302
1221.6000 0.1304
1222.3000 0.1306
1224.1000 0.1307
1224.7000 0.1309
1229.0000 0.1311
1229.7000 0.1312
1234.2000 0.1314
1235.1000 0.1316
1235.3000 0.1318
1236.7000 0.1319
1238.0000 0.1321
1240.9000 0.1323
1240.9000 0.1325
1241.9000 0.1326
1241.9000 0.1328
1242.0000 0.1330
1242.8000 0.1332
1243.1000 0.1333
1244.9000 0.1335
1248.1000 0.1337
1248.6000 0.1339
1250.5000 0.1340
1250.8000 0.1342
1251.3000 0.1344
1253.9000 0.1345
1254.0000 0.1347
1256.2000 0.1349
1258.7000 0.1351
1259.3000 0.1352
1265.1000 0.1354
1266.4000 0.1356
1266.7000 0.1358
1266.7000 0.1359
1267.1000 0.1361
1267.5000 0.1363
1267.9000 0.1365
1268.0000 0.1366
1268.3000 0.1368
1268.6000 0.1370
1269.8000 0.1372
1271.4000 0.1373
1273.6000 0.1375
1273.9000 0.1377
1274.4000 0.1378
1275.2000 0.1380
1276.9000 0.1382
1277.1000 0.1384
1279.3000 0.1385
1279.6000 0.1387
1279.8000 0.1389
1280.4000 0.1391
1280.7000 0.1392
1282.0000 0.1394
1282.4000 0.1396
1285.7000 0.1398
1287.3000 0.1399
1290.0000 0.1401
1291.3000 0.1403
1293.4000 0.1405
1299.5000 0.1406
1300.5000 0.1408
1303.1000 0.1410
1305.3000 0.1411
1307.5000 0.1413
1308.8000 0.1415
1312.0000 0.1417
1315.8000 0.1418
1316.9000 0.1420
1319.8000 0.1422
1320.9000 0.1424
1321.5000 0.1425
1321.6000 0.1427
1321.7000 0.1429
1323.0000 0.1431
1323.2000 0.1432
1323.7000 0.1434
1324.4000 0.1436
1324.8000 0.1437
1325.4000 0.1439
1326.5000 0.1441
1326.6000 0.1443
1326.7000 0.1444
1327.2000 0.1446
1329.6000 0.1448
1330.1000 0.1450
1330.2000 0.1451
1331.5000 0.1453
1332.5000 0.1455
1333.3000 0.1457
1336.4000 0.1458
1337.1000 0.1460
1337.2000 0.1462
1338.7000 0.1464
1341.6000 0.1465
1343.6000 0.1467
1345.9000 0.1469
1346.7000 0.1470
1349.4000 0.1472
1350.0000 0.1474
1351.9000 0.1476
1351.9000 0.1477
1352.8000 0.1479
1359.1000 0.1481
1360.2000 0.1483
1362.0000 0.1484
1362.7000 0.1486
1362.7000 0.1488
1364.5000 0.1490
1365.9000 0.1491
1366.9000 0.1493
1366.9000 0.1495
1367.5000 0.1497
1369.4000 0.1498
1369.7000 0.1500
1369.9000 0.1502
1370.9000 0.1503
1374.8000 0.1505
1376.9000 0.1507
1377.6000 0.1509
1377.9000 0.1510
1380.3000 0.1512
1381.1000 0.1514
1382.7000 0.1516
1386.2000 0.1517
1386.4000 0.1519
1386.7000 0.1521
1387.6000 0.1523
1389.3000 0.1524
1392.3000 0.1526
1392.6000 0.1528
1393.8000 0.1530
1394.1000 0.1531
1395.4000 0.1533
1396.9000 0.1535
1397.1000 0.1536
1398.1000 0.1538
1401.2000 0.1540
1403.5000 0.1542
1406.4000 0.1543
1408.3000 0.1545
1411.8000 0.1547
1412.6000 0.1549
1412.7000 0.1550
1413.2000 0.1552
1413.9000 0.1554
1415.0000 0.1556
1416.2000 0.1557
1416.3000 0.1559
1416.8000 0.1561
1417.1000 0.1562
1418.5000 0.1564
1418.5000 0.1566
1418.6000 0.1568
1419.2000 0.1569
1419.8000 0.1571
1420.4000 0.1573
1420.5000 0.1575
1420.8000 0.1576
1423.6000 0.1578
1424.1000 0.1580
1427.6000 0.1582
1427.8000 0.1583
1428.0000 0.1585
1428.7000 0.1587
1428.9000 0.1589
1429.0000 0.1590
1430.0000 0.1592
1432.0000 0.1594
1433.3000 0.1595
1433.6000 0.1597
1434.9000 0.1599
1435.4000 0.1601
1437.1000 0.1602
1438.5000 0.1604
1440.0000 0.1606
1440.4000 0.1608
1441.2000 0.1609
1442.4000 0.1611
1443.6000 0.1613
1448.1000 0.1615
1448.2000 0.1616
1449.1000 0.1618
1449.3000 0.1620
1449.5000 0.1622
1452.2000 0.1623
1452.5000 0.1625
1452.7000 0.1627
1453.0000 0.1628
1453.7000 0.1630
1454.2000 0.1632
1455.1000 0.1634
1456.6000 0.1635
1456.8000 0.1637
1457.0000 0.1639
1459.2000 0.1641
1460.3000 0.1642
1460.3000 0.1644
1462.8000 0.1646
1463.7000 0.1648
1467.2000 0.1649
1468.7000 0.1651
1469.5000 0.1653
1469.8000 0.1655
1470.8000 0.1656
1472.5000 0.1658
1473.3000 0.1660
1473.8000 0.1661
1474.0000 0.1663
1476.4000 0.1665
1476.6000 0.1667
1477.6000 0.1668
1477.7000 0.1670
1478.1000 0.1672
1486.0000 0.1674
1486.9000 0.1675
1487.5000 0.1677
1487.6000 0.1679
1490.2000 0.1681
1490.6000 0.1682
1492.2000 0.1684
1494.0000 0.1686
1494.8000 0.1687
1495.8000 0.1689
1495.8000 0.1691
1498.5000 0.1693
1502.5000 0.1694
1504.1000 0.1696
1504.5000 0.1698
1505.0000 0.1700
1507.4000 0.1701
1509.6000 0.1703
1511.7000 0.1705
1512.6000 0.1707
1515.2000 0.1708
1517.3000 0.1710
1517.7000 0.1712
1520.0000 0.1714
1521.0000 0.1715
1525.5000 0.1717
1526.5000 0.1719
1527.2000 0.1720
1527.8000 0.1722
1528.7000 0.1724
1528.9000 0.1726
1529.3000 0.1727
1529.9000 0.1729
1530.4000 0.1731
1531.1000 0.1733
1531.6000 0.1734
1533.3000 0.1736
1534.0000 0.1738
1538.9000 0.1740
1539.1000 0.1741
1541.8000 0.1743
1542.0000 0.1745
1543.0000 0.1747
1548.3000 0.1748
1551.8000 0.1750
1553.3000 0.1752
1553.3000 0.1753
1554.2000 0.1755
1554.5000 0.1757
1555.3000 0.1759
1556.4000 0.1760
1557.7000 0.1762
1557.7000 0.1764
1557.8000 0.1766
1558.8000 0.1767
1559.2000 0.1769
1560.6000 0.1771
1560.7000 0.1773
1561.6000 0.1774
1562.0000 0.1776
1562.3000 0.1778
1563.2000 0.1780
1563.4000 0.1781
1564.7000 0.1783
1565.4000 0.1785
1569.1000 0.1786
1569.2000 0.1788
1571.3000 0.1790
1571.5000 0.1792
1573.2000 0.1793
1573.4000 0.1795
1573.8000 0.1797
1576.6000 0.1799
1577.2000 0.1800
1577.6000 0.1802
1583.8000 0.1804
1585.0000 0.1806
1587.8000 0.1807
1588.0000 0.1809
1588.9000 0.1811
1591.0000 0.1812
1591.8000 0.1814
1591.9000 0.1816
1594.1000 0.1818
1594.1000 0.1819
1594.6000 0.1821
1595.4000 0.1823
1595.7000 0.1825
1596.9000 0.1826
1597.2000 0.1828
1598.3000 0.1830
1599.6000 0.1832
1599.7000 0.1833
1601.9000 0.1835
1602.5000 0.1837
1605.3000 0.1839
1606.0000 0.1840
1609.0000 0.1842
1609.6000 0.1844
1610.4000 0.1845
1612.3000 0.1847
1613.0000 0.1849
1617.0000 0.1851
1619.4000 0.1852
1620.1000 0.1854
1620.9000 0.1856
1622.4000 0.1858
1623.7000 0.1859
1627.0000 0.1861
1629.1000 0.1863
1630.0000 0.1865
1632.0000 0.1866
1634.0000 0.1868
1636.8000 0.1870
1637.0000 0.1872
1637.2000 0.1873
1639.9000 0.1875
1641.1000 0.1877
1642.5000 0.1878
1642.5000 0.1880
1644.6000 0.1882
1645.1000 0.1884
1645.9000 0.1885
1647.6000 0.1887
1650.1000 0.1889
1652.2000 0.1891
1653.7000 0.1892
1656.9000 0.1894
1657.7000 0.1896
1660.8000 0.1898
1663.5000 0.1899
1664.1000 0.1901
1665.0000 0.1903
1665.2000 0.1905
1666.3000 0.1906
1666.4000 0.1908
1667.7000 0.1910
1668.0000 0.1911
1668.9000 0.1913
1669.1000 0.1915
1669.2000 0.1917
1669.4000 0.1918
1670.0000 0.1920
1672.4000 0.1922
1673.3000 0.1924
1675.1000 0.1925
1676.5000 0.1927
1677.7000 0.1929
1680.1000 0.1931
1682.4000 0.1932
1682.4000 0.1934
1683.0000 0.1936
1687.5000 0.1937
1688.0000 0.1939
1691.4000 0.1941
1692.9000 0.1943
1692.9000 0.1944
1697.4000 0.1946
1701.6000 0.1948
1703.4000 0.1950
1704.1000 0.1951
1704.2000 0.1953
1705.8000 0.1955
1706.4000 0.1957
1707.3000 0.1958
1709.4000 0.1960
1710.7000 0.1962
1710.8000 0.1964
1712.0000 0.1965
1714.1000 0.1967
1714.7000 0.1969
1717.2000 0.1970
1718.1000 0.1972
1721.7000 0.1974
1722.0000 0.1976
1723.2000 0.1977
1723.5000 0.1979
1728.0000 0.1981
1728.1000 0.1983
1729.5000 0.1984
1730.3000 0.1986
1730.6000 0.1988
1736.7000 0.1990
1738.5000 0.1991
1739.0000 0.1993
1741.1000 0.1995
1741.7000 0.1997
1745.4000 0.1998
1747.5000 0.2000
1747.7000 0.2002
1750.0000 0.2003
1752.6000 0.2005
1753.2000 0.2007
1754.3000 0.2009
1754.4000 0.2010
1755.4000 0.2012
1756.9000 0.2014
1757.1000 0.2016
1757.6000 0.2017
1757.7000 0.2019
1757.8000 0.2021
1758.7000 0.2023
1762.1000 0.2024
1762.2000 0.2026
1762.8000 0.2028
1766.1000 0.2030
1767.2000 0.2031
1770.1000 0.2033
1770.7000 0.2035
1777.1000 0.2036
1777.5000 0.2038
1781.1000 0.2040
1783.9000 0.2042
1785.1000 0.2043
1787.1000 0.2045
1787.8000 0.2047
1787.9000 0.2049
1791.8000 0.2050
1791.8000 0.2052
1793.0000 0.2054
1793.0000 0.2056
1793.5000 0.2057
1796.0000 0.2059
1799.6000 0.2061
1800.7000 0.2062
1800.8000 0.2064
1802.6000 0.2066
1804.2000 0.2068
1805.7000 0.2069
1806.9000 0.2071
1807.6000 0.2073
1808.1000 0.2075
1808.3000 0.2076
1808.9000 0.2078
1810.2000 0.2080
1816.5000 0.2082
1817.5000 0.2083
1817.8000 0.2085
1818.0000 0.2087
1825.5000 0.2089
1825.9000 0.2090
1827.0000 0.2092
1827.3000 0.2094
1828.6000 0.2095
1829.8000 0.2097
1831.6000 0.2099
1832.9000 0.2101
1833.8000 0.2102
1835.5000 0.2104
1836.9000 0.2106
1836.9000 0.2108
1839.2000 0.2109
1839.5000 0.2111
1840.3000 0.2113
1843.2000 0.2115
1843.4000 0.2116
1844.4000 0.2118
1845.9000 0.2120
1849.4000 0.2122
1851.3000 0.2123
1851.7000 0.2125
1852.7000 0.2127
1853.6000 0.2128
1857.0000 0.2130
1858.7000 0.2132
1861.5000 0.2134
1865.5000 0.2135
1866.1000 0.2137
1866.7000 0.2139
1866.7000 0.2141
1868.5000 0.2142
1868.7000 0.2144
1868.8000 0.2146
1871.7000 0.2148
1872.2000 0.2149
1873.6000 0.2151
1873.8000 0.2153
1875.4000 0.2155
1876.8000 0.2156
1877.9000 0.2158
1881.3000 0.2160
1881.7000 0.2161
1882.9000 0.2163
1885.2000 0.2165
1892.0000 0.2167
1892.7000 0.2168
1893.8000 0.2170
1894.3000 0.2172
1895.4000 0.2174
1896.5000 0.2175
1897.0000 0.2177
1897.0000 0.2179
1898.7000 0.2181
1899.4000 0.2182
1906.1000 0.2184
1908.3000 0.2186
1908.6000 0.2187
1913.2000 0.2189
1913.5000 0.2191
1914.5000 0.2193
1915.4000 0.2194
1915.7000 0.2196
1918.1000 0.2198
1918.5000 0.2200
1920.2000 0.2201
1920.7000 0.2203
1921.7000 0.2205
1922.9000 0.2207
1923.5000 0.2208
1928.8000 0.2210
1929.1000 0.2212
1929.4000 0.2214
1932.4000 0.2215
1932.9000 0.2217
1933.0000 0.2219
1933.2000 0.2220
1935.8000 0.2222
1937.5000 0.2224
1939.4000 0.2226
1940.8000 0.2227
1942.9000 0.2229
1943.6000 0.2231
1943.9000 0.2233
1944.1000 0.2234
1945.6000 0.2236
1947.0000 0.2238
1947.8000 0.2240
1948.3000 0.2241
1952.9000 0.2243
1958.3000 0.2245
1962.1000 0.2247
1964.3000 0.2248
1964.8000 0.2250
1974.2000 0.2252
1974.4000 0.2253
1974.8000 0.2255
1977.5000 0.2257
1978.8000 0.2259
1978.9000 0.2260
1985.9000 0.2262
1986.0000 0.2264
1987.7000 0.2266
1988.0000 0.2267
1988.2000 0.2269
1988.5000 0.2271
1994.0000 0.2273
1994.2000 0.2274
1995.6000 0.2276
1997.4000 0.2278
1998.1000 0.2280
1998.2000 0.2281
1999.1000 0.2283
2000.0000 0.2285
2001.8000 0.2286
2003.6000 0.2288
2004.8000 0.2290
2009.0000 0.2292
2009.6000 0.2293
2012.6000 0.2295
2012.7000 0.2297
2016.6000 0.2299
2019.1000 0.2300
2022.3000 0.2302
2023.3000 0.2304
2026.8000 0.2306
2027.2000 0.2307
2030.1000 0.2309
2030.8000 0.2311
2031.6000 0.2312
2032.5000 0.2314
2033.9000 0.2316
2035.5000 0.2318
2036.2000 0.2319
2039.1000 0.2321
2039.2000 0.2323
2039.4000 0.2325
2040.8000 0.2326
2042.9000 0.2328
2045.8000 0.2330
2050.3000 0.2332
2051.4000 0.2333
2052.0000 0.2335
2052.3000 0.2337
2053.3000 0.2339
2053.3000 0.2340
2053.6000 0.2342
2057.6000 0.2344
2060.7000 0.2345
2061.7000 0.2347
2061.7000 0.2349
2062.9000 0.2351
2063.3000 0.2352
2064.7000 0.2354
2068.5000 0.2356
2068.9000 0.2358
2069.0000 0.2359
2069.4000 0.2361
2070.0000 0.2363
2070.5000 0.2365
2072.1000 0.2366
2076.5000 0.2368
2079.9000 0.2370
2080.4000 0.2372
2084.0000 0.2373
2084.2000 0.2375
2088.1000 0.2377
2089.0000 0.2378
2094.2000 0.2380
2095.5000 0.2382
2098.5000 0.2384
2099.0000 0.2385
2099.1000 0.2387
2100.5000 0.2389
2101.5000 0.2391
2103.2000 0.2392
2104.4000 0.2394
2104.6000 0.2396
2105.4000 0.2398
2105.7000 0.2399
2105.8000 0.2401
2106.4000 0.2403
2107.3000 0.2405
2112.1000 0.2406
2112.4000 0.2408
2113.1000 0.2410
2113.2000 0.2411
2114.3000 0.2413
2117.4000 0.2415
2117.8000 0.2417
2121.5000 0.2418
2123.1000 0.2420
2123.1000 0.2422
2124.4000 0.2424
2126.9000 0.2425
2127.7000 0.2427
2128.4000 0.2429
2130.1000 0.2431
2136.6000 0.2432
2139.0000 0.2434
2139.3000 0.2436
2140.6000 0.2437
2140.9000 0.2439
2143.7000 0.2441
2144.6000 0.2443
2144.8000 0.2444
2146.0000 0.2446
2147.3000 0.2448
2149.0000 0.2450
2149.6000 0.2451
2150.2000 0.2453
2151.5000 0.2455
2153.6000 0.2457
2158.1000 0.2458
2164.0000 0.2460
2164.3000 0.2462
2166.4000 0.2464
2166.8000 0.2465
2167.8000 0.2467
2168.0000 0.2469
2175.3000 0.2470
2176.9000 0.2472
2176.9000 0.2474
2177.1000 0.2476
2179.1000 0.2477
2179.6000 0.2479
2181.6000 0.2481
2185.8000 0.2483
2186.2000 0.2484
2187.3000 0.2486
2187.8000 0.2488
2188.6000 0.2490
2189.2000 0.2491
2189.7000 0.2493
2190.7000 0.2495
2191.9000 0.2497
2192.4000 0.2498
2194.3000 0.2500
2199.6000 0.2502
2204.8000 0.2503
2210.6000 0.2505
2212.4000 0.2507
2217.3000 0.2509
2220.4000 0.2510
2223.8000 0.2512
2225.2000 0.2514
2234.1000 0.2516
2234.6000 0.2517
2240.0000 0.2519
2241.8000 0.2521
2245.6000 0.2523
2246.3000 0.2524
2248.0000 0.2526
2249.3000 0.2528
2249.3000 0.2530
2257.4000 0.2531
2260.5000 0.2533
2261.6000 0.2535
2262.8000 0.2536
2263.7000 0.2538
2264.6000 0.2540
2265.0000 0.2542
2265.0000 0.2543
2266.8000 0.2545
2273.2000 0.2547
2276.0000 0.2549
2277.1000 0.2550
2278.5000 0.2552
2279.1000 0.2554
2288.7000 0.2556
2291.7000 0.2557
2297.7000 0.2559
2300.0000 0.2561
2302.9000 0.2563
2303.1000 0.2564
2304.2000 0.2566
2304.7000 0.2568
2307.1000 0.2569
2309.5000 0.2571
2309.7000 0.2573
2311.7000 0.2575
2313.3000 0.2576
2315.7000 0.2578
2316.4000 0.2580
2316.6000 0.2582
2317.1000 0.2583
2320.8000 0.2585
2325.6000 0.2587
2328.2000 0.2589
2329.5000 0.2590
2331.0000 0.2592
2334.3000 0.2594
2337.1000 0.2595
2338.7000 0.2597
2339.4000 0.2599
2340.9000 0.2601
2342.8000 0.2602
2343.1000 0.2604
2344.1000 0.2606
2344.1000 0.2608
2344.6000 0.2609
2347.0000 0.2611
2347.5000 0.2613
2347.5000 0.2615
2350.7000 0.2616
2356.9000 0.2618
2357.4000 0.2620
2361.8000 0.2622
2363.4000 0.2623
2364.1000 0.2625
2366.1000 0.2627
2366.1000 0.2628
2367.3000 0.2630
2367.4000 0.2632
2371.6000 0.2634
2372.4000 0.2635
2373.0000 0.2637
2374.2000 0.2639
2377.8000 0.2641
2378.7000 0.2642
2379.8000 0.2644
2381.7000 0.2646
2384.3000 0.2648
2385.4000 0.2649
2389.9000 0.2651
2397.9000 0.2653
2399.7000 0.2655
2399.7000 0.2656
2403.0000 0.2658
2403.6000 0.2660
2404.4000 0.2661
2406.9000 0.2663
2407.5000 0.2665
2411.6000 0.2667
2412.0000 0.2668
2417.7000 0.2670
2419.2000 0.2672
2426.9000 0.2674
2427.8000 0.2675
2431.7000 0.2677
2432.3000 0.2679
2432.7000 0.2681
2433.9000 0.2682
2434.9000 0.2684
2435.9000 0.2686
2437.0000 0.2688
2439.2000 0.2689
2440.3000 0.2691
2441.0000 0.2693
2441.7000 0.2694
2442.1000 0.2696
2442.2000 0.2698
2445.4000 0.2700
2445.9000 0.2701
2448.4000 0.2703
2448.7000 0.2705
2449.1000 0.2707
2453.7000 0.2708
2454.6000 0.2710
2455.7000 0.2712
2455.9000 0.2714
2457.3000 0.2715
2462.4000 0.2717
2464.6000 0.2719
2467.6000 0.2720
2468.5000 0.2722
2471.7000 0.2724
2475.5000 0.2726
2477.0000 0.2727
2480.2000 0.2729
2480.6000 0.2731
2482.4000 0.2733
2482.8000 0.2734
2483.1000 0.2736
2485.4000 0.2738
2486.7000 0.2740
2487.3000 0.2741
2488.4000 0.2743
2491.4000 0.2745
2492.6000 0.2747
2492.9000 0.2748
2493.2000 0.2750
2494.5000 0.2752
2494.8000 0.2753
2497.5000 0.2755
2498.0000 0.2757
2502.2000 0.2759
2502.3000 0.2760
2507.1000 0.2762
2515.8000 0.2764
2517.3000 0.2766
2517.3000 0.2767
2519.4000 0.2769
2519.9000 0.2771
2520.4000 0.2773
2520.4000 0.2774
2521.1000 0.2776
2524.0000 0.2778
2524.2000 0.2780
2529.7000 0.2781
2531.7000 0.2783
2536.8000 0.2785
2537.9000 0.2786
2540.8000 0.2788
2547.4000 0.2790
2548.5000 0.2792
2554.4000 0.2793
2555.8000 0.2795
2557.8000 0.2797
2558.5000 0.2799
2559.1000 0.2800
2564.9000 0.2802
2568.8000 0.2804
2570.3000 0.2806
2574.1000 0.2807
2574.6000 0.2809
2574.7000 0.2811
2579.2000 0.2813
2581.4000 0.2814
2583.5000 0.2816
2584.6000 0.2818
2586.3000 0.2819
2586.9000 0.2821
2587.1000 0.2823
2587.4000 0.2825
2588.7000 0.2826
2595.4000 0.2828
2597.8000 0.2830
2597.9000 0.2832
2599.7000 0.2833
2606.9000 0.2835
2608.0000 0.2837
2613.7000 0.2839
2622.7000 0.2840
2625.7000 0.2842
2626.7000 0.2844
2629.5000 0.2845
2630.3000 0.2847
2632.1000 0.2849
2632.2000 0.2851
2633.4000 0.2852
2634.9000 0.2854
2638.4000 0.2856
2638.9000 0.2858
2642.6000 0.2859
2643.9000 0.2861
2649.8000 0.2863
2654.2000 0.2865
2655.0000 0.2866
2655.0000 0.2868
2656.7000 0.2870
2662.4000 0.2872
2663.5000 0.2873
2663.8000 0.2875
2675.9000 0.2877
2676.3000 0.2878
2676.6000 0.2880
2677.6000 0.2882
2679.6000 0.2884
2686.5000 0.2885
2687.3000 0.2887
2688.5000 0.2889
2688.9000 0.2891
2690.1000 0.2892
2692.6000 0.2894
2692.6000 0.2896
2695.0000 0.2898
2700.2000 0.2899
2702.4000 0.2901
2706.5000 0.2903
2706.9000 0.2905
2708.5000 0.2906
2716.9000 0.2908
2721.9000 0.2910
2722.6000 0.2911
2723.5000 0.2913
2725.5000 0.2915
2731.8000 0.2917
2733.7000 0.2918
2736.9000 0.2920
2742.7000 0.2922
2743.9000 0.2924
2748.7000 0.2925
2748.8000 0.2927
2749.7000 0.2929
2754.2000 0.2931
2757.6000 0.2932
2759.8000 0.2934
2760.5000 0.2936
2761.5000 0.2938
2762.3000 0.2939
2762.4000 0.2941
2762.9000 0.2943
2767.2000 0.2944
2767.8000 0.2946
2770.3000 0.2948
2773.0000 0.2950
2774.3000 0.2951
2777.2000 0.2953
2777.6000 0.2955
2780.0000 0.2957
2781.6000 0.2958
2785.3000 0.2960
2787.2000 0.2962
2791.8000 0.2964
2792.6000 0.2965
2793.3000 0.2967
2794.3000 0.2969
2795.5000 0.2970
2798.0000 0.2972
2798.9000 0.2974
2804.1000 0.2976
2804.6000 0.2977
2804.9000 0.2979
2806.7000 0.2981
2806.8000 0.2983
2808.1000 0.2984
2813.4000 0.2986
2819.6000 0.2988
2825.9000 0.2990
2834.1000 0.2991
2837.0000 0.2993
2837.2000 0.2995
2842.8000 0.2997
2842.9000 0.2998
2844.1000 0.3000
2847.3000 0.3002
2851.0000 0.3003
2852.4000 0.3005
2853.1000 0.3007
2858.4000 0.3009
2860.5000 0.3010
2861.5000 0.3012
2862.7000 0.3014
2863.2000 0.3016
2869.8000 0.3017
2871.9000 0.3019
2875.2000 0.3021
2882.4000 0.3023
2884.7000 0.3024
2885.3000 0.3026
2890.6000 0.3028
2892.4000 0.3030
2898.1000 0.3031
2898.4000 0.3033
2905.6000 0.3035
2908.2000 0.3036
2908.4000 0.3038
2909.1000 0.3040
2910.0000 0.3042
2918.3000 0.3043
2919.3000 0.3045
2928.7000 0.3047
2930.2000 0.3049
2933.6000 0.3050
2936.9000 0.3052
2937.6000 0.3054
2939.2000 0.3056
2948.5000 0.3057
2952.8000 0.3059
2958.3000 0.3061
2961.8000 0.3063
2970.0000 0.3064
2971.8000 0.3066
2972.3000 0.3068
2978.0000 0.3069
2979.8000 0.3071
2982.1000 0.3073
2982.1000 0.3075
2982.1000 0.3076
2982.5000 0.3078
2983.7000 0.3080
2985.1000 0.3082
2989.4000 0.3083
2992.5000 0.3085
2995.7000 0.3087
2999.1000 0.3089
3000.8000 0.3090
3003.9000 0.3092
3004.4000 0.3094
3004.6000 0.3095
3005.6000 0.3097
3008.6000 0.3099
3008.7000 0.3101
3009.1000 0.3102
3009.3000 0.3104
3016.3000 0.3106
3021.4000 0.3108
3024.5000 0.3109
3025.0000 0.3111
3026.4000 0.3113
3027.2000 0.3115
3027.5000 0.3116
3029.3000 0.3118
3030.1000 0.3120
3047.1000 0.3122
3048.2000 0.3123
3052.8000 0.3125
3053.7000 0.3127
3056.7000 0.3128
3057.0000 0.3130
3057.6000 0.3132
3060.7000 0.3134
3068.7000 0.3135
3071.9000 0.3137
3077.1000 0.3139
3078.9000 0.3141
3079.0000 0.3142
3082.2000 0.3144
3086.5000 0.3146
3087.5000 0.3148
3088.3000 0.3149
3092.3000 0.3151
3092.7000 0.3153
3098.5000 0.3155
3107.3000 0.3156
3110.4000 0.3158
3117.5000 0.3160
3121.6000 0.3161
3122.0000 0.3163
3124.5000 0.3165
3129.2000 0.3167
3129.8000 0.3168
3133.6000 0.3170
3137.7000 0.3172
3137.8000 0.3174
3140.0000 0.3175
3142.3000 0.3177
3143.3000 0.3179
3145.8000 0.3181
3148.2000 0.3182
3151.9000 0.3184
3152.0000 0.3186
3155.1000 0.3188
3158.5000 0.3189
3163.2000 0.3191
3165.2000 0.3193
3166.6000 0.3194
3168.4000 0.3196
3173.6000 0.3198
3174.7000 0.3200
3177.3000 0.3201
3179.6000 0.3203
3181.4000 0.3205
3190.8000 0.3207
3197.7000 0.3208
3198.1000 0.3210
3201.4000 0.3212
3204.7000 0.3214
3210.6000 0.3215
3214.1000 0.3217
3218.7000 0.3219
3220.7000 0.3220
3221.3000 0.3222
3225.1000 0.3224
3227.7000 0.3226
3228.1000 0.3227
3232.1000 0.3229
3232.8000 0.3231
3235.9000 0.3233
3240.9000 0.3234
3245.1000 0.3236
3247.4000 0.3238
3248.8000 0.3240
3251.6000 0.3241
3259.6000 0.3243
3259.6000 0.3245
3262.1000 0.3247
3265.9000 0.3248
3273.2000 0.3250
3275.2000 0.3252
3279.0000 0.3253
3285.7000 0.3255
3287.6000 0.3257
3289.2000 0.3259
3289.3000 0.3260
3299.9000 0.3262
3304.1000 0.3264
3308.3000 0.3266
3313.1000 0.3267
3315.5000 0.3269
3317.5000 0.3271
3322.0000 0.3273
3324.4000 0.3274
3327.2000 0.3276
3327.6000 0.3278
3328.3000 0.3280
3335.4000 0.3281
3338.9000 0.3283
3346.6000 0.3285
3347.6000 0.3286
3349.8000 0.3288
3362.1000 0.3290
3368.1000 0.3292
3369.9000 0.3293
3377.7000 0.3295
3377.9000 0.3297
3379.0000 0.3299
3381.7000 0.3300
3385.9000 0.3302
3387.0000 0.3304
3391.8000 0.3306
3392.4000 0.3307
3396.5000 0.3309
3397.3000 0.3311
3405.4000 0.3313
3405.6000 0.3314
3407.4000 0.3316
3411.5000 0.3318
3414.9000 0.3319
3417.7000 0.3321
3420.6000 0.3323
3422.5000 0.3325
3431.5000 0.3326
3431.7000 0.3328
3432.9000 0.3330
3432.9000 0.3332
3445.8000 0.3333
3446.4000 0.3335
3448.1000 0.3337
3449.5000 0.3339
3449.7000 0.3340
3449.9000 0.3342
3451.7000 0.3344
3452.7000 0.3345
3453.7000 0.3347
3455.1000 0.3349
3458.1000 0.3351
3459.5000 0.3352
3463.1000 0.3354
3465.6000 0.3356
3467.3000 0.3358
3469.0000 0.3359
3471.1000 0.3361
3471.6000 0.3363
3475.0000 0.3365
3497.6000 0.3366
3500.6000 0.3368
3503.7000 0.3370
3508.0000 0.3372
3508.9000 0.3373
3509.7000 0.3375
3513.1000 0.3377
3514.5000 0.3378
3532.3000 0.3380
3532.5000 0.3382
3546.7000 0.3384
3547.1000 0.3385
3548.0000 0.3387
3549.1000 0.3389
3550.6000 0.3391
3553.7000 0.3392
3556.9000 0.3394
3557.1000 0.3396
3558.0000 0.3398
3559.4000 0.3399
3559.8000 0.3401
3562.1000 0.3403
3575.4000 0.3405
3576.8000 0.3406
3577.5000 0.3408
3577.6000 0.3410
3579.3000 0.3411
3583.4000 0.3413
3584.1000 0.3415
3585.0000 0.3417
3585.4000 0.3418
3586.9000 0.3420
3588.8000 0.3422
3589.0000 0.3424
3591.1000 0.3425
3601.2000 0.3427
3601.6000 0.3429
3607.5000 0.3431
3607.6000 0.3432
3607.9000 0.3434
3611.8000 0.3436
3612.7000 0.3438
3613.7000 0.3439
3616.9000 0.3441
3618.9000 0.3443
3620.1000 0.3444
3623.1000 0.3446
3625.2000 0.3448
3626.3000 0.3450
3632.1000 0.3451
3632.9000 0.3453
3646.1000 0.3455
3655.2000 0.3457
3656.8000 0.3458
3658.3000 0.3460
3663.5000 0.3462
3665.8000 0.3464
3670.5000 0.3465
3672.8000 0.3467
3680.1000 0.3469
3683.0000 0.3470
3685.6000 0.3472
3695.6000 0.3474
3707.9000 0.3476
3708.4000 0.3477
3715.5000 0.3479
3718.7000 0.3481
3720.7000 0.3483
3723.0000 0.3484
3723.1000 0.3486
3727.1000 0.3488
3735.8000 0.3490
3737.1000 0.3491
3741.6000 0.3493
3741.7000 0.3495
3743.2000 0.3497
3755.5000 0.3498
3762.2000 0.3500
3770.0000 0.3502
3776.1000 0.3503
3779.3000 0.3505
3781.5000 0.3507
3784.3000 0.3509
3786.6000 0.3510
3791.6000 0.3512
3799.0000 0.3514
3805.7000 0.3516
3805.8000 0.3517
3809.3000 0.3519
3814.8000 0.3521
3825.9000 0.3523
3828.1000 0.3524
3829.8000 0.3526
3831.1000 0.3528
3835.3000 0.3530
3838.5000 0.3531
3842.1000 0.3533
3847.4000 0.3535
3847.5000 0.3536
3848.3000 0.3538
3851.9000 0.3540
3852.1000 0.3542
3854.8000 0.3543
3859.9000 0.3545
3860.9000 0.3547
3861.4000 0.3549
3869.9000 0.3550
3871.1000 0.3552
3873.1000 0.3554
3874.9000 0.3556
3878.3000 0.3557
3888.7000 0.3559
3907.2000 0.3561
3908.4000 0.3563
3913.9000 0.3564
3915.3000 0.3566
3920.4000 0.3568
3921.7000 0.3569
3926.7000 0.3571
3928.9000 0.3573
3929.6000 0.3575
3930.0000 0.3576
3932.9000 0.3578
3933.5000 0.3580
3936.4000 0.3582
3936.8000 0.3583
3939.9000 0.3585
3944.1000 0.3587
3945.6000 0.3589
3955.8000 0.3590
3962.2000 0.3592
3965.2000 0.3594
3970.0000 0.3595
3971.9000 0.3597
3972.7000 0.3599
3977.1000 0.3601
3981.5000 0.3602
3981.8000 0.3604
3982.2000 0.3606
3986.3000 0.3608
3990.0000 0.3609
3990.1000 0.3611
3991.8000 0.3613
3995.2000 0.3615
4000.3000 0.3616
4000.3000 0.3618
4002.7000 0.3620
4004.5000 0.3622
4009.3000 0.3623
4009.3000 0.3625
4013.5000 0.3627
4018.1000 0.3628
4020.2000 0.3630
4021.6000 0.3632
4026.7000 0.3634
4029.1000 0.3635
4034.5000 0.3637
4036.7000 0.3639
4037.7000 0.3641
4038.3000 0.3642
4051.6000 0.3644
4057.3000 0.3646
4062.5000 0.3648
4074.4000 0.3649
4084.2000 0.3651
4085.2000 0.3653
4085.7000 0.3655
4098.3000 0.3656
4098.5000 0.3658
4103.2000 0.3660
4106.2000 0.3661
4109.8000 0.3663
4113.7000 0.3665
4114.1000 0.3667
4119.3000 0.3668
4119.6000 0.3670
4123.7000 0.3672
4124.4000 0.3674
4126.7000 0.3675
4128.6000 0.3677
4130.2000 0.3679
4134.6000 0.3681
4136.9000 0.3682
4137.0000 0.3684
4144.8000 0.3686
4149.1000 0.3688
4156.0000 0.3689
4162.6000 0.3691
4165.0000 0.3693
4174.9000 0.3694
4176.6000 0.3696
4183.5000 0.3698
4187.3000 0.3700
4188.5000 0.3701
4192.5000 0.3703
4193.2000 0.3705
4193.5000 0.3707
4200.2000 0.3708
4207.0000 0.3710
4212.0000 0.3712
4213.9000 0.3714
4214.4000 0.3715
4214.6000 0.3717
4217.3000 0.3719
4232.5000 0.3720
4234.5000 0.3722
4234.5000 0.3724
4245.8000 0.3726
4247.5000 0.3727
4247.9000 0.3729
4252.1000 0.3731
4258.7000 0.3733
4260.7000 0.3734
4266.9000 0.3736
4272.5000 0.3738
4273.5000 0.3740
4277.9000 0.3741
4284.1000 0.3743
4288.2000 0.3745
4291.0000 0.3747
4291.1000 0.3748
4291.2000 0.3750
4293.6000 0.3752
4298.0000 0.3753
4303.7000 0.3755
4304.9000 0.3757
4307.9000 0.3759
4312.5000 0.3760
4317.7000 0.3762
4320.4000 0.3764
4321.4000 0.3766
4323.9000 0.3767
4328.9000 0.3769
4333.8000 0.3771
4337.6000 0.3773
4338.1000 0.3774
4338.5000 0.3776
4338.6000 0.3778
4339.0000 0.3780
4343.4000 0.3781
4345.5000 0.3783
4350.3000 0.3785
4353.0000 0.3786
4353.4000 0.3788
4354.0000 0.3790
4358.5000 0.3792
4361.3000 0.3793
4372.9000 0.3795
4372.9000 0.3797
4375.4000 0.3799
4378.3000 0.3800
4386.7000 0.3802
4388.9000 0.3804
4392.3000 0.3806
4393.1000 0.3807
4394.6000 0.3809
4405.5000 0.3811
4405.8000 0.3813
4418.3000 0.3814
4425.6000 0.3816
4433.1000 0.3818
4436.7000 0.3819
4438.0000 0.3821
4441.9000 0.3823
4444.0000 0.3825
4445.5000 0.3826
4446.9000 0.3828
4452.8000 0.3830
4453.7000 0.3832
4454.8000 0.3833
4457.5000 0.3835
4458.0000 0.3837
4458.7000 0.3839
4466.2000 0.3840
4466.7000 0.3842
4482.9000 0.3844
4483.5000 0.3845
4484.4000 0.3847
4486.0000 0.3849
4490.3000 0.3851
4490.5000 0.3852
4490.5000 0.3854
4498.8000 0.3856
4503.1000 0.3858
4505.7000 0.3859
4505.8000 0.3861
4507.1000 0.3863
4513.2000 0.3865
4522.9000 0.3866
4526.0000 0.3868
4529.3000 0.3870
4536.8000 0.3872
4541.6000 0.3873
4541.9000 0.3875
4542.2000 0.3877
4548.6000 0.3878
4550.6000 0.3880
4555.5000 0.3882
4558.5000 0.3884
4559.0000 0.3885
4561.2000 0.3887
4562.1000 0.3889
4568.7000 0.3891
4573.1000 0.3892
4575.8000 0.3894
4576.6000 0.3896
4592.6000 0.3898
4610.3000 0.3899
4615.0000 0.3901
4617.9000 0.3903
4621.9000 0.3905
4627.3000 0.3906
4627.4000 0.3908
4633.1000 0.3910
4637.1000 0.3911
4639.2000 0.3913
4639.7000 0.3915
4639.7000 0.3917
4647.8000 0.3918
4663.1000 0.3920
4671.4000 0.3922
4672.6000 0.3924
4687.0000 0.3925
4687.4000 0.3927
4688.5000 0.3929
4693.8000 0.3931
4698.1000 0.3932
4699.4000 0.3934
4702.6000 0.3936
4709.3000 0.3938
4711.6000 0.3939
4712.1000 0.3941
4712.7000 0.3943
4713.1000 0.3944
4714.0000 0.3946
4716.8000 0.3948
4719.7000 0.3950
4720.4000 0.3951
4722.1000 0.3953
4735.4000 0.3955
4735.5000 0.3957
4740.3000 0.3958
4745.2000 0.3960
4746.1000 0.3962
4751.3000 0.3964
4754.8000 0.3965
4758.9000 0.3967
4764.0000 0.3969
4766.1000 0.3970
4768.6000 0.3972
4772.6000 0.3974
4773.0000 0.3976
4782.0000 0.3977
4783.3000 0.3979
4785.5000 0.3981
4787.4000 0.3983
4803.6000 0.3984
4807.7000 0.3986
4810.2000 0.3988
4810.9000 0.3990
4816.7000 0.3991
4817.5000 0.3993
4817.8000 0.3995
4820.8000 0.3997
4821.9000 0.3998
4834.3000 0.4000
4837.7000 0.4002
4838.8000 0.4003
4846.2000 0.4005
4846.7000 0.4007
4848.5000 0.4009
4849.8000 0.4010
4850.0000 0.4012
4851.6000 0.4014
4852.2000 0.4016
4853.8000 0.4017
4855.0000 0.4019
4859.7000 0.4021
4860.9000 0.4023
4861.4000 0.4024
4870.2000 0.4026
4878.2000 0.4028
4883.0000 0.4030
4887.9000 0.4031
4893.7000 0.4033
4901.8000 0.4035
4904.3000 0.4036
4906.4000 0.4038
4913.4000 0.4040
4914.2000 0.4042
4918.3000 0.4043
4921.9000 0.4045
4927.2000 0.4047
4937.3000 0.4049
4942.7000 0.4050
4947.4000 0.4052
4950.4000 0.4054
4954.5000 0.4056
4956.4000 0.4057
4959.2000 0.4059
4961.5000 0.4061
4970.3000 0.4063
4974.0000 0.4064
4980.7000 0.4066
4988.4000 0.4068
4988.4000 0.4069
4995.3000 0.4071
4995.6000 0.4073
4997.0000 0.4075
5002.1000 0.4076
5005.0000 0.4078
5010.1000 0.4080
5013.5000 0.4082
5016.6000 0.4083
5018.4000 0.4085
5018.5000 0.4087
5018.8000 0.4089
5028.3000 0.4090
5031.5000 0.4092
5037.1000 0.4094
5041.5000 0.4095
5044.4000 0.4097
5049.0000 0.4099
5049.8000 0.4101
5050.2000 0.4102
5050.5000 0.4104
5051.9000 0.4106
5052.9000 0.4108
5058.5000 0.4109
5058.9000 0.4111
5064.3000 0.4113
5071.8000 0.4115
5076.8000 0.4116
5077.7000 0.4118
5081.9000 0.4120
5086.8000 0.4122
5100.8000 0.4123
5103.3000 0.4125
5105.1000 0.4127
5140.4000 0.4128
5141.3000 0.4130
5152.5000 0.4132
5154.9000 0.4134
5169.0000 0.4135
5173.2000 0.4137
5178.0000 0.4139
5178.5000 0.4141
5182.1000 0.4142
5184.2000 0.4144
5187.4000 0.4146
5197.7000 0.4148
5198.9000 0.4149
5202.5000 0.4151
5205.5000 0.4153
5222.1000 0.4155
5236.3000 0.4156
5237.8000 0.4158
5242.1000 0.4160
5246.8000 0.4161
5252.7000 0.4163
5256.7000 0.4165
5257.7000 0.4167
5263.7000 0.4168
5266.6000 0.4170
5272.6000 0.4172
5276.8000 0.4174
5277.1000 0.4175
5277.2000 0.4177
5286.8000 0.4179
5289.4000 0.4181
5303.2000 0.4182
5306.2000 0.4184
5308.2000 0.4186
5315.1000 0.4188
5328.1000 0.4189
5333.8000 0.4191
5334.0000 0.4193
5341.9000 0.4194
5344.9000 0.4196
5346.8000 0.4198
5350.3000 0.4200
5350.9000 0.4201
5363.2000 0.4203
5363.9000 0.4205
5369.2000 0.4207
5374.4000 0.4208
5375.8000 0.4210
5389.1000 0.4212
5399.2000 0.4214
5399.2000 0.4215
5402.3000 0.4217
5408.1000 0.4219
5408.2000 0.4220
5433.2000 0.4222
5437.9000 0.4224
5443.2000 0.4226
5447.9000 0.4227
5450.6000 0.4229
5468.9000 0.4231
5476.0000 0.4233
5476.9000 0.4234
5485.4000 0.4236
5485.7000 0.4238
5487.5000 0.4240
5492.5000 0.4241
5492.7000 0.4243
5495.0000 0.4245
5497.3000 0.4247
5509.1000 0.4248
5510.3000 0.4250
5515.9000 0.4252
5525.0000 0.4253
5530.1000 0.4255
5530.1000 0.4257
5530.3000 0.4259
5532.1000 0.4260
5533.9000 0.4262
5542.5000 0.4264
5545.5000 0.4266
5550.8000 0.4267
5552.9000 0.4269
5555.3000 0.4271
5559.2000 0.4273
5560.9000 0.4274
5567.5000 0.4276
5579.2000 0.4278
5599.8000 0.4280
5619.7000 0.4281
5631.9000 0.4283
5632.6000 0.4285
5637.8000 0.4286
5639.2000 0.4288
5641.4000 0.4290
5644.1000 0.4292
5644.6000 0.4293
5657.3000 0.4295
5664.6000 0.4297
5669.2000 0.4299
5683.9000 0.4300
5686.2000 0.4302
5688.5000 0.4304
5692.5000 0.4306
5698.2000 0.4307
5700.8000 0.4309
5706.9000 0.4311
5707.2000 0.4313
5717.2000 0.4314
5727.1000 0.4316
5733.0000 0.4318
5733.0000 0.4319
5738.3000 0.4321
5739.1000 0.4323
5742.3000 0.4325
5744.6000 0.4326
5750.3000 0.4328
5755.7000 0.4330
5756.5000 0.4332
5760.2000 0.4333
5763.0000 0.4335
5770.1000 0.4337
5776.9000 0.4339
5778.0000 0.4340
5778.2000 0.4342
5780.6000 0.4344
5781.1000 0.4345
5781.9000 0.4347
5790.6000 0.4349
5796.2000 0.4351
5797.5000 0.4352
5798.4000 0.4354
5798.9000 0.4356
5803.8000 0.4358
5804.4000 0.4359
5809.5000 0.4361
5813.4000 0.4363
5815.5000 0.4365
5822.8000 0.4366
5835.8000 0.4368
5847.7000 0.4370
5863.2000 0.4372
5863.2000 0.4373
5867.0000 0.4375
5882.1000 0.4377
5883.0000 0.4378
5884.6000 0.4380
5886.5000 0.4382
5892.0000 0.4384
5899.4000 0.4385
5911.9000 0.4387
5912.5000 0.4389
5919.2000 0.4391
5926.5000 0.4392
5930.1000 0.4394
5930.3000 0.4396
5932.5000 0.4398
5932.7000 0.4399
5950.2000 0.4401
5956.1000 0.4403
5963.2000 0.4405
5964.4000 0.4406
5967.5000 0.4408
5967.7000 0.4410
5969.2000 0.4411
5971.9000 0.4413
5988.8000 0.4415
5990.2000 0.4417
5995.5000 0.4418
5995.9000 0.4420
6001.5000 0.4422
6007.1000 0.4424
6013.7000 0.4425
6013.9000 0.4427
6016.5000 0.4429
6036.0000 0.4431
6036.6000 0.4432
6037.7000 0.4434
6045.6000 0.4436
6050.2000 0.4438
6051.0000 0.4439
6051.7000 0.4441
6051.8000 0.4443
6053.3000 0.4444
6056.6000 0.4446
6059.9000 0.4448
6062.6000 0.4450
6065.5000 0.4451
6067.9000 0.4453
6070.1000 0.4455
6075.4000 0.4457
6083.4000 0.4458
6084.3000 0.4460
6096.9000 0.4462
6101.8000 0.4464
6103.1000 0.4465
6112.1000 0.4467
6112.5000 0.4469
6121.9000 0.4470
6122.5000 0.4472
6131.1000 0.4474
6143.5000 0.4476
6144.5000 0.4477
6146.3000 0.4479
6149.7000 0.4481
6151.0000 0.4483
6156.5000 0.4484
6158.1000 0.4486
6158.3000 0.4488
6161.2000 0.4490
6162.4000 0.4491
6167.0000 0.4493
6171.1000 0.4495
6174.7000 0.4497
6174.9000 0.4498
6182.9000 0.4500
6183.5000 0.4502
6189.2000 0.4503
6192.3000 0.4505
6201.9000 0.4507
6203.0000 0.4509
6213.2000 0.4510
6224.0000 0.4512
6231.0000 0.4514
6234.1000 0.4516
6235.6000 0.4517
6239.7000 0.4519
6240.3000 0.4521
6240.7000 0.4523
6250.1000 0.4524
6252.1000 0.4526
6268.1000 0.4528
6272.7000 0.4530
6273.3000 0.4531
6275.1000 0.4533
6278.5000 0.4535
6279.9000 0.4536
6280.2000 0.4538
6286.2000 0.4540
6288.7000 0.4542
6290.3000 0.4543
6298.4000 0.4545
6305.2000 0.4547
6310.7000 0.4549
6312.3000 0.4550
6318.8000 0.4552
6323.4000 0.4554
6331.3000 0.4556
6335.0000 0.4557
6338.3000 0.4559
6353.8000 0.4561
6360.1000 0.4563
6361.6000 0.4564
6363.5000 0.4566
6368.8000 0.4568
6372.8000 0.4569
6377.0000 0.4571
6377.1000 0.4573
6383.2000 0.4575
6387.4000 0.4576
6394.2000 0.4578
6401.8000 0.4580
6405.4000 0.4582
6407.8000 0.4583
6409.7000 0.4585
6425.4000 0.4587
6442.9000 0.4589
6445.2000 0.4590
6446.2000 0.4592
6450.0000 0.4594
6458.7000 0.4595
6459.7000 0.4597
6460.8000 0.4599
6462.9000 0.4601
6464.1000 0.4602
6470.0000 0.4604
6481.8000 0.4606
6489.0000 0.4608
6502.8000 0.4609
6504.9000 0.4611
6507.3000 0.4613
6515.6000 0.4615
6517.0000 0.4616
6528.4000 0.4618
6528.6000 0.4620
6529.8000 0.4622
6530.3000 0.4623
6531.4000 0.4625
6539.2000 0.4627
6540.5000 0.4628
6547.9000 0.4630
6551.7000 0.4632
6561.1000 0.4634
6569.7000 0.4635
6572.8000 0.4637
6577.5000 0.4639
6580.9000 0.4641
6592.1000 0.4642
6594.4000 0.4644
6603.2000 0.4646
6605.6000 0.4648
6615.2000 0.4649
6615.7000 0.4651
6621.4000 0.4653
6626.6000 0.4655
6628.0000 0.4656
6628.1000 0.4658
6629.6000 0.4660
6631.1000 0.4661
6631.9000 0.4663
6636.5000 0.4665
6639.0000 0.4667
6645.0000 0.4668
6655.2000 0.4670
6656.6000 0.4672
6657.9000 0.4674
6660.3000 0.4675
6666.7000 0.4677
6680.0000 0.4679
6684.7000 0.4681
6685.7000 0.4682
6687.8000 0.4684
6688.1000 0.4686
6688.3000 0.4688
6699.0000 0.4689
6699.3000 0.4691
6704.3000 0.4693
6706.1000 0.4694
6706.2000 0.4696
6708.3000 0.4698
6714.7000 0.4700
6717.4000 0.4701
6718.1000 0.4703
6721.6000 0.4705
6725.1000 0.4707
6733.4000 0.4708
6738.8000 0.4710
6742.4000 0.4712
6745.7000 0.4714
6745.9000 0.4715
6750.8000 0.4717
6752.8000 0.4719
6754.8000 0.4720
6755.1000 0.4722
6757.0000 0.4724
6763.7000 0.4726
6775.9000 0.4727
6781.5000 0.4729
6782.0000 0.4731
6782.2000 0.4733
6782.5000 0.4734
6784.3000 0.4736
6785.6000 0.4738
6794.0000 0.4740
6794.1000 0.4741
6795.5000 0.4743
6796.2000 0.4745
6799.8000 0.4747
6803.1000 0.4748
6803.5000 0.4750
6805.0000 0.4752
6806.0000 0.4753
6807.8000 0.4755
6822.5000 0.4757
6844.3000 0.4759
6844.9000 0.4760
6846.9000 0.4762
6856.5000 0.4764
6857.3000 0.4766
6865.4000 0.4767
6869.6000 0.4769
6875.0000 0.4771
6881.4000 0.4773
6894.9000 0.4774
6898.5000 0.4776
6899.8000 0.4778
6905.3000 0.4780
6907.8000 0.4781
6913.1000 0.4783
6919.4000 0.4785
6924.0000 0.4786
6925.1000 0.4788
6926.6000 0.4790
6935.4000 0.4792
6935.6000 0.4793
6944.8000 0.4795
6946.7000 0.4797
6948.1000 0.4799
6959.7000 0.4800
6961.6000 0.4802
6974.8000 0.4804
6979.3000 0.4806
6979.9000 0.4807
6982.5000 0.4809
6989.5000 0.4811
6992.3000 0.4813
6992.3000 0.4814
6992.4000 0.4816
7000.3000 0.4818
7000.4000 0.4819
7005.4000 0.4821
7009.5000 0.4823
7013.9000 0.4825
7015.2000 0.4826
7020.4000 0.4828
7021.8000 0.4830
7022.1000 0.4832
7027.2000 0.4833
7035.5000 0.4835
7050.5000 0.4837
7053.8000 0.4839
7053.9000 0.4840
7058.0000 0.4842
7075.5000 0.4844
7086.6000 0.4845
7089.8000 0.4847
7093.7000 0.4849
7094.7000 0.4851
7098.0000 0.4852
7098.4000 0.4854
7100.4000 0.4856
7103.5000 0.4858
7107.2000 0.4859
7113.1000 0.4861
7114.4000 0.4863
7117.8000 0.4865
7120.5000 0.4866
7123.0000 0.4868
7130.8000 0.4870
7132.7000 0.4872
7137.8000 0.4873
7138.2000 0.4875
7146.1000 0.4877
7153.4000 0.4878
7159.7000 0.4880
7163.9000 0.4882
7167.1000 0.4884
7168.9000 0.4885
7180.1000 0.4887
7194.9000 0.4889
7196.3000 0.4891
7198.9000 0.4892
7205.2000 0.4894
7217.8000 0.4896
7217.9000 0.4898
7220.7000 0.4899
7221.0000 0.4901
7221.5000 0.4903
7226.3000 0.4905
7230.6000 0.4906
7232.1000 0.4908
7242.5000 0.4910
7243.7000 0.4911
7266.1000 0.4913
7278.9000 0.4915
7280.1000 0.4917
7285.7000 0.4918
7300.6000 0.4920
7302.7000 0.4922
7308.8000 0.4924
7320.5000 0.4925
7324.9000 0.4927
7330.3000 0.4929
7342.5000 0.4931
7351.5000 0.4932
7368.4000 0.4934
7370.6000 0.4936
7372.7000 0.4938
7377.0000 0.4939
7379.3000 0.4941
7382.4000 0.4943
7382.9000 0.4944
7388.4000 0.4946
7394.9000 0.4948
7400.4000 0.4950
7403.8000 0.4951
7414.9000 0.4953
7427.8000 0.4955
7428.3000 0.4957
7430.9000 0.4958
7436.6000 0.4960
7436.7000 0.4962
7444.2000 0.4964
7446.2000 0.4965
7448.5000 0.4967
7449.9000 0.4969
7450.9000 0.4970
7455.7000 0.4972
7458.7000 0.4974
7466.1000 0.4976
7469.1000 0.4977
7469.6000 0.4979
7471.7000 0.4981
7498.0000 0.4983
7498.8000 0.4984
7498.9000 0.4986
7504.1000 0.4988
7507.1000 0.4990
7508.3000 0.4991
7509.8000 0.4993
7513.7000 0.4995
7525.1000 0.4997
7535.7000 0.4998
7542.1000 0.5000
7543.3000 0.5002
7544.7000 0.5003
7549.7000 0.5005
7552.6000 0.5007
7553.4000 0.5009
7553.5000 0.5010
7553.6000 0.5012
7555.5000 0.5014
7578.2000 0.5016
7589.6000 0.5017
7598.9000 0.5019
7605.5000 0.5021
7605.8000 0.5023
7606.4000 0.5024
7619.6000 0.5026
7620.3000 0.5028
7620.4000 0.5030
7625.2000 0.5031
7625.7000 0.5033
7627.1000 0.5035
7652.8000 0.5036
7657.2000 0.5038
7659.1000 0.5040
7663.5000 0.5042
7666.2000 0.5043
7668.7000 0.5045
7672.5000 0.5047
7674.2000 0.5049
7680.7000 0.5050
7681.5000 0.5052
7684.5000 0.5054
7695.8000 0.5056
7699.1000 0.5057
7700.8000 0.5059
7702.1000 0.5061
7709.7000 0.5063
7712.4000 0.5064
7717.4000 0.5066
7718.6000 0.5068
7722.5000 0.5069
7723.4000 0.5071
7746.3000 0.5073
7751.3000 0.5075
7751.8000 0.5076
7759.4000 0.5078
7759.4000 0.5080
7765.0000 0.5082
7765.3000 0.5083
7765.9000 0.5085
7768.5000 0.5087
7773.1000 0.5089
7780.3000 0.5090
7781.0000 0.5092
7789.9000 0.5094
7792.1000 0.5095
7792.8000 0.5097
7794.7000 0.5099
7805.7000 0.5101
7819.2000 0.5102
7822.0000 0.5104
7825.4000 0.5106
7826.2000 0.5108
7845.5000 0.5109
7850.5000 0.5111
7853.5000 0.5113
7860.5000 0.5115
7862.5000 0.5116
7863.5000 0.5118
7866.9000 0.5120
7868.3000 0.5122
7871.9000 0.5123
7872.9000 0.5125
7874.6000 0.5127
7878.0000 0.5128
7881.6000 0.5130
7882.0000 0.5132
7883.6000 0.5134
7890.0000 0.5135
7890.7000 0.5137
7897.5000 0.5139
7912.4000 0.5141
7914.3000 0.5142
7915.1000 0.5144
7928.2000 0.5146
7928.7000 0.5148
7931.7000 0.5149
7932.2000 0.5151
7937.0000 0.5153
7937.3000 0.5155
7939.2000 0.5156
7942.8000 0.5158
7944.1000 0.5160
7945.9000 0.5161
7961.1000 0.5163
7961.9000 0.5165
7967.4000 0.5167
7968.0000 0.5168
7970.2000 0.5170
7974.8000 0.5172
7979.2000 0.5174
7985.4000 0.5175
7985.8000 0.5177
7991.6000 0.5179
7997.2000 0.5181
7998.6000 0.5182
8021.7000 0.5184
8023.5000 0.5186
8027.1000 0.5188
8037.0000 0.5189
8052.5000 0.5191
8053.3000 0.5193
8054.8000 0.5194
8055.0000 0.5196
8059.5000 0.5198
8062.4000 0.5200
8064.8000 0.5201
8065.3000 0.5203
8066.4000 0.5205
8068.0000 0.5207
8074.9000 0.5208
8082.5000 0.5210
8103.1000 0.5212
8105.9000 0.5214
8105.9000 0.5215
8119.9000 0.5217
8123.6000 0.5219
8124.4000 0.5220
8127.0000 0.5222
8127.9000 0.5224
8127.9000 0.5226
8128.1000 0.5227
8135.2000 0.5229
8136.3000 0.5231
8140.9000 0.5233
8141.5000 0.5234
8146.7000 0.5236
8160.3000 0.5238
8162.1000 0.5240
8162.1000 0.5241
8166.5000 0.5243
8167.6000 0.5245
8173.4000 0.5247
8179.3000 0.5248
8180.5000 0.5250
8186.0000 0.5252
8189.4000 0.5253
8201.5000 0.5255
8204.6000 0.5257
8208.7000 0.5259
8212.5000 0.5260
8224.3000 0.5262
8230.2000 0.5264
8231.5000 0.5266
8233.4000 0.5267
8233.6000 0.5269
8238.9000 0.5271
8241.9000 0.5273
8242.8000 0.5274
8243.5000 0.5276
8248.3000 0.5278
8257.4000 0.5280
8265.5000 0.5281
8279.2000 0.5283
8281.0000 0.5285
8287.7000 0.5286
8291.3000 0.5288
8291.3000 0.5290
8292.9000 0.5292
8294.0000 0.5293
8296.7000 0.5295
8297.0000 0.5297
8309.2000 0.5299
8311.2000 0.5300
8314.5000 0.5302
8316.3000 0.5304
8321.5000 0.5306
8347.9000 0.5307
8352.0000 0.5309
8359.6000 0.5311
8361.9000 0.5313
8366.6000 0.5314
8368.1000 0.5316
8369.6000 0.5318
8374.3000 0.5319
8374.7000 0.5321
8375.0000 0.5323
8376.1000 0.5325
8382.3000 0.5326
8383.3000 0.5328
8384.8000 0.5330
8387.5000 0.5332
8393.1000 0.5333
8395.9000 0.5335
8398.6000 0.5337
8404.0000 0.5339
8410.7000 0.5340
8415.5000 0.5342
8416.0000 0.5344
8418.7000 0.5345
8427.0000 0.5347
8428.0000 0.5349
8438.0000 0.5351
8442.8000 0.5352
8443.1000 0.5354
8454.3000 0.5356
8459.7000 0.5358
8460.3000 0.5359
8463.0000 0.5361
8482.2000 0.5363
8482.2000 0.5365
8491.2000 0.5366
8508.9000 0.5368
8523.5000 0.5370
8527.8000 0.5372
8535.2000 0.5373
8545.0000 0.5375
8547.0000 0.5377
8557.2000 0.5378
8575.1000 0.5380
8580.6000 0.5382
8581.2000 0.5384
8588.0000 0.5385
8593.1000 0.5387
8593.6000 0.5389
8596.0000 0.5391
8600.1000 0.5392
8603.9000 0.5394
8604.7000 0.5396
8612.4000 0.5398
8627.0000 0.5399
8633.7000 0.5401
8636.6000 0.5403
8642.4000 0.5405
8646.2000 0.5406
8650.7000 0.5408
8650.9000 0.5410
8665.0000 0.5411
8667.4000 0.5413
8670.6000 0.5415
8672.5000 0.5417
8681.1000 0.5418
8681.8000 0.5420
8685.6000 0.5422
8687.1000 0.5424
8693.0000 0.5425
8694.0000 0.5427
8714.0000 0.5429
8720.1000 0.5431
8722.8000 0.5432
8742.7000 0.5434
8745.5000 0.5436
8749.1000 0.5438
8752.1000 0.5439
8754.4000 0.5441
8763.1000 0.5443
8765.7000 0.5444
8771.4000 0.5446
8773.6000 0.5448
8776.2000 0.5450
8781.3000 0.5451
8788.4000 0.5453
8788.8000 0.5455
8791.3000 0.5457
8794.2000 0.5458
8798.1000 0.5460
8801.8000 0.5462
8809.6000 0.5464
8815.4000 0.5465
8818.3000 0.5467
8828.1000 0.5469
8831.9000 0.5470
8832.7000 0.5472
8837.5000 0.5474
8839.0000 0.5476
8846.8000 0.5477
8848.8000 0.5479
8852.3000 0.5481
8855.6000 0.5483
8856.9000 0.5484
8857.0000 0.5486
8862.5000 0.5488
8866.9000 0.5490
8870.5000 0.5491
8875.6000 0.5493
8878.3000 0.5495
8887.5000 0.5497
8888.6000 0.5498
8889.3000 0.5500
8889.3000 0.5502
8895.4000 0.5503
8908.3000 0.5505
8910.0000 0.5507
8912.2000 0.5509
8932.5000 0.5510
8933.3000 0.5512
8933.4000 0.5514
8935.7000 0.5516
8946.8000 0.5517
8955.4000 0.5519
8958.6000 0.5521
8979.8000 0.5523
8985.5000 0.5524
8992.7000 0.5526
9000.9000 0.5528
9008.8000 0.5530
9010.1000 0.5531
9012.4000 0.5533
9018.2000 0.5535
9025.3000 0.5536
9041.9000 0.5538
9046.5000 0.5540
9049.3000 0.5542
9050.0000 0.5543
9061.1000 0.5545
9061.2000 0.5547
9067.6000 0.5549
9082.6000 0.5550
9082.6000 0.5552
9085.4000 0.5554
9093.1000 0.5556
9097.3000 0.5557
9098.1000 0.5559
9102.5000 0.5561
9107.7000 0.5563
9110.2000 0.5564
9110.7000 0.5566
9111.7000 0.5568
9113.7000 0.5569
9114.2000 0.5571
9129.9000 0.5573
9132.9000 0.5575
9136.3000 0.5576
9137.8000 0.5578
9138.3000 0.5580
9139.4000 0.5582
9144.9000 0.5583
9145.7000 0.5585
9149.9000 0.5587
9155.6000 0.5589
9162.7000 0.5590
9164.9000 0.5592
9165.8000 0.5594
9173.9000 0.5595
9174.4000 0.5597
9180.4000 0.5599
9208.9000 0.5601
9213.0000 0.5602
9234.5000 0.5604
9235.5000 0.5606
9239.7000 0.5608
9242.5000 0.5609
9244.0000 0.5611
9248.3000 0.5613
9249.6000 0.5615
9262.6000 0.5616
9269.5000 0.5618
9273.0000 0.5620
9273.2000 0.5622
9281.4000 0.5623
9283.9000 0.5625
9313.0000 0.5627
9315.7000 0.5628
9318.9000 0.5630
9327.3000 0.5632
9334.2000 0.5634
9340.9000 0.5635
9343.2000 0.5637
9346.1000 0.5639
9355.5000 0.5641
9363.3000 0.5642
9365.2000 0.5644
9366.3000 0.5646
9366.7000 0.5648
9371.2000 0.5649
9377.5000 0.5651
9377.6000 0.5653
9383.9000 0.5655
9392.7000 0.5656
9397.3000 0.5658
9399.9000 0.5660
9406.7000 0.5661
9415.9000 0.5663
9420.9000 0.5665
9433.8000 0.5667
9433.9000 0.5668
9440.9000 0.5670
9441.8000 0.5672
9446.9000 0.5674
9447.9000 0.5675
9449.5000 0.5677
9461.3000 0.5679
9465.4000 0.5681
9480.0000 0.5682
9485.5000 0.5684
9487.9000 0.5686
9502.7000 0.5688
9504.7000 0.5689
9505.1000 0.5691
9512.8000 0.5693
9532.6000 0.5694
9536.2000 0.5696
9546.4000 0.5698
9546.7000 0.5700
9557.2000 0.5701
9563.6000 0.5703
9572.2000 0.5705
9576.9000 0.5707
9584.9000 0.5708
9588.7000 0.5710
9595.5000 0.5712
9604.5000 0.5714
9620.7000 0.5715
9645.1000 0.5717
9646.4000 0.5719
9649.9000 0.5720
9652.1000 0.5722
9656.2000 0.5724
9659.4000 0.5726
9670.8000 0.5727
9671.9000 0.5729
9671.9000 0.5731
9693.2000 0.5733
9695.4000 0.5734
9696.7000 0.5736
9696.7000 0.5738
9697.2000 0.5740
9698.5000 0.5741
9702.2000 0.5743
9708.3000 0.5745
9709.2000 0.5747
9711.9000 0.5748
9713.7000 0.5750
9725.7000 0.5752
9729.1000 0.5753
9729.5000 0.5755
9743.6000 0.5757
9747.3000 0.5759
9750.5000 0.5760
9752.9000 0.5762
9758.9000 0.5764
9762.0000 0.5766
9776.5000 0.5767
9781.7000 0.5769
9791.5000 0.5771
9791.7000 0.5773
9801.8000 0.5774
9804.6000 0.5776
9807.7000 0.5778
9814.1000 0.5780
9818.5000 0.5781
9849.5000 0.5783
9851.1000 0.5785
9853.6000 0.5786
9854.8000 0.5788
9870.2000 0.5790
9870.3000 0.5792
9880.1000 0.5793
9883.0000 0.5795
9883.1000 0.5797
9884.2000 0.5799
9893.7000 0.5800
9894.2000 0.5802
9899.3000 0.5804
9900.1000 0.5806
9902.7000 0.5807
9908.6000 0.5809
9910.3000 0.5811
9913.8000 0.5813
9915.5000 0.5814
9923.2000 0.5816
9928.3000 0.5818
9937.9000 0.5819
9949.3000 0.5821
9949.7000 0.5823
9962.5000 0.5825
9963.2000 0.5826
9969.0000 0.5828
9970.1000 0.5830
9972.8000 0.5832
9986.5000 0.5833
10006.5000 0.5835
10010.2000 0.5837
10017.6000 0.5839
10028.0000 0.5840
10029.9000 0.5842
10045.4000 0.5844
10048.1000 0.5845
10052.5000 0.5847
10061.3000 0.5849
10071.0000 0.5851
10071.8000 0.5852
10073.3000 0.5854
10076.7000 0.5856
10077.5000 0.5858
10079.9000 0.5859
10089.4000 0.5861
10090.9000 0.5863
10106.9000 0.5865
10110.2000 0.5866
10118.8000 0.5868
10125.7000 0.5870
10126.2000 0.5872
10129.2000 0.5873
10132.0000 0.5875
10133.7000 0.5877
10137.7000 0.5878
10140.4000 0.5880
10140.8000 0.5882
10156.7000 0.5884
10163.9000 0.5885
10164.2000 0.5887
10168.2000 0.5889
10170.7000 0.5891
10171.2000 0.5892
10175.1000 0.5894
10175.4000 0.5896
10182.7000 0.5898
10184.8000 0.5899
10185.8000 0.5901
10186.4000 0.5903
10192.7000 0.5905
10197.9000 0.5906
10200.4000 0.5908
10206.5000 0.5910
10210.4000 0.5911
10218.9000 0.5913
10219.3000 0.5915
10222.7000 0.5917
10227.7000 0.5918
10229.8000 0.5920
10230.0000 0.5922
10230.3000 0.5924
10230.6000 0.5925
10235.2000 0.5927
10236.9000 0.5929
10242.1000 0.5931
10247.1000 0.5932
10252.1000 0.5934
10254.1000 0.5936
10256.2000 0.5938
10259.6000 0.5939
10274.5000 0.5941
10276.7000 0.5943
10284.5000 0.5944
10292.1000 0.5946
10293.9000 0.5948
10295.0000 0.5950
10298.5000 0.5951
10299.2000 0.5953
10302.3000 0.5955
10308.8000 0.5957
10311.6000 0.5958
10321.9000 0.5960
10322.2000 0.5962
10330.6000 0.5964
10331.0000 0.5965
10332.9000 0.5967
10337.1000 0.5969
10346.0000 0.5970
10350.3000 0.5972
10351.8000 0.5974
10351.8000 0.5976
10352.9000 0.5977
10355.4000 0.5979
10356.8000 0.5981
10369.2000 0.5983
10369.4000 0.5984
10373.7000 0.5986
10375.6000 0.5988
10376.6000 0.5990
10382.2000 0.5991
10387.1000 0.5993
10390.6000 0.5995
10392.4000 0.5997
10404.1000 0.5998
10409.8000 0.6000
10411.7000 0.6002
10416.8000 0.6003
10417.2000 0.6005
10417.7000 0.6007
10425.4000 0.6009
10431.7000 0.6010
10431.9000 0.6012
10432.5000 0.6014
10445.1000 0.6016
10448.7000 0.6017
10450.4000 0.6019
10459.0000 0.6021
10465.2000 0.6023
10469.6000 0.6024
10478.5000 0.6026
10479.9000 0.6028
10482.7000 0.6030
10484.1000 0.6031
10485.4000 0.6033
10486.8000 0.6035
10490.0000 0.6036
10493.5000 0.6038
10499.9000 0.6040
10505.1000 0.6042
10506.3000 0.6043
10520.7000 0.6045
10521.3000 0.6047
10527.9000 0.6049
10533.3000 0.6050
10535.1000 0.6052
10546.8000 0.6054
10553.1000 0.6056
10559.1000 0.6057
10565.5000 0.6059
10573.6000 0.6061
10578.7000 0.6063
10594.3000 0.6064
10606.1000 0.6066
10612.2000 0.6068
10631.7000 0.6069
10636.7000 0.6071
10637.3000 0.6073
10638.6000 0.6075
10639.0000 0.6076
10648.7000 0.6078
10658.1000 0.6080
10660.7000 0.6082
10671.4000 0.6083
10674.9000 0.6085
10678.4000 0.6087
10680.3000 0.6089
10683.5000 0.6090
10689.0000 0.6092
10691.3000 0.6094
10697.9000 0.6095
10700.8000 0.6097
10701.3000 0.6099
10703.2000 0.6101
10705.3000 0.6102
10718.8000 0.6104
10719.8000 0.6106
10744.4000 0.6108
10751.0000 0.6109
10754.7000 0.6111
10756.9000 0.6113
10767.3000 0.6115
10769.1000 0.6116
10769.3000 0.6118
10773.7000 0.6120
10774.7000 0.6122
10780.7000 0.6123
10787.8000 0.6125
10788.0000 0.6127
10803.5000 0.6128
10809.0000 0.6130
10815.2000 0.6132
10817.2000 0.6134
10817.5000 0.6135
10818.9000 0.6137
10820.2000 0.6139
10823.9000 0.6141
10828.9000 0.6142
10831.5000 0.6144
10838.9000 0.6146
10840.9000 0.6148
10847.9000 0.6149
10849.1000 0.6151
10849.8000 0.6153
10851.4000 0.6155
10856.0000 0.6156
10876.1000 0.6158
10886.6000 0.6160
10887.5000 0.6161
10899.0000 0.6163
10899.5000 0.6165
10916.7000 0.6167
10933.1000 0.6168
10936.5000 0.6170
10938.3000 0.6172
10938.5000 0.6174
10941.3000 0.6175
10941.9000 0.6177
10947.0000 0.6179
10948.8000 0.6181
10950.3000 0.6182
10954.7000 0.6184
10956.4000 0.6186
10960.9000 0.6188
10964.2000 0.6189
10964.4000 0.6191
10983.2000 0.6193
10988.6000 0.6194
10991.0000 0.6196
10999.3000 0.6198
11001.7000 0.6200
11007.0000 0.6201
11019.0000 0.6203
11020.4000 0.6205
11022.7000 0.6207
11023.7000 0.6208
11024.2000 0.6210
11024.8000 0.6212
11025.3000 0.6214
11026.7000 0.6215
11027.7000 0.6217
11031.6000 0.6219
11032.8000 0.6220
11033.3000 0.6222
11047.2000 0.6224
11053.3000 0.6226
11055.4000 0.6227
11060.5000 0.6229
11066.0000 0.6231
11066.1000 0.6233
11075.6000 0.6234
11079.3000 0.6236
11080.8000 0.6238
11085.5000 0.6240
11086.3000 0.6241
11088.7000 0.6243
11091.7000 0.6245
11093.5000 0.6247
11095.1000 0.6248
11099.8000 0.6250
11101.7000 0.6252
11102.8000 0.6253
11121.6000 0.6255
11126.5000 0.6257
11127.6000 0.6259
11133.5000 0.6260
11141.5000 0.6262
11146.2000 0.6264
11152.8000 0.6266
11152.8000 0.6267
11161.7000 0.6269
11162.4000 0.6271
11176.9000 0.6273
11178.1000 0.6274
11180.5000 0.6276
11195.3000 0.6278
11196.3000 0.6280
11203.8000 0.6281
11208.9000 0.6283
11209.4000 0.6285
11213.7000 0.6286
11228.9000 0.6288
11233.5000 0.6290
11234.9000 0.6292
11242.0000 0.6293
11242.9000 0.6295
11243.4000 0.6297
11250.2000 0.6299
11278.1000 0.6300
11286.2000 0.6302
11290.8000 0.6304
11308.7000 0.6306
11308.7000 0.6307
11311.7000 0.6309
11312.1000 0.6311
11324.0000 0.6313
11326.0000 0.6314
11326.1000 0.6316
11332.3000 0.6318
11333.9000 0.6319
11334.8000 0.6321
11357.7000 0.6323
11374.7000 0.6325
11379.8000 0.6326
11382.8000 0.6328
11384.1000 0.6330
11389.1000 0.6332
11389.8000 0.6333
11391.2000 0.6335
11395.5000 0.6337
11395.8000 0.6339
11405.5000 0.6340
11419.5000 0.6342
11420.9000 0.6344
11422.5000 0.6345
11424.6000 0.6347
11426.5000 0.6349
11426.7000 0.6351
11429.4000 0.6352
11432.2000 0.6354
11436.5000 0.6356
11442.3000 0.6358
11447.4000 0.6359
11449.8000 0.6361
11457.7000 0.6363
11468.3000 0.6365
11472.3000 0.6366
11487.0000 0.6368
11489.2000 0.6370
11501.7000 0.6372
11513.1000 0.6373
11517.3000 0.6375
11518.9000 0.6377
11529.0000 0.6378
11537.8000 0.6380
11542.7000 0.6382
11544.4000 0.6384
11547.7000 0.6385
11557.3000 0.6387
11559.8000 0.6389
11565.2000 0.6391
11573.9000 0.6392
11575.4000 0.6394
11578.1000 0.6396
11586.3000 0.6398
11591.1000 0.6399
11591.4000 0.6401
11600.0000 0.6403
11604.4000 0.6405
11609.7000 0.6406
11611.6000 0.6408
11614.5000 0.6410
11616.5000 0.6411
11623.2000 0.6413
11629.5000 0.6415
11633.5000 0.6417
11634.3000 0.6418
11634.6000 0.6420
11636.7000 0.6422
11641.2000 0.6424
11641.6000 0.6425
11664.1000 0.6427
11686.4000 0.6429
11690.7000 0.6431
11691.9000 0.6432
11700.5000 0.6434
11701.7000 0.6436
11707.7000 0.6438
11733.7000 0.6439
11735.8000 0.6441
11742.7000 0.6443
11747.9000 0.6444
11751.3000 0.6446
11753.1000 0.6448
11760.6000 0.6450
11761.6000 0.6451
11766.9000 0.6453
11769.3000 0.6455
11769.7000 0.6457
11772.0000 0.6458
11783.6000 0.6460
11784.4000 0.6462
11787.3000 0.6464
11789.6000 0.6465
11792.7000 0.6467
11799.1000 0.6469
11799.6000 0.6470
11808.5000 0.6472
11819.0000 0.6474
11833.6000 0.6476
11833.8000 0.6477
11835.4000 0.6479
11850.2000 0.6481
11857.9000 0.6483
11869.0000 0.6484
11877.1000 0.6486
11880.6000 0.6488
11887.8000 0.6490
11890.0000 0.6491
11896.0000 0.6493
11897.0000 0.6495
11900.7000 0.6497
11908.4000 0.6498
11923.3000 0.6500
11940.3000 0.6502
11946.2000 0.6503
11950.2000 0.6505
11952.9000 0.6507
11958.8000 0.6509
11970.5000 0.6510
11976.3000 0.6512
11979.4000 0.6514
11981.0000 0.6516
11983.3000 0.6517
11988.0000 0.6519
11998.4000 0.6521
12007.1000 0.6523
12009.5000 0.6524
12011.1000 0.6526
12012.7000 0.6528
12017.4000 0.6530
12017.7000 0.6531
12037.4000 0.6533
12040.2000 0.6535
12041.4000 0.6536
12045.3000 0.6538
12061.9000 0.6540
12062.1000 0.6542
12062.7000 0.6543
12064.6000 0.6545
12064.6000 0.6547
12065.4000 0.6549
12068.4000 0.6550
12070.6000 0.6552
12077.5000 0.6554
12089.2000 0.6556
12091.2000 0.6557
12094.5000 0.6559
12095.9000 0.6561
12098.7000 0.6563
12101.7000 0.6564
12102.6000 0.6566
12102.9000 0.6568
12113.1000 0.6569
12115.4000 0.6571
12117.1000 0.6573
12120.5000 0.6575
12126.4000 0.6576
12126.4000 0.6578
12128.2000 0.6580
12128.3000 0.6582
12133.1000 0.6583
12141.5000 0.6585
12149.6000 0.6587
12151.3000 0.6589
12152.9000 0.6590
12158.4000 0.6592
12158.5000 0.6594
12163.3000 0.6595
12166.0000 0.6597
12169.7000 0.6599
12185.1000 0.6601
12188.8000 0.6602
12191.8000 0.6604
12205.5000 0.6606
12213.5000 0.6608
12224.1000 0.6609
12230.3000 0.6611
12233.9000 0.6613
12255.4000 0.6615
12257.3000 0.6616
12266.2000 0.6618
12281.0000 0.6620
12283.8000 0.6622
12285.0000 0.6623
12299.3000 0.6625
12306.4000 0.6627
12317.2000 0.6628
12317.7000 0.6630
12319.8000 0.6632
12322.3000 0.6634
12322.9000 0.6635
12324.0000 0.6637
12325.6000 0.6639
12330.1000 0.6641
12337.3000 0.6642
12341.1000 0.6644
12355.2000 0.6646
12357.7000 0.6648
12366.9000 0.6649
12378.5000 0.6651
12381.3000 0.6653
12391.5000 0.6655
12393.4000 0.6656
12394.9000 0.6658
12398.3000 0.6660
12418.0000 0.6661
12418.3000 0.6663
12423.7000 0.6665
12425.3000 0.6667
12430.9000 0.6668
12431.8000 0.6670
12433.1000 0.6672
12436.4000 0.6674
12441.1000 0.6675
12443.5000 0.6677
12447.9000 0.6679
12451.1000 0.6681
12457.5000 0.6682
12468.2000 0.6684
12472.5000 0.6686
12475.2000 0.6688
12475.5000 0.6689
12495.6000 0.6691
12497.1000 0.6693
12498.1000 0.6694
12501.9000 0.6696
12502.1000 0.6698
12503.4000 0.6700
12505.5000 0.6701
12511.4000 0.6703
12511.6000 0.6705
12513.8000 0.6707
12522.4000 0.6708
12522.8000 0.6710
12538.7000 0.6712
12541.2000 0.6714
12547.5000 0.6715
12551.7000 0.6717
12552.0000 0.6719
12552.1000 0.6720
12553.4000 0.6722
12553.7000 0.6724
12556.8000 0.6726
12557.3000 0.6727
12562.0000 0.6729
12563.6000 0.6731
12564.9000 0.6733
12587.9000 0.6734
12590.1000 0.6736
12590.6000 0.6738
12593.3000 0.6740
12593.5000 0.6741
12602.2000 0.6743
12603.5000 0.6745
12605.8000 0.6747
12611.0000 0.6748
12612.3000 0.6750
12614.3000 0.6752
12617.7000 0.6753
12622.9000 0.6755
12626.2000 0.6757
12629.8000 0.6759
12649.2000 0.6760
12650.2000 0.6762
12654.8000 0.6764
12658.7000 0.6766
12658.8000 0.6767
12668.4000 0.6769
12668.7000 0.6771
12671.2000 0.6773
12671.8000 0.6774
12674.3000 0.6776
12683.1000 0.6778
12683.3000 0.6780
12684.3000 0.6781
12684.9000 0.6783
12685.8000 0.6785
12686.1000 0.6786
12689.4000 0.6788
12709.8000 0.6790
12726.5000 0.6792
12727.1000 0.6793
12727.3000 0.6795
12732.1000 0.6797
12746.3000 0.6799
12757.4000 0.6800
12759.7000 0.6802
12762.5000 0.6804
12763.8000 0.6806
12772.4000 0.6807
12773.9000 0.6809
12780.5000 0.6811
12795.8000 0.6813
12796.3000 0.6814
12804.5000 0.6816
12806.9000 0.6818
12809.5000 0.6819
12819.4000 0.6821
12820.2000 0.6823
12821.6000 0.6825
12825.2000 0.6826
12825.9000 0.6828
12828.7000 0.6830
12833.3000 0.6832
12835.9000 0.6833
12838.4000 0.6835
12839.5000 0.6837
12846.0000 0.6839
12856.9000 0.6840
12880.7000 0.6842
12892.3000 0.6844
12892.8000 0.6845
12904.3000 0.6847
12907.1000 0.6849
12913.1000 0.6851
12918.2000 0.6852
12924.5000 0.6854
12924.8000 0.6856
12933.3000 0.6858
12935.8000 0.6859
12937.2000 0.6861
12942.9000 0.6863
12944.2000 0.6865
12944.3000 0.6866
12948.7000 0.6868
12960.7000 0.6870
12969.3000 0.6872
12973.0000 0.6873
12975.9000 0.6875
12976.2000 0.6877
12980.8000 0.6878
12986.0000 0.6880
12986.1000 0.6882
12990.6000 0.6884
13002.9000 0.6885
13010.7000 0.6887
13014.8000 0.6889
13016.5000 0.6891
13023.1000 0.6892
13029.8000 0.6894
13034.5000 0.6896
13036.5000 0.6898
13052.1000 0.6899
13054.2000 0.6901
13056.9000 0.6903
13057.6000 0.6905
13062.1000 0.6906
13063.0000 0.6908
13065.1000 0.6910
13071.8000 0.6911
13081.4000 0.6913
13083.4000 0.6915
13084.2000 0.6917
13084.4000 0.6918
13093.1000 0.6920
13094.4000 0.6922
13097.6000 0.6924
13108.3000 0.6925
13125.3000 0.6927
13133.3000 0.6929
13141.4000 0.6931
13143.7000 0.6932
13147.4000 0.6934
13150.4000 0.6936
13151.4000 0.6938
13151.9000 0.6939
13154.4000 0.6941
13154.8000 0.6943
13154.9000 0.6944
13155.7000 0.6946
13156.9000 0.6948
13156.9000 0.6950
13157.2000 0.6951
13162.6000 0.6953
13168.5000 0.6955
13169.5000 0.6957
13179.2000 0.6958
13179.2000 0.6960
13179.5000 0.6962
13185.1000 0.6964
13187.9000 0.6965
13193.9000 0.6967
13195.4000 0.6969
13195.9000 0.6970
13196.9000 0.6972
13203.1000 0.6974
13210.4000 0.6976
13223.4000 0.6977
13225.5000 0.6979
13228.2000 0.6981
13235.4000 0.6983
13241.5000 0.6984
13246.0000 0.6986
13247.5000 0.6988
13247.9000 0.6990
13252.3000 0.6991
13253.5000 0.6993
13261.6000 0.6995
13270.7000 0.6997
13278.5000 0.6998
13279.0000 0.7000
13280.2000 0.7002
13286.6000 0.7003
13289.3000 0.7005
13294.7000 0.7007
13296.5000 0.7009
13299.1000 0.7010
13300.0000 0.7012
13301.1000 0.7014
13304.8000 0.7016
13307.3000 0.7017
13313.2000 0.7019
13315.8000 0.7021
13318.7000 0.7023
13320.3000 0.7024
13328.1000 0.7026
13330.2000 0.7028
13331.9000 0.7030
13334.1000 0.7031
13337.3000 0.7033
13340.0000 0.7035
13344.1000 0.7036
13352.5000 0.7038
13357.5000 0.7040
13359.0000 0.7042
13365.6000 0.7043
13369.1000 0.7045
13379.1000 0.7047
13380.0000 0.7049
13381.7000 0.7050
13382.3000 0.7052
13384.5000 0.7054
13385.6000 0.7056
13389.8000 0.7057
13392.9000 0.7059
13395.1000 0.7061
13398.6000 0.7063
13403.1000 0.7064
13409.4000 0.7066
13409.9000 0.7068
13410.6000 0.7069
13413.7000 0.7071
13416.0000 0.7073
13419.1000 0.7075
13427.2000 0.7076
13444.2000 0.7078
13444.3000 0.7080
13449.7000 0.7082
13455.6000 0.7083
13457.3000 0.7085
13468.9000 0.7087
13470.4000 0.7089
13479.1000 0.7090
13483.4000 0.7092
13483.8000 0.7094
13490.1000 0.7095
13492.2000 0.7097
13500.3000 0.7099
13509.2000 0.7101
13512.6000 0.7102
13523.6000 0.7104
13525.4000 0.7106
13526.2000 0.7108
13538.7000 0.7109
13552.6000 0.7111
13557.1000 0.7113
13562.8000 0.7115
13563.4000 0.7116
13565.7000 0.7118
13569.5000 0.7120
13569.9000 0.7122
13591.5000 0.7123
13594.8000 0.7125
13598.3000 0.7127
13604.8000 0.7128
13613.2000 0.7130
13615.9000 0.7132
13616.9000 0.7134
13620.1000 0.7135
13623.6000 0.7137
13625.4000 0.7139
13637.4000 0.7141
13639.8000 0.7142
13641.6000 0.7144
13666.1000 0.7146
13676.3000 0.7148
13681.0000 0.7149
13682.9000 0.7151
13685.5000 0.7153
13688.1000 0.7155
13689.3000 0.7156
13699.2000 0.7158
13714.3000 0.7160
13718.4000 0.7161
13718.5000 0.7163
13718.5000 0.7165
13722.2000 0.7167
13726.5000 0.7168
13728.8000 0.7170
13730.3000 0.7172
13738.6000 0.7174
13743.5000 0.7175
13744.6000 0.7177
13745.9000 0.7179
13748.5000 0.7181
13749.4000 0.7182
13753.5000 0.7184
13754.0000 0.7186
13761.6000 0.7188
13769.0000 0.7189
13771.8000 0.7191
13791.2000 0.7193
13798.7000 0.7194
13800.5000 0.7196
13805.7000 0.7198
13808.8000 0.7200
13822.1000 0.7201
13827.7000 0.7203
13840.9000 0.7205
13850.5000 0.7207
13852.5000 0.7208
13855.9000 0.7210
13860.6000 0.7212
13862.3000 0.7214
13863.2000 0.7215
13865.4000 0.7217
13865.6000 0.7219
13874.6000 0.7220
13877.3000 0.7222
13884.5000 0.7224
13893.7000 0.7226
13899.9000 0.7227
13903.8000 0.7229
13915.1000 0.7231
13916.7000 0.7233
13918.6000 0.7234
13928.8000 0.7236
13932.8000 0.7238
13949.4000 0.7240
13955.7000 0.7241
13962.4000 0.7243
13963.6000 0.7245
13970.0000 0.7247
13970.8000 0.7248
13977.1000 0.7250
13980.8000 0.7252
13985.8000 0.7253
14002.7000 0.7255
14003.1000 0.7257
14003.8000 0.7259
14012.1000 0.7260
14020.8000 0.7262
14028.4000 0.7264
14029.7000 0.7266
14032.0000 0.7267
14035.1000 0.7269
14043.3000 0.7271
14061.3000 0.7273
14065.3000 0.7274
14068.5000 0.7276
14073.5000 0.7278
14081.8000 0.7280
14083.6000 0.7281
14087.4000 0.7283
14092.0000 0.7285
14097.6000 0.7286
14103.0000 0.7288
14108.8000 0.7290
14111.5000 0.7292
14112.6000 0.7293
14113.8000 0.7295
14114.1000 0.7297
14115.6000 0.7299
14128.2000 0.7300
14130.5000 0.7302
14131.1000 0.7304
14133.3000 0.7306
14136.4000 0.7307
14145.0000 0.7309
14151.3000 0.7311
14157.3000 0.7313
14160.8000 0.7314
14164.4000 0.7316
14168.9000 0.7318
14171.7000 0.7319
14182.5000 0.7321
14194.7000 0.7323
14195.8000 0.7325
14200.3000 0.7326
14208.0000 0.7328
14208.1000 0.7330
14213.2000 0.7332
14214.1000 0.7333
14217.3000 0.7335
14221.9000 0.7337
14240.5000 0.7339
14246.2000 0.7340
14255.5000 0.7342
14260.9000 0.7344
14274.7000 0.7345
14288.7000 0.7347
14289.6000 0.7349
14289.6000 0.7351
14290.3000 0.7352
14292.6000 0.7354
14295.8000 0.7356
14297.2000 0.7358
14297.5000 0.7359
14297.6000 0.7361
14304.9000 0.7363
14306.9000 0.7365
14307.7000 0.7366
14311.9000 0.7368
14321.7000 0.7370
14321.8000 0.7372
14324.9000 0.7373
14326.2000 0.7375
14334.9000 0.7377
14359.9000 0.7378
14361.3000 0.7380
14367.9000 0.7382
14371.2000 0.7384
14371.5000 0.7385
14372.0000 0.7387
14384.1000 0.7389
14387.0000 0.7391
14387.1000 0.7392
14387.6000 0.7394
14392.8000 0.7396
14394.8000 0.7398
14395.1000 0.7399
14401.4000 0.7401
14401.7000 0.7403
14405.9000 0.7405
14407.1000 0.7406
14410.3000 0.7408
14418.7000 0.7410
14423.4000 0.7411
14442.5000 0.7413
14446.4000 0.7415
14458.2000 0.7417
14470.0000 0.7418
14473.1000 0.7420
14479.4000 0.7422
14484.9000 0.7424
14488.0000 0.7425
14495.5000 0.7427
14499.5000 0.7429
14502.7000 0.7431
14505.0000 0.7432
14519.3000 0.7434
14525.6000 0.7436
14526.6000 0.7438
14527.8000 0.7439
14534.6000 0.7441
14539.1000 0.7443
14539.4000 0.7444
14545.6000 0.7446
14546.3000 0.7448
14547.9000 0.7450
14549.7000 0.7451
14554.0000 0.7453
14560.5000 0.7455
14563.4000 0.7457
14580.4000 0.7458
14580.5000 0.7460
14584.0000 0.7462
14584.4000 0.7464
14596.0000 0.7465
14599.1000 0.7467
14613.8000 0.7469
14618.9000 0.7470
14628.8000 0.7472
14629.9000 0.7474
14635.6000 0.7476
14637.9000 0.7477
14639.8000 0.7479
14642.1000 0.7481
14647.8000 0.7483
14656.5000 0.7484
14661.3000 0.7486
14663.7000 0.7488
14666.3000 0.7490
14667.3000 0.7491
14667.7000 0.7493
14671.8000 0.7495
14673.7000 0.7497
14684.4000 0.7498
14689.2000 0.7500
14689.2000 0.7502
14690.2000 0.7503
14691.0000 0.7505
14704.0000 0.7507
14708.0000 0.7509
14717.8000 0.7510
14719.3000 0.7512
14725.3000 0.7514
14728.7000 0.7516
14732.3000 0.7517
14738.0000 0.7519
14738.5000 0.7521
14743.0000 0.7523
14752.0000 0.7524
14788.8000 0.7526
14792.6000 0.7528
14795.4000 0.7530
14801.0000 0.7531
14805.6000 0.7533
14806.2000 0.7535
14807.3000 0.7536
14807.8000 0.7538
14808.6000 0.7540
14808.8000 0.7542
14810.6000 0.7543
14828.2000 0.7545
14830.1000 0.7547
14830.1000 0.7549
14836.0000 0.7550
14840.8000 0.7552
14845.1000 0.7554
14850.1000 0.7556
14852.3000 0.7557
14867.8000 0.7559
14875.3000 0.7561
14880.8000 0.7563
14881.3000 0.7564
14884.7000 0.7566
14888.0000 0.7568
14897.9000 0.7569
14901.9000 0.7571
14906.0000 0.7573
14917.6000 0.7575
14918.8000 0.7576
14928.1000 0.7578
14932.6000 0.7580
14938.1000 0.7582
14940.0000 0.7583
14950.2000 0.7585
14968.2000 0.7587
14973.6000 0.7589
14974.5000 0.7590
14984.8000 0.7592
14989.9000 0.7594
14992.7000 0.7595
14996.6000 0.7597
14998.8000 0.7599
15003.0000 0.7601
15009.0000 0.7602
15010.8000 0.7604
15011.7000 0.7606
15021.5000 0.7608
15026.1000 0.7609
15031.1000 0.7611
15040.4000 0.7613
15047.4000 0.7615
15049.1000 0.7616
15051.3000 0.7618
15059.9000 0.7620
15074.6000 0.7622
15079.7000 0.7623
15105.7000 0.7625
15105.9000 0.7627
15106.5000 0.7628
15111.1000 0.7630
15123.9000 0.7632
15127.0000 0.7634
15130.4000 0.7635
15135.1000 0.7637
15151.1000 0.7639
15151.5000 0.7641
15169.3000 0.7642
15174.6000 0.7644
15187.3000 0.7646
15191.8000 0.7648
15196.7000 0.7649
15205.4000 0.7651
15208.4000 0.7653
15209.9000 0.7655
15211.6000 0.7656
15214.9000 0.7658
15216.6000 0.7660
15220.0000 0.7661
15224.0000 0.7663
15227.1000 0.7665
15227.5000 0.7667
15227.7000 0.7668
15228.1000 0.7670
15231.6000 0.7672
15232.5000 0.7674
15241.2000 0.7675
15247.7000 0.7677
15255.1000 0.7679
15265.2000 0.7681
15266.7000 0.7682
15269.9000 0.7684
15276.8000 0.7686
15277.3000 0.7688
15279.0000 0.7689
15287.4000 0.7691
15296.0000 0.7693
15296.1000 0.7694
15299.1000 0.7696
15302.3000 0.7698
15327.9000 0.7700
15328.1000 0.7701
15334.6000 0.7703
15340.6000 0.7705
15349.9000 0.7707
15354.3000 0.7708
15358.3000 0.7710
15360.3000 0.7712
15381.3000 0.7714
15387.5000 0.7715
15389.2000 0.7717
15389.6000 0.7719
15393.6000 0.7720
15395.2000 0.7722
15405.6000 0.7724
15422.9000 0.7726
15422.9000 0.7727
15428.4000 0.7729
15434.7000 0.7731
15439.2000 0.7733
15441.9000 0.7734
15447.5000 0.7736
15448.9000 0.7738
15456.9000 0.7740
15458.2000 0.7741
15467.3000 0.7743
15469.0000 0.7745
15474.0000 0.7747
15480.9000 0.7748
15481.2000 0.7750
15481.4000 0.7752
15485.1000 0.7753
15490.2000 0.7755
15493.2000 0.7757
15497.1000 0.7759
15504.8000 0.7760
15515.2000 0.7762
15516.4000 0.7764
15520.2000 0.7766
15521.1000 0.7767
15521.2000 0.7769
15525.7000 0.7771
15525.9000 0.7773
15532.3000 0.7774
15535.8000 0.7776
15543.2000 0.7778
15548.1000 0.7780
15549.0000 0.7781
15551.0000 0.7783
15552.2000 0.7785
15552.3000 0.7786
15558.1000 0.7788
15558.9000 0.7790
15563.1000 0.7792
15564.5000 0.7793
15581.8000 0.7795
15585.5000 0.7797
15587.0000 0.7799
15587.5000 0.7800
15592.6000 0.7802
15600.6000 0.7804
15623.7000 0.7806
15633.6000 0.7807
15636.4000 0.7809
15644.6000 0.7811
15652.5000 0.7813
15653.3000 0.7814
15669.8000 0.7816
15679.0000 0.7818
15684.1000 0.7819
15685.5000 0.7821
15687.6000 0.7823
15690.3000 0.7825
15691.4000 0.7826
15696.9000 0.7828
15701.1000 0.7830
15704.6000 0.7832
15712.3000 0.7833
15714.0000 0.7835
15718.9000 0.7837
15719.5000 0.7839
15721.5000 0.7840
15729.1000 0.7842
15736.4000 0.7844
15741.4000 0.7845
15745.1000 0.7847
15747.1000 0.7849
15752.1000 0.7851
15757.0000 0.7852
15764.7000 0.7854
15768.3000 0.7856
15772.3000 0.7858
15777.3000 0.7859
15790.4000 0.7861
15790.5000 0.7863
15791.4000 0.7865
15802.5000 0.7866
15809.3000 0.7868
15813.9000 0.7870
15815.3000 0.7872
15815.6000 0.7873
15816.0000 0.7875
15817.7000 0.7877
15819.7000 0.7878
15823.1000 0.7880
15827.7000 0.7882
15839.7000 0.7884
15846.5000 0.7885
15850.0000 0.7887
15873.7000 0.7889
15875.7000 0.7891
15885.1000 0.7892
15891.4000 0.7894
15903.1000 0.7896
15903.4000 0.7898
15914.7000 0.7899
15916.8000 0.7901
15922.4000 0.7903
15924.1000 0.7905
15935.1000 0.7906
15935.6000 0.7908
15938.4000 0.7910
15951.2000 0.7911
15958.9000 0.7913
15961.9000 0.7915
15962.1000 0.7917
15971.4000 0.7918
15972.2000 0.7920
15976.0000 0.7922
15980.7000 0.7924
15989.7000 0.7925
15990.7000 0.7927
15993.6000 0.7929
15994.7000 0.7931
16002.3000 0.7932
16015.3000 0.7934
16021.3000 0.7936
16025.1000 0.7938
16031.4000 0.7939
16033.7000 0.7941
16037.1000 0.7943
16044.4000 0.7944
16046.9000 0.7946
16047.8000 0.7948
16053.6000 0.7950
16063.1000 0.7951
16082.2000 0.7953
16084.0000 0.7955
16084.5000 0.7957
16084.8000 0.7958
16100.7000 0.7960
16106.5000 0.7962
16114.4000 0.7964
16115.7000 0.7965
16116.5000 0.7967
16116.8000 0.7969
16121.4000 0.7970
16121.9000 0.7972
16124.4000 0.7974
16140.6000 0.7976
16142.0000 0.7977
16145.7000 0.7979
16146.5000 0.7981
16148.1000 0.7983
16149.5000 0.7984
16150.9000 0.7986
16151.7000 0.7988
16156.3000 0.7990
16156.9000 0.7991
16157.9000 0.7993
16177.5000 0.7995
16177.6000 0.7997
16184.7000 0.7998
16194.9000 0.8000
16199.4000 0.8002
16212.6000 0.8003
16213.3000 0.8005
16214.4000 0.8007
16217.0000 0.8009
16217.9000 0.8010
16219.1000 0.8012
16219.1000 0.8014
16223.7000 0.8016
16232.4000 0.8017
16236.1000 0.8019
16241.4000 0.8021
16244.7000 0.8023
16245.1000 0.8024
16249.0000 0.8026
16249.0000 0.8028
16250.1000 0.8030
16250.2000 0.8031
16262.3000 0.8033
16267.8000 0.8035
16270.0000 0.8036
16281.8000 0.8038
16282.7000 0.8040
16292.9000 0.8042
16292.9000 0.8043
16295.7000 0.8045
16295.8000 0.8047
16296.7000 0.8049
16297.0000 0.8050
16298.1000 0.8052
16303.6000 0.8054
16305.7000 0.8056
16305.9000 0.8057
16308.4000 0.8059
16317.8000 0.8061
16317.9000 0.8063
16324.6000 0.8064
16325.3000 0.8066
16325.4000 0.8068
16326.0000 0.8069
16331.9000 0.8071
16336.0000 0.8073
16339.1000 0.8075
16344.1000 0.8076
16344.4000 0.8078
16345.6000 0.8080
16354.6000 0.8082
16356.3000 0.8083
16357.3000 0.8085
16361.0000 0.8087
16363.4000 0.8089
16379.0000 0.8090
16380.3000 0.8092
16381.4000 0.8094
16381.5000 0.8095
16386.6000 0.8097
16392.9000 0.8099
16394.2000 0.8101
16397.5000 0.8102
16398.3000 0.8104
16403.5000 0.8106
16403.8000 0.8108
16406.0000 0.8109
16407.3000 0.8111
16409.5000 0.8113
16409.5000 0.8115
16414.3000 0.8116
16418.0000 0.8118
16422.4000 0.8120
16436.4000 0.8122
16440.7000 0.8123
16440.8000 0.8125
16451.2000 0.8127
16453.4000 0.8128
16457.1000 0.8130
16468.6000 0.8132
16477.7000 0.8134
16479.6000 0.8135
16495.0000 0.8137
16495.4000 0.8139
16498.8000 0.8141
16499.5000 0.8142
16499.7000 0.8144
16508.3000 0.8146
16514.1000 0.8148
16515.3000 0.8149
16524.3000 0.8151
16536.5000 0.8153
16541.8000 0.8155
16544.4000 0.8156
16546.2000 0.8158
16549.7000 0.8160
16553.3000 0.8161
16574.4000 0.8163
16575.0000 0.8165
16580.3000 0.8167
16582.2000 0.8168
16585.9000 0.8170
16586.7000 0.8172
16595.5000 0.8174
16597.3000 0.8175
16607.7000 0.8177
16608.9000 0.8179
16624.7000 0.8181
16627.4000 0.8182
16632.0000 0.8184
16640.2000 0.8186
16644.9000 0.8188
16645.3000 0.8189
16651.1000 0.8191
16667.8000 0.8193
16668.8000 0.8194
16670.0000 0.8196
16670.0000 0.8198
16673.4000 0.8200
16683.2000 0.8201
16686.8000 0.8203
16687.2000 0.8205
16697.0000 0.8207
16699.1000 0.8208
16699.2000 0.8210
16701.5000 0.8212
16704.4000 0.8214
16709.5000 0.8215
16709.6000 0.8217
16724.7000 0.8219
16727.7000 0.8220
16730.3000 0.8222
16737.8000 0.8224
16740.8000 0.8226
16753.2000 0.8227
16756.5000 0.8229
16757.9000 0.8231
16762.1000 0.8233
16765.3000 0.8234
16765.5000 0.8236
16772.0000 0.8238
16781.9000 0.8240
16791.8000 0.8241
16798.1000 0.8243
16813.0000 0.8245
16816.2000 0.8247
16832.6000 0.8248
16837.7000 0.8250
16847.7000 0.8252
16854.6000 0.8253
16859.3000 0.8255
16869.7000 0.8257
16881.3000 0.8259
16881.4000 0.8260
16886.9000 0.8262
16890.6000 0.8264
16897.5000 0.8266
16905.5000 0.8267
16908.1000 0.8269
16920.6000 0.8271
16929.4000 0.8273
16937.6000 0.8274
16948.0000 0.8276
16953.3000 0.8278
16963.6000 0.8280
16974.7000 0.8281
16980.7000 0.8283
16988.4000 0.8285
16996.3000 0.8286
16999.3000 0.8288
17007.8000 0.8290
17007.9000 0.8292
17016.0000 0.8293
17020.0000 0.8295
17031.5000 0.8297
17032.9000 0.8299
17036.5000 0.8300
17041.5000 0.8302
17042.1000 0.8304
17043.1000 0.8306
17045.0000 0.8307
17048.5000 0.8309
17059.6000 0.8311
17067.0000 0.8313
17067.0000 0.8314
17068.6000 0.8316
17072.9000 0.8318
17079.5000 0.8319
17084.7000 0.8321
17085.7000 0.8323
17090.2000 0.8325
17090.8000 0.8326
17094.1000 0.8328
17095.5000 0.8330
17098.3000 0.8332
17102.9000 0.8333
17123.9000 0.8335
17132.9000 0.8337
17134.4000 0.8339
17136.3000 0.8340
17137.4000 0.8342
17140.7000 0.8344
17167.9000 0.8345
17168.0000 0.8347
17170.5000 0.8349
17179.8000 0.8351
17190.6000 0.8352
17197.9000 0.8354
17198.0000 0.8356
17201.3000 0.8358
17201.8000 0.8359
17201.9000 0.8361
17201.9000 0.8363
17210.4000 0.8365
17210.4000 0.8366
17215.4000 0.8368
17227.7000 0.8370
17232.0000 0.8372
17233.5000 0.8373
17236.3000 0.8375
17244.3000 0.8377
17251.9000 0.8378
17253.4000 0.8380
17257.8000 0.8382
17263.9000 0.8384
17265.4000 0.8385
17268.4000 0.8387
17276.3000 0.8389
17278.2000 0.8391
17280.1000 0.8392
17282.8000 0.8394
17299.9000 0.8396
17304.5000 0.8398
17304.9000 0.8399
17315.3000 0.8401
17331.4000 0.8403
17333.8000 0.8405
17341.6000 0.8406
17344.7000 0.8408
17352.3000 0.8410
17356.2000 0.8411
17359.9000 0.8413
17370.2000 0.8415
17374.1000 0.8417
17374.5000 0.8418
17379.4000 0.8420
17388.3000 0.8422
17390.6000 0.8424
17398.3000 0.8425
17402.7000 0.8427
17404.2000 0.8429
17407.3000 0.8431
17418.0000 0.8432
17427.4000 0.8434
17430.8000 0.8436
17437.7000 0.8438
17438.2000 0.8439
17441.1000 0.8441
17442.9000 0.8443
17453.5000 0.8444
17462.4000 0.8446
17475.1000 0.8448
17483.3000 0.8450
17485.2000 0.8451
17493.9000 0.8453
17501.3000 0.8455
17507.1000 0.8457
17530.4000 0.8458
17555.5000 0.8460
17556.2000 0.8462
17556.6000 0.8464
17571.8000 0.8465
17574.3000 0.8467
17581.1000 0.8469
17607.5000 0.8470
17613.0000 0.8472
17614.5000 0.8474
17620.6000 0.8476
17627.1000 0.8477
17630.7000 0.8479
17631.3000 0.8481
17635.9000 0.8483
17638.5000 0.8484
17645.7000 0.8486
17650.8000 0.8488
17659.3000 0.8490
17660.0000 0.8491
17665.0000 0.8493
17665.1000 0.8495
17667.8000 0.8497
17670.8000 0.8498
17671.0000 0.8500
17675.4000 0.8502
17684.0000 0.8503
17688.9000 0.8505
17690.7000 0.8507
17691.2000 0.8509
17696.8000 0.8510
17702.5000 0.8512
17712.1000 0.8514
17716.2000 0.8516
17717.9000 0.8517
17721.8000 0.8519
17723.2000 0.8521
17732.7000 0.8523
17734.8000 0.8524
17741.2000 0.8526
17748.2000 0.8528
17751.1000 0.8530
17756.2000 0.8531
17762.6000 0.8533
17767.4000 0.8535
17795.6000 0.8536
17811.9000 0.8538
17814.0000 0.8540
17815.4000 0.8542
17827.2000 0.8543
17834.4000 0.8545
17848.7000 0.8547
17859.7000 0.8549
17861.4000 0.8550
17875.8000 0.8552
17879.8000 0.8554
17882.7000 0.8556
17883.0000 0.8557
17890.5000 0.8559
17891.0000 0.8561
17891.4000 0.8563
17893.6000 0.8564
17896.0000 0.8566
17905.6000 0.8568
17918.7000 0.8569
17922.9000 0.8571
17923.8000 0.8573
17944.7000 0.8575
17947.0000 0.8576
17947.2000 0.8578
17948.9000 0.8580
17950.3000 0.8582
17954.5000 0.8583
17957.1000 0.8585
17957.9000 0.8587
17958.9000 0.8589
17961.1000 0.8590
17962.5000 0.8592
17967.6000 0.8594
17993.5000 0.8595
18006.0000 0.8597
18017.1000 0.8599
18033.2000 0.8601
18034.5000 0.8602
18044.6000 0.8604
18047.0000 0.8606
18049.0000 0.8608
18056.6000 0.8609
18058.3000 0.8611
18060.8000 0.8613
18076.9000 0.8615
18079.2000 0.8616
18098.6000 0.8618
18101.7000 0.8620
18108.0000 0.8622
18115.1000 0.8623
18118.3000 0.8625
18123.2000 0.8627
18158.1000 0.8628
18164.1000 0.8630
18169.5000 0.8632
18176.9000 0.8634
18182.3000 0.8635
18184.7000 0.8637
18189.5000 0.8639
18196.5000 0.8641
18220.5000 0.8642
18220.9000 0.8644
18227.1000 0.8646
18228.9000 0.8648
18230.0000 0.8649
18233.6000 0.8651
18238.9000 0.8653
18239.3000 0.8655
18251.4000 0.8656
18251.7000 0.8658
18252.3000 0.8660
18258.5000 0.8661
18264.3000 0.8663
18266.0000 0.8665
18276.5000 0.8667
18279.7000 0.8668
18282.1000 0.8670
18282.7000 0.8672
18283.5000 0.8674
18300.5000 0.8675
18306.7000 0.8677
18307.5000 0.8679
18315.2000 0.8681
18351.2000 0.8682
18351.7000 0.8684
18353.1000 0.8686
18362.6000 0.8688
18364.9000 0.8689
18372.0000 0.8691
18379.2000 0.8693
18379.9000 0.8694
18385.5000 0.8696
18409.8000 0.8698
18412.5000 0.8700
18424.3000 0.8701
18434.2000 0.8703
18437.5000 0.8705
18438.6000 0.8707
18441.1000 0.8708
18459.0000 0.8710
18464.4000 0.8712
18465.3000 0.8714
18467.8000 0.8715
18477.1000 0.8717
18479.7000 0.8719
18487.7000 0.8720
18493.7000 0.8722
18509.1000 0.8724
18516.0000 0.8726
18520.5000 0.8727
18533.9000 0.8729
18541.4000 0.8731
18546.9000 0.8733
18554.5000 0.8734
18568.7000 0.8736
18569.8000 0.8738
18578.1000 0.8740
18581.9000 0.8741
18587.5000 0.8743
18592.6000 0.8745
18594.6000 0.8747
18595.9000 0.8748
18603.1000 0.8750
18607.8000 0.8752
18609.0000 0.8753
18619.6000 0.8755
18623.0000 0.8757
18623.8000 0.8759
18626.4000 0.8760
18631.6000 0.8762
18652.2000 0.8764
18652.4000 0.8766
18661.0000 0.8767
18664.2000 0.8769
18675.2000 0.8771
18676.5000 0.8773
18688.5000 0.8774
18689.8000 0.8776
18701.7000 0.8778
18701.9000 0.8780
18703.2000 0.8781
18703.3000 0.8783
18708.3000 0.8785
18711.0000 0.8786
18717.9000 0.8788
18718.5000 0.8790
18719.9000 0.8792
18726.8000 0.8793
18739.6000 0.8795
18741.2000 0.8797
18743.4000 0.8799
18748.8000 0.8800
18764.0000 0.8802
18765.6000 0.8804
18769.0000 0.8806
18800.1000 0.8807
18809.7000 0.8809
18814.5000 0.8811
18815.0000 0.8813
18821.2000 0.8814
18821.7000 0.8816
18822.2000 0.8818
18824.1000 0.8819
18832.6000 0.8821
18839.3000 0.8823
18844.8000 0.8825
18847.7000 0.8826
18856.9000 0.8828
18861.9000 0.8830
18863.1000 0.8832
18863.5000 0.8833
18891.9000 0.8835
18901.4000 0.8837
18910.3000 0.8839
18914.0000 0.8840
18916.6000 0.8842
18945.3000 0.8844
18966.0000 0.8845
18967.4000 0.8847
18982.9000 0.8849
18987.1000 0.8851
18997.3000 0.8852
18997.4000 0.8854
18999.0000 0.8856
19001.2000 0.8858
19006.7000 0.8859
19018.1000 0.8861
19032.0000 0.8863
19037.3000 0.8865
19037.7000 0.8866
19045.2000 0.8868
19061.1000 0.8870
19062.3000 0.8872
19070.5000 0.8873
19074.3000 0.8875
19082.2000 0.8877
19082.5000 0.8878
19092.7000 0.8880
19093.7000 0.8882
19102.4000 0.8884
19112.6000 0.8885
19116.2000 0.8887
19130.0000 0.8889
19130.8000 0.8891
19142.7000 0.8892
19142.9000 0.8894
19144.4000 0.8896
19144.4000 0.8898
19144.5000 0.8899
19161.7000 0.8901
19174.7000 0.8903
19176.7000 0.8905
19189.6000 0.8906
19192.3000 0.8908
19205.0000 0.8910
19210.3000 0.8911
19214.5000 0.8913
19233.9000 0.8915
19246.8000 0.8917
19247.1000 0.8918
19248.7000 0.8920
19249.1000 0.8922
19255.6000 0.8924
19266.7000 0.8925
19286.0000 0.8927
19286.8000 0.8929
19303.6000 0.8931
19316.6000 0.8932
19317.5000 0.8934
19326.4000 0.8936
19329.8000 0.8938
19332.3000 0.8939
19339.6000 0.8941
19349.7000 0.8943
19355.4000 0.8944
19360.6000 0.8946
19363.5000 0.8948
19365.9000 0.8950
19396.7000 0.8951
19411.0000 0.8953
19430.7000 0.8955
19435.0000 0.8957
19438.3000 0.8958
19440.0000 0.8960
19443.2000 0.8962
19449.2000 0.8964
19460.5000 0.8965
19466.2000 0.8967
19468.8000 0.8969
19494.3000 0.8970
19512.9000 0.8972
19519.8000 0.8974
19522.3000 0.8976
19530.1000 0.8977
19534.1000 0.8979
19535.2000 0.8981
19540.8000 0.8983
19550.6000 0.8984
19562.9000 0.8986
19564.2000 0.8988
19582.3000 0.8990
19587.5000 0.8991
19596.7000 0.8993
19598.9000 0.8995
19599.9000 0.8997
19610.4000 0.8998
19619.0000 0.9000
19627.7000 0.9002
19636.7000 0.9003
19642.7000 0.9005
19647.2000 0.9007
19665.2000 0.9009
19670.8000 0.9010
19678.1000 0.9012
19680.9000 0.9014
19683.3000 0.9016
19688.0000 0.9017
19695.5000 0.9019
19696.4000 0.9021
19707.6000 0.9023
19712.5000 0.9024
19716.2000 0.9026
19736.8000 0.9028
19737.5000 0.9030
19754.6000 0.9031
19773.0000 0.9033
19776.9000 0.9035
19777.7000 0.9036
19782.0000 0.9038
19786.4000 0.9040
19788.2000 0.9042
19798.6000 0.9043
19807.1000 0.9045
19821.3000 0.9047
19846.7000 0.9049
19861.7000 0.9050
19869.4000 0.9052
19881.9000 0.9054
19885.1000 0.9056
19888.2000 0.9057
19888.3000 0.9059
19909.8000 0.9061
19911.6000 0.9063
19911.8000 0.9064
19928.1000 0.9066
19928.9000 0.9068
19938.4000 0.9069
19942.6000 0.9071
19950.2000 0.9073
19962.2000 0.9075
19965.9000 0.9076
19973.8000 0.9078
19981.4000 0.9080
19996.8000 0.9082
20008.6000 0.9083
20008.8000 0.9085
20011.0000 0.9087
20014.0000 0.9089
20022.0000 0.9090
20032.7000 0.9092
20041.0000 0.9094
20055.4000 0.9095
20057.5000 0.9097
20057.9000 0.9099
20065.0000 0.9101
20072.9000 0.9102
20077.5000 0.9104
20082.2000 0.9106
20087.1000 0.9108
20102.7000 0.9109
20103.6000 0.9111
20112.4000 0.9113
20126.0000 0.9115
20135.1000 0.9116
20150.2000 0.9118
20159.4000 0.9120
20163.7000 0.9122
20164.0000 0.9123
20174.6000 0.9125
20188.2000 0.9127
20204.1000 0.9128
20221.3000 0.9130
20240.6000 0.9132
20269.2000 0.9134
20308.3000 0.9135
20313.4000 0.9137
20325.1000 0.9139
20326.8000 0.9141
20329.2000 0.9142
20337.8000 0.9144
20339.5000 0.9146
20346.7000 0.9148
20349.4000 0.9149
20351.6000 0.9151
20353.2000 0.9153
20353.3000 0.9155
20373.2000 0.9156
20387.2000 0.9158
20387.4000 0.9160
20403.0000 0.9161
20410.6000 0.9163
20434.6000 0.9165
20443.5000 0.9167
20463.2000 0.9168
20468.5000 0.9170
20506.3000 0.9172
20522.0000 0.9174
20531.0000 0.9175
20535.9000 0.9177
20597.3000 0.9179
20602.6000 0.9181
20611.0000 0.9182
20618.5000 0.9184
20626.6000 0.9186
20639.9000 0.9188
20657.6000 0.9189
20663.9000 0.9191
20672.0000 0.9193
20678.4000 0.9194
20679.8000 0.9196
20683.3000 0.9198
20697.4000 0.9200
20757.8000 0.9201
20770.8000 0.9203
20772.5000 0.9205
20772.6000 0.9207
20775.3000 0.9208
20803.6000 0.9210
20807.2000 0.9212
20837.4000 0.9214
20857.6000 0.9215
20858.2000 0.9217
20862.1000 0.9219
20868.2000 0.9220
20873.5000 0.9222
20877.6000 0.9224
20878.0000 0.9226
20883.3000 0.9227
20889.6000 0.9229
20907.5000 0.9231
20909.9000 0.9233
20928.1000 0.9234
20953.8000 0.9236
20968.4000 0.9238
20979.0000 0.9240
20979.5000 0.9241
20979.6000 0.9243
20995.8000 0.9245
21003.7000 0.9247
21007.0000 0.9248
21008.4000 0.9250
21025.7000 0.9252
21028.6000 0.9253
21052.9000 0.9255
21061.3000 0.9257
21086.1000 0.9259
21089.6000 0.9260
21095.4000 0.9262
21096.4000 0.9264
21119.7000 0.9266
21125.6000 0.9267
21135.8000 0.9269
21138.5000 0.9271
21161.0000 0.9273
21208.8000 0.9274
21217.3000 0.9276
21237.6000 0.9278
21247.7000 0.9280
21287.8000 0.9281
21298.3000 0.9283
21304.8000 0.9285
21308.3000 0.9286
21317.0000 0.9288
21351.0000 0.9290
21364.8000 0.9292
21373.1000 0.9293
21394.6000 0.9295
21402.5000 0.9297
21413.4000 0.9299
21422.5000 0.9300
21423.2000 0.9302
21423.4000 0.9304
21427.4000 0.9306
21428.3000 0.9307
21439.5000 0.9309
21499.8000 0.9311
21557.3000 0.9313
21563.3000 0.9314
21565.1000 0.9316
21573.6000 0.9318
21574.3000 0.9319
21583.6000 0.9321
21604.6000 0.9323
21615.3000 0.9325
21625.9000 0.9326
21629.8000 0.9328
21637.9000 0.9330
21680.5000 0.9332
21694.0000 0.9333
21699.0000 0.9335
21718.0000 0.9337
21743.0000 0.9339
21757.6000 0.9340
21767.1000 0.9342
21777.3000 0.9344
21799.4000 0.9345
21804.5000 0.9347
21807.5000 0.9349
21823.9000 0.9351
21825.8000 0.9352
21842.8000 0.9354
21845.2000 0.9356
21862.6000 0.9358
21873.4000 0.9359
21876.1000 0.9361
21900.2000 0.9363
21930.0000 0.9365
21934.8000 0.9366
21946.3000 0.9368
21961.6000 0.9370
21970.2000 0.9372
21972.9000 0.9373
21992.4000 0.9375
21997.2000 0.9377
22001.2000 0.9378
22002.9000 0.9380
22005.0000 0.9382
22021.4000 0.9384
22046.8000 0.9385
22060.6000 0.9387
22071.6000 0.9389
22076.5000 0.9391
22091.0000 0.9392
22091.3000 0.9394
22111.1000 0.9396
22119.8000 0.9398
22131.7000 0.9399
22151.9000 0.9401
22161.5000 0.9403
22174.2000 0.9405
22181.9000 0.9406
22190.2000 0.9408
22221.0000 0.9410
22250.5000 0.9411
22260.1000 0.9413
22301.2000 0.9415
22307.2000 0.9417
22308.0000 0.9418
22317.8000 0.9420
22335.4000 0.9422
22371.0000 0.9424
22380.0000 0.9425
22397.1000 0.9427
22432.7000 0.9429
22481.4000 0.9431
22485.7000 0.9432
22488.1000 0.9434
22524.2000 0.9436
22529.6000 0.9438
22536.4000 0.9439
22549.2000 0.9441
22631.9000 0.9443
22736.8000 0.9444
22774.6000 0.9446
22799.6000 0.9448
22816.0000 0.9450
22827.6000 0.9451
22846.5000 0.9453
22860.6000 0.9455
22869.4000 0.9457
22918.8000 0.9458
22942.8000 0.9460
22987.8000 0.9462
22991.8000 0.9464
23010.8000 0.9465
23060.2000 0.9467
23126.9000 0.9469
23153.6000 0.9470
23260.3000 0.9472
23293.2000 0.9474
23316.0000 0.9476
23354.7000 0.9477
23368.6000 0.9479
23377.2000 0.9481
23380.0000 0.9483
23384.4000 0.9484
23465.0000 0.9486
23582.5000 0.9488
23587.0000 0.9490
23721.3000 0.9491
23781.0000 0.9493
23785.8000 0.9495
23800.2000 0.9497
23959.2000 0.9498
23986.1000 0.9500
24069.3000 0.9502
24070.6000 0.9503
24117.9000 0.9505
24128.8000 0.9507
24195.5000 0.9509
24266.2000 0.9510
24313.8000 0.9512
24325.4000 0.9514
24411.1000 0.9516
24700.4000 0.9517
24741.9000 0.9519
24806.6000 0.9521
24930.3000 0.9523
24997.4000 0.9524
25072.2000 0.9526
25236.6000 0.9528
25254.5000 0.9530
25260.2000 0.9531
25366.2000 0.9533
25472.0000 0.9535
25490.6000 0.9536
25636.8000 0.9538
25681.2000 0.9540
25753.6000 0.9542
25801.4000 0.9543
25852.9000 0.9545
25874.5000 0.9547
25935.8000 0.9549
25992.6000 0.9550
25995.6000 0.9552
26184.9000 0.9554
26232.3000 0.9556
26320.0000 0.9557
26564.2000 0.9559
26787.9000 0.9561
26933.0000 0.9563
27172.0000 0.9564
27294.6000 0.9566
