# messageDelay  cumulativeProbability
1.0000 0.0001
1.0000 0.0002
1.0000 0.0003
1.0000 0.0004
1.0000 0.0005
1.0000 0.0006
1.0000 0.0007
1.0000 0.0008
1.0000 0.0009
1.0000 0.0010
1.0000 0.0011
1.0000 0.0013
1.0000 0.0014
1.0000 0.0015
1.0000 0.0016
1.0000 0.0017
1.0000 0.0018
1.0000 0.0019
1.0000 0.0020
1.0000 0.0021
1.1000 0.0022
1.7000 0.0023
1.7000 0.0024
2.1000 0.0025
22.9000 0.0026
70.4000 0.0027
111.2000 0.0028
118.0000 0.0029
121.7000 0.0030
124.9000 0.0031
134.2000 0.0032
136.0000 0.0033
148.0000 0.0034
150.8000 0.0035
158.1000 0.0036
158.3000 0.0037
164.6000 0.0039
165.0000 0.0040
166.3000 0.0041
167.0000 0.0042
168.8000 0.0043
169.2000 0.0044
174.3000 0.0045
174.6000 0.0046
175.3000 0.0047
175.9000 0.0048
178.3000 0.0049
187.9000 0.0050
188.0000 0.0051
188.5000 0.0052
192.0000 0.0053
195.6000 0.0054
197.6000 0.0055
200.0000 0.0056
201.3000 0.0057
204.5000 0.0058
205.3000 0.0059
205.7000 0.0060
206.8000 0.0061
208.9000 0.0062
209.3000 0.0064
210.1000 0.0065
210.7000 0.0066
212.5000 0.0067
217.1000 0.0068
217.5000 0.0069
219.6000 0.0070
221.9000 0.0071
222.5000 0.0072
223.4000 0.0073
225.3000 0.0074
227.2000 0.0075
228.4000 0.0076
235.7000 0.0077
235.8000 0.0078
236.0000 0.0079
236.2000 0.0080
237.8000 0.0081
238.2000 0.0082
239.4000 0.0083
240.2000 0.0084
241.1000 0.0085
244.3000 0.0086
245.0000 0.0087
246.2000 0.0089
248.9000 0.0090
250.3000 0.0091
251.1000 0.0092
252.1000 0.0093
253.5000 0.0094
255.5000 0.0095
260.8000 0.0096
264.6000 0.0097
265.2000 0.0098
271.2000 0.0099
271.4000 0.0100
273.4000 0.0101
274.6000 0.0102
274.7000 0.0103
278.1000 0.0104
279.2000 0.0105
282.3000 0.0106
284.5000 0.0107
285.3000 0.0108
285.4000 0.0109
287.6000 0.0110
288.0000 0.0111
292.5000 0.0113
297.1000 0.0114
299.0000 0.0115
299.2000 0.0116
299.7000 0.0117
299.8000 0.0118
300.0000 0.0119
300.4000 0.0120
304.0000 0.0121
304.8000 0.0122
306.4000 0.0123
307.5000 0.0124
308.6000 0.0125
308.9000 0.0126
311.1000 0.0127
311.2000 0.0128
312.6000 0.0129
313.4000 0.0130
320.1000 0.0131
321.8000 0.0132
325.2000 0.0133
325.8000 0.0134
326.0000 0.0135
326.1000 0.0136
327.2000 0.0138
328.0000 0.0139
332.1000 0.0140
333.2000 0.0141
333.5000 0.0142
335.4000 0.0143
336.5000 0.0144
340.9000 0.0145
341.5000 0.0146
342.2000 0.0147
343.7000 0.0148
344.2000 0.0149
344.3000 0.0150
344.8000 0.0151
347.0000 0.0152
348.8000 0.0153
350.4000 0.0154
350.7000 0.0155
350.9000 0.0156
352.5000 0.0157
355.0000 0.0158
357.7000 0.0159
360.2000 0.0160
361.3000 0.0161
365.5000 0.0163
366.8000 0.0164
367.6000 0.0165
368.4000 0.0166
368.6000 0.0167
370.5000 0.0168
373.1000 0.0169
381.8000 0.0170
382.2000 0.0171
386.1000 0.0172
390.4000 0.0173
392.3000 0.0174
393.6000 0.0175
395.3000 0.0176
395.4000 0.0177
396.0000 0.0178
396.8000 0.0179
399.2000 0.0180
399.2000 0.0181
399.5000 0.0182
399.8000 0.0183
404.4000 0.0184
404.6000 0.0185
404.8000 0.0186
405.4000 0.0188
405.5000 0.0189
408.4000 0.0190
409.2000 0.0191
412.8000 0.0192
415.2000 0.0193
418.7000 0.0194
420.2000 0.0195
421.2000 0.0196
423.3000 0.0197
426.2000 0.0198
428.9000 0.0199
430.4000 0.0200
430.4000 0.0201
434.3000 0.0202
434.5000 0.0203
436.6000 0.0204
437.4000 0.0205
437.4000 0.0206
439.5000 0.0207
442.4000 0.0208
449.6000 0.0209
453.1000 0.0210
455.1000 0.0211
457.7000 0.0212
458.9000 0.0214
460.7000 0.0215
464.1000 0.0216
465.8000 0.0217
467.6000 0.0218
468.1000 0.0219
468.2000 0.0220
468.2000 0.0221
468.9000 0.0222
470.3000 0.0223
474.7000 0.0224
474.8000 0.0225
475.7000 0.0226
477.1000 0.0227
481.1000 0.0228
481.7000 0.0229
481.8000 0.0230
482.9000 0.0231
484.4000 0.0232
484.5000 0.0233
485.7000 0.0234
486.0000 0.0235
489.5000 0.0236
491.6000 0.0237
495.6000 0.0239
497.6000 0.0240
499.9000 0.0241
500.4000 0.0242
500.8000 0.0243
501.1000 0.0244
502.8000 0.0245
508.4000 0.0246
508.7000 0.0247
509.2000 0.0248
510.4000 0.0249
511.0000 0.0250
512.3000 0.0251
514.2000 0.0252
516.8000 0.0253
518.1000 0.0254
518.7000 0.0255
520.8000 0.0256
521.2000 0.0257
521.6000 0.0258
528.9000 0.0259
529.7000 0.0260
531.9000 0.0261
532.4000 0.0262
535.8000 0.0264
536.4000 0.0265
536.5000 0.0266
538.5000 0.0267
539.0000 0.0268
539.2000 0.0269
539.4000 0.0270
543.8000 0.0271
549.6000 0.0272
551.9000 0.0273
553.1000 0.0274
554.6000 0.0275
555.6000 0.0276
556.6000 0.0277
560.5000 0.0278
560.8000 0.0279
564.6000 0.0280
564.6000 0.0281
565.0000 0.0282
567.0000 0.0283
567.8000 0.0284
567.8000 0.0285
568.2000 0.0286
570.3000 0.0287
570.3000 0.0289
570.4000 0.0290
572.2000 0.0291
572.3000 0.0292
573.6000 0.0293
574.2000 0.0294
575.6000 0.0295
575.9000 0.0296
576.0000 0.0297
576.6000 0.0298
576.8000 0.0299
580.5000 0.0300
581.6000 0.0301
582.8000 0.0302
585.0000 0.0303
587.3000 0.0304
590.9000 0.0305
591.6000 0.0306
594.5000 0.0307
596.4000 0.0308
596.5000 0.0309
599.8000 0.0310
603.2000 0.0311
605.9000 0.0312
606.9000 0.0314
607.3000 0.0315
608.1000 0.0316
609.8000 0.0317
610.7000 0.0318
613.9000 0.0319
614.4000 0.0320
615.5000 0.0321
616.9000 0.0322
617.5000 0.0323
620.3000 0.0324
621.6000 0.0325
621.7000 0.0326
622.9000 0.0327
623.5000 0.0328
626.9000 0.0329
627.1000 0.0330
627.8000 0.0331
627.8000 0.0332
632.4000 0.0333
633.4000 0.0334
634.8000 0.0335
638.3000 0.0336
640.9000 0.0337
641.7000 0.0339
642.2000 0.0340
645.0000 0.0341
645.6000 0.0342
646.0000 0.0343
651.3000 0.0344
651.8000 0.0345
652.8000 0.0346
654.5000 0.0347
654.7000 0.0348
655.9000 0.0349
658.8000 0.0350
659.1000 0.0351
659.3000 0.0352
664.8000 0.0353
665.2000 0.0354
665.4000 0.0355
668.3000 0.0356
670.8000 0.0357
675.1000 0.0358
676.4000 0.0359
676.8000 0.0360
677.3000 0.0361
677.4000 0.0362
680.6000 0.0364
685.1000 0.0365
685.5000 0.0366
686.5000 0.0367
686.6000 0.0368
688.3000 0.0369
689.7000 0.0370
692.4000 0.0371
692.6000 0.0372
694.3000 0.0373
695.3000 0.0374
695.7000 0.0375
696.9000 0.0376
699.3000 0.0377
700.4000 0.0378
701.3000 0.0379
702.6000 0.0380
705.7000 0.0381
707.7000 0.0382
708.4000 0.0383
709.1000 0.0384
709.4000 0.0385
709.7000 0.0386
710.4000 0.0388
712.5000 0.0389
713.5000 0.0390
716.0000 0.0391
716.0000 0.0392
717.4000 0.0393
718.9000 0.0394
725.2000 0.0395
726.0000 0.0396
726.5000 0.0397
732.4000 0.0398
733.7000 0.0399
734.7000 0.0400
734.8000 0.0401
734.8000 0.0402
735.4000 0.0403
738.6000 0.0404
738.7000 0.0405
739.2000 0.0406
740.4000 0.0407
741.3000 0.0408
742.0000 0.0409
742.0000 0.0410
743.4000 0.0411
744.4000 0.0413
745.0000 0.0414
747.6000 0.0415
747.7000 0.0416
748.1000 0.0417
750.4000 0.0418
751.0000 0.0419
751.9000 0.0420
752.6000 0.0421
752.8000 0.0422
753.3000 0.0423
756.5000 0.0424
757.3000 0.0425
757.9000 0.0426
758.8000 0.0427
759.0000 0.0428
759.3000 0.0429
759.9000 0.0430
761.6000 0.0431
762.4000 0.0432
771.8000 0.0433
773.5000 0.0434
774.3000 0.0435
775.0000 0.0436
775.0000 0.0438
775.4000 0.0439
776.4000 0.0440
777.1000 0.0441
777.7000 0.0442
779.5000 0.0443
781.7000 0.0444
782.6000 0.0445
782.8000 0.0446
783.3000 0.0447
783.3000 0.0448
783.7000 0.0449
784.0000 0.0450
787.1000 0.0451
787.3000 0.0452
787.5000 0.0453
789.3000 0.0454
790.0000 0.0455
790.5000 0.0456
791.6000 0.0457
796.6000 0.0458
798.9000 0.0459
801.1000 0.0460
801.4000 0.0461
803.3000 0.0463
803.3000 0.0464
803.3000 0.0465
803.5000 0.0466
804.4000 0.0467
804.6000 0.0468
807.1000 0.0469
807.5000 0.0470
809.9000 0.0471
810.8000 0.0472
811.5000 0.0473
811.9000 0.0474
812.0000 0.0475
812.7000 0.0476
815.5000 0.0477
815.7000 0.0478
817.7000 0.0479
822.9000 0.0480
826.4000 0.0481
826.9000 0.0482
827.9000 0.0483
828.2000 0.0484
828.2000 0.0485
829.8000 0.0486
835.3000 0.0488
835.9000 0.0489
837.0000 0.0490
838.7000 0.0491
839.2000 0.0492
841.6000 0.0493
841.9000 0.0494
843.5000 0.0495
843.8000 0.0496
844.0000 0.0497
845.8000 0.0498
846.3000 0.0499
847.9000 0.0500
849.4000 0.0501
849.6000 0.0502
852.1000 0.0503
854.3000 0.0504
854.8000 0.0505
855.3000 0.0506
856.6000 0.0507
857.6000 0.0508
858.4000 0.0509
860.0000 0.0510
863.0000 0.0511
863.8000 0.0513
864.4000 0.0514
865.8000 0.0515
866.5000 0.0516
867.7000 0.0517
869.8000 0.0518
870.5000 0.0519
870.9000 0.0520
872.6000 0.0521
875.4000 0.0522
878.4000 0.0523
879.0000 0.0524
879.4000 0.0525
880.2000 0.0526
880.4000 0.0527
886.6000 0.0528
886.9000 0.0529
889.3000 0.0530
890.1000 0.0531
890.7000 0.0532
891.2000 0.0533
892.6000 0.0534
893.5000 0.0535
893.7000 0.0536
893.8000 0.0538
893.9000 0.0539
894.2000 0.0540
894.9000 0.0541
895.2000 0.0542
896.3000 0.0543
896.7000 0.0544
899.6000 0.0545
899.8000 0.0546
900.6000 0.0547
902.6000 0.0548
903.0000 0.0549
903.4000 0.0550
903.7000 0.0551
905.4000 0.0552
905.9000 0.0553
909.0000 0.0554
909.1000 0.0555
909.5000 0.0556
909.7000 0.0557
912.2000 0.0558
915.7000 0.0559
917.0000 0.0560
917.0000 0.0561
918.7000 0.0563
918.9000 0.0564
919.5000 0.0565
919.9000 0.0566
920.3000 0.0567
921.6000 0.0568
923.3000 0.0569
924.4000 0.0570
927.6000 0.0571
928.2000 0.0572
928.4000 0.0573
930.2000 0.0574
931.0000 0.0575
931.1000 0.0576
932.1000 0.0577
932.4000 0.0578
932.9000 0.0579
933.0000 0.0580
933.3000 0.0581
933.3000 0.0582
934.0000 0.0583
935.4000 0.0584
938.6000 0.0585
938.8000 0.0586
942.2000 0.0588
942.2000 0.0589
942.5000 0.0590
942.8000 0.0591
943.0000 0.0592
945.8000 0.0593
946.2000 0.0594
947.4000 0.0595
951.4000 0.0596
952.3000 0.0597
952.8000 0.0598
954.3000 0.0599
955.9000 0.0600
956.6000 0.0601
957.2000 0.0602
958.7000 0.0603
959.1000 0.0604
959.1000 0.0605
959.5000 0.0606
960.4000 0.0607
960.7000 0.0608
961.2000 0.0609
962.2000 0.0610
962.7000 0.0611
962.9000 0.0613
964.2000 0.0614
964.6000 0.0615
965.8000 0.0616
967.7000 0.0617
969.6000 0.0618
970.0000 0.0619
972.7000 0.0620
974.8000 0.0621
975.6000 0.0622
976.6000 0.0623
977.8000 0.0624
978.5000 0.0625
980.2000 0.0626
981.9000 0.0627
982.9000 0.0628
983.0000 0.0629
983.8000 0.0630
984.3000 0.0631
985.4000 0.0632
986.2000 0.0633
986.6000 0.0634
987.2000 0.0635
988.8000 0.0636
989.1000 0.0638
989.1000 0.0639
990.6000 0.0640
990.6000 0.0641
993.1000 0.0642
993.3000 0.0643
994.0000 0.0644
994.3000 0.0645
995.4000 0.0646
997.0000 0.0647
998.5000 0.0648
999.2000 0.0649
999.4000 0.0650
999.6000 0.0651
999.8000 0.0652
1004.0000 0.0653
1004.6000 0.0654
1009.2000 0.0655
1014.2000 0.0656
1014.4000 0.0657
1017.1000 0.0658
1017.4000 0.0659
1018.1000 0.0660
1018.3000 0.0661
1019.7000 0.0663
1022.0000 0.0664
1022.2000 0.0665
1023.9000 0.0666
1025.4000 0.0667
1027.0000 0.0668
1029.1000 0.0669
1031.7000 0.0670
1032.0000 0.0671
1032.7000 0.0672
1032.8000 0.0673
1034.4000 0.0674
1037.4000 0.0675
1038.1000 0.0676
1040.5000 0.0677
1042.8000 0.0678
1047.6000 0.0679
1048.6000 0.0680
1050.7000 0.0681
1051.2000 0.0682
1052.9000 0.0683
1053.4000 0.0684
1056.6000 0.0685
1061.9000 0.0686
1062.1000 0.0688
1062.2000 0.0689
1063.6000 0.0690
1064.5000 0.0691
1067.3000 0.0692
1067.7000 0.0693
1068.3000 0.0694
1069.0000 0.0695
1070.3000 0.0696
1070.4000 0.0697
1070.9000 0.0698
1071.6000 0.0699
1072.0000 0.0700
1073.8000 0.0701
1077.7000 0.0702
1080.3000 0.0703
1080.8000 0.0704
1082.1000 0.0705
1082.2000 0.0706
1083.0000 0.0707
1083.4000 0.0708
1085.3000 0.0709
1087.4000 0.0710
1089.3000 0.0711
1091.2000 0.0713
1091.5000 0.0714
1093.9000 0.0715
1094.6000 0.0716
1097.0000 0.0717
1097.7000 0.0718
1099.1000 0.0719
1099.6000 0.0720
1103.8000 0.0721
1106.4000 0.0722
1107.1000 0.0723
1107.2000 0.0724
1108.1000 0.0725
1108.6000 0.0726
1108.7000 0.0727
1113.1000 0.0728
1113.4000 0.0729
1116.4000 0.0730
1116.6000 0.0731
1116.9000 0.0732
1117.5000 0.0733
1118.3000 0.0734
1118.7000 0.0735
1121.1000 0.0736
1121.1000 0.0738
1124.7000 0.0739
1125.6000 0.0740
1125.7000 0.0741
1127.7000 0.0742
1129.4000 0.0743
1129.8000 0.0744
1130.7000 0.0745
1131.3000 0.0746
1135.2000 0.0747
1135.7000 0.0748
1137.1000 0.0749
1137.4000 0.0750
1137.4000 0.0751
1137.5000 0.0752
1142.3000 0.0753
1143.9000 0.0754
1144.9000 0.0755
1145.2000 0.0756
1147.9000 0.0757
1148.0000 0.0758
1149.5000 0.0759
1152.4000 0.0760
1154.8000 0.0761
1155.4000 0.0763
1155.7000 0.0764
1156.3000 0.0765
1158.5000 0.0766
1159.8000 0.0767
1161.3000 0.0768
1161.4000 0.0769
1163.2000 0.0770
1163.4000 0.0771
1167.6000 0.0772
1168.9000 0.0773
1170.9000 0.0774
1171.4000 0.0775
1176.6000 0.0776
1176.6000 0.0777
1177.7000 0.0778
1178.3000 0.0779
1178.6000 0.0780
1180.7000 0.0781
1182.5000 0.0782
1184.1000 0.0783
1186.6000 0.0784
1189.4000 0.0785
1191.4000 0.0786
1192.8000 0.0788
1193.7000 0.0789
1195.0000 0.0790
1197.2000 0.0791
1199.3000 0.0792
1201.2000 0.0793
1203.6000 0.0794
1205.1000 0.0795
1205.6000 0.0796
1205.9000 0.0797
1208.6000 0.0798
1208.7000 0.0799
1209.5000 0.0800
1213.3000 0.0801
1214.3000 0.0802
1216.3000 0.0803
1222.9000 0.0804
1227.4000 0.0805
1231.1000 0.0806
1232.6000 0.0807
1233.2000 0.0808
1236.7000 0.0809
1237.5000 0.0810
1238.4000 0.0811
1243.7000 0.0813
1245.7000 0.0814
1245.8000 0.0815
1248.2000 0.0816
1248.3000 0.0817
1248.7000 0.0818
1249.4000 0.0819
1251.2000 0.0820
1251.2000 0.0821
1251.6000 0.0822
1253.8000 0.0823
1256.4000 0.0824
1258.6000 0.0825
1260.4000 0.0826
1260.5000 0.0827
1260.5000 0.0828
1262.5000 0.0829
1263.3000 0.0830
1264.4000 0.0831
1265.7000 0.0832
1266.0000 0.0833
1268.9000 0.0834
1269.5000 0.0835
1270.8000 0.0836
1272.5000 0.0838
1273.7000 0.0839
1276.0000 0.0840
1277.1000 0.0841
1278.5000 0.0842
1278.5000 0.0843
1278.6000 0.0844
1278.7000 0.0845
1279.6000 0.0846
1279.7000 0.0847
1280.0000 0.0848
1280.2000 0.0849
1280.6000 0.0850
1280.9000 0.0851
1281.6000 0.0852
1282.3000 0.0853
1283.2000 0.0854
1285.1000 0.0855
1286.6000 0.0856
1286.7000 0.0857
1290.4000 0.0858
1294.0000 0.0859
1295.8000 0.0860
1296.9000 0.0861
1299.3000 0.0863
1302.9000 0.0864
1302.9000 0.0865
1302.9000 0.0866
1303.7000 0.0867
1308.4000 0.0868
1308.6000 0.0869
1308.6000 0.0870
1308.8000 0.0871
1309.0000 0.0872
1313.9000 0.0873
1317.3000 0.0874
1320.3000 0.0875
1321.6000 0.0876
1323.1000 0.0877
1323.3000 0.0878
1323.4000 0.0879
1325.3000 0.0880
1325.7000 0.0881
1325.9000 0.0882
1326.3000 0.0883
1327.8000 0.0884
1329.3000 0.0885
1330.7000 0.0886
1332.6000 0.0888
1334.5000 0.0889
1335.1000 0.0890
1337.4000 0.0891
1338.7000 0.0892
1340.5000 0.0893
1341.9000 0.0894
1343.7000 0.0895
1343.9000 0.0896
1344.6000 0.0897
1345.0000 0.0898
1345.5000 0.0899
1345.6000 0.0900
1345.9000 0.0901
1348.7000 0.0902
1349.0000 0.0903
1349.1000 0.0904
1350.1000 0.0905
1350.5000 0.0906
1351.6000 0.0907
1353.2000 0.0908
1355.0000 0.0909
1356.9000 0.0910
1357.6000 0.0911
1361.5000 0.0913
1361.8000 0.0914
1362.3000 0.0915
1363.5000 0.0916
1364.6000 0.0917
1365.9000 0.0918
1366.2000 0.0919
1366.7000 0.0920
1368.5000 0.0921
1372.2000 0.0922
1378.6000 0.0923
1381.7000 0.0924
1385.6000 0.0925
1390.6000 0.0926
1393.8000 0.0927
1393.9000 0.0928
1394.9000 0.0929
1395.3000 0.0930
1395.4000 0.0931
1395.6000 0.0932
1396.7000 0.0933
1397.7000 0.0934
1402.1000 0.0935
1405.4000 0.0936
1406.3000 0.0938
1406.4000 0.0939
1406.7000 0.0940
1407.1000 0.0941
1407.5000 0.0942
1408.2000 0.0943
1409.5000 0.0944
1410.6000 0.0945
1415.1000 0.0946
1416.0000 0.0947
1416.6000 0.0948
1418.3000 0.0949
1418.4000 0.0950
1420.3000 0.0951
1422.8000 0.0952
1425.4000 0.0953
1428.7000 0.0954
1430.4000 0.0955
1434.4000 0.0956
1435.1000 0.0957
1436.6000 0.0958
1437.4000 0.0959
1438.1000 0.0960
1439.2000 0.0961
1440.8000 0.0963
1443.2000 0.0964
1445.2000 0.0965
1446.1000 0.0966
1449.2000 0.0967
1450.1000 0.0968
1450.5000 0.0969
1455.3000 0.0970
1456.7000 0.0971
1457.5000 0.0972
1458.6000 0.0973
1459.6000 0.0974
1462.2000 0.0975
1465.9000 0.0976
1468.0000 0.0977
1468.4000 0.0978
1471.6000 0.0979
1472.2000 0.0980
1475.0000 0.0981
1477.4000 0.0982
1478.5000 0.0983
1479.7000 0.0984
1480.6000 0.0985
1481.1000 0.0986
1481.3000 0.0988
1481.3000 0.0989
1483.1000 0.0990
1484.6000 0.0991
1485.9000 0.0992
1487.4000 0.0993
1488.2000 0.0994
1489.4000 0.0995
1492.0000 0.0996
1492.1000 0.0997
1493.1000 0.0998
1494.3000 0.0999
1499.0000 0.1000
1503.9000 0.1001
1504.3000 0.1002
1505.0000 0.1003
1505.7000 0.1004
1506.4000 0.1005
1506.5000 0.1006
1508.9000 0.1007
1511.9000 0.1008
1512.7000 0.1009
1513.6000 0.1010
1514.1000 0.1011
1516.9000 0.1013
1518.2000 0.1014
1526.4000 0.1015
1526.6000 0.1016
1527.2000 0.1017
1528.6000 0.1018
1529.5000 0.1019
1530.4000 0.1020
1532.0000 0.1021
1535.2000 0.1022
1537.6000 0.1023
1543.7000 0.1024
1547.8000 0.1025
1549.5000 0.1026
1550.5000 0.1027
1555.2000 0.1028
1556.4000 0.1029
1557.1000 0.1030
1560.8000 0.1031
1564.0000 0.1032
1570.9000 0.1033
1571.7000 0.1034
1571.8000 0.1035
1573.8000 0.1036
1574.2000 0.1038
1575.3000 0.1039
1575.7000 0.1040
1576.3000 0.1041
1576.5000 0.1042
1576.7000 0.1043
1578.3000 0.1044
1578.6000 0.1045
1584.9000 0.1046
1587.0000 0.1047
1591.7000 0.1048
1593.5000 0.1049
1598.2000 0.1050
1602.4000 0.1051
1604.1000 0.1052
1605.0000 0.1053
1607.4000 0.1054
1613.1000 0.1055
1613.4000 0.1056
1614.4000 0.1057
1615.1000 0.1058
1617.3000 0.1059
1617.3000 0.1060
1617.3000 0.1061
1617.7000 0.1063
1620.9000 0.1064
1625.7000 0.1065
1627.4000 0.1066
1627.7000 0.1067
1629.1000 0.1068
1629.6000 0.1069
1630.7000 0.1070
1631.8000 0.1071
1636.4000 0.1072
1639.3000 0.1073
1642.2000 0.1074
1642.5000 0.1075
1647.1000 0.1076
1648.5000 0.1077
1648.6000 0.1078
1653.7000 0.1079
1655.6000 0.1080
1657.2000 0.1081
1660.7000 0.1082
1665.2000 0.1083
1666.4000 0.1084
1671.2000 0.1085
1671.4000 0.1086
1672.3000 0.1088
1673.2000 0.1089
1673.5000 0.1090
1677.7000 0.1091
1677.8000 0.1092
1678.9000 0.1093
1680.3000 0.1094
1680.5000 0.1095
1681.9000 0.1096
1684.3000 0.1097
1687.2000 0.1098
1688.4000 0.1099
1689.8000 0.1100
1690.8000 0.1101
1691.9000 0.1102
1695.8000 0.1103
1696.6000 0.1104
1698.0000 0.1105
1699.3000 0.1106
1700.4000 0.1107
1701.1000 0.1108
1704.5000 0.1109
1705.4000 0.1110
1705.5000 0.1111
1708.9000 0.1113
1711.2000 0.1114
1713.4000 0.1115
1718.4000 0.1116
1721.9000 0.1117
1726.4000 0.1118
1726.6000 0.1119
1727.6000 0.1120
1728.6000 0.1121
1729.5000 0.1122
1729.8000 0.1123
1729.9000 0.1124
1730.6000 0.1125
1731.6000 0.1126
1734.7000 0.1127
1735.9000 0.1128
1736.2000 0.1129
1742.7000 0.1130
1745.6000 0.1131
1746.6000 0.1132
1749.4000 0.1133
1749.9000 0.1134
1750.1000 0.1135
1750.5000 0.1136
1752.4000 0.1138
1754.5000 0.1139
1757.9000 0.1140
1760.8000 0.1141
1762.0000 0.1142
1763.1000 0.1143
1766.5000 0.1144
1767.9000 0.1145
1780.2000 0.1146
1781.5000 0.1147
1783.4000 0.1148
1784.6000 0.1149
1787.2000 0.1150
1788.2000 0.1151
1791.5000 0.1152
1791.9000 0.1153
1792.2000 0.1154
1793.8000 0.1155
1795.0000 0.1156
1795.7000 0.1157
1798.3000 0.1158
1799.0000 0.1159
1799.3000 0.1160
1800.7000 0.1161
1802.2000 0.1163
1806.7000 0.1164
1809.9000 0.1165
1810.2000 0.1166
1812.1000 0.1167
1812.5000 0.1168
1813.6000 0.1169
1817.7000 0.1170
1818.9000 0.1171
1819.4000 0.1172
1823.2000 0.1173
1824.1000 0.1174
1826.5000 0.1175
1827.4000 0.1176
1827.8000 0.1177
1829.5000 0.1178
1830.3000 0.1179
1832.0000 0.1180
1833.7000 0.1181
1835.4000 0.1182
1835.7000 0.1183
1840.5000 0.1184
1843.4000 0.1185
1843.6000 0.1186
1844.8000 0.1188
1845.2000 0.1189
1845.6000 0.1190
1847.2000 0.1191
1852.9000 0.1192
1853.9000 0.1193
1859.6000 0.1194
1866.4000 0.1195
1868.1000 0.1196
1869.8000 0.1197
1870.5000 0.1198
1870.5000 0.1199
1871.8000 0.1200
1872.7000 0.1201
1873.2000 0.1202
1875.4000 0.1203
1876.5000 0.1204
1876.9000 0.1205
1879.7000 0.1206
1880.0000 0.1207
1881.0000 0.1208
1881.5000 0.1209
1882.8000 0.1210
1885.4000 0.1211
1886.7000 0.1213
1888.7000 0.1214
1889.1000 0.1215
1890.6000 0.1216
1890.8000 0.1217
1892.1000 0.1218
1892.6000 0.1219
1897.8000 0.1220
1898.4000 0.1221
1901.4000 0.1222
1902.0000 0.1223
1902.3000 0.1224
1902.6000 0.1225
1906.6000 0.1226
1921.4000 0.1227
1924.2000 0.1228
1925.3000 0.1229
1927.7000 0.1230
1929.7000 0.1231
1930.3000 0.1232
1933.8000 0.1233
1935.3000 0.1234
1936.7000 0.1235
1938.7000 0.1236
1939.6000 0.1238
1943.6000 0.1239
1946.5000 0.1240
1949.5000 0.1241
1950.2000 0.1242
1951.2000 0.1243
1952.6000 0.1244
1955.3000 0.1245
1962.5000 0.1246
1970.0000 0.1247
1970.6000 0.1248
1970.9000 0.1249
1973.9000 0.1250
1974.7000 0.1251
1974.9000 0.1252
1975.2000 0.1253
1975.3000 0.1254
1976.3000 0.1255
1983.4000 0.1256
1985.3000 0.1257
1990.5000 0.1258
1990.7000 0.1259
1993.4000 0.1260
1995.4000 0.1261
1995.5000 0.1263
1995.7000 0.1264
1998.4000 0.1265
2012.6000 0.1266
2013.3000 0.1267
2016.0000 0.1268
2016.1000 0.1269
2017.4000 0.1270
2023.5000 0.1271
2024.8000 0.1272
2025.4000 0.1273
2037.6000 0.1274
2037.9000 0.1275
2040.0000 0.1276
2042.1000 0.1277
2046.7000 0.1278
2046.8000 0.1279
2047.3000 0.1280
2049.4000 0.1281
2053.1000 0.1282
2053.4000 0.1283
2059.5000 0.1284
2062.1000 0.1285
2062.2000 0.1286
2067.5000 0.1288
2067.7000 0.1289
2068.4000 0.1290
2068.5000 0.1291
2072.6000 0.1292
2074.4000 0.1293
2074.5000 0.1294
2079.7000 0.1295
2083.5000 0.1296
2091.4000 0.1297
2091.6000 0.1298
2093.7000 0.1299
2097.3000 0.1300
2104.5000 0.1301
2108.5000 0.1302
2112.5000 0.1303
2113.8000 0.1304
2115.9000 0.1305
2117.8000 0.1306
2118.4000 0.1307
2124.6000 0.1308
2125.4000 0.1309
2127.3000 0.1310
2129.9000 0.1311
2134.4000 0.1313
2135.0000 0.1314
2135.7000 0.1315
2138.0000 0.1316
2144.9000 0.1317
2150.2000 0.1318
2152.8000 0.1319
2153.3000 0.1320
2155.5000 0.1321
2156.7000 0.1322
2158.1000 0.1323
2159.6000 0.1324
2160.4000 0.1325
2161.6000 0.1326
2163.5000 0.1327
2167.2000 0.1328
2167.6000 0.1329
2171.0000 0.1330
2171.4000 0.1331
2172.3000 0.1332
2176.2000 0.1333
2177.8000 0.1334
2179.1000 0.1335
2182.5000 0.1336
2183.2000 0.1338
2184.5000 0.1339
2184.8000 0.1340
2187.1000 0.1341
2194.1000 0.1342
2199.0000 0.1343
2200.7000 0.1344
2201.1000 0.1345
2210.3000 0.1346
2211.3000 0.1347
2215.7000 0.1348
2221.6000 0.1349
2223.7000 0.1350
2233.7000 0.1351
2235.9000 0.1352
2244.9000 0.1353
2259.4000 0.1354
2264.7000 0.1355
2267.4000 0.1356
2278.6000 0.1357
2279.0000 0.1358
2281.6000 0.1359
2287.3000 0.1360
2297.3000 0.1361
2298.6000 0.1363
2300.3000 0.1364
2302.2000 0.1365
2311.5000 0.1366
2314.3000 0.1367
2317.7000 0.1368
2318.1000 0.1369
2318.3000 0.1370
2320.7000 0.1371
2324.9000 0.1372
2328.1000 0.1373
2328.1000 0.1374
2331.1000 0.1375
2332.2000 0.1376
2334.2000 0.1377
2337.6000 0.1378
2346.9000 0.1379
2349.7000 0.1380
2351.5000 0.1381
2354.1000 0.1382
2355.9000 0.1383
2367.4000 0.1384
2373.5000 0.1385
2374.0000 0.1386
2379.1000 0.1388
2389.3000 0.1389
2394.3000 0.1390
2406.8000 0.1391
2409.5000 0.1392
2413.7000 0.1393
2415.3000 0.1394
2417.7000 0.1395
2427.4000 0.1396
2434.6000 0.1397
2436.6000 0.1398
2442.4000 0.1399
2446.0000 0.1400
2460.1000 0.1401
2460.1000 0.1402
2461.2000 0.1403
2469.8000 0.1404
2470.4000 0.1405
2471.5000 0.1406
2479.7000 0.1407
2485.0000 0.1408
2491.3000 0.1409
2492.2000 0.1410
2492.3000 0.1411
2492.6000 0.1413
2497.5000 0.1414
2501.3000 0.1415
2507.7000 0.1416
2519.2000 0.1417
2520.4000 0.1418
2528.0000 0.1419
2531.4000 0.1420
2551.2000 0.1421
2556.5000 0.1422
2558.7000 0.1423
2560.1000 0.1424
2560.1000 0.1425
2563.3000 0.1426
2564.0000 0.1427
2564.5000 0.1428
2564.9000 0.1429
2565.3000 0.1430
2569.7000 0.1431
2569.8000 0.1432
2579.7000 0.1433
2580.3000 0.1434
2589.2000 0.1435
2601.8000 0.1436
2611.2000 0.1437
2614.9000 0.1439
2627.3000 0.1440
2631.5000 0.1441
2632.8000 0.1442
2638.2000 0.1443
2639.2000 0.1444
2640.1000 0.1445
2641.0000 0.1446
2647.3000 0.1447
2648.1000 0.1448
2660.2000 0.1449
2663.5000 0.1450
2672.5000 0.1451
2673.6000 0.1452
2676.7000 0.1453
2679.2000 0.1454
2680.7000 0.1455
2694.1000 0.1456
2694.3000 0.1457
2706.2000 0.1458
2710.8000 0.1459
2715.2000 0.1460
2716.1000 0.1461
2726.1000 0.1462
2726.1000 0.1464
2726.7000 0.1465
2734.7000 0.1466
2738.7000 0.1467
2741.9000 0.1468
2743.3000 0.1469
2743.8000 0.1470
2760.1000 0.1471
2772.9000 0.1472
2775.4000 0.1473
2777.6000 0.1474
2777.8000 0.1475
2784.0000 0.1476
2785.6000 0.1477
2794.1000 0.1478
2797.8000 0.1479
2802.1000 0.1480
2805.7000 0.1481
2809.9000 0.1482
2811.4000 0.1483
2818.5000 0.1484
2828.7000 0.1485
2833.0000 0.1486
2836.0000 0.1487
2836.4000 0.1489
2838.7000 0.1490
2841.3000 0.1491
2841.8000 0.1492
2842.7000 0.1493
2851.1000 0.1494
2851.9000 0.1495
2852.3000 0.1496
2853.9000 0.1497
2855.6000 0.1498
2866.9000 0.1499
2867.8000 0.1500
2869.0000 0.1501
2872.8000 0.1502
2873.4000 0.1503
2876.8000 0.1504
2885.3000 0.1505
2890.5000 0.1506
2891.8000 0.1507
2893.8000 0.1508
2899.3000 0.1509
2899.7000 0.1510
2910.3000 0.1511
2911.6000 0.1512
2915.4000 0.1514
2918.7000 0.1515
2920.3000 0.1516
2922.3000 0.1517
2938.7000 0.1518
2944.6000 0.1519
2946.3000 0.1520
2947.1000 0.1521
2947.1000 0.1522
2951.2000 0.1523
2957.1000 0.1524
2962.7000 0.1525
2963.6000 0.1526
2966.6000 0.1527
2967.5000 0.1528
2967.6000 0.1529
2970.7000 0.1530
2973.1000 0.1531
2974.5000 0.1532
2975.7000 0.1533
2978.7000 0.1534
2990.9000 0.1535
2991.1000 0.1536
2991.2000 0.1537
3005.5000 0.1539
3011.2000 0.1540
3023.2000 0.1541
3034.4000 0.1542
3045.5000 0.1543
3047.2000 0.1544
3047.7000 0.1545
3049.6000 0.1546
3052.7000 0.1547
3059.3000 0.1548
3061.5000 0.1549
3063.1000 0.1550
3068.2000 0.1551
3068.5000 0.1552
3069.2000 0.1553
3070.3000 0.1554
3075.7000 0.1555
3081.6000 0.1556
3085.7000 0.1557
3086.2000 0.1558
3101.7000 0.1559
3105.8000 0.1560
3110.4000 0.1561
3119.2000 0.1562
3121.7000 0.1564
3122.8000 0.1565
3125.2000 0.1566
3128.4000 0.1567
3130.1000 0.1568
3131.8000 0.1569
3133.5000 0.1570
3134.5000 0.1571
3139.8000 0.1572
3140.8000 0.1573
3146.3000 0.1574
3152.6000 0.1575
3155.6000 0.1576
3161.3000 0.1577
3163.1000 0.1578
3167.5000 0.1579
3176.1000 0.1580
3183.5000 0.1581
3194.2000 0.1582
3195.4000 0.1583
3203.2000 0.1584
3203.6000 0.1585
3205.0000 0.1586
3205.4000 0.1587
3209.1000 0.1589
3209.2000 0.1590
3220.8000 0.1591
3223.2000 0.1592
3225.4000 0.1593
3230.0000 0.1594
3233.8000 0.1595
3238.0000 0.1596
3249.5000 0.1597
3258.8000 0.1598
3266.7000 0.1599
3294.3000 0.1600
3299.3000 0.1601
3301.3000 0.1602
3311.5000 0.1603
3316.0000 0.1604
3317.3000 0.1605
3319.3000 0.1606
3320.2000 0.1607
3326.6000 0.1608
3331.3000 0.1609
3333.7000 0.1610
3336.4000 0.1611
3338.2000 0.1612
3349.5000 0.1614
3355.1000 0.1615
3355.4000 0.1616
3364.3000 0.1617
3364.3000 0.1618
3365.9000 0.1619
3372.6000 0.1620
3374.5000 0.1621
3379.2000 0.1622
3392.9000 0.1623
3395.0000 0.1624
3397.4000 0.1625
3399.0000 0.1626
3409.2000 0.1627
3409.5000 0.1628
3410.0000 0.1629
3411.6000 0.1630
3416.8000 0.1631
3418.1000 0.1632
3434.1000 0.1633
3435.7000 0.1634
3439.9000 0.1635
3442.4000 0.1636
3442.9000 0.1637
3445.9000 0.1639
3447.2000 0.1640
3452.6000 0.1641
3452.7000 0.1642
3455.9000 0.1643
3464.4000 0.1644
3464.4000 0.1645
3473.2000 0.1646
3485.4000 0.1647
3488.6000 0.1648
3503.3000 0.1649
3505.2000 0.1650
3509.4000 0.1651
3510.6000 0.1652
3527.5000 0.1653
3529.2000 0.1654
3538.1000 0.1655
3543.7000 0.1656
3551.3000 0.1657
3559.0000 0.1658
3559.7000 0.1659
3560.7000 0.1660
3573.5000 0.1661
3577.8000 0.1662
3578.7000 0.1664
3583.5000 0.1665
3588.4000 0.1666
3589.0000 0.1667
3590.1000 0.1668
3599.0000 0.1669
3609.5000 0.1670
3617.7000 0.1671
3620.0000 0.1672
3628.3000 0.1673
3635.8000 0.1674
3636.0000 0.1675
3639.8000 0.1676
3641.8000 0.1677
3642.5000 0.1678
3642.6000 0.1679
3646.7000 0.1680
3649.3000 0.1681
3650.0000 0.1682
3658.5000 0.1683
3666.8000 0.1684
3670.7000 0.1685
3672.6000 0.1686
3675.2000 0.1687
3677.6000 0.1689
3678.1000 0.1690
3680.4000 0.1691
3681.2000 0.1692
3686.8000 0.1693
3696.8000 0.1694
3697.0000 0.1695
3710.4000 0.1696
3712.5000 0.1697
3713.3000 0.1698
3722.1000 0.1699
3736.4000 0.1700
3736.5000 0.1701
3744.9000 0.1702
3755.8000 0.1703
3756.1000 0.1704
3759.8000 0.1705
3759.9000 0.1706
3765.0000 0.1707
3771.3000 0.1708
3781.1000 0.1709
3782.5000 0.1710
3785.2000 0.1711
3787.5000 0.1712
3789.7000 0.1714
3791.7000 0.1715
3800.9000 0.1716
3804.5000 0.1717
3813.1000 0.1718
3819.3000 0.1719
3824.2000 0.1720
3826.0000 0.1721
3827.2000 0.1722
3832.8000 0.1723
3836.9000 0.1724
3837.5000 0.1725
3837.7000 0.1726
3838.6000 0.1727
3849.1000 0.1728
3851.1000 0.1729
3855.0000 0.1730
3860.3000 0.1731
3863.3000 0.1732
3866.1000 0.1733
3867.0000 0.1734
3882.8000 0.1735
3884.7000 0.1736
3886.9000 0.1737
3889.6000 0.1739
3896.3000 0.1740
3906.0000 0.1741
3906.2000 0.1742
3909.4000 0.1743
3917.7000 0.1744
3929.8000 0.1745
3933.5000 0.1746
3937.1000 0.1747
3938.0000 0.1748
3952.3000 0.1749
3954.8000 0.1750
3955.4000 0.1751
3959.7000 0.1752
3965.2000 0.1753
3969.0000 0.1754
3970.4000 0.1755
3970.7000 0.1756
3976.7000 0.1757
3978.5000 0.1758
3979.2000 0.1759
3990.2000 0.1760
3992.4000 0.1761
3995.4000 0.1762
3997.1000 0.1764
4002.8000 0.1765
4003.7000 0.1766
4005.3000 0.1767
4008.7000 0.1768
4015.1000 0.1769
4017.5000 0.1770
4032.4000 0.1771
4036.9000 0.1772
4039.1000 0.1773
4040.7000 0.1774
4041.2000 0.1775
4043.5000 0.1776
4045.0000 0.1777
4045.1000 0.1778
4046.1000 0.1779
4048.4000 0.1780
4052.6000 0.1781
4060.7000 0.1782
4063.6000 0.1783
4068.9000 0.1784
4074.3000 0.1785
4079.5000 0.1786
4084.0000 0.1787
4091.6000 0.1789
4092.6000 0.1790
4093.6000 0.1791
4097.0000 0.1792
4102.6000 0.1793
4103.7000 0.1794
4114.1000 0.1795
4123.5000 0.1796
4124.4000 0.1797
4127.4000 0.1798
4142.2000 0.1799
4142.8000 0.1800
4144.3000 0.1801
4147.4000 0.1802
4147.8000 0.1803
4153.7000 0.1804
4155.7000 0.1805
4164.1000 0.1806
4168.2000 0.1807
4182.6000 0.1808
4182.9000 0.1809
4184.4000 0.1810
4190.7000 0.1811
4195.9000 0.1812
4196.9000 0.1814
4208.1000 0.1815
4212.2000 0.1816
4214.8000 0.1817
4219.3000 0.1818
4221.2000 0.1819
4233.1000 0.1820
4233.7000 0.1821
4234.5000 0.1822
4239.1000 0.1823
4240.3000 0.1824
4240.4000 0.1825
4244.9000 0.1826
4247.0000 0.1827
4248.6000 0.1828
4264.3000 0.1829
4264.7000 0.1830
4272.7000 0.1831
4274.0000 0.1832
4277.5000 0.1833
4280.6000 0.1834
4283.7000 0.1835
4285.6000 0.1836
4298.3000 0.1837
4301.6000 0.1839
4302.9000 0.1840
4303.1000 0.1841
4304.3000 0.1842
4307.1000 0.1843
4319.6000 0.1844
4326.9000 0.1845
4353.3000 0.1846
4355.2000 0.1847
4370.9000 0.1848
4371.9000 0.1849
4377.5000 0.1850
4379.1000 0.1851
4380.2000 0.1852
4385.5000 0.1853
4390.5000 0.1854
4394.1000 0.1855
4394.2000 0.1856
4401.2000 0.1857
4401.3000 0.1858
4410.7000 0.1859
4411.9000 0.1860
4422.4000 0.1861
4425.4000 0.1862
4429.7000 0.1864
4436.0000 0.1865
4445.6000 0.1866
4453.1000 0.1867
4454.8000 0.1868
4455.3000 0.1869
4465.2000 0.1870
4470.3000 0.1871
4470.6000 0.1872
4476.4000 0.1873
4476.7000 0.1874
4477.1000 0.1875
4483.4000 0.1876
4498.4000 0.1877
4503.2000 0.1878
4505.7000 0.1879
4506.2000 0.1880
4506.3000 0.1881
4507.7000 0.1882
4509.1000 0.1883
4509.3000 0.1884
4521.6000 0.1885
4524.9000 0.1886
4532.7000 0.1887
4533.6000 0.1889
4535.4000 0.1890
4549.1000 0.1891
4550.2000 0.1892
4562.7000 0.1893
4563.8000 0.1894
4566.7000 0.1895
4567.5000 0.1896
4574.5000 0.1897
4575.6000 0.1898
4580.8000 0.1899
4583.3000 0.1900
4595.7000 0.1901
4602.2000 0.1902
4612.5000 0.1903
4621.9000 0.1904
4628.7000 0.1905
4635.5000 0.1906
4640.7000 0.1907
4646.4000 0.1908
4652.1000 0.1909
4652.7000 0.1910
4653.7000 0.1911
4656.4000 0.1912
4659.7000 0.1914
4659.9000 0.1915
4673.7000 0.1916
4681.0000 0.1917
4687.7000 0.1918
4690.6000 0.1919
4691.2000 0.1920
4695.7000 0.1921
4702.6000 0.1922
4705.0000 0.1923
4706.3000 0.1924
4717.3000 0.1925
4725.0000 0.1926
4729.9000 0.1927
4737.6000 0.1928
4740.0000 0.1929
4740.0000 0.1930
4744.9000 0.1931
4746.5000 0.1932
4750.7000 0.1933
4750.9000 0.1934
4756.8000 0.1935
4761.4000 0.1936
4768.2000 0.1937
4772.6000 0.1939
4781.4000 0.1940
4784.3000 0.1941
4785.7000 0.1942
4787.4000 0.1943
4787.6000 0.1944
4795.4000 0.1945
4800.6000 0.1946
4802.6000 0.1947
4804.3000 0.1948
4805.5000 0.1949
4805.5000 0.1950
4808.4000 0.1951
4810.2000 0.1952
4818.8000 0.1953
4829.6000 0.1954
4833.0000 0.1955
4840.5000 0.1956
4841.6000 0.1957
4843.6000 0.1958
4845.5000 0.1959
4845.9000 0.1960
4849.6000 0.1961
4853.5000 0.1962
4866.8000 0.1964
4867.2000 0.1965
4877.6000 0.1966
4884.0000 0.1967
4888.6000 0.1968
4895.4000 0.1969
4898.3000 0.1970
4900.0000 0.1971
4907.4000 0.1972
4908.6000 0.1973
4908.7000 0.1974
4908.9000 0.1975
4916.2000 0.1976
4917.7000 0.1977
4921.7000 0.1978
4922.1000 0.1979
4934.4000 0.1980
4936.5000 0.1981
4944.6000 0.1982
4945.6000 0.1983
4954.4000 0.1984
4969.3000 0.1985
4972.2000 0.1986
4974.5000 0.1987
4974.6000 0.1989
4976.8000 0.1990
4982.5000 0.1991
4985.5000 0.1992
4986.1000 0.1993
4991.5000 0.1994
4995.7000 0.1995
5023.4000 0.1996
5028.8000 0.1997
5033.7000 0.1998
5034.5000 0.1999
5037.2000 0.2000
5044.1000 0.2001
5045.4000 0.2002
5046.7000 0.2003
5052.4000 0.2004
5058.0000 0.2005
5061.1000 0.2006
5064.7000 0.2007
5079.7000 0.2008
5080.7000 0.2009
5084.5000 0.2010
5085.0000 0.2011
5085.5000 0.2012
5090.2000 0.2014
5093.2000 0.2015
5093.3000 0.2016
5093.9000 0.2017
5099.4000 0.2018
5113.8000 0.2019
5119.0000 0.2020
5124.6000 0.2021
5128.1000 0.2022
5146.9000 0.2023
5154.2000 0.2024
5157.0000 0.2025
5157.8000 0.2026
5163.8000 0.2027
5166.4000 0.2028
5182.4000 0.2029
5183.4000 0.2030
5184.7000 0.2031
5186.3000 0.2032
5198.7000 0.2033
5201.0000 0.2034
5212.3000 0.2035
5221.0000 0.2036
5221.6000 0.2037
5222.5000 0.2039
5226.7000 0.2040
5233.8000 0.2041
5248.1000 0.2042
5249.2000 0.2043
5251.2000 0.2044
5257.5000 0.2045
5270.4000 0.2046
5272.2000 0.2047
5284.8000 0.2048
5291.8000 0.2049
5292.7000 0.2050
5298.9000 0.2051
5305.2000 0.2052
5305.3000 0.2053
5315.7000 0.2054
5318.8000 0.2055
5322.2000 0.2056
5324.4000 0.2057
5330.3000 0.2058
5331.5000 0.2059
5337.6000 0.2060
5345.1000 0.2061
5361.7000 0.2062
5368.6000 0.2064
5368.8000 0.2065
5382.0000 0.2066
5386.6000 0.2067
5386.9000 0.2068
5388.6000 0.2069
5389.2000 0.2070
5394.8000 0.2071
5400.2000 0.2072
5412.2000 0.2073
5412.6000 0.2074
5420.6000 0.2075
5422.1000 0.2076
5426.9000 0.2077
5427.5000 0.2078
5430.9000 0.2079
5431.9000 0.2080
5433.3000 0.2081
5437.5000 0.2082
5441.1000 0.2083
5450.3000 0.2084
5466.6000 0.2085
5471.5000 0.2086
5475.1000 0.2087
5475.6000 0.2089
5479.1000 0.2090
5499.3000 0.2091
5500.4000 0.2092
5503.2000 0.2093
5506.5000 0.2094
5507.5000 0.2095
5515.8000 0.2096
5519.7000 0.2097
5520.8000 0.2098
5521.1000 0.2099
5523.1000 0.2100
5539.2000 0.2101
5544.5000 0.2102
5553.6000 0.2103
5554.4000 0.2104
5560.7000 0.2105
5560.7000 0.2106
5561.9000 0.2107
5588.7000 0.2108
5600.5000 0.2109
5605.2000 0.2110
5614.3000 0.2111
5622.6000 0.2112
5624.2000 0.2114
5630.1000 0.2115
5631.3000 0.2116
5637.5000 0.2117
5645.5000 0.2118
5645.6000 0.2119
5663.1000 0.2120
5676.4000 0.2121
5679.7000 0.2122
5680.0000 0.2123
5684.8000 0.2124
5685.7000 0.2125
5687.8000 0.2126
5699.7000 0.2127
5706.2000 0.2128
5720.4000 0.2129
5721.2000 0.2130
5725.7000 0.2131
5742.6000 0.2132
5748.7000 0.2133
5756.4000 0.2134
5769.3000 0.2135
5774.7000 0.2136
5778.7000 0.2137
5779.7000 0.2139
5779.7000 0.2140
5787.4000 0.2141
5797.6000 0.2142
5804.9000 0.2143
5806.1000 0.2144
5807.8000 0.2145
5822.3000 0.2146
5824.2000 0.2147
5838.7000 0.2148
5838.9000 0.2149
5840.4000 0.2150
5840.5000 0.2151
5842.1000 0.2152
5848.8000 0.2153
5856.2000 0.2154
5860.0000 0.2155
5865.2000 0.2156
5869.6000 0.2157
5871.1000 0.2158
5878.1000 0.2159
5879.5000 0.2160
5884.9000 0.2161
5888.5000 0.2162
5910.1000 0.2164
5911.7000 0.2165
5911.8000 0.2166
5917.4000 0.2167
5929.5000 0.2168
5930.2000 0.2169
5935.2000 0.2170
5936.9000 0.2171
5942.7000 0.2172
5946.4000 0.2173
5949.1000 0.2174
5956.0000 0.2175
5956.3000 0.2176
5964.5000 0.2177
5972.4000 0.2178
5985.3000 0.2179
5986.4000 0.2180
5988.0000 0.2181
6008.4000 0.2182
6009.5000 0.2183
6014.7000 0.2184
6025.3000 0.2185
6026.1000 0.2186
6038.5000 0.2187
6039.4000 0.2189
6040.1000 0.2190
6041.3000 0.2191
6052.2000 0.2192
6052.3000 0.2193
6056.7000 0.2194
6058.3000 0.2195
6064.5000 0.2196
6075.3000 0.2197
6077.8000 0.2198
6079.3000 0.2199
6082.2000 0.2200
6092.7000 0.2201
6095.2000 0.2202
6096.3000 0.2203
6100.7000 0.2204
6104.5000 0.2205
6116.3000 0.2206
6119.5000 0.2207
6123.1000 0.2208
6125.5000 0.2209
6126.2000 0.2210
6131.2000 0.2211
6138.7000 0.2212
6166.5000 0.2214
6180.4000 0.2215
6187.5000 0.2216
6191.1000 0.2217
6192.5000 0.2218
6192.5000 0.2219
6195.8000 0.2220
6196.6000 0.2221
6198.6000 0.2222
6200.5000 0.2223
6206.1000 0.2224
6215.6000 0.2225
6222.7000 0.2226
6226.7000 0.2227
6233.3000 0.2228
6234.2000 0.2229
6235.2000 0.2230
6235.5000 0.2231
6240.2000 0.2232
6241.1000 0.2233
6247.6000 0.2234
6249.7000 0.2235
6252.6000 0.2236
6255.5000 0.2237
6277.2000 0.2239
6281.4000 0.2240
6285.2000 0.2241
6293.5000 0.2242
6297.1000 0.2243
6300.3000 0.2244
6302.3000 0.2245
6303.1000 0.2246
6305.2000 0.2247
6317.1000 0.2248
6317.8000 0.2249
6318.0000 0.2250
6329.1000 0.2251
6337.5000 0.2252
6347.9000 0.2253
6354.1000 0.2254
6355.0000 0.2255
6361.7000 0.2256
6366.5000 0.2257
6380.4000 0.2258
6382.5000 0.2259
6383.4000 0.2260
6386.3000 0.2261
6387.5000 0.2262
6392.0000 0.2264
6396.2000 0.2265
6400.9000 0.2266
6402.5000 0.2267
6403.4000 0.2268
6411.1000 0.2269
6411.3000 0.2270
6417.5000 0.2271
6420.7000 0.2272
6447.9000 0.2273
6453.9000 0.2274
6454.6000 0.2275
6464.2000 0.2276
6469.6000 0.2277
6477.5000 0.2278
6494.2000 0.2279
6501.5000 0.2280
6502.7000 0.2281
6504.1000 0.2282
6504.2000 0.2283
6512.2000 0.2284
6512.8000 0.2285
6513.7000 0.2286
6515.5000 0.2287
6525.8000 0.2289
6526.4000 0.2290
6526.6000 0.2291
6540.7000 0.2292
6546.3000 0.2293
6549.9000 0.2294
6551.2000 0.2295
6552.0000 0.2296
6555.7000 0.2297
6574.8000 0.2298
6576.4000 0.2299
6581.8000 0.2300
6589.7000 0.2301
6592.1000 0.2302
6593.5000 0.2303
6595.3000 0.2304
6598.3000 0.2305
6600.4000 0.2306
6600.8000 0.2307
6616.8000 0.2308
6620.0000 0.2309
6628.2000 0.2310
6629.7000 0.2311
6632.2000 0.2312
6635.1000 0.2314
6649.4000 0.2315
6650.0000 0.2316
6651.2000 0.2317
6653.9000 0.2318
6655.0000 0.2319
6655.5000 0.2320
6657.5000 0.2321
6659.2000 0.2322
6662.3000 0.2323
6663.1000 0.2324
6678.4000 0.2325
6689.3000 0.2326
6692.6000 0.2327
6702.6000 0.2328
6704.0000 0.2329
6707.6000 0.2330
6712.9000 0.2331
6718.3000 0.2332
6721.3000 0.2333
6722.7000 0.2334
6724.9000 0.2335
6732.7000 0.2336
6750.5000 0.2337
6755.7000 0.2339
6762.6000 0.2340
6762.9000 0.2341
6771.6000 0.2342
6773.0000 0.2343
6773.1000 0.2344
6782.1000 0.2345
6782.3000 0.2346
6786.5000 0.2347
6792.1000 0.2348
6798.0000 0.2349
6798.2000 0.2350
6799.5000 0.2351
6802.8000 0.2352
6810.2000 0.2353
6821.0000 0.2354
6829.7000 0.2355
6836.5000 0.2356
6845.3000 0.2357
6846.7000 0.2358
6854.1000 0.2359
6854.1000 0.2360
6867.0000 0.2361
6871.6000 0.2362
6876.6000 0.2364
6881.6000 0.2365
6890.3000 0.2366
6890.5000 0.2367
6891.3000 0.2368
6892.3000 0.2369
6905.5000 0.2370
6907.3000 0.2371
6913.7000 0.2372
6914.3000 0.2373
6915.2000 0.2374
6925.5000 0.2375
6929.8000 0.2376
6932.7000 0.2377
6934.5000 0.2378
6947.6000 0.2379
6951.7000 0.2380
6954.5000 0.2381
6956.6000 0.2382
6961.1000 0.2383
6961.8000 0.2384
6963.7000 0.2385
6964.6000 0.2386
6965.3000 0.2387
6970.5000 0.2389
6987.5000 0.2390
6992.2000 0.2391
6997.0000 0.2392
6997.7000 0.2393
6999.1000 0.2394
7010.0000 0.2395
7011.3000 0.2396
7022.4000 0.2397
7025.1000 0.2398
7029.5000 0.2399
7034.5000 0.2400
7037.2000 0.2401
7039.2000 0.2402
7047.5000 0.2403
7049.2000 0.2404
7052.4000 0.2405
7052.6000 0.2406
7055.7000 0.2407
7074.1000 0.2408
7076.4000 0.2409
7079.1000 0.2410
7095.9000 0.2411
7104.0000 0.2412
7105.1000 0.2414
7105.6000 0.2415
7116.5000 0.2416
7124.6000 0.2417
7133.8000 0.2418
7141.5000 0.2419
7149.5000 0.2420
7159.0000 0.2421
7160.1000 0.2422
7188.5000 0.2423
7195.6000 0.2424
7198.5000 0.2425
7199.6000 0.2426
7203.7000 0.2427
7216.4000 0.2428
7217.0000 0.2429
7223.6000 0.2430
7228.0000 0.2431
7229.2000 0.2432
7239.8000 0.2433
7245.9000 0.2434
7250.4000 0.2435
7262.6000 0.2436
7264.4000 0.2437
7270.4000 0.2439
7273.3000 0.2440
7279.3000 0.2441
7280.3000 0.2442
7293.1000 0.2443
7296.8000 0.2444
7311.5000 0.2445
7353.1000 0.2446
7363.1000 0.2447
7365.1000 0.2448
7371.1000 0.2449
7375.6000 0.2450
7380.6000 0.2451
7381.7000 0.2452
7387.1000 0.2453
7390.8000 0.2454
7402.1000 0.2455
7404.5000 0.2456
7405.3000 0.2457
7447.1000 0.2458
7454.3000 0.2459
7464.3000 0.2460
7482.0000 0.2461
7490.7000 0.2462
7493.4000 0.2464
7496.1000 0.2465
7496.6000 0.2466
7497.7000 0.2467
7503.9000 0.2468
7504.3000 0.2469
7513.6000 0.2470
7514.2000 0.2471
7518.8000 0.2472
7518.8000 0.2473
7521.3000 0.2474
7522.6000 0.2475
7526.2000 0.2476
7528.8000 0.2477
7537.1000 0.2478
7557.7000 0.2479
7562.8000 0.2480
7569.8000 0.2481
7572.9000 0.2482
7577.5000 0.2483
7591.5000 0.2484
7610.0000 0.2485
7617.5000 0.2486
7619.4000 0.2487
7623.3000 0.2489
7626.2000 0.2490
7634.6000 0.2491
7635.6000 0.2492
7662.3000 0.2493
7663.7000 0.2494
7668.2000 0.2495
7673.9000 0.2496
7690.3000 0.2497
7697.7000 0.2498
7706.5000 0.2499
7709.1000 0.2500
7709.1000 0.2501
7720.3000 0.2502
7724.3000 0.2503
7730.2000 0.2504
7732.9000 0.2505
7733.0000 0.2506
7733.1000 0.2507
7736.5000 0.2508
7750.4000 0.2509
7751.5000 0.2510
7765.1000 0.2511
7768.2000 0.2512
7769.3000 0.2514
7770.8000 0.2515
7785.1000 0.2516
7785.7000 0.2517
7801.2000 0.2518
7802.4000 0.2519
7805.9000 0.2520
7806.2000 0.2521
7808.9000 0.2522
7811.1000 0.2523
7817.9000 0.2524
7818.4000 0.2525
7827.2000 0.2526
7834.6000 0.2527
7842.4000 0.2528
7848.7000 0.2529
7850.6000 0.2530
7850.7000 0.2531
7858.5000 0.2532
7863.4000 0.2533
7865.6000 0.2534
7870.5000 0.2535
7870.6000 0.2536
7872.8000 0.2537
7873.2000 0.2539
7874.6000 0.2540
7875.0000 0.2541
7884.4000 0.2542
7885.2000 0.2543
7900.3000 0.2544
7901.4000 0.2545
7902.7000 0.2546
7915.6000 0.2547
7917.5000 0.2548
7922.3000 0.2549
7936.3000 0.2550
7948.3000 0.2551
7948.3000 0.2552
7948.5000 0.2553
7949.3000 0.2554
7950.0000 0.2555
7951.4000 0.2556
7960.0000 0.2557
7960.7000 0.2558
7977.3000 0.2559
7978.0000 0.2560
7979.8000 0.2561
7980.1000 0.2562
7980.2000 0.2564
7981.3000 0.2565
7987.1000 0.2566
7987.6000 0.2567
7992.2000 0.2568
7995.3000 0.2569
7999.0000 0.2570
8002.7000 0.2571
8011.7000 0.2572
8015.7000 0.2573
8018.0000 0.2574
8020.8000 0.2575
8023.3000 0.2576
8034.1000 0.2577
8040.4000 0.2578
8044.8000 0.2579
8044.8000 0.2580
8055.8000 0.2581
8059.8000 0.2582
8065.0000 0.2583
8074.3000 0.2584
8074.6000 0.2585
8083.6000 0.2586
8098.7000 0.2587
8106.2000 0.2589
8112.3000 0.2590
8118.7000 0.2591
8122.5000 0.2592
8124.3000 0.2593
8130.4000 0.2594
8133.3000 0.2595
8135.7000 0.2596
8151.9000 0.2597
8152.6000 0.2598
8160.9000 0.2599
8161.3000 0.2600
8161.4000 0.2601
8161.7000 0.2602
8164.4000 0.2603
8170.8000 0.2604
8174.6000 0.2605
8178.2000 0.2606
8181.9000 0.2607
8187.8000 0.2608
8190.0000 0.2609
8192.1000 0.2610
8193.2000 0.2611
8195.9000 0.2612
8199.4000 0.2614
8204.1000 0.2615
8206.6000 0.2616
8214.8000 0.2617
8220.3000 0.2618
8223.7000 0.2619
8229.1000 0.2620
8229.2000 0.2621
8231.7000 0.2622
8235.6000 0.2623
8237.1000 0.2624
8237.9000 0.2625
8239.5000 0.2626
8249.8000 0.2627
8253.1000 0.2628
8269.4000 0.2629
8286.0000 0.2630
8288.9000 0.2631
8291.7000 0.2632
8296.4000 0.2633
8298.3000 0.2634
8313.4000 0.2635
8319.1000 0.2636
8323.7000 0.2637
8327.0000 0.2639
8328.1000 0.2640
8334.5000 0.2641
8337.6000 0.2642
8340.4000 0.2643
8363.3000 0.2644
8369.8000 0.2645
8370.4000 0.2646
8373.6000 0.2647
8373.7000 0.2648
8376.4000 0.2649
8384.7000 0.2650
8385.5000 0.2651
8390.5000 0.2652
8394.5000 0.2653
8401.2000 0.2654
8401.7000 0.2655
8406.4000 0.2656
8410.1000 0.2657
8415.9000 0.2658
8417.6000 0.2659
8421.5000 0.2660
8422.2000 0.2661
8427.6000 0.2662
8431.0000 0.2664
8451.8000 0.2665
8465.6000 0.2666
8467.3000 0.2667
8467.5000 0.2668
8475.0000 0.2669
8483.5000 0.2670
8490.6000 0.2671
8492.3000 0.2672
8495.3000 0.2673
8498.6000 0.2674
8501.7000 0.2675
8502.8000 0.2676
8512.4000 0.2677
8514.0000 0.2678
8515.5000 0.2679
8525.6000 0.2680
8531.9000 0.2681
8534.2000 0.2682
8534.6000 0.2683
8574.3000 0.2684
8579.5000 0.2685
8582.1000 0.2686
8585.7000 0.2687
8599.8000 0.2689
8600.6000 0.2690
8601.7000 0.2691
8607.4000 0.2692
8612.0000 0.2693
8615.3000 0.2694
8630.0000 0.2695
8649.2000 0.2696
8661.0000 0.2697
8669.7000 0.2698
8681.2000 0.2699
8689.7000 0.2700
8697.7000 0.2701
8700.9000 0.2702
8710.0000 0.2703
8719.2000 0.2704
8730.7000 0.2705
8734.0000 0.2706
8742.5000 0.2707
8746.4000 0.2708
8763.6000 0.2709
8777.0000 0.2710
8790.1000 0.2711
8793.7000 0.2712
8796.0000 0.2714
8797.5000 0.2715
8799.7000 0.2716
8828.6000 0.2717
8833.8000 0.2718
8848.3000 0.2719
8855.5000 0.2720
8863.0000 0.2721
8870.2000 0.2722
8871.6000 0.2723
8874.6000 0.2724
8874.6000 0.2725
8885.0000 0.2726
8886.6000 0.2727
8889.7000 0.2728
8892.6000 0.2729
8902.7000 0.2730
8918.5000 0.2731
8919.0000 0.2732
8925.2000 0.2733
8928.3000 0.2734
8930.7000 0.2735
8937.4000 0.2736
8949.1000 0.2737
8950.4000 0.2739
8950.6000 0.2740
8959.0000 0.2741
8965.7000 0.2742
8974.9000 0.2743
8980.2000 0.2744
8982.2000 0.2745
8983.7000 0.2746
8989.4000 0.2747
8999.5000 0.2748
9002.3000 0.2749
9005.5000 0.2750
9013.9000 0.2751
9019.7000 0.2752
9023.1000 0.2753
9027.5000 0.2754
9029.3000 0.2755
9031.1000 0.2756
9031.1000 0.2757
9033.4000 0.2758
9038.2000 0.2759
9040.1000 0.2760
9053.1000 0.2761
9071.6000 0.2762
9074.5000 0.2764
9076.6000 0.2765
9080.5000 0.2766
9082.8000 0.2767
9083.6000 0.2768
9086.3000 0.2769
9087.3000 0.2770
9089.3000 0.2771
9092.4000 0.2772
9096.5000 0.2773
9105.4000 0.2774
9105.7000 0.2775
9108.2000 0.2776
9117.3000 0.2777
9120.4000 0.2778
9122.5000 0.2779
9139.5000 0.2780
9142.6000 0.2781
9147.2000 0.2782
9148.8000 0.2783
9151.0000 0.2784
9151.3000 0.2785
9153.5000 0.2786
9153.8000 0.2787
9162.9000 0.2789
9166.5000 0.2790
9177.0000 0.2791
9180.1000 0.2792
9197.2000 0.2793
9201.3000 0.2794
9206.1000 0.2795
9208.7000 0.2796
9215.7000 0.2797
9238.3000 0.2798
9241.2000 0.2799
9241.6000 0.2800
9274.0000 0.2801
9277.6000 0.2802
9282.9000 0.2803
9287.7000 0.2804
9313.5000 0.2805
9316.9000 0.2806
9318.0000 0.2807
9324.3000 0.2808
9327.4000 0.2809
9327.6000 0.2810
9335.5000 0.2811
9340.7000 0.2812
9344.0000 0.2814
9358.4000 0.2815
9378.6000 0.2816
9383.9000 0.2817
9384.3000 0.2818
9395.6000 0.2819
9406.6000 0.2820
9416.4000 0.2821
9417.3000 0.2822
9424.2000 0.2823
9424.5000 0.2824
9438.4000 0.2825
9438.7000 0.2826
9446.5000 0.2827
9462.6000 0.2828
9470.0000 0.2829
9476.6000 0.2830
9477.7000 0.2831
9481.8000 0.2832
9482.1000 0.2833
9482.8000 0.2834
9482.9000 0.2835
9483.0000 0.2836
9503.5000 0.2837
9507.1000 0.2839
9513.5000 0.2840
9515.1000 0.2841
9517.5000 0.2842
9520.6000 0.2843
9522.6000 0.2844
9523.3000 0.2845
9526.8000 0.2846
9537.2000 0.2847
9543.4000 0.2848
9552.5000 0.2849
9564.5000 0.2850
9572.3000 0.2851
9587.1000 0.2852
9587.7000 0.2853
9590.8000 0.2854
9592.6000 0.2855
9594.1000 0.2856
9600.3000 0.2857
9610.6000 0.2858
9611.9000 0.2859
9617.4000 0.2860
9618.6000 0.2861
9630.0000 0.2862
9645.3000 0.2864
9652.3000 0.2865
9652.7000 0.2866
9659.1000 0.2867
9662.9000 0.2868
9662.9000 0.2869
9667.5000 0.2870
9668.2000 0.2871
9676.5000 0.2872
9677.5000 0.2873
9678.5000 0.2874
9691.1000 0.2875
9703.7000 0.2876
9704.4000 0.2877
9711.7000 0.2878
9722.0000 0.2879
9725.7000 0.2880
9730.0000 0.2881
9740.6000 0.2882
9742.3000 0.2883
9742.7000 0.2884
9747.2000 0.2885
9754.7000 0.2886
9759.3000 0.2887
9762.3000 0.2889
9764.4000 0.2890
9768.8000 0.2891
9770.5000 0.2892
9773.1000 0.2893
9774.4000 0.2894
9775.5000 0.2895
9778.4000 0.2896
9778.5000 0.2897
9779.4000 0.2898
9789.3000 0.2899
9795.4000 0.2900
9808.9000 0.2901
9809.2000 0.2902
9811.4000 0.2903
9814.7000 0.2904
9819.5000 0.2905
9839.4000 0.2906
9843.6000 0.2907
9850.3000 0.2908
9854.6000 0.2909
9863.6000 0.2910
9879.1000 0.2911
9885.1000 0.2912
9898.2000 0.2914
9908.6000 0.2915
9918.4000 0.2916
9921.0000 0.2917
9925.8000 0.2918
9929.8000 0.2919
9936.1000 0.2920
9940.9000 0.2921
9948.9000 0.2922
9955.8000 0.2923
9959.6000 0.2924
9966.7000 0.2925
9972.0000 0.2926
9985.1000 0.2927
10002.5000 0.2928
10005.7000 0.2929
10010.1000 0.2930
10022.5000 0.2931
10034.1000 0.2932
10041.4000 0.2933
10060.2000 0.2934
10067.7000 0.2935
10085.0000 0.2936
10085.7000 0.2937
10089.2000 0.2939
10090.8000 0.2940
10090.8000 0.2941
10106.6000 0.2942
10117.0000 0.2943
10140.3000 0.2944
10142.4000 0.2945
10144.5000 0.2946
10150.9000 0.2947
10161.4000 0.2948
10162.0000 0.2949
10162.9000 0.2950
10165.4000 0.2951
10177.5000 0.2952
10177.8000 0.2953
10181.1000 0.2954
10181.8000 0.2955
10191.6000 0.2956
10222.5000 0.2957
10223.1000 0.2958
10233.7000 0.2959
10247.5000 0.2960
10248.7000 0.2961
10252.3000 0.2962
10259.6000 0.2964
10272.2000 0.2965
10272.2000 0.2966
10276.7000 0.2967
10281.9000 0.2968
10287.3000 0.2969
10290.7000 0.2970
10294.0000 0.2971
10296.3000 0.2972
10298.5000 0.2973
10298.7000 0.2974
10305.1000 0.2975
10306.9000 0.2976
10307.3000 0.2977
10307.7000 0.2978
10307.7000 0.2979
10316.7000 0.2980
10319.8000 0.2981
10322.7000 0.2982
10326.4000 0.2983
10330.7000 0.2984
10333.6000 0.2985
10346.5000 0.2986
10348.5000 0.2987
10352.8000 0.2989
10356.7000 0.2990
10367.1000 0.2991
10367.6000 0.2992
10368.5000 0.2993
10370.2000 0.2994
10390.1000 0.2995
10398.3000 0.2996
10399.1000 0.2997
10399.7000 0.2998
10404.5000 0.2999
10412.3000 0.3000
10412.8000 0.3001
10423.0000 0.3002
10423.3000 0.3003
10429.5000 0.3004
10446.0000 0.3005
10450.4000 0.3006
10458.9000 0.3007
10465.6000 0.3008
10468.5000 0.3009
10478.4000 0.3010
10480.4000 0.3011
10487.2000 0.3012
10492.7000 0.3014
10497.4000 0.3015
10498.5000 0.3016
10510.5000 0.3017
10512.0000 0.3018
10528.1000 0.3019
10531.6000 0.3020
10533.5000 0.3021
10534.3000 0.3022
10537.2000 0.3023
10541.0000 0.3024
10543.9000 0.3025
10547.7000 0.3026
10554.1000 0.3027
10558.1000 0.3028
10560.2000 0.3029
10564.7000 0.3030
10568.7000 0.3031
10568.8000 0.3032
10568.9000 0.3033
10569.4000 0.3034
10571.1000 0.3035
10574.6000 0.3036
10584.6000 0.3037
10586.5000 0.3039
10591.5000 0.3040
10599.6000 0.3041
10607.4000 0.3042
10607.6000 0.3043
10612.5000 0.3044
10619.6000 0.3045
10623.6000 0.3046
10630.5000 0.3047
10642.2000 0.3048
10643.2000 0.3049
10646.7000 0.3050
10656.8000 0.3051
10657.2000 0.3052
10657.2000 0.3053
10657.5000 0.3054
10658.4000 0.3055
10659.1000 0.3056
10670.3000 0.3057
10672.1000 0.3058
10673.9000 0.3059
10678.6000 0.3060
10684.2000 0.3061
10689.5000 0.3062
10693.7000 0.3064
10696.5000 0.3065
10696.9000 0.3066
10698.7000 0.3067
10699.6000 0.3068
10702.5000 0.3069
10705.6000 0.3070
10718.3000 0.3071
10733.9000 0.3072
10735.1000 0.3073
10745.5000 0.3074
10745.9000 0.3075
10747.2000 0.3076
10750.4000 0.3077
10762.9000 0.3078
10786.2000 0.3079
10790.3000 0.3080
10791.7000 0.3081
10802.7000 0.3082
10805.6000 0.3083
10808.7000 0.3084
10810.3000 0.3085
10814.0000 0.3086
10814.2000 0.3087
10821.8000 0.3089
10829.3000 0.3090
10832.9000 0.3091
10840.9000 0.3092
10843.6000 0.3093
10846.7000 0.3094
10849.5000 0.3095
10854.8000 0.3096
10867.9000 0.3097
10876.3000 0.3098
10876.4000 0.3099
10877.6000 0.3100
10878.2000 0.3101
10878.3000 0.3102
10887.4000 0.3103
10898.6000 0.3104
10900.6000 0.3105
10900.8000 0.3106
10910.7000 0.3107
10911.5000 0.3108
10914.1000 0.3109
10914.6000 0.3110
10915.9000 0.3111
10916.7000 0.3112
10928.0000 0.3114
10929.7000 0.3115
10941.4000 0.3116
10941.7000 0.3117
10942.6000 0.3118
10948.7000 0.3119
10955.4000 0.3120
10959.8000 0.3121
10960.1000 0.3122
10977.2000 0.3123
10977.4000 0.3124
10978.5000 0.3125
10980.3000 0.3126
10985.2000 0.3127
10999.4000 0.3128
11022.8000 0.3129
11029.1000 0.3130
11032.8000 0.3131
11034.5000 0.3132
11038.8000 0.3133
11049.7000 0.3134
11060.6000 0.3135
11063.5000 0.3136
11068.7000 0.3137
11072.8000 0.3139
11075.0000 0.3140
11080.2000 0.3141
11082.7000 0.3142
11083.6000 0.3143
11086.5000 0.3144
11110.7000 0.3145
11134.4000 0.3146
11140.8000 0.3147
11144.1000 0.3148
11145.1000 0.3149
11154.0000 0.3150
11155.5000 0.3151
11156.8000 0.3152
11157.9000 0.3153
11162.5000 0.3154
11168.5000 0.3155
11170.3000 0.3156
11175.2000 0.3157
11175.3000 0.3158
11176.7000 0.3159
11182.6000 0.3160
11190.6000 0.3161
11192.5000 0.3162
11196.5000 0.3164
11199.5000 0.3165
11201.5000 0.3166
11201.7000 0.3167
11206.6000 0.3168
11216.5000 0.3169
11219.8000 0.3170
11229.5000 0.3171
11229.7000 0.3172
11233.7000 0.3173
11241.7000 0.3174
11241.7000 0.3175
11242.5000 0.3176
11242.7000 0.3177
11245.1000 0.3178
11251.3000 0.3179
11259.2000 0.3180
11264.4000 0.3181
11274.2000 0.3182
11283.8000 0.3183
11303.1000 0.3184
11310.4000 0.3185
11313.8000 0.3186
11319.0000 0.3187
11332.0000 0.3189
11336.3000 0.3190
11337.0000 0.3191
11343.2000 0.3192
11348.0000 0.3193
11354.3000 0.3194
11359.3000 0.3195
11362.5000 0.3196
11363.6000 0.3197
11371.2000 0.3198
11371.9000 0.3199
11373.2000 0.3200
11384.6000 0.3201
11385.8000 0.3202
11390.0000 0.3203
11392.4000 0.3204
11394.6000 0.3205
11403.4000 0.3206
11403.4000 0.3207
11429.2000 0.3208
11438.6000 0.3209
11440.0000 0.3210
11452.5000 0.3211
11459.3000 0.3212
11462.6000 0.3214
11469.2000 0.3215
11471.0000 0.3216
11471.0000 0.3217
11483.7000 0.3218
11493.0000 0.3219
11504.1000 0.3220
11504.4000 0.3221
11512.9000 0.3222
11514.1000 0.3223
11517.2000 0.3224
11518.9000 0.3225
11521.6000 0.3226
11521.7000 0.3227
11530.6000 0.3228
11530.9000 0.3229
11532.4000 0.3230
11533.7000 0.3231
11534.8000 0.3232
11536.2000 0.3233
11540.7000 0.3234
11553.6000 0.3235
11563.6000 0.3236
11572.4000 0.3237
11574.6000 0.3239
11584.7000 0.3240
11586.6000 0.3241
11603.7000 0.3242
11603.8000 0.3243
11607.6000 0.3244
11613.7000 0.3245
11626.7000 0.3246
11635.4000 0.3247
11636.3000 0.3248
11637.0000 0.3249
11637.3000 0.3250
11642.4000 0.3251
11648.3000 0.3252
11659.0000 0.3253
11661.2000 0.3254
11664.7000 0.3255
11683.6000 0.3256
11688.0000 0.3257
11691.3000 0.3258
11700.3000 0.3259
11705.9000 0.3260
11715.7000 0.3261
11716.3000 0.3263
11716.7000 0.3264
11724.5000 0.3265
11741.9000 0.3266
11748.8000 0.3267
11750.2000 0.3268
11751.7000 0.3269
11755.5000 0.3270
11776.3000 0.3271
11783.6000 0.3272
11785.9000 0.3273
11790.8000 0.3274
11804.8000 0.3275
11807.7000 0.3276
11817.1000 0.3277
11823.4000 0.3278
11823.7000 0.3279
11833.7000 0.3280
11840.7000 0.3281
11854.5000 0.3282
11875.4000 0.3283
11878.6000 0.3284
11881.9000 0.3285
11882.9000 0.3286
11884.7000 0.3288
11891.2000 0.3289
11894.7000 0.3290
11907.1000 0.3291
11911.8000 0.3292
11912.9000 0.3293
11918.9000 0.3294
11938.7000 0.3295
11946.1000 0.3296
11954.8000 0.3297
11957.4000 0.3298
11964.5000 0.3299
11976.1000 0.3300
11977.7000 0.3301
11979.7000 0.3302
11985.6000 0.3303
