# messageDelay  cumulativeProbability
5.0000 0.0002
5.0000 0.0003
5.0000 0.0005
5.0000 0.0007
5.0000 0.0009
5.0000 0.0010
5.0000 0.0012
5.0000 0.0014
5.0000 0.0016
5.0000 0.0017
5.0000 0.0019
5.0000 0.0021
5.0000 0.0023
5.0000 0.0024
144.2000 0.0026
175.2000 0.0028
180.6000 0.0030
217.9000 0.0031
222.3000 0.0033
222.5000 0.0035
232.2000 0.0036
238.6000 0.0038
243.4000 0.0040
246.9000 0.0042
262.6000 0.0043
285.5000 0.0045
307.3000 0.0047
312.5000 0.0049
320.4000 0.0050
324.8000 0.0052
330.2000 0.0054
356.4000 0.0056
359.3000 0.0057
374.5000 0.0059
374.9000 0.0061
375.3000 0.0063
408.2000 0.0064
425.9000 0.0066
428.7000 0.0068
436.4000 0.0069
441.7000 0.0071
443.8000 0.0073
444.8000 0.0075
450.3000 0.0076
454.8000 0.0078
458.5000 0.0080
461.2000 0.0082
471.2000 0.0083
478.9000 0.0085
479.4000 0.0087
483.3000 0.0089
485.2000 0.0090
486.5000 0.0092
493.2000 0.0094
496.2000 0.0095
499.1000 0.0097
502.2000 0.0099
528.4000 0.0101
528.7000 0.0102
530.2000 0.0104
540.3000 0.0106
545.3000 0.0108
547.3000 0.0109
548.7000 0.0111
551.3000 0.0113
553.2000 0.0115
553.8000 0.0116
565.7000 0.0118
569.5000 0.0120
571.8000 0.0122
574.6000 0.0123
575.4000 0.0125
575.8000 0.0127
576.6000 0.0128
581.1000 0.0130
605.3000 0.0132
610.0000 0.0134
611.7000 0.0135
614.4000 0.0137
615.3000 0.0139
620.3000 0.0141
622.2000 0.0142
625.3000 0.0144
634.2000 0.0146
635.1000 0.0148
652.8000 0.0149
656.6000 0.0151
659.6000 0.0153
661.4000 0.0155
661.6000 0.0156
662.7000 0.0158
663.7000 0.0160
676.9000 0.0161
687.7000 0.0163
690.5000 0.0165
696.7000 0.0167
704.8000 0.0168
717.8000 0.0170
721.6000 0.0172
724.1000 0.0174
726.1000 0.0175
726.4000 0.0177
731.1000 0.0179
732.3000 0.0181
736.8000 0.0182
740.3000 0.0184
741.4000 0.0186
745.4000 0.0187
755.5000 0.0189
755.9000 0.0191
758.9000 0.0193
766.3000 0.0194
773.0000 0.0196
777.9000 0.0198
780.1000 0.0200
794.5000 0.0201
801.6000 0.0203
807.8000 0.0205
813.6000 0.0207
818.4000 0.0208
818.6000 0.0210
822.6000 0.0212
823.3000 0.0214
825.9000 0.0215
827.6000 0.0217
830.9000 0.0219
852.0000 0.0220
853.0000 0.0222
858.9000 0.0224
866.4000 0.0226
883.5000 0.0227
887.6000 0.0229
889.7000 0.0231
895.6000 0.0233
898.0000 0.0234
903.1000 0.0236
915.5000 0.0238
918.7000 0.0240
922.8000 0.0241
925.4000 0.0243
927.5000 0.0245
933.4000 0.0247
935.8000 0.0248
938.1000 0.0250
942.4000 0.0252
942.6000 0.0253
946.3000 0.0255
954.2000 0.0257
962.6000 0.0259
963.5000 0.0260
974.7000 0.0262
975.5000 0.0264
978.8000 0.0266
980.9000 0.0267
982.9000 0.0269
988.4000 0.0271
991.3000 0.0273
993.8000 0.0274
995.2000 0.0276
996.9000 0.0278
1007.5000 0.0280
1008.4000 0.0281
1011.3000 0.0283
1017.6000 0.0285
1021.3000 0.0286
1022.3000 0.0288
1022.8000 0.0290
1025.1000 0.0292
1043.7000 0.0293
1050.0000 0.0295
1059.5000 0.0297
1060.8000 0.0299
1064.6000 0.0300
1068.3000 0.0302
1074.6000 0.0304
1074.6000 0.0306
1075.5000 0.0307
1081.5000 0.0309
1082.3000 0.0311
1092.3000 0.0312
1094.0000 0.0314
1106.6000 0.0316
1116.5000 0.0318
1120.0000 0.0319
1124.9000 0.0321
1132.6000 0.0323
1132.9000 0.0325
1135.6000 0.0326
1136.0000 0.0328
1137.0000 0.0330
1139.8000 0.0332
1141.7000 0.0333
1147.8000 0.0335
1158.3000 0.0337
1162.9000 0.0339
1163.7000 0.0340
1164.8000 0.0342
1171.7000 0.0344
1172.8000 0.0345
1176.8000 0.0347
1194.0000 0.0349
1200.4000 0.0351
1213.8000 0.0352
1214.7000 0.0354
1216.4000 0.0356
1222.0000 0.0358
1223.2000 0.0359
1227.0000 0.0361
1230.8000 0.0363
1238.2000 0.0365
1239.6000 0.0366
1239.7000 0.0368
1241.9000 0.0370
1247.7000 0.0372
1253.5000 0.0373
1255.9000 0.0375
1256.8000 0.0377
1257.5000 0.0378
1268.6000 0.0380
1270.2000 0.0382
1273.1000 0.0384
1278.5000 0.0385
1279.1000 0.0387
1284.6000 0.0389
1286.8000 0.0391
1291.5000 0.0392
1297.8000 0.0394
1301.9000 0.0396
1303.6000 0.0398
1304.6000 0.0399
1311.1000 0.0401
1312.3000 0.0403
1326.7000 0.0405
1326.7000 0.0406
1329.1000 0.0408
1329.2000 0.0410
1329.4000 0.0411
1339.0000 0.0413
1342.6000 0.0415
1346.2000 0.0417
1372.9000 0.0418
1376.3000 0.0420
1376.9000 0.0422
1377.9000 0.0424
1387.7000 0.0425
1392.4000 0.0427
1399.1000 0.0429
1409.7000 0.0431
1409.8000 0.0432
1411.6000 0.0434
1422.0000 0.0436
1422.2000 0.0437
1426.5000 0.0439
1430.0000 0.0441
1430.2000 0.0443
1439.6000 0.0444
1443.3000 0.0446
1444.1000 0.0448
1446.5000 0.0450
1453.6000 0.0451
1456.7000 0.0453
1458.9000 0.0455
1467.6000 0.0457
1470.4000 0.0458
1472.8000 0.0460
1489.3000 0.0462
1489.6000 0.0464
1496.7000 0.0465
1501.4000 0.0467
1508.9000 0.0469
1520.0000 0.0470
1521.4000 0.0472
1535.2000 0.0474
1550.1000 0.0476
1550.4000 0.0477
1551.3000 0.0479
1561.7000 0.0481
1563.2000 0.0483
1564.8000 0.0484
1575.4000 0.0486
1581.4000 0.0488
1584.5000 0.0490
1600.5000 0.0491
1603.5000 0.0493
1603.6000 0.0495
1604.5000 0.0497
1606.8000 0.0498
1612.4000 0.0500
1613.3000 0.0502
1626.2000 0.0503
1626.3000 0.0505
1630.8000 0.0507
1633.9000 0.0509
1636.5000 0.0510
1636.6000 0.0512
1638.2000 0.0514
1639.1000 0.0516
1643.1000 0.0517
1646.3000 0.0519
1661.1000 0.0521
1662.3000 0.0523
1668.9000 0.0524
1676.9000 0.0526
1687.2000 0.0528
1697.7000 0.0530
1703.5000 0.0531
1705.2000 0.0533
1717.7000 0.0535
1719.1000 0.0536
1725.3000 0.0538
1725.8000 0.0540
1731.4000 0.0542
1733.3000 0.0543
1738.6000 0.0545
1743.1000 0.0547
1752.8000 0.0549
1758.8000 0.0550
1767.2000 0.0552
1772.6000 0.0554
1779.1000 0.0556
1787.3000 0.0557
1791.4000 0.0559
1792.2000 0.0561
1801.6000 0.0562
1801.6000 0.0564
1812.6000 0.0566
1814.1000 0.0568
1816.8000 0.0569
1822.2000 0.0571
1829.1000 0.0573
1834.6000 0.0575
1840.4000 0.0576
1853.9000 0.0578
1858.3000 0.0580
1859.3000 0.0582
1860.3000 0.0583
1861.2000 0.0585
1870.3000 0.0587
1872.3000 0.0589
1881.6000 0.0590
1882.8000 0.0592
1886.5000 0.0594
1888.4000 0.0595
1891.8000 0.0597
1900.2000 0.0599
1903.6000 0.0601
1918.7000 0.0602
1937.2000 0.0604
1963.9000 0.0606
1976.6000 0.0608
1977.8000 0.0609
2002.0000 0.0611
2006.7000 0.0613
2009.4000 0.0615
2009.4000 0.0616
2026.6000 0.0618
2036.7000 0.0620
2047.7000 0.0622
2059.5000 0.0623
2063.2000 0.0625
2071.3000 0.0627
2075.7000 0.0628
2086.8000 0.0630
2093.8000 0.0632
2101.7000 0.0634
2108.9000 0.0635
2109.4000 0.0637
2111.7000 0.0639
2112.7000 0.0641
2115.7000 0.0642
2115.8000 0.0644
2164.0000 0.0646
2167.2000 0.0648
2174.4000 0.0649
2186.3000 0.0651
2187.7000 0.0653
2196.7000 0.0655
2202.6000 0.0656
2225.4000 0.0658
2226.4000 0.0660
2243.9000 0.0661
2254.9000 0.0663
2256.5000 0.0665
2259.0000 0.0667
2284.8000 0.0668
2290.2000 0.0670
2304.8000 0.0672
2356.9000 0.0674
2367.5000 0.0675
2371.1000 0.0677
2376.7000 0.0679
2382.4000 0.0681
2382.8000 0.0682
2383.1000 0.0684
2389.2000 0.0686
2389.6000 0.0687
2399.4000 0.0689
2412.3000 0.0691
2452.4000 0.0693
2463.2000 0.0694
2467.1000 0.0696
2483.7000 0.0698
2485.0000 0.0700
2488.0000 0.0701
2489.7000 0.0703
2490.0000 0.0705
2493.9000 0.0707
2501.0000 0.0708
2508.2000 0.0710
2518.6000 0.0712
2521.6000 0.0714
2524.4000 0.0715
2531.7000 0.0717
2534.6000 0.0719
2542.7000 0.0720
2553.1000 0.0722
2553.9000 0.0724
2554.9000 0.0726
2563.9000 0.0727
2571.9000 0.0729
2579.3000 0.0731
2581.5000 0.0733
2590.0000 0.0734
2596.7000 0.0736
2603.1000 0.0738
2604.8000 0.0740
2610.2000 0.0741
2615.0000 0.0743
2622.9000 0.0745
2625.1000 0.0747
2626.7000 0.0748
2627.3000 0.0750
2631.4000 0.0752
2631.6000 0.0753
2638.4000 0.0755
2642.8000 0.0757
2646.5000 0.0759
2648.3000 0.0760
2652.7000 0.0762
2653.5000 0.0764
2656.2000 0.0766
2683.0000 0.0767
2684.7000 0.0769
2693.5000 0.0771
2715.5000 0.0773
2721.7000 0.0774
2725.1000 0.0776
2734.8000 0.0778
2736.7000 0.0780
2753.2000 0.0781
2771.8000 0.0783
2776.7000 0.0785
2779.7000 0.0786
2793.8000 0.0788
2798.1000 0.0790
2798.8000 0.0792
2804.0000 0.0793
2811.5000 0.0795
2811.9000 0.0797
2813.2000 0.0799
2814.3000 0.0800
2828.7000 0.0802
2831.5000 0.0804
2843.5000 0.0806
2853.8000 0.0807
2874.7000 0.0809
2876.7000 0.0811
2903.7000 0.0812
2926.5000 0.0814
2927.6000 0.0816
2941.9000 0.0818
2952.3000 0.0819
2959.1000 0.0821
2965.4000 0.0823
2976.7000 0.0825
2986.5000 0.0826
2987.4000 0.0828
2987.7000 0.0830
2989.6000 0.0832
2992.4000 0.0833
2992.5000 0.0835
3001.4000 0.0837
3003.6000 0.0839
3008.8000 0.0840
3036.7000 0.0842
3041.3000 0.0844
3048.2000 0.0845
3051.2000 0.0847
3057.3000 0.0849
3077.4000 0.0851
3090.2000 0.0852
3112.3000 0.0854
3135.0000 0.0856
3136.3000 0.0858
3136.5000 0.0859
3144.0000 0.0861
3145.8000 0.0863
3147.0000 0.0865
3156.7000 0.0866
3156.8000 0.0868
3161.1000 0.0870
3173.6000 0.0872
3180.6000 0.0873
3183.8000 0.0875
3186.7000 0.0877
3188.0000 0.0878
3202.7000 0.0880
3206.8000 0.0882
3208.3000 0.0884
3211.3000 0.0885
3224.4000 0.0887
3227.5000 0.0889
3237.8000 0.0891
3243.0000 0.0892
3253.2000 0.0894
3284.6000 0.0896
3286.2000 0.0898
3287.5000 0.0899
3288.9000 0.0901
3293.2000 0.0903
3303.0000 0.0905
3310.4000 0.0906
3319.6000 0.0908
3338.6000 0.0910
3352.8000 0.0911
3366.2000 0.0913
3369.0000 0.0915
3371.6000 0.0917
3371.7000 0.0918
3396.5000 0.0920
3412.3000 0.0922
3429.8000 0.0924
3433.0000 0.0925
3441.6000 0.0927
3452.7000 0.0929
3455.7000 0.0931
3501.7000 0.0932
3503.7000 0.0934
3507.2000 0.0936
3511.7000 0.0937
3514.8000 0.0939
3568.5000 0.0941
3590.0000 0.0943
3603.8000 0.0944
3613.5000 0.0946
3643.1000 0.0948
3644.0000 0.0950
3647.2000 0.0951
3659.7000 0.0953
3662.0000 0.0955
3662.7000 0.0957
3668.4000 0.0958
3672.5000 0.0960
3673.5000 0.0962
3682.4000 0.0964
3703.2000 0.0965
3705.1000 0.0967
3707.9000 0.0969
3727.3000 0.0970
3730.4000 0.0972
3731.3000 0.0974
3752.8000 0.0976
3772.9000 0.0977
3785.2000 0.0979
3792.1000 0.0981
3794.1000 0.0983
3794.3000 0.0984
3808.4000 0.0986
3851.7000 0.0988
3870.9000 0.0990
3880.0000 0.0991
3885.3000 0.0993
3888.9000 0.0995
3903.6000 0.0997
3912.3000 0.0998
3938.9000 0.1000
3943.1000 0.1002
3947.5000 0.1003
3952.9000 0.1005
3964.8000 0.1007
3966.4000 0.1009
3967.3000 0.1010
3982.3000 0.1012
3983.6000 0.1014
3991.8000 0.1016
3996.7000 0.1017
4003.5000 0.1019
4005.0000 0.1021
4007.7000 0.1023
4034.3000 0.1024
4034.8000 0.1026
4050.2000 0.1028
4057.2000 0.1030
4078.9000 0.1031
4088.2000 0.1033
4089.3000 0.1035
4112.3000 0.1036
4128.6000 0.1038
4133.3000 0.1040
4141.7000 0.1042
4147.3000 0.1043
4152.9000 0.1045
4154.3000 0.1047
4156.7000 0.1049
4161.5000 0.1050
4178.5000 0.1052
4187.8000 0.1054
4188.1000 0.1056
4211.1000 0.1057
4228.3000 0.1059
4230.2000 0.1061
4231.7000 0.1062
4243.8000 0.1064
4249.7000 0.1066
4253.8000 0.1068
4254.7000 0.1069
4255.2000 0.1071
4256.7000 0.1073
4257.4000 0.1075
4268.8000 0.1076
4272.3000 0.1078
4278.1000 0.1080
4307.6000 0.1082
4312.7000 0.1083
4322.7000 0.1085
4328.1000 0.1087
4328.9000 0.1089
4336.7000 0.1090
4340.3000 0.1092
4357.2000 0.1094
4359.3000 0.1095
4401.9000 0.1097
4418.3000 0.1099
4423.9000 0.1101
4439.9000 0.1102
4441.3000 0.1104
4450.5000 0.1106
4477.5000 0.1108
4493.0000 0.1109
4515.8000 0.1111
4534.4000 0.1113
4544.5000 0.1115
4562.1000 0.1116
4562.9000 0.1118
4567.2000 0.1120
4599.7000 0.1122
4605.5000 0.1123
4606.3000 0.1125
4629.1000 0.1127
4631.7000 0.1128
4635.8000 0.1130
4651.4000 0.1132
4674.6000 0.1134
4679.6000 0.1135
4682.4000 0.1137
4683.0000 0.1139
4722.0000 0.1141
4729.5000 0.1142
4753.4000 0.1144
4775.7000 0.1146
4819.6000 0.1148
4822.1000 0.1149
4835.8000 0.1151
4839.1000 0.1153
4858.2000 0.1155
4865.9000 0.1156
4865.9000 0.1158
4868.2000 0.1160
4881.8000 0.1161
4884.4000 0.1163
4897.6000 0.1165
4906.3000 0.1167
4981.1000 0.1168
4982.2000 0.1170
4987.3000 0.1172
4991.6000 0.1174
4992.4000 0.1175
5002.7000 0.1177
5006.7000 0.1179
5016.5000 0.1181
5036.7000 0.1182
5046.5000 0.1184
5051.4000 0.1186
5063.3000 0.1187
5072.7000 0.1189
5092.7000 0.1191
5119.4000 0.1193
5137.6000 0.1194
5152.3000 0.1196
5166.4000 0.1198
5166.8000 0.1200
5191.5000 0.1201
5209.1000 0.1203
5226.9000 0.1205
5242.5000 0.1207
5266.6000 0.1208
5273.3000 0.1210
5278.8000 0.1212
5302.3000 0.1214
5313.3000 0.1215
5324.7000 0.1217
5338.0000 0.1219
5342.2000 0.1220
5368.8000 0.1222
5384.8000 0.1224
5387.7000 0.1226
5393.1000 0.1227
5417.4000 0.1229
5424.2000 0.1231
5433.9000 0.1233
5439.6000 0.1234
5478.9000 0.1236
5480.0000 0.1238
5488.3000 0.1240
5509.0000 0.1241
5511.7000 0.1243
5523.5000 0.1245
5528.3000 0.1247
5539.0000 0.1248
5547.3000 0.1250
5588.2000 0.1252
5595.6000 0.1253
5607.2000 0.1255
5615.3000 0.1257
5622.2000 0.1259
5628.7000 0.1260
5630.0000 0.1262
5641.3000 0.1264
5641.6000 0.1266
5650.3000 0.1267
5652.4000 0.1269
5653.4000 0.1271
5655.1000 0.1273
5656.6000 0.1274
5663.3000 0.1276
5665.7000 0.1278
5688.0000 0.1280
5715.4000 0.1281
5729.6000 0.1283
5729.6000 0.1285
5730.2000 0.1286
5731.7000 0.1288
5743.2000 0.1290
5752.7000 0.1292
5790.4000 0.1293
5817.8000 0.1295
5821.4000 0.1297
5821.6000 0.1299
5823.9000 0.1300
5838.9000 0.1302
5858.3000 0.1304
5877.3000 0.1306
5881.0000 0.1307
5910.7000 0.1309
5913.0000 0.1311
5923.9000 0.1312
5961.5000 0.1314
5973.0000 0.1316
5976.4000 0.1318
5984.0000 0.1319
5993.1000 0.1321
5994.6000 0.1323
6003.3000 0.1325
6013.5000 0.1326
6021.1000 0.1328
6025.0000 0.1330
6045.8000 0.1332
6047.9000 0.1333
6065.7000 0.1335
6104.6000 0.1337
6109.0000 0.1339
6150.4000 0.1340
6157.5000 0.1342
6162.7000 0.1344
6163.6000 0.1345
6167.3000 0.1347
6199.2000 0.1349
6201.1000 0.1351
6208.1000 0.1352
6240.1000 0.1354
6241.4000 0.1356
6243.7000 0.1358
6247.7000 0.1359
6262.5000 0.1361
6274.3000 0.1363
6276.1000 0.1365
6298.2000 0.1366
6322.8000 0.1368
6370.7000 0.1370
6387.7000 0.1372
6391.2000 0.1373
6418.5000 0.1375
6465.0000 0.1377
6477.3000 0.1378
6491.4000 0.1380
6493.9000 0.1382
6514.2000 0.1384
6522.2000 0.1385
6562.7000 0.1387
6578.8000 0.1389
6636.4000 0.1391
6653.9000 0.1392
6657.5000 0.1394
6665.4000 0.1396
6721.5000 0.1398
6729.0000 0.1399
6729.7000 0.1401
6738.2000 0.1403
6767.7000 0.1405
6776.1000 0.1406
6776.3000 0.1408
6778.5000 0.1410
6803.0000 0.1411
6810.7000 0.1413
6828.9000 0.1415
6843.6000 0.1417
6847.7000 0.1418
6848.9000 0.1420
6853.0000 0.1422
6865.2000 0.1424
6865.2000 0.1425
6867.5000 0.1427
6879.6000 0.1429
6886.8000 0.1431
6892.1000 0.1432
6904.3000 0.1434
6909.2000 0.1436
6913.6000 0.1437
6923.8000 0.1439
6933.8000 0.1441
6966.2000 0.1443
6967.8000 0.1444
6976.7000 0.1446
6987.6000 0.1448
6992.6000 0.1450
6994.7000 0.1451
7018.5000 0.1453
7029.5000 0.1455
7037.9000 0.1457
7061.4000 0.1458
7096.7000 0.1460
7112.8000 0.1462
7116.1000 0.1464
7119.1000 0.1465
7138.9000 0.1467
7140.5000 0.1469
7146.9000 0.1470
7147.2000 0.1472
7148.6000 0.1474
7162.4000 0.1476
7163.0000 0.1477
7188.1000 0.1479
7221.5000 0.1481
7247.5000 0.1483
7266.6000 0.1484
7274.0000 0.1486
7290.5000 0.1488
7328.3000 0.1490
7333.1000 0.1491
7333.3000 0.1493
7338.2000 0.1495
7339.3000 0.1497
7369.6000 0.1498
7463.7000 0.1500
7467.7000 0.1502
7483.5000 0.1503
7484.2000 0.1505
7490.5000 0.1507
7507.7000 0.1509
7553.0000 0.1510
7560.9000 0.1512
7563.2000 0.1514
7591.4000 0.1516
7596.4000 0.1517
7597.2000 0.1519
7606.1000 0.1521
7622.3000 0.1523
7664.3000 0.1524
7670.4000 0.1526
7698.4000 0.1528
7715.0000 0.1530
7723.2000 0.1531
7736.4000 0.1533
7739.9000 0.1535
7782.7000 0.1536
7798.1000 0.1538
7817.3000 0.1540
7831.6000 0.1542
7860.2000 0.1543
7870.7000 0.1545
7871.3000 0.1547
7871.6000 0.1549
7874.6000 0.1550
7905.5000 0.1552
7918.0000 0.1554
7918.5000 0.1556
7995.3000 0.1557
7996.8000 0.1559
8013.9000 0.1561
8023.9000 0.1562
8040.3000 0.1564
8053.0000 0.1566
8069.4000 0.1568
8082.6000 0.1569
8087.5000 0.1571
8088.7000 0.1573
8091.5000 0.1575
8093.9000 0.1576
8130.8000 0.1578
8152.6000 0.1580
8163.4000 0.1582
8179.5000 0.1583
8181.7000 0.1585
8193.2000 0.1587
8209.9000 0.1589
8212.4000 0.1590
8217.6000 0.1592
8222.3000 0.1594
8226.7000 0.1595
8240.2000 0.1597
8251.6000 0.1599
8272.3000 0.1601
8302.8000 0.1602
8309.5000 0.1604
8317.5000 0.1606
8336.9000 0.1608
8343.1000 0.1609
8365.3000 0.1611
8411.6000 0.1613
8414.8000 0.1615
8435.0000 0.1616
8443.9000 0.1618
8462.4000 0.1620
8463.9000 0.1622
8508.0000 0.1623
8537.2000 0.1625
8563.2000 0.1627
8566.8000 0.1628
8586.8000 0.1630
8593.6000 0.1632
8598.0000 0.1634
8650.3000 0.1635
8660.4000 0.1637
8690.7000 0.1639
8692.6000 0.1641
8717.7000 0.1642
8754.0000 0.1644
8767.2000 0.1646
8785.4000 0.1648
8786.0000 0.1649
8791.7000 0.1651
8812.4000 0.1653
8828.8000 0.1655
8844.9000 0.1656
8855.3000 0.1658
8864.9000 0.1660
8885.5000 0.1661
8891.6000 0.1663
8905.2000 0.1665
8906.9000 0.1667
8913.1000 0.1668
8953.9000 0.1670
8961.6000 0.1672
8966.7000 0.1674
8985.8000 0.1675
8986.6000 0.1677
9034.1000 0.1679
9042.4000 0.1681
9059.6000 0.1682
9126.7000 0.1684
9132.9000 0.1686
9148.1000 0.1687
9152.7000 0.1689
9186.6000 0.1691
9218.8000 0.1693
9238.5000 0.1694
9241.5000 0.1696
9250.3000 0.1698
9256.1000 0.1700
9264.1000 0.1701
9278.4000 0.1703
9286.4000 0.1705
9319.5000 0.1707
9345.3000 0.1708
9367.9000 0.1710
9375.8000 0.1712
9437.4000 0.1714
9453.1000 0.1715
9472.5000 0.1717
9474.8000 0.1719
9480.4000 0.1720
9511.6000 0.1722
9517.5000 0.1724
9560.0000 0.1726
9568.2000 0.1727
9586.7000 0.1729
9633.2000 0.1731
9646.7000 0.1733
9652.4000 0.1734
9656.3000 0.1736
9686.5000 0.1738
9756.9000 0.1740
9758.1000 0.1741
9788.3000 0.1743
9793.8000 0.1745
9803.2000 0.1747
9803.7000 0.1748
9809.9000 0.1750
9816.6000 0.1752
9822.2000 0.1753
9832.1000 0.1755
9853.1000 0.1757
9857.4000 0.1759
9904.0000 0.1760
9910.0000 0.1762
9910.9000 0.1764
9932.6000 0.1766
9956.6000 0.1767
9957.7000 0.1769
9971.6000 0.1771
9982.4000 0.1773
9992.6000 0.1774
9995.0000 0.1776
10005.1000 0.1778
10017.5000 0.1780
10032.6000 0.1781
10100.3000 0.1783
10108.8000 0.1785
10152.5000 0.1786
10172.7000 0.1788
10178.8000 0.1790
10179.9000 0.1792
10198.2000 0.1793
10200.0000 0.1795
10201.5000 0.1797
10351.3000 0.1799
10357.3000 0.1800
10357.7000 0.1802
10361.7000 0.1804
10371.7000 0.1806
10374.0000 0.1807
10374.8000 0.1809
10385.4000 0.1811
10387.6000 0.1812
10408.7000 0.1814
10427.9000 0.1816
10434.0000 0.1818
10463.9000 0.1819
10478.6000 0.1821
10493.4000 0.1823
10500.5000 0.1825
10540.4000 0.1826
10555.3000 0.1828
10566.7000 0.1830
10566.9000 0.1832
10584.0000 0.1833
10600.0000 0.1835
10638.6000 0.1837
10671.2000 0.1839
10675.9000 0.1840
10678.3000 0.1842
10711.3000 0.1844
10713.7000 0.1845
10715.3000 0.1847
10779.3000 0.1849
10822.6000 0.1851
10838.2000 0.1852
10845.4000 0.1854
10872.3000 0.1856
10895.6000 0.1858
10899.8000 0.1859
10904.7000 0.1861
10907.5000 0.1863
10911.4000 0.1865
10927.3000 0.1866
10938.0000 0.1868
10943.1000 0.1870
10943.9000 0.1872
10948.2000 0.1873
10959.6000 0.1875
10963.2000 0.1877
10995.3000 0.1878
11007.4000 0.1880
11038.9000 0.1882
11047.7000 0.1884
11056.5000 0.1885
11065.2000 0.1887
11079.4000 0.1889
11083.8000 0.1891
11101.7000 0.1892
11111.3000 0.1894
11148.2000 0.1896
11159.1000 0.1898
11163.7000 0.1899
11175.0000 0.1901
11193.0000 0.1903
11207.4000 0.1905
11219.0000 0.1906
11223.3000 0.1908
11229.6000 0.1910
11231.8000 0.1911
11260.3000 0.1913
11285.8000 0.1915
11356.1000 0.1917
11377.1000 0.1918
11435.9000 0.1920
11437.5000 0.1922
11448.5000 0.1924
11448.9000 0.1925
11455.4000 0.1927
11467.9000 0.1929
11513.4000 0.1931
11524.6000 0.1932
11547.5000 0.1934
11608.6000 0.1936
11613.5000 0.1937
11642.5000 0.1939
11647.4000 0.1941
11652.0000 0.1943
11654.0000 0.1944
11659.4000 0.1946
11663.2000 0.1948
11673.8000 0.1950
11681.3000 0.1951
11688.3000 0.1953
11737.8000 0.1955
11762.9000 0.1957
11780.4000 0.1958
11797.0000 0.1960
11836.8000 0.1962
11873.1000 0.1964
11890.0000 0.1965
11900.0000 0.1967
11927.3000 0.1969
11973.0000 0.1970
11978.6000 0.1972
11986.0000 0.1974
11989.1000 0.1976
11997.4000 0.1977
12014.0000 0.1979
12027.5000 0.1981
12054.7000 0.1983
12067.3000 0.1984
12097.4000 0.1986
12117.4000 0.1988
12118.4000 0.1990
12135.6000 0.1991
12149.6000 0.1993
12163.3000 0.1995
12184.3000 0.1997
12186.8000 0.1998
12226.0000 0.2000
12226.1000 0.2002
12244.0000 0.2003
12271.4000 0.2005
12281.6000 0.2007
12321.6000 0.2009
12325.1000 0.2010
12333.4000 0.2012
12341.7000 0.2014
12362.6000 0.2016
12366.4000 0.2017
12382.7000 0.2019
12392.5000 0.2021
12394.5000 0.2023
12465.0000 0.2024
12501.6000 0.2026
12561.3000 0.2028
12586.5000 0.2030
12604.3000 0.2031
12613.7000 0.2033
12626.5000 0.2035
12627.0000 0.2036
12628.4000 0.2038
12628.6000 0.2040
12647.8000 0.2042
12653.5000 0.2043
12656.7000 0.2045
12668.1000 0.2047
12668.8000 0.2049
12686.4000 0.2050
12688.5000 0.2052
12691.1000 0.2054
12697.0000 0.2056
12703.9000 0.2057
12717.4000 0.2059
12717.9000 0.2061
12720.8000 0.2062
12738.3000 0.2064
12771.1000 0.2066
12781.6000 0.2068
12785.3000 0.2069
12802.9000 0.2071
12808.9000 0.2073
12812.2000 0.2075
12827.8000 0.2076
12831.5000 0.2078
12833.3000 0.2080
12837.9000 0.2082
12842.5000 0.2083
12851.5000 0.2085
12872.0000 0.2087
12903.9000 0.2089
12929.1000 0.2090
12931.6000 0.2092
12934.7000 0.2094
12967.3000 0.2095
12973.4000 0.2097
12975.7000 0.2099
12990.2000 0.2101
13006.9000 0.2102
13056.5000 0.2104
13072.5000 0.2106
13128.5000 0.2108
13145.4000 0.2109
13148.6000 0.2111
13150.4000 0.2113
13157.0000 0.2115
13161.5000 0.2116
13171.4000 0.2118
13172.0000 0.2120
13178.8000 0.2122
13181.4000 0.2123
13187.9000 0.2125
13199.2000 0.2127
13208.3000 0.2128
13210.8000 0.2130
13240.2000 0.2132
13321.5000 0.2134
13338.1000 0.2135
13377.5000 0.2137
13397.3000 0.2139
13400.7000 0.2141
13409.8000 0.2142
13417.3000 0.2144
13468.6000 0.2146
13492.9000 0.2148
13493.9000 0.2149
13538.9000 0.2151
13553.2000 0.2153
13586.5000 0.2155
13592.4000 0.2156
13602.9000 0.2158
13603.9000 0.2160
13628.7000 0.2161
13668.8000 0.2163
13708.5000 0.2165
13714.4000 0.2167
13718.7000 0.2168
13732.7000 0.2170
13762.5000 0.2172
13768.2000 0.2174
13794.4000 0.2175
13859.6000 0.2177
13860.2000 0.2179
13908.6000 0.2181
13931.1000 0.2182
13933.2000 0.2184
13958.0000 0.2186
13979.0000 0.2187
13986.5000 0.2189
14010.4000 0.2191
14013.0000 0.2193
14045.3000 0.2194
14062.7000 0.2196
14076.1000 0.2198
14082.5000 0.2200
14089.1000 0.2201
14090.7000 0.2203
14093.5000 0.2205
14094.5000 0.2207
14136.1000 0.2208
14165.6000 0.2210
14167.1000 0.2212
14192.9000 0.2214
14199.4000 0.2215
14212.6000 0.2217
14262.2000 0.2219
14282.7000 0.2220
14300.1000 0.2222
14307.6000 0.2224
14335.2000 0.2226
14336.4000 0.2227
14343.2000 0.2229
14346.2000 0.2231
14363.3000 0.2233
14381.3000 0.2234
14385.2000 0.2236
14388.8000 0.2238
14392.7000 0.2240
14417.5000 0.2241
14432.1000 0.2243
14473.4000 0.2245
14483.3000 0.2247
14489.5000 0.2248
14498.9000 0.2250
14501.4000 0.2252
14504.1000 0.2253
14505.6000 0.2255
14506.4000 0.2257
14536.6000 0.2259
14539.6000 0.2260
14556.4000 0.2262
14615.2000 0.2264
14626.1000 0.2266
14643.4000 0.2267
14646.7000 0.2269
14660.1000 0.2271
14666.7000 0.2273
14667.5000 0.2274
14717.9000 0.2276
14719.7000 0.2278
14727.5000 0.2280
14740.4000 0.2281
14747.8000 0.2283
14788.1000 0.2285
14807.0000 0.2286
14852.4000 0.2288
14861.1000 0.2290
14870.0000 0.2292
14879.6000 0.2293
14886.7000 0.2295
14902.8000 0.2297
14903.8000 0.2299
14912.5000 0.2300
14916.8000 0.2302
14928.3000 0.2304
14947.4000 0.2306
14953.9000 0.2307
14954.2000 0.2309
14959.5000 0.2311
14982.3000 0.2312
15021.1000 0.2314
15032.4000 0.2316
15040.8000 0.2318
15057.4000 0.2319
15060.2000 0.2321
15104.0000 0.2323
15115.0000 0.2325
15153.6000 0.2326
15154.4000 0.2328
15195.4000 0.2330
15199.8000 0.2332
15201.7000 0.2333
15210.0000 0.2335
15212.5000 0.2337
15217.7000 0.2339
15219.6000 0.2340
15224.2000 0.2342
15225.0000 0.2344
15254.1000 0.2345
15258.8000 0.2347
15264.8000 0.2349
15266.8000 0.2351
15273.6000 0.2352
15273.7000 0.2354
15283.8000 0.2356
15293.9000 0.2358
15342.1000 0.2359
15353.6000 0.2361
15355.4000 0.2363
15370.9000 0.2365
15393.8000 0.2366
15396.8000 0.2368
15410.4000 0.2370
15427.7000 0.2372
15450.1000 0.2373
15457.6000 0.2375
15462.8000 0.2377
15511.3000 0.2378
15514.2000 0.2380
15515.1000 0.2382
15567.6000 0.2384
15589.4000 0.2385
15595.2000 0.2387
15608.1000 0.2389
15615.8000 0.2391
15616.4000 0.2392
15672.4000 0.2394
15673.1000 0.2396
15679.5000 0.2398
15688.0000 0.2399
15689.3000 0.2401
15696.0000 0.2403
15708.6000 0.2405
15719.6000 0.2406
15723.5000 0.2408
15723.6000 0.2410
15728.9000 0.2411
15736.6000 0.2413
15737.4000 0.2415
15738.5000 0.2417
15741.7000 0.2418
15781.3000 0.2420
15803.4000 0.2422
15851.3000 0.2424
15853.7000 0.2425
15857.6000 0.2427
15862.4000 0.2429
15896.0000 0.2431
15908.4000 0.2432
15934.1000 0.2434
15958.6000 0.2436
15978.6000 0.2437
15981.5000 0.2439
15997.7000 0.2441
16025.9000 0.2443
16048.8000 0.2444
16058.3000 0.2446
16059.1000 0.2448
16082.4000 0.2450
16088.8000 0.2451
16116.4000 0.2453
16119.7000 0.2455
16140.0000 0.2457
16152.1000 0.2458
16163.2000 0.2460
16171.7000 0.2462
16178.5000 0.2464
16180.8000 0.2465
16192.3000 0.2467
16260.5000 0.2469
16262.2000 0.2470
16267.4000 0.2472
16283.4000 0.2474
16292.0000 0.2476
16348.2000 0.2477
16348.7000 0.2479
16399.8000 0.2481
16410.1000 0.2483
16423.7000 0.2484
16428.5000 0.2486
16437.4000 0.2488
16438.8000 0.2490
16449.5000 0.2491
16451.2000 0.2493
16452.7000 0.2495
16460.2000 0.2497
16461.3000 0.2498
16490.4000 0.2500
16503.9000 0.2502
16504.8000 0.2503
16506.3000 0.2505
16510.4000 0.2507
16527.3000 0.2509
16530.8000 0.2510
16531.1000 0.2512
16537.4000 0.2514
16568.9000 0.2516
16569.0000 0.2517
16576.9000 0.2519
16592.8000 0.2521
16602.3000 0.2523
16603.8000 0.2524
16607.4000 0.2526
16616.5000 0.2528
16619.5000 0.2530
16620.0000 0.2531
16628.5000 0.2533
16628.5000 0.2535
16648.4000 0.2536
16656.5000 0.2538
16667.5000 0.2540
16679.5000 0.2542
16687.3000 0.2543
16708.8000 0.2545
16718.6000 0.2547
16732.6000 0.2549
16742.3000 0.2550
16766.0000 0.2552
16766.6000 0.2554
16802.7000 0.2556
16810.6000 0.2557
16816.2000 0.2559
16823.0000 0.2561
16867.2000 0.2563
16871.4000 0.2564
16908.9000 0.2566
16920.9000 0.2568
16944.4000 0.2569
16968.6000 0.2571
16973.7000 0.2573
16974.1000 0.2575
16983.3000 0.2576
16985.8000 0.2578
17038.6000 0.2580
17038.7000 0.2582
17062.7000 0.2583
17090.3000 0.2585
17097.7000 0.2587
17100.4000 0.2589
17116.3000 0.2590
17129.0000 0.2592
17133.4000 0.2594
17136.4000 0.2595
17140.3000 0.2597
17202.7000 0.2599
17205.7000 0.2601
17233.0000 0.2602
17240.3000 0.2604
17258.2000 0.2606
17288.6000 0.2608
17295.7000 0.2609
17296.2000 0.2611
17301.5000 0.2613
17319.1000 0.2615
17333.5000 0.2616
17336.4000 0.2618
17341.5000 0.2620
17341.7000 0.2622
17365.5000 0.2623
17370.0000 0.2625
17375.0000 0.2627
17376.3000 0.2628
17377.5000 0.2630
17386.0000 0.2632
17394.8000 0.2634
17397.3000 0.2635
17402.7000 0.2637
17410.6000 0.2639
17431.6000 0.2641
17457.5000 0.2642
17463.0000 0.2644
17501.1000 0.2646
17505.3000 0.2648
17510.8000 0.2649
17521.4000 0.2651
17536.1000 0.2653
17543.2000 0.2655
17549.0000 0.2656
17561.0000 0.2658
17593.4000 0.2660
17619.3000 0.2661
17621.9000 0.2663
17622.5000 0.2665
17631.0000 0.2667
17646.7000 0.2668
17693.5000 0.2670
17699.5000 0.2672
17706.3000 0.2674
17708.7000 0.2675
17713.4000 0.2677
17717.0000 0.2679
17737.1000 0.2681
17739.4000 0.2682
17823.8000 0.2684
17846.7000 0.2686
17865.1000 0.2688
17865.4000 0.2689
17876.7000 0.2691
17896.4000 0.2693
17900.1000 0.2694
17900.4000 0.2696
17909.6000 0.2698
17915.4000 0.2700
17949.6000 0.2701
17950.0000 0.2703
17962.5000 0.2705
17966.3000 0.2707
17967.5000 0.2708
17969.1000 0.2710
17980.1000 0.2712
18022.9000 0.2714
18030.7000 0.2715
18037.5000 0.2717
18050.5000 0.2719
18067.4000 0.2720
18078.3000 0.2722
18083.1000 0.2724
18083.7000 0.2726
18094.7000 0.2727
18100.3000 0.2729
18122.0000 0.2731
18151.7000 0.2733
18155.2000 0.2734
18155.9000 0.2736
18176.5000 0.2738
18202.1000 0.2740
18212.9000 0.2741
18213.5000 0.2743
18242.0000 0.2745
18242.9000 0.2747
18254.0000 0.2748
18257.1000 0.2750
18265.7000 0.2752
18282.6000 0.2753
18284.7000 0.2755
18290.3000 0.2757
18301.9000 0.2759
18303.0000 0.2760
18334.8000 0.2762
18368.3000 0.2764
18381.1000 0.2766
18385.3000 0.2767
18395.5000 0.2769
18401.5000 0.2771
18402.7000 0.2773
18415.1000 0.2774
18416.3000 0.2776
18460.7000 0.2778
18461.5000 0.2780
18486.9000 0.2781
18487.3000 0.2783
18519.4000 0.2785
18540.0000 0.2786
18568.5000 0.2788
18583.5000 0.2790
18585.8000 0.2792
18611.1000 0.2793
18623.1000 0.2795
18627.9000 0.2797
18633.2000 0.2799
18653.9000 0.2800
18676.5000 0.2802
18687.4000 0.2804
18701.8000 0.2806
18706.1000 0.2807
18717.2000 0.2809
18738.7000 0.2811
18755.5000 0.2813
18760.9000 0.2814
18769.0000 0.2816
18783.4000 0.2818
18785.7000 0.2819
18790.0000 0.2821
18804.5000 0.2823
18806.5000 0.2825
18811.5000 0.2826
18818.3000 0.2828
18821.8000 0.2830
18843.1000 0.2832
18888.3000 0.2833
18899.4000 0.2835
18924.5000 0.2837
18939.6000 0.2839
18941.3000 0.2840
18978.3000 0.2842
18985.2000 0.2844
18987.5000 0.2845
19054.0000 0.2847
19065.7000 0.2849
19077.6000 0.2851
19078.1000 0.2852
19098.0000 0.2854
19098.3000 0.2856
19129.6000 0.2858
19149.0000 0.2859
19186.6000 0.2861
19197.7000 0.2863
19254.3000 0.2865
19256.1000 0.2866
19264.2000 0.2868
19267.9000 0.2870
19283.5000 0.2872
19291.9000 0.2873
19294.4000 0.2875
19322.6000 0.2877
19351.6000 0.2878
19354.5000 0.2880
19361.6000 0.2882
19441.5000 0.2884
19452.4000 0.2885
19453.1000 0.2887
19456.1000 0.2889
19498.5000 0.2891
19524.2000 0.2892
19544.0000 0.2894
19710.1000 0.2896
19714.4000 0.2898
19728.9000 0.2899
19818.8000 0.2901
19825.2000 0.2903
19843.5000 0.2905
19938.3000 0.2906
19956.4000 0.2908
20002.4000 0.2910
20003.0000 0.2911
20062.5000 0.2913
20150.2000 0.2915
20189.5000 0.2917
20198.6000 0.2918
20199.4000 0.2920
20215.5000 0.2922
20231.9000 0.2924
20244.3000 0.2925
20283.3000 0.2927
20308.5000 0.2929
20311.5000 0.2931
20347.6000 0.2932
20352.6000 0.2934
20364.6000 0.2936
20376.7000 0.2938
20412.5000 0.2939
20415.6000 0.2941
20427.7000 0.2943
20444.0000 0.2944
20459.3000 0.2946
20557.5000 0.2948
20564.2000 0.2950
20593.4000 0.2951
20604.8000 0.2953
20615.7000 0.2955
20623.6000 0.2957
20643.1000 0.2958
20669.4000 0.2960
20678.7000 0.2962
20681.1000 0.2964
20686.1000 0.2965
20688.5000 0.2967
20703.4000 0.2969
20731.6000 0.2970
20756.7000 0.2972
20862.3000 0.2974
20886.1000 0.2976
20899.3000 0.2977
20902.2000 0.2979
20947.7000 0.2981
21026.4000 0.2983
21067.6000 0.2984
21088.6000 0.2986
21092.6000 0.2988
21147.8000 0.2990
21167.7000 0.2991
21168.0000 0.2993
21198.0000 0.2995
21235.7000 0.2997
21256.6000 0.2998
21310.4000 0.3000
21319.8000 0.3002
21328.9000 0.3003
21358.1000 0.3005
21382.3000 0.3007
21447.4000 0.3009
21447.7000 0.3010
21472.1000 0.3012
21512.4000 0.3014
21565.2000 0.3016
21592.6000 0.3017
21606.5000 0.3019
21727.3000 0.3021
21729.4000 0.3023
21771.2000 0.3024
21799.6000 0.3026
21830.2000 0.3028
21879.8000 0.3030
21990.5000 0.3031
22031.6000 0.3033
22131.3000 0.3035
22137.8000 0.3036
22178.2000 0.3038
22302.6000 0.3040
22304.7000 0.3042
22333.1000 0.3043
22371.6000 0.3045
22393.7000 0.3047
22832.3000 0.3049
22842.6000 0.3050
22890.0000 0.3052
22906.9000 0.3054
22951.7000 0.3056
23462.5000 0.3057
23564.8000 0.3059
23572.7000 0.3061
23873.4000 0.3063
23924.4000 0.3064
24076.7000 0.3066
24191.7000 0.3068
24306.8000 0.3069
24342.5000 0.3071
24542.9000 0.3073
24626.5000 0.3075
24731.8000 0.3076
24793.3000 0.3078
24816.9000 0.3080
24867.7000 0.3082
25343.3000 0.3083
25613.2000 0.3085
25908.0000 0.3087
26153.3000 0.3089
26732.1000 0.3090
27008.0000 0.3092
27384.9000 0.3094
27401.2000 0.3095
