# messageDelay  cumulativeProbability
1.0000 0.0002
1.0000 0.0003
1.0000 0.0005
1.0000 0.0007
1.0000 0.0009
1.0000 0.0010
1.0000 0.0012
1.0000 0.0014
1.0000 0.0016
1.0000 0.0017
1.0000 0.0019
1.0000 0.0021
1.0000 0.0023
1.0000 0.0024
92.4000 0.0026
100.5000 0.0028
118.7000 0.0030
119.8000 0.0031
127.3000 0.0033
135.4000 0.0035
136.9000 0.0036
143.4000 0.0038
172.2000 0.0040
176.6000 0.0042
189.0000 0.0043
195.2000 0.0045
196.7000 0.0047
201.0000 0.0049
201.3000 0.0050
213.5000 0.0052
213.9000 0.0054
214.7000 0.0056
217.8000 0.0057
219.5000 0.0059
224.2000 0.0061
228.0000 0.0063
234.3000 0.0064
234.6000 0.0066
237.5000 0.0068
239.4000 0.0069
242.7000 0.0071
242.9000 0.0073
252.7000 0.0075
254.9000 0.0076
258.6000 0.0078
265.7000 0.0080
266.7000 0.0082
269.4000 0.0083
270.5000 0.0085
279.5000 0.0087
281.3000 0.0089
281.3000 0.0090
281.5000 0.0092
282.7000 0.0094
292.3000 0.0095
294.4000 0.0097
297.5000 0.0099
299.3000 0.0101
302.5000 0.0102
304.8000 0.0104
309.5000 0.0106
309.8000 0.0108
310.2000 0.0109
312.7000 0.0111
316.4000 0.0113
320.8000 0.0115
321.2000 0.0116
321.5000 0.0118
321.5000 0.0120
322.5000 0.0122
325.9000 0.0123
332.7000 0.0125
336.6000 0.0127
338.0000 0.0128
338.6000 0.0130
343.5000 0.0132
347.6000 0.0134
352.4000 0.0135
354.9000 0.0137
355.3000 0.0139
367.4000 0.0141
368.2000 0.0142
369.5000 0.0144
374.0000 0.0146
376.6000 0.0148
377.6000 0.0149
378.1000 0.0151
379.4000 0.0153
380.6000 0.0155
383.6000 0.0156
385.6000 0.0158
389.1000 0.0160
392.1000 0.0161
394.2000 0.0163
406.7000 0.0165
408.5000 0.0167
410.7000 0.0168
413.6000 0.0170
416.2000 0.0172
417.7000 0.0174
422.3000 0.0175
422.4000 0.0177
426.9000 0.0179
428.2000 0.0181
428.3000 0.0182
429.5000 0.0184
432.0000 0.0186
432.4000 0.0187
435.7000 0.0189
437.6000 0.0191
438.3000 0.0193
438.8000 0.0194
440.8000 0.0196
440.8000 0.0198
446.4000 0.0200
450.4000 0.0201
450.8000 0.0203
456.5000 0.0205
457.2000 0.0207
459.3000 0.0208
459.9000 0.0210
468.2000 0.0212
469.1000 0.0214
473.5000 0.0215
474.9000 0.0217
475.4000 0.0219
479.3000 0.0220
481.8000 0.0222
482.5000 0.0224
484.7000 0.0226
485.3000 0.0227
485.9000 0.0229
487.7000 0.0231
487.9000 0.0233
492.2000 0.0234
493.7000 0.0236
494.8000 0.0238
495.1000 0.0240
495.7000 0.0241
497.6000 0.0243
498.2000 0.0245
498.4000 0.0247
499.4000 0.0248
500.9000 0.0250
502.6000 0.0252
503.8000 0.0253
509.1000 0.0255
512.0000 0.0257
515.1000 0.0259
519.9000 0.0260
526.3000 0.0262
527.7000 0.0264
529.2000 0.0266
529.2000 0.0267
532.0000 0.0269
533.3000 0.0271
533.9000 0.0273
535.7000 0.0274
536.1000 0.0276
536.3000 0.0278
538.2000 0.0280
539.0000 0.0281
539.3000 0.0283
540.0000 0.0285
542.2000 0.0286
544.7000 0.0288
545.2000 0.0290
547.3000 0.0292
547.3000 0.0293
552.3000 0.0295
555.3000 0.0297
556.4000 0.0299
557.8000 0.0300
557.8000 0.0302
559.2000 0.0304
561.7000 0.0306
561.8000 0.0307
562.8000 0.0309
562.9000 0.0311
565.5000 0.0312
565.5000 0.0314
565.6000 0.0316
568.5000 0.0318
571.4000 0.0319
572.6000 0.0321
575.6000 0.0323
576.3000 0.0325
577.4000 0.0326
578.6000 0.0328
580.0000 0.0330
582.3000 0.0332
582.7000 0.0333
583.4000 0.0335
584.8000 0.0337
585.4000 0.0339
586.0000 0.0340
588.8000 0.0342
589.5000 0.0344
590.5000 0.0345
591.6000 0.0347
591.9000 0.0349
596.4000 0.0351
599.7000 0.0352
601.1000 0.0354
602.3000 0.0356
604.3000 0.0358
606.5000 0.0359
606.7000 0.0361
607.7000 0.0363
610.1000 0.0365
611.3000 0.0366
616.3000 0.0368
618.2000 0.0370
621.3000 0.0372
626.5000 0.0373
627.2000 0.0375
627.7000 0.0377
631.1000 0.0378
642.4000 0.0380
644.4000 0.0382
646.6000 0.0384
646.6000 0.0385
648.8000 0.0387
652.6000 0.0389
654.9000 0.0391
655.6000 0.0392
657.1000 0.0394
657.4000 0.0396
657.6000 0.0398
657.7000 0.0399
659.7000 0.0401
663.8000 0.0403
672.9000 0.0405
673.4000 0.0406
676.4000 0.0408
679.7000 0.0410
680.9000 0.0411
681.4000 0.0413
682.7000 0.0415
683.7000 0.0417
686.3000 0.0418
686.5000 0.0420
688.1000 0.0422
691.4000 0.0424
693.1000 0.0425
699.8000 0.0427
702.3000 0.0429
705.9000 0.0431
706.1000 0.0432
710.6000 0.0434
713.8000 0.0436
717.6000 0.0437
718.6000 0.0439
719.5000 0.0441
721.6000 0.0443
723.5000 0.0444
724.5000 0.0446
724.7000 0.0448
727.7000 0.0450
729.4000 0.0451
730.6000 0.0453
734.1000 0.0455
737.4000 0.0457
739.9000 0.0458
740.5000 0.0460
741.4000 0.0462
744.8000 0.0464
746.2000 0.0465
748.7000 0.0467
750.9000 0.0469
751.5000 0.0470
754.9000 0.0472
755.5000 0.0474
760.3000 0.0476
760.7000 0.0477
760.9000 0.0479
761.2000 0.0481
762.3000 0.0483
765.3000 0.0484
766.8000 0.0486
766.9000 0.0488
769.0000 0.0490
770.7000 0.0491
773.5000 0.0493
775.3000 0.0495
780.3000 0.0497
784.4000 0.0498
787.4000 0.0500
790.5000 0.0502
791.1000 0.0503
797.2000 0.0505
797.6000 0.0507
798.4000 0.0509
798.8000 0.0510
798.8000 0.0512
805.3000 0.0514
807.4000 0.0516
807.5000 0.0517
812.5000 0.0519
814.6000 0.0521
814.8000 0.0523
817.2000 0.0524
821.7000 0.0526
821.9000 0.0528
823.6000 0.0530
827.7000 0.0531
828.8000 0.0533
829.3000 0.0535
832.2000 0.0536
837.2000 0.0538
837.2000 0.0540
837.7000 0.0542
838.0000 0.0543
841.7000 0.0545
843.2000 0.0547
843.2000 0.0549
845.4000 0.0550
848.0000 0.0552
848.8000 0.0554
848.8000 0.0556
849.0000 0.0557
854.9000 0.0559
857.9000 0.0561
859.9000 0.0562
860.0000 0.0564
862.4000 0.0566
866.0000 0.0568
868.3000 0.0569
869.6000 0.0571
877.6000 0.0573
879.5000 0.0575
879.6000 0.0576
883.6000 0.0578
884.2000 0.0580
884.5000 0.0582
885.7000 0.0583
887.1000 0.0585
887.6000 0.0587
887.7000 0.0589
892.8000 0.0590
893.3000 0.0592
894.0000 0.0594
896.1000 0.0595
897.1000 0.0597
902.6000 0.0599
906.5000 0.0601
908.2000 0.0602
910.1000 0.0604
910.4000 0.0606
910.5000 0.0608
912.1000 0.0609
914.7000 0.0611
915.0000 0.0613
917.4000 0.0615
919.8000 0.0616
920.3000 0.0618
920.6000 0.0620
923.5000 0.0622
928.7000 0.0623
929.4000 0.0625
929.4000 0.0627
930.7000 0.0628
934.1000 0.0630
935.4000 0.0632
938.6000 0.0634
938.6000 0.0635
939.4000 0.0637
945.5000 0.0639
948.7000 0.0641
949.0000 0.0642
949.5000 0.0644
950.1000 0.0646
950.7000 0.0648
951.2000 0.0649
953.6000 0.0651
962.8000 0.0653
970.7000 0.0655
971.5000 0.0656
971.9000 0.0658
984.5000 0.0660
990.1000 0.0661
991.2000 0.0663
993.7000 0.0665
993.9000 0.0667
994.2000 0.0668
997.5000 0.0670
999.5000 0.0672
1007.3000 0.0674
1007.4000 0.0675
1008.5000 0.0677
1011.4000 0.0679
1012.3000 0.0681
1013.6000 0.0682
1015.1000 0.0684
1018.1000 0.0686
1019.9000 0.0687
1020.0000 0.0689
1023.3000 0.0691
1023.4000 0.0693
1024.1000 0.0694
1028.7000 0.0696
1031.5000 0.0698
1033.4000 0.0700
1042.8000 0.0701
1047.9000 0.0703
1054.7000 0.0705
1055.4000 0.0707
1056.3000 0.0708
1056.8000 0.0710
1057.8000 0.0712
1060.6000 0.0714
1061.9000 0.0715
1065.6000 0.0717
1070.4000 0.0719
1071.6000 0.0720
1077.3000 0.0722
1077.6000 0.0724
1083.5000 0.0726
1084.6000 0.0727
1088.3000 0.0729
1096.9000 0.0731
1097.3000 0.0733
1097.7000 0.0734
1100.5000 0.0736
1100.6000 0.0738
1101.1000 0.0740
1101.9000 0.0741
1102.6000 0.0743
1105.0000 0.0745
1111.4000 0.0747
1113.7000 0.0748
1114.3000 0.0750
1114.7000 0.0752
1115.1000 0.0753
1117.0000 0.0755
1118.7000 0.0757
1118.7000 0.0759
1119.0000 0.0760
1120.9000 0.0762
1125.2000 0.0764
1125.6000 0.0766
1129.0000 0.0767
1129.8000 0.0769
1132.7000 0.0771
1133.0000 0.0773
1133.4000 0.0774
1135.1000 0.0776
1135.8000 0.0778
1137.3000 0.0780
1138.6000 0.0781
1139.2000 0.0783
1140.5000 0.0785
1143.2000 0.0786
1143.8000 0.0788
1144.2000 0.0790
1148.0000 0.0792
1149.9000 0.0793
1152.5000 0.0795
1159.7000 0.0797
1161.8000 0.0799
1163.7000 0.0800
1168.8000 0.0802
1169.2000 0.0804
1173.0000 0.0806
1173.1000 0.0807
1175.7000 0.0809
1179.5000 0.0811
1179.6000 0.0812
1181.4000 0.0814
1187.2000 0.0816
1189.1000 0.0818
1189.4000 0.0819
1191.0000 0.0821
1191.4000 0.0823
1191.7000 0.0825
1192.5000 0.0826
1194.2000 0.0828
1195.9000 0.0830
1207.0000 0.0832
1211.7000 0.0833
1214.2000 0.0835
1214.6000 0.0837
1220.0000 0.0839
1220.0000 0.0840
1221.8000 0.0842
1224.5000 0.0844
1229.3000 0.0845
1234.2000 0.0847
1235.7000 0.0849
1235.9000 0.0851
1241.0000 0.0852
1242.7000 0.0854
1242.8000 0.0856
1246.5000 0.0858
1249.0000 0.0859
1250.3000 0.0861
1250.5000 0.0863
1251.9000 0.0865
1254.1000 0.0866
1254.8000 0.0868
1255.5000 0.0870
1256.4000 0.0872
1259.1000 0.0873
1260.1000 0.0875
1263.9000 0.0877
1265.7000 0.0878
1266.1000 0.0880
1267.0000 0.0882
1267.9000 0.0884
1268.5000 0.0885
1269.1000 0.0887
1269.5000 0.0889
1272.6000 0.0891
1274.6000 0.0892
1275.5000 0.0894
1280.5000 0.0896
1280.6000 0.0898
1281.3000 0.0899
1282.1000 0.0901
1282.8000 0.0903
1285.2000 0.0905
1290.6000 0.0906
1300.4000 0.0908
1301.3000 0.0910
1302.5000 0.0911
1308.3000 0.0913
1310.0000 0.0915
1310.8000 0.0917
1312.0000 0.0918
1312.4000 0.0920
1317.7000 0.0922
1317.7000 0.0924
1317.8000 0.0925
1322.5000 0.0927
1322.7000 0.0929
1323.3000 0.0931
1325.3000 0.0932
1325.4000 0.0934
1327.3000 0.0936
1329.9000 0.0937
1331.0000 0.0939
1333.3000 0.0941
1337.2000 0.0943
1340.6000 0.0944
1340.9000 0.0946
1347.5000 0.0948
1348.9000 0.0950
1352.8000 0.0951
1353.5000 0.0953
1356.8000 0.0955
1361.3000 0.0957
1362.3000 0.0958
1363.4000 0.0960
1364.4000 0.0962
1367.1000 0.0964
1368.3000 0.0965
1368.3000 0.0967
1371.2000 0.0969
1371.3000 0.0970
1374.5000 0.0972
1374.9000 0.0974
1374.9000 0.0976
1376.5000 0.0977
1377.2000 0.0979
1378.2000 0.0981
1379.3000 0.0983
1380.4000 0.0984
1388.7000 0.0986
1391.1000 0.0988
1394.6000 0.0990
1394.8000 0.0991
1394.9000 0.0993
1396.3000 0.0995
1398.9000 0.0997
1399.6000 0.0998
1405.4000 0.1000
1409.0000 0.1002
1410.2000 0.1003
1413.1000 0.1005
1416.9000 0.1007
1418.1000 0.1009
1418.9000 0.1010
1419.2000 0.1012
1419.4000 0.1014
1420.2000 0.1016
1420.8000 0.1017
1422.2000 0.1019
1424.4000 0.1021
1425.1000 0.1023
1426.4000 0.1024
1429.0000 0.1026
1431.6000 0.1028
1433.1000 0.1030
1434.8000 0.1031
1437.5000 0.1033
1438.0000 0.1035
1439.3000 0.1036
1440.9000 0.1038
1442.6000 0.1040
1446.0000 0.1042
1447.0000 0.1043
1449.4000 0.1045
1452.8000 0.1047
1452.9000 0.1049
1453.3000 0.1050
1455.7000 0.1052
1459.5000 0.1054
1462.1000 0.1056
1465.7000 0.1057
1466.2000 0.1059
1466.4000 0.1061
1470.6000 0.1062
1471.6000 0.1064
1474.6000 0.1066
1474.7000 0.1068
1475.4000 0.1069
1476.4000 0.1071
1478.5000 0.1073
1478.6000 0.1075
1487.7000 0.1076
1488.3000 0.1078
1490.6000 0.1080
1493.0000 0.1082
1494.8000 0.1083
1494.9000 0.1085
1495.6000 0.1087
1502.4000 0.1089
1503.7000 0.1090
1505.6000 0.1092
1507.2000 0.1094
1508.2000 0.1095
1510.4000 0.1097
1512.5000 0.1099
1513.4000 0.1101
1516.0000 0.1102
1516.6000 0.1104
1519.5000 0.1106
1527.9000 0.1108
1528.6000 0.1109
1528.7000 0.1111
1530.3000 0.1113
1530.5000 0.1115
1530.7000 0.1116
1531.2000 0.1118
1532.4000 0.1120
1532.6000 0.1122
1535.0000 0.1123
1538.0000 0.1125
1540.4000 0.1127
1541.7000 0.1128
1544.0000 0.1130
1546.1000 0.1132
1551.8000 0.1134
1552.2000 0.1135
1554.3000 0.1137
1556.1000 0.1139
1557.2000 0.1141
1557.7000 0.1142
1561.4000 0.1144
1563.4000 0.1146
1577.4000 0.1148
1583.0000 0.1149
1584.6000 0.1151
1588.6000 0.1153
1591.6000 0.1155
1594.9000 0.1156
1595.8000 0.1158
1596.3000 0.1160
1596.5000 0.1161
1598.0000 0.1163
1600.5000 0.1165
1601.4000 0.1167
1601.5000 0.1168
1607.5000 0.1170
1608.4000 0.1172
1609.4000 0.1174
1609.8000 0.1175
1610.4000 0.1177
1611.0000 0.1179
1613.3000 0.1181
1613.3000 0.1182
1614.5000 0.1184
1617.2000 0.1186
1620.5000 0.1187
1624.3000 0.1189
1628.3000 0.1191
1629.9000 0.1193
1632.6000 0.1194
1633.8000 0.1196
1635.2000 0.1198
1638.4000 0.1200
1642.8000 0.1201
1643.3000 0.1203
1643.5000 0.1205
1645.8000 0.1207
1645.9000 0.1208
1648.4000 0.1210
1653.8000 0.1212
1654.5000 0.1214
1658.3000 0.1215
1664.4000 0.1217
1667.5000 0.1219
1674.3000 0.1220
1677.3000 0.1222
1679.4000 0.1224
1680.9000 0.1226
1682.2000 0.1227
1683.2000 0.1229
1683.2000 0.1231
1691.8000 0.1233
1693.7000 0.1234
1704.4000 0.1236
1709.7000 0.1238
1711.1000 0.1240
1714.8000 0.1241
1717.1000 0.1243
1717.6000 0.1245
1723.7000 0.1247
1723.9000 0.1248
1724.6000 0.1250
1725.3000 0.1252
1729.3000 0.1253
1733.5000 0.1255
1739.6000 0.1257
1739.7000 0.1259
1739.8000 0.1260
1748.5000 0.1262
1753.0000 0.1264
1758.5000 0.1266
1759.5000 0.1267
1761.1000 0.1269
1762.4000 0.1271
1765.3000 0.1273
1766.0000 0.1274
1766.6000 0.1276
1772.5000 0.1278
1779.2000 0.1280
1779.3000 0.1281
1782.4000 0.1283
1789.5000 0.1285
1793.6000 0.1286
1794.6000 0.1288
1795.6000 0.1290
1795.9000 0.1292
1800.6000 0.1293
1802.0000 0.1295
1805.5000 0.1297
1808.4000 0.1299
1808.8000 0.1300
1809.5000 0.1302
1817.6000 0.1304
1823.4000 0.1306
1827.6000 0.1307
1828.1000 0.1309
1830.3000 0.1311
1830.6000 0.1312
1836.2000 0.1314
1840.1000 0.1316
1840.6000 0.1318
1841.9000 0.1319
1844.8000 0.1321
1846.5000 0.1323
1853.4000 0.1325
1859.5000 0.1326
1862.6000 0.1328
1868.8000 0.1330
1870.3000 0.1332
1874.5000 0.1333
1877.6000 0.1335
1878.3000 0.1337
1882.5000 0.1339
1884.3000 0.1340
1894.6000 0.1342
1894.7000 0.1344
1896.2000 0.1345
1897.6000 0.1347
1898.4000 0.1349
1903.9000 0.1351
1905.3000 0.1352
1912.0000 0.1354
1913.8000 0.1356
1913.8000 0.1358
1914.9000 0.1359
1916.3000 0.1361
1916.5000 0.1363
1921.8000 0.1365
1921.8000 0.1366
1928.5000 0.1368
1930.0000 0.1370
1931.1000 0.1372
1933.2000 0.1373
1936.8000 0.1375
1937.1000 0.1377
1938.7000 0.1378
1939.4000 0.1380
1940.8000 0.1382
1948.6000 0.1384
1951.1000 0.1385
1967.2000 0.1387
1968.8000 0.1389
1968.9000 0.1391
1979.3000 0.1392
1980.5000 0.1394
1981.2000 0.1396
1990.7000 0.1398
1991.1000 0.1399
1995.2000 0.1401
1995.3000 0.1403
2001.0000 0.1405
2002.4000 0.1406
2003.6000 0.1408
2006.4000 0.1410
2010.2000 0.1411
2013.0000 0.1413
2013.2000 0.1415
2016.8000 0.1417
2021.9000 0.1418
2023.5000 0.1420
2033.5000 0.1422
2035.7000 0.1424
2037.6000 0.1425
2041.6000 0.1427
2043.7000 0.1429
2044.8000 0.1431
2048.8000 0.1432
2053.1000 0.1434
2054.1000 0.1436
2054.3000 0.1437
2061.3000 0.1439
2062.6000 0.1441
2062.9000 0.1443
2080.4000 0.1444
2084.6000 0.1446
2085.2000 0.1448
2085.8000 0.1450
2088.0000 0.1451
2088.3000 0.1453
2089.8000 0.1455
2093.9000 0.1457
2096.3000 0.1458
2102.7000 0.1460
2105.6000 0.1462
2108.0000 0.1464
2109.0000 0.1465
2113.5000 0.1467
2122.5000 0.1469
2134.5000 0.1470
2135.5000 0.1472
2139.7000 0.1474
2140.4000 0.1476
2141.7000 0.1477
2148.1000 0.1479
2150.4000 0.1481
2157.5000 0.1483
2158.4000 0.1484
2165.6000 0.1486
2167.4000 0.1488
2175.3000 0.1490
2178.7000 0.1491
2183.7000 0.1493
2187.7000 0.1495
2192.2000 0.1497
2193.7000 0.1498
2201.0000 0.1500
2204.3000 0.1502
2204.7000 0.1503
2205.2000 0.1505
2207.0000 0.1507
2209.2000 0.1509
2222.0000 0.1510
2226.9000 0.1512
2228.0000 0.1514
2229.8000 0.1516
2235.8000 0.1517
2237.7000 0.1519
2239.9000 0.1521
2242.2000 0.1523
2249.0000 0.1524
2253.2000 0.1526
2253.5000 0.1528
2255.5000 0.1530
2258.3000 0.1531
2263.6000 0.1533
2276.3000 0.1535
2277.8000 0.1536
2281.1000 0.1538
2284.2000 0.1540
2290.1000 0.1542
2298.5000 0.1543
2300.8000 0.1545
2303.7000 0.1547
2305.1000 0.1549
2311.6000 0.1550
2316.5000 0.1552
2317.2000 0.1554
2322.0000 0.1556
2325.6000 0.1557
2328.4000 0.1559
2332.6000 0.1561
2337.7000 0.1562
2342.1000 0.1564
2344.5000 0.1566
2348.0000 0.1568
2351.3000 0.1569
2352.7000 0.1571
2353.9000 0.1573
2354.1000 0.1575
2355.8000 0.1576
2356.4000 0.1578
2357.7000 0.1580
2368.8000 0.1582
2376.3000 0.1583
2377.8000 0.1585
2378.2000 0.1587
2380.1000 0.1589
2380.4000 0.1590
2386.6000 0.1592
2408.3000 0.1594
2420.7000 0.1595
2426.5000 0.1597
2427.8000 0.1599
2430.0000 0.1601
2430.3000 0.1602
2438.3000 0.1604
2439.8000 0.1606
2440.0000 0.1608
2441.1000 0.1609
2446.2000 0.1611
2446.5000 0.1613
2449.4000 0.1615
2453.0000 0.1616
2456.4000 0.1618
2468.7000 0.1620
2476.8000 0.1622
2479.3000 0.1623
2480.4000 0.1625
2486.8000 0.1627
2493.0000 0.1628
2493.7000 0.1630
2502.8000 0.1632
2505.1000 0.1634
2506.7000 0.1635
2506.8000 0.1637
2513.5000 0.1639
2516.6000 0.1641
2519.7000 0.1642
2521.0000 0.1644
2524.8000 0.1646
2525.4000 0.1648
2526.6000 0.1649
2538.7000 0.1651
2541.3000 0.1653
2552.1000 0.1655
2555.2000 0.1656
2558.8000 0.1658
2565.7000 0.1660
2574.9000 0.1661
2576.3000 0.1663
2582.2000 0.1665
2587.7000 0.1667
2589.7000 0.1668
2590.6000 0.1670
2597.4000 0.1672
2600.3000 0.1674
2600.4000 0.1675
2605.2000 0.1677
2611.0000 0.1679
2626.8000 0.1681
2633.0000 0.1682
2639.1000 0.1684
2640.5000 0.1686
2645.7000 0.1687
2649.4000 0.1689
2650.6000 0.1691
2655.8000 0.1693
2663.7000 0.1694
2666.1000 0.1696
2678.1000 0.1698
2684.8000 0.1700
2688.5000 0.1701
2694.3000 0.1703
2695.8000 0.1705
2708.8000 0.1707
2708.9000 0.1708
2710.7000 0.1710
2713.4000 0.1712
2715.1000 0.1714
2724.7000 0.1715
2728.1000 0.1717
2728.1000 0.1719
2732.8000 0.1720
2738.5000 0.1722
2742.8000 0.1724
2750.7000 0.1726
2750.7000 0.1727
2757.5000 0.1729
2761.3000 0.1731
2764.8000 0.1733
2766.2000 0.1734
2771.6000 0.1736
2774.4000 0.1738
2776.5000 0.1740
2782.8000 0.1741
2786.4000 0.1743
2789.3000 0.1745
2792.6000 0.1747
2820.2000 0.1748
2821.6000 0.1750
2827.6000 0.1752
2830.5000 0.1753
2831.5000 0.1755
2853.8000 0.1757
2858.2000 0.1759
2858.5000 0.1760
2863.2000 0.1762
2865.5000 0.1764
2868.5000 0.1766
2873.6000 0.1767
2873.7000 0.1769
2876.4000 0.1771
2899.7000 0.1773
2904.9000 0.1774
2924.1000 0.1776
2930.1000 0.1778
2930.4000 0.1780
2939.8000 0.1781
2951.8000 0.1783
2954.7000 0.1785
2961.2000 0.1786
2962.6000 0.1788
2981.8000 0.1790
2983.3000 0.1792
2983.6000 0.1793
2984.8000 0.1795
2984.8000 0.1797
2989.5000 0.1799
2995.4000 0.1800
2999.1000 0.1802
3004.7000 0.1804
3008.8000 0.1806
3011.5000 0.1807
3016.2000 0.1809
3018.0000 0.1811
3022.8000 0.1812
3037.5000 0.1814
3038.5000 0.1816
3049.3000 0.1818
3056.9000 0.1819
3059.4000 0.1821
3069.8000 0.1823
3090.5000 0.1825
3096.7000 0.1826
3119.5000 0.1828
3124.0000 0.1830
3127.4000 0.1832
3129.4000 0.1833
3131.0000 0.1835
3142.5000 0.1837
3150.7000 0.1839
3151.8000 0.1840
3153.1000 0.1842
3154.1000 0.1844
3160.6000 0.1845
3164.4000 0.1847
3166.6000 0.1849
3167.4000 0.1851
3169.4000 0.1852
3170.8000 0.1854
3173.4000 0.1856
3177.9000 0.1858
3181.6000 0.1859
3194.7000 0.1861
3198.8000 0.1863
3199.9000 0.1865
3203.7000 0.1866
3210.0000 0.1868
3210.1000 0.1870
3211.3000 0.1872
3213.5000 0.1873
3223.9000 0.1875
3227.9000 0.1877
3228.3000 0.1878
3229.0000 0.1880
3229.1000 0.1882
3233.8000 0.1884
3235.9000 0.1885
3237.5000 0.1887
3238.0000 0.1889
3249.5000 0.1891
3262.5000 0.1892
3263.2000 0.1894
3274.0000 0.1896
3274.6000 0.1898
3280.6000 0.1899
3285.9000 0.1901
3292.7000 0.1903
3300.3000 0.1905
3306.6000 0.1906
3313.7000 0.1908
3334.6000 0.1910
3341.1000 0.1911
3352.7000 0.1913
3356.2000 0.1915
3358.9000 0.1917
3366.9000 0.1918
3370.9000 0.1920
3371.3000 0.1922
3381.3000 0.1924
3386.6000 0.1925
3390.5000 0.1927
3397.8000 0.1929
3398.3000 0.1931
3398.5000 0.1932
3415.9000 0.1934
3423.7000 0.1936
3435.3000 0.1937
3435.6000 0.1939
3437.0000 0.1941
3448.3000 0.1943
3449.6000 0.1944
3454.5000 0.1946
3454.6000 0.1948
3467.4000 0.1950
3468.8000 0.1951
3472.1000 0.1953
3472.5000 0.1955
3472.9000 0.1957
3489.2000 0.1958
3494.3000 0.1960
3495.8000 0.1962
3499.4000 0.1964
3507.4000 0.1965
3511.5000 0.1967
3513.5000 0.1969
3528.5000 0.1970
3548.3000 0.1972
3556.5000 0.1974
3556.6000 0.1976
3557.4000 0.1977
3561.9000 0.1979
3564.3000 0.1981
3565.7000 0.1983
3566.6000 0.1984
3575.3000 0.1986
3577.3000 0.1988
3582.5000 0.1990
3582.7000 0.1991
3584.3000 0.1993
3587.8000 0.1995
3594.4000 0.1997
3599.7000 0.1998
3601.2000 0.2000
3601.7000 0.2002
3601.8000 0.2003
3602.1000 0.2005
3604.5000 0.2007
3608.7000 0.2009
3609.4000 0.2010
3641.1000 0.2012
3651.8000 0.2014
3660.3000 0.2016
3660.7000 0.2017
3674.6000 0.2019
3677.0000 0.2021
3683.5000 0.2023
3684.7000 0.2024
3691.8000 0.2026
3692.6000 0.2028
3696.4000 0.2030
3697.2000 0.2031
3703.3000 0.2033
3708.5000 0.2035
3732.6000 0.2036
3734.3000 0.2038
3737.3000 0.2040
3739.7000 0.2042
3746.2000 0.2043
3747.7000 0.2045
3755.2000 0.2047
3760.5000 0.2049
3767.8000 0.2050
3773.6000 0.2052
3776.1000 0.2054
3780.7000 0.2056
3785.1000 0.2057
3785.3000 0.2059
3789.7000 0.2061
3792.0000 0.2062
3792.2000 0.2064
3793.6000 0.2066
3800.4000 0.2068
3807.3000 0.2069
3808.0000 0.2071
3810.2000 0.2073
3814.9000 0.2075
3826.1000 0.2076
3828.8000 0.2078
3830.5000 0.2080
3839.5000 0.2082
3839.8000 0.2083
3843.7000 0.2085
3843.9000 0.2087
3845.5000 0.2089
3846.1000 0.2090
3847.0000 0.2092
3849.6000 0.2094
3850.1000 0.2095
3850.3000 0.2097
3853.6000 0.2099
3858.6000 0.2101
3861.0000 0.2102
3878.7000 0.2104
3884.2000 0.2106
3891.1000 0.2108
3908.5000 0.2109
3917.2000 0.2111
3918.5000 0.2113
3922.7000 0.2115
3922.8000 0.2116
3930.1000 0.2118
3931.0000 0.2120
3933.4000 0.2122
3936.1000 0.2123
3938.0000 0.2125
3949.0000 0.2127
3955.0000 0.2128
3955.9000 0.2130
3957.6000 0.2132
3972.6000 0.2134
3977.5000 0.2135
3985.2000 0.2137
3988.5000 0.2139
3990.9000 0.2141
3991.5000 0.2142
3997.4000 0.2144
4005.2000 0.2146
4006.9000 0.2148
4007.3000 0.2149
4010.1000 0.2151
4010.1000 0.2153
4010.9000 0.2155
4013.7000 0.2156
4020.7000 0.2158
4020.8000 0.2160
4022.2000 0.2161
4058.5000 0.2163
4061.7000 0.2165
4062.1000 0.2167
4078.0000 0.2168
4079.2000 0.2170
4082.6000 0.2172
4088.7000 0.2174
4093.3000 0.2175
4102.8000 0.2177
4104.1000 0.2179
4110.5000 0.2181
4110.8000 0.2182
4118.7000 0.2184
4119.5000 0.2186
4120.0000 0.2187
4127.0000 0.2189
4128.8000 0.2191
4129.4000 0.2193
4143.4000 0.2194
4143.5000 0.2196
4145.3000 0.2198
4153.7000 0.2200
4154.2000 0.2201
4154.5000 0.2203
4192.3000 0.2205
4196.3000 0.2207
4211.5000 0.2208
4213.6000 0.2210
4214.1000 0.2212
4217.0000 0.2214
4217.3000 0.2215
4220.7000 0.2217
4232.8000 0.2219
4233.7000 0.2220
4235.8000 0.2222
4240.5000 0.2224
4246.5000 0.2226
4249.1000 0.2227
4254.5000 0.2229
4265.8000 0.2231
4276.1000 0.2233
4279.7000 0.2234
4292.1000 0.2236
4293.8000 0.2238
4304.1000 0.2240
4306.7000 0.2241
4312.7000 0.2243
4314.2000 0.2245
4337.6000 0.2247
4339.4000 0.2248
4345.7000 0.2250
4352.2000 0.2252
4353.8000 0.2253
4357.7000 0.2255
4361.5000 0.2257
4377.0000 0.2259
4377.7000 0.2260
4388.6000 0.2262
4390.2000 0.2264
4394.1000 0.2266
4400.7000 0.2267
4408.1000 0.2269
4421.3000 0.2271
4429.8000 0.2273
4437.5000 0.2274
4440.7000 0.2276
4445.6000 0.2278
4448.5000 0.2280
4448.6000 0.2281
4457.1000 0.2283
4461.5000 0.2285
4461.5000 0.2286
4463.7000 0.2288
4468.9000 0.2290
4469.6000 0.2292
4491.3000 0.2293
4492.3000 0.2295
4499.6000 0.2297
4503.6000 0.2299
4506.5000 0.2300
4507.8000 0.2302
4509.7000 0.2304
4520.8000 0.2306
4523.6000 0.2307
4526.7000 0.2309
4535.9000 0.2311
4538.4000 0.2312
4538.8000 0.2314
4543.2000 0.2316
4548.6000 0.2318
4559.6000 0.2319
4561.5000 0.2321
4563.7000 0.2323
4564.6000 0.2325
4566.6000 0.2326
4573.3000 0.2328
4583.1000 0.2330
4607.5000 0.2332
4611.4000 0.2333
4615.2000 0.2335
4619.2000 0.2337
4622.7000 0.2339
4635.4000 0.2340
4645.1000 0.2342
4646.8000 0.2344
4649.1000 0.2345
4663.0000 0.2347
4670.0000 0.2349
4686.9000 0.2351
4690.5000 0.2352
4692.5000 0.2354
4704.1000 0.2356
4712.5000 0.2358
4712.9000 0.2359
4713.5000 0.2361
4727.6000 0.2363
4728.6000 0.2365
4736.2000 0.2366
4737.5000 0.2368
4741.6000 0.2370
4756.9000 0.2372
4763.3000 0.2373
4769.1000 0.2375
4771.2000 0.2377
4780.6000 0.2378
4784.5000 0.2380
4786.4000 0.2382
4787.1000 0.2384
4791.7000 0.2385
4803.1000 0.2387
4804.5000 0.2389
4810.9000 0.2391
4811.6000 0.2392
4811.8000 0.2394
4812.7000 0.2396
4812.8000 0.2398
4819.8000 0.2399
4824.9000 0.2401
4829.6000 0.2403
4844.9000 0.2405
4847.5000 0.2406
4850.0000 0.2408
4853.0000 0.2410
4866.4000 0.2411
4884.0000 0.2413
4892.2000 0.2415
4897.3000 0.2417
4898.8000 0.2418
4899.9000 0.2420
4903.8000 0.2422
4905.0000 0.2424
4906.7000 0.2425
4922.1000 0.2427
4928.8000 0.2429
4943.4000 0.2431
4949.6000 0.2432
4955.0000 0.2434
4964.7000 0.2436
4969.1000 0.2437
4970.8000 0.2439
4972.1000 0.2441
4975.4000 0.2443
4984.6000 0.2444
4999.7000 0.2446
5000.6000 0.2448
5006.9000 0.2450
5016.2000 0.2451
5018.6000 0.2453
5021.4000 0.2455
5021.4000 0.2457
5026.2000 0.2458
5026.3000 0.2460
5042.3000 0.2462
5047.1000 0.2464
5047.6000 0.2465
5049.7000 0.2467
5051.0000 0.2469
5052.5000 0.2470
5054.9000 0.2472
5063.7000 0.2474
5066.8000 0.2476
5075.6000 0.2477
5091.3000 0.2479
5092.6000 0.2481
5099.5000 0.2483
5101.2000 0.2484
5107.7000 0.2486
5113.8000 0.2488
5127.2000 0.2490
5127.8000 0.2491
5152.3000 0.2493
5168.6000 0.2495
5176.5000 0.2497
5186.6000 0.2498
5198.9000 0.2500
5204.7000 0.2502
5207.5000 0.2503
5212.1000 0.2505
5219.7000 0.2507
5223.9000 0.2509
5239.4000 0.2510
5240.8000 0.2512
5246.8000 0.2514
5249.8000 0.2516
5250.2000 0.2517
5253.8000 0.2519
5254.5000 0.2521
5290.0000 0.2523
5299.8000 0.2524
5303.5000 0.2526
5310.0000 0.2528
5311.5000 0.2530
5316.1000 0.2531
5316.9000 0.2533
5333.1000 0.2535
5343.5000 0.2536
5354.5000 0.2538
5362.7000 0.2540
5368.2000 0.2542
5370.9000 0.2543
5374.8000 0.2545
5380.6000 0.2547
5380.8000 0.2549
5383.8000 0.2550
5384.2000 0.2552
5391.7000 0.2554
5393.1000 0.2556
5393.5000 0.2557
5402.5000 0.2559
5402.6000 0.2561
5403.9000 0.2563
5405.6000 0.2564
5408.1000 0.2566
5410.3000 0.2568
5418.2000 0.2569
5434.5000 0.2571
5447.3000 0.2573
5448.4000 0.2575
5449.5000 0.2576
5461.8000 0.2578
5465.5000 0.2580
5476.0000 0.2582
5480.1000 0.2583
5482.2000 0.2585
5488.5000 0.2587
5492.9000 0.2589
5493.8000 0.2590
5501.7000 0.2592
5508.7000 0.2594
5510.1000 0.2595
5516.1000 0.2597
5526.9000 0.2599
5532.3000 0.2601
5532.5000 0.2602
5533.7000 0.2604
5534.1000 0.2606
5539.8000 0.2608
5546.0000 0.2609
5552.5000 0.2611
5569.9000 0.2613
5579.9000 0.2615
5582.2000 0.2616
5591.6000 0.2618
5606.7000 0.2620
5610.1000 0.2622
5623.7000 0.2623
5624.2000 0.2625
5641.0000 0.2627
5644.5000 0.2628
5648.3000 0.2630
5649.3000 0.2632
5656.4000 0.2634
5667.4000 0.2635
5668.1000 0.2637
5668.3000 0.2639
5668.7000 0.2641
5682.7000 0.2642
5688.4000 0.2644
5698.8000 0.2646
5700.6000 0.2648
5704.6000 0.2649
5715.5000 0.2651
5716.0000 0.2653
5723.8000 0.2655
5726.3000 0.2656
5730.7000 0.2658
5731.7000 0.2660
5737.1000 0.2661
5746.0000 0.2663
5753.5000 0.2665
5757.4000 0.2667
5759.6000 0.2668
5763.8000 0.2670
5772.7000 0.2672
5772.7000 0.2674
5774.4000 0.2675
5777.1000 0.2677
5781.1000 0.2679
5782.7000 0.2681
5785.2000 0.2682
5790.9000 0.2684
5796.2000 0.2686
5797.9000 0.2688
5799.5000 0.2689
5806.4000 0.2691
5808.8000 0.2693
5816.4000 0.2694
5823.8000 0.2696
5826.7000 0.2698
5828.6000 0.2700
5838.4000 0.2701
5848.7000 0.2703
5849.4000 0.2705
5853.8000 0.2707
5862.2000 0.2708
5863.7000 0.2710
5886.2000 0.2712
5887.1000 0.2714
5892.8000 0.2715
5899.7000 0.2717
5900.2000 0.2719
5906.6000 0.2720
5927.7000 0.2722
5929.9000 0.2724
5933.3000 0.2726
5946.4000 0.2727
5949.0000 0.2729
5955.3000 0.2731
5957.5000 0.2733
5965.4000 0.2734
5977.3000 0.2736
5990.2000 0.2738
5992.8000 0.2740
5993.0000 0.2741
5999.7000 0.2743
6009.5000 0.2745
6010.5000 0.2747
6011.1000 0.2748
6012.9000 0.2750
6014.6000 0.2752
6014.7000 0.2753
6015.0000 0.2755
6018.5000 0.2757
6031.5000 0.2759
6038.5000 0.2760
6051.2000 0.2762
6052.0000 0.2764
6060.9000 0.2766
6064.9000 0.2767
6068.9000 0.2769
6082.7000 0.2771
6087.2000 0.2773
6115.2000 0.2774
6115.3000 0.2776
6118.6000 0.2778
6120.7000 0.2780
6124.6000 0.2781
6141.8000 0.2783
6144.3000 0.2785
6150.6000 0.2786
6154.5000 0.2788
6158.7000 0.2790
6159.1000 0.2792
6160.1000 0.2793
6161.7000 0.2795
6181.5000 0.2797
6184.5000 0.2799
6185.3000 0.2800
6201.6000 0.2802
6203.4000 0.2804
6239.7000 0.2806
6243.5000 0.2807
6250.3000 0.2809
6259.7000 0.2811
6264.3000 0.2813
6270.5000 0.2814
6271.3000 0.2816
6274.6000 0.2818
6275.7000 0.2819
6276.7000 0.2821
6288.6000 0.2823
6289.3000 0.2825
6294.5000 0.2826
6302.8000 0.2828
6305.4000 0.2830
6314.7000 0.2832
6317.8000 0.2833
6320.1000 0.2835
6323.2000 0.2837
6333.2000 0.2839
6337.6000 0.2840
6337.8000 0.2842
6340.5000 0.2844
6343.8000 0.2845
6357.8000 0.2847
6372.5000 0.2849
6374.8000 0.2851
6374.8000 0.2852
6377.9000 0.2854
6382.7000 0.2856
6383.9000 0.2858
6395.9000 0.2859
6397.2000 0.2861
6421.9000 0.2863
6439.3000 0.2865
6454.9000 0.2866
6458.6000 0.2868
6470.6000 0.2870
6483.6000 0.2872
6484.2000 0.2873
6485.7000 0.2875
6498.6000 0.2877
6508.3000 0.2878
6509.9000 0.2880
6519.2000 0.2882
6531.6000 0.2884
6559.2000 0.2885
6559.3000 0.2887
6567.4000 0.2889
6570.6000 0.2891
6578.5000 0.2892
6579.2000 0.2894
6579.2000 0.2896
6579.7000 0.2898
6583.2000 0.2899
6592.6000 0.2901
6615.0000 0.2903
6618.1000 0.2905
6632.6000 0.2906
6634.5000 0.2908
6642.2000 0.2910
6643.8000 0.2911
6644.4000 0.2913
6649.5000 0.2915
6667.3000 0.2917
6687.6000 0.2918
6689.6000 0.2920
6693.6000 0.2922
6696.9000 0.2924
6697.6000 0.2925
6701.1000 0.2927
6704.7000 0.2929
6720.5000 0.2931
6720.7000 0.2932
6722.3000 0.2934
6722.7000 0.2936
6723.2000 0.2938
6728.6000 0.2939
6734.0000 0.2941
6734.2000 0.2943
6737.2000 0.2944
6741.6000 0.2946
6743.4000 0.2948
6745.9000 0.2950
6747.6000 0.2951
6756.7000 0.2953
6759.1000 0.2955
6762.1000 0.2957
6774.7000 0.2958
6784.3000 0.2960
6799.1000 0.2962
6807.7000 0.2964
6809.0000 0.2965
6825.1000 0.2967
6838.2000 0.2969
6840.4000 0.2970
6845.1000 0.2972
6852.0000 0.2974
6852.7000 0.2976
6864.9000 0.2977
6875.6000 0.2979
6891.0000 0.2981
6898.2000 0.2983
6899.5000 0.2984
6901.5000 0.2986
6902.9000 0.2988
6904.6000 0.2990
6906.7000 0.2991
6907.5000 0.2993
6907.5000 0.2995
6908.2000 0.2997
6913.6000 0.2998
6920.1000 0.3000
6937.0000 0.3002
6939.2000 0.3003
6967.0000 0.3005
6983.7000 0.3007
6994.5000 0.3009
7010.1000 0.3010
7013.5000 0.3012
7014.0000 0.3014
7025.7000 0.3016
7039.5000 0.3017
7050.6000 0.3019
7051.3000 0.3021
7060.9000 0.3023
7063.3000 0.3024
7077.3000 0.3026
7090.4000 0.3028
7094.1000 0.3030
7096.8000 0.3031
7098.7000 0.3033
7113.3000 0.3035
7114.2000 0.3036
7132.6000 0.3038
7133.6000 0.3040
7136.5000 0.3042
7144.8000 0.3043
7144.9000 0.3045
7163.1000 0.3047
7163.2000 0.3049
7181.5000 0.3050
7198.1000 0.3052
7233.7000 0.3054
7234.7000 0.3056
7246.5000 0.3057
7261.8000 0.3059
7262.4000 0.3061
7271.6000 0.3063
7276.0000 0.3064
7296.2000 0.3066
7298.5000 0.3068
7310.7000 0.3069
7322.4000 0.3071
7326.4000 0.3073
7336.7000 0.3075
7336.8000 0.3076
7343.1000 0.3078
7351.5000 0.3080
7352.3000 0.3082
7363.1000 0.3083
7366.9000 0.3085
7372.5000 0.3087
7373.3000 0.3089
7377.4000 0.3090
7380.7000 0.3092
7385.2000 0.3094
7398.5000 0.3095
7401.0000 0.3097
7415.7000 0.3099
7419.8000 0.3101
7433.2000 0.3102
7436.3000 0.3104
7436.8000 0.3106
7441.5000 0.3108
7447.4000 0.3109
7447.4000 0.3111
7454.8000 0.3113
7456.6000 0.3115
7458.7000 0.3116
7459.3000 0.3118
7460.2000 0.3120
7469.5000 0.3122
7474.3000 0.3123
7494.8000 0.3125
7502.7000 0.3127
7507.1000 0.3128
7510.8000 0.3130
7513.6000 0.3132
7518.7000 0.3134
7522.6000 0.3135
7540.7000 0.3137
7545.1000 0.3139
7553.9000 0.3141
7555.0000 0.3142
7555.2000 0.3144
7556.9000 0.3146
7563.4000 0.3148
7580.4000 0.3149
7590.0000 0.3151
7597.7000 0.3153
7598.1000 0.3155
7598.9000 0.3156
7601.8000 0.3158
7606.2000 0.3160
7608.7000 0.3161
7617.5000 0.3163
7617.8000 0.3165
7625.9000 0.3167
7629.8000 0.3168
7649.9000 0.3170
7660.7000 0.3172
7675.7000 0.3174
7701.7000 0.3175
7702.2000 0.3177
7703.7000 0.3179
7703.9000 0.3181
7705.0000 0.3182
7710.6000 0.3184
7718.9000 0.3186
7719.1000 0.3188
7719.8000 0.3189
7724.5000 0.3191
7733.9000 0.3193
7754.1000 0.3194
7758.6000 0.3196
7765.8000 0.3198
7774.7000 0.3200
7781.8000 0.3201
7796.2000 0.3203
7799.6000 0.3205
7808.1000 0.3207
7835.7000 0.3208
7841.0000 0.3210
7851.2000 0.3212
7852.8000 0.3214
7871.5000 0.3215
7873.5000 0.3217
7877.1000 0.3219
7879.6000 0.3220
7880.5000 0.3222
7880.8000 0.3224
7882.0000 0.3226
7886.2000 0.3227
7895.4000 0.3229
7897.6000 0.3231
7902.5000 0.3233
7919.5000 0.3234
7929.2000 0.3236
7931.3000 0.3238
7940.3000 0.3240
7943.2000 0.3241
7943.6000 0.3243
7963.5000 0.3245
7966.5000 0.3247
7969.2000 0.3248
7973.0000 0.3250
7975.0000 0.3252
7977.5000 0.3253
7978.8000 0.3255
7997.6000 0.3257
8007.7000 0.3259
8015.8000 0.3260
8036.1000 0.3262
8037.6000 0.3264
8040.4000 0.3266
8047.8000 0.3267
8057.5000 0.3269
8066.6000 0.3271
8077.5000 0.3273
8079.7000 0.3274
8103.7000 0.3276
8108.9000 0.3278
8118.2000 0.3280
8125.8000 0.3281
8129.7000 0.3283
8153.2000 0.3285
8160.6000 0.3286
8163.9000 0.3288
8166.7000 0.3290
8169.7000 0.3292
8176.5000 0.3293
8191.7000 0.3295
8200.6000 0.3297
8203.6000 0.3299
8211.6000 0.3300
8213.5000 0.3302
8236.4000 0.3304
8248.4000 0.3306
8255.5000 0.3307
8257.5000 0.3309
8258.7000 0.3311
8266.6000 0.3313
8274.0000 0.3314
8283.7000 0.3316
8295.8000 0.3318
8298.1000 0.3319
8299.8000 0.3321
8303.0000 0.3323
8323.9000 0.3325
8351.5000 0.3326
8351.8000 0.3328
8367.2000 0.3330
8371.6000 0.3332
8375.5000 0.3333
8376.7000 0.3335
8391.2000 0.3337
8394.6000 0.3339
8394.8000 0.3340
8400.8000 0.3342
8403.5000 0.3344
8408.8000 0.3345
8413.6000 0.3347
8421.1000 0.3349
8421.7000 0.3351
8447.9000 0.3352
8454.4000 0.3354
8458.7000 0.3356
8459.1000 0.3358
8484.3000 0.3359
8486.6000 0.3361
8502.5000 0.3363
8529.2000 0.3365
8545.4000 0.3366
8554.1000 0.3368
8559.5000 0.3370
8566.7000 0.3372
8585.0000 0.3373
8587.0000 0.3375
8587.7000 0.3377
8592.5000 0.3378
8596.1000 0.3380
8598.4000 0.3382
8602.5000 0.3384
8607.7000 0.3385
8609.4000 0.3387
8618.2000 0.3389
8621.5000 0.3391
8641.2000 0.3392
8641.4000 0.3394
8642.1000 0.3396
8652.7000 0.3398
8655.5000 0.3399
8669.8000 0.3401
8670.9000 0.3403
8677.0000 0.3405
8678.8000 0.3406
8680.1000 0.3408
8687.8000 0.3410
8688.2000 0.3411
8693.6000 0.3413
8713.9000 0.3415
8720.6000 0.3417
8726.7000 0.3418
8734.7000 0.3420
8737.4000 0.3422
8749.6000 0.3424
8752.5000 0.3425
8752.9000 0.3427
8767.8000 0.3429
8775.8000 0.3431
8798.7000 0.3432
8800.5000 0.3434
8805.1000 0.3436
8808.5000 0.3438
8809.8000 0.3439
8814.0000 0.3441
8831.7000 0.3443
8840.6000 0.3444
8841.2000 0.3446
8843.6000 0.3448
8843.9000 0.3450
8848.0000 0.3451
8860.9000 0.3453
8864.0000 0.3455
8870.4000 0.3457
8873.2000 0.3458
8875.9000 0.3460
8879.3000 0.3462
8891.5000 0.3464
8900.1000 0.3465
8902.4000 0.3467
8913.1000 0.3469
8919.9000 0.3470
8934.1000 0.3472
8936.3000 0.3474
8955.8000 0.3476
8959.8000 0.3477
8963.7000 0.3479
8963.9000 0.3481
8994.6000 0.3483
8998.9000 0.3484
9000.3000 0.3486
9013.5000 0.3488
9033.5000 0.3490
9046.7000 0.3491
9061.9000 0.3493
9073.0000 0.3495
9080.5000 0.3497
9082.6000 0.3498
9088.4000 0.3500
9100.1000 0.3502
9103.3000 0.3503
9104.3000 0.3505
9108.7000 0.3507
9112.7000 0.3509
9120.7000 0.3510
9121.5000 0.3512
9127.9000 0.3514
9135.7000 0.3516
9138.0000 0.3517
9139.3000 0.3519
9142.7000 0.3521
9145.5000 0.3523
9171.8000 0.3524
9175.6000 0.3526
9179.7000 0.3528
9191.1000 0.3530
9191.6000 0.3531
9200.6000 0.3533
9238.1000 0.3535
9261.8000 0.3536
9262.1000 0.3538
9271.3000 0.3540
9274.0000 0.3542
9285.6000 0.3543
9287.9000 0.3545
9296.5000 0.3547
9300.0000 0.3549
9317.7000 0.3550
9321.7000 0.3552
9322.9000 0.3554
9323.4000 0.3556
9328.7000 0.3557
9332.7000 0.3559
9349.7000 0.3561
9354.9000 0.3563
9355.9000 0.3564
9368.7000 0.3566
9379.1000 0.3568
9386.7000 0.3569
9388.1000 0.3571
9389.1000 0.3573
9397.1000 0.3575
9401.9000 0.3576
9420.1000 0.3578
9422.4000 0.3580
9433.4000 0.3582
9436.7000 0.3583
9439.6000 0.3585
9445.9000 0.3587
9449.5000 0.3589
9450.1000 0.3590
9452.5000 0.3592
9456.2000 0.3594
9497.4000 0.3595
9502.6000 0.3597
9502.6000 0.3599
9507.7000 0.3601
9518.5000 0.3602
9519.8000 0.3604
9522.7000 0.3606
9541.0000 0.3608
9567.1000 0.3609
9572.8000 0.3611
9573.0000 0.3613
9595.8000 0.3615
9604.7000 0.3616
9610.7000 0.3618
9622.5000 0.3620
9622.7000 0.3622
9624.3000 0.3623
9639.3000 0.3625
9645.9000 0.3627
9646.3000 0.3628
9649.3000 0.3630
9653.7000 0.3632
9654.1000 0.3634
9655.5000 0.3635
9672.2000 0.3637
9693.5000 0.3639
9697.5000 0.3641
9702.7000 0.3642
9711.0000 0.3644
9713.3000 0.3646
9715.5000 0.3648
9718.5000 0.3649
9730.5000 0.3651
9734.9000 0.3653
9749.9000 0.3655
9752.1000 0.3656
9753.7000 0.3658
9758.8000 0.3660
9759.7000 0.3661
9760.5000 0.3663
9761.5000 0.3665
9761.5000 0.3667
9773.0000 0.3668
9776.3000 0.3670
9786.4000 0.3672
9787.7000 0.3674
9809.0000 0.3675
9812.3000 0.3677
9824.6000 0.3679
9842.3000 0.3681
9850.5000 0.3682
9854.5000 0.3684
9869.9000 0.3686
9880.3000 0.3688
9880.6000 0.3689
9881.0000 0.3691
9882.5000 0.3693
9883.2000 0.3694
9886.2000 0.3696
9888.6000 0.3698
9897.5000 0.3700
9905.4000 0.3701
9908.2000 0.3703
9910.5000 0.3705
9914.5000 0.3707
9924.8000 0.3708
9926.0000 0.3710
9939.8000 0.3712
9940.7000 0.3714
9949.9000 0.3715
9962.0000 0.3717
9966.1000 0.3719
9974.1000 0.3720
9995.5000 0.3722
10003.2000 0.3724
10008.4000 0.3726
10047.4000 0.3727
10048.8000 0.3729
10050.2000 0.3731
10053.7000 0.3733
10063.1000 0.3734
10068.6000 0.3736
10071.0000 0.3738
10075.0000 0.3740
10078.6000 0.3741
10079.9000 0.3743
10105.5000 0.3745
10112.5000 0.3747
10120.1000 0.3748
10122.5000 0.3750
10131.5000 0.3752
10135.5000 0.3753
10139.5000 0.3755
10144.2000 0.3757
10147.3000 0.3759
10151.8000 0.3760
10158.4000 0.3762
10164.8000 0.3764
10169.1000 0.3766
10170.8000 0.3767
10195.7000 0.3769
10199.1000 0.3771
10200.9000 0.3773
10206.1000 0.3774
10218.6000 0.3776
10219.1000 0.3778
10230.3000 0.3780
10231.7000 0.3781
10243.2000 0.3783
10257.0000 0.3785
10258.2000 0.3786
10264.8000 0.3788
10272.4000 0.3790
10272.4000 0.3792
10293.2000 0.3793
10298.6000 0.3795
10299.2000 0.3797
10331.8000 0.3799
10337.1000 0.3800
10338.3000 0.3802
10351.7000 0.3804
10354.3000 0.3806
10356.0000 0.3807
10370.6000 0.3809
10372.4000 0.3811
10377.3000 0.3813
10379.7000 0.3814
10379.9000 0.3816
10384.0000 0.3818
10389.1000 0.3819
10391.5000 0.3821
10393.0000 0.3823
10404.3000 0.3825
10418.5000 0.3826
10419.0000 0.3828
10434.7000 0.3830
10442.6000 0.3832
10447.1000 0.3833
10449.1000 0.3835
10459.8000 0.3837
10463.9000 0.3839
10488.7000 0.3840
10500.7000 0.3842
10502.2000 0.3844
10503.2000 0.3845
10507.8000 0.3847
10509.7000 0.3849
10513.1000 0.3851
10519.8000 0.3852
10522.3000 0.3854
10522.5000 0.3856
10528.6000 0.3858
10528.7000 0.3859
10528.9000 0.3861
10530.6000 0.3863
10547.6000 0.3865
10551.3000 0.3866
10552.2000 0.3868
10554.9000 0.3870
10565.0000 0.3872
10579.4000 0.3873
10593.4000 0.3875
10600.2000 0.3877
10608.7000 0.3878
10630.4000 0.3880
10634.4000 0.3882
10637.9000 0.3884
10642.9000 0.3885
10657.9000 0.3887
10666.1000 0.3889
10690.5000 0.3891
10691.1000 0.3892
10696.4000 0.3894
10705.3000 0.3896
10724.9000 0.3898
10735.8000 0.3899
10745.7000 0.3901
10748.1000 0.3903
10752.5000 0.3905
10755.7000 0.3906
10757.3000 0.3908
10759.9000 0.3910
10764.7000 0.3911
10770.5000 0.3913
10771.7000 0.3915
10772.3000 0.3917
10779.7000 0.3918
10788.5000 0.3920
10791.2000 0.3922
10799.9000 0.3924
10809.8000 0.3925
10810.0000 0.3927
10819.5000 0.3929
10825.3000 0.3931
10842.2000 0.3932
10862.9000 0.3934
10864.2000 0.3936
10871.1000 0.3938
10871.6000 0.3939
10885.8000 0.3941
10898.1000 0.3943
10914.2000 0.3944
10939.1000 0.3946
10939.1000 0.3948
10940.8000 0.3950
10946.7000 0.3951
10955.2000 0.3953
10957.1000 0.3955
10967.8000 0.3957
10975.0000 0.3958
10985.0000 0.3960
10991.6000 0.3962
11008.7000 0.3964
11021.8000 0.3965
11022.1000 0.3967
11024.0000 0.3969
11024.2000 0.3970
11024.6000 0.3972
11026.3000 0.3974
11027.3000 0.3976
11033.5000 0.3977
11042.7000 0.3979
11043.7000 0.3981
11048.6000 0.3983
11049.5000 0.3984
11050.6000 0.3986
11056.9000 0.3988
11057.1000 0.3990
11057.9000 0.3991
11065.2000 0.3993
11067.6000 0.3995
11067.8000 0.3997
11071.7000 0.3998
11082.7000 0.4000
11083.2000 0.4002
11085.2000 0.4003
11085.5000 0.4005
11086.5000 0.4007
11086.5000 0.4009
11095.8000 0.4010
11104.6000 0.4012
11114.5000 0.4014
11119.3000 0.4016
11131.6000 0.4017
11133.9000 0.4019
11142.6000 0.4021
11144.2000 0.4023
11153.2000 0.4024
11168.4000 0.4026
11178.7000 0.4028
11210.6000 0.4030
11211.7000 0.4031
11232.5000 0.4033
11236.5000 0.4035
11238.1000 0.4036
11251.8000 0.4038
11258.5000 0.4040
11262.2000 0.4042
11276.9000 0.4043
11294.4000 0.4045
11297.6000 0.4047
11304.1000 0.4049
11311.5000 0.4050
11313.1000 0.4052
11325.3000 0.4054
11350.5000 0.4056
11354.7000 0.4057
11359.7000 0.4059
11376.9000 0.4061
11385.5000 0.4063
11387.1000 0.4064
11390.4000 0.4066
11395.5000 0.4068
11397.5000 0.4069
11408.5000 0.4071
11410.2000 0.4073
11422.7000 0.4075
11423.3000 0.4076
11426.3000 0.4078
11430.8000 0.4080
11431.4000 0.4082
11433.2000 0.4083
11436.7000 0.4085
11443.1000 0.4087
11448.4000 0.4089
11452.2000 0.4090
11464.9000 0.4092
11466.0000 0.4094
11472.5000 0.4095
11473.6000 0.4097
11488.4000 0.4099
11499.4000 0.4101
11500.8000 0.4102
11505.9000 0.4104
11512.2000 0.4106
11520.7000 0.4108
11534.5000 0.4109
11541.6000 0.4111
11551.5000 0.4113
11576.0000 0.4115
11584.4000 0.4116
11585.8000 0.4118
11588.3000 0.4120
11591.5000 0.4122
11594.0000 0.4123
11597.6000 0.4125
11606.9000 0.4127
11611.7000 0.4128
11613.5000 0.4130
11616.4000 0.4132
11626.6000 0.4134
11629.6000 0.4135
11634.0000 0.4137
11635.7000 0.4139
11637.5000 0.4141
11641.3000 0.4142
11645.0000 0.4144
11650.2000 0.4146
11681.2000 0.4148
11685.1000 0.4149
11689.9000 0.4151
11690.7000 0.4153
11705.5000 0.4155
11724.0000 0.4156
11737.5000 0.4158
11771.1000 0.4160
11771.4000 0.4161
11787.7000 0.4163
11797.2000 0.4165
11816.7000 0.4167
11832.9000 0.4168
11890.8000 0.4170
11915.5000 0.4172
11922.7000 0.4174
11928.8000 0.4175
11950.5000 0.4177
11965.7000 0.4179
11970.1000 0.4181
11981.7000 0.4182
