# messageDelay  cumulativeProbability
1.0000 0.0002
1.0000 0.0003
1.0000 0.0005
1.0000 0.0007
1.0000 0.0009
1.0000 0.0010
1.0000 0.0012
1.0000 0.0014
1.0000 0.0016
1.0000 0.0017
1.0000 0.0019
1.0000 0.0021
1.0000 0.0023
1.0000 0.0024
1.0000 0.0026
1.0000 0.0028
1.0000 0.0030
1.0000 0.0031
4.5000 0.0033
4.7000 0.0035
27.3000 0.0036
78.3000 0.0038
78.8000 0.0040
81.3000 0.0042
89.0000 0.0043
90.3000 0.0045
95.5000 0.0047
101.2000 0.0049
104.1000 0.0050
107.4000 0.0052
113.0000 0.0054
137.7000 0.0056
137.8000 0.0057
147.8000 0.0059
151.2000 0.0061
151.9000 0.0063
166.3000 0.0064
196.3000 0.0066
197.0000 0.0068
204.6000 0.0069
207.0000 0.0071
221.9000 0.0073
235.4000 0.0075
241.6000 0.0076
253.5000 0.0078
257.8000 0.0080
260.1000 0.0082
285.5000 0.0083
290.5000 0.0085
306.9000 0.0087
310.8000 0.0089
318.4000 0.0090
320.9000 0.0092
326.7000 0.0094
335.2000 0.0095
340.0000 0.0097
356.2000 0.0099
360.8000 0.0101
371.9000 0.0102
377.0000 0.0104
377.2000 0.0106
378.4000 0.0108
381.6000 0.0109
390.2000 0.0111
391.6000 0.0113
396.6000 0.0115
402.2000 0.0116
405.2000 0.0118
411.0000 0.0120
411.7000 0.0122
414.2000 0.0123
420.5000 0.0125
424.0000 0.0127
425.1000 0.0128
428.8000 0.0130
429.4000 0.0132
430.5000 0.0134
436.9000 0.0135
440.9000 0.0137
446.8000 0.0139
448.8000 0.0141
452.0000 0.0142
453.6000 0.0144
457.2000 0.0146
462.0000 0.0148
463.1000 0.0149
464.0000 0.0151
466.3000 0.0153
471.8000 0.0155
474.8000 0.0156
475.6000 0.0158
475.8000 0.0160
476.8000 0.0161
477.1000 0.0163
485.7000 0.0165
487.7000 0.0167
490.3000 0.0168
496.4000 0.0170
499.7000 0.0172
503.4000 0.0174
508.2000 0.0175
508.3000 0.0177
512.4000 0.0179
517.0000 0.0181
518.5000 0.0182
520.7000 0.0184
530.8000 0.0186
531.8000 0.0187
535.7000 0.0189
537.5000 0.0191
540.2000 0.0193
547.9000 0.0194
548.6000 0.0196
551.5000 0.0198
552.3000 0.0200
555.1000 0.0201
559.4000 0.0203
564.4000 0.0205
565.5000 0.0207
569.4000 0.0208
569.7000 0.0210
577.9000 0.0212
578.2000 0.0214
578.6000 0.0215
579.9000 0.0217
582.8000 0.0219
586.9000 0.0220
589.2000 0.0222
590.7000 0.0224
593.0000 0.0226
593.1000 0.0227
599.1000 0.0229
605.3000 0.0231
605.8000 0.0233
606.8000 0.0234
611.7000 0.0236
614.0000 0.0238
614.3000 0.0240
621.3000 0.0241
623.2000 0.0243
626.2000 0.0245
626.6000 0.0247
630.8000 0.0248
631.6000 0.0250
635.5000 0.0252
638.2000 0.0253
639.0000 0.0255
649.3000 0.0257
651.1000 0.0259
652.5000 0.0260
654.6000 0.0262
658.1000 0.0264
666.8000 0.0266
672.4000 0.0267
676.3000 0.0269
677.2000 0.0271
677.3000 0.0273
680.8000 0.0274
685.7000 0.0276
687.8000 0.0278
690.9000 0.0280
694.1000 0.0281
695.8000 0.0283
696.0000 0.0285
696.8000 0.0286
697.8000 0.0288
699.2000 0.0290
700.5000 0.0292
701.1000 0.0293
703.6000 0.0295
704.6000 0.0297
706.7000 0.0299
707.1000 0.0300
710.8000 0.0302
713.3000 0.0304
717.2000 0.0306
718.4000 0.0307
728.4000 0.0309
729.2000 0.0311
740.0000 0.0312
746.5000 0.0314
750.0000 0.0316
750.0000 0.0318
751.0000 0.0319
752.6000 0.0321
753.1000 0.0323
753.4000 0.0325
754.1000 0.0326
760.6000 0.0328
761.5000 0.0330
762.4000 0.0332
763.5000 0.0333
768.4000 0.0335
772.1000 0.0337
775.3000 0.0339
776.5000 0.0340
776.7000 0.0342
782.2000 0.0344
782.9000 0.0345
782.9000 0.0347
785.9000 0.0349
788.6000 0.0351
790.8000 0.0352
791.0000 0.0354
791.1000 0.0356
791.4000 0.0358
792.6000 0.0359
795.5000 0.0361
797.5000 0.0363
797.5000 0.0365
799.9000 0.0366
801.5000 0.0368
803.8000 0.0370
806.1000 0.0372
807.7000 0.0373
807.8000 0.0375
808.6000 0.0377
810.1000 0.0378
810.2000 0.0380
811.3000 0.0382
813.7000 0.0384
816.5000 0.0385
817.3000 0.0387
818.3000 0.0389
822.3000 0.0391
824.8000 0.0392
825.1000 0.0394
827.0000 0.0396
830.9000 0.0398
834.9000 0.0399
837.0000 0.0401
837.4000 0.0403
838.7000 0.0405
840.2000 0.0406
841.3000 0.0408
843.0000 0.0410
846.8000 0.0411
847.9000 0.0413
854.6000 0.0415
856.2000 0.0417
857.6000 0.0418
863.5000 0.0420
873.8000 0.0422
875.9000 0.0424
878.4000 0.0425
880.0000 0.0427
880.6000 0.0429
885.7000 0.0431
886.4000 0.0432
892.3000 0.0434
894.4000 0.0436
896.1000 0.0437
898.6000 0.0439
900.4000 0.0441
901.8000 0.0443
902.0000 0.0444
906.6000 0.0446
907.9000 0.0448
912.4000 0.0450
914.1000 0.0451
914.7000 0.0453
917.3000 0.0455
920.5000 0.0457
920.5000 0.0458
926.7000 0.0460
927.4000 0.0462
930.0000 0.0464
930.8000 0.0465
931.2000 0.0467
938.2000 0.0469
939.1000 0.0470
941.9000 0.0472
944.8000 0.0474
949.0000 0.0476
949.7000 0.0477
951.5000 0.0479
953.9000 0.0481
955.3000 0.0483
955.5000 0.0484
960.4000 0.0486
962.0000 0.0488
963.3000 0.0490
966.2000 0.0491
966.2000 0.0493
968.5000 0.0495
970.3000 0.0497
972.9000 0.0498
974.4000 0.0500
974.9000 0.0502
975.6000 0.0503
976.0000 0.0505
979.0000 0.0507
979.6000 0.0509
983.5000 0.0510
984.9000 0.0512
989.2000 0.0514
989.9000 0.0516
990.1000 0.0517
992.4000 0.0519
993.4000 0.0521
993.7000 0.0523
995.3000 0.0524
996.6000 0.0526
998.7000 0.0528
999.4000 0.0530
999.7000 0.0531
1001.6000 0.0533
1003.9000 0.0535
1005.3000 0.0536
1005.4000 0.0538
1006.5000 0.0540
1008.9000 0.0542
1010.2000 0.0543
1010.7000 0.0545
1011.3000 0.0547
1012.3000 0.0549
1013.0000 0.0550
1020.5000 0.0552
1020.8000 0.0554
1021.2000 0.0556
1021.4000 0.0557
1025.2000 0.0559
1026.0000 0.0561
1026.2000 0.0562
1027.5000 0.0564
1031.6000 0.0566
1031.8000 0.0568
1033.0000 0.0569
1034.3000 0.0571
1036.4000 0.0573
1041.0000 0.0575
1041.6000 0.0576
1043.1000 0.0578
1045.3000 0.0580
1048.2000 0.0582
1049.3000 0.0583
1049.9000 0.0585
1050.4000 0.0587
1051.8000 0.0589
1053.0000 0.0590
1053.9000 0.0592
1054.8000 0.0594
1055.3000 0.0595
1055.7000 0.0597
1058.1000 0.0599
1058.8000 0.0601
1059.6000 0.0602
1061.6000 0.0604
1061.7000 0.0606
1062.0000 0.0608
1063.3000 0.0609
1063.5000 0.0611
1064.0000 0.0613
1065.0000 0.0615
1065.0000 0.0616
1066.0000 0.0618
1069.3000 0.0620
1069.7000 0.0622
1070.6000 0.0623
1071.8000 0.0625
1072.6000 0.0627
1073.5000 0.0628
1074.0000 0.0630
1074.0000 0.0632
1077.0000 0.0634
1077.8000 0.0635
1079.6000 0.0637
1079.6000 0.0639
1080.3000 0.0641
1081.7000 0.0642
1082.9000 0.0644
1085.3000 0.0646
1088.4000 0.0648
1088.9000 0.0649
1089.2000 0.0651
1089.8000 0.0653
1090.3000 0.0655
1091.7000 0.0656
1096.8000 0.0658
1097.1000 0.0660
1099.4000 0.0661
1100.0000 0.0663
1101.9000 0.0665
1102.3000 0.0667
1102.4000 0.0668
1104.3000 0.0670
1104.5000 0.0672
1104.6000 0.0674
1105.2000 0.0675
1106.9000 0.0677
1111.0000 0.0679
1112.6000 0.0681
1113.4000 0.0682
1114.9000 0.0684
1115.0000 0.0686
1116.6000 0.0687
1117.5000 0.0689
1122.7000 0.0691
1124.3000 0.0693
1125.7000 0.0694
1126.4000 0.0696
1127.0000 0.0698
1127.8000 0.0700
1129.3000 0.0701
1130.4000 0.0703
1131.8000 0.0705
1136.1000 0.0707
1138.2000 0.0708
1138.4000 0.0710
1141.3000 0.0712
1144.2000 0.0714
1145.5000 0.0715
1147.5000 0.0717
1147.9000 0.0719
1148.7000 0.0720
1151.3000 0.0722
1151.6000 0.0724
1152.6000 0.0726
1153.3000 0.0727
1153.9000 0.0729
1154.5000 0.0731
1154.9000 0.0733
1156.2000 0.0734
1157.5000 0.0736
1159.3000 0.0738
1159.7000 0.0740
1159.8000 0.0741
1160.1000 0.0743
1160.5000 0.0745
1160.8000 0.0747
1164.8000 0.0748
1165.0000 0.0750
1165.2000 0.0752
1165.9000 0.0753
1169.8000 0.0755
1170.4000 0.0757
1171.6000 0.0759
1171.7000 0.0760
1172.5000 0.0762
1177.0000 0.0764
1177.1000 0.0766
1178.8000 0.0767
1180.8000 0.0769
1182.8000 0.0771
1185.6000 0.0773
1185.7000 0.0774
1187.6000 0.0776
1189.3000 0.0778
1190.1000 0.0780
1191.3000 0.0781
1191.4000 0.0783
1191.8000 0.0785
1191.9000 0.0786
1198.6000 0.0788
1198.8000 0.0790
1199.0000 0.0792
1200.8000 0.0793
1200.8000 0.0795
1202.6000 0.0797
1203.7000 0.0799
1205.3000 0.0800
1205.5000 0.0802
1206.9000 0.0804
1208.5000 0.0806
1210.3000 0.0807
1210.4000 0.0809
1211.4000 0.0811
1216.7000 0.0812
1217.0000 0.0814
1218.5000 0.0816
1219.2000 0.0818
1219.3000 0.0819
1221.6000 0.0821
1225.2000 0.0823
1225.6000 0.0825
1225.9000 0.0826
1227.3000 0.0828
1230.1000 0.0830
1232.1000 0.0832
1236.7000 0.0833
1236.8000 0.0835
1237.5000 0.0837
1241.0000 0.0839
1243.4000 0.0840
1245.6000 0.0842
1247.2000 0.0844
1248.8000 0.0845
1250.3000 0.0847
1250.4000 0.0849
1250.7000 0.0851
1253.1000 0.0852
1253.2000 0.0854
1257.5000 0.0856
1258.9000 0.0858
1261.4000 0.0859
1264.6000 0.0861
1265.4000 0.0863
1267.7000 0.0865
1271.6000 0.0866
1274.5000 0.0868
1274.5000 0.0870
1275.8000 0.0872
1276.1000 0.0873
1276.4000 0.0875
1278.2000 0.0877
1278.9000 0.0878
1279.4000 0.0880
1280.7000 0.0882
1284.3000 0.0884
1285.4000 0.0885
1285.5000 0.0887
1285.8000 0.0889
1287.6000 0.0891
1291.5000 0.0892
1293.0000 0.0894
1294.0000 0.0896
1294.9000 0.0898
1295.5000 0.0899
1296.0000 0.0901
1298.0000 0.0903
1300.1000 0.0905
1300.4000 0.0906
1306.8000 0.0908
1307.4000 0.0910
1309.4000 0.0911
1310.4000 0.0913
1317.4000 0.0915
1319.8000 0.0917
1320.3000 0.0918
1321.1000 0.0920
1321.2000 0.0922
1322.2000 0.0924
1323.9000 0.0925
1325.0000 0.0927
1326.3000 0.0929
1326.4000 0.0931
1327.9000 0.0932
1328.3000 0.0934
1329.0000 0.0936
1330.0000 0.0937
1330.6000 0.0939
1330.8000 0.0941
1331.2000 0.0943
1333.6000 0.0944
1334.1000 0.0946
1335.8000 0.0948
1336.2000 0.0950
1338.1000 0.0951
1338.4000 0.0953
1338.9000 0.0955
1339.7000 0.0957
1344.2000 0.0958
1344.9000 0.0960
1347.5000 0.0962
1349.8000 0.0964
1349.9000 0.0965
1351.2000 0.0967
1351.8000 0.0969
1352.2000 0.0970
1354.5000 0.0972
1355.6000 0.0974
1356.2000 0.0976
1356.3000 0.0977
1356.5000 0.0979
1359.7000 0.0981
1360.2000 0.0983
1361.3000 0.0984
1363.4000 0.0986
1366.5000 0.0988
1369.5000 0.0990
1371.5000 0.0991
1371.7000 0.0993
1372.7000 0.0995
1374.3000 0.0997
1376.5000 0.0998
1376.8000 0.1000
1380.5000 0.1002
1381.1000 0.1003
1382.2000 0.1005
1384.3000 0.1007
1384.6000 0.1009
1388.2000 0.1010
1389.5000 0.1012
1390.6000 0.1014
1391.8000 0.1016
1394.4000 0.1017
1394.5000 0.1019
1394.5000 0.1021
1395.4000 0.1023
1395.4000 0.1024
1395.8000 0.1026
1399.0000 0.1028
1400.3000 0.1030
1400.9000 0.1031
1403.5000 0.1033
1404.4000 0.1035
1406.4000 0.1036
1407.2000 0.1038
1407.9000 0.1040
1409.7000 0.1042
1412.0000 0.1043
1413.3000 0.1045
1413.5000 0.1047
1414.7000 0.1049
1416.6000 0.1050
1416.6000 0.1052
1418.7000 0.1054
1418.8000 0.1056
1419.9000 0.1057
1420.3000 0.1059
1422.2000 0.1061
1422.3000 0.1062
1423.1000 0.1064
1425.1000 0.1066
1427.6000 0.1068
1428.3000 0.1069
1429.3000 0.1071
1430.6000 0.1073
1431.9000 0.1075
1435.7000 0.1076
1436.6000 0.1078
1438.6000 0.1080
1438.8000 0.1082
1438.9000 0.1083
1441.5000 0.1085
1441.6000 0.1087
1444.8000 0.1089
1448.4000 0.1090
1449.2000 0.1092
1450.0000 0.1094
1450.2000 0.1095
1450.3000 0.1097
1451.5000 0.1099
1452.4000 0.1101
1453.9000 0.1102
1459.6000 0.1104
1460.5000 0.1106
1464.4000 0.1108
1464.6000 0.1109
1466.7000 0.1111
1469.3000 0.1113
1469.4000 0.1115
1470.5000 0.1116
1472.6000 0.1118
1472.6000 0.1120
1473.0000 0.1122
1473.1000 0.1123
1478.3000 0.1125
1480.6000 0.1127
1482.6000 0.1128
1485.6000 0.1130
1485.9000 0.1132
1486.0000 0.1134
1486.1000 0.1135
1487.4000 0.1137
1487.6000 0.1139
1489.7000 0.1141
1489.9000 0.1142
1491.0000 0.1144
1491.3000 0.1146
1491.3000 0.1148
1492.6000 0.1149
1493.6000 0.1151
1495.5000 0.1153
1498.9000 0.1155
1499.3000 0.1156
1499.7000 0.1158
1500.2000 0.1160
1500.3000 0.1161
1500.8000 0.1163
1501.0000 0.1165
1501.4000 0.1167
1501.6000 0.1168
1504.8000 0.1170
1505.8000 0.1172
1507.9000 0.1174
1508.9000 0.1175
1511.2000 0.1177
1513.6000 0.1179
1513.7000 0.1181
1514.6000 0.1182
1515.2000 0.1184
1516.5000 0.1186
1517.6000 0.1187
1518.6000 0.1189
1519.6000 0.1191
1522.7000 0.1193
1523.5000 0.1194
1523.8000 0.1196
1523.9000 0.1198
1524.1000 0.1200
1525.0000 0.1201
1525.3000 0.1203
1526.4000 0.1205
1528.7000 0.1207
1529.7000 0.1208
1530.6000 0.1210
1535.1000 0.1212
1537.6000 0.1214
1537.7000 0.1215
1538.3000 0.1217
1539.2000 0.1219
1544.5000 0.1220
1545.8000 0.1222
1546.0000 0.1224
1549.2000 0.1226
1550.0000 0.1227
1550.3000 0.1229
1550.8000 0.1231
1554.7000 0.1233
1556.9000 0.1234
1557.4000 0.1236
1557.5000 0.1238
1560.7000 0.1240
1560.9000 0.1241
1565.8000 0.1243
1570.5000 0.1245
1570.9000 0.1247
1571.7000 0.1248
1574.1000 0.1250
1576.9000 0.1252
1579.2000 0.1253
1580.3000 0.1255
1580.6000 0.1257
1581.4000 0.1259
1581.7000 0.1260
1582.6000 0.1262
1583.2000 0.1264
1583.9000 0.1266
1585.8000 0.1267
1587.5000 0.1269
1588.0000 0.1271
1588.6000 0.1273
1589.8000 0.1274
1590.0000 0.1276
1590.7000 0.1278
1591.5000 0.1280
1592.3000 0.1281
1593.9000 0.1283
1596.4000 0.1285
1598.8000 0.1286
1599.8000 0.1288
1599.9000 0.1290
1599.9000 0.1292
1602.8000 0.1293
1604.4000 0.1295
1606.0000 0.1297
1608.2000 0.1299
1609.2000 0.1300
1609.8000 0.1302
1610.4000 0.1304
1610.6000 0.1306
1611.1000 0.1307
1615.3000 0.1309
1616.3000 0.1311
1618.9000 0.1312
1622.4000 0.1314
1623.5000 0.1316
1623.5000 0.1318
1623.5000 0.1319
1624.0000 0.1321
1624.7000 0.1323
1625.4000 0.1325
1625.5000 0.1326
1625.6000 0.1328
1627.3000 0.1330
1627.5000 0.1332
1629.3000 0.1333
1629.9000 0.1335
1632.6000 0.1337
1633.1000 0.1339
1633.3000 0.1340
1634.3000 0.1342
1637.2000 0.1344
1639.9000 0.1345
1640.0000 0.1347
1640.0000 0.1349
1640.8000 0.1351
1641.7000 0.1352
1642.0000 0.1354
1642.3000 0.1356
1645.3000 0.1358
1647.2000 0.1359
1651.3000 0.1361
1652.5000 0.1363
1653.5000 0.1365
1655.1000 0.1366
1657.3000 0.1368
1657.4000 0.1370
1659.1000 0.1372
1660.5000 0.1373
1660.6000 0.1375
1661.7000 0.1377
1662.9000 0.1378
1664.2000 0.1380
1666.4000 0.1382
1667.6000 0.1384
1667.7000 0.1385
1670.6000 0.1387
1672.9000 0.1389
1673.2000 0.1391
1674.4000 0.1392
1675.0000 0.1394
1675.7000 0.1396
1677.3000 0.1398
1678.0000 0.1399
1680.3000 0.1401
1682.8000 0.1403
1684.3000 0.1405
1684.6000 0.1406
1690.8000 0.1408
1692.6000 0.1410
1693.6000 0.1411
1693.6000 0.1413
1693.7000 0.1415
1696.5000 0.1417
1697.1000 0.1418
1698.7000 0.1420
1699.2000 0.1422
1701.6000 0.1424
1703.1000 0.1425
1705.5000 0.1427
1707.3000 0.1429
1707.9000 0.1431
1708.2000 0.1432
1708.5000 0.1434
1709.7000 0.1436
1713.2000 0.1437
1713.7000 0.1439
1714.1000 0.1441
1714.4000 0.1443
1715.9000 0.1444
1717.0000 0.1446
1720.0000 0.1448
1721.6000 0.1450
1721.9000 0.1451
1724.8000 0.1453
1725.1000 0.1455
1730.4000 0.1457
1731.3000 0.1458
1734.0000 0.1460
1736.5000 0.1462
1737.4000 0.1464
1740.0000 0.1465
1740.0000 0.1467
1740.1000 0.1469
1740.6000 0.1470
1741.3000 0.1472
1741.4000 0.1474
1742.8000 0.1476
1747.3000 0.1477
1752.5000 0.1479
1752.7000 0.1481
1752.8000 0.1483
1753.3000 0.1484
1753.5000 0.1486
1753.8000 0.1488
1754.8000 0.1490
1755.3000 0.1491
1756.3000 0.1493
1757.9000 0.1495
1759.2000 0.1497
1759.2000 0.1498
1760.8000 0.1500
1768.8000 0.1502
1768.9000 0.1503
1769.5000 0.1505
1770.0000 0.1507
1770.1000 0.1509
1772.2000 0.1510
1779.7000 0.1512
1779.9000 0.1514
1781.0000 0.1516
1782.0000 0.1517
1783.3000 0.1519
1783.4000 0.1521
1786.1000 0.1523
1788.0000 0.1524
1788.3000 0.1526
1789.2000 0.1528
1789.6000 0.1530
1789.8000 0.1531
1790.0000 0.1533
1790.5000 0.1535
1791.6000 0.1536
1793.7000 0.1538
1794.0000 0.1540
1798.4000 0.1542
1801.1000 0.1543
1801.5000 0.1545
1801.8000 0.1547
1802.8000 0.1549
1804.8000 0.1550
1804.9000 0.1552
1805.1000 0.1554
1808.4000 0.1556
1809.5000 0.1557
1809.8000 0.1559
1810.0000 0.1561
1810.4000 0.1562
1810.9000 0.1564
1811.4000 0.1566
1811.9000 0.1568
1812.1000 0.1569
1813.7000 0.1571
1814.0000 0.1573
1815.8000 0.1575
1816.6000 0.1576
1818.1000 0.1578
1818.2000 0.1580
1821.5000 0.1582
1822.1000 0.1583
1822.8000 0.1585
1822.9000 0.1587
1823.2000 0.1589
1823.7000 0.1590
1823.9000 0.1592
1824.3000 0.1594
1824.9000 0.1595
1825.8000 0.1597
1828.2000 0.1599
1829.1000 0.1601
1830.1000 0.1602
1835.2000 0.1604
1838.2000 0.1606
1840.7000 0.1608
1840.8000 0.1609
1844.2000 0.1611
1844.3000 0.1613
1844.7000 0.1615
1850.4000 0.1616
1856.8000 0.1618
1858.4000 0.1620
1858.5000 0.1622
1859.0000 0.1623
1862.5000 0.1625
1862.7000 0.1627
1863.6000 0.1628
1869.2000 0.1630
1870.0000 0.1632
1871.0000 0.1634
1872.3000 0.1635
1874.6000 0.1637
1875.7000 0.1639
1876.3000 0.1641
1879.7000 0.1642
1879.8000 0.1644
1885.4000 0.1646
1885.7000 0.1648
1886.9000 0.1649
1891.2000 0.1651
1894.0000 0.1653
1895.2000 0.1655
1896.3000 0.1656
1896.7000 0.1658
1898.4000 0.1660
1899.1000 0.1661
1900.5000 0.1663
1903.1000 0.1665
1904.4000 0.1667
1908.3000 0.1668
1911.3000 0.1670
1912.4000 0.1672
1913.1000 0.1674
1913.4000 0.1675
1917.6000 0.1677
1917.7000 0.1679
1918.3000 0.1681
1918.5000 0.1682
1918.9000 0.1684
1919.1000 0.1686
1920.3000 0.1687
1920.9000 0.1689
1922.4000 0.1691
1923.8000 0.1693
1924.7000 0.1694
1924.8000 0.1696
1925.4000 0.1698
1927.6000 0.1700
1928.3000 0.1701
1928.8000 0.1703
1931.0000 0.1705
1935.5000 0.1707
1937.6000 0.1708
1939.2000 0.1710
1941.5000 0.1712
1941.6000 0.1714
1942.5000 0.1715
1943.6000 0.1717
1943.8000 0.1719
1944.2000 0.1720
1945.1000 0.1722
1947.2000 0.1724
1947.9000 0.1726
1949.1000 0.1727
1949.3000 0.1729
1949.6000 0.1731
1949.7000 0.1733
1950.0000 0.1734
1952.3000 0.1736
1954.3000 0.1738
1955.4000 0.1740
1956.5000 0.1741
1959.5000 0.1743
1961.7000 0.1745
1961.7000 0.1747
1962.6000 0.1748
1964.2000 0.1750
1964.4000 0.1752
1964.9000 0.1753
1967.4000 0.1755
1968.0000 0.1757
1970.0000 0.1759
1971.0000 0.1760
1972.1000 0.1762
1972.7000 0.1764
1974.6000 0.1766
1977.6000 0.1767
1978.0000 0.1769
1980.6000 0.1771
1985.4000 0.1773
1986.6000 0.1774
1986.8000 0.1776
1993.6000 0.1778
1993.9000 0.1780
1995.7000 0.1781
1996.2000 0.1783
1997.4000 0.1785
1997.6000 0.1786
1999.1000 0.1788
1999.2000 0.1790
1999.5000 0.1792
2001.0000 0.1793
2004.1000 0.1795
2004.8000 0.1797
2004.8000 0.1799
2006.0000 0.1800
2007.2000 0.1802
2010.9000 0.1804
2011.7000 0.1806
2013.1000 0.1807
2013.8000 0.1809
2014.3000 0.1811
2017.5000 0.1812
2021.3000 0.1814
2021.3000 0.1816
2021.7000 0.1818
2021.9000 0.1819
2022.3000 0.1821
2022.6000 0.1823
2026.5000 0.1825
2027.3000 0.1826
2027.4000 0.1828
2027.4000 0.1830
2029.5000 0.1832
2030.1000 0.1833
2030.8000 0.1835
2030.9000 0.1837
2032.4000 0.1839
2033.4000 0.1840
2034.4000 0.1842
2034.7000 0.1844
2035.2000 0.1845
2036.8000 0.1847
2037.8000 0.1849
2039.8000 0.1851
2042.5000 0.1852
2043.6000 0.1854
2044.6000 0.1856
2045.7000 0.1858
2048.5000 0.1859
2049.0000 0.1861
2049.5000 0.1863
2050.4000 0.1865
2052.1000 0.1866
2052.8000 0.1868
2055.1000 0.1870
2056.3000 0.1872
2056.5000 0.1873
2057.7000 0.1875
2058.3000 0.1877
2058.9000 0.1878
2059.2000 0.1880
2064.4000 0.1882
2065.4000 0.1884
2066.6000 0.1885
2067.0000 0.1887
2069.5000 0.1889
2070.6000 0.1891
2070.7000 0.1892
2070.7000 0.1894
2073.0000 0.1896
2073.5000 0.1898
2074.9000 0.1899
2076.7000 0.1901
2081.3000 0.1903
2083.5000 0.1905
2083.7000 0.1906
2086.5000 0.1908
2087.5000 0.1910
2088.7000 0.1911
2094.0000 0.1913
2094.8000 0.1915
2094.9000 0.1917
2095.0000 0.1918
2098.3000 0.1920
2102.9000 0.1922
2102.9000 0.1924
2103.5000 0.1925
2103.6000 0.1927
2107.3000 0.1929
2109.4000 0.1931
2109.9000 0.1932
2111.0000 0.1934
2113.4000 0.1936
2113.9000 0.1937
2114.6000 0.1939
2115.2000 0.1941
2115.9000 0.1943
2116.6000 0.1944
2117.8000 0.1946
2118.4000 0.1948
2119.9000 0.1950
2121.6000 0.1951
2122.0000 0.1953
2122.8000 0.1955
2124.6000 0.1957
2124.8000 0.1958
2124.9000 0.1960
2126.4000 0.1962
2128.0000 0.1964
2128.1000 0.1965
2128.5000 0.1967
2130.4000 0.1969
2132.3000 0.1970
2133.0000 0.1972
2133.0000 0.1974
2133.1000 0.1976
2134.0000 0.1977
2134.1000 0.1979
2134.7000 0.1981
2134.9000 0.1983
2135.1000 0.1984
2135.3000 0.1986
2137.3000 0.1988
2137.9000 0.1990
2139.2000 0.1991
2141.0000 0.1993
2144.7000 0.1995
2145.5000 0.1997
2147.3000 0.1998
2147.9000 0.2000
2147.9000 0.2002
2149.3000 0.2003
2151.3000 0.2005
2152.9000 0.2007
2153.1000 0.2009
2153.6000 0.2010
2155.2000 0.2012
2155.3000 0.2014
2158.3000 0.2016
2160.8000 0.2017
2161.9000 0.2019
2163.1000 0.2021
2164.1000 0.2023
2167.7000 0.2024
2167.9000 0.2026
2168.5000 0.2028
2169.9000 0.2030
2170.4000 0.2031
2170.7000 0.2033
2171.8000 0.2035
2175.2000 0.2036
2178.1000 0.2038
2181.7000 0.2040
2183.1000 0.2042
2184.7000 0.2043
2185.1000 0.2045
2188.1000 0.2047
2188.2000 0.2049
2189.6000 0.2050
2189.8000 0.2052
2192.5000 0.2054
2192.7000 0.2056
2192.9000 0.2057
2193.6000 0.2059
2193.8000 0.2061
2194.0000 0.2062
2194.6000 0.2064
2195.2000 0.2066
2195.2000 0.2068
2195.5000 0.2069
2195.7000 0.2071
2196.1000 0.2073
2196.6000 0.2075
2200.5000 0.2076
2202.5000 0.2078
2203.1000 0.2080
2204.5000 0.2082
2205.4000 0.2083
2207.3000 0.2085
2207.6000 0.2087
2207.7000 0.2089
2208.3000 0.2090
2209.8000 0.2092
2210.1000 0.2094
2211.1000 0.2095
2212.9000 0.2097
2214.0000 0.2099
2214.2000 0.2101
2214.5000 0.2102
2216.7000 0.2104
2219.8000 0.2106
2220.1000 0.2108
2221.4000 0.2109
2223.9000 0.2111
2224.5000 0.2113
2224.9000 0.2115
2227.0000 0.2116
2227.4000 0.2118
2227.8000 0.2120
2228.5000 0.2122
2231.0000 0.2123
2231.3000 0.2125
2233.2000 0.2127
2233.3000 0.2128
2235.4000 0.2130
2236.3000 0.2132
2236.9000 0.2134
2241.6000 0.2135
2243.1000 0.2137
2243.3000 0.2139
2244.6000 0.2141
2245.9000 0.2142
2247.3000 0.2144
2247.8000 0.2146
2247.9000 0.2148
2252.7000 0.2149
2253.2000 0.2151
2253.7000 0.2153
2254.0000 0.2155
2257.0000 0.2156
2260.0000 0.2158
2263.9000 0.2160
2267.8000 0.2161
2268.5000 0.2163
2268.8000 0.2165
2269.3000 0.2167
2275.4000 0.2168
2278.3000 0.2170
2278.9000 0.2172
2281.7000 0.2174
2283.0000 0.2175
2285.3000 0.2177
2286.1000 0.2179
2287.2000 0.2181
2296.6000 0.2182
2297.4000 0.2184
2298.4000 0.2186
2301.2000 0.2187
2302.6000 0.2189
2303.3000 0.2191
2306.3000 0.2193
2308.7000 0.2194
2309.6000 0.2196
2309.7000 0.2198
2313.5000 0.2200
2315.8000 0.2201
2317.4000 0.2203
2317.6000 0.2205
2320.2000 0.2207
2322.0000 0.2208
2324.1000 0.2210
2324.4000 0.2212
2324.6000 0.2214
2328.4000 0.2215
2332.0000 0.2217
2333.0000 0.2219
2334.9000 0.2220
2335.8000 0.2222
2336.4000 0.2224
2337.0000 0.2226
2337.2000 0.2227
2337.4000 0.2229
2338.4000 0.2231
2338.6000 0.2233
2345.1000 0.2234
2345.7000 0.2236
2346.0000 0.2238
2346.2000 0.2240
2346.4000 0.2241
2348.3000 0.2243
2349.1000 0.2245
2351.7000 0.2247
2353.5000 0.2248
2357.7000 0.2250
2358.1000 0.2252
2360.2000 0.2253
2360.3000 0.2255
2361.5000 0.2257
2361.8000 0.2259
2361.8000 0.2260
2364.3000 0.2262
2366.7000 0.2264
2366.9000 0.2266
2366.9000 0.2267
2371.0000 0.2269
2371.4000 0.2271
2371.5000 0.2273
2371.7000 0.2274
2372.7000 0.2276
2381.0000 0.2278
2381.4000 0.2280
2382.3000 0.2281
2382.5000 0.2283
2383.5000 0.2285
2387.4000 0.2286
2387.8000 0.2288
2388.8000 0.2290
2389.4000 0.2292
2392.0000 0.2293
2392.0000 0.2295
2392.7000 0.2297
2393.3000 0.2299
2394.2000 0.2300
2394.3000 0.2302
2395.4000 0.2304
2399.1000 0.2306
2399.3000 0.2307
2401.9000 0.2309
2404.3000 0.2311
2404.4000 0.2312
2409.3000 0.2314
2410.8000 0.2316
2415.8000 0.2318
2417.0000 0.2319
2419.4000 0.2321
2420.9000 0.2323
2421.0000 0.2325
2426.2000 0.2326
2428.1000 0.2328
2431.5000 0.2330
2432.9000 0.2332
2433.3000 0.2333
2433.6000 0.2335
2435.0000 0.2337
2440.6000 0.2339
2440.8000 0.2340
2442.1000 0.2342
2442.2000 0.2344
2448.9000 0.2345
2449.1000 0.2347
2449.1000 0.2349
2450.2000 0.2351
2451.4000 0.2352
2454.0000 0.2354
2457.3000 0.2356
2458.3000 0.2358
2458.8000 0.2359
2461.8000 0.2361
2465.6000 0.2363
2466.5000 0.2365
2467.0000 0.2366
2472.4000 0.2368
2472.5000 0.2370
2473.1000 0.2372
2474.2000 0.2373
2475.7000 0.2375
2477.9000 0.2377
2478.3000 0.2378
2481.8000 0.2380
2482.0000 0.2382
2482.4000 0.2384
2485.8000 0.2385
2486.7000 0.2387
2487.9000 0.2389
2489.4000 0.2391
2493.7000 0.2392
2494.4000 0.2394
2495.3000 0.2396
2500.7000 0.2398
2500.7000 0.2399
2501.3000 0.2401
2502.3000 0.2403
2502.4000 0.2405
2506.6000 0.2406
2512.3000 0.2408
2514.6000 0.2410
2516.6000 0.2411
2520.5000 0.2413
2521.2000 0.2415
2523.3000 0.2417
2526.4000 0.2418
2532.0000 0.2420
2533.0000 0.2422
2534.0000 0.2424
2538.1000 0.2425
2541.5000 0.2427
2541.7000 0.2429
2543.0000 0.2431
2544.2000 0.2432
2548.2000 0.2434
2551.4000 0.2436
2552.0000 0.2437
2553.7000 0.2439
2553.7000 0.2441
2559.8000 0.2443
2559.9000 0.2444
2560.6000 0.2446
2567.8000 0.2448
2568.0000 0.2450
2568.4000 0.2451
2570.2000 0.2453
2574.7000 0.2455
2575.0000 0.2457
2576.0000 0.2458
2578.9000 0.2460
2580.1000 0.2462
2580.4000 0.2464
2582.1000 0.2465
2582.3000 0.2467
2584.8000 0.2469
2585.5000 0.2470
2587.2000 0.2472
2588.7000 0.2474
2592.1000 0.2476
2596.0000 0.2477
2598.2000 0.2479
2602.9000 0.2481
2603.8000 0.2483
2610.1000 0.2484
2611.1000 0.2486
2615.3000 0.2488
2617.5000 0.2490
2620.7000 0.2491
2624.7000 0.2493
2625.3000 0.2495
2630.7000 0.2497
2631.4000 0.2498
2631.9000 0.2500
2632.6000 0.2502
2634.1000 0.2503
2634.6000 0.2505
2635.1000 0.2507
2636.5000 0.2509
2641.5000 0.2510
2642.8000 0.2512
2653.7000 0.2514
2653.9000 0.2516
2655.4000 0.2517
2656.6000 0.2519
2657.9000 0.2521
2659.9000 0.2523
2661.6000 0.2524
2663.0000 0.2526
2664.5000 0.2528
2669.3000 0.2530
2671.9000 0.2531
2672.8000 0.2533
2674.8000 0.2535
2676.9000 0.2536
2685.5000 0.2538
2690.7000 0.2540
2691.2000 0.2542
2691.7000 0.2543
2691.9000 0.2545
2693.2000 0.2547
2694.2000 0.2549
2696.0000 0.2550
2698.0000 0.2552
2699.8000 0.2554
2701.1000 0.2556
2702.4000 0.2557
2703.9000 0.2559
2704.0000 0.2561
2705.1000 0.2563
2709.9000 0.2564
2714.2000 0.2566
2717.2000 0.2568
2718.8000 0.2569
2719.3000 0.2571
2720.1000 0.2573
2721.4000 0.2575
2722.1000 0.2576
2723.9000 0.2578
2725.6000 0.2580
2733.1000 0.2582
2734.2000 0.2583
2741.0000 0.2585
2743.3000 0.2587
2746.2000 0.2589
2748.2000 0.2590
2748.5000 0.2592
2750.4000 0.2594
2750.6000 0.2595
2755.5000 0.2597
2755.5000 0.2599
2756.7000 0.2601
2757.1000 0.2602
2757.2000 0.2604
2757.6000 0.2606
2759.8000 0.2608
2761.8000 0.2609
2764.1000 0.2611
2764.5000 0.2613
2765.9000 0.2615
2766.0000 0.2616
2769.7000 0.2618
2770.9000 0.2620
2770.9000 0.2622
2771.4000 0.2623
2780.4000 0.2625
2781.2000 0.2627
2781.8000 0.2628
2781.9000 0.2630
2782.2000 0.2632
2789.6000 0.2634
2791.8000 0.2635
2794.5000 0.2637
2794.5000 0.2639
2798.5000 0.2641
2798.8000 0.2642
2800.8000 0.2644
2807.5000 0.2646
2808.0000 0.2648
2814.8000 0.2649
2815.0000 0.2651
2816.0000 0.2653
2816.9000 0.2655
2817.8000 0.2656
2819.3000 0.2658
2829.0000 0.2660
2830.0000 0.2661
2831.9000 0.2663
2834.7000 0.2665
2840.4000 0.2667
2843.5000 0.2668
2845.8000 0.2670
2846.2000 0.2672
2847.3000 0.2674
2848.2000 0.2675
2850.4000 0.2677
2852.1000 0.2679
2856.6000 0.2681
2856.7000 0.2682
2858.4000 0.2684
2862.1000 0.2686
2864.5000 0.2688
2865.1000 0.2689
2868.3000 0.2691
2869.8000 0.2693
2871.4000 0.2694
2872.4000 0.2696
2878.5000 0.2698
2879.3000 0.2700
2882.1000 0.2701
2883.9000 0.2703
2887.9000 0.2705
2895.2000 0.2707
2899.0000 0.2708
2900.8000 0.2710
2901.4000 0.2712
2903.2000 0.2714
2905.0000 0.2715
2920.4000 0.2717
2924.2000 0.2719
2927.4000 0.2720
2930.0000 0.2722
2931.9000 0.2724
2934.5000 0.2726
2940.3000 0.2727
2942.3000 0.2729
2944.0000 0.2731
2946.8000 0.2733
2951.0000 0.2734
2952.0000 0.2736
2953.4000 0.2738
2955.0000 0.2740
2960.7000 0.2741
2963.5000 0.2743
2964.8000 0.2745
2968.5000 0.2747
2971.4000 0.2748
2975.9000 0.2750
2977.7000 0.2752
2978.3000 0.2753
2979.6000 0.2755
2981.1000 0.2757
2989.6000 0.2759
2994.7000 0.2760
2995.5000 0.2762
2996.8000 0.2764
2997.8000 0.2766
2999.4000 0.2767
3000.3000 0.2769
3002.2000 0.2771
3005.4000 0.2773
3007.4000 0.2774
3011.6000 0.2776
3014.5000 0.2778
3021.2000 0.2780
3021.2000 0.2781
3032.7000 0.2783
3036.4000 0.2785
3038.3000 0.2786
3038.6000 0.2788
3041.5000 0.2790
3042.6000 0.2792
3043.1000 0.2793
3043.2000 0.2795
3046.3000 0.2797
3047.9000 0.2799
3049.4000 0.2800
3049.6000 0.2802
3052.8000 0.2804
3054.3000 0.2806
3060.3000 0.2807
3060.4000 0.2809
3060.8000 0.2811
3061.8000 0.2813
3069.9000 0.2814
3083.4000 0.2816
3087.3000 0.2818
3088.8000 0.2819
3091.0000 0.2821
3095.4000 0.2823
3096.3000 0.2825
3097.1000 0.2826
3101.6000 0.2828
3103.5000 0.2830
3104.3000 0.2832
3107.1000 0.2833
3108.6000 0.2835
3109.3000 0.2837
3110.2000 0.2839
3117.4000 0.2840
3123.3000 0.2842
3124.4000 0.2844
3134.1000 0.2845
3138.5000 0.2847
3142.0000 0.2849
3153.6000 0.2851
3154.6000 0.2852
3159.0000 0.2854
3162.7000 0.2856
3164.0000 0.2858
3165.8000 0.2859
3174.3000 0.2861
3175.7000 0.2863
3178.5000 0.2865
3179.1000 0.2866
3179.4000 0.2868
3188.2000 0.2870
3188.3000 0.2872
3188.6000 0.2873
3190.9000 0.2875
3191.6000 0.2877
3201.7000 0.2878
3202.9000 0.2880
3207.1000 0.2882
3207.8000 0.2884
3209.1000 0.2885
3209.3000 0.2887
3216.5000 0.2889
3218.0000 0.2891
3220.2000 0.2892
3229.5000 0.2894
3230.4000 0.2896
3232.7000 0.2898
3236.4000 0.2899
3243.4000 0.2901
3244.9000 0.2903
3251.4000 0.2905
3254.0000 0.2906
3256.0000 0.2908
3256.5000 0.2910
3259.6000 0.2911
3265.9000 0.2913
3269.2000 0.2915
3271.3000 0.2917
3272.3000 0.2918
3274.7000 0.2920
3275.1000 0.2922
3280.7000 0.2924
3281.6000 0.2925
3282.9000 0.2927
3284.6000 0.2929
3285.4000 0.2931
3290.6000 0.2932
3291.5000 0.2934
3292.3000 0.2936
3293.3000 0.2938
3302.0000 0.2939
3304.7000 0.2941
3307.2000 0.2943
3307.4000 0.2944
3308.1000 0.2946
3309.8000 0.2948
3316.3000 0.2950
3321.4000 0.2951
3321.6000 0.2953
3323.1000 0.2955
3326.8000 0.2957
3327.5000 0.2958
3328.2000 0.2960
3328.9000 0.2962
3332.0000 0.2964
3335.1000 0.2965
3338.2000 0.2967
3345.8000 0.2969
3347.9000 0.2970
3348.3000 0.2972
3356.5000 0.2974
3358.0000 0.2976
3376.9000 0.2977
3379.7000 0.2979
3391.6000 0.2981
3391.7000 0.2983
3394.2000 0.2984
3394.5000 0.2986
3400.7000 0.2988
3400.9000 0.2990
3404.0000 0.2991
3404.6000 0.2993
3412.1000 0.2995
3414.4000 0.2997
3416.5000 0.2998
3416.9000 0.3000
3418.5000 0.3002
3425.9000 0.3003
3427.3000 0.3005
3435.3000 0.3007
3436.9000 0.3009
3437.4000 0.3010
3439.4000 0.3012
3439.6000 0.3014
3441.9000 0.3016
3444.6000 0.3017
3446.9000 0.3019
3452.2000 0.3021
3452.7000 0.3023
3456.3000 0.3024
3457.0000 0.3026
3457.2000 0.3028
3460.1000 0.3030
3463.4000 0.3031
3465.9000 0.3033
3466.7000 0.3035
3472.4000 0.3036
3478.4000 0.3038
3479.9000 0.3040
3480.1000 0.3042
3486.2000 0.3043
3487.4000 0.3045
3488.7000 0.3047
3490.5000 0.3049
3496.3000 0.3050
3497.5000 0.3052
3497.9000 0.3054
3499.9000 0.3056
3501.0000 0.3057
3505.3000 0.3059
3509.3000 0.3061
3513.0000 0.3063
3513.2000 0.3064
3513.8000 0.3066
3520.5000 0.3068
3522.9000 0.3069
3529.7000 0.3071
3535.9000 0.3073
3536.3000 0.3075
3536.4000 0.3076
3537.8000 0.3078
3538.9000 0.3080
3541.4000 0.3082
3542.3000 0.3083
3542.4000 0.3085
3543.9000 0.3087
3550.5000 0.3089
3551.6000 0.3090
3557.6000 0.3092
3558.6000 0.3094
3558.9000 0.3095
3577.9000 0.3097
3579.4000 0.3099
3583.2000 0.3101
3596.7000 0.3102
3601.2000 0.3104
3606.6000 0.3106
3611.9000 0.3108
3616.7000 0.3109
3627.3000 0.3111
3640.7000 0.3113
3645.2000 0.3115
3659.8000 0.3116
3659.8000 0.3118
3666.8000 0.3120
3667.8000 0.3122
3670.8000 0.3123
3676.8000 0.3125
3681.3000 0.3127
3688.0000 0.3128
3691.4000 0.3130
3691.7000 0.3132
3696.8000 0.3134
3701.4000 0.3135
3702.3000 0.3137
3704.5000 0.3139
3704.5000 0.3141
3722.8000 0.3142
3723.6000 0.3144
3726.6000 0.3146
3733.5000 0.3148
3734.1000 0.3149
3737.9000 0.3151
3738.2000 0.3153
3738.4000 0.3155
3739.5000 0.3156
3745.2000 0.3158
3747.9000 0.3160
3753.7000 0.3161
3759.2000 0.3163
3763.1000 0.3165
3768.8000 0.3167
3774.9000 0.3168
3779.5000 0.3170
3781.7000 0.3172
3783.1000 0.3174
3783.3000 0.3175
3790.2000 0.3177
3794.5000 0.3179
3801.6000 0.3181
3804.0000 0.3182
3805.9000 0.3184
3807.8000 0.3186
3826.9000 0.3188
3828.7000 0.3189
3829.3000 0.3191
3831.2000 0.3193
3853.7000 0.3194
3854.8000 0.3196
3865.3000 0.3198
3866.1000 0.3200
3869.8000 0.3201
3877.8000 0.3203
3878.1000 0.3205
3881.6000 0.3207
3885.9000 0.3208
3886.4000 0.3210
3889.9000 0.3212
3893.8000 0.3214
3918.0000 0.3215
3931.5000 0.3217
3931.7000 0.3219
3932.1000 0.3220
3934.8000 0.3222
3935.2000 0.3224
3938.9000 0.3226
3951.6000 0.3227
3960.4000 0.3229
3960.5000 0.3231
3966.0000 0.3233
3966.1000 0.3234
3966.2000 0.3236
3970.3000 0.3238
3972.0000 0.3240
3975.8000 0.3241
3977.7000 0.3243
3978.7000 0.3245
3981.0000 0.3247
3982.2000 0.3248
3982.5000 0.3250
3984.0000 0.3252
3986.5000 0.3253
3987.2000 0.3255
3992.8000 0.3257
3995.8000 0.3259
3999.1000 0.3260
4007.1000 0.3262
4007.4000 0.3264
4014.4000 0.3266
4014.9000 0.3267
4015.3000 0.3269
4018.1000 0.3271
4024.1000 0.3273
4025.5000 0.3274
4039.0000 0.3276
4042.4000 0.3278
4042.6000 0.3280
4044.1000 0.3281
4051.2000 0.3283
4051.7000 0.3285
4058.4000 0.3286
4058.9000 0.3288
4063.5000 0.3290
4066.3000 0.3292
4074.0000 0.3293
4078.5000 0.3295
4093.5000 0.3297
4093.5000 0.3299
4098.0000 0.3300
4102.1000 0.3302
4106.5000 0.3304
4112.9000 0.3306
4116.1000 0.3307
4120.0000 0.3309
4131.1000 0.3311
4134.4000 0.3313
4136.6000 0.3314
4138.6000 0.3316
4140.0000 0.3318
4140.6000 0.3319
4141.0000 0.3321
4141.8000 0.3323
4146.3000 0.3325
4152.8000 0.3326
4168.4000 0.3328
4175.4000 0.3330
4183.3000 0.3332
4188.1000 0.3333
4188.3000 0.3335
4194.2000 0.3337
4196.6000 0.3339
4200.0000 0.3340
4200.5000 0.3342
4209.6000 0.3344
4214.6000 0.3345
4226.0000 0.3347
4233.4000 0.3349
4234.1000 0.3351
4242.4000 0.3352
4243.5000 0.3354
4246.3000 0.3356
4248.8000 0.3358
4249.1000 0.3359
4254.8000 0.3361
4256.2000 0.3363
4259.8000 0.3365
4262.5000 0.3366
4263.2000 0.3368
4266.7000 0.3370
4268.6000 0.3372
4269.8000 0.3373
4273.8000 0.3375
4281.7000 0.3377
4283.5000 0.3378
4285.5000 0.3380
4286.0000 0.3382
4287.4000 0.3384
4300.1000 0.3385
4305.6000 0.3387
4308.9000 0.3389
4313.2000 0.3391
4313.7000 0.3392
4315.5000 0.3394
4318.7000 0.3396
4319.7000 0.3398
4322.1000 0.3399
4325.1000 0.3401
4325.1000 0.3403
4327.5000 0.3405
4329.6000 0.3406
4330.7000 0.3408
4337.1000 0.3410
4342.0000 0.3411
4352.1000 0.3413
4354.7000 0.3415
4356.6000 0.3417
4358.5000 0.3418
4377.1000 0.3420
4379.3000 0.3422
4383.0000 0.3424
4383.6000 0.3425
4388.9000 0.3427
4394.5000 0.3429
4394.7000 0.3431
4395.5000 0.3432
4402.7000 0.3434
4407.2000 0.3436
4417.4000 0.3438
4423.8000 0.3439
4430.6000 0.3441
4443.4000 0.3443
4444.1000 0.3444
4445.7000 0.3446
4451.9000 0.3448
4469.6000 0.3450
4475.3000 0.3451
4480.1000 0.3453
4480.3000 0.3455
4484.5000 0.3457
4492.2000 0.3458
4507.9000 0.3460
4509.9000 0.3462
4515.1000 0.3464
4519.3000 0.3465
4519.5000 0.3467
4519.5000 0.3469
4521.9000 0.3470
4523.0000 0.3472
4526.1000 0.3474
4535.0000 0.3476
4540.0000 0.3477
4543.3000 0.3479
4543.7000 0.3481
4546.1000 0.3483
4550.2000 0.3484
4562.1000 0.3486
4567.4000 0.3488
4583.3000 0.3490
4589.5000 0.3491
4598.6000 0.3493
4599.5000 0.3495
4601.5000 0.3497
4605.3000 0.3498
4605.6000 0.3500
4611.4000 0.3502
4618.9000 0.3503
4631.4000 0.3505
4633.0000 0.3507
4640.9000 0.3509
4661.2000 0.3510
4661.3000 0.3512
4666.3000 0.3514
4674.3000 0.3516
4676.6000 0.3517
4680.4000 0.3519
4693.4000 0.3521
4705.1000 0.3523
4714.1000 0.3524
4726.4000 0.3526
4731.5000 0.3528
4744.5000 0.3530
4747.6000 0.3531
4747.9000 0.3533
4748.8000 0.3535
4751.1000 0.3536
4758.2000 0.3538
4760.6000 0.3540
4761.5000 0.3542
4767.4000 0.3543
4772.7000 0.3545
4774.0000 0.3547
4777.3000 0.3549
4779.4000 0.3550
4779.5000 0.3552
4779.7000 0.3554
4785.1000 0.3556
4798.9000 0.3557
4830.0000 0.3559
4837.6000 0.3561
4842.5000 0.3563
4855.3000 0.3564
4860.8000 0.3566
4862.7000 0.3568
4863.2000 0.3569
4863.3000 0.3571
4872.5000 0.3573
4874.1000 0.3575
4875.1000 0.3576
4877.8000 0.3578
4882.2000 0.3580
4884.8000 0.3582
4889.3000 0.3583
4890.0000 0.3585
4893.1000 0.3587
4895.5000 0.3589
4897.9000 0.3590
4899.2000 0.3592
4907.1000 0.3594
4908.0000 0.3595
4908.4000 0.3597
4909.1000 0.3599
4909.4000 0.3601
4910.4000 0.3602
4916.6000 0.3604
4922.9000 0.3606
4930.4000 0.3608
4931.7000 0.3609
4936.5000 0.3611
4950.1000 0.3613
4951.8000 0.3615
4953.9000 0.3616
4954.5000 0.3618
4961.1000 0.3620
4962.1000 0.3622
4966.4000 0.3623
4967.2000 0.3625
4968.9000 0.3627
4970.1000 0.3628
4983.6000 0.3630
4983.7000 0.3632
4992.1000 0.3634
4995.3000 0.3635
4999.4000 0.3637
4999.7000 0.3639
5025.2000 0.3641
5026.8000 0.3642
5037.0000 0.3644
5040.4000 0.3646
5044.4000 0.3648
5045.8000 0.3649
5048.2000 0.3651
5059.1000 0.3653
5059.6000 0.3655
5060.0000 0.3656
5068.5000 0.3658
5071.9000 0.3660
5072.5000 0.3661
5074.1000 0.3663
5077.7000 0.3665
5078.0000 0.3667
5090.1000 0.3668
5092.1000 0.3670
5101.3000 0.3672
5101.9000 0.3674
5120.3000 0.3675
5131.6000 0.3677
5143.1000 0.3679
5148.2000 0.3681
5172.0000 0.3682
5174.1000 0.3684
5175.3000 0.3686
5206.7000 0.3688
5217.6000 0.3689
5222.3000 0.3691
5235.0000 0.3693
5235.5000 0.3694
5237.0000 0.3696
5239.5000 0.3698
5242.4000 0.3700
5260.7000 0.3701
5261.9000 0.3703
5263.1000 0.3705
5264.4000 0.3707
5269.2000 0.3708
5286.7000 0.3710
5288.6000 0.3712
5290.6000 0.3714
5296.0000 0.3715
5298.6000 0.3717
5305.9000 0.3719
5306.5000 0.3720
5307.0000 0.3722
5329.1000 0.3724
5333.1000 0.3726
5334.2000 0.3727
5344.2000 0.3729
5351.1000 0.3731
5352.3000 0.3733
5352.9000 0.3734
5355.2000 0.3736
5356.8000 0.3738
5378.0000 0.3740
5379.5000 0.3741
5384.1000 0.3743
5399.5000 0.3745
5404.7000 0.3747
5408.1000 0.3748
5418.4000 0.3750
5425.6000 0.3752
5431.8000 0.3753
5432.6000 0.3755
5436.5000 0.3757
5439.3000 0.3759
5439.5000 0.3760
5460.3000 0.3762
5460.6000 0.3764
5461.8000 0.3766
5464.8000 0.3767
5471.5000 0.3769
5489.1000 0.3771
5497.7000 0.3773
5498.6000 0.3774
5503.4000 0.3776
5505.1000 0.3778
5519.4000 0.3780
5524.6000 0.3781
5525.2000 0.3783
5527.3000 0.3785
5532.1000 0.3786
5540.0000 0.3788
5541.3000 0.3790
5556.9000 0.3792
5557.9000 0.3793
5560.8000 0.3795
5560.9000 0.3797
5562.2000 0.3799
5577.7000 0.3800
5582.2000 0.3802
5582.8000 0.3804
5590.9000 0.3806
5592.8000 0.3807
5595.6000 0.3809
5616.2000 0.3811
5620.8000 0.3813
5627.9000 0.3814
5632.1000 0.3816
5635.4000 0.3818
5639.9000 0.3819
5649.2000 0.3821
5650.6000 0.3823
5651.9000 0.3825
5658.2000 0.3826
5668.4000 0.3828
5690.0000 0.3830
5699.7000 0.3832
5704.4000 0.3833
5712.8000 0.3835
5716.8000 0.3837
5737.9000 0.3839
5740.6000 0.3840
5743.5000 0.3842
5747.1000 0.3844
5748.2000 0.3845
5751.7000 0.3847
5752.8000 0.3849
5754.6000 0.3851
5759.0000 0.3852
5760.5000 0.3854
5778.5000 0.3856
5779.4000 0.3858
5783.5000 0.3859
5791.9000 0.3861
5798.1000 0.3863
5807.6000 0.3865
5814.8000 0.3866
5822.9000 0.3868
5826.7000 0.3870
5829.3000 0.3872
5838.2000 0.3873
5840.8000 0.3875
5843.0000 0.3877
5843.2000 0.3878
5853.0000 0.3880
5855.9000 0.3882
5863.9000 0.3884
5865.9000 0.3885
5884.3000 0.3887
5892.8000 0.3889
5907.8000 0.3891
5914.6000 0.3892
5916.9000 0.3894
5917.7000 0.3896
5918.6000 0.3898
5918.8000 0.3899
5930.5000 0.3901
5930.8000 0.3903
5933.2000 0.3905
5938.7000 0.3906
5939.3000 0.3908
5949.8000 0.3910
5950.6000 0.3911
5954.8000 0.3913
5955.3000 0.3915
5957.5000 0.3917
5968.1000 0.3918
5971.4000 0.3920
5979.1000 0.3922
5979.6000 0.3924
5980.4000 0.3925
5990.1000 0.3927
5997.6000 0.3929
5998.6000 0.3931
6022.1000 0.3932
6027.5000 0.3934
6039.0000 0.3936
6040.3000 0.3938
6060.7000 0.3939
6073.5000 0.3941
6079.6000 0.3943
6084.5000 0.3944
6086.8000 0.3946
6090.3000 0.3948
6091.8000 0.3950
6095.5000 0.3951
6101.9000 0.3953
6103.3000 0.3955
6104.9000 0.3957
6113.1000 0.3958
6113.8000 0.3960
6118.4000 0.3962
6133.9000 0.3964
6137.1000 0.3965
6142.3000 0.3967
6145.4000 0.3969
6145.4000 0.3970
6147.1000 0.3972
6150.4000 0.3974
6155.5000 0.3976
6173.5000 0.3977
6176.4000 0.3979
6177.0000 0.3981
6178.9000 0.3983
6179.4000 0.3984
6181.2000 0.3986
6198.6000 0.3988
6199.7000 0.3990
6199.8000 0.3991
6201.9000 0.3993
6203.2000 0.3995
6211.5000 0.3997
6230.9000 0.3998
6233.9000 0.4000
6234.3000 0.4002
6240.8000 0.4003
6247.1000 0.4005
6252.7000 0.4007
6254.2000 0.4009
6256.3000 0.4010
6258.7000 0.4012
6259.3000 0.4014
6266.2000 0.4016
6272.8000 0.4017
6272.9000 0.4019
6273.3000 0.4021
6276.2000 0.4023
6280.1000 0.4024
6282.6000 0.4026
6286.4000 0.4028
6298.3000 0.4030
6306.3000 0.4031
6312.4000 0.4033
6313.5000 0.4035
6318.5000 0.4036
6319.7000 0.4038
6320.5000 0.4040
6333.9000 0.4042
6343.9000 0.4043
6346.4000 0.4045
6356.1000 0.4047
6379.4000 0.4049
6382.0000 0.4050
6390.5000 0.4052
6393.8000 0.4054
6405.5000 0.4056
6413.1000 0.4057
6418.6000 0.4059
6420.1000 0.4061
6421.6000 0.4063
6426.7000 0.4064
6431.2000 0.4066
6431.3000 0.4068
6434.9000 0.4069
6446.7000 0.4071
6453.7000 0.4073
6464.1000 0.4075
6466.4000 0.4076
6466.6000 0.4078
6474.1000 0.4080
6476.9000 0.4082
6482.6000 0.4083
6482.8000 0.4085
6490.4000 0.4087
6513.7000 0.4089
6516.4000 0.4090
6527.2000 0.4092
6534.8000 0.4094
6541.3000 0.4095
6548.8000 0.4097
6551.3000 0.4099
6555.4000 0.4101
6573.2000 0.4102
6573.7000 0.4104
6573.9000 0.4106
6584.2000 0.4108
6598.4000 0.4109
6598.9000 0.4111
6600.9000 0.4113
6610.2000 0.4115
6610.6000 0.4116
6613.5000 0.4118
6614.5000 0.4120
6620.5000 0.4122
6629.6000 0.4123
6631.8000 0.4125
6641.7000 0.4127
6648.4000 0.4128
6654.5000 0.4130
6662.1000 0.4132
6667.2000 0.4134
6675.7000 0.4135
6678.4000 0.4137
6683.1000 0.4139
6685.5000 0.4141
6688.8000 0.4142
6690.7000 0.4144
6696.9000 0.4146
6716.9000 0.4148
6720.6000 0.4149
6727.0000 0.4151
6730.1000 0.4153
6732.1000 0.4155
6734.3000 0.4156
6741.4000 0.4158
6748.1000 0.4160
6751.5000 0.4161
6758.6000 0.4163
6770.8000 0.4165
6770.9000 0.4167
6774.4000 0.4168
6776.5000 0.4170
6778.8000 0.4172
6782.4000 0.4174
6800.1000 0.4175
6800.7000 0.4177
6809.7000 0.4179
6813.4000 0.4181
6815.0000 0.4182
6818.1000 0.4184
6821.3000 0.4186
6827.8000 0.4188
6836.0000 0.4189
6838.8000 0.4191
6848.0000 0.4193
6861.4000 0.4194
6862.4000 0.4196
6875.5000 0.4198
6877.4000 0.4200
6878.5000 0.4201
6883.3000 0.4203
6887.4000 0.4205
6887.6000 0.4207
6889.2000 0.4208
6900.0000 0.4210
6901.0000 0.4212
6903.1000 0.4214
6906.5000 0.4215
6916.5000 0.4217
6924.1000 0.4219
6938.5000 0.4220
6939.5000 0.4222
6944.4000 0.4224
6945.6000 0.4226
6946.5000 0.4227
6949.3000 0.4229
6949.7000 0.4231
6950.0000 0.4233
6964.8000 0.4234
6966.2000 0.4236
6967.7000 0.4238
6968.0000 0.4240
6976.9000 0.4241
6979.7000 0.4243
6982.6000 0.4245
7003.9000 0.4247
7005.3000 0.4248
7009.1000 0.4250
7014.6000 0.4252
7018.5000 0.4253
7019.2000 0.4255
7021.3000 0.4257
7023.3000 0.4259
7026.7000 0.4260
7031.2000 0.4262
7034.1000 0.4264
7035.9000 0.4266
7037.0000 0.4267
7055.0000 0.4269
7079.4000 0.4271
7083.6000 0.4273
7085.2000 0.4274
7087.8000 0.4276
7088.1000 0.4278
7096.3000 0.4280
7096.3000 0.4281
7107.3000 0.4283
7113.0000 0.4285
7117.0000 0.4286
7129.5000 0.4288
7148.1000 0.4290
7154.8000 0.4292
7159.5000 0.4293
7176.2000 0.4295
7191.2000 0.4297
7201.2000 0.4299
7201.3000 0.4300
7202.7000 0.4302
7209.8000 0.4304
7210.0000 0.4306
7212.2000 0.4307
7212.5000 0.4309
7213.2000 0.4311
7213.4000 0.4313
7214.5000 0.4314
7217.2000 0.4316
7217.2000 0.4318
7225.1000 0.4319
7225.8000 0.4321
7255.5000 0.4323
7256.9000 0.4325
7268.2000 0.4326
7279.8000 0.4328
7302.4000 0.4330
7302.5000 0.4332
7303.0000 0.4333
7307.6000 0.4335
7320.8000 0.4337
7325.9000 0.4339
7337.4000 0.4340
7341.2000 0.4342
7348.4000 0.4344
7353.8000 0.4345
7360.3000 0.4347
7363.1000 0.4349
7363.8000 0.4351
7374.0000 0.4352
7384.0000 0.4354
7389.5000 0.4356
7390.1000 0.4358
7399.7000 0.4359
7416.2000 0.4361
7416.5000 0.4363
7446.0000 0.4365
7450.5000 0.4366
7459.4000 0.4368
7459.5000 0.4370
7476.6000 0.4372
7477.6000 0.4373
7484.3000 0.4375
7499.1000 0.4377
7503.6000 0.4378
7503.9000 0.4380
7508.0000 0.4382
7523.8000 0.4384
7536.2000 0.4385
7539.7000 0.4387
7547.1000 0.4389
7570.5000 0.4391
7571.1000 0.4392
7582.8000 0.4394
7587.1000 0.4396
7603.4000 0.4398
7619.2000 0.4399
7620.5000 0.4401
7620.6000 0.4403
7622.7000 0.4405
7625.9000 0.4406
7627.7000 0.4408
7635.8000 0.4410
7643.6000 0.4411
7645.7000 0.4413
7662.3000 0.4415
7664.3000 0.4417
7665.3000 0.4418
7666.6000 0.4420
7679.5000 0.4422
7680.5000 0.4424
7682.2000 0.4425
7686.0000 0.4427
7695.0000 0.4429
7715.7000 0.4431
7716.5000 0.4432
7716.9000 0.4434
7726.7000 0.4436
7732.0000 0.4438
7735.8000 0.4439
7736.2000 0.4441
7749.2000 0.4443
7751.8000 0.4444
7752.6000 0.4446
7756.1000 0.4448
7762.4000 0.4450
7773.2000 0.4451
7780.9000 0.4453
7784.6000 0.4455
7786.0000 0.4457
7793.2000 0.4458
7794.5000 0.4460
7798.4000 0.4462
7801.7000 0.4464
7814.0000 0.4465
7818.6000 0.4467
7821.7000 0.4469
7830.2000 0.4470
7836.6000 0.4472
7841.5000 0.4474
7845.8000 0.4476
7847.1000 0.4477
7850.7000 0.4479
7860.1000 0.4481
7880.5000 0.4483
7881.0000 0.4484
7883.6000 0.4486
7887.1000 0.4488
7889.7000 0.4490
7895.7000 0.4491
7905.7000 0.4493
7909.9000 0.4495
7919.2000 0.4497
7921.5000 0.4498
7922.8000 0.4500
7926.8000 0.4502
7931.4000 0.4503
7934.8000 0.4505
7937.7000 0.4507
7940.8000 0.4509
7965.9000 0.4510
7975.6000 0.4512
7976.1000 0.4514
7983.5000 0.4516
8004.1000 0.4517
8004.6000 0.4519
8006.2000 0.4521
8016.1000 0.4523
8027.1000 0.4524
8027.1000 0.4526
8029.5000 0.4528
8033.5000 0.4530
8033.8000 0.4531
8037.6000 0.4533
8040.9000 0.4535
8046.0000 0.4536
8048.4000 0.4538
8054.4000 0.4540
8055.7000 0.4542
8059.6000 0.4543
8071.7000 0.4545
8076.6000 0.4547
8080.4000 0.4549
8086.5000 0.4550
8094.7000 0.4552
8096.4000 0.4554
8102.5000 0.4556
8104.0000 0.4557
8120.4000 0.4559
8128.8000 0.4561
8135.5000 0.4563
8136.8000 0.4564
8137.5000 0.4566
8137.6000 0.4568
8138.4000 0.4569
8147.2000 0.4571
8149.1000 0.4573
8155.9000 0.4575
8156.1000 0.4576
8156.3000 0.4578
8157.5000 0.4580
8160.6000 0.4582
8164.1000 0.4583
8165.0000 0.4585
8165.2000 0.4587
8165.2000 0.4589
8165.7000 0.4590
8171.8000 0.4592
8174.6000 0.4594
8183.1000 0.4595
8196.7000 0.4597
8197.5000 0.4599
8203.8000 0.4601
8207.8000 0.4602
8235.8000 0.4604
8248.1000 0.4606
8250.9000 0.4608
8253.7000 0.4609
8270.8000 0.4611
8285.9000 0.4613
8290.7000 0.4615
8291.2000 0.4616
8308.3000 0.4618
8317.0000 0.4620
8320.8000 0.4622
8325.3000 0.4623
8326.5000 0.4625
8328.8000 0.4627
8344.4000 0.4628
8347.1000 0.4630
8352.9000 0.4632
8354.2000 0.4634
8356.0000 0.4635
8361.5000 0.4637
8366.8000 0.4639
8368.9000 0.4641
8376.0000 0.4642
8377.4000 0.4644
8377.6000 0.4646
8379.5000 0.4648
8382.4000 0.4649
8392.5000 0.4651
8395.9000 0.4653
8407.5000 0.4655
8408.5000 0.4656
8409.7000 0.4658
8413.4000 0.4660
8414.7000 0.4661
8419.0000 0.4663
8427.4000 0.4665
8432.1000 0.4667
8443.5000 0.4668
8446.8000 0.4670
8447.2000 0.4672
8451.5000 0.4674
8457.0000 0.4675
8463.2000 0.4677
8463.5000 0.4679
8465.8000 0.4681
8472.5000 0.4682
8479.4000 0.4684
8480.8000 0.4686
8485.5000 0.4688
8487.8000 0.4689
8492.1000 0.4691
8494.2000 0.4693
8502.4000 0.4694
8502.7000 0.4696
8503.0000 0.4698
8511.3000 0.4700
8514.9000 0.4701
8522.9000 0.4703
8529.3000 0.4705
8536.9000 0.4707
8540.7000 0.4708
8543.6000 0.4710
8544.0000 0.4712
8544.5000 0.4714
8551.0000 0.4715
8556.6000 0.4717
8564.3000 0.4719
8564.3000 0.4720
8565.6000 0.4722
8566.6000 0.4724
8570.5000 0.4726
8585.0000 0.4727
8588.1000 0.4729
8591.8000 0.4731
8622.7000 0.4733
8623.8000 0.4734
8625.4000 0.4736
8644.3000 0.4738
8644.6000 0.4740
8650.8000 0.4741
8657.2000 0.4743
8692.5000 0.4745
8693.3000 0.4747
8694.9000 0.4748
8699.6000 0.4750
8700.5000 0.4752
8703.9000 0.4753
8707.4000 0.4755
8723.4000 0.4757
8734.2000 0.4759
8734.6000 0.4760
8748.6000 0.4762
8752.4000 0.4764
8758.7000 0.4766
8763.8000 0.4767
8765.2000 0.4769
8778.0000 0.4771
8778.1000 0.4773
8786.2000 0.4774
8789.8000 0.4776
8801.2000 0.4778
8808.2000 0.4780
8818.6000 0.4781
8831.8000 0.4783
8832.0000 0.4785
8839.1000 0.4786
8840.8000 0.4788
8844.0000 0.4790
8849.1000 0.4792
8869.8000 0.4793
8875.9000 0.4795
8878.4000 0.4797
8884.9000 0.4799
8899.6000 0.4800
8913.3000 0.4802
8920.4000 0.4804
8920.4000 0.4806
8948.8000 0.4807
8967.5000 0.4809
8970.8000 0.4811
8985.6000 0.4813
8986.1000 0.4814
8987.0000 0.4816
8987.8000 0.4818
9006.1000 0.4819
9007.8000 0.4821
9018.5000 0.4823
9027.7000 0.4825
9034.1000 0.4826
9038.6000 0.4828
9050.8000 0.4830
9057.8000 0.4832
9069.3000 0.4833
9071.3000 0.4835
9071.8000 0.4837
9074.5000 0.4839
9078.8000 0.4840
9094.3000 0.4842
9095.4000 0.4844
9108.9000 0.4845
9116.5000 0.4847
9126.4000 0.4849
9129.1000 0.4851
9145.5000 0.4852
9146.5000 0.4854
9154.1000 0.4856
9154.4000 0.4858
9159.7000 0.4859
9167.6000 0.4861
9191.8000 0.4863
9200.1000 0.4865
9200.7000 0.4866
9203.5000 0.4868
9207.8000 0.4870
9208.9000 0.4872
9212.7000 0.4873
9213.4000 0.4875
9220.6000 0.4877
9223.9000 0.4878
9224.3000 0.4880
9226.8000 0.4882
9228.3000 0.4884
9229.0000 0.4885
9242.5000 0.4887
9251.0000 0.4889
9253.8000 0.4891
9258.6000 0.4892
9292.7000 0.4894
9294.0000 0.4896
9299.3000 0.4898
9306.2000 0.4899
9312.7000 0.4901
9314.7000 0.4903
9319.5000 0.4905
9321.7000 0.4906
9325.1000 0.4908
9327.8000 0.4910
9328.6000 0.4911
9336.4000 0.4913
9347.1000 0.4915
9356.4000 0.4917
9362.1000 0.4918
9364.6000 0.4920
9368.1000 0.4922
9368.6000 0.4924
9371.1000 0.4925
9379.1000 0.4927
9387.4000 0.4929
9393.9000 0.4931
9396.5000 0.4932
9397.2000 0.4934
9398.6000 0.4936
9399.9000 0.4938
9403.2000 0.4939
9410.5000 0.4941
9413.0000 0.4943
9423.0000 0.4944
9438.2000 0.4946
9440.2000 0.4948
9448.2000 0.4950
9450.5000 0.4951
9452.5000 0.4953
9458.6000 0.4955
9461.5000 0.4957
9466.0000 0.4958
9484.3000 0.4960
9488.9000 0.4962
9492.5000 0.4964
9498.0000 0.4965
9503.7000 0.4967
9512.7000 0.4969
9514.5000 0.4970
9523.8000 0.4972
9528.5000 0.4974
9539.7000 0.4976
9548.2000 0.4977
9548.7000 0.4979
9549.2000 0.4981
9559.5000 0.4983
9560.9000 0.4984
9576.5000 0.4986
9577.6000 0.4988
9580.2000 0.4990
9582.5000 0.4991
9583.5000 0.4993
9587.0000 0.4995
9592.5000 0.4997
9601.9000 0.4998
9608.6000 0.5000
9610.5000 0.5002
9610.5000 0.5003
9622.5000 0.5005
9630.2000 0.5007
9641.9000 0.5009
9646.8000 0.5010
9653.1000 0.5012
9653.7000 0.5014
9654.6000 0.5016
9657.5000 0.5017
9660.5000 0.5019
9669.6000 0.5021
9669.9000 0.5023
9673.4000 0.5024
9675.3000 0.5026
9680.4000 0.5028
9681.5000 0.5030
9687.5000 0.5031
9699.3000 0.5033
9707.0000 0.5035
9707.4000 0.5036
9713.1000 0.5038
9715.1000 0.5040
9716.7000 0.5042
9722.6000 0.5043
9736.3000 0.5045
9737.5000 0.5047
9737.6000 0.5049
9755.6000 0.5050
9755.8000 0.5052
9761.3000 0.5054
9793.2000 0.5056
9807.2000 0.5057
9815.3000 0.5059
9815.9000 0.5061
9816.1000 0.5063
9816.5000 0.5064
9816.7000 0.5066
9828.3000 0.5068
9830.1000 0.5069
9830.1000 0.5071
9832.3000 0.5073
9836.7000 0.5075
9842.8000 0.5076
9853.7000 0.5078
9858.7000 0.5080
9869.0000 0.5082
9875.5000 0.5083
9882.6000 0.5085
9884.8000 0.5087
9905.3000 0.5089
9908.0000 0.5090
9908.8000 0.5092
9909.0000 0.5094
9910.2000 0.5095
9912.3000 0.5097
9914.0000 0.5099
9914.7000 0.5101
9926.4000 0.5102
9930.3000 0.5104
9932.0000 0.5106
9947.3000 0.5108
9953.5000 0.5109
9954.2000 0.5111
9963.8000 0.5113
9965.4000 0.5115
9966.7000 0.5116
9971.4000 0.5118
9986.5000 0.5120
9989.9000 0.5122
9990.7000 0.5123
10008.5000 0.5125
10012.4000 0.5127
10014.4000 0.5128
10016.5000 0.5130
10016.9000 0.5132
10017.4000 0.5134
10026.8000 0.5135
10028.7000 0.5137
10038.0000 0.5139
10044.5000 0.5141
10044.8000 0.5142
10053.4000 0.5144
10053.4000 0.5146
10056.5000 0.5148
10062.5000 0.5149
10066.6000 0.5151
10067.8000 0.5153
10071.9000 0.5155
10082.5000 0.5156
10094.3000 0.5158
10097.9000 0.5160
10098.1000 0.5161
10103.4000 0.5163
10109.2000 0.5165
10110.3000 0.5167
10119.5000 0.5168
10129.3000 0.5170
10135.8000 0.5172
10140.8000 0.5174
10148.7000 0.5175
10151.6000 0.5177
10193.9000 0.5179
10194.3000 0.5181
10201.7000 0.5182
10202.7000 0.5184
10209.5000 0.5186
10210.5000 0.5188
10225.6000 0.5189
10237.5000 0.5191
10247.3000 0.5193
10248.3000 0.5194
10257.5000 0.5196
10274.7000 0.5198
10278.4000 0.5200
10280.7000 0.5201
10283.6000 0.5203
10285.9000 0.5205
10287.0000 0.5207
10290.4000 0.5208
10294.1000 0.5210
10294.8000 0.5212
10309.4000 0.5214
10312.7000 0.5215
10312.9000 0.5217
10315.2000 0.5219
10321.5000 0.5220
10333.4000 0.5222
10334.8000 0.5224
10336.1000 0.5226
10343.9000 0.5227
10351.7000 0.5229
10352.0000 0.5231
10352.2000 0.5233
10354.0000 0.5234
10359.7000 0.5236
10363.8000 0.5238
10368.7000 0.5240
10383.1000 0.5241
10393.8000 0.5243
10401.7000 0.5245
10404.2000 0.5247
10408.1000 0.5248
10410.7000 0.5250
10431.6000 0.5252
10436.5000 0.5253
10455.7000 0.5255
10455.7000 0.5257
10456.0000 0.5259
10458.8000 0.5260
10464.1000 0.5262
10475.4000 0.5264
10476.9000 0.5266
10483.3000 0.5267
10495.3000 0.5269
10496.6000 0.5271
10504.6000 0.5273
10510.8000 0.5274
10527.4000 0.5276
10527.5000 0.5278
10551.8000 0.5280
10563.4000 0.5281
10572.3000 0.5283
10587.2000 0.5285
10593.2000 0.5286
10597.1000 0.5288
10597.3000 0.5290
10605.0000 0.5292
10606.9000 0.5293
10611.8000 0.5295
10613.5000 0.5297
10615.9000 0.5299
10619.4000 0.5300
10629.5000 0.5302
10632.0000 0.5304
10634.6000 0.5306
10641.0000 0.5307
10641.1000 0.5309
10650.3000 0.5311
10651.2000 0.5313
10652.3000 0.5314
10655.9000 0.5316
10658.7000 0.5318
10669.2000 0.5319
10669.6000 0.5321
10682.1000 0.5323
10684.3000 0.5325
10693.8000 0.5326
10694.9000 0.5328
10713.0000 0.5330
10713.1000 0.5332
10717.2000 0.5333
10718.3000 0.5335
10723.8000 0.5337
10724.1000 0.5339
10728.6000 0.5340
10731.7000 0.5342
10737.0000 0.5344
10742.4000 0.5345
10761.3000 0.5347
10768.2000 0.5349
10773.8000 0.5351
10775.7000 0.5352
10783.2000 0.5354
10788.7000 0.5356
10793.4000 0.5358
10798.4000 0.5359
10808.0000 0.5361
10813.4000 0.5363
10819.3000 0.5365
10827.0000 0.5366
10827.9000 0.5368
10838.7000 0.5370
10843.0000 0.5372
10848.2000 0.5373
10867.1000 0.5375
10867.2000 0.5377
10870.2000 0.5378
10875.2000 0.5380
10877.5000 0.5382
10879.8000 0.5384
10883.3000 0.5385
10883.8000 0.5387
10896.9000 0.5389
10900.3000 0.5391
10900.4000 0.5392
10902.9000 0.5394
10904.3000 0.5396
10909.5000 0.5398
10910.4000 0.5399
10914.6000 0.5401
10916.5000 0.5403
10918.1000 0.5405
10928.8000 0.5406
10937.5000 0.5408
10952.2000 0.5410
10957.9000 0.5411
10965.2000 0.5413
10966.6000 0.5415
10980.3000 0.5417
10986.5000 0.5418
10987.5000 0.5420
10993.8000 0.5422
11001.8000 0.5424
11005.9000 0.5425
11020.0000 0.5427
11021.3000 0.5429
11021.5000 0.5431
11022.1000 0.5432
11027.8000 0.5434
11031.9000 0.5436
11036.8000 0.5438
11044.3000 0.5439
11068.7000 0.5441
11078.5000 0.5443
11081.7000 0.5444
11082.3000 0.5446
11085.2000 0.5448
11085.4000 0.5450
11092.0000 0.5451
11098.8000 0.5453
11100.8000 0.5455
11119.3000 0.5457
11125.7000 0.5458
11131.1000 0.5460
11135.6000 0.5462
11137.8000 0.5464
11140.6000 0.5465
11150.4000 0.5467
11154.7000 0.5469
11157.4000 0.5470
11159.7000 0.5472
11169.5000 0.5474
11171.3000 0.5476
11171.4000 0.5477
11187.7000 0.5479
11188.4000 0.5481
11212.7000 0.5483
11218.3000 0.5484
11224.2000 0.5486
11231.5000 0.5488
11244.7000 0.5490
11246.7000 0.5491
11248.7000 0.5493
11265.9000 0.5495
11283.2000 0.5497
11284.3000 0.5498
11289.2000 0.5500
11289.9000 0.5502
11296.3000 0.5503
11301.1000 0.5505
11301.9000 0.5507
11308.6000 0.5509
11314.1000 0.5510
11342.8000 0.5512
11350.4000 0.5514
11375.9000 0.5516
11379.1000 0.5517
11391.7000 0.5519
11396.5000 0.5521
11398.5000 0.5523
11408.1000 0.5524
11416.4000 0.5526
11417.9000 0.5528
11418.5000 0.5530
11426.8000 0.5531
11434.3000 0.5533
11436.2000 0.5535
11438.3000 0.5536
11441.4000 0.5538
11458.6000 0.5540
11459.8000 0.5542
11466.6000 0.5543
11468.0000 0.5545
11475.1000 0.5547
11498.6000 0.5549
11509.7000 0.5550
11535.0000 0.5552
11543.5000 0.5554
11549.3000 0.5556
11553.3000 0.5557
11559.9000 0.5559
11560.1000 0.5561
11576.0000 0.5563
11581.0000 0.5564
11582.8000 0.5566
11584.1000 0.5568
11600.4000 0.5569
11600.8000 0.5571
11603.2000 0.5573
11604.1000 0.5575
11605.4000 0.5576
11606.0000 0.5578
11606.1000 0.5580
11615.7000 0.5582
11617.5000 0.5583
11623.6000 0.5585
11625.3000 0.5587
11631.7000 0.5589
11635.3000 0.5590
11641.6000 0.5592
11642.8000 0.5594
11651.8000 0.5595
11655.2000 0.5597
11660.8000 0.5599
11672.5000 0.5601
11673.1000 0.5602
11673.4000 0.5604
11677.0000 0.5606
11697.9000 0.5608
11703.4000 0.5609
11705.0000 0.5611
11718.8000 0.5613
11735.7000 0.5615
11739.6000 0.5616
11745.7000 0.5618
11764.2000 0.5620
11771.8000 0.5622
11780.4000 0.5623
11800.3000 0.5625
11819.2000 0.5627
11820.0000 0.5628
11823.6000 0.5630
11830.6000 0.5632
11843.5000 0.5634
11850.3000 0.5635
11854.6000 0.5637
11855.9000 0.5639
11858.9000 0.5641
11865.4000 0.5642
11870.3000 0.5644
11872.6000 0.5646
11881.4000 0.5648
11882.7000 0.5649
11888.4000 0.5651
11889.5000 0.5653
11894.8000 0.5655
11898.3000 0.5656
11898.6000 0.5658
11899.8000 0.5660
11901.4000 0.5661
11924.2000 0.5663
11927.5000 0.5665
11931.1000 0.5667
11932.3000 0.5668
11932.4000 0.5670
11944.1000 0.5672
11945.5000 0.5674
11951.0000 0.5675
11951.7000 0.5677
11973.6000 0.5679
11984.1000 0.5681
11987.4000 0.5682
11989.6000 0.5684
11990.1000 0.5686
11998.1000 0.5688
12004.0000 0.5689
12006.7000 0.5691
12017.0000 0.5693
12017.1000 0.5694
12020.7000 0.5696
12022.8000 0.5698
12029.4000 0.5700
12045.4000 0.5701
12062.7000 0.5703
12069.6000 0.5705
12070.2000 0.5707
12082.6000 0.5708
12089.7000 0.5710
12091.6000 0.5712
12101.4000 0.5714
12124.5000 0.5715
12133.3000 0.5717
12140.7000 0.5719
12156.3000 0.5720
12158.3000 0.5722
12159.5000 0.5724
12167.6000 0.5726
12169.2000 0.5727
12178.5000 0.5729
12184.4000 0.5731
12193.3000 0.5733
12194.2000 0.5734
12195.4000 0.5736
12196.3000 0.5738
12198.3000 0.5740
12199.3000 0.5741
12204.4000 0.5743
12211.1000 0.5745
12215.0000 0.5747
12230.3000 0.5748
12230.6000 0.5750
12236.6000 0.5752
12247.0000 0.5753
12247.6000 0.5755
12255.5000 0.5757
12256.4000 0.5759
12257.2000 0.5760
12260.4000 0.5762
12261.8000 0.5764
12271.8000 0.5766
12280.4000 0.5767
12280.5000 0.5769
12281.9000 0.5771
12293.2000 0.5773
12295.1000 0.5774
12295.8000 0.5776
12300.0000 0.5778
12300.1000 0.5780
12301.0000 0.5781
12308.1000 0.5783
12311.8000 0.5785
12331.5000 0.5786
12335.2000 0.5788
12342.0000 0.5790
12348.5000 0.5792
12349.0000 0.5793
12354.1000 0.5795
12356.7000 0.5797
12359.1000 0.5799
12362.0000 0.5800
12380.8000 0.5802
12401.0000 0.5804
12402.1000 0.5806
12405.5000 0.5807
12412.9000 0.5809
12420.5000 0.5811
12430.2000 0.5813
12439.5000 0.5814
12441.2000 0.5816
12451.8000 0.5818
12452.8000 0.5819
12460.0000 0.5821
12492.5000 0.5823
12495.9000 0.5825
12500.7000 0.5826
12514.7000 0.5828
12515.2000 0.5830
12532.3000 0.5832
12532.6000 0.5833
12546.7000 0.5835
12549.8000 0.5837
12549.8000 0.5839
12575.5000 0.5840
12576.5000 0.5842
12580.3000 0.5844
12582.5000 0.5845
12606.0000 0.5847
12606.5000 0.5849
12606.6000 0.5851
12608.8000 0.5852
12609.6000 0.5854
12610.1000 0.5856
12610.1000 0.5858
12617.3000 0.5859
12618.0000 0.5861
12621.4000 0.5863
12623.5000 0.5865
12628.4000 0.5866
12630.1000 0.5868
12638.1000 0.5870
12641.5000 0.5872
12655.8000 0.5873
12658.4000 0.5875
12668.5000 0.5877
12669.8000 0.5878
12678.7000 0.5880
12679.2000 0.5882
12680.2000 0.5884
12682.6000 0.5885
12689.4000 0.5887
12692.4000 0.5889
12705.6000 0.5891
12705.6000 0.5892
12707.5000 0.5894
12715.4000 0.5896
12716.0000 0.5898
12716.3000 0.5899
12716.8000 0.5901
12717.0000 0.5903
12727.9000 0.5905
12730.3000 0.5906
12731.9000 0.5908
12738.8000 0.5910
12745.1000 0.5911
12745.2000 0.5913
12751.6000 0.5915
12754.6000 0.5917
12759.3000 0.5918
12768.9000 0.5920
12769.5000 0.5922
12781.5000 0.5924
12783.2000 0.5925
12793.9000 0.5927
12795.9000 0.5929
12797.5000 0.5931
12799.4000 0.5932
12802.6000 0.5934
12814.0000 0.5936
12817.9000 0.5938
12818.7000 0.5939
12832.9000 0.5941
12849.7000 0.5943
12850.7000 0.5944
12856.5000 0.5946
12865.7000 0.5948
12870.3000 0.5950
12872.9000 0.5951
12876.3000 0.5953
12881.9000 0.5955
12889.7000 0.5957
12892.0000 0.5958
12892.2000 0.5960
12892.5000 0.5962
12898.5000 0.5964
12909.9000 0.5965
12932.0000 0.5967
12946.0000 0.5969
12950.7000 0.5970
12957.1000 0.5972
12957.3000 0.5974
12958.3000 0.5976
12958.3000 0.5977
12963.1000 0.5979
12963.9000 0.5981
12970.1000 0.5983
12981.3000 0.5984
12989.4000 0.5986
12991.3000 0.5988
12993.0000 0.5990
12995.1000 0.5991
12997.9000 0.5993
13003.8000 0.5995
13005.8000 0.5997
13006.1000 0.5998
13012.0000 0.6000
13013.3000 0.6002
13016.8000 0.6003
13019.7000 0.6005
13020.6000 0.6007
13046.7000 0.6009
13069.8000 0.6010
13082.3000 0.6012
13092.8000 0.6014
13096.9000 0.6016
13097.4000 0.6017
13097.5000 0.6019
13102.4000 0.6021
13116.1000 0.6023
13119.1000 0.6024
13124.4000 0.6026
13125.5000 0.6028
13127.2000 0.6030
13127.2000 0.6031
13129.6000 0.6033
13149.1000 0.6035
13149.3000 0.6036
13152.8000 0.6038
13154.1000 0.6040
13159.3000 0.6042
13167.7000 0.6043
13175.1000 0.6045
13176.1000 0.6047
13192.6000 0.6049
13194.9000 0.6050
13200.7000 0.6052
13212.6000 0.6054
13247.1000 0.6056
13249.0000 0.6057
13251.2000 0.6059
13259.1000 0.6061
13266.1000 0.6063
13280.0000 0.6064
13280.8000 0.6066
13283.7000 0.6068
13285.1000 0.6069
13286.1000 0.6071
13310.9000 0.6073
13312.5000 0.6075
13316.1000 0.6076
13316.6000 0.6078
13319.1000 0.6080
13319.5000 0.6082
13321.6000 0.6083
13323.4000 0.6085
13324.9000 0.6087
13327.0000 0.6089
13328.0000 0.6090
13329.4000 0.6092
13329.9000 0.6094
13334.8000 0.6095
13342.7000 0.6097
13343.0000 0.6099
13354.7000 0.6101
13359.0000 0.6102
13363.5000 0.6104
13368.6000 0.6106
13378.3000 0.6108
13380.4000 0.6109
13385.3000 0.6111
13397.2000 0.6113
13413.4000 0.6115
13414.0000 0.6116
13417.1000 0.6118
13422.7000 0.6120
13426.4000 0.6122
13432.0000 0.6123
13433.0000 0.6125
13440.3000 0.6127
13442.6000 0.6128
13448.5000 0.6130
13449.4000 0.6132
13449.9000 0.6134
13450.8000 0.6135
13456.4000 0.6137
13459.4000 0.6139
13467.3000 0.6141
13469.8000 0.6142
13475.8000 0.6144
13476.2000 0.6146
13481.7000 0.6148
13486.6000 0.6149
13493.5000 0.6151
13496.2000 0.6153
13502.6000 0.6155
13504.2000 0.6156
13512.8000 0.6158
13516.8000 0.6160
13523.2000 0.6161
13529.1000 0.6163
13532.9000 0.6165
13533.8000 0.6167
13535.8000 0.6168
13542.1000 0.6170
13542.7000 0.6172
13549.7000 0.6174
13550.6000 0.6175
13554.6000 0.6177
13571.6000 0.6179
13576.6000 0.6181
13585.4000 0.6182
13591.4000 0.6184
13598.5000 0.6186
13604.7000 0.6188
13608.1000 0.6189
13613.5000 0.6191
13616.9000 0.6193
13618.3000 0.6194
13623.9000 0.6196
13625.3000 0.6198
13628.7000 0.6200
13634.8000 0.6201
13638.8000 0.6203
13648.5000 0.6205
13649.9000 0.6207
13666.8000 0.6208
13670.2000 0.6210
13675.7000 0.6212
13680.5000 0.6214
13683.5000 0.6215
13684.6000 0.6217
13691.6000 0.6219
13695.4000 0.6220
13713.0000 0.6222
13713.7000 0.6224
13714.9000 0.6226
13721.0000 0.6227
13730.3000 0.6229
13731.2000 0.6231
13737.5000 0.6233
13742.0000 0.6234
13761.5000 0.6236
13764.7000 0.6238
13766.5000 0.6240
13771.4000 0.6241
13771.7000 0.6243
13779.7000 0.6245
13786.7000 0.6247
13789.8000 0.6248
13797.6000 0.6250
13798.2000 0.6252
13799.9000 0.6253
13815.8000 0.6255
13817.6000 0.6257
13818.4000 0.6259
13820.4000 0.6260
13820.7000 0.6262
13853.7000 0.6264
13878.7000 0.6266
13879.5000 0.6267
13884.4000 0.6269
13888.9000 0.6271
13896.9000 0.6273
13901.3000 0.6274
13902.5000 0.6276
13905.0000 0.6278
13906.7000 0.6280
13924.9000 0.6281
13925.9000 0.6283
13926.4000 0.6285
13926.9000 0.6286
13936.6000 0.6288
13947.6000 0.6290
13962.5000 0.6292
13962.6000 0.6293
13965.3000 0.6295
13985.4000 0.6297
13987.0000 0.6299
14000.9000 0.6300
14008.6000 0.6302
14008.9000 0.6304
14014.5000 0.6306
14015.0000 0.6307
14020.1000 0.6309
14023.7000 0.6311
14030.1000 0.6313
14036.8000 0.6314
14038.8000 0.6316
14039.0000 0.6318
14049.3000 0.6319
14049.9000 0.6321
14070.5000 0.6323
14071.9000 0.6325
14072.3000 0.6326
14075.6000 0.6328
14082.6000 0.6330
14105.5000 0.6332
14106.4000 0.6333
14110.1000 0.6335
14111.5000 0.6337
14112.0000 0.6339
14135.4000 0.6340
14137.6000 0.6342
14138.7000 0.6344
14140.0000 0.6345
14142.6000 0.6347
14144.9000 0.6349
14145.2000 0.6351
14150.0000 0.6352
14154.1000 0.6354
14155.0000 0.6356
14189.4000 0.6358
14196.3000 0.6359
14197.2000 0.6361
14198.1000 0.6363
14200.5000 0.6365
14202.1000 0.6366
14210.1000 0.6368
14218.5000 0.6370
14235.1000 0.6372
14237.5000 0.6373
14244.5000 0.6375
14246.2000 0.6377
14266.8000 0.6378
14298.7000 0.6380
14302.3000 0.6382
14311.8000 0.6384
14313.0000 0.6385
14320.0000 0.6387
14321.1000 0.6389
14323.7000 0.6391
14332.6000 0.6392
14332.9000 0.6394
14341.0000 0.6396
14350.9000 0.6398
14359.9000 0.6399
14362.2000 0.6401
14362.3000 0.6403
14365.5000 0.6405
14368.1000 0.6406
14378.8000 0.6408
14381.4000 0.6410
14393.7000 0.6411
14414.9000 0.6413
14424.2000 0.6415
14424.8000 0.6417
14430.8000 0.6418
14468.9000 0.6420
14470.3000 0.6422
14482.4000 0.6424
14488.6000 0.6425
14489.0000 0.6427
14489.2000 0.6429
14490.5000 0.6431
14491.2000 0.6432
14495.5000 0.6434
14498.5000 0.6436
14508.8000 0.6438
14509.6000 0.6439
14515.4000 0.6441
14527.1000 0.6443
14528.5000 0.6444
14532.9000 0.6446
14534.3000 0.6448
14543.9000 0.6450
14553.0000 0.6451
14554.0000 0.6453
14556.5000 0.6455
14556.6000 0.6457
14562.3000 0.6458
14566.2000 0.6460
14575.4000 0.6462
14584.8000 0.6464
14585.1000 0.6465
14594.0000 0.6467
14600.9000 0.6469
14602.9000 0.6470
14604.6000 0.6472
14609.3000 0.6474
14612.7000 0.6476
14613.2000 0.6477
14613.3000 0.6479
14613.4000 0.6481
14620.8000 0.6483
14622.1000 0.6484
14636.3000 0.6486
14652.7000 0.6488
14662.7000 0.6490
14673.8000 0.6491
14677.2000 0.6493
14691.2000 0.6495
14693.1000 0.6497
14696.8000 0.6498
14705.4000 0.6500
14713.6000 0.6502
14717.1000 0.6503
14720.3000 0.6505
14726.0000 0.6507
14726.8000 0.6509
14745.0000 0.6510
14747.0000 0.6512
14757.5000 0.6514
14763.6000 0.6516
14767.7000 0.6517
14780.3000 0.6519
14780.7000 0.6521
14797.7000 0.6523
14802.2000 0.6524
14804.7000 0.6526
14806.9000 0.6528
14816.5000 0.6530
14826.3000 0.6531
14831.6000 0.6533
14843.1000 0.6535
14853.1000 0.6536
14855.3000 0.6538
14857.4000 0.6540
14859.0000 0.6542
14862.7000 0.6543
14874.7000 0.6545
14878.9000 0.6547
14880.9000 0.6549
14892.2000 0.6550
14904.3000 0.6552
14919.2000 0.6554
14919.9000 0.6556
14928.0000 0.6557
14928.7000 0.6559
14938.6000 0.6561
14941.3000 0.6563
14945.6000 0.6564
14956.1000 0.6566
14970.2000 0.6568
14974.4000 0.6569
14976.9000 0.6571
14977.3000 0.6573
14982.4000 0.6575
14990.6000 0.6576
15011.5000 0.6578
15019.5000 0.6580
15025.1000 0.6582
15025.9000 0.6583
15041.1000 0.6585
15048.8000 0.6587
15050.2000 0.6589
15060.5000 0.6590
15063.6000 0.6592
15064.5000 0.6594
15070.7000 0.6595
15070.8000 0.6597
15071.0000 0.6599
15077.0000 0.6601
15079.0000 0.6602
15106.3000 0.6604
15122.4000 0.6606
15124.6000 0.6608
15132.1000 0.6609
15133.1000 0.6611
15136.3000 0.6613
15147.2000 0.6615
15149.6000 0.6616
15150.4000 0.6618
15157.3000 0.6620
15159.9000 0.6622
15160.6000 0.6623
15161.2000 0.6625
15162.4000 0.6627
15168.8000 0.6628
15170.2000 0.6630
15178.3000 0.6632
15180.7000 0.6634
15181.1000 0.6635
15194.6000 0.6637
15207.6000 0.6639
15208.1000 0.6641
15217.3000 0.6642
15227.8000 0.6644
15230.5000 0.6646
15231.4000 0.6648
15237.1000 0.6649
15249.5000 0.6651
15268.9000 0.6653
15272.3000 0.6655
15272.9000 0.6656
15275.8000 0.6658
15276.9000 0.6660
15279.3000 0.6661
15283.7000 0.6663
15284.9000 0.6665
15294.4000 0.6667
15299.9000 0.6668
15303.5000 0.6670
15306.8000 0.6672
15309.0000 0.6674
15329.5000 0.6675
15330.6000 0.6677
15332.3000 0.6679
15333.5000 0.6681
15336.7000 0.6682
15344.2000 0.6684
15355.9000 0.6686
15362.7000 0.6688
15365.6000 0.6689
15370.7000 0.6691
15384.9000 0.6693
15393.5000 0.6694
15395.9000 0.6696
15404.3000 0.6698
15407.4000 0.6700
15412.7000 0.6701
15414.0000 0.6703
15415.6000 0.6705
15418.5000 0.6707
15420.0000 0.6708
15424.3000 0.6710
15432.7000 0.6712
15446.1000 0.6714
15456.0000 0.6715
15458.2000 0.6717
15469.8000 0.6719
15496.9000 0.6720
15503.0000 0.6722
15503.7000 0.6724
15504.2000 0.6726
15510.6000 0.6727
15533.3000 0.6729
15536.3000 0.6731
15544.4000 0.6733
15545.9000 0.6734
15558.9000 0.6736
15569.0000 0.6738
15570.1000 0.6740
15583.3000 0.6741
15583.6000 0.6743
15590.0000 0.6745
15600.8000 0.6747
15601.3000 0.6748
15603.4000 0.6750
15610.6000 0.6752
15610.8000 0.6753
15612.9000 0.6755
15614.7000 0.6757
15624.1000 0.6759
15626.1000 0.6760
15635.7000 0.6762
15638.7000 0.6764
15642.5000 0.6766
15656.9000 0.6767
15659.3000 0.6769
15661.8000 0.6771
15662.9000 0.6773
15664.1000 0.6774
15666.8000 0.6776
15669.8000 0.6778
15672.7000 0.6780
15682.1000 0.6781
15693.0000 0.6783
15696.6000 0.6785
15700.4000 0.6786
15714.1000 0.6788
15714.9000 0.6790
15715.2000 0.6792
15719.7000 0.6793
15724.5000 0.6795
15727.0000 0.6797
15730.8000 0.6799
15739.5000 0.6800
15756.8000 0.6802
15760.1000 0.6804
15774.8000 0.6806
15778.1000 0.6807
15778.3000 0.6809
15783.2000 0.6811
15793.4000 0.6813
15796.5000 0.6814
15797.9000 0.6816
15798.0000 0.6818
15798.7000 0.6819
15804.3000 0.6821
15808.0000 0.6823
15811.1000 0.6825
15811.9000 0.6826
15813.5000 0.6828
15816.3000 0.6830
15826.4000 0.6832
15827.2000 0.6833
15836.3000 0.6835
15837.8000 0.6837
15838.2000 0.6839
15841.9000 0.6840
15846.8000 0.6842
15850.6000 0.6844
15853.6000 0.6845
15862.0000 0.6847
15865.4000 0.6849
15875.8000 0.6851
15899.3000 0.6852
15906.1000 0.6854
15915.5000 0.6856
15921.6000 0.6858
15935.5000 0.6859
15937.1000 0.6861
15938.9000 0.6863
15942.3000 0.6865
15949.9000 0.6866
15950.8000 0.6868
15957.9000 0.6870
15962.4000 0.6872
15964.6000 0.6873
15969.8000 0.6875
15984.6000 0.6877
15995.1000 0.6878
16002.6000 0.6880
16006.5000 0.6882
16008.5000 0.6884
16011.4000 0.6885
16011.9000 0.6887
16016.4000 0.6889
16023.3000 0.6891
16026.0000 0.6892
16035.8000 0.6894
16051.4000 0.6896
16057.4000 0.6898
16059.6000 0.6899
16062.3000 0.6901
16075.2000 0.6903
16079.4000 0.6905
16082.1000 0.6906
16084.3000 0.6908
16093.8000 0.6910
16097.1000 0.6911
16097.2000 0.6913
16103.8000 0.6915
16106.1000 0.6917
16115.9000 0.6918
16127.3000 0.6920
16130.4000 0.6922
16131.6000 0.6924
16134.8000 0.6925
16138.5000 0.6927
16139.9000 0.6929
16145.3000 0.6931
16161.4000 0.6932
16163.3000 0.6934
16197.5000 0.6936
16201.9000 0.6938
16212.1000 0.6939
16213.3000 0.6941
16218.0000 0.6943
16218.4000 0.6944
16221.8000 0.6946
16231.8000 0.6948
16232.4000 0.6950
16233.7000 0.6951
16236.9000 0.6953
16243.2000 0.6955
16244.4000 0.6957
16250.4000 0.6958
16250.5000 0.6960
16287.9000 0.6962
16292.1000 0.6964
16302.1000 0.6965
16306.9000 0.6967
16315.3000 0.6969
16321.6000 0.6970
16324.7000 0.6972
16330.1000 0.6974
16333.7000 0.6976
16337.0000 0.6977
16339.6000 0.6979
16342.8000 0.6981
16343.5000 0.6983
16346.6000 0.6984
16355.9000 0.6986
16356.5000 0.6988
16356.8000 0.6990
16364.0000 0.6991
16368.2000 0.6993
16381.8000 0.6995
16386.7000 0.6997
16393.4000 0.6998
16418.3000 0.7000
16419.4000 0.7002
16419.7000 0.7003
16421.6000 0.7005
16423.6000 0.7007
16427.5000 0.7009
16429.8000 0.7010
16433.5000 0.7012
16444.7000 0.7014
16448.9000 0.7016
16464.7000 0.7017
16468.0000 0.7019
16470.1000 0.7021
16473.7000 0.7023
16488.0000 0.7024
16489.5000 0.7026
16504.8000 0.7028
16506.8000 0.7030
16521.3000 0.7031
16522.6000 0.7033
16526.0000 0.7035
16529.3000 0.7036
16539.0000 0.7038
16547.3000 0.7040
16574.4000 0.7042
16575.5000 0.7043
16594.2000 0.7045
16596.8000 0.7047
16598.7000 0.7049
16615.2000 0.7050
16617.6000 0.7052
16623.3000 0.7054
16644.5000 0.7056
16647.8000 0.7057
16652.1000 0.7059
16654.7000 0.7061
16660.2000 0.7063
16669.7000 0.7064
16671.2000 0.7066
16673.0000 0.7068
16697.5000 0.7069
16700.1000 0.7071
16701.9000 0.7073
16702.8000 0.7075
16708.3000 0.7076
16709.8000 0.7078
16748.3000 0.7080
16756.8000 0.7082
16758.2000 0.7083
16760.4000 0.7085
16781.1000 0.7087
16791.7000 0.7089
16800.5000 0.7090
16803.5000 0.7092
16803.7000 0.7094
16807.6000 0.7095
16809.8000 0.7097
16811.1000 0.7099
16811.7000 0.7101
16813.6000 0.7102
16816.4000 0.7104
16818.7000 0.7106
16825.4000 0.7108
16826.9000 0.7109
16837.6000 0.7111
16840.8000 0.7113
16845.2000 0.7115
16846.7000 0.7116
16847.7000 0.7118
16856.2000 0.7120
16856.9000 0.7122
16864.7000 0.7123
16865.9000 0.7125
16878.3000 0.7127
16878.5000 0.7128
16880.8000 0.7130
16883.3000 0.7132
16894.2000 0.7134
16901.2000 0.7135
16903.7000 0.7137
16905.7000 0.7139
16915.0000 0.7141
16919.1000 0.7142
16942.6000 0.7144
16951.7000 0.7146
16979.2000 0.7148
16981.7000 0.7149
16986.1000 0.7151
16991.9000 0.7153
17007.6000 0.7155
17028.4000 0.7156
17032.8000 0.7158
17045.4000 0.7160
17051.4000 0.7161
17052.8000 0.7163
17065.6000 0.7165
17068.2000 0.7167
17079.9000 0.7168
17091.3000 0.7170
17095.8000 0.7172
17102.6000 0.7174
17103.9000 0.7175
17104.9000 0.7177
17107.3000 0.7179
17118.3000 0.7181
17118.9000 0.7182
17133.1000 0.7184
17134.4000 0.7186
17139.7000 0.7188
17150.3000 0.7189
17157.6000 0.7191
17160.0000 0.7193
17175.6000 0.7194
17185.4000 0.7196
17201.9000 0.7198
17203.5000 0.7200
17203.6000 0.7201
17233.6000 0.7203
17242.5000 0.7205
17249.0000 0.7207
17262.1000 0.7208
17279.2000 0.7210
17285.7000 0.7212
17291.7000 0.7214
17295.6000 0.7215
17299.5000 0.7217
17300.3000 0.7219
17310.3000 0.7220
17314.5000 0.7222
17322.7000 0.7224
17324.7000 0.7226
17334.5000 0.7227
17341.4000 0.7229
17348.0000 0.7231
17372.2000 0.7233
17380.8000 0.7234
17401.9000 0.7236
17421.9000 0.7238
17427.7000 0.7240
17438.6000 0.7241
17441.3000 0.7243
17462.0000 0.7245
17476.3000 0.7247
17484.6000 0.7248
17491.4000 0.7250
17495.9000 0.7252
17509.1000 0.7253
17511.4000 0.7255
17514.0000 0.7257
17515.4000 0.7259
17541.4000 0.7260
17546.4000 0.7262
17566.5000 0.7264
17572.0000 0.7266
17579.3000 0.7267
17581.0000 0.7269
17584.4000 0.7271
17597.0000 0.7273
17597.1000 0.7274
17618.1000 0.7276
17626.1000 0.7278
17641.8000 0.7280
17644.1000 0.7281
17662.6000 0.7283
17668.9000 0.7285
17669.5000 0.7286
17678.2000 0.7288
17679.0000 0.7290
17679.9000 0.7292
17680.3000 0.7293
17680.9000 0.7295
17681.3000 0.7297
17697.9000 0.7299
17701.7000 0.7300
17703.9000 0.7302
17714.4000 0.7304
17736.3000 0.7306
17742.8000 0.7307
17743.0000 0.7309
17745.4000 0.7311
17764.1000 0.7313
17766.9000 0.7314
17778.6000 0.7316
17780.2000 0.7318
17781.7000 0.7319
17789.9000 0.7321
17798.2000 0.7323
17838.4000 0.7325
17845.1000 0.7326
17849.4000 0.7328
17890.5000 0.7330
17903.8000 0.7332
17904.4000 0.7333
17911.1000 0.7335
17914.7000 0.7337
17928.0000 0.7339
17931.3000 0.7340
17937.0000 0.7342
17938.9000 0.7344
17943.6000 0.7345
17959.4000 0.7347
17984.0000 0.7349
17991.5000 0.7351
17995.2000 0.7352
17997.1000 0.7354
18005.4000 0.7356
18012.4000 0.7358
18016.5000 0.7359
18021.0000 0.7361
18028.4000 0.7363
18032.2000 0.7365
18038.5000 0.7366
18042.8000 0.7368
18045.8000 0.7370
18062.1000 0.7372
18065.2000 0.7373
18089.6000 0.7375
18106.4000 0.7377
18111.8000 0.7378
18124.2000 0.7380
18130.2000 0.7382
18148.4000 0.7384
18156.0000 0.7385
18156.3000 0.7387
18200.7000 0.7389
18202.7000 0.7391
18220.7000 0.7392
18250.0000 0.7394
18250.2000 0.7396
18252.3000 0.7398
18257.3000 0.7399
18271.3000 0.7401
18273.1000 0.7403
18288.6000 0.7405
18293.9000 0.7406
18296.3000 0.7408
18302.5000 0.7410
18347.8000 0.7411
18368.0000 0.7413
18386.9000 0.7415
18390.7000 0.7417
18431.8000 0.7418
18444.1000 0.7420
18458.3000 0.7422
18509.9000 0.7424
18540.6000 0.7425
18562.4000 0.7427
18567.1000 0.7429
18574.7000 0.7431
18587.2000 0.7432
18605.9000 0.7434
18607.3000 0.7436
18614.3000 0.7438
18619.9000 0.7439
18640.4000 0.7441
18671.0000 0.7443
18672.0000 0.7444
18677.1000 0.7446
18678.3000 0.7448
18685.3000 0.7450
18698.7000 0.7451
18704.3000 0.7453
18712.3000 0.7455
18714.3000 0.7457
18717.0000 0.7458
18750.3000 0.7460
18753.8000 0.7462
18761.9000 0.7464
18764.4000 0.7465
18768.6000 0.7467
18772.2000 0.7469
18774.2000 0.7470
18779.6000 0.7472
18782.3000 0.7474
18788.2000 0.7476
18809.7000 0.7477
18816.4000 0.7479
18878.4000 0.7481
18892.4000 0.7483
18893.6000 0.7484
18894.9000 0.7486
18899.4000 0.7488
18933.6000 0.7490
18944.7000 0.7491
18959.1000 0.7493
18964.8000 0.7495
18971.8000 0.7497
18981.6000 0.7498
18987.7000 0.7500
19003.9000 0.7502
19029.9000 0.7503
19043.3000 0.7505
19045.4000 0.7507
19075.9000 0.7509
19085.4000 0.7510
19096.1000 0.7512
19114.0000 0.7514
19116.6000 0.7516
19118.9000 0.7517
19138.3000 0.7519
19159.4000 0.7521
19174.3000 0.7523
19175.1000 0.7524
19194.6000 0.7526
19211.4000 0.7528
19213.4000 0.7530
19245.7000 0.7531
19249.4000 0.7533
19271.1000 0.7535
19272.7000 0.7536
19275.4000 0.7538
19282.9000 0.7540
19321.7000 0.7542
19329.3000 0.7543
19348.4000 0.7545
19355.0000 0.7547
19364.7000 0.7549
19379.9000 0.7550
19411.3000 0.7552
19417.7000 0.7554
19418.9000 0.7556
19428.5000 0.7557
19462.0000 0.7559
19463.7000 0.7561
19473.0000 0.7563
19492.1000 0.7564
19508.9000 0.7566
19530.6000 0.7568
19542.3000 0.7569
19545.1000 0.7571
19546.2000 0.7573
19550.9000 0.7575
19586.9000 0.7576
19599.8000 0.7578
19669.1000 0.7580
19672.6000 0.7582
19693.1000 0.7583
19701.8000 0.7585
19702.2000 0.7587
19744.1000 0.7589
19764.9000 0.7590
19805.6000 0.7592
19829.4000 0.7594
19843.1000 0.7595
19895.4000 0.7597
19907.5000 0.7599
19914.8000 0.7601
19924.8000 0.7602
20010.1000 0.7604
20068.4000 0.7606
20090.4000 0.7608
20107.5000 0.7609
20113.3000 0.7611
20241.8000 0.7613
20254.2000 0.7615
20254.8000 0.7616
20263.1000 0.7618
20300.0000 0.7620
20309.0000 0.7622
20309.3000 0.7623
20312.4000 0.7625
20320.2000 0.7627
20374.6000 0.7628
20377.1000 0.7630
20400.2000 0.7632
20420.8000 0.7634
20424.7000 0.7635
20432.0000 0.7637
20439.4000 0.7639
20460.1000 0.7641
20471.1000 0.7642
20504.7000 0.7644
20513.6000 0.7646
20519.3000 0.7648
20537.7000 0.7649
20567.0000 0.7651
20600.3000 0.7653
20600.7000 0.7655
20623.1000 0.7656
20651.7000 0.7658
20656.9000 0.7660
20713.8000 0.7661
20720.0000 0.7663
20762.6000 0.7665
20787.5000 0.7667
20788.1000 0.7668
20835.4000 0.7670
20875.7000 0.7672
20877.6000 0.7674
20880.6000 0.7675
20897.9000 0.7677
20921.1000 0.7679
20962.8000 0.7681
20965.2000 0.7682
20973.7000 0.7684
21011.0000 0.7686
21023.1000 0.7688
21060.7000 0.7689
21062.4000 0.7691
21127.4000 0.7693
21178.7000 0.7694
21230.1000 0.7696
21271.2000 0.7698
21359.6000 0.7700
21402.2000 0.7701
21431.9000 0.7703
21478.4000 0.7705
21585.4000 0.7707
21663.7000 0.7708
21709.2000 0.7710
21732.1000 0.7712
21783.2000 0.7714
21831.8000 0.7715
21887.8000 0.7717
21914.9000 0.7719
21965.7000 0.7720
21993.4000 0.7722
22049.2000 0.7724
22082.5000 0.7726
22095.9000 0.7727
22161.0000 0.7729
22242.2000 0.7731
22305.1000 0.7733
22465.7000 0.7734
22486.6000 0.7736
22487.9000 0.7738
22655.5000 0.7740
22659.9000 0.7741
23000.3000 0.7743
23077.3000 0.7745
23103.4000 0.7747
23239.9000 0.7748
23264.5000 0.7750
23265.4000 0.7752
23649.9000 0.7753
23667.0000 0.7755
23720.1000 0.7757
23736.8000 0.7759
23754.1000 0.7760
23866.5000 0.7762
