# messageDelay  cumulativeProbability
1.0000 0.0001
1.0000 0.0003
1.0000 0.0004
1.0000 0.0005
1.0000 0.0006
1.0000 0.0008
1.0000 0.0009
1.0000 0.0010
1.0000 0.0011
1.0000 0.0013
1.0000 0.0014
1.0000 0.0015
1.0000 0.0016
1.0000 0.0018
1.0000 0.0019
1.0000 0.0020
1.0000 0.0021
1.2000 0.0023
1.4000 0.0024
1.5000 0.0025
1.7000 0.0027
43.1000 0.0028
52.6000 0.0029
58.5000 0.0030
61.3000 0.0032
61.6000 0.0033
72.4000 0.0034
83.4000 0.0035
83.8000 0.0037
92.4000 0.0038
92.8000 0.0039
97.1000 0.0040
100.3000 0.0042
100.5000 0.0043
102.3000 0.0044
103.2000 0.0045
110.8000 0.0047
112.3000 0.0048
113.5000 0.0049
113.9000 0.0051
114.1000 0.0052
114.5000 0.0053
117.0000 0.0054
117.1000 0.0056
118.7000 0.0057
119.6000 0.0058
119.8000 0.0059
123.1000 0.0061
124.1000 0.0062
132.3000 0.0063
133.5000 0.0064
135.1000 0.0066
135.4000 0.0067
135.5000 0.0068
136.9000 0.0069
137.8000 0.0071
143.4000 0.0072
144.3000 0.0073
144.7000 0.0074
145.7000 0.0076
149.2000 0.0077
150.3000 0.0078
151.6000 0.0080
152.3000 0.0081
156.7000 0.0082
158.5000 0.0083
159.0000 0.0085
162.8000 0.0086
166.5000 0.0087
170.2000 0.0088
171.2000 0.0090
176.6000 0.0091
176.6000 0.0092
180.4000 0.0093
184.5000 0.0095
187.1000 0.0096
189.0000 0.0097
191.5000 0.0098
192.2000 0.0100
195.2000 0.0101
197.7000 0.0102
197.9000 0.0104
198.5000 0.0105
199.7000 0.0106
199.9000 0.0107
201.0000 0.0109
201.3000 0.0110
203.7000 0.0111
209.0000 0.0112
209.4000 0.0114
210.8000 0.0115
212.8000 0.0116
213.5000 0.0117
213.9000 0.0119
214.9000 0.0120
215.7000 0.0121
218.0000 0.0122
218.6000 0.0124
219.5000 0.0125
220.2000 0.0126
221.0000 0.0128
221.6000 0.0129
222.3000 0.0130
224.2000 0.0131
224.2000 0.0133
230.0000 0.0134
230.0000 0.0135
233.5000 0.0136
234.3000 0.0138
234.6000 0.0139
235.6000 0.0140
235.9000 0.0141
237.3000 0.0143
237.5000 0.0144
237.9000 0.0145
239.4000 0.0146
239.7000 0.0148
240.4000 0.0149
241.4000 0.0150
241.6000 0.0152
242.9000 0.0153
245.6000 0.0154
247.5000 0.0155
247.7000 0.0157
248.6000 0.0158
248.9000 0.0159
250.3000 0.0160
253.4000 0.0162
253.7000 0.0163
253.9000 0.0164
255.6000 0.0165
255.9000 0.0167
258.6000 0.0168
259.8000 0.0169
260.7000 0.0170
261.4000 0.0172
262.4000 0.0173
262.6000 0.0174
263.7000 0.0176
264.1000 0.0177
266.1000 0.0178
269.4000 0.0179
270.5000 0.0181
273.7000 0.0182
275.1000 0.0183
276.6000 0.0184
277.7000 0.0186
278.3000 0.0187
279.1000 0.0188
279.5000 0.0189
281.1000 0.0191
281.3000 0.0192
281.5000 0.0193
282.0000 0.0194
283.9000 0.0196
286.0000 0.0197
286.4000 0.0198
287.4000 0.0199
289.3000 0.0201
291.1000 0.0202
291.4000 0.0203
292.3000 0.0205
294.4000 0.0206
295.3000 0.0207
296.3000 0.0208
297.5000 0.0210
299.3000 0.0211
302.5000 0.0212
303.2000 0.0213
304.8000 0.0215
305.4000 0.0216
305.7000 0.0217
306.4000 0.0218
307.3000 0.0220
308.5000 0.0221
309.8000 0.0222
309.9000 0.0223
310.2000 0.0225
310.4000 0.0226
310.5000 0.0227
312.3000 0.0229
314.5000 0.0230
314.7000 0.0231
316.4000 0.0232
316.5000 0.0234
317.3000 0.0235
318.4000 0.0236
318.7000 0.0237
318.9000 0.0239
319.2000 0.0240
319.7000 0.0241
319.8000 0.0242
320.5000 0.0244
320.8000 0.0245
321.2000 0.0246
321.3000 0.0247
321.3000 0.0249
321.5000 0.0250
321.5000 0.0251
323.1000 0.0253
323.3000 0.0254
323.7000 0.0255
325.9000 0.0256
327.5000 0.0258
330.9000 0.0259
332.7000 0.0260
335.0000 0.0261
336.6000 0.0263
336.7000 0.0264
337.9000 0.0265
338.0000 0.0266
338.6000 0.0268
338.7000 0.0269
339.6000 0.0270
342.5000 0.0271
343.2000 0.0273
343.5000 0.0274
343.6000 0.0275
344.2000 0.0277
344.2000 0.0278
344.3000 0.0279
345.2000 0.0280
347.6000 0.0282
348.0000 0.0283
349.5000 0.0284
352.4000 0.0285
354.4000 0.0287
354.9000 0.0288
355.0000 0.0289
357.5000 0.0290
359.3000 0.0292
361.3000 0.0293
362.8000 0.0294
364.3000 0.0295
367.3000 0.0297
367.4000 0.0298
368.2000 0.0299
370.1000 0.0301
370.9000 0.0302
371.1000 0.0303
371.2000 0.0304
371.3000 0.0306
371.4000 0.0307
372.6000 0.0308
374.0000 0.0309
376.6000 0.0311
378.1000 0.0312
378.4000 0.0313
379.6000 0.0314
382.7000 0.0316
383.2000 0.0317
385.2000 0.0318
385.6000 0.0319
386.2000 0.0321
386.2000 0.0322
386.2000 0.0323
386.6000 0.0324
389.1000 0.0326
389.3000 0.0327
392.0000 0.0328
392.1000 0.0330
393.0000 0.0331
394.1000 0.0332
394.4000 0.0333
395.9000 0.0335
396.8000 0.0336
399.5000 0.0337
400.0000 0.0338
405.2000 0.0340
405.2000 0.0341
405.5000 0.0342
406.8000 0.0343
407.6000 0.0345
408.5000 0.0346
410.6000 0.0347
411.7000 0.0348
412.3000 0.0350
412.6000 0.0351
413.0000 0.0352
413.6000 0.0354
414.4000 0.0355
418.9000 0.0356
419.3000 0.0357
419.8000 0.0359
420.7000 0.0360
421.9000 0.0361
422.3000 0.0362
422.4000 0.0364
423.3000 0.0365
424.7000 0.0366
424.7000 0.0367
426.9000 0.0369
428.2000 0.0370
428.3000 0.0371
429.5000 0.0372
429.7000 0.0374
430.0000 0.0375
430.4000 0.0376
430.6000 0.0378
431.1000 0.0379
432.0000 0.0380
432.4000 0.0381
432.5000 0.0383
436.5000 0.0384
436.9000 0.0385
437.3000 0.0386
437.6000 0.0388
438.2000 0.0389
438.3000 0.0390
438.7000 0.0391
438.8000 0.0393
439.8000 0.0394
440.5000 0.0395
440.8000 0.0396
442.2000 0.0398
445.5000 0.0399
445.6000 0.0400
447.4000 0.0402
449.2000 0.0403
449.8000 0.0404
450.5000 0.0405
450.8000 0.0407
455.5000 0.0408
455.5000 0.0409
457.2000 0.0410
458.7000 0.0412
459.3000 0.0413
459.7000 0.0414
460.0000 0.0415
460.7000 0.0417
463.9000 0.0418
468.2000 0.0419
470.1000 0.0420
472.8000 0.0422
473.3000 0.0423
474.5000 0.0424
474.8000 0.0426
474.9000 0.0427
475.0000 0.0428
475.4000 0.0429
477.1000 0.0431
477.3000 0.0432
479.2000 0.0433
479.3000 0.0434
480.0000 0.0436
481.3000 0.0437
481.8000 0.0438
482.5000 0.0439
484.4000 0.0441
484.7000 0.0442
485.3000 0.0443
485.5000 0.0444
485.6000 0.0446
486.5000 0.0447
486.9000 0.0448
487.2000 0.0449
487.7000 0.0451
489.0000 0.0452
489.1000 0.0453
489.6000 0.0455
494.0000 0.0456
494.8000 0.0457
495.1000 0.0458
495.4000 0.0460
495.6000 0.0461
495.7000 0.0462
496.4000 0.0463
497.5000 0.0465
498.2000 0.0466
498.2000 0.0467
499.4000 0.0468
500.5000 0.0470
500.9000 0.0471
502.6000 0.0472
502.8000 0.0473
505.1000 0.0475
505.2000 0.0476
507.7000 0.0477
508.0000 0.0479
509.1000 0.0480
509.6000 0.0481
511.0000 0.0482
512.9000 0.0484
513.7000 0.0485
515.1000 0.0486
516.2000 0.0487
517.4000 0.0489
519.1000 0.0490
519.5000 0.0491
519.7000 0.0492
519.9000 0.0494
520.9000 0.0495
522.1000 0.0496
523.1000 0.0497
523.3000 0.0499
526.3000 0.0500
526.7000 0.0501
528.5000 0.0503
528.6000 0.0504
529.2000 0.0505
529.8000 0.0506
530.1000 0.0508
530.4000 0.0509
530.5000 0.0510
531.2000 0.0511
533.3000 0.0513
534.7000 0.0514
536.1000 0.0515
537.2000 0.0516
537.6000 0.0518
538.6000 0.0519
539.8000 0.0520
540.0000 0.0521
540.8000 0.0523
541.8000 0.0524
544.5000 0.0525
544.7000 0.0527
545.2000 0.0528
547.3000 0.0529
547.4000 0.0530
547.5000 0.0532
547.5000 0.0533
548.2000 0.0534
550.7000 0.0535
550.8000 0.0537
552.3000 0.0538
555.3000 0.0539
555.4000 0.0540
557.2000 0.0542
557.8000 0.0543
557.8000 0.0544
559.2000 0.0545
561.7000 0.0547
561.8000 0.0548
562.8000 0.0549
562.9000 0.0551
563.4000 0.0552
565.3000 0.0553
565.5000 0.0554
566.5000 0.0556
568.5000 0.0557
568.8000 0.0558
571.4000 0.0559
572.6000 0.0561
572.6000 0.0562
572.6000 0.0563
573.1000 0.0564
573.6000 0.0566
573.6000 0.0567
574.5000 0.0568
576.0000 0.0569
576.1000 0.0571
576.3000 0.0572
576.4000 0.0573
577.1000 0.0574
577.3000 0.0576
578.1000 0.0577
578.3000 0.0578
578.4000 0.0580
578.8000 0.0581
579.6000 0.0582
580.0000 0.0583
581.0000 0.0585
581.7000 0.0586
582.1000 0.0587
582.4000 0.0588
582.6000 0.0590
583.5000 0.0591
583.6000 0.0592
584.5000 0.0593
585.4000 0.0595
586.0000 0.0596
586.8000 0.0597
588.2000 0.0598
589.6000 0.0600
589.7000 0.0601
591.6000 0.0602
592.1000 0.0604
592.6000 0.0605
593.5000 0.0606
593.5000 0.0607
593.6000 0.0609
593.9000 0.0610
594.1000 0.0611
594.2000 0.0612
594.3000 0.0614
594.4000 0.0615
596.4000 0.0616
599.3000 0.0617
599.7000 0.0619
600.0000 0.0620
600.9000 0.0621
601.1000 0.0622
601.3000 0.0624
601.9000 0.0625
601.9000 0.0626
602.5000 0.0628
603.6000 0.0629
604.5000 0.0630
604.6000 0.0631
605.2000 0.0633
606.5000 0.0634
606.7000 0.0635
607.7000 0.0636
607.7000 0.0638
607.8000 0.0639
607.9000 0.0640
608.8000 0.0641
609.6000 0.0643
610.0000 0.0644
610.1000 0.0645
610.5000 0.0646
611.3000 0.0648
611.4000 0.0649
611.5000 0.0650
612.9000 0.0652
612.9000 0.0653
614.0000 0.0654
614.3000 0.0655
616.3000 0.0657
616.7000 0.0658
618.2000 0.0659
618.3000 0.0660
620.0000 0.0662
621.3000 0.0663
621.3000 0.0664
622.6000 0.0665
622.7000 0.0667
624.9000 0.0668
626.5000 0.0669
627.2000 0.0670
627.4000 0.0672
627.6000 0.0673
627.7000 0.0674
630.4000 0.0676
631.1000 0.0677
631.7000 0.0678
631.8000 0.0679
634.1000 0.0681
634.7000 0.0682
634.9000 0.0683
635.2000 0.0684
635.6000 0.0686
635.8000 0.0687
639.1000 0.0688
639.5000 0.0689
639.8000 0.0691
641.7000 0.0692
644.4000 0.0693
646.6000 0.0694
647.4000 0.0696
648.7000 0.0697
648.8000 0.0698
652.6000 0.0699
652.6000 0.0701
653.4000 0.0702
654.1000 0.0703
654.7000 0.0705
654.9000 0.0706
655.6000 0.0707
657.1000 0.0708
657.4000 0.0710
657.4000 0.0711
657.6000 0.0712
659.7000 0.0713
659.7000 0.0715
660.5000 0.0716
663.8000 0.0717
669.8000 0.0718
672.9000 0.0720
673.7000 0.0721
674.6000 0.0722
675.1000 0.0723
675.5000 0.0725
675.6000 0.0726
676.4000 0.0727
678.4000 0.0729
678.7000 0.0730
679.4000 0.0731
679.5000 0.0732
680.9000 0.0734
681.5000 0.0735
683.7000 0.0736
683.7000 0.0737
683.9000 0.0739
686.5000 0.0740
686.5000 0.0741
686.6000 0.0742
687.8000 0.0744
689.5000 0.0745
689.8000 0.0746
691.1000 0.0747
691.7000 0.0749
692.5000 0.0750
693.7000 0.0751
694.1000 0.0753
696.8000 0.0754
698.4000 0.0755
699.6000 0.0756
699.8000 0.0758
700.3000 0.0759
702.3000 0.0760
703.0000 0.0761
703.1000 0.0763
703.7000 0.0764
704.4000 0.0765
705.9000 0.0766
706.7000 0.0768
710.2000 0.0769
710.6000 0.0770
712.7000 0.0771
713.8000 0.0773
713.8000 0.0774
713.9000 0.0775
717.2000 0.0777
717.5000 0.0778
717.6000 0.0779
717.7000 0.0780
718.5000 0.0782
718.6000 0.0783
720.7000 0.0784
721.5000 0.0785
721.6000 0.0787
723.0000 0.0788
723.7000 0.0789
725.0000 0.0790
725.5000 0.0792
726.5000 0.0793
727.5000 0.0794
727.5000 0.0795
727.8000 0.0797
728.7000 0.0798
729.8000 0.0799
732.2000 0.0801
732.6000 0.0802
734.1000 0.0803
734.3000 0.0804
734.3000 0.0806
737.4000 0.0807
739.9000 0.0808
740.0000 0.0809
741.3000 0.0811
741.4000 0.0812
742.2000 0.0813
743.8000 0.0814
744.8000 0.0816
746.2000 0.0817
747.0000 0.0818
747.5000 0.0819
748.7000 0.0821
749.9000 0.0822
750.9000 0.0823
751.5000 0.0824
752.8000 0.0826
753.3000 0.0827
754.7000 0.0828
754.9000 0.0830
755.2000 0.0831
758.3000 0.0832
758.7000 0.0833
758.8000 0.0835
758.9000 0.0836
759.4000 0.0837
759.6000 0.0838
760.3000 0.0840
760.4000 0.0841
761.3000 0.0842
761.3000 0.0843
761.7000 0.0845
762.3000 0.0846
762.7000 0.0847
764.1000 0.0848
765.9000 0.0850
766.2000 0.0851
766.3000 0.0852
766.8000 0.0854
767.2000 0.0855
767.8000 0.0856
767.9000 0.0857
768.2000 0.0859
768.6000 0.0860
768.7000 0.0861
769.0000 0.0862
769.4000 0.0864
769.5000 0.0865
770.2000 0.0866
770.7000 0.0867
771.3000 0.0869
771.4000 0.0870
773.5000 0.0871
774.8000 0.0872
776.6000 0.0874
777.6000 0.0875
779.3000 0.0876
779.5000 0.0878
779.5000 0.0879
779.6000 0.0880
780.6000 0.0881
780.8000 0.0883
782.0000 0.0884
782.9000 0.0885
784.0000 0.0886
784.9000 0.0888
786.5000 0.0889
787.4000 0.0890
788.2000 0.0891
790.5000 0.0893
793.5000 0.0894
796.6000 0.0895
797.4000 0.0896
797.5000 0.0898
798.8000 0.0899
799.2000 0.0900
799.7000 0.0902
800.1000 0.0903
801.2000 0.0904
801.6000 0.0905
801.6000 0.0907
802.2000 0.0908
803.4000 0.0909
803.7000 0.0910
803.9000 0.0912
804.3000 0.0913
805.3000 0.0914
805.6000 0.0915
806.3000 0.0917
808.4000 0.0918
808.5000 0.0919
809.1000 0.0920
809.1000 0.0922
810.4000 0.0923
812.5000 0.0924
814.6000 0.0926
814.6000 0.0927
814.6000 0.0928
817.0000 0.0929
817.6000 0.0931
817.9000 0.0932
821.6000 0.0933
821.9000 0.0934
822.3000 0.0936
823.6000 0.0937
825.6000 0.0938
827.7000 0.0939
827.8000 0.0941
827.8000 0.0942
828.2000 0.0943
829.3000 0.0944
829.7000 0.0946
830.0000 0.0947
830.7000 0.0948
831.3000 0.0949
833.1000 0.0951
833.2000 0.0952
835.2000 0.0953
836.2000 0.0955
837.5000 0.0956
837.7000 0.0957
838.0000 0.0958
838.2000 0.0960
839.3000 0.0961
840.1000 0.0962
840.9000 0.0963
842.6000 0.0965
843.2000 0.0966
844.2000 0.0967
844.9000 0.0968
845.4000 0.0970
846.8000 0.0971
847.0000 0.0972
848.0000 0.0973
848.8000 0.0975
849.0000 0.0976
851.2000 0.0977
851.6000 0.0979
852.3000 0.0980
853.3000 0.0981
853.5000 0.0982
854.9000 0.0984
856.9000 0.0985
857.9000 0.0986
858.1000 0.0987
858.6000 0.0989
858.7000 0.0990
860.0000 0.0991
860.3000 0.0992
861.4000 0.0994
862.4000 0.0995
862.5000 0.0996
864.7000 0.0997
866.0000 0.0999
867.3000 0.1000
868.3000 0.1001
870.0000 0.1003
871.7000 0.1004
873.2000 0.1005
873.9000 0.1006
874.7000 0.1008
875.5000 0.1009
875.7000 0.1010
875.9000 0.1011
877.6000 0.1013
879.3000 0.1014
879.5000 0.1015
883.2000 0.1016
883.6000 0.1018
884.5000 0.1019
884.8000 0.1020
885.7000 0.1021
887.1000 0.1023
887.6000 0.1024
893.1000 0.1025
893.3000 0.1027
895.8000 0.1028
896.1000 0.1029
896.4000 0.1030
897.6000 0.1032
898.2000 0.1033
899.0000 0.1034
899.4000 0.1035
900.0000 0.1037
900.2000 0.1038
900.3000 0.1039
901.0000 0.1040
901.4000 0.1042
903.4000 0.1043
903.6000 0.1044
904.0000 0.1045
904.8000 0.1047
905.2000 0.1048
906.5000 0.1049
906.6000 0.1051
907.6000 0.1052
908.2000 0.1053
909.3000 0.1054
909.4000 0.1056
910.0000 0.1057
911.5000 0.1058
911.9000 0.1059
912.1000 0.1061
912.3000 0.1062
913.1000 0.1063
913.6000 0.1064
913.8000 0.1066
914.7000 0.1067
915.0000 0.1068
915.5000 0.1069
916.0000 0.1071
917.6000 0.1072
919.8000 0.1073
921.0000 0.1074
923.5000 0.1076
924.9000 0.1077
927.8000 0.1078
928.7000 0.1080
929.4000 0.1081
929.6000 0.1082
929.6000 0.1083
930.4000 0.1085
930.7000 0.1086
932.1000 0.1087
934.1000 0.1088
935.7000 0.1090
938.6000 0.1091
938.8000 0.1092
939.7000 0.1093
939.8000 0.1095
940.2000 0.1096
943.9000 0.1097
944.5000 0.1098
945.5000 0.1100
945.6000 0.1101
945.7000 0.1102
946.4000 0.1104
948.7000 0.1105
949.1000 0.1106
950.0000 0.1107
950.2000 0.1109
950.2000 0.1110
950.7000 0.1111
952.7000 0.1112
952.8000 0.1114
953.4000 0.1115
953.6000 0.1116
954.5000 0.1117
955.0000 0.1119
955.7000 0.1120
956.5000 0.1121
957.6000 0.1122
959.1000 0.1124
959.5000 0.1125
962.6000 0.1126
962.8000 0.1128
963.4000 0.1129
963.4000 0.1130
966.2000 0.1131
966.4000 0.1133
969.0000 0.1134
970.6000 0.1135
970.7000 0.1136
970.9000 0.1138
971.5000 0.1139
971.7000 0.1140
971.9000 0.1141
972.8000 0.1143
973.3000 0.1144
974.5000 0.1145
974.6000 0.1146
975.5000 0.1148
977.3000 0.1149
977.4000 0.1150
977.5000 0.1152
977.5000 0.1153
978.1000 0.1154
980.1000 0.1155
980.8000 0.1157
981.3000 0.1158
983.5000 0.1159
984.3000 0.1160
984.3000 0.1162
985.2000 0.1163
986.5000 0.1164
990.1000 0.1165
991.2000 0.1167
992.5000 0.1168
992.8000 0.1169
994.3000 0.1170
995.9000 0.1172
997.7000 0.1173
998.1000 0.1174
999.4000 0.1176
999.5000 0.1177
999.8000 0.1178
1001.6000 0.1179
1003.5000 0.1181
1004.5000 0.1182
1004.8000 0.1183
1005.2000 0.1184
1005.8000 0.1186
1006.0000 0.1187
1007.3000 0.1188
1007.4000 0.1189
1008.4000 0.1191
1010.3000 0.1192
1010.5000 0.1193
1011.4000 0.1194
1012.3000 0.1196
1013.6000 0.1197
1013.7000 0.1198
1014.1000 0.1199
1014.6000 0.1201
1018.6000 0.1202
1018.7000 0.1203
1019.0000 0.1205
1019.1000 0.1206
1019.9000 0.1207
1020.0000 0.1208
1022.3000 0.1210
1024.1000 0.1211
1026.0000 0.1212
1026.4000 0.1213
1026.7000 0.1215
1028.2000 0.1216
1029.2000 0.1217
1030.5000 0.1218
1030.9000 0.1220
1032.4000 0.1221
1032.6000 0.1222
1033.1000 0.1223
1034.0000 0.1225
1034.2000 0.1226
1035.9000 0.1227
1036.5000 0.1229
1036.6000 0.1230
1036.7000 0.1231
1041.1000 0.1232
1043.8000 0.1234
1044.6000 0.1235
1044.7000 0.1236
1046.1000 0.1237
1047.6000 0.1239
1048.3000 0.1240
1049.3000 0.1241
1049.4000 0.1242
1049.9000 0.1244
1051.4000 0.1245
1052.2000 0.1246
1052.4000 0.1247
1052.9000 0.1249
1054.5000 0.1250
1055.4000 0.1251
1055.5000 0.1253
1056.3000 0.1254
1056.9000 0.1255
1057.8000 0.1256
1058.2000 0.1258
1060.0000 0.1259
1060.1000 0.1260
1062.6000 0.1261
1062.9000 0.1263
1063.6000 0.1264
1064.1000 0.1265
1065.3000 0.1266
1065.5000 0.1268
1067.8000 0.1269
1069.0000 0.1270
1070.7000 0.1271
1073.2000 0.1273
1073.8000 0.1274
1074.0000 0.1275
1074.2000 0.1277
1074.3000 0.1278
1074.4000 0.1279
1074.4000 0.1280
1075.0000 0.1282
1075.0000 0.1283
1084.3000 0.1284
1084.9000 0.1285
1085.9000 0.1287
1086.7000 0.1288
1088.3000 0.1289
1091.6000 0.1290
1092.2000 0.1292
1093.9000 0.1293
1096.5000 0.1294
1096.7000 0.1295
1097.3000 0.1297
1097.4000 0.1298
1097.5000 0.1299
1099.5000 0.1301
1100.5000 0.1302
1100.6000 0.1303
1100.9000 0.1304
1101.1000 0.1306
1101.1000 0.1307
1102.6000 0.1308
1102.9000 0.1309
1109.3000 0.1311
1110.3000 0.1312
1111.2000 0.1313
1111.4000 0.1314
1112.8000 0.1316
1113.3000 0.1317
1113.6000 0.1318
1114.3000 0.1319
1115.1000 0.1321
1117.0000 0.1322
1117.7000 0.1323
1118.0000 0.1324
1118.0000 0.1326
1118.2000 0.1327
1118.3000 0.1328
1118.6000 0.1330
1118.7000 0.1331
1119.0000 0.1332
1121.9000 0.1333
1122.8000 0.1335
1123.0000 0.1336
1124.2000 0.1337
1124.5000 0.1338
1125.6000 0.1340
1125.8000 0.1341
1128.5000 0.1342
1129.0000 0.1343
1132.4000 0.1345
1132.7000 0.1346
1132.9000 0.1347
1133.0000 0.1348
1133.0000 0.1350
1133.4000 0.1351
1133.5000 0.1352
1134.4000 0.1354
1135.1000 0.1355
1135.7000 0.1356
1135.8000 0.1357
1136.7000 0.1359
1137.3000 0.1360
1138.5000 0.1361
1138.6000 0.1362
1138.8000 0.1364
1141.2000 0.1365
1142.7000 0.1366
1143.2000 0.1367
1143.8000 0.1369
1146.4000 0.1370
1147.4000 0.1371
1149.0000 0.1372
1149.6000 0.1374
1149.9000 0.1375
1150.1000 0.1376
1150.4000 0.1378
1151.4000 0.1379
1152.5000 0.1380
1155.6000 0.1381
1157.8000 0.1383
1158.3000 0.1384
1158.6000 0.1385
1159.2000 0.1386
1159.7000 0.1388
1162.8000 0.1389
1163.8000 0.1390
1165.4000 0.1391
1166.5000 0.1393
1168.6000 0.1394
1168.8000 0.1395
1169.2000 0.1396
1169.7000 0.1398
1170.1000 0.1399
1172.0000 0.1400
1173.1000 0.1402
1175.2000 0.1403
1178.6000 0.1404
1178.8000 0.1405
1179.2000 0.1407
1179.5000 0.1408
1179.6000 0.1409
1180.4000 0.1410
1183.0000 0.1412
1183.6000 0.1413
1183.8000 0.1414
1187.2000 0.1415
1189.4000 0.1417
1189.5000 0.1418
1189.9000 0.1419
1190.7000 0.1420
1191.0000 0.1422
1191.1000 0.1423
1191.2000 0.1424
1191.4000 0.1426
1192.0000 0.1427
1192.5000 0.1428
1193.1000 0.1429
1193.4000 0.1431
1197.1000 0.1432
1199.5000 0.1433
1200.7000 0.1434
1200.9000 0.1436
1202.4000 0.1437
1202.8000 0.1438
1203.4000 0.1439
1204.3000 0.1441
1206.0000 0.1442
1209.1000 0.1443
1210.4000 0.1444
1210.6000 0.1446
1211.7000 0.1447
1213.4000 0.1448
1214.1000 0.1449
1218.4000 0.1451
1219.5000 0.1452
1219.6000 0.1453
1220.0000 0.1455
1221.0000 0.1456
1221.8000 0.1457
1224.5000 0.1458
1225.6000 0.1460
1227.4000 0.1461
1230.3000 0.1462
1231.2000 0.1463
1231.6000 0.1465
1232.5000 0.1466
1234.8000 0.1467
1235.9000 0.1468
1236.7000 0.1470
1237.9000 0.1471
1237.9000 0.1472
1238.2000 0.1473
1240.0000 0.1475
1242.7000 0.1476
1242.8000 0.1477
1242.8000 0.1479
1243.4000 0.1480
1243.7000 0.1481
1244.1000 0.1482
1244.3000 0.1484
1245.5000 0.1485
1248.1000 0.1486
1248.9000 0.1487
1249.5000 0.1489
1249.7000 0.1490
1250.5000 0.1491
1251.3000 0.1492
1251.4000 0.1494
1254.7000 0.1495
1254.8000 0.1496
1255.4000 0.1497
1255.9000 0.1499
1256.0000 0.1500
1256.4000 0.1501
1256.4000 0.1503
1256.4000 0.1504
1257.6000 0.1505
1258.2000 0.1506
1258.7000 0.1508
1259.2000 0.1509
1260.1000 0.1510
1260.1000 0.1511
1261.9000 0.1513
1266.1000 0.1514
1267.9000 0.1515
1268.0000 0.1516
1268.5000 0.1518
1268.5000 0.1519
1269.2000 0.1520
1269.5000 0.1521
1269.7000 0.1523
1270.1000 0.1524
1270.5000 0.1525
1270.6000 0.1527
1273.4000 0.1528
1275.5000 0.1529
1276.0000 0.1530
1276.6000 0.1532
1277.4000 0.1533
1277.5000 0.1534
1277.6000 0.1535
1279.9000 0.1537
1280.4000 0.1538
1280.6000 0.1539
1281.0000 0.1540
1281.7000 0.1542
1282.1000 0.1543
1282.8000 0.1544
1283.6000 0.1545
1284.2000 0.1547
1284.7000 0.1548
1285.8000 0.1549
1288.2000 0.1551
1290.6000 0.1552
1291.3000 0.1553
1292.0000 0.1554
1294.7000 0.1556
1296.0000 0.1557
1297.5000 0.1558
1298.6000 0.1559
1300.4000 0.1561
1301.3000 0.1562
1303.3000 0.1563
1303.9000 0.1564
1304.8000 0.1566
1304.9000 0.1567
1305.6000 0.1568
1306.4000 0.1569
1307.7000 0.1571
1308.3000 0.1572
1308.4000 0.1573
1309.0000 0.1574
1309.3000 0.1576
1310.0000 0.1577
1312.0000 0.1578
1312.4000 0.1580
1314.5000 0.1581
1317.5000 0.1582
1317.7000 0.1583
1317.8000 0.1585
1318.6000 0.1586
1319.0000 0.1587
1320.2000 0.1588
1322.1000 0.1590
1322.5000 0.1591
1322.5000 0.1592
1322.6000 0.1593
1323.0000 0.1595
1323.3000 0.1596
1323.4000 0.1597
1324.6000 0.1598
1326.4000 0.1600
1327.4000 0.1601
1327.4000 0.1602
1327.7000 0.1604
1328.3000 0.1605
1328.5000 0.1606
1331.2000 0.1607
1331.4000 0.1609
1331.7000 0.1610
1332.0000 0.1611
1333.3000 0.1612
1334.4000 0.1614
1337.2000 0.1615
1344.2000 0.1616
1344.9000 0.1617
1346.6000 0.1619
1347.4000 0.1620
1347.5000 0.1621
1348.9000 0.1622
1352.6000 0.1624
1353.5000 0.1625
1354.5000 0.1626
1356.1000 0.1628
1359.4000 0.1629
1361.3000 0.1630
1362.3000 0.1631
1364.4000 0.1633
1366.2000 0.1634
1366.9000 0.1635
1367.2000 0.1636
1368.3000 0.1638
1369.3000 0.1639
1369.6000 0.1640
1370.1000 0.1641
1371.0000 0.1643
1371.3000 0.1644
1372.1000 0.1645
1372.2000 0.1646
1372.7000 0.1648
1373.0000 0.1649
1374.8000 0.1650
1374.9000 0.1652
1375.2000 0.1653
1377.2000 0.1654
1377.5000 0.1655
1381.0000 0.1657
1381.3000 0.1658
1381.5000 0.1659
1381.9000 0.1660
1381.9000 0.1662
1384.4000 0.1663
1385.7000 0.1664
1386.6000 0.1665
1388.8000 0.1667
1390.3000 0.1668
1391.1000 0.1669
1393.9000 0.1670
1394.7000 0.1672
1395.3000 0.1673
1395.7000 0.1674
1397.3000 0.1676
1397.7000 0.1677
1398.9000 0.1678
1399.6000 0.1679
1400.0000 0.1681
1403.7000 0.1682
1404.5000 0.1683
1405.4000 0.1684
1410.2000 0.1686
1410.4000 0.1687
1413.1000 0.1688
1414.9000 0.1689
1416.1000 0.1691
1416.6000 0.1692
1419.4000 0.1693
1419.9000 0.1694
1420.2000 0.1696
1421.1000 0.1697
1421.1000 0.1698
1422.2000 0.1699
1422.7000 0.1701
1424.4000 0.1702
1424.5000 0.1703
1424.7000 0.1705
1425.8000 0.1706
1429.1000 0.1707
1431.6000 0.1708
1432.8000 0.1710
1433.1000 0.1711
1439.2000 0.1712
1439.3000 0.1713
1440.0000 0.1715
1440.5000 0.1716
1442.0000 0.1717
1442.6000 0.1718
1443.1000 0.1720
1443.6000 0.1721
1444.9000 0.1722
1447.9000 0.1723
1449.4000 0.1725
1449.8000 0.1726
1450.4000 0.1727
1450.9000 0.1729
1451.3000 0.1730
1451.7000 0.1731
1452.8000 0.1732
1453.3000 0.1734
1453.9000 0.1735
1455.7000 0.1736
1457.4000 0.1737
1462.1000 0.1739
1462.5000 0.1740
1463.7000 0.1741
1465.5000 0.1742
1466.1000 0.1744
1466.3000 0.1745
1466.4000 0.1746
1466.4000 0.1747
1468.0000 0.1749
1470.6000 0.1750
1470.6000 0.1751
1474.7000 0.1753
1474.8000 0.1754
1476.4000 0.1755
1476.6000 0.1756
1476.8000 0.1758
1477.0000 0.1759
1477.4000 0.1760
1477.7000 0.1761
1477.7000 0.1763
1478.5000 0.1764
1478.6000 0.1765
1480.6000 0.1766
1481.1000 0.1768
1487.7000 0.1769
1487.7000 0.1770
1487.9000 0.1771
1488.4000 0.1773
1490.3000 0.1774
1490.6000 0.1775
1491.3000 0.1777
1491.4000 0.1778
1492.4000 0.1779
1492.5000 0.1780
1492.8000 0.1782
1493.4000 0.1783
1494.0000 0.1784
1494.5000 0.1785
1494.8000 0.1787
1495.0000 0.1788
1495.2000 0.1789
1497.2000 0.1790
1497.8000 0.1792
1498.0000 0.1793
1499.2000 0.1794
1503.3000 0.1795
1503.5000 0.1797
1503.7000 0.1798
1505.6000 0.1799
1505.9000 0.1801
1507.8000 0.1802
1508.2000 0.1803
1510.4000 0.1804
1512.1000 0.1806
1512.5000 0.1807
1512.5000 0.1808
1512.7000 0.1809
1512.9000 0.1811
1513.4000 0.1812
1514.4000 0.1813
1514.6000 0.1814
1515.9000 0.1816
1516.0000 0.1817
1517.8000 0.1818
1522.5000 0.1819
1522.5000 0.1821
1524.9000 0.1822
1529.3000 0.1823
1529.5000 0.1824
1530.7000 0.1826
1531.2000 0.1827
1531.9000 0.1828
1532.3000 0.1830
1533.6000 0.1831
1535.5000 0.1832
1536.0000 0.1833
1536.7000 0.1835
1538.0000 0.1836
1540.4000 0.1837
1540.7000 0.1838
1545.0000 0.1840
1546.1000 0.1841
1548.8000 0.1842
1550.0000 0.1843
1551.8000 0.1845
1552.2000 0.1846
1553.5000 0.1847
1555.6000 0.1848
1555.9000 0.1850
1556.1000 0.1851
1557.7000 0.1852
1557.7000 0.1854
1558.0000 0.1855
1558.2000 0.1856
1561.4000 0.1857
1562.1000 0.1859
1562.4000 0.1860
1562.5000 0.1861
1563.2000 0.1862
1563.5000 0.1864
1565.4000 0.1865
1566.2000 0.1866
1567.8000 0.1867
1569.4000 0.1869
1572.7000 0.1870
1577.4000 0.1871
1579.1000 0.1872
1579.8000 0.1874
1580.1000 0.1875
1581.7000 0.1876
1582.2000 0.1878
1583.2000 0.1879
1583.2000 0.1880
1584.3000 0.1881
1584.8000 0.1883
1585.7000 0.1884
1586.4000 0.1885
1587.3000 0.1886
1588.1000 0.1888
1588.2000 0.1889
1588.6000 0.1890
1589.5000 0.1891
1591.5000 0.1893
1594.7000 0.1894
1594.9000 0.1895
1596.3000 0.1896
1596.5000 0.1898
1597.5000 0.1899
1597.8000 0.1900
1598.0000 0.1902
1598.9000 0.1903
1600.4000 0.1904
1600.5000 0.1905
1600.5000 0.1907
1604.8000 0.1908
1605.5000 0.1909
1606.6000 0.1910
1607.3000 0.1912
1607.9000 0.1913
1608.0000 0.1914
1609.4000 0.1915
1610.0000 0.1917
1611.0000 0.1918
1617.2000 0.1919
1617.7000 0.1920
1620.5000 0.1922
1621.2000 0.1923
1622.3000 0.1924
1626.7000 0.1926
1629.5000 0.1927
1629.9000 0.1928
1632.6000 0.1929
1633.2000 0.1931
1635.8000 0.1932
1638.9000 0.1933
1639.1000 0.1934
1639.4000 0.1936
1645.4000 0.1937
1648.4000 0.1938
1651.5000 0.1939
1652.8000 0.1941
1654.5000 0.1942
1658.2000 0.1943
1658.3000 0.1944
1659.7000 0.1946
1662.8000 0.1947
1664.4000 0.1948
1665.8000 0.1949
1668.2000 0.1951
1668.5000 0.1952
1669.2000 0.1953
1670.0000 0.1955
1672.5000 0.1956
1672.7000 0.1957
1673.3000 0.1958
1674.0000 0.1960
1675.0000 0.1961
1675.1000 0.1962
1677.3000 0.1963
1680.5000 0.1965
1680.8000 0.1966
1680.9000 0.1967
1683.2000 0.1968
1683.2000 0.1970
1683.5000 0.1971
1684.2000 0.1972
1685.3000 0.1973
1685.5000 0.1975
1687.9000 0.1976
1688.3000 0.1977
1693.1000 0.1979
1693.7000 0.1980
1697.6000 0.1981
1700.3000 0.1982
1707.2000 0.1984
1708.4000 0.1985
1709.0000 0.1986
1709.7000 0.1987
1712.8000 0.1989
1717.6000 0.1990
1719.1000 0.1991
1720.5000 0.1992
1721.4000 0.1994
1722.0000 0.1995
1722.3000 0.1996
1723.7000 0.1997
1725.3000 0.1999
1726.7000 0.2000
1729.5000 0.2001
1730.4000 0.2003
1733.9000 0.2004
1734.8000 0.2005
1737.9000 0.2006
1739.8000 0.2008
1741.2000 0.2009
1741.7000 0.2010
1742.6000 0.2011
1742.7000 0.2013
1742.7000 0.2014
1742.8000 0.2015
1743.2000 0.2016
1748.6000 0.2018
1749.7000 0.2019
1751.4000 0.2020
1753.3000 0.2021
1754.0000 0.2023
1755.7000 0.2024
1756.0000 0.2025
1756.2000 0.2027
1756.5000 0.2028
1759.0000 0.2029
1759.5000 0.2030
1760.3000 0.2032
1761.5000 0.2033
1762.6000 0.2034
1763.4000 0.2035
1763.8000 0.2037
1764.1000 0.2038
1770.6000 0.2039
1771.5000 0.2040
1773.5000 0.2042
1773.6000 0.2043
1774.0000 0.2044
1775.6000 0.2045
1776.0000 0.2047
1778.2000 0.2048
1779.2000 0.2049
1780.7000 0.2051
1782.3000 0.2052
1791.1000 0.2053
1793.6000 0.2054
1793.6000 0.2056
1795.4000 0.2057
1795.6000 0.2058
1795.6000 0.2059
1800.5000 0.2061
1801.0000 0.2062
1801.6000 0.2063
1803.3000 0.2064
1803.5000 0.2066
1805.5000 0.2067
1805.7000 0.2068
1807.7000 0.2069
1808.4000 0.2071
1815.1000 0.2072
1827.6000 0.2073
1828.1000 0.2074
1830.6000 0.2076
1832.4000 0.2077
1837.3000 0.2078
1837.4000 0.2080
1839.7000 0.2081
1840.6000 0.2082
1840.9000 0.2083
1842.7000 0.2085
1843.4000 0.2086
1844.8000 0.2087
1852.1000 0.2088
1853.4000 0.2090
1853.5000 0.2091
1854.0000 0.2092
1855.3000 0.2093
1857.7000 0.2095
1859.5000 0.2096
1860.0000 0.2097
1861.3000 0.2098
1865.7000 0.2100
1871.2000 0.2101
1873.0000 0.2102
1873.3000 0.2104
1875.5000 0.2105
1876.1000 0.2106
1876.3000 0.2107
1877.6000 0.2109
1882.4000 0.2110
1882.5000 0.2111
1883.3000 0.2112
1883.8000 0.2114
1885.5000 0.2115
1894.6000 0.2116
1894.7000 0.2117
1895.5000 0.2119
1896.2000 0.2120
1897.6000 0.2121
1898.4000 0.2122
1899.0000 0.2124
1901.2000 0.2125
1902.4000 0.2126
1902.9000 0.2128
1907.2000 0.2129
1911.5000 0.2130
1912.0000 0.2131
1913.1000 0.2133
1916.3000 0.2134
1919.8000 0.2135
1921.3000 0.2136
1922.0000 0.2138
1923.3000 0.2139
1926.5000 0.2140
1930.0000 0.2141
1931.1000 0.2143
1932.7000 0.2144
1933.2000 0.2145
1933.8000 0.2146
1934.2000 0.2148
1934.9000 0.2149
1936.1000 0.2150
1937.1000 0.2152
1938.0000 0.2153
1938.7000 0.2154
1943.2000 0.2155
1943.8000 0.2157
1944.3000 0.2158
1946.2000 0.2159
1947.8000 0.2160
1949.4000 0.2162
1954.5000 0.2163
1955.5000 0.2164
1957.6000 0.2165
1959.7000 0.2167
1960.1000 0.2168
1964.1000 0.2169
1965.8000 0.2170
1967.2000 0.2172
1968.4000 0.2173
1968.9000 0.2174
1968.9000 0.2176
1969.9000 0.2177
1969.9000 0.2178
1977.3000 0.2179
1978.2000 0.2181
1978.5000 0.2182
1980.5000 0.2183
1989.5000 0.2184
1995.7000 0.2186
1999.1000 0.2187
2000.0000 0.2188
2002.4000 0.2189
2002.6000 0.2191
2006.4000 0.2192
2006.4000 0.2193
2008.8000 0.2194
2013.5000 0.2196
2016.8000 0.2197
2019.9000 0.2198
2022.4000 0.2199
2023.8000 0.2201
2027.5000 0.2202
2027.7000 0.2203
2028.0000 0.2205
2033.1000 0.2206
2034.1000 0.2207
2034.3000 0.2208
2036.7000 0.2210
2039.3000 0.2211
2040.0000 0.2212
2040.6000 0.2213
2044.2000 0.2215
2044.7000 0.2216
2048.6000 0.2217
2049.8000 0.2218
2050.7000 0.2220
2054.1000 0.2221
2054.3000 0.2222
2056.6000 0.2223
2060.5000 0.2225
2061.3000 0.2226
2066.0000 0.2227
2068.0000 0.2229
2070.7000 0.2230
2073.5000 0.2231
2076.4000 0.2232
2081.2000 0.2234
2084.4000 0.2235
2085.8000 0.2236
2088.5000 0.2237
2089.3000 0.2239
2089.6000 0.2240
2089.8000 0.2241
2100.3000 0.2242
2101.3000 0.2244
2102.7000 0.2245
2105.6000 0.2246
2108.0000 0.2247
2108.0000 0.2249
2109.7000 0.2250
2111.2000 0.2251
2114.5000 0.2253
2117.0000 0.2254
2119.0000 0.2255
2119.6000 0.2256
2124.4000 0.2258
2124.5000 0.2259
2126.0000 0.2260
2127.2000 0.2261
2128.4000 0.2263
2132.4000 0.2264
2132.5000 0.2265
2135.5000 0.2266
2138.7000 0.2268
2139.8000 0.2269
2140.4000 0.2270
2143.6000 0.2271
2143.7000 0.2273
2145.5000 0.2274
2148.6000 0.2275
2148.8000 0.2277
2150.4000 0.2278
2150.5000 0.2279
2152.3000 0.2280
2153.4000 0.2282
2153.7000 0.2283
2159.1000 0.2284
2164.6000 0.2285
2167.7000 0.2287
2176.6000 0.2288
2178.7000 0.2289
2179.1000 0.2290
2180.0000 0.2292
2183.3000 0.2293
2192.7000 0.2294
2194.6000 0.2295
2195.8000 0.2297
2204.0000 0.2298
2204.7000 0.2299
2205.4000 0.2301
2207.3000 0.2302
2212.5000 0.2303
2215.4000 0.2304
2217.4000 0.2306
2219.2000 0.2307
2222.0000 0.2308
2223.8000 0.2309
2223.8000 0.2311
2228.0000 0.2312
2228.3000 0.2313
2229.6000 0.2314
2230.6000 0.2316
2235.3000 0.2317
2237.1000 0.2318
2242.2000 0.2319
2243.7000 0.2321
2243.7000 0.2322
2246.0000 0.2323
2247.5000 0.2324
2249.0000 0.2326
2250.5000 0.2327
2254.5000 0.2328
2259.3000 0.2330
2260.6000 0.2331
2261.5000 0.2332
2263.6000 0.2333
2271.6000 0.2335
2273.2000 0.2336
2274.0000 0.2337
2277.7000 0.2338
2278.2000 0.2340
2279.8000 0.2341
2280.1000 0.2342
2283.5000 0.2343
2289.1000 0.2345
2298.5000 0.2346
2302.8000 0.2347
2303.7000 0.2348
2305.1000 0.2350
2305.3000 0.2351
2307.2000 0.2352
2311.2000 0.2354
2312.2000 0.2355
2315.5000 0.2356
2316.0000 0.2357
2320.6000 0.2359
2321.6000 0.2360
2326.3000 0.2361
2327.4000 0.2362
2332.6000 0.2364
2333.0000 0.2365
2334.0000 0.2366
2341.1000 0.2367
2343.2000 0.2369
2343.8000 0.2370
2344.9000 0.2371
2347.0000 0.2372
2349.5000 0.2374
2356.3000 0.2375
2358.7000 0.2376
2362.4000 0.2378
2365.0000 0.2379
2367.1000 0.2380
2367.7000 0.2381
2374.8000 0.2383
2377.8000 0.2384
2378.2000 0.2385
2380.1000 0.2386
2383.1000 0.2388
2383.6000 0.2389
2387.4000 0.2390
2394.8000 0.2391
2395.6000 0.2393
2397.4000 0.2394
2402.5000 0.2395
2406.3000 0.2396
2408.3000 0.2398
2408.8000 0.2399
2410.3000 0.2400
2410.7000 0.2402
2417.6000 0.2403
2418.4000 0.2404
2419.7000 0.2405
2420.2000 0.2407
2422.5000 0.2408
2423.6000 0.2409
2428.5000 0.2410
2430.0000 0.2412
2433.2000 0.2413
2433.3000 0.2414
2440.0000 0.2415
2441.1000 0.2417
2443.6000 0.2418
2445.0000 0.2419
2445.5000 0.2420
2446.5000 0.2422
2447.4000 0.2423
2451.0000 0.2424
2453.9000 0.2426
2456.4000 0.2427
2461.4000 0.2428
2468.7000 0.2429
2468.7000 0.2431
2468.9000 0.2432
2474.6000 0.2433
2483.3000 0.2434
2486.4000 0.2436
2492.1000 0.2437
2493.0000 0.2438
2493.7000 0.2439
2494.2000 0.2441
2498.1000 0.2442
2502.2000 0.2443
2503.3000 0.2444
2506.7000 0.2446
2513.3000 0.2447
2517.0000 0.2448
2519.7000 0.2449
2521.2000 0.2451
2521.9000 0.2452
2522.4000 0.2453
2523.6000 0.2455
2524.8000 0.2456
2528.8000 0.2457
2530.6000 0.2458
2534.4000 0.2460
2538.7000 0.2461
2542.5000 0.2462
2543.3000 0.2463
2546.1000 0.2465
2552.1000 0.2466
2554.6000 0.2467
2555.2000 0.2468
2555.6000 0.2470
2563.1000 0.2471
2566.8000 0.2472
2569.7000 0.2473
2573.3000 0.2475
2574.9000 0.2476
2576.3000 0.2477
2580.1000 0.2479
2582.2000 0.2480
2583.2000 0.2481
2585.7000 0.2482
2586.2000 0.2484
2589.3000 0.2485
2589.6000 0.2486
2589.7000 0.2487
2589.7000 0.2489
2597.4000 0.2490
2597.6000 0.2491
2598.1000 0.2492
2599.4000 0.2494
2600.2000 0.2495
2601.6000 0.2496
2605.4000 0.2497
2605.8000 0.2499
2612.0000 0.2500
2622.6000 0.2501
2622.6000 0.2503
2625.7000 0.2504
2635.2000 0.2505
2642.5000 0.2506
2647.7000 0.2508
2648.2000 0.2509
2649.4000 0.2510
2650.6000 0.2511
2655.8000 0.2513
2663.2000 0.2514
2665.7000 0.2515
2666.3000 0.2516
2671.2000 0.2518
2681.5000 0.2519
2682.2000 0.2520
2686.6000 0.2521
2687.4000 0.2523
2695.5000 0.2524
2709.9000 0.2525
2716.7000 0.2527
2723.7000 0.2528
2725.1000 0.2529
2728.1000 0.2530
2731.2000 0.2532
2733.1000 0.2533
2733.8000 0.2534
2734.5000 0.2535
2738.1000 0.2537
2738.5000 0.2538
2738.9000 0.2539
2749.6000 0.2540
2756.7000 0.2542
2766.8000 0.2543
2767.9000 0.2544
2771.5000 0.2545
2773.6000 0.2547
2775.4000 0.2548
2776.4000 0.2549
2777.5000 0.2551
2780.6000 0.2552
2781.7000 0.2553
2782.8000 0.2554
2787.2000 0.2556
2793.6000 0.2557
2805.3000 0.2558
2806.3000 0.2559
2806.5000 0.2561
2813.0000 0.2562
2824.8000 0.2563
2825.5000 0.2564
2830.6000 0.2566
2833.5000 0.2567
2833.5000 0.2568
2833.7000 0.2569
2836.6000 0.2571
2844.2000 0.2572
2844.8000 0.2573
2849.7000 0.2574
2858.2000 0.2576
2858.2000 0.2577
2858.6000 0.2578
2862.2000 0.2580
2865.7000 0.2581
2868.5000 0.2582
2870.7000 0.2583
2872.7000 0.2585
2875.1000 0.2586
2885.6000 0.2587
2890.8000 0.2588
2897.0000 0.2590
2901.7000 0.2591
2903.7000 0.2592
2906.1000 0.2593
2907.6000 0.2595
2909.6000 0.2596
2909.6000 0.2597
2919.1000 0.2598
2919.7000 0.2600
2921.1000 0.2601
2930.1000 0.2602
2941.8000 0.2604
2942.8000 0.2605
2943.8000 0.2606
2945.7000 0.2607
2950.7000 0.2609
2951.8000 0.2610
2954.0000 0.2611
2959.5000 0.2612
2964.1000 0.2614
2964.6000 0.2615
2967.2000 0.2616
2971.5000 0.2617
2975.8000 0.2619
2978.8000 0.2620
2979.6000 0.2621
2984.5000 0.2622
2986.3000 0.2624
2986.7000 0.2625
2988.5000 0.2626
2988.6000 0.2628
2992.4000 0.2629
2992.6000 0.2630
2994.5000 0.2631
2996.8000 0.2633
2998.3000 0.2634
3000.0000 0.2635
3000.4000 0.2636
3001.1000 0.2638
3003.4000 0.2639
3009.4000 0.2640
3009.8000 0.2641
3012.5000 0.2643
3012.7000 0.2644
3013.3000 0.2645
3018.7000 0.2646
3019.0000 0.2648
3036.5000 0.2649
3037.3000 0.2650
3040.8000 0.2652
3042.6000 0.2653
3045.9000 0.2654
3067.8000 0.2655
3068.4000 0.2657
3074.2000 0.2658
3080.5000 0.2659
3081.7000 0.2660
3088.5000 0.2662
3088.6000 0.2663
3103.5000 0.2664
3113.4000 0.2665
3119.6000 0.2667
3120.5000 0.2668
3123.8000 0.2669
3127.4000 0.2670
3129.0000 0.2672
3129.2000 0.2673
3130.6000 0.2674
3131.0000 0.2676
3131.8000 0.2677
3133.7000 0.2678
3134.3000 0.2679
3134.4000 0.2681
3134.6000 0.2682
3136.7000 0.2683
3137.0000 0.2684
3137.8000 0.2686
3140.5000 0.2687
3143.5000 0.2688
3153.7000 0.2689
3155.6000 0.2691
3156.1000 0.2692
3159.3000 0.2693
3167.3000 0.2694
3171.7000 0.2696
3172.4000 0.2697
3174.6000 0.2698
3179.2000 0.2699
3179.4000 0.2701
3182.1000 0.2702
3182.6000 0.2703
3192.6000 0.2705
3192.7000 0.2706
3193.5000 0.2707
3203.3000 0.2708
3203.5000 0.2710
3205.4000 0.2711
3208.7000 0.2712
3209.9000 0.2713
3213.0000 0.2715
3213.2000 0.2716
3215.1000 0.2717
3216.6000 0.2718
3218.8000 0.2720
3223.6000 0.2721
3226.2000 0.2722
3231.1000 0.2723
3233.5000 0.2725
3237.0000 0.2726
3239.6000 0.2727
3241.1000 0.2729
3248.4000 0.2730
3248.8000 0.2731
3251.7000 0.2732
3253.3000 0.2734
3254.5000 0.2735
3257.9000 0.2736
3260.0000 0.2737
3262.5000 0.2739
3265.1000 0.2740
3271.5000 0.2741
3271.8000 0.2742
3274.2000 0.2744
3275.6000 0.2745
3277.3000 0.2746
3277.6000 0.2747
3278.8000 0.2749
3279.2000 0.2750
3280.6000 0.2751
3294.4000 0.2753
3303.7000 0.2754
3304.5000 0.2755
3304.6000 0.2756
3308.3000 0.2758
3313.7000 0.2759
3314.5000 0.2760
3316.6000 0.2761
3322.8000 0.2763
3328.2000 0.2764
3329.5000 0.2765
3331.0000 0.2766
3333.6000 0.2768
3335.6000 0.2769
3340.1000 0.2770
3340.8000 0.2771
3344.1000 0.2773
3346.2000 0.2774
3351.6000 0.2775
3355.7000 0.2777
3356.2000 0.2778
3360.5000 0.2779
3361.2000 0.2780
3362.9000 0.2782
3365.6000 0.2783
3365.7000 0.2784
3370.9000 0.2785
3370.9000 0.2787
3373.9000 0.2788
3375.3000 0.2789
3388.6000 0.2790
3398.3000 0.2792
3402.0000 0.2793
3404.6000 0.2794
3406.4000 0.2795
3409.4000 0.2797
3416.2000 0.2798
3416.9000 0.2799
3417.5000 0.2801
3419.5000 0.2802
3419.7000 0.2803
3420.1000 0.2804
3428.1000 0.2806
3431.2000 0.2807
3433.4000 0.2808
3436.3000 0.2809
3441.7000 0.2811
3443.1000 0.2812
3452.3000 0.2813
3455.8000 0.2814
3456.3000 0.2816
3456.6000 0.2817
3458.7000 0.2818
3462.7000 0.2819
3468.4000 0.2821
3468.8000 0.2822
3469.1000 0.2823
3476.9000 0.2824
3494.7000 0.2826
3496.5000 0.2827
3498.4000 0.2828
3500.2000 0.2830
3511.6000 0.2831
3514.1000 0.2832
3515.5000 0.2833
3517.5000 0.2835
3519.2000 0.2836
3522.5000 0.2837
3527.7000 0.2838
3529.6000 0.2840
3533.5000 0.2841
3542.1000 0.2842
3548.3000 0.2843
3552.6000 0.2845
3553.7000 0.2846
3554.6000 0.2847
3564.1000 0.2848
3565.3000 0.2850
3565.7000 0.2851
3568.3000 0.2852
3584.2000 0.2854
3584.5000 0.2855
3587.8000 0.2856
3591.2000 0.2857
3599.5000 0.2859
3599.7000 0.2860
3604.0000 0.2861
3604.2000 0.2862
3604.5000 0.2864
3605.2000 0.2865
3607.3000 0.2866
3608.7000 0.2867
3615.5000 0.2869
3634.1000 0.2870
3641.2000 0.2871
3646.1000 0.2872
3650.1000 0.2874
3660.9000 0.2875
3663.7000 0.2876
3666.7000 0.2878
3671.9000 0.2879
3678.7000 0.2880
3680.1000 0.2881
3683.5000 0.2883
3684.1000 0.2884
3692.8000 0.2885
3695.4000 0.2886
3697.2000 0.2888
3700.9000 0.2889
3711.5000 0.2890
3716.5000 0.2891
3723.8000 0.2893
3730.5000 0.2894
3730.8000 0.2895
3740.4000 0.2896
3741.3000 0.2898
3744.2000 0.2899
3747.9000 0.2900
3759.5000 0.2902
3767.5000 0.2903
3768.9000 0.2904
3769.0000 0.2905
3770.0000 0.2907
3771.5000 0.2908
3774.6000 0.2909
3774.7000 0.2910
3782.6000 0.2912
3785.1000 0.2913
3786.8000 0.2914
3787.2000 0.2915
3787.7000 0.2917
3793.6000 0.2918
3794.6000 0.2919
3799.4000 0.2920
3801.0000 0.2922
3803.6000 0.2923
3805.5000 0.2924
3807.1000 0.2926
3807.3000 0.2927
3814.7000 0.2928
3827.1000 0.2929
3832.4000 0.2931
3839.2000 0.2932
3839.8000 0.2933
3841.1000 0.2934
3843.5000 0.2936
3844.7000 0.2937
3844.8000 0.2938
3845.2000 0.2939
3846.2000 0.2941
3847.1000 0.2942
3852.5000 0.2943
3857.6000 0.2944
3862.6000 0.2946
3886.2000 0.2947
3889.9000 0.2948
3891.1000 0.2949
3894.8000 0.2951
3899.6000 0.2952
3903.3000 0.2953
3911.7000 0.2955
3912.5000 0.2956
3920.2000 0.2957
3932.0000 0.2958
3932.1000 0.2960
3932.5000 0.2961
3933.1000 0.2962
3939.0000 0.2963
3945.7000 0.2965
3949.6000 0.2966
3950.7000 0.2967
3951.0000 0.2968
3956.6000 0.2970
3959.5000 0.2971
3963.3000 0.2972
3964.0000 0.2973
3971.0000 0.2975
3974.7000 0.2976
3975.6000 0.2977
3980.5000 0.2979
3983.7000 0.2980
3985.2000 0.2981
3993.9000 0.2982
3994.5000 0.2984
3996.4000 0.2985
3998.6000 0.2986
4008.1000 0.2987
4010.3000 0.2989
4013.1000 0.2990
4015.7000 0.2991
4015.9000 0.2992
4018.7000 0.2994
4022.3000 0.2995
4023.3000 0.2996
4024.7000 0.2997
4028.4000 0.2999
4028.7000 0.3000
4035.9000 0.3001
4037.5000 0.3003
4042.5000 0.3004
4047.3000 0.3005
4053.6000 0.3006
4058.1000 0.3008
4077.5000 0.3009
4081.2000 0.3010
4085.0000 0.3011
4085.7000 0.3013
4087.7000 0.3014
4094.3000 0.3015
4095.1000 0.3016
4096.3000 0.3018
4100.8000 0.3019
4106.8000 0.3020
4108.5000 0.3021
4111.3000 0.3023
4111.7000 0.3024
4112.8000 0.3025
4114.8000 0.3027
4116.5000 0.3028
4119.3000 0.3029
4124.0000 0.3030
4137.7000 0.3032
4138.5000 0.3033
4143.1000 0.3034
4145.3000 0.3035
4146.3000 0.3037
4146.5000 0.3038
4148.8000 0.3039
4149.7000 0.3040
4152.5000 0.3042
4152.7000 0.3043
4152.7000 0.3044
4155.2000 0.3045
4157.7000 0.3047
4176.4000 0.3048
4177.6000 0.3049
4179.7000 0.3051
4181.6000 0.3052
4188.4000 0.3053
4189.7000 0.3054
4190.3000 0.3056
4203.4000 0.3057
4207.1000 0.3058
4208.6000 0.3059
4210.2000 0.3061
4218.5000 0.3062
4219.5000 0.3063
4219.6000 0.3064
4228.7000 0.3066
4234.8000 0.3067
4239.5000 0.3068
4241.4000 0.3069
4254.0000 0.3071
4259.6000 0.3072
4263.1000 0.3073
4273.2000 0.3074
4275.8000 0.3076
4278.1000 0.3077
4282.1000 0.3078
4287.1000 0.3080
4294.6000 0.3081
4297.5000 0.3082
4298.3000 0.3083
4305.1000 0.3085
4305.7000 0.3086
4313.6000 0.3087
4316.7000 0.3088
4317.2000 0.3090
4330.5000 0.3091
4332.5000 0.3092
4336.3000 0.3093
4341.4000 0.3095
4344.2000 0.3096
4349.3000 0.3097
4355.8000 0.3098
4358.0000 0.3100
4374.7000 0.3101
4378.0000 0.3102
4383.5000 0.3104
4391.2000 0.3105
4392.1000 0.3106
4394.7000 0.3107
4399.7000 0.3109
4407.2000 0.3110
4408.3000 0.3111
4428.7000 0.3112
4429.8000 0.3114
4430.6000 0.3115
4437.5000 0.3116
4443.7000 0.3117
4447.2000 0.3119
4449.5000 0.3120
4449.6000 0.3121
4454.0000 0.3122
4455.1000 0.3124
4457.7000 0.3125
4458.6000 0.3126
4459.5000 0.3128
4461.5000 0.3129
4463.6000 0.3130
4469.9000 0.3131
4474.3000 0.3133
4487.6000 0.3134
4497.5000 0.3135
4501.6000 0.3136
4501.9000 0.3138
4506.8000 0.3139
4507.5000 0.3140
4516.6000 0.3141
4529.7000 0.3143
4535.8000 0.3144
4552.9000 0.3145
4557.3000 0.3146
4560.6000 0.3148
4568.3000 0.3149
4568.5000 0.3150
4584.1000 0.3152
4593.5000 0.3153
4603.7000 0.3154
4613.2000 0.3155
4633.7000 0.3157
4647.1000 0.3158
4657.7000 0.3159
4676.5000 0.3160
4686.9000 0.3162
4689.5000 0.3163
4691.7000 0.3164
4692.1000 0.3165
4698.8000 0.3167
4701.1000 0.3168
4702.5000 0.3169
4710.6000 0.3170
4712.9000 0.3172
4715.5000 0.3173
4719.5000 0.3174
4720.2000 0.3176
4728.7000 0.3177
4732.2000 0.3178
4736.2000 0.3179
4739.6000 0.3181
4741.5000 0.3182
4757.1000 0.3183
4760.3000 0.3184
4763.0000 0.3186
4764.1000 0.3187
4766.1000 0.3188
4767.5000 0.3189
4771.2000 0.3191
4773.3000 0.3192
4781.6000 0.3193
4782.6000 0.3194
4784.5000 0.3196
4787.1000 0.3197
4787.5000 0.3198
4793.5000 0.3199
4799.6000 0.3201
4811.6000 0.3202
4811.8000 0.3203
4812.7000 0.3205
4818.3000 0.3206
4818.6000 0.3207
4822.1000 0.3208
4827.6000 0.3210
4827.9000 0.3211
4833.6000 0.3212
4839.1000 0.3213
4844.3000 0.3215
4847.6000 0.3216
4848.1000 0.3217
4851.6000 0.3218
4853.0000 0.3220
4857.9000 0.3221
4875.7000 0.3222
4877.5000 0.3223
4880.3000 0.3225
4887.8000 0.3226
4887.9000 0.3227
4900.6000 0.3229
4901.9000 0.3230
4903.0000 0.3231
4908.0000 0.3232
4922.2000 0.3234
4924.1000 0.3235
4927.8000 0.3236
4934.4000 0.3237
4940.6000 0.3239
4943.4000 0.3240
4951.6000 0.3241
4956.6000 0.3242
4959.6000 0.3244
4970.1000 0.3245
4979.4000 0.3246
4988.7000 0.3247
4989.6000 0.3249
4993.7000 0.3250
4997.0000 0.3251
5001.6000 0.3253
5001.7000 0.3254
5013.9000 0.3255
5014.4000 0.3256
5015.0000 0.3258
5018.9000 0.3259
5020.4000 0.3260
5021.6000 0.3261
5023.7000 0.3263
5024.1000 0.3264
5024.4000 0.3265
5024.6000 0.3266
5026.5000 0.3268
5034.1000 0.3269
5045.3000 0.3270
5048.1000 0.3271
5053.8000 0.3273
5054.0000 0.3274
5055.5000 0.3275
5057.3000 0.3277
5059.6000 0.3278
5063.2000 0.3279
5063.7000 0.3280
5073.6000 0.3282
5087.8000 0.3283
5100.2000 0.3284
5101.0000 0.3285
5106.7000 0.3287
5111.6000 0.3288
5118.4000 0.3289
5118.8000 0.3290
5129.4000 0.3292
5140.6000 0.3293
5152.3000 0.3294
5173.1000 0.3295
5194.6000 0.3297
5204.5000 0.3298
5211.8000 0.3299
5218.6000 0.3301
5225.9000 0.3302
5228.6000 0.3303
5239.4000 0.3304
5246.8000 0.3306
5253.5000 0.3307
5265.1000 0.3308
5265.9000 0.3309
5282.8000 0.3311
5290.0000 0.3312
5303.7000 0.3313
5314.0000 0.3314
5316.9000 0.3316
5320.6000 0.3317
5326.8000 0.3318
5333.3000 0.3319
5338.6000 0.3321
5351.5000 0.3322
5359.7000 0.3323
5372.9000 0.3324
5381.6000 0.3326
5393.4000 0.3327
5397.6000 0.3328
5402.6000 0.3330
5407.6000 0.3331
5409.4000 0.3332
5411.0000 0.3333
5417.5000 0.3335
5418.3000 0.3336
5426.6000 0.3337
5429.1000 0.3338
5431.8000 0.3340
5446.1000 0.3341
5450.2000 0.3342
5452.3000 0.3343
5453.4000 0.3345
5459.5000 0.3346
5462.8000 0.3347
5465.5000 0.3348
5467.2000 0.3350
5474.9000 0.3351
5478.0000 0.3352
5478.1000 0.3354
5482.9000 0.3355
5486.2000 0.3356
5486.3000 0.3357
5487.2000 0.3359
5496.2000 0.3360
5503.8000 0.3361
5505.6000 0.3362
5505.8000 0.3364
5521.4000 0.3365
5526.6000 0.3366
5539.1000 0.3367
5542.5000 0.3369
5553.6000 0.3370
5555.6000 0.3371
5555.6000 0.3372
5556.6000 0.3374
5569.2000 0.3375
5577.9000 0.3376
5603.7000 0.3378
5603.8000 0.3379
5604.5000 0.3380
5606.3000 0.3381
5620.7000 0.3383
5620.9000 0.3384
5624.8000 0.3385
5638.8000 0.3386
5651.3000 0.3388
5661.4000 0.3389
5664.8000 0.3390
5668.3000 0.3391
5685.5000 0.3393
5692.6000 0.3394
5694.5000 0.3395
5704.6000 0.3396
5710.5000 0.3398
5718.5000 0.3399
5727.7000 0.3400
5729.3000 0.3402
5756.7000 0.3403
5757.9000 0.3404
5759.4000 0.3405
5762.7000 0.3407
5773.7000 0.3408
5781.2000 0.3409
5782.7000 0.3410
5786.1000 0.3412
5798.2000 0.3413
5800.5000 0.3414
5801.9000 0.3415
5803.4000 0.3417
5817.4000 0.3418
5817.7000 0.3419
5827.6000 0.3420
5839.4000 0.3422
5844.6000 0.3423
5848.8000 0.3424
5849.5000 0.3426
5859.2000 0.3427
5867.3000 0.3428
5867.8000 0.3429
5869.3000 0.3431
5879.6000 0.3432
5881.6000 0.3433
5888.2000 0.3434
5889.9000 0.3436
5892.8000 0.3437
5893.1000 0.3438
5898.2000 0.3439
5899.6000 0.3441
5932.3000 0.3442
5935.7000 0.3443
5956.8000 0.3444
5962.5000 0.3446
5973.5000 0.3447
5973.7000 0.3448
5989.4000 0.3449
5989.7000 0.3451
5992.8000 0.3452
5999.7000 0.3453
6000.6000 0.3455
6006.6000 0.3456
6008.5000 0.3457
6010.5000 0.3458
6014.7000 0.3460
6016.8000 0.3461
6038.5000 0.3462
6046.9000 0.3463
6048.5000 0.3465
6051.0000 0.3466
6057.6000 0.3467
6066.7000 0.3468
6071.1000 0.3470
6090.2000 0.3471
6094.7000 0.3472
6095.5000 0.3473
6096.7000 0.3475
6103.6000 0.3476
6106.5000 0.3477
6111.7000 0.3479
6112.3000 0.3480
6113.6000 0.3481
6114.6000 0.3482
6121.7000 0.3484
6145.9000 0.3485
6148.6000 0.3486
6148.7000 0.3487
6150.3000 0.3489
6153.8000 0.3490
6155.5000 0.3491
6157.5000 0.3492
6158.9000 0.3494
6162.7000 0.3495
6165.7000 0.3496
6185.5000 0.3497
6206.3000 0.3499
6210.7000 0.3500
6222.2000 0.3501
6227.8000 0.3503
6236.4000 0.3504
6239.7000 0.3505
6243.5000 0.3506
6251.3000 0.3508
6253.3000 0.3509
6272.3000 0.3510
6277.7000 0.3511
6291.3000 0.3513
6292.4000 0.3514
6311.8000 0.3515
6313.7000 0.3516
6320.1000 0.3518
6332.1000 0.3519
6332.2000 0.3520
6335.2000 0.3521
6335.7000 0.3523
6339.5000 0.3524
6344.8000 0.3525
6351.5000 0.3527
6356.8000 0.3528
6362.7000 0.3529
6364.7000 0.3530
6365.4000 0.3532
6378.9000 0.3533
6382.7000 0.3534
6382.8000 0.3535
6388.1000 0.3537
6407.4000 0.3538
6421.3000 0.3539
6430.8000 0.3540
6435.6000 0.3542
6453.6000 0.3543
6468.7000 0.3544
6473.2000 0.3545
6474.0000 0.3547
6474.6000 0.3548
6479.6000 0.3549
6484.6000 0.3551
6485.8000 0.3552
6492.5000 0.3553
6498.3000 0.3554
6499.9000 0.3556
6512.3000 0.3557
6520.2000 0.3558
6528.2000 0.3559
6529.8000 0.3561
6538.7000 0.3562
6543.7000 0.3563
6547.9000 0.3564
6548.1000 0.3566
6572.5000 0.3567
6575.4000 0.3568
6575.8000 0.3569
6581.2000 0.3571
6584.7000 0.3572
6597.7000 0.3573
6618.0000 0.3574
6619.1000 0.3576
6623.1000 0.3577
6629.6000 0.3578
6630.7000 0.3580
6631.5000 0.3581
6635.1000 0.3582
6636.7000 0.3583
6644.9000 0.3585
6647.6000 0.3586
6659.7000 0.3587
6665.8000 0.3588
6667.3000 0.3590
6674.9000 0.3591
6675.3000 0.3592
6678.4000 0.3593
6683.1000 0.3595
6693.0000 0.3596
6699.6000 0.3597
6703.6000 0.3598
6709.1000 0.3600
6710.7000 0.3601
6717.5000 0.3602
6719.9000 0.3604
6721.7000 0.3605
6730.6000 0.3606
6730.8000 0.3607
6731.6000 0.3609
6734.2000 0.3610
6743.6000 0.3611
6759.6000 0.3612
6767.6000 0.3614
6768.5000 0.3615
6769.1000 0.3616
6775.3000 0.3617
6786.3000 0.3619
6786.7000 0.3620
6803.2000 0.3621
6805.0000 0.3622
6808.5000 0.3624
6814.7000 0.3625
6816.9000 0.3626
6827.1000 0.3628
6828.8000 0.3629
6830.7000 0.3630
6837.4000 0.3631
6839.9000 0.3633
6840.2000 0.3634
6848.1000 0.3635
6849.6000 0.3636
6851.5000 0.3638
6853.0000 0.3639
6854.6000 0.3640
6854.7000 0.3641
6865.9000 0.3643
6870.4000 0.3644
6872.5000 0.3645
6875.6000 0.3646
6886.1000 0.3648
6896.3000 0.3649
6900.8000 0.3650
6904.0000 0.3652
6905.6000 0.3653
6906.7000 0.3654
6913.7000 0.3655
6936.1000 0.3657
6940.0000 0.3658
6945.6000 0.3659
6949.9000 0.3660
6963.8000 0.3662
6982.7000 0.3663
6991.5000 0.3664
7009.6000 0.3665
7012.9000 0.3667
7016.7000 0.3668
7024.6000 0.3669
7026.7000 0.3670
7036.5000 0.3672
7042.2000 0.3673
7051.3000 0.3674
7053.5000 0.3676
7062.0000 0.3677
7078.3000 0.3678
7105.7000 0.3679
7106.1000 0.3681
7113.3000 0.3682
7113.5000 0.3683
7115.2000 0.3684
7124.2000 0.3686
7134.6000 0.3687
7136.5000 0.3688
7138.9000 0.3689
7140.6000 0.3691
7141.8000 0.3692
7146.9000 0.3693
7155.7000 0.3694
7158.8000 0.3696
7181.0000 0.3697
7182.6000 0.3698
7195.7000 0.3699
7196.1000 0.3701
7201.9000 0.3702
7218.2000 0.3703
7220.7000 0.3705
7249.5000 0.3706
7252.0000 0.3707
7257.4000 0.3708
7263.3000 0.3710
7270.7000 0.3711
7271.4000 0.3712
7279.6000 0.3713
7283.3000 0.3715
7293.8000 0.3716
7301.6000 0.3717
7302.3000 0.3718
7321.1000 0.3720
7322.5000 0.3721
7324.9000 0.3722
7332.5000 0.3723
7332.6000 0.3725
7343.7000 0.3726
7353.3000 0.3727
7372.5000 0.3729
7380.7000 0.3730
7405.0000 0.3731
7417.7000 0.3732
7420.6000 0.3734
7424.7000 0.3735
7429.3000 0.3736
7439.5000 0.3737
7450.4000 0.3739
7457.3000 0.3740
7458.7000 0.3741
7470.2000 0.3742
7475.5000 0.3744
7477.1000 0.3745
7478.7000 0.3746
7487.5000 0.3747
7487.9000 0.3749
7506.2000 0.3750
7512.1000 0.3751
7534.7000 0.3753
7549.2000 0.3754
7549.4000 0.3755
7553.9000 0.3756
7557.9000 0.3758
7560.2000 0.3759
7562.4000 0.3760
7564.6000 0.3761
7577.2000 0.3763
7580.1000 0.3764
7580.4000 0.3765
7584.5000 0.3766
7587.1000 0.3768
7588.2000 0.3769
7605.6000 0.3770
7605.8000 0.3771
7608.7000 0.3773
7655.6000 0.3774
7666.2000 0.3775
7669.5000 0.3777
7673.7000 0.3778
7674.9000 0.3779
7686.6000 0.3780
7687.8000 0.3782
7705.2000 0.3783
7708.7000 0.3784
7713.2000 0.3785
7720.8000 0.3787
7728.7000 0.3788
7730.0000 0.3789
7735.9000 0.3790
7737.3000 0.3792
7749.7000 0.3793
7756.1000 0.3794
7764.6000 0.3795
7768.3000 0.3797
7775.8000 0.3798
7778.7000 0.3799
7799.2000 0.3801
7800.5000 0.3802
7804.2000 0.3803
7811.9000 0.3804
7818.8000 0.3806
7822.5000 0.3807
7827.4000 0.3808
7834.7000 0.3809
7839.2000 0.3811
7848.8000 0.3812
7849.2000 0.3813
7852.2000 0.3814
7862.5000 0.3816
7865.5000 0.3817
7874.8000 0.3818
7880.6000 0.3819
7885.0000 0.3821
7896.5000 0.3822
7897.5000 0.3823
7899.5000 0.3824
7913.8000 0.3826
7916.9000 0.3827
7920.5000 0.3828
7928.6000 0.3830
7936.3000 0.3831
7940.3000 0.3832
7962.5000 0.3833
7964.5000 0.3835
7978.0000 0.3836
7978.9000 0.3837
7982.6000 0.3838
7987.7000 0.3840
7993.2000 0.3841
8000.6000 0.3842
8005.3000 0.3843
8012.5000 0.3845
8015.3000 0.3846
8033.5000 0.3847
8036.4000 0.3848
8037.6000 0.3850
8056.5000 0.3851
8061.5000 0.3852
8063.6000 0.3854
8064.2000 0.3855
8071.5000 0.3856
8075.7000 0.3857
8076.5000 0.3859
8076.5000 0.3860
8077.8000 0.3861
8087.3000 0.3862
8087.3000 0.3864
8101.7000 0.3865
8104.9000 0.3866
8115.9000 0.3867
8130.7000 0.3869
8133.7000 0.3870
8139.6000 0.3871
8170.7000 0.3872
8170.7000 0.3874
8189.5000 0.3875
8194.3000 0.3876
8194.7000 0.3878
8204.6000 0.3879
8210.5000 0.3880
8226.7000 0.3881
8240.2000 0.3883
8242.4000 0.3884
8254.5000 0.3885
8257.7000 0.3886
8270.6000 0.3888
8271.6000 0.3889
8272.6000 0.3890
8272.6000 0.3891
8274.0000 0.3893
8298.9000 0.3894
8301.1000 0.3895
8324.1000 0.3896
8325.9000 0.3898
8352.5000 0.3899
8367.6000 0.3900
8368.2000 0.3902
8373.6000 0.3903
8376.7000 0.3904
8377.7000 0.3905
8388.7000 0.3907
8394.8000 0.3908
8395.6000 0.3909
8416.1000 0.3910
8421.7000 0.3912
8424.3000 0.3913
8432.9000 0.3914
8450.6000 0.3915
8457.4000 0.3917
8462.6000 0.3918
8463.8000 0.3919
8464.7000 0.3920
8476.5000 0.3922
8483.6000 0.3923
8486.6000 0.3924
8495.3000 0.3926
8500.6000 0.3927
8518.4000 0.3928
8522.3000 0.3929
8529.2000 0.3931
8533.5000 0.3932
8534.7000 0.3933
8538.3000 0.3934
8541.8000 0.3936
8547.3000 0.3937
8548.4000 0.3938
8548.8000 0.3939
8559.2000 0.3941
8567.3000 0.3942
8570.6000 0.3943
8573.7000 0.3944
8581.8000 0.3946
8583.0000 0.3947
8591.5000 0.3948
8594.6000 0.3949
8600.4000 0.3951
8607.7000 0.3952
8612.2000 0.3953
8615.5000 0.3955
8617.6000 0.3956
8629.4000 0.3957
8634.7000 0.3958
8634.8000 0.3960
8655.5000 0.3961
8661.7000 0.3962
8668.6000 0.3963
8676.0000 0.3965
8679.8000 0.3966
8680.1000 0.3967
8689.2000 0.3968
8692.6000 0.3970
8701.1000 0.3971
8703.8000 0.3972
8709.1000 0.3973
8721.6000 0.3975
8731.7000 0.3976
8733.6000 0.3977
8741.8000 0.3979
8750.6000 0.3980
8752.9000 0.3981
8753.7000 0.3982
8763.1000 0.3984
8772.6000 0.3985
8776.0000 0.3986
8799.7000 0.3987
8803.5000 0.3989
8817.0000 0.3990
8828.6000 0.3991
8840.6000 0.3992
8842.6000 0.3994
8847.0000 0.3995
8855.1000 0.3996
8860.6000 0.3997
8860.9000 0.3999
8864.4000 0.4000
8865.9000 0.4001
8875.9000 0.4003
8880.3000 0.4004
8890.5000 0.4005
8897.6000 0.4006
8898.9000 0.4008
8909.1000 0.4009
8913.6000 0.4010
8932.5000 0.4011
8935.3000 0.4013
8941.6000 0.4014
8945.9000 0.4015
8955.2000 0.4016
8956.8000 0.4018
8962.8000 0.4019
8970.7000 0.4020
8981.8000 0.4021
8985.8000 0.4023
8988.1000 0.4024
8988.3000 0.4025
9001.2000 0.4027
9013.5000 0.4028
9033.5000 0.4029
9037.4000 0.4030
9046.7000 0.4032
9061.9000 0.4033
9066.8000 0.4034
9072.0000 0.4035
9096.9000 0.4037
9100.4000 0.4038
9105.4000 0.4039
9107.1000 0.4040
9112.7000 0.4042
9121.5000 0.4043
9137.2000 0.4044
9139.7000 0.4045
9146.1000 0.4047
9146.9000 0.4048
9149.7000 0.4049
9149.9000 0.4051
9154.5000 0.4052
9164.7000 0.4053
9170.9000 0.4054
9175.6000 0.4056
9175.7000 0.4057
9186.5000 0.4058
9198.6000 0.4059
9205.6000 0.4061
9219.7000 0.4062
9240.1000 0.4063
9240.4000 0.4064
9242.7000 0.4066
9252.6000 0.4067
9272.3000 0.4068
9272.5000 0.4069
9280.0000 0.4071
9286.6000 0.4072
9292.3000 0.4073
9319.6000 0.4074
9322.7000 0.4076
9328.7000 0.4077
9330.8000 0.4078
9336.2000 0.4080
9338.9000 0.4081
9339.3000 0.4082
9341.4000 0.4083
9357.7000 0.4085
9363.1000 0.4086
9369.7000 0.4087
9372.9000 0.4088
9373.8000 0.4090
9378.7000 0.4091
9379.1000 0.4092
9388.1000 0.4093
9388.7000 0.4095
9393.6000 0.4096
9394.1000 0.4097
9394.1000 0.4098
9406.9000 0.4100
9421.1000 0.4101
9423.7000 0.4102
9433.3000 0.4104
9434.4000 0.4105
9437.7000 0.4106
9444.6000 0.4107
9453.3000 0.4109
9454.1000 0.4110
9454.5000 0.4111
9479.9000 0.4112
9497.6000 0.4114
9499.8000 0.4115
9503.6000 0.4116
9506.7000 0.4117
9541.6000 0.4119
9545.3000 0.4120
9567.8000 0.4121
9573.0000 0.4122
9595.1000 0.4124
9595.8000 0.4125
9605.7000 0.4126
9625.3000 0.4128
9643.3000 0.4129
9649.9000 0.4130
9653.7000 0.4131
9655.1000 0.4133
9663.9000 0.4134
9666.6000 0.4135
9697.5000 0.4136
9705.7000 0.4138
9709.8000 0.4139
9713.3000 0.4140
9733.5000 0.4141
9752.7000 0.4143
9753.8000 0.4144
9755.8000 0.4145
9771.4000 0.4146
9779.7000 0.4148
9805.5000 0.4149
9810.3000 0.4150
9819.6000 0.4152
9823.4000 0.4153
9829.3000 0.4154
9832.2000 0.4155
9844.5000 0.4157
9848.4000 0.4158
9862.8000 0.4159
9873.2000 0.4160
9873.9000 0.4162
9886.8000 0.4163
9887.3000 0.4164
9887.6000 0.4165
9893.6000 0.4167
9894.5000 0.4168
9898.4000 0.4169
9901.7000 0.4170
9904.6000 0.4172
9911.7000 0.4173
9913.5000 0.4174
9918.1000 0.4176
9925.0000 0.4177
9941.7000 0.4178
9945.7000 0.4179
9948.7000 0.4181
9957.8000 0.4182
9958.7000 0.4183
9965.0000 0.4184
9970.9000 0.4186
9971.1000 0.4187
9978.6000 0.4188
9983.3000 0.4189
9991.1000 0.4191
10002.2000 0.4192
10006.5000 0.4193
10008.2000 0.4194
10011.7000 0.4196
10012.4000 0.4197
10025.6000 0.4198
10048.4000 0.4199
10048.8000 0.4201
10063.2000 0.4202
10064.6000 0.4203
10068.1000 0.4205
10074.7000 0.4206
10078.9000 0.4207
10092.8000 0.4208
10107.6000 0.4210
10112.5000 0.4211
10123.5000 0.4212
10128.5000 0.4213
10135.5000 0.4215
10141.3000 0.4216
10142.2000 0.4217
10164.8000 0.4218
10177.7000 0.4220
10177.8000 0.4221
10183.9000 0.4222
10185.6000 0.4223
10197.1000 0.4225
10204.1000 0.4226
10207.1000 0.4227
10217.6000 0.4229
10244.2000 0.4230
10258.2000 0.4231
10273.4000 0.4232
10276.9000 0.4234
10288.2000 0.4235
10290.8000 0.4236
10295.7000 0.4237
10301.2000 0.4239
10301.3000 0.4240
10301.6000 0.4241
10301.6000 0.4242
10312.7000 0.4244
10325.6000 0.4245
10329.0000 0.4246
10338.1000 0.4247
10338.5000 0.4249
10340.3000 0.4250
10354.3000 0.4251
10364.9000 0.4253
10365.8000 0.4254
10378.4000 0.4255
10378.8000 0.4256
10382.0000 0.4258
10382.6000 0.4259
10383.7000 0.4260
10384.3000 0.4261
10395.6000 0.4263
10404.3000 0.4264
10410.0000 0.4265
10414.6000 0.4266
10420.3000 0.4268
10428.9000 0.4269
10430.2000 0.4270
10430.9000 0.4271
10433.5000 0.4273
10435.7000 0.4274
10447.6000 0.4275
10455.1000 0.4277
10456.5000 0.4278
10459.8000 0.4279
10466.6000 0.4280
10473.6000 0.4282
10478.5000 0.4283
10490.7000 0.4284
10494.7000 0.4285
10498.6000 0.4287
10499.6000 0.4288
10506.7000 0.4289
10521.3000 0.4290
10522.4000 0.4292
10522.6000 0.4293
10528.6000 0.4294
10537.6000 0.4295
10547.3000 0.4297
10549.8000 0.4298
10560.5000 0.4299
10561.2000 0.4301
10562.7000 0.4302
10567.0000 0.4303
10570.8000 0.4304
10586.5000 0.4306
10591.2000 0.4307
10599.5000 0.4308
10611.7000 0.4309
10627.9000 0.4311
10628.6000 0.4312
10637.9000 0.4313
10641.6000 0.4314
10656.9000 0.4316
10687.5000 0.4317
10697.8000 0.4318
10704.3000 0.4319
10737.7000 0.4321
10740.0000 0.4322
10755.1000 0.4323
10755.7000 0.4324
10766.7000 0.4326
10773.7000 0.4327
10777.5000 0.4328
10799.6000 0.4330
10803.6000 0.4331
10818.8000 0.4332
10822.3000 0.4333
10837.5000 0.4335
10846.3000 0.4336
10866.1000 0.4337
10872.6000 0.4338
10877.6000 0.4340
10877.7000 0.4341
10887.7000 0.4342
10887.8000 0.4343
10898.4000 0.4345
10903.5000 0.4346
10904.1000 0.4347
10911.2000 0.4348
10911.7000 0.4350
10939.1000 0.4351
10939.7000 0.4352
10948.1000 0.4354
10948.7000 0.4355
10955.1000 0.4356
10963.3000 0.4357
10975.4000 0.4359
10992.6000 0.4360
11012.4000 0.4361
11021.8000 0.4362
11024.0000 0.4364
11024.3000 0.4365
11028.3000 0.4366
11028.6000 0.4367
11033.5000 0.4369
11040.6000 0.4370
11046.7000 0.4371
11047.3000 0.4372
11051.6000 0.4374
11052.8000 0.4375
11055.5000 0.4376
11060.5000 0.4378
11062.0000 0.4379
11065.1000 0.4380
11065.8000 0.4381
11069.6000 0.4383
11071.6000 0.4384
11080.7000 0.4385
11081.9000 0.4386
11087.2000 0.4388
11089.5000 0.4389
11119.2000 0.4390
11122.7000 0.4391
11123.5000 0.4393
11127.6000 0.4394
11129.3000 0.4395
11135.4000 0.4396
11147.2000 0.4398
11150.1000 0.4399
11156.1000 0.4400
11169.4000 0.4402
11174.5000 0.4403
11187.7000 0.4404
11205.2000 0.4405
11214.7000 0.4407
11225.7000 0.4408
11231.0000 0.4409
11234.5000 0.4410
11242.8000 0.4412
11248.6000 0.4413
11254.8000 0.4414
11263.6000 0.4415
11305.1000 0.4417
11308.5000 0.4418
11337.1000 0.4419
11338.9000 0.4420
11352.7000 0.4422
11354.2000 0.4423
11357.7000 0.4424
11396.5000 0.4426
11401.5000 0.4427
11408.0000 0.4428
11409.7000 0.4429
11414.0000 0.4431
11415.2000 0.4432
11419.0000 0.4433
11421.6000 0.4434
11421.6000 0.4436
11423.3000 0.4437
11423.7000 0.4438
11428.5000 0.4439
11430.8000 0.4441
11434.7000 0.4442
11440.7000 0.4443
11441.8000 0.4444
11447.1000 0.4446
11450.1000 0.4447
11451.0000 0.4448
11452.2000 0.4449
11453.0000 0.4451
11453.6000 0.4452
11467.7000 0.4453
11468.5000 0.4455
11493.3000 0.4456
11500.6000 0.4457
11507.5000 0.4458
11516.9000 0.4460
11526.3000 0.4461
11526.7000 0.4462
11533.9000 0.4463
11541.4000 0.4465
11542.6000 0.4466
11550.6000 0.4467
11559.5000 0.4468
11559.8000 0.4470
11560.2000 0.4471
11560.3000 0.4472
11568.7000 0.4473
11570.7000 0.4475
11576.0000 0.4476
11582.6000 0.4477
11589.3000 0.4479
11589.7000 0.4480
11594.0000 0.4481
11606.8000 0.4482
11614.5000 0.4484
11622.5000 0.4485
11625.6000 0.4486
11631.9000 0.4487
11634.7000 0.4489
11638.5000 0.4490
11642.0000 0.4491
11647.4000 0.4492
11650.2000 0.4494
11655.1000 0.4495
11667.4000 0.4496
11671.7000 0.4497
11689.3000 0.4499
11690.7000 0.4500
11691.4000 0.4501
11706.5000 0.4503
11708.6000 0.4504
11712.4000 0.4505
11715.8000 0.4506
11724.5000 0.4508
11725.6000 0.4509
11731.1000 0.4510
11736.5000 0.4511
11738.5000 0.4513
11753.9000 0.4514
11773.2000 0.4515
11775.1000 0.4516
11776.4000 0.4518
11794.6000 0.4519
11800.2000 0.4520
11804.3000 0.4521
11806.8000 0.4523
11812.9000 0.4524
11814.6000 0.4525
11852.8000 0.4527
11869.1000 0.4528
11882.3000 0.4529
11894.8000 0.4530
11908.2000 0.4532
11908.6000 0.4533
11910.7000 0.4534
11911.8000 0.4535
11922.2000 0.4537
11934.3000 0.4538
11937.7000 0.4539
11951.7000 0.4540
11962.6000 0.4542
11972.1000 0.4543
11987.7000 0.4544
11990.1000 0.4545
11991.6000 0.4547
11993.4000 0.4548
12007.7000 0.4549
12018.0000 0.4551
12022.6000 0.4552
12023.5000 0.4553
12027.4000 0.4554
12032.0000 0.4556
12032.1000 0.4557
12042.4000 0.4558
12058.0000 0.4559
12085.6000 0.4561
12090.5000 0.4562
12092.0000 0.4563
12115.4000 0.4564
12115.9000 0.4566
12124.6000 0.4567
12126.6000 0.4568
12130.6000 0.4569
12151.1000 0.4571
12154.7000 0.4572
12165.9000 0.4573
12166.3000 0.4574
12167.1000 0.4576
12168.3000 0.4577
12172.7000 0.4578
12187.1000 0.4580
12191.4000 0.4581
12209.8000 0.4582
12217.0000 0.4583
12217.6000 0.4585
12217.6000 0.4586
12218.5000 0.4587
12227.1000 0.4588
12237.5000 0.4590
12269.2000 0.4591
12273.2000 0.4592
12283.4000 0.4593
12287.2000 0.4595
12290.0000 0.4596
12291.1000 0.4597
12291.3000 0.4598
12292.4000 0.4600
12298.7000 0.4601
12299.3000 0.4602
12323.7000 0.4604
12324.0000 0.4605
12324.5000 0.4606
12326.7000 0.4607
12332.3000 0.4609
12343.2000 0.4610
12348.1000 0.4611
12354.2000 0.4612
12364.4000 0.4614
12365.7000 0.4615
12370.2000 0.4616
12378.0000 0.4617
12386.4000 0.4619
12386.5000 0.4620
12392.3000 0.4621
12395.5000 0.4622
12399.1000 0.4624
12416.6000 0.4625
12434.7000 0.4626
12439.8000 0.4628
12441.6000 0.4629
12443.6000 0.4630
12447.6000 0.4631
12448.2000 0.4633
12474.4000 0.4634
12487.2000 0.4635
12489.5000 0.4636
12503.2000 0.4638
12504.8000 0.4639
12508.7000 0.4640
12521.3000 0.4641
12538.7000 0.4643
12542.1000 0.4644
12555.7000 0.4645
12557.2000 0.4646
12559.3000 0.4648
12581.2000 0.4649
12590.5000 0.4650
12592.5000 0.4652
12598.3000 0.4653
12604.3000 0.4654
12606.2000 0.4655
12611.1000 0.4657
12616.7000 0.4658
12617.5000 0.4659
12618.0000 0.4660
12619.4000 0.4662
12630.5000 0.4663
12631.0000 0.4664
12637.1000 0.4665
12646.7000 0.4667
12664.3000 0.4668
12665.2000 0.4669
12669.1000 0.4670
12684.5000 0.4672
12687.3000 0.4673
12709.4000 0.4674
12723.6000 0.4676
12735.3000 0.4677
12739.8000 0.4678
12741.5000 0.4679
12749.8000 0.4681
12759.7000 0.4682
12759.7000 0.4683
12760.8000 0.4684
12768.6000 0.4686
12774.1000 0.4687
12777.2000 0.4688
12809.9000 0.4689
12810.5000 0.4691
12810.8000 0.4692
12825.2000 0.4693
12833.9000 0.4694
12836.3000 0.4696
12852.6000 0.4697
12855.8000 0.4698
12856.0000 0.4699
12857.3000 0.4701
12868.6000 0.4702
12881.2000 0.4703
12893.9000 0.4705
12905.3000 0.4706
12919.3000 0.4707
12926.6000 0.4708
12929.3000 0.4710
12929.5000 0.4711
12933.7000 0.4712
12937.5000 0.4713
12944.4000 0.4715
12944.9000 0.4716
12953.3000 0.4717
12955.4000 0.4718
12959.3000 0.4720
12966.1000 0.4721
12978.1000 0.4722
12981.5000 0.4723
12982.8000 0.4725
12983.4000 0.4726
12988.2000 0.4727
12989.7000 0.4729
12989.7000 0.4730
12989.8000 0.4731
12992.3000 0.4732
13002.5000 0.4734
13008.4000 0.4735
13023.6000 0.4736
13034.3000 0.4737
13042.1000 0.4739
13059.3000 0.4740
13072.7000 0.4741
13076.5000 0.4742
13081.6000 0.4744
13086.0000 0.4745
13095.3000 0.4746
13098.2000 0.4747
13110.5000 0.4749
13110.5000 0.4750
13131.3000 0.4751
13142.4000 0.4753
13145.5000 0.4754
13145.6000 0.4755
13155.3000 0.4756
13157.4000 0.4758
13162.3000 0.4759
13165.0000 0.4760
13168.9000 0.4761
13177.5000 0.4763
13193.9000 0.4764
13203.6000 0.4765
13205.4000 0.4766
13207.5000 0.4768
13207.7000 0.4769
13212.2000 0.4770
13213.4000 0.4771
13229.1000 0.4773
13235.8000 0.4774
13240.5000 0.4775
13246.0000 0.4777
13255.1000 0.4778
13263.0000 0.4779
13272.6000 0.4780
13284.9000 0.4782
13285.6000 0.4783
13290.2000 0.4784
13291.2000 0.4785
13294.9000 0.4787
13298.5000 0.4788
13300.9000 0.4789
13301.6000 0.4790
13310.1000 0.4792
13326.7000 0.4793
13329.1000 0.4794
13332.3000 0.4795
13340.1000 0.4797
13345.9000 0.4798
13359.8000 0.4799
13364.5000 0.4801
13370.6000 0.4802
13378.6000 0.4803
13378.7000 0.4804
13380.3000 0.4806
13384.6000 0.4807
13385.8000 0.4808
13388.4000 0.4809
13392.9000 0.4811
13398.3000 0.4812
13406.2000 0.4813
13406.8000 0.4814
13433.8000 0.4816
13447.0000 0.4817
13459.6000 0.4818
13471.1000 0.4819
13499.7000 0.4821
13506.5000 0.4822
13506.9000 0.4823
13528.6000 0.4824
13528.9000 0.4826
13542.3000 0.4827
13549.8000 0.4828
13551.5000 0.4830
13560.9000 0.4831
13573.1000 0.4832
13586.3000 0.4833
13590.7000 0.4835
13592.5000 0.4836
13597.6000 0.4837
13599.7000 0.4838
13609.5000 0.4840
13611.5000 0.4841
13620.7000 0.4842
13621.7000 0.4843
13627.5000 0.4845
13638.0000 0.4846
13650.2000 0.4847
13672.2000 0.4848
13682.7000 0.4850
13686.3000 0.4851
13700.8000 0.4852
13705.7000 0.4854
13709.5000 0.4855
13726.7000 0.4856
13731.2000 0.4857
13735.7000 0.4859
13754.1000 0.4860
13755.7000 0.4861
13756.0000 0.4862
13757.2000 0.4864
13763.6000 0.4865
13764.5000 0.4866
13766.7000 0.4867
13778.1000 0.4869
13783.1000 0.4870
13791.4000 0.4871
13794.2000 0.4872
13810.6000 0.4874
13812.7000 0.4875
13816.5000 0.4876
13830.5000 0.4878
13836.9000 0.4879
13836.9000 0.4880
13837.7000 0.4881
13838.6000 0.4883
13839.7000 0.4884
13840.6000 0.4885
13843.6000 0.4886
13846.2000 0.4888
13860.7000 0.4889
13864.4000 0.4890
13866.4000 0.4891
13867.6000 0.4893
13874.7000 0.4894
13878.7000 0.4895
13884.6000 0.4896
13884.8000 0.4898
13903.1000 0.4899
13904.6000 0.4900
13907.7000 0.4902
13924.5000 0.4903
13928.6000 0.4904
13932.7000 0.4905
13944.8000 0.4907
13945.5000 0.4908
13954.7000 0.4909
13958.5000 0.4910
13965.0000 0.4912
13986.2000 0.4913
13987.4000 0.4914
14004.9000 0.4915
14009.7000 0.4917
14016.7000 0.4918
14022.5000 0.4919
14027.6000 0.4920
14029.6000 0.4922
14033.1000 0.4923
14037.5000 0.4924
14039.1000 0.4926
14049.2000 0.4927
14053.1000 0.4928
14055.5000 0.4929
14065.7000 0.4931
14069.5000 0.4932
14072.3000 0.4933
14075.8000 0.4934
14079.7000 0.4936
14084.3000 0.4937
14093.0000 0.4938
14093.0000 0.4939
14104.8000 0.4941
14106.4000 0.4942
14113.6000 0.4943
14118.5000 0.4944
14121.3000 0.4946
14135.3000 0.4947
14136.3000 0.4948
14136.7000 0.4949
14147.3000 0.4951
14150.7000 0.4952
14157.5000 0.4953
14166.6000 0.4955
14169.3000 0.4956
14172.3000 0.4957
14177.2000 0.4958
14181.8000 0.4960
14187.7000 0.4961
14189.5000 0.4962
14198.5000 0.4963
14222.4000 0.4965
14231.2000 0.4966
14236.7000 0.4967
14248.3000 0.4968
14264.5000 0.4970
14272.8000 0.4971
14277.2000 0.4972
14278.5000 0.4973
14278.5000 0.4975
14288.7000 0.4976
14290.5000 0.4977
14291.2000 0.4979
14291.5000 0.4980
14293.2000 0.4981
14294.0000 0.4982
14296.7000 0.4984
14300.6000 0.4985
14302.7000 0.4986
14307.8000 0.4987
14314.1000 0.4989
14321.4000 0.4990
14328.5000 0.4991
14338.7000 0.4992
14348.3000 0.4994
14348.8000 0.4995
14349.2000 0.4996
14358.7000 0.4997
14362.6000 0.4999
14379.8000 0.5000
14390.2000 0.5001
14396.6000 0.5003
14404.2000 0.5004
14405.2000 0.5005
14406.7000 0.5006
14415.6000 0.5008
14421.5000 0.5009
14449.3000 0.5010
14468.6000 0.5011
14478.1000 0.5013
14485.4000 0.5014
14485.5000 0.5015
14488.8000 0.5016
14494.9000 0.5018
14497.5000 0.5019
14502.9000 0.5020
14512.8000 0.5021
14528.9000 0.5023
14536.2000 0.5024
14536.6000 0.5025
14537.6000 0.5027
14538.7000 0.5028
14540.6000 0.5029
14546.5000 0.5030
14548.4000 0.5032
14556.7000 0.5033
14557.7000 0.5034
14564.3000 0.5035
14582.6000 0.5037
14583.5000 0.5038
14598.7000 0.5039
14599.1000 0.5040
14602.8000 0.5042
14603.7000 0.5043
14606.1000 0.5044
14615.7000 0.5045
14618.6000 0.5047
14620.3000 0.5048
14639.4000 0.5049
14642.9000 0.5051
14646.0000 0.5052
14657.8000 0.5053
14664.1000 0.5054
14665.5000 0.5056
14671.6000 0.5057
14673.7000 0.5058
14678.6000 0.5059
14684.9000 0.5061
14685.4000 0.5062
14692.4000 0.5063
14724.5000 0.5064
14725.1000 0.5066
14727.4000 0.5067
14727.5000 0.5068
14731.8000 0.5069
14739.6000 0.5071
14741.3000 0.5072
14744.6000 0.5073
14766.1000 0.5074
14766.1000 0.5076
14774.2000 0.5077
14789.6000 0.5078
14798.6000 0.5080
14810.5000 0.5081
14812.8000 0.5082
14825.7000 0.5083
14827.3000 0.5085
14830.1000 0.5086
14832.1000 0.5087
14840.6000 0.5088
14842.7000 0.5090
14842.8000 0.5091
14845.7000 0.5092
14851.7000 0.5093
14852.1000 0.5095
14852.5000 0.5096
14873.7000 0.5097
14879.5000 0.5098
14879.6000 0.5100
14888.8000 0.5101
14895.6000 0.5102
14912.5000 0.5104
14929.6000 0.5105
14934.4000 0.5106
14936.8000 0.5107
14939.2000 0.5109
14946.6000 0.5110
14970.6000 0.5111
14975.3000 0.5112
14976.5000 0.5114
14995.1000 0.5115
15013.6000 0.5116
15013.7000 0.5117
15015.3000 0.5119
15029.2000 0.5120
15031.8000 0.5121
15048.2000 0.5122
15051.4000 0.5124
15085.7000 0.5125
15090.2000 0.5126
15111.1000 0.5128
15117.5000 0.5129
15121.4000 0.5130
15128.1000 0.5131
15129.7000 0.5133
15135.0000 0.5134
15154.1000 0.5135
15156.7000 0.5136
15158.5000 0.5138
15159.6000 0.5139
15170.2000 0.5140
15178.4000 0.5141
15183.5000 0.5143
15183.7000 0.5144
15190.8000 0.5145
15191.7000 0.5146
15195.7000 0.5148
15203.1000 0.5149
15204.5000 0.5150
15205.7000 0.5152
15206.0000 0.5153
15211.6000 0.5154
15214.3000 0.5155
15216.0000 0.5157
15220.6000 0.5158
15221.6000 0.5159
15226.9000 0.5160
15229.3000 0.5162
15231.1000 0.5163
15254.5000 0.5164
15268.8000 0.5165
15269.5000 0.5167
15269.6000 0.5168
15278.6000 0.5169
15278.7000 0.5170
15290.7000 0.5172
15295.3000 0.5173
15299.7000 0.5174
15301.7000 0.5176
15302.2000 0.5177
15307.1000 0.5178
15311.5000 0.5179
15314.1000 0.5181
15333.8000 0.5182
15338.1000 0.5183
15350.3000 0.5184
15354.1000 0.5186
15360.7000 0.5187
15361.5000 0.5188
15371.9000 0.5189
15373.7000 0.5191
15384.3000 0.5192
15397.9000 0.5193
15399.7000 0.5194
15406.4000 0.5196
15406.5000 0.5197
15415.4000 0.5198
15440.6000 0.5199
15446.6000 0.5201
15450.1000 0.5202
15458.7000 0.5203
15463.5000 0.5205
15464.5000 0.5206
15468.7000 0.5207
15484.4000 0.5208
15487.5000 0.5210
15489.9000 0.5211
15494.0000 0.5212
15513.2000 0.5213
15518.9000 0.5215
15521.6000 0.5216
15539.4000 0.5217
15550.3000 0.5218
15554.4000 0.5220
15555.3000 0.5221
15555.7000 0.5222
15556.4000 0.5223
15564.7000 0.5225
15579.3000 0.5226
15585.4000 0.5227
15587.3000 0.5229
15592.6000 0.5230
15609.4000 0.5231
15612.7000 0.5232
15614.0000 0.5234
15634.3000 0.5235
15644.9000 0.5236
15650.8000 0.5237
15657.7000 0.5239
15660.2000 0.5240
15676.1000 0.5241
15679.6000 0.5242
15684.6000 0.5244
15685.4000 0.5245
15687.7000 0.5246
15691.3000 0.5247
15694.7000 0.5249
15695.3000 0.5250
15697.1000 0.5251
15717.6000 0.5253
15719.1000 0.5254
15721.6000 0.5255
15722.1000 0.5256
15725.9000 0.5258
15733.1000 0.5259
15734.4000 0.5260
15745.9000 0.5261
15746.0000 0.5263
15747.2000 0.5264
15751.9000 0.5265
15754.7000 0.5266
15769.5000 0.5268
15772.2000 0.5269
15782.3000 0.5270
15800.5000 0.5271
15802.7000 0.5273
15805.7000 0.5274
15811.3000 0.5275
15816.5000 0.5277
15820.2000 0.5278
15821.1000 0.5279
15824.3000 0.5280
15828.5000 0.5282
15836.5000 0.5283
15840.7000 0.5284
15843.7000 0.5285
15847.3000 0.5287
15874.6000 0.5288
15883.6000 0.5289
15889.3000 0.5290
15898.5000 0.5292
15904.2000 0.5293
15905.7000 0.5294
15914.6000 0.5295
15915.6000 0.5297
15924.6000 0.5298
15926.0000 0.5299
15928.2000 0.5301
15933.5000 0.5302
15951.5000 0.5303
15953.5000 0.5304
15962.5000 0.5306
15969.1000 0.5307
15970.0000 0.5308
15976.3000 0.5309
15978.4000 0.5311
15986.3000 0.5312
15988.5000 0.5313
15997.4000 0.5314
16017.7000 0.5316
16024.9000 0.5317
16026.4000 0.5318
16033.1000 0.5319
16038.5000 0.5321
16046.8000 0.5322
16052.7000 0.5323
16058.6000 0.5324
16074.2000 0.5326
16075.7000 0.5327
16084.8000 0.5328
16109.6000 0.5330
16120.7000 0.5331
16121.7000 0.5332
16130.6000 0.5333
16147.6000 0.5335
16150.1000 0.5336
16151.3000 0.5337
16152.1000 0.5338
16153.3000 0.5340
16166.8000 0.5341
16181.5000 0.5342
16182.8000 0.5343
16201.2000 0.5345
16203.3000 0.5346
16215.7000 0.5347
16219.2000 0.5348
16224.9000 0.5350
16230.8000 0.5351
16242.2000 0.5352
16249.2000 0.5354
16256.5000 0.5355
16257.3000 0.5356
16264.3000 0.5357
16282.2000 0.5359
16341.7000 0.5360
16349.2000 0.5361
16374.4000 0.5362
16394.8000 0.5364
16396.2000 0.5365
16404.5000 0.5366
16412.6000 0.5367
16416.6000 0.5369
16423.0000 0.5370
16425.8000 0.5371
16427.4000 0.5372
16439.2000 0.5374
16442.4000 0.5375
16443.7000 0.5376
16446.7000 0.5378
16454.0000 0.5379
16459.3000 0.5380
16475.4000 0.5381
16481.3000 0.5383
16495.8000 0.5384
16511.7000 0.5385
16519.5000 0.5386
16524.9000 0.5388
16531.5000 0.5389
16536.1000 0.5390
16539.5000 0.5391
16542.6000 0.5393
16565.2000 0.5394
16581.2000 0.5395
16581.5000 0.5396
16595.3000 0.5398
16598.7000 0.5399
16598.9000 0.5400
16602.4000 0.5402
16609.6000 0.5403
16611.5000 0.5404
16612.1000 0.5405
16628.2000 0.5407
16649.6000 0.5408
16672.6000 0.5409
16676.6000 0.5410
16683.7000 0.5412
16691.2000 0.5413
16703.8000 0.5414
16710.7000 0.5415
16718.5000 0.5417
16719.6000 0.5418
16727.1000 0.5419
16736.7000 0.5420
16743.4000 0.5422
16748.2000 0.5423
16751.1000 0.5424
16758.6000 0.5426
16779.7000 0.5427
16782.6000 0.5428
16784.7000 0.5429
16788.6000 0.5431
16797.6000 0.5432
16816.6000 0.5433
16829.8000 0.5434
16839.6000 0.5436
16869.7000 0.5437
16891.2000 0.5438
16891.4000 0.5439
16897.1000 0.5441
16908.8000 0.5442
16918.9000 0.5443
16918.9000 0.5444
16920.5000 0.5446
16931.6000 0.5447
16935.4000 0.5448
16948.3000 0.5449
16952.0000 0.5451
16955.7000 0.5452
16965.1000 0.5453
16965.4000 0.5455
16972.8000 0.5456
16976.5000 0.5457
16982.2000 0.5458
16982.3000 0.5460
16982.7000 0.5461
17005.5000 0.5462
17006.9000 0.5463
17007.0000 0.5465
17042.7000 0.5466
17058.7000 0.5467
17071.5000 0.5468
17079.7000 0.5470
17091.3000 0.5471
17097.5000 0.5472
17097.7000 0.5473
17109.5000 0.5475
17112.8000 0.5476
17113.2000 0.5477
17115.0000 0.5479
17121.6000 0.5480
17131.3000 0.5481
17139.5000 0.5482
17141.5000 0.5484
17149.9000 0.5485
17176.4000 0.5486
17178.6000 0.5487
17185.7000 0.5489
17192.2000 0.5490
17193.2000 0.5491
17197.7000 0.5492
17199.5000 0.5494
17201.7000 0.5495
17212.6000 0.5496
17224.9000 0.5497
17227.4000 0.5499
17231.6000 0.5500
17232.9000 0.5501
17238.3000 0.5503
17238.7000 0.5504
17252.7000 0.5505
17254.2000 0.5506
17266.2000 0.5508
17270.6000 0.5509
17279.4000 0.5510
17289.2000 0.5511
17293.2000 0.5513
17303.2000 0.5514
17322.1000 0.5515
17324.6000 0.5516
17328.8000 0.5518
17344.3000 0.5519
17347.8000 0.5520
17354.3000 0.5521
17366.2000 0.5523
17370.5000 0.5524
17376.0000 0.5525
17379.5000 0.5527
17380.5000 0.5528
17384.0000 0.5529
17385.8000 0.5530
17400.4000 0.5532
17400.7000 0.5533
17410.1000 0.5534
17414.8000 0.5535
17428.6000 0.5537
17447.5000 0.5538
17449.9000 0.5539
17450.1000 0.5540
17450.5000 0.5542
17454.1000 0.5543
17455.4000 0.5544
17455.8000 0.5545
17458.6000 0.5547
17464.2000 0.5548
17467.7000 0.5549
17475.5000 0.5551
17477.8000 0.5552
17479.3000 0.5553
17485.7000 0.5554
17486.2000 0.5556
17504.3000 0.5557
17513.5000 0.5558
17533.6000 0.5559
17536.6000 0.5561
17560.1000 0.5562
17598.6000 0.5563
17620.8000 0.5564
17643.5000 0.5566
17658.7000 0.5567
17659.5000 0.5568
17667.3000 0.5569
17670.6000 0.5571
17690.9000 0.5572
17695.5000 0.5573
17699.9000 0.5574
17704.8000 0.5576
17705.3000 0.5577
17715.9000 0.5578
17720.2000 0.5580
17727.6000 0.5581
17731.3000 0.5582
17736.7000 0.5583
17742.1000 0.5585
17752.5000 0.5586
17753.3000 0.5587
17753.5000 0.5588
17758.8000 0.5590
17767.5000 0.5591
17768.5000 0.5592
17794.4000 0.5593
17806.3000 0.5595
17808.5000 0.5596
17838.1000 0.5597
17838.5000 0.5598
17855.1000 0.5600
17861.4000 0.5601
17872.2000 0.5602
17885.7000 0.5604
17901.6000 0.5605
17905.4000 0.5606
17917.6000 0.5607
17923.3000 0.5609
17924.7000 0.5610
17926.4000 0.5611
17932.3000 0.5612
17934.6000 0.5614
17943.6000 0.5615
17952.0000 0.5616
17959.1000 0.5617
17963.5000 0.5619
17965.9000 0.5620
17978.8000 0.5621
17985.6000 0.5622
18000.8000 0.5624
18010.6000 0.5625
18017.1000 0.5626
18022.2000 0.5628
18034.4000 0.5629
18035.3000 0.5630
18037.9000 0.5631
18040.2000 0.5633
18041.3000 0.5634
18047.0000 0.5635
18050.6000 0.5636
18064.9000 0.5638
18078.1000 0.5639
18082.2000 0.5640
18092.5000 0.5641
18096.6000 0.5643
18096.7000 0.5644
18098.3000 0.5645
18104.2000 0.5646
18107.7000 0.5648
18110.6000 0.5649
18129.6000 0.5650
18143.7000 0.5652
18147.2000 0.5653
18155.2000 0.5654
18172.5000 0.5655
18188.1000 0.5657
18190.7000 0.5658
18214.5000 0.5659
18228.4000 0.5660
18243.5000 0.5662
18250.0000 0.5663
18298.9000 0.5664
18303.8000 0.5665
18315.1000 0.5667
18324.7000 0.5668
18366.3000 0.5669
18405.5000 0.5670
18407.1000 0.5672
18416.2000 0.5673
18425.2000 0.5674
18469.2000 0.5676
18473.3000 0.5677
18474.6000 0.5678
18485.9000 0.5679
18498.0000 0.5681
18509.2000 0.5682
18533.7000 0.5683
18542.5000 0.5684
18545.2000 0.5686
18556.2000 0.5687
18575.6000 0.5688
18577.7000 0.5689
18585.7000 0.5691
18596.5000 0.5692
18597.9000 0.5693
18603.1000 0.5694
18609.7000 0.5696
18625.4000 0.5697
18632.6000 0.5698
18634.4000 0.5699
18644.1000 0.5701
18648.6000 0.5702
18671.1000 0.5703
18674.9000 0.5705
18680.6000 0.5706
18682.3000 0.5707
18688.7000 0.5708
18693.7000 0.5710
18704.1000 0.5711
18709.4000 0.5712
18726.4000 0.5713
18727.6000 0.5715
18728.5000 0.5716
18729.7000 0.5717
18747.5000 0.5718
18766.2000 0.5720
18766.5000 0.5721
18787.2000 0.5722
18798.3000 0.5723
18802.5000 0.5725
18807.4000 0.5726
18809.2000 0.5727
18823.5000 0.5729
18832.5000 0.5730
18835.5000 0.5731
18836.2000 0.5732
18836.6000 0.5734
18848.1000 0.5735
18864.2000 0.5736
18907.6000 0.5737
18912.1000 0.5739
18914.0000 0.5740
18933.0000 0.5741
18933.2000 0.5742
18933.3000 0.5744
18948.1000 0.5745
18964.5000 0.5746
18969.6000 0.5747
18975.3000 0.5749
18992.5000 0.5750
19006.1000 0.5751
19031.5000 0.5753
19078.6000 0.5754
19084.0000 0.5755
19084.3000 0.5756
19092.3000 0.5758
19096.2000 0.5759
19099.1000 0.5760
19100.6000 0.5761
19113.8000 0.5763
19120.4000 0.5764
19126.8000 0.5765
19140.0000 0.5766
19193.1000 0.5768
19232.2000 0.5769
19236.3000 0.5770
19243.1000 0.5771
19253.6000 0.5773
19259.7000 0.5774
19260.3000 0.5775
19261.1000 0.5777
19268.4000 0.5778
19320.0000 0.5779
19327.7000 0.5780
19329.5000 0.5782
19334.6000 0.5783
19335.8000 0.5784
19338.2000 0.5785
19346.6000 0.5787
19349.1000 0.5788
19355.3000 0.5789
19361.6000 0.5790
19365.4000 0.5792
19369.7000 0.5793
19370.7000 0.5794
19371.2000 0.5795
19392.7000 0.5797
19397.2000 0.5798
19398.3000 0.5799
19410.6000 0.5801
19414.8000 0.5802
19414.8000 0.5803
19417.9000 0.5804
19422.6000 0.5806
19432.7000 0.5807
19446.0000 0.5808
19446.7000 0.5809
19456.2000 0.5811
19461.8000 0.5812
19464.6000 0.5813
19467.3000 0.5814
19470.5000 0.5816
19509.2000 0.5817
19526.2000 0.5818
19528.5000 0.5819
19534.7000 0.5821
19536.0000 0.5822
19543.0000 0.5823
19543.7000 0.5824
19551.3000 0.5826
19560.3000 0.5827
19578.3000 0.5828
19587.7000 0.5830
19598.4000 0.5831
19598.5000 0.5832
19614.7000 0.5833
19630.4000 0.5835
19680.7000 0.5836
19705.5000 0.5837
19707.4000 0.5838
19716.2000 0.5840
19737.5000 0.5841
19738.5000 0.5842
19745.6000 0.5843
19755.5000 0.5845
19778.1000 0.5846
19787.6000 0.5847
19787.6000 0.5848
19804.8000 0.5850
19812.6000 0.5851
19822.2000 0.5852
19822.5000 0.5854
19846.5000 0.5855
19854.5000 0.5856
19876.1000 0.5857
19878.6000 0.5859
19883.5000 0.5860
19889.3000 0.5861
19910.5000 0.5862
19913.1000 0.5864
19933.7000 0.5865
19950.5000 0.5866
19981.4000 0.5867
19993.6000 0.5869
20007.2000 0.5870
20029.0000 0.5871
20049.6000 0.5872
20051.6000 0.5874
20052.6000 0.5875
20072.5000 0.5876
20094.5000 0.5878
20110.2000 0.5879
20142.5000 0.5880
20145.8000 0.5881
20146.8000 0.5883
20149.8000 0.5884
20163.7000 0.5885
20183.2000 0.5886
20233.3000 0.5888
20239.3000 0.5889
20249.5000 0.5890
20271.6000 0.5891
20285.6000 0.5893
20295.3000 0.5894
20301.2000 0.5895
20327.6000 0.5896
20332.9000 0.5898
20333.9000 0.5899
20341.9000 0.5900
20346.6000 0.5902
20365.7000 0.5903
20365.7000 0.5904
20366.5000 0.5905
20373.2000 0.5907
20374.2000 0.5908
20383.2000 0.5909
20392.7000 0.5910
20397.1000 0.5912
20397.8000 0.5913
20401.6000 0.5914
20403.4000 0.5915
20407.6000 0.5917
20435.0000 0.5918
20464.1000 0.5919
20480.7000 0.5920
20482.6000 0.5922
20498.4000 0.5923
20498.8000 0.5924
20513.1000 0.5926
20525.7000 0.5927
20531.1000 0.5928
20539.3000 0.5929
20551.2000 0.5931
20557.2000 0.5932
20568.5000 0.5933
20602.9000 0.5934
20622.1000 0.5936
20623.7000 0.5937
20624.8000 0.5938
20682.4000 0.5939
20691.6000 0.5941
20703.5000 0.5942
20736.7000 0.5943
20742.2000 0.5944
20796.6000 0.5946
20806.4000 0.5947
20831.5000 0.5948
20840.8000 0.5949
20858.3000 0.5951
20865.9000 0.5952
20871.8000 0.5953
20875.1000 0.5955
20894.6000 0.5956
20940.7000 0.5957
20948.5000 0.5958
20954.5000 0.5960
20960.6000 0.5961
21005.9000 0.5962
21007.5000 0.5963
21009.0000 0.5965
21020.5000 0.5966
21027.3000 0.5967
21037.2000 0.5968
21042.6000 0.5970
21086.1000 0.5971
21093.9000 0.5972
21101.7000 0.5973
21105.5000 0.5975
21110.1000 0.5976
21123.9000 0.5977
21135.7000 0.5979
21137.6000 0.5980
21148.2000 0.5981
21171.8000 0.5982
21176.8000 0.5984
21186.7000 0.5985
21203.4000 0.5986
21222.2000 0.5987
21277.3000 0.5989
21293.4000 0.5990
21296.3000 0.5991
21296.4000 0.5992
21310.9000 0.5994
21330.1000 0.5995
21335.8000 0.5996
21406.7000 0.5997
21407.5000 0.5999
21407.8000 0.6000
21438.4000 0.6001
21472.3000 0.6003
21484.4000 0.6004
21489.7000 0.6005
21495.7000 0.6006
21521.6000 0.6008
21549.6000 0.6009
21554.1000 0.6010
21571.3000 0.6011
21581.5000 0.6013
21584.6000 0.6014
21595.0000 0.6015
21625.8000 0.6016
21642.8000 0.6018
21648.2000 0.6019
21659.0000 0.6020
21668.6000 0.6021
21670.6000 0.6023
21673.9000 0.6024
21707.2000 0.6025
21721.9000 0.6027
21727.7000 0.6028
21750.3000 0.6029
21752.6000 0.6030
21770.7000 0.6032
21819.9000 0.6033
21828.6000 0.6034
21848.6000 0.6035
21865.0000 0.6037
21892.1000 0.6038
21900.6000 0.6039
21905.4000 0.6040
21920.4000 0.6042
21922.3000 0.6043
21971.1000 0.6044
21976.6000 0.6045
21977.6000 0.6047
21997.9000 0.6048
22020.5000 0.6049
22026.4000 0.6051
22029.7000 0.6052
22036.6000 0.6053
22047.8000 0.6054
22070.2000 0.6056
22070.6000 0.6057
22080.6000 0.6058
22093.1000 0.6059
22114.4000 0.6061
22137.8000 0.6062
22165.9000 0.6063
22172.7000 0.6064
22177.6000 0.6066
22228.8000 0.6067
22240.1000 0.6068
22240.4000 0.6069
22248.3000 0.6071
22249.6000 0.6072
22266.8000 0.6073
22276.5000 0.6074
22282.7000 0.6076
22285.4000 0.6077
22285.7000 0.6078
22290.5000 0.6080
22306.7000 0.6081
22324.2000 0.6082
22346.7000 0.6083
22364.2000 0.6085
22367.4000 0.6086
22375.9000 0.6087
22399.7000 0.6088
22408.8000 0.6090
22424.7000 0.6091
22443.2000 0.6092
22461.4000 0.6093
22466.6000 0.6095
22481.7000 0.6096
22527.9000 0.6097
22586.3000 0.6098
22589.2000 0.6100
22593.6000 0.6101
22594.1000 0.6102
22612.3000 0.6104
22616.4000 0.6105
22632.0000 0.6106
22636.0000 0.6107
22656.7000 0.6109
22688.8000 0.6110
22708.8000 0.6111
22754.2000 0.6112
22757.6000 0.6114
22788.6000 0.6115
22815.6000 0.6116
22824.2000 0.6117
22824.8000 0.6119
22833.4000 0.6120
22843.3000 0.6121
22852.6000 0.6122
22859.4000 0.6124
22876.9000 0.6125
22879.6000 0.6126
22881.7000 0.6128
22892.8000 0.6129
22900.3000 0.6130
22936.9000 0.6131
22950.6000 0.6133
22951.0000 0.6134
22954.5000 0.6135
22960.6000 0.6136
22961.6000 0.6138
22961.8000 0.6139
22998.9000 0.6140
23036.3000 0.6141
23068.8000 0.6143
23092.9000 0.6144
23096.5000 0.6145
23107.8000 0.6146
23161.5000 0.6148
23164.0000 0.6149
23181.7000 0.6150
23282.5000 0.6152
23285.7000 0.6153
23313.8000 0.6154
23318.7000 0.6155
23327.6000 0.6157
23348.4000 0.6158
23359.6000 0.6159
23381.1000 0.6160
23389.1000 0.6162
23494.2000 0.6163
23510.8000 0.6164
23529.1000 0.6165
23533.6000 0.6167
23557.8000 0.6168
23570.2000 0.6169
23582.7000 0.6170
23611.3000 0.6172
23623.5000 0.6173
23643.5000 0.6174
23654.5000 0.6176
23699.6000 0.6177
23742.3000 0.6178
23799.7000 0.6179
23816.6000 0.6181
23834.8000 0.6182
23839.9000 0.6183
23866.0000 0.6184
23903.6000 0.6186
23926.8000 0.6187
23940.3000 0.6188
23945.5000 0.6189
23966.6000 0.6191
23974.9000 0.6192
23981.8000 0.6193
