# messageDelay  cumulativeProbability
1.0000 0.0001
1.0000 0.0003
1.0000 0.0004
1.0000 0.0005
1.0000 0.0006
1.0000 0.0008
1.0000 0.0009
1.0000 0.0010
1.0000 0.0011
1.0000 0.0013
1.0000 0.0014
1.0000 0.0015
1.0000 0.0016
1.0000 0.0018
1.0000 0.0019
1.0000 0.0020
1.0000 0.0021
1.6000 0.0023
1.8000 0.0024
3.0000 0.0025
9.6000 0.0027
43.2000 0.0028
52.6000 0.0029
58.5000 0.0030
61.2000 0.0032
61.7000 0.0033
67.8000 0.0034
71.1000 0.0035
83.1000 0.0037
83.7000 0.0038
92.6000 0.0039
97.3000 0.0040
100.3000 0.0042
101.3000 0.0043
101.9000 0.0044
102.5000 0.0045
103.4000 0.0047
110.8000 0.0048
112.6000 0.0049
113.7000 0.0051
113.8000 0.0052
114.2000 0.0053
117.1000 0.0054
117.4000 0.0056
118.4000 0.0057
119.7000 0.0058
119.8000 0.0059
123.1000 0.0061
124.0000 0.0062
128.2000 0.0063
132.2000 0.0064
132.4000 0.0066
133.5000 0.0067
135.0000 0.0068
136.6000 0.0069
136.9000 0.0071
137.7000 0.0072
143.2000 0.0073
143.8000 0.0074
144.2000 0.0076
145.5000 0.0077
149.2000 0.0078
150.2000 0.0080
154.2000 0.0081
156.9000 0.0082
158.8000 0.0083
159.7000 0.0085
160.1000 0.0086
163.0000 0.0087
166.7000 0.0088
169.8000 0.0090
174.5000 0.0091
176.3000 0.0092
176.8000 0.0093
183.8000 0.0095
184.7000 0.0096
187.1000 0.0097
188.9000 0.0098
189.5000 0.0100
192.2000 0.0101
195.8000 0.0102
196.5000 0.0104
197.8000 0.0105
197.9000 0.0106
199.8000 0.0107
199.9000 0.0109
201.3000 0.0110
201.6000 0.0111
203.4000 0.0112
206.3000 0.0114
207.5000 0.0115
208.8000 0.0116
209.3000 0.0117
210.5000 0.0119
212.8000 0.0120
213.5000 0.0121
213.9000 0.0122
214.9000 0.0124
215.5000 0.0125
218.2000 0.0126
218.7000 0.0128
219.5000 0.0129
221.0000 0.0130
221.8000 0.0131
222.3000 0.0133
224.2000 0.0134
224.4000 0.0135
229.8000 0.0136
229.9000 0.0138
230.2000 0.0139
234.0000 0.0140
234.4000 0.0141
234.6000 0.0143
235.5000 0.0144
235.9000 0.0145
237.5000 0.0146
237.8000 0.0148
239.4000 0.0149
239.4000 0.0150
240.4000 0.0152
241.2000 0.0153
242.7000 0.0154
242.9000 0.0155
244.7000 0.0157
246.3000 0.0158
247.4000 0.0159
247.5000 0.0160
248.6000 0.0162
248.8000 0.0163
249.1000 0.0164
253.3000 0.0165
253.8000 0.0167
254.7000 0.0168
255.6000 0.0169
255.6000 0.0170
258.7000 0.0172
259.9000 0.0173
261.0000 0.0174
261.3000 0.0176
262.6000 0.0177
262.6000 0.0178
264.1000 0.0179
264.6000 0.0181
266.1000 0.0182
266.9000 0.0183
270.6000 0.0184
272.4000 0.0186
273.5000 0.0187
275.3000 0.0188
276.7000 0.0189
278.7000 0.0191
278.9000 0.0192
279.3000 0.0193
281.0000 0.0194
281.4000 0.0196
281.6000 0.0197
282.2000 0.0198
282.4000 0.0199
282.8000 0.0201
286.4000 0.0202
287.4000 0.0203
287.6000 0.0205
287.6000 0.0206
291.2000 0.0207
291.5000 0.0208
292.3000 0.0210
294.4000 0.0211
296.6000 0.0212
297.3000 0.0213
297.7000 0.0215
299.3000 0.0216
302.4000 0.0217
303.5000 0.0218
304.8000 0.0220
305.7000 0.0221
305.9000 0.0222
306.6000 0.0223
307.4000 0.0225
308.7000 0.0226
309.9000 0.0227
310.1000 0.0229
310.2000 0.0230
310.4000 0.0231
310.6000 0.0232
312.7000 0.0234
314.5000 0.0235
316.4000 0.0236
316.6000 0.0237
318.3000 0.0239
318.3000 0.0240
318.5000 0.0241
318.7000 0.0242
319.3000 0.0244
319.7000 0.0245
319.8000 0.0246
320.5000 0.0247
320.5000 0.0249
321.1000 0.0250
321.2000 0.0251
321.5000 0.0253
322.1000 0.0254
322.4000 0.0255
322.7000 0.0256
323.3000 0.0258
323.8000 0.0259
326.0000 0.0260
327.5000 0.0261
330.7000 0.0263
332.7000 0.0264
333.1000 0.0265
333.5000 0.0266
334.7000 0.0268
334.9000 0.0269
336.8000 0.0270
337.9000 0.0271
338.4000 0.0273
339.1000 0.0274
339.8000 0.0275
342.8000 0.0277
343.4000 0.0278
343.5000 0.0279
344.1000 0.0280
344.3000 0.0282
345.2000 0.0283
345.3000 0.0284
348.1000 0.0285
348.1000 0.0287
348.4000 0.0288
351.8000 0.0289
352.5000 0.0290
354.9000 0.0292
355.0000 0.0293
357.1000 0.0294
357.7000 0.0295
359.4000 0.0297
359.7000 0.0298
360.7000 0.0299
362.7000 0.0301
364.2000 0.0302
367.7000 0.0303
369.2000 0.0304
369.7000 0.0306
370.3000 0.0307
370.7000 0.0308
370.9000 0.0309
371.2000 0.0311
371.4000 0.0312
372.6000 0.0313
373.2000 0.0314
376.5000 0.0316
378.3000 0.0317
379.6000 0.0318
379.6000 0.0319
379.7000 0.0321
381.8000 0.0322
384.8000 0.0323
385.4000 0.0324
385.7000 0.0326
386.3000 0.0327
386.3000 0.0328
388.9000 0.0330
392.2000 0.0331
393.5000 0.0332
394.0000 0.0333
394.1000 0.0335
396.8000 0.0336
399.5000 0.0337
400.1000 0.0338
404.2000 0.0340
404.5000 0.0341
404.9000 0.0342
405.6000 0.0343
406.6000 0.0345
407.6000 0.0346
408.3000 0.0347
410.6000 0.0348
410.6000 0.0350
410.8000 0.0351
411.9000 0.0352
413.5000 0.0354
413.6000 0.0355
414.5000 0.0356
414.6000 0.0357
415.1000 0.0359
416.8000 0.0360
419.0000 0.0361
419.2000 0.0362
419.3000 0.0364
420.2000 0.0365
420.8000 0.0366
421.6000 0.0367
422.3000 0.0369
422.3000 0.0370
423.1000 0.0371
424.2000 0.0372
425.4000 0.0374
427.6000 0.0375
427.8000 0.0376
427.8000 0.0378
428.1000 0.0379
428.4000 0.0380
429.8000 0.0381
430.8000 0.0383
431.1000 0.0384
431.7000 0.0385
432.3000 0.0386
432.3000 0.0388
435.7000 0.0389
435.9000 0.0390
436.5000 0.0391
436.9000 0.0393
437.6000 0.0394
438.6000 0.0395
438.8000 0.0396
439.5000 0.0398
439.8000 0.0399
440.2000 0.0400
440.9000 0.0402
442.2000 0.0403
445.2000 0.0404
446.5000 0.0405
447.4000 0.0407
449.9000 0.0408
450.5000 0.0409
451.8000 0.0410
452.8000 0.0412
454.2000 0.0413
455.2000 0.0414
456.5000 0.0415
457.4000 0.0417
458.5000 0.0418
458.7000 0.0419
459.2000 0.0420
459.3000 0.0422
459.4000 0.0423
460.4000 0.0424
463.7000 0.0426
463.8000 0.0427
466.8000 0.0428
468.2000 0.0429
468.2000 0.0431
468.8000 0.0432
472.8000 0.0433
473.5000 0.0434
473.7000 0.0436
474.9000 0.0437
474.9000 0.0438
474.9000 0.0439
475.5000 0.0441
476.6000 0.0442
477.0000 0.0443
477.3000 0.0444
478.1000 0.0446
480.0000 0.0447
481.7000 0.0448
482.6000 0.0449
484.2000 0.0451
484.5000 0.0452
484.6000 0.0453
485.3000 0.0455
485.6000 0.0456
485.7000 0.0457
486.6000 0.0458
487.6000 0.0460
489.1000 0.0461
489.2000 0.0462
489.7000 0.0463
489.7000 0.0465
492.6000 0.0466
494.0000 0.0467
494.8000 0.0468
494.9000 0.0470
495.5000 0.0471
495.5000 0.0472
497.4000 0.0473
497.4000 0.0475
497.6000 0.0476
498.4000 0.0477
498.4000 0.0479
500.6000 0.0480
500.9000 0.0481
502.7000 0.0482
502.9000 0.0484
504.5000 0.0485
505.0000 0.0486
505.6000 0.0487
507.6000 0.0489
507.7000 0.0490
508.1000 0.0491
509.2000 0.0492
511.2000 0.0494
512.1000 0.0495
512.1000 0.0496
513.5000 0.0497
514.8000 0.0499
515.0000 0.0500
516.0000 0.0501
516.2000 0.0503
517.1000 0.0504
517.4000 0.0505
518.4000 0.0506
519.4000 0.0508
519.7000 0.0509
519.9000 0.0510
520.7000 0.0511
520.8000 0.0513
523.4000 0.0514
523.4000 0.0515
524.6000 0.0516
526.1000 0.0518
526.2000 0.0519
527.0000 0.0520
527.3000 0.0521
527.4000 0.0523
528.7000 0.0524
530.0000 0.0525
530.0000 0.0527
530.5000 0.0528
530.6000 0.0529
531.0000 0.0530
531.4000 0.0532
533.3000 0.0533
534.5000 0.0534
536.1000 0.0535
537.9000 0.0537
538.8000 0.0538
539.6000 0.0539
540.0000 0.0540
541.2000 0.0542
541.6000 0.0543
544.5000 0.0544
544.8000 0.0545
545.0000 0.0547
547.5000 0.0548
547.6000 0.0549
547.7000 0.0551
550.6000 0.0552
550.6000 0.0553
552.6000 0.0554
555.4000 0.0556
555.8000 0.0557
557.2000 0.0558
557.7000 0.0559
557.8000 0.0561
558.1000 0.0562
559.4000 0.0563
560.0000 0.0564
561.7000 0.0566
561.8000 0.0567
562.1000 0.0568
562.8000 0.0569
565.2000 0.0571
565.6000 0.0572
565.7000 0.0573
566.6000 0.0574
567.4000 0.0576
568.4000 0.0577
568.7000 0.0578
571.5000 0.0580
572.5000 0.0581
572.7000 0.0582
573.0000 0.0583
574.5000 0.0585
574.6000 0.0586
575.8000 0.0587
576.1000 0.0588
576.6000 0.0590
577.1000 0.0591
577.1000 0.0592
577.3000 0.0593
577.3000 0.0595
577.6000 0.0596
578.3000 0.0597
578.5000 0.0598
578.9000 0.0600
579.9000 0.0601
580.1000 0.0602
580.5000 0.0604
581.5000 0.0605
582.3000 0.0606
583.2000 0.0607
583.4000 0.0609
584.6000 0.0610
584.9000 0.0611
585.4000 0.0612
586.1000 0.0614
587.5000 0.0615
588.3000 0.0616
588.5000 0.0617
589.5000 0.0619
589.6000 0.0620
591.2000 0.0621
591.4000 0.0622
591.5000 0.0624
593.9000 0.0625
594.2000 0.0626
594.2000 0.0628
594.3000 0.0629
594.4000 0.0630
594.4000 0.0631
594.5000 0.0633
596.2000 0.0634
599.1000 0.0635
599.6000 0.0636
599.9000 0.0638
600.0000 0.0639
601.1000 0.0640
602.3000 0.0641
602.5000 0.0643
603.4000 0.0644
603.5000 0.0645
604.3000 0.0646
604.6000 0.0648
606.3000 0.0649
606.6000 0.0650
607.6000 0.0652
607.6000 0.0653
607.9000 0.0654
607.9000 0.0655
608.3000 0.0657
608.7000 0.0658
609.6000 0.0659
610.0000 0.0660
610.1000 0.0662
610.9000 0.0663
611.3000 0.0664
611.5000 0.0665
612.6000 0.0667
612.7000 0.0668
612.8000 0.0669
613.6000 0.0670
613.9000 0.0672
616.4000 0.0673
616.4000 0.0674
618.3000 0.0676
618.3000 0.0677
620.7000 0.0678
620.8000 0.0679
621.4000 0.0681
622.3000 0.0682
622.8000 0.0683
625.8000 0.0684
626.4000 0.0686
627.2000 0.0687
627.4000 0.0688
628.4000 0.0689
629.0000 0.0691
631.4000 0.0692
631.4000 0.0693
631.5000 0.0694
631.9000 0.0696
633.7000 0.0697
634.3000 0.0698
634.6000 0.0699
634.9000 0.0701
635.0000 0.0702
635.6000 0.0703
635.7000 0.0705
636.9000 0.0706
639.5000 0.0707
639.8000 0.0708
646.3000 0.0710
647.7000 0.0711
648.7000 0.0712
649.0000 0.0713
650.5000 0.0715
652.5000 0.0716
652.6000 0.0717
654.7000 0.0718
654.7000 0.0720
655.6000 0.0721
657.4000 0.0722
657.6000 0.0723
657.7000 0.0725
657.8000 0.0726
658.8000 0.0727
659.2000 0.0729
661.2000 0.0730
664.2000 0.0731
669.5000 0.0732
672.6000 0.0734
673.2000 0.0735
674.8000 0.0736
675.5000 0.0737
675.6000 0.0739
675.8000 0.0740
676.2000 0.0741
678.2000 0.0742
678.5000 0.0744
678.9000 0.0745
679.0000 0.0746
679.1000 0.0747
679.3000 0.0749
680.0000 0.0750
680.9000 0.0751
681.9000 0.0753
682.8000 0.0754
685.0000 0.0755
685.7000 0.0756
686.3000 0.0758
686.6000 0.0759
687.8000 0.0760
689.5000 0.0761
690.6000 0.0763
691.2000 0.0764
691.6000 0.0765
693.8000 0.0766
697.9000 0.0768
698.0000 0.0769
699.5000 0.0770
700.1000 0.0771
702.5000 0.0773
703.1000 0.0774
703.3000 0.0775
703.9000 0.0777
704.6000 0.0778
705.2000 0.0779
706.4000 0.0780
710.5000 0.0782
712.6000 0.0783
713.7000 0.0784
714.1000 0.0785
714.2000 0.0787
715.8000 0.0788
717.1000 0.0789
717.3000 0.0790
717.4000 0.0792
717.5000 0.0793
717.5000 0.0794
718.4000 0.0795
718.5000 0.0797
718.5000 0.0798
720.5000 0.0799
720.7000 0.0801
723.9000 0.0802
725.0000 0.0803
725.3000 0.0804
725.5000 0.0806
725.8000 0.0807
727.4000 0.0808
728.2000 0.0809
728.4000 0.0811
729.3000 0.0812
732.4000 0.0813
733.3000 0.0814
733.8000 0.0816
734.2000 0.0817
737.1000 0.0818
737.4000 0.0819
737.7000 0.0821
739.8000 0.0822
740.0000 0.0823
741.3000 0.0824
741.6000 0.0826
744.3000 0.0827
744.3000 0.0828
744.6000 0.0830
744.8000 0.0831
746.3000 0.0832
749.0000 0.0833
749.1000 0.0835
750.0000 0.0836
751.3000 0.0837
752.4000 0.0838
752.9000 0.0840
755.0000 0.0841
755.0000 0.0842
758.5000 0.0843
758.5000 0.0845
758.6000 0.0846
758.7000 0.0847
758.7000 0.0848
758.7000 0.0850
758.9000 0.0851
758.9000 0.0852
761.3000 0.0854
762.5000 0.0855
762.8000 0.0856
762.9000 0.0857
763.3000 0.0859
764.4000 0.0860
764.9000 0.0861
766.2000 0.0862
766.5000 0.0864
767.5000 0.0865
768.2000 0.0866
768.2000 0.0867
768.8000 0.0869
768.8000 0.0870
768.8000 0.0871
769.2000 0.0872
769.4000 0.0874
769.7000 0.0875
769.8000 0.0876
770.1000 0.0878
771.7000 0.0879
771.7000 0.0880
772.9000 0.0881
775.0000 0.0883
776.6000 0.0884
776.6000 0.0885
777.2000 0.0886
779.6000 0.0888
779.7000 0.0889
779.8000 0.0890
780.9000 0.0891
782.1000 0.0893
782.7000 0.0894
782.8000 0.0895
784.1000 0.0896
784.2000 0.0898
784.8000 0.0899
786.7000 0.0900
787.6000 0.0902
788.1000 0.0903
790.8000 0.0904
796.8000 0.0905
797.2000 0.0907
797.7000 0.0908
797.8000 0.0909
798.3000 0.0910
799.0000 0.0912
799.1000 0.0913
799.2000 0.0914
801.1000 0.0915
802.8000 0.0917
803.4000 0.0918
803.6000 0.0919
803.9000 0.0920
804.8000 0.0922
805.3000 0.0923
806.2000 0.0924
807.5000 0.0926
807.5000 0.0927
808.3000 0.0928
809.3000 0.0929
809.8000 0.0931
810.6000 0.0932
811.1000 0.0933
812.3000 0.0934
814.5000 0.0936
814.5000 0.0937
814.6000 0.0938
816.2000 0.0939
819.6000 0.0941
820.4000 0.0942
820.7000 0.0943
821.7000 0.0944
821.8000 0.0946
822.2000 0.0947
823.2000 0.0948
823.3000 0.0949
824.9000 0.0951
825.7000 0.0952
826.9000 0.0953
827.9000 0.0955
829.6000 0.0956
830.0000 0.0957
830.4000 0.0958
833.4000 0.0960
834.8000 0.0961
835.0000 0.0962
836.2000 0.0963
837.5000 0.0965
837.7000 0.0966
837.7000 0.0967
838.5000 0.0968
839.3000 0.0970
840.2000 0.0971
841.1000 0.0972
842.5000 0.0973
842.5000 0.0975
843.2000 0.0976
844.3000 0.0977
844.8000 0.0979
845.6000 0.0980
846.6000 0.0981
847.3000 0.0982
847.8000 0.0984
848.8000 0.0985
849.6000 0.0986
850.6000 0.0987
851.3000 0.0989
851.8000 0.0990
852.0000 0.0991
853.3000 0.0992
853.3000 0.0994
854.9000 0.0995
855.6000 0.0996
858.1000 0.0997
858.4000 0.0999
859.8000 0.1000
859.8000 0.1001
860.0000 0.1003
860.7000 0.1004
861.1000 0.1005
862.5000 0.1006
863.0000 0.1008
864.5000 0.1009
865.3000 0.1010
867.2000 0.1011
868.4000 0.1013
869.3000 0.1014
869.9000 0.1015
871.4000 0.1016
873.2000 0.1018
873.7000 0.1019
874.5000 0.1020
875.0000 0.1021
875.2000 0.1023
875.2000 0.1024
875.8000 0.1025
877.4000 0.1027
879.2000 0.1028
883.3000 0.1029
883.8000 0.1030
884.5000 0.1032
885.6000 0.1033
887.2000 0.1034
887.7000 0.1035
891.1000 0.1037
892.9000 0.1038
893.2000 0.1039
895.0000 0.1040
895.2000 0.1042
896.3000 0.1043
896.9000 0.1044
897.1000 0.1045
897.9000 0.1047
898.3000 0.1048
898.6000 0.1049
898.7000 0.1051
899.1000 0.1052
899.1000 0.1053
899.5000 0.1054
901.6000 0.1056
902.5000 0.1057
902.8000 0.1058
902.9000 0.1059
903.5000 0.1061
904.6000 0.1062
905.3000 0.1063
905.4000 0.1064
906.4000 0.1066
906.5000 0.1067
907.7000 0.1068
907.8000 0.1069
908.6000 0.1071
909.4000 0.1072
909.9000 0.1073
910.2000 0.1074
910.5000 0.1076
910.8000 0.1077
911.0000 0.1078
911.7000 0.1080
912.3000 0.1081
912.7000 0.1082
914.0000 0.1083
914.4000 0.1085
914.5000 0.1086
914.7000 0.1087
915.1000 0.1088
916.1000 0.1090
917.4000 0.1091
917.5000 0.1092
917.5000 0.1093
918.9000 0.1095
920.6000 0.1096
921.0000 0.1097
921.6000 0.1098
923.5000 0.1100
924.6000 0.1101
924.9000 0.1102
927.5000 0.1104
929.4000 0.1105
930.7000 0.1106
931.2000 0.1107
931.7000 0.1109
932.5000 0.1110
934.6000 0.1111
937.2000 0.1112
938.9000 0.1114
939.6000 0.1115
940.3000 0.1116
941.2000 0.1117
943.8000 0.1119
944.5000 0.1120
945.7000 0.1121
945.8000 0.1122
945.8000 0.1124
946.4000 0.1125
949.8000 0.1126
949.9000 0.1128
950.2000 0.1129
950.7000 0.1130
952.8000 0.1131
953.1000 0.1133
953.3000 0.1134
954.8000 0.1135
955.4000 0.1136
955.6000 0.1138
957.2000 0.1139
957.3000 0.1140
957.6000 0.1141
958.4000 0.1143
959.6000 0.1144
961.3000 0.1145
962.5000 0.1146
962.6000 0.1148
962.8000 0.1149
963.3000 0.1150
964.2000 0.1152
966.2000 0.1153
966.6000 0.1154
966.7000 0.1155
968.2000 0.1157
970.5000 0.1158
970.6000 0.1159
970.7000 0.1160
970.7000 0.1162
971.6000 0.1163
971.7000 0.1164
974.5000 0.1165
974.5000 0.1167
974.9000 0.1168
975.6000 0.1169
976.2000 0.1170
977.2000 0.1172
977.5000 0.1173
977.7000 0.1174
977.8000 0.1176
980.3000 0.1177
980.4000 0.1178
981.4000 0.1179
983.6000 0.1181
984.2000 0.1182
984.5000 0.1183
985.0000 0.1184
985.2000 0.1186
985.4000 0.1187
986.6000 0.1188
986.6000 0.1189
986.7000 0.1191
991.0000 0.1192
992.6000 0.1193
992.8000 0.1194
995.3000 0.1196
995.7000 0.1197
997.5000 0.1198
998.3000 0.1199
998.6000 0.1201
1002.7000 0.1202
1003.1000 0.1203
1003.3000 0.1205
1003.6000 0.1206
1004.8000 0.1207
1005.6000 0.1208
1005.9000 0.1210
1007.1000 0.1211
1007.6000 0.1212
1008.4000 0.1213
1011.4000 0.1215
1012.6000 0.1216
1012.7000 0.1217
1013.3000 0.1218
1013.4000 0.1220
1013.8000 0.1221
1014.4000 0.1222
1014.8000 0.1223
1019.2000 0.1225
1019.6000 0.1226
1019.7000 0.1227
1019.8000 0.1229
1020.4000 0.1230
1020.5000 0.1231
1021.8000 0.1232
1023.4000 0.1234
1024.8000 0.1235
1029.5000 0.1236
1029.5000 0.1237
1030.5000 0.1239
1030.6000 0.1240
1032.1000 0.1241
1032.3000 0.1242
1032.8000 0.1244
1034.4000 0.1245
1035.1000 0.1246
1035.4000 0.1247
1038.8000 0.1249
1039.8000 0.1250
1039.8000 0.1251
1041.1000 0.1253
1042.0000 0.1254
1043.8000 0.1255
1044.3000 0.1256
1044.7000 0.1258
1045.3000 0.1259
1045.4000 0.1260
1046.1000 0.1261
1047.7000 0.1263
1048.3000 0.1264
1048.7000 0.1265
1050.2000 0.1266
1050.6000 0.1268
1050.7000 0.1269
1052.1000 0.1270
1052.5000 0.1271
1053.8000 0.1273
1054.4000 0.1274
1055.6000 0.1275
1055.7000 0.1277
1056.6000 0.1278
1057.7000 0.1279
1058.2000 0.1280
1060.0000 0.1282
1060.6000 0.1283
1061.3000 0.1284
1063.6000 0.1285
1064.3000 0.1287
1065.5000 0.1288
1065.6000 0.1289
1067.6000 0.1290
1068.9000 0.1292
1069.5000 0.1293
1070.3000 0.1294
1070.9000 0.1295
1073.1000 0.1297
1073.3000 0.1298
1074.1000 0.1299
1074.2000 0.1301
1074.7000 0.1302
1075.0000 0.1303
1075.9000 0.1304
1084.5000 0.1306
1084.8000 0.1307
1084.8000 0.1308
1085.1000 0.1309
1085.8000 0.1311
1087.3000 0.1312
1087.5000 0.1313
1088.4000 0.1314
1088.7000 0.1316
1091.6000 0.1317
1092.4000 0.1318
1092.6000 0.1319
1094.5000 0.1321
1095.5000 0.1322
1096.3000 0.1323
1097.4000 0.1324
1097.7000 0.1326
1099.5000 0.1327
1100.4000 0.1328
1100.5000 0.1330
1100.7000 0.1331
1101.2000 0.1332
1102.2000 0.1333
1102.3000 0.1335
1103.7000 0.1336
1105.4000 0.1337
1108.6000 0.1338
1109.2000 0.1340
1110.1000 0.1341
1110.3000 0.1342
1111.4000 0.1343
1112.6000 0.1345
1112.8000 0.1346
1113.6000 0.1347
1115.1000 0.1348
1115.6000 0.1350
1116.3000 0.1351
1116.4000 0.1352
1118.0000 0.1354
1118.3000 0.1355
1118.3000 0.1356
1118.6000 0.1357
1118.7000 0.1359
1118.7000 0.1360
1119.9000 0.1361
1123.0000 0.1362
1123.1000 0.1364
1123.8000 0.1365
1124.9000 0.1366
1125.2000 0.1367
1125.7000 0.1369
1127.0000 0.1370
1127.2000 0.1371
1128.1000 0.1372
1129.1000 0.1374
1132.6000 0.1375
1132.7000 0.1376
1132.9000 0.1378
1133.0000 0.1379
1133.6000 0.1380
1133.6000 0.1381
1134.8000 0.1383
1135.8000 0.1384
1136.7000 0.1385
1137.5000 0.1386
1138.7000 0.1388
1139.0000 0.1389
1139.5000 0.1390
1139.8000 0.1391
1141.2000 0.1393
1141.3000 0.1394
1142.5000 0.1395
1143.3000 0.1396
1143.9000 0.1398
1144.4000 0.1399
1144.5000 0.1400
1145.4000 0.1402
1146.5000 0.1403
1146.6000 0.1404
1147.2000 0.1405
1147.7000 0.1407
1149.9000 0.1408
1150.0000 0.1409
1150.7000 0.1410
1151.4000 0.1412
1152.5000 0.1413
1156.2000 0.1414
1156.5000 0.1415
1157.7000 0.1417
1158.4000 0.1418
1160.7000 0.1419
1161.9000 0.1420
1163.8000 0.1422
1165.0000 0.1423
1165.3000 0.1424
1166.3000 0.1426
1166.6000 0.1427
1167.7000 0.1428
1168.8000 0.1429
1169.0000 0.1431
1169.2000 0.1432
1169.7000 0.1433
1170.2000 0.1434
1171.9000 0.1436
1176.0000 0.1437
1177.3000 0.1438
1178.0000 0.1439
1179.3000 0.1441
1179.7000 0.1442
1180.4000 0.1443
1181.4000 0.1444
1183.1000 0.1446
1183.6000 0.1447
1184.1000 0.1448
1187.3000 0.1449
1187.3000 0.1451
1189.0000 0.1452
1189.8000 0.1453
1190.4000 0.1455
1190.7000 0.1456
1190.7000 0.1457
1191.1000 0.1458
1191.6000 0.1460
1192.4000 0.1461
1192.5000 0.1462
1192.5000 0.1463
1192.8000 0.1465
1193.3000 0.1466
1196.5000 0.1467
1197.3000 0.1468
1201.1000 0.1470
1201.5000 0.1471
1202.3000 0.1472
1202.7000 0.1473
1208.4000 0.1475
1209.3000 0.1476
1210.3000 0.1477
1211.9000 0.1479
1213.6000 0.1480
1214.2000 0.1481
1214.2000 0.1482
1215.7000 0.1484
1216.3000 0.1485
1219.8000 0.1486
1220.3000 0.1487
1220.6000 0.1489
1222.7000 0.1490
1227.3000 0.1491
1227.3000 0.1492
1230.2000 0.1494
1230.3000 0.1495
1231.4000 0.1496
1231.5000 0.1497
1235.0000 0.1499
1235.8000 0.1500
1235.9000 0.1501
1236.7000 0.1503
1237.6000 0.1504
1237.6000 0.1505
1240.1000 0.1506
1240.2000 0.1508
1241.3000 0.1509
1241.5000 0.1510
1241.5000 0.1511
1241.7000 0.1513
1242.6000 0.1514
1242.8000 0.1515
1243.5000 0.1516
1243.5000 0.1518
1243.6000 0.1519
1244.3000 0.1520
1244.6000 0.1521
1246.1000 0.1523
1246.2000 0.1524
1247.5000 0.1525
1248.4000 0.1527
1248.8000 0.1528
1250.5000 0.1529
1251.2000 0.1530
1251.3000 0.1532
1251.4000 0.1533
1255.2000 0.1534
1255.3000 0.1535
1255.6000 0.1537
1255.8000 0.1538
1256.4000 0.1539
1256.7000 0.1540
1258.2000 0.1542
1258.5000 0.1543
1259.1000 0.1544
1260.0000 0.1545
1261.0000 0.1547
1261.2000 0.1548
1263.1000 0.1549
1265.1000 0.1551
1266.3000 0.1552
1266.4000 0.1553
1267.8000 0.1554
1267.9000 0.1556
1268.9000 0.1557
1269.2000 0.1558
1270.0000 0.1559
1270.1000 0.1561
1270.6000 0.1562
1271.2000 0.1563
1273.1000 0.1564
1273.2000 0.1566
1274.3000 0.1567
1275.1000 0.1568
1276.2000 0.1569
1277.4000 0.1571
1277.9000 0.1572
1278.1000 0.1573
1280.1000 0.1574
1280.4000 0.1576
1280.7000 0.1577
1281.4000 0.1578
1282.8000 0.1580
1283.8000 0.1581
1284.2000 0.1582
1284.5000 0.1583
1285.9000 0.1585
1289.2000 0.1586
1290.3000 0.1587
1290.9000 0.1588
1295.0000 0.1590
1295.5000 0.1591
1297.3000 0.1592
1297.8000 0.1593
1299.2000 0.1595
1301.3000 0.1596
1303.2000 0.1597
1304.9000 0.1598
1305.0000 0.1600
1305.5000 0.1601
1307.0000 0.1602
1308.6000 0.1604
1309.2000 0.1605
1309.2000 0.1606
1309.8000 0.1607
1310.2000 0.1609
1310.7000 0.1610
1311.9000 0.1611
1312.5000 0.1612
1314.5000 0.1614
1314.9000 0.1615
1317.3000 0.1616
1317.7000 0.1617
1317.9000 0.1619
1319.2000 0.1620
1319.7000 0.1621
1319.9000 0.1622
1322.2000 0.1624
1322.2000 0.1625
1322.6000 0.1626
1322.7000 0.1628
1323.3000 0.1629
1324.5000 0.1630
1326.4000 0.1631
1326.7000 0.1633
1327.5000 0.1634
1328.4000 0.1635
1331.2000 0.1636
1331.8000 0.1638
1332.0000 0.1639
1333.4000 0.1640
1335.4000 0.1641
1337.1000 0.1643
1340.3000 0.1644
1345.8000 0.1645
1346.6000 0.1646
1347.4000 0.1648
1347.4000 0.1649
1347.6000 0.1650
1349.4000 0.1652
1352.0000 0.1653
1353.0000 0.1654
1353.5000 0.1655
1353.7000 0.1657
1355.9000 0.1658
1356.2000 0.1659
1360.6000 0.1660
1361.0000 0.1662
1361.3000 0.1663
1362.5000 0.1664
1363.1000 0.1665
1366.7000 0.1667
1366.8000 0.1668
1367.1000 0.1669
1368.7000 0.1670
1368.9000 0.1672
1369.7000 0.1673
1369.7000 0.1674
1370.4000 0.1676
1370.8000 0.1677
1370.9000 0.1678
1371.3000 0.1679
1372.1000 0.1681
1372.7000 0.1682
1373.3000 0.1683
1373.9000 0.1684
1374.9000 0.1686
1375.4000 0.1687
1379.2000 0.1688
1379.3000 0.1689
1380.9000 0.1691
1381.2000 0.1692
1383.6000 0.1693
1383.7000 0.1694
1386.7000 0.1696
1388.4000 0.1697
1389.0000 0.1698
1390.4000 0.1699
1390.8000 0.1701
1392.8000 0.1702
1393.8000 0.1703
1394.6000 0.1705
1399.8000 0.1706
1403.1000 0.1707
1403.4000 0.1708
1404.7000 0.1710
1404.8000 0.1711
1405.3000 0.1712
1407.2000 0.1713
1407.6000 0.1715
1409.0000 0.1716
1410.2000 0.1717
1410.3000 0.1718
1412.5000 0.1720
1413.3000 0.1721
1414.9000 0.1722
1416.1000 0.1723
1418.3000 0.1725
1419.0000 0.1726
1419.5000 0.1727
1419.7000 0.1729
1419.8000 0.1730
1421.1000 0.1731
1421.5000 0.1732
1422.2000 0.1734
1422.7000 0.1735
1422.8000 0.1736
1423.1000 0.1737
1423.6000 0.1739
1423.8000 0.1740
1424.5000 0.1741
1425.9000 0.1742
1426.2000 0.1744
1428.8000 0.1745
1429.4000 0.1746
1431.6000 0.1747
1432.7000 0.1749
1437.5000 0.1750
1437.9000 0.1751
1439.2000 0.1753
1440.1000 0.1754
1441.1000 0.1755
1443.7000 0.1756
1443.9000 0.1758
1444.1000 0.1759
1447.8000 0.1760
1450.0000 0.1761
1450.6000 0.1763
1450.8000 0.1764
1451.2000 0.1765
1451.6000 0.1766
1452.7000 0.1768
1453.4000 0.1769
1453.6000 0.1770
1453.9000 0.1771
1454.1000 0.1773
1457.4000 0.1774
1462.1000 0.1775
1463.1000 0.1777
1463.8000 0.1778
1465.5000 0.1779
1465.7000 0.1780
1466.4000 0.1782
1467.1000 0.1783
1467.7000 0.1784
1468.1000 0.1785
1468.6000 0.1787
1470.6000 0.1788
1470.7000 0.1789
1473.6000 0.1790
1473.7000 0.1792
1474.5000 0.1793
1474.9000 0.1794
1475.1000 0.1795
1476.6000 0.1797
1476.7000 0.1798
1477.4000 0.1799
1477.7000 0.1801
1478.4000 0.1802
1479.4000 0.1803
1480.5000 0.1804
1484.7000 0.1806
1487.7000 0.1807
1487.9000 0.1808
1488.3000 0.1809
1488.4000 0.1811
1489.7000 0.1812
1490.9000 0.1813
1492.2000 0.1814
1492.2000 0.1816
1492.8000 0.1817
1493.6000 0.1818
1494.7000 0.1819
1494.7000 0.1821
1494.8000 0.1822
1494.8000 0.1823
1494.9000 0.1824
1494.9000 0.1826
1497.5000 0.1827
1499.0000 0.1828
1500.0000 0.1830
1501.1000 0.1831
1503.3000 0.1832
1503.9000 0.1833
1504.4000 0.1835
1505.5000 0.1836
1506.3000 0.1837
1507.0000 0.1838
1507.8000 0.1840
1509.0000 0.1841
1512.5000 0.1842
1512.6000 0.1843
1513.3000 0.1845
1514.1000 0.1846
1515.9000 0.1847
1516.0000 0.1848
1516.6000 0.1850
1517.5000 0.1851
1517.8000 0.1852
1520.1000 0.1854
1521.9000 0.1855
1522.6000 0.1856
1524.7000 0.1857
1529.2000 0.1859
1529.3000 0.1860
1529.5000 0.1861
1529.7000 0.1862
1530.5000 0.1864
1531.0000 0.1865
1531.2000 0.1866
1531.4000 0.1867
1532.3000 0.1869
1533.2000 0.1870
1533.4000 0.1871
1535.5000 0.1872
1535.9000 0.1874
1539.9000 0.1875
1543.4000 0.1876
1544.4000 0.1878
1544.6000 0.1879
1545.1000 0.1880
1546.1000 0.1881
1548.8000 0.1883
1550.2000 0.1884
1551.8000 0.1885
1551.9000 0.1886
1553.4000 0.1888
1555.8000 0.1889
1557.0000 0.1890
1557.5000 0.1891
1557.8000 0.1893
1559.6000 0.1894
1561.3000 0.1895
1561.6000 0.1896
1562.1000 0.1898
1562.1000 0.1899
1562.4000 0.1900
1562.5000 0.1902
1563.4000 0.1903
1563.7000 0.1904
1565.3000 0.1905
1567.9000 0.1907
1568.2000 0.1908
1572.6000 0.1909
1577.6000 0.1910
1579.4000 0.1912
1579.9000 0.1913
1580.0000 0.1914
1582.1000 0.1915
1582.2000 0.1917
1583.3000 0.1918
1585.3000 0.1919
1585.4000 0.1920
1586.2000 0.1922
1586.3000 0.1923
1586.7000 0.1924
1587.2000 0.1926
1587.4000 0.1927
1588.1000 0.1928
1588.3000 0.1929
1588.5000 0.1931
1589.6000 0.1932
1594.7000 0.1933
1594.8000 0.1934
1594.8000 0.1936
1596.5000 0.1937
1597.6000 0.1938
1597.7000 0.1939
1597.9000 0.1941
1598.0000 0.1942
1599.0000 0.1943
1600.3000 0.1944
1600.3000 0.1946
1600.7000 0.1947
1605.5000 0.1948
1608.0000 0.1949
1608.6000 0.1951
1609.5000 0.1952
1610.0000 0.1953
1610.9000 0.1955
1611.3000 0.1956
1617.6000 0.1957
1620.2000 0.1958
1621.2000 0.1960
1621.6000 0.1961
1622.6000 0.1962
1623.2000 0.1963
1632.7000 0.1965
1633.4000 0.1966
1638.6000 0.1967
1639.2000 0.1968
1643.4000 0.1970
1644.6000 0.1971
1648.3000 0.1972
1651.3000 0.1973
1652.2000 0.1975
1654.6000 0.1976
1659.6000 0.1977
1660.7000 0.1979
1661.7000 0.1980
1663.2000 0.1981
1665.6000 0.1982
1665.8000 0.1984
1667.1000 0.1985
1667.5000 0.1986
1667.7000 0.1987
1668.3000 0.1989
1669.2000 0.1990
1672.6000 0.1991
1672.8000 0.1992
1674.0000 0.1994
1674.2000 0.1995
1675.0000 0.1996
1675.3000 0.1997
1677.4000 0.1999
1680.6000 0.2000
1680.9000 0.2001
1681.2000 0.2003
1683.1000 0.2004
1683.6000 0.2005
1683.6000 0.2006
1683.8000 0.2008
1684.1000 0.2009
1685.0000 0.2010
1685.1000 0.2011
1687.9000 0.2013
1688.2000 0.2014
1691.4000 0.2015
1693.3000 0.2016
1694.8000 0.2018
1697.7000 0.2019
1699.7000 0.2020
1700.2000 0.2021
1704.4000 0.2023
1707.7000 0.2024
1708.5000 0.2025
1709.0000 0.2027
1709.4000 0.2028
1712.5000 0.2029
1712.7000 0.2030
1715.5000 0.2032
1717.6000 0.2033
1718.7000 0.2034
1720.5000 0.2035
1721.2000 0.2037
1722.3000 0.2038
1727.0000 0.2039
1729.2000 0.2040
1729.4000 0.2042
1734.0000 0.2043
1734.2000 0.2044
1734.7000 0.2045
1735.2000 0.2047
1737.4000 0.2048
1738.8000 0.2049
1738.8000 0.2051
1739.1000 0.2052
1739.7000 0.2053
1739.9000 0.2054
1740.0000 0.2056
1741.5000 0.2057
1742.6000 0.2058
1742.7000 0.2059
1743.3000 0.2061
1748.7000 0.2062
1750.2000 0.2063
1751.4000 0.2064
1752.3000 0.2066
1752.4000 0.2067
1753.4000 0.2068
1755.3000 0.2069
1756.2000 0.2071
1756.2000 0.2072
1758.8000 0.2073
1760.3000 0.2074
1760.6000 0.2076
1762.6000 0.2077
1763.0000 0.2078
1763.8000 0.2080
1763.8000 0.2081
1764.5000 0.2082
1770.6000 0.2083
1770.6000 0.2085
1771.4000 0.2086
1772.4000 0.2087
1773.6000 0.2088
1774.1000 0.2090
1775.7000 0.2091
1776.0000 0.2092
1780.5000 0.2093
1782.5000 0.2095
1793.5000 0.2096
1793.7000 0.2097
1796.5000 0.2098
1796.5000 0.2100
1796.8000 0.2101
1798.2000 0.2102
1799.6000 0.2104
1799.8000 0.2105
1802.2000 0.2106
1803.0000 0.2107
1803.3000 0.2109
1804.7000 0.2110
1805.3000 0.2111
1808.5000 0.2112
1810.0000 0.2114
1811.3000 0.2115
1811.5000 0.2116
1815.1000 0.2117
1817.7000 0.2119
1818.2000 0.2120
1824.1000 0.2121
1824.4000 0.2122
1827.6000 0.2124
1828.3000 0.2125
1830.4000 0.2126
1833.5000 0.2128
1835.5000 0.2129
1836.0000 0.2130
1836.2000 0.2131
1839.9000 0.2133
1842.0000 0.2134
1842.7000 0.2135
1843.4000 0.2136
1844.9000 0.2138
1847.3000 0.2139
1853.1000 0.2140
1853.6000 0.2141
1859.4000 0.2143
1860.0000 0.2144
1865.5000 0.2145
1867.3000 0.2146
1871.1000 0.2148
1872.2000 0.2149
1873.1000 0.2150
1874.5000 0.2152
1877.7000 0.2153
1879.4000 0.2154
1882.4000 0.2155
1882.5000 0.2157
1882.5000 0.2158
1882.6000 0.2159
1883.7000 0.2160
1884.4000 0.2162
1885.2000 0.2163
1893.8000 0.2164
1894.4000 0.2165
1895.6000 0.2167
1895.9000 0.2168
1896.2000 0.2169
1897.6000 0.2170
1899.0000 0.2172
1900.2000 0.2173
1903.8000 0.2174
1907.1000 0.2176
1910.0000 0.2177
1911.9000 0.2178
1912.9000 0.2179
1916.2000 0.2181
1920.0000 0.2182
1921.1000 0.2183
1921.9000 0.2184
1922.6000 0.2186
1923.4000 0.2187
1924.3000 0.2188
1927.6000 0.2189
1929.9000 0.2191
1930.0000 0.2192
1930.7000 0.2193
1930.7000 0.2194
1933.3000 0.2196
1933.4000 0.2197
1934.8000 0.2198
1936.0000 0.2199
1936.1000 0.2201
1937.2000 0.2202
1944.1000 0.2203
1944.7000 0.2205
1946.7000 0.2206
1947.5000 0.2207
1949.5000 0.2208
1954.5000 0.2210
1957.4000 0.2211
1959.1000 0.2212
1960.8000 0.2213
1964.1000 0.2215
1967.1000 0.2216
1968.8000 0.2217
1970.0000 0.2218
1970.0000 0.2220
1977.3000 0.2221
1979.8000 0.2222
1982.5000 0.2223
1989.4000 0.2225
1996.7000 0.2226
1999.4000 0.2227
2001.8000 0.2229
2003.8000 0.2230
2005.7000 0.2231
2006.1000 0.2232
2007.5000 0.2234
2008.6000 0.2235
2012.4000 0.2236
2016.7000 0.2237
2017.7000 0.2239
2019.0000 0.2240
2019.8000 0.2241
2023.8000 0.2242
2027.5000 0.2244
2028.5000 0.2245
2029.6000 0.2246
2033.4000 0.2247
2033.5000 0.2249
2035.9000 0.2250
2039.8000 0.2251
2040.5000 0.2253
2042.2000 0.2254
2042.3000 0.2255
2043.4000 0.2256
2045.5000 0.2258
2047.6000 0.2259
2048.1000 0.2260
2050.6000 0.2261
2051.4000 0.2263
2051.8000 0.2264
2054.2000 0.2265
2054.3000 0.2266
2055.2000 0.2268
2057.3000 0.2269
2060.4000 0.2270
2060.5000 0.2271
2062.2000 0.2273
2068.0000 0.2274
2070.5000 0.2275
2081.1000 0.2277
2082.8000 0.2278
2084.7000 0.2279
2087.3000 0.2280
2087.4000 0.2282
2089.9000 0.2283
2090.4000 0.2284
2093.3000 0.2285
2098.2000 0.2287
2102.7000 0.2288
2106.4000 0.2289
2106.4000 0.2290
2107.9000 0.2292
2111.4000 0.2293
2112.1000 0.2294
2115.4000 0.2295
2116.4000 0.2297
2117.2000 0.2298
2118.8000 0.2299
2118.9000 0.2301
2124.8000 0.2302
2126.0000 0.2303
2126.1000 0.2304
2135.8000 0.2306
2139.3000 0.2307
2139.9000 0.2308
2140.6000 0.2309
2144.9000 0.2311
2145.8000 0.2312
2146.0000 0.2313
2148.6000 0.2314
2148.7000 0.2316
2150.5000 0.2317
2151.5000 0.2318
2154.3000 0.2319
2155.4000 0.2321
2158.1000 0.2322
2158.2000 0.2323
2176.5000 0.2324
2178.7000 0.2326
2178.8000 0.2327
2179.1000 0.2328
2179.2000 0.2330
2183.6000 0.2331
2187.5000 0.2332
2202.4000 0.2333
2205.4000 0.2335
2205.5000 0.2336
2209.9000 0.2337
2212.5000 0.2338
2213.4000 0.2340
2215.2000 0.2341
2217.4000 0.2342
2219.8000 0.2343
2220.7000 0.2345
2222.1000 0.2346
2225.1000 0.2347
2226.0000 0.2348
2228.1000 0.2350
2229.6000 0.2351
2230.8000 0.2352
2235.3000 0.2354
2236.0000 0.2355
2237.1000 0.2356
2242.4000 0.2357
2242.4000 0.2359
2244.2000 0.2360
2244.6000 0.2361
2246.3000 0.2362
2246.6000 0.2364
2247.5000 0.2365
2248.9000 0.2366
2250.8000 0.2367
2251.0000 0.2369
2251.4000 0.2370
2252.6000 0.2371
2254.2000 0.2372
2258.2000 0.2374
2263.2000 0.2375
2263.6000 0.2376
2272.6000 0.2378
2274.1000 0.2379
2278.5000 0.2380
2298.6000 0.2381
2302.8000 0.2383
2303.8000 0.2384
2310.5000 0.2385
2311.1000 0.2386
2316.5000 0.2388
2317.2000 0.2389
2320.6000 0.2390
2323.2000 0.2391
2333.0000 0.2393
2334.0000 0.2394
2341.2000 0.2395
2342.8000 0.2396
2344.7000 0.2398
2345.7000 0.2399
2346.0000 0.2400
2350.1000 0.2402
2350.5000 0.2403
2352.2000 0.2404
2353.3000 0.2405
2357.5000 0.2407
2364.4000 0.2408
2365.3000 0.2409
2377.8000 0.2410
2381.8000 0.2412
2384.5000 0.2413
2388.6000 0.2414
2394.8000 0.2415
2395.4000 0.2417
2404.8000 0.2418
2409.3000 0.2419
2410.1000 0.2420
2416.3000 0.2422
2420.6000 0.2423
2428.1000 0.2424
2428.8000 0.2426
2430.4000 0.2427
2431.5000 0.2428
2432.3000 0.2429
2434.4000 0.2431
2434.5000 0.2432
2440.1000 0.2433
2441.0000 0.2434
2448.1000 0.2436
2451.6000 0.2437
2453.9000 0.2438
2462.0000 0.2439
2464.0000 0.2441
2464.4000 0.2442
2469.4000 0.2443
2482.2000 0.2444
2488.1000 0.2446
2489.1000 0.2447
2492.9000 0.2448
2493.4000 0.2449
2501.3000 0.2451
2504.0000 0.2452
2504.7000 0.2453
2518.4000 0.2455
2519.3000 0.2456
2519.7000 0.2457
2523.3000 0.2458
2525.9000 0.2460
2526.7000 0.2461
2530.8000 0.2462
2532.8000 0.2463
2538.9000 0.2465
2541.5000 0.2466
2546.1000 0.2467
2549.5000 0.2468
2550.8000 0.2470
2555.4000 0.2471
2555.9000 0.2472
2556.4000 0.2473
2558.2000 0.2475
2564.0000 0.2476
2569.7000 0.2477
2571.1000 0.2479
2577.6000 0.2480
2584.0000 0.2481
2584.8000 0.2482
2589.3000 0.2484
2589.3000 0.2485
2589.7000 0.2486
2591.8000 0.2487
2593.7000 0.2489
2598.4000 0.2490
2600.1000 0.2491
2602.0000 0.2492
2603.0000 0.2494
2613.1000 0.2495
2615.8000 0.2496
2615.8000 0.2497
2618.8000 0.2499
2625.9000 0.2500
2627.9000 0.2501
2637.2000 0.2503
2638.5000 0.2504
2639.7000 0.2505
2643.5000 0.2506
2645.5000 0.2508
2647.0000 0.2509
2648.0000 0.2510
2652.4000 0.2511
2653.5000 0.2513
2657.7000 0.2514
2666.4000 0.2515
2670.7000 0.2516
2680.4000 0.2518
2686.3000 0.2519
2692.7000 0.2520
2694.7000 0.2521
2695.6000 0.2523
2697.3000 0.2524
2698.1000 0.2525
2698.5000 0.2527
2711.0000 0.2528
2721.6000 0.2529
2726.6000 0.2530
2726.8000 0.2532
2727.3000 0.2533
2730.8000 0.2534
2731.6000 0.2535
2732.7000 0.2537
2736.9000 0.2538
2737.0000 0.2539
2738.6000 0.2540
2742.0000 0.2542
2755.2000 0.2543
2763.1000 0.2544
2766.5000 0.2545
2768.1000 0.2547
2772.0000 0.2548
2773.3000 0.2549
2773.5000 0.2551
2777.4000 0.2552
2781.5000 0.2553
2783.0000 0.2554
2787.0000 0.2556
2789.5000 0.2557
2793.6000 0.2558
2805.3000 0.2559
2806.3000 0.2561
2806.5000 0.2562
2818.1000 0.2563
2820.0000 0.2564
2821.6000 0.2566
2827.0000 0.2567
2832.3000 0.2568
2833.1000 0.2569
2833.4000 0.2571
2833.7000 0.2572
2837.6000 0.2573
2839.3000 0.2574
2840.4000 0.2576
2843.6000 0.2577
2844.3000 0.2578
2845.0000 0.2580
2858.2000 0.2581
2862.4000 0.2582
2866.4000 0.2583
2886.5000 0.2585
2904.4000 0.2586
2907.5000 0.2587
2912.7000 0.2588
2919.2000 0.2590
2927.3000 0.2591
2933.0000 0.2592
2933.6000 0.2593
2941.7000 0.2595
2943.3000 0.2596
2945.3000 0.2597
2950.5000 0.2598
2951.8000 0.2600
2955.8000 0.2601
2955.9000 0.2602
2956.8000 0.2604
2957.1000 0.2605
2960.6000 0.2606
2963.6000 0.2607
2966.1000 0.2609
2971.4000 0.2610
2972.6000 0.2611
2972.7000 0.2612
2972.7000 0.2614
2973.4000 0.2615
2975.5000 0.2616
2982.7000 0.2617
2983.3000 0.2619
2983.5000 0.2620
2984.8000 0.2621
2985.0000 0.2622
2986.7000 0.2624
2988.6000 0.2625
2989.5000 0.2626
2992.2000 0.2628
2993.6000 0.2629
2996.7000 0.2630
3003.1000 0.2631
3003.5000 0.2633
3003.7000 0.2634
3006.8000 0.2635
3008.5000 0.2636
3010.1000 0.2638
3014.7000 0.2639
3014.8000 0.2640
3018.8000 0.2641
3019.7000 0.2643
3021.6000 0.2644
3024.4000 0.2645
3027.6000 0.2646
3033.3000 0.2648
3033.5000 0.2649
3034.9000 0.2650
3037.7000 0.2652
3038.2000 0.2653
3043.9000 0.2654
3046.8000 0.2655
3054.8000 0.2657
3068.2000 0.2658
3070.6000 0.2659
3074.1000 0.2660
3074.1000 0.2662
3079.6000 0.2663
3083.4000 0.2664
3087.6000 0.2665
3093.5000 0.2667
3093.8000 0.2668
3107.5000 0.2669
3109.9000 0.2670
3118.5000 0.2672
3119.1000 0.2673
3123.7000 0.2674
3125.8000 0.2676
3126.4000 0.2677
3126.4000 0.2678
3129.2000 0.2679
3130.7000 0.2681
3131.3000 0.2682
3131.7000 0.2683
3132.2000 0.2684
3132.4000 0.2686
3136.8000 0.2687
3137.3000 0.2688
3140.4000 0.2689
3140.7000 0.2691
3142.5000 0.2692
3143.6000 0.2693
3156.2000 0.2694
3160.4000 0.2696
3172.3000 0.2697
3172.7000 0.2698
3179.3000 0.2699
3181.7000 0.2701
3188.5000 0.2702
3189.1000 0.2703
3190.6000 0.2705
3194.9000 0.2706
3200.5000 0.2707
3207.5000 0.2708
3208.6000 0.2710
3212.2000 0.2711
3214.0000 0.2712
3217.2000 0.2713
3221.0000 0.2715
3225.8000 0.2716
3226.4000 0.2717
3227.0000 0.2718
3229.0000 0.2720
3230.1000 0.2721
3230.8000 0.2722
3231.3000 0.2723
3237.7000 0.2725
3238.0000 0.2726
3238.8000 0.2727
3243.5000 0.2729
3248.0000 0.2730
3252.6000 0.2731
3256.3000 0.2732
3256.7000 0.2734
3258.0000 0.2735
3263.8000 0.2736
3265.1000 0.2737
3269.5000 0.2739
3276.8000 0.2740
3277.5000 0.2741
3278.8000 0.2742
3279.1000 0.2744
3280.9000 0.2745
3288.2000 0.2746
3300.2000 0.2747
3302.0000 0.2749
3302.4000 0.2750
3302.4000 0.2751
3304.3000 0.2753
3308.6000 0.2754
3310.9000 0.2755
3312.5000 0.2756
3314.5000 0.2758
3315.7000 0.2759
3316.6000 0.2760
3319.2000 0.2761
3322.8000 0.2763
3327.3000 0.2764
3327.5000 0.2765
3328.3000 0.2766
3332.6000 0.2768
3337.3000 0.2769
3343.2000 0.2770
3346.5000 0.2771
3351.0000 0.2773
3354.5000 0.2774
3359.8000 0.2775
3361.2000 0.2777
3369.8000 0.2778
3370.4000 0.2779
3371.1000 0.2780
3372.6000 0.2782
3373.5000 0.2783
3377.2000 0.2784
3379.3000 0.2785
3384.2000 0.2787
3385.5000 0.2788
3392.5000 0.2789
3398.2000 0.2790
3398.2000 0.2792
3400.9000 0.2793
3407.8000 0.2794
3408.3000 0.2795
3411.1000 0.2797
3411.1000 0.2798
3412.5000 0.2799
3416.9000 0.2801
3417.6000 0.2802
3423.8000 0.2803
3424.7000 0.2804
3429.4000 0.2806
3430.7000 0.2807
3432.6000 0.2808
3436.2000 0.2809
3439.8000 0.2811
3442.3000 0.2812
3446.2000 0.2813
3456.5000 0.2814
3456.9000 0.2816
3457.5000 0.2817
3465.6000 0.2818
3466.0000 0.2819
3466.5000 0.2821
3470.6000 0.2822
3471.0000 0.2823
3476.9000 0.2824
3481.9000 0.2826
3484.6000 0.2827
3486.6000 0.2828
3489.3000 0.2830
3493.1000 0.2831
3496.1000 0.2832
3500.1000 0.2833
3501.1000 0.2835
3508.6000 0.2836
3510.4000 0.2837
3510.4000 0.2838
3511.5000 0.2840
3513.1000 0.2841
3516.5000 0.2842
3524.2000 0.2843
3525.5000 0.2845
3526.6000 0.2846
3528.7000 0.2847
3538.1000 0.2848
3545.4000 0.2850
3549.8000 0.2851
3549.9000 0.2852
3551.4000 0.2854
3551.5000 0.2855
3554.6000 0.2856
3554.6000 0.2857
3556.9000 0.2859
3558.3000 0.2860
3561.3000 0.2861
3566.7000 0.2862
3572.7000 0.2864
3579.2000 0.2865
3583.1000 0.2866
3584.8000 0.2867
3587.0000 0.2869
3589.5000 0.2870
3594.2000 0.2871
3598.2000 0.2872
3601.1000 0.2874
3601.4000 0.2875
3603.1000 0.2876
3608.3000 0.2878
3608.5000 0.2879
3608.6000 0.2880
3628.1000 0.2881
3628.4000 0.2883
3629.0000 0.2884
3632.3000 0.2885
3633.6000 0.2886
3634.5000 0.2888
3641.0000 0.2889
3642.9000 0.2890
3649.0000 0.2891
3652.2000 0.2893
3655.0000 0.2894
3658.5000 0.2895
3663.6000 0.2896
3663.8000 0.2898
3672.6000 0.2899
3673.2000 0.2900
3683.5000 0.2902
3685.3000 0.2903
3691.8000 0.2904
3693.6000 0.2905
3694.8000 0.2907
3695.5000 0.2908
3696.0000 0.2909
3696.7000 0.2910
3699.0000 0.2912
3699.6000 0.2913
3702.0000 0.2914
3716.4000 0.2915
3719.3000 0.2917
3721.7000 0.2918
3723.7000 0.2919
3731.8000 0.2920
3733.3000 0.2922
3736.2000 0.2923
3740.5000 0.2924
3746.4000 0.2926
3754.9000 0.2927
3756.3000 0.2928
3757.4000 0.2929
3758.2000 0.2931
3759.1000 0.2932
3760.3000 0.2933
3763.5000 0.2934
3766.9000 0.2936
3769.0000 0.2937
3770.0000 0.2938
3772.4000 0.2939
3774.7000 0.2941
3775.6000 0.2942
3783.0000 0.2943
3785.0000 0.2944
3787.6000 0.2946
3789.7000 0.2947
3799.0000 0.2948
3802.5000 0.2949
3804.7000 0.2951
3804.7000 0.2952
3807.3000 0.2953
3810.6000 0.2955
3813.8000 0.2956
3818.2000 0.2957
3818.8000 0.2958
3820.0000 0.2960
3824.5000 0.2961
3826.1000 0.2962
3828.4000 0.2963
3828.7000 0.2965
3832.4000 0.2966
3838.9000 0.2967
3844.5000 0.2968
3845.0000 0.2970
3845.5000 0.2971
3845.6000 0.2972
3853.3000 0.2973
3864.0000 0.2975
3867.4000 0.2976
3867.5000 0.2977
3876.3000 0.2979
3887.6000 0.2980
3891.1000 0.2981
3897.5000 0.2982
3911.4000 0.2984
3925.1000 0.2985
3927.4000 0.2986
3932.3000 0.2987
3932.7000 0.2989
3934.0000 0.2990
3935.7000 0.2991
3938.9000 0.2992
3942.0000 0.2994
3944.5000 0.2995
3945.1000 0.2996
3947.6000 0.2997
3947.8000 0.2999
3948.8000 0.3000
3950.8000 0.3001
3950.9000 0.3003
3955.2000 0.3004
3956.5000 0.3005
3958.8000 0.3006
3963.4000 0.3008
3965.1000 0.3009
3972.5000 0.3010
3972.7000 0.3011
3978.6000 0.3013
3980.4000 0.3014
3985.0000 0.3015
3989.7000 0.3016
3994.4000 0.3018
4000.5000 0.3019
4008.1000 0.3020
4008.4000 0.3021
4010.7000 0.3023
4011.1000 0.3024
4011.4000 0.3025
4013.9000 0.3027
4021.0000 0.3028
4036.3000 0.3029
4041.6000 0.3030
4044.4000 0.3032
4044.6000 0.3033
4045.4000 0.3034
4047.3000 0.3035
4052.7000 0.3037
4058.1000 0.3038
4059.1000 0.3039
4062.5000 0.3040
4069.4000 0.3042
4078.7000 0.3043
4079.1000 0.3044
4086.6000 0.3045
4095.7000 0.3047
4097.3000 0.3048
4097.7000 0.3049
4102.8000 0.3051
4112.4000 0.3052
4112.7000 0.3053
4113.2000 0.3054
4116.8000 0.3056
4118.0000 0.3057
4120.6000 0.3058
4120.8000 0.3059
4124.5000 0.3061
4131.0000 0.3062
4138.5000 0.3063
4139.3000 0.3064
4142.7000 0.3066
4145.2000 0.3067
4146.3000 0.3068
4149.7000 0.3069
4150.5000 0.3071
4152.1000 0.3072
4153.4000 0.3073
4153.7000 0.3074
4159.4000 0.3076
4174.6000 0.3077
4176.9000 0.3078
4180.0000 0.3080
4181.7000 0.3081
4188.2000 0.3082
4189.2000 0.3083
4190.6000 0.3085
4191.5000 0.3086
4194.8000 0.3087
4205.7000 0.3088
4210.4000 0.3090
4214.1000 0.3091
4214.4000 0.3092
4216.2000 0.3093
4225.7000 0.3095
4232.0000 0.3096
4234.1000 0.3097
4238.0000 0.3098
4240.4000 0.3100
4241.2000 0.3101
4243.8000 0.3102
4253.1000 0.3104
4261.5000 0.3105
4264.2000 0.3106
4264.4000 0.3107
4268.8000 0.3109
4271.0000 0.3110
4273.8000 0.3111
4277.5000 0.3112
4279.5000 0.3114
4280.2000 0.3115
4281.3000 0.3116
4283.7000 0.3117
4293.3000 0.3119
4295.8000 0.3120
4300.4000 0.3121
4303.8000 0.3122
4305.5000 0.3124
4305.6000 0.3125
4316.2000 0.3126
4319.2000 0.3128
4325.1000 0.3129
4327.7000 0.3130
4332.3000 0.3131
4332.5000 0.3133
4337.3000 0.3134
4340.6000 0.3135
4341.9000 0.3136
4344.5000 0.3138
4357.0000 0.3139
4358.8000 0.3140
4360.8000 0.3141
4363.4000 0.3143
4367.3000 0.3144
4371.7000 0.3145
4374.7000 0.3146
4378.5000 0.3148
4383.6000 0.3149
4386.6000 0.3150
4391.8000 0.3152
4404.6000 0.3153
4407.2000 0.3154
4411.9000 0.3155
4413.6000 0.3157
4415.1000 0.3158
4426.0000 0.3159
4428.7000 0.3160
4435.8000 0.3162
4437.6000 0.3163
4445.4000 0.3164
4447.4000 0.3165
4449.6000 0.3167
4454.2000 0.3168
4454.3000 0.3169
4461.5000 0.3170
4461.5000 0.3172
4462.6000 0.3173
4464.2000 0.3174
4470.4000 0.3176
4472.7000 0.3177
4475.2000 0.3178
4479.5000 0.3179
4487.7000 0.3181
4508.5000 0.3182
4512.9000 0.3183
4513.3000 0.3184
4515.5000 0.3186
4527.8000 0.3187
4534.0000 0.3188
4539.0000 0.3189
4549.4000 0.3191
4553.3000 0.3192
4559.8000 0.3193
4560.7000 0.3194
4567.5000 0.3196
4568.3000 0.3197
4569.6000 0.3198
4591.6000 0.3199
4592.4000 0.3201
4596.6000 0.3202
4599.1000 0.3203
4604.7000 0.3205
4620.2000 0.3206
4620.3000 0.3207
4644.1000 0.3208
4646.3000 0.3210
4647.8000 0.3211
4680.2000 0.3212
4682.8000 0.3213
4688.6000 0.3215
4688.7000 0.3216
4689.2000 0.3217
4692.0000 0.3218
4692.2000 0.3220
4699.6000 0.3221
4703.1000 0.3222
4704.3000 0.3223
4712.6000 0.3225
4719.1000 0.3226
4719.2000 0.3227
4721.4000 0.3229
4729.9000 0.3230
4738.6000 0.3231
4739.6000 0.3232
4743.2000 0.3234
4747.0000 0.3235
4749.5000 0.3236
4757.0000 0.3237
4757.8000 0.3239
4766.0000 0.3240
4766.1000 0.3241
4773.2000 0.3242
4773.3000 0.3244
4782.7000 0.3245
4783.5000 0.3246
4783.6000 0.3247
4786.2000 0.3249
4787.4000 0.3250
4788.8000 0.3251
4792.2000 0.3253
4811.0000 0.3254
4811.8000 0.3255
4812.7000 0.3256
4818.5000 0.3258
4821.3000 0.3259
4828.4000 0.3260
4839.1000 0.3261
4845.4000 0.3263
4845.5000 0.3264
4850.3000 0.3265
4853.2000 0.3266
4856.9000 0.3268
4857.0000 0.3269
4858.0000 0.3270
4858.9000 0.3271
4860.4000 0.3273
4863.6000 0.3274
4864.3000 0.3275
4870.8000 0.3277
4872.4000 0.3278
4880.2000 0.3279
4888.9000 0.3280
4889.8000 0.3282
4890.9000 0.3283
4896.0000 0.3284
4904.1000 0.3285
4912.8000 0.3287
4913.6000 0.3288
4916.9000 0.3289
4920.0000 0.3290
4920.5000 0.3292
4929.8000 0.3293
4932.1000 0.3294
4932.6000 0.3295
4936.3000 0.3297
4957.6000 0.3298
4963.6000 0.3299
4969.5000 0.3301
4970.7000 0.3302
4974.2000 0.3303
4976.1000 0.3304
4977.3000 0.3306
4982.2000 0.3307
4985.7000 0.3308
4988.8000 0.3309
4988.8000 0.3311
4993.8000 0.3312
4999.8000 0.3313
5003.6000 0.3314
5009.5000 0.3316
5019.7000 0.3317
5023.7000 0.3318
5028.3000 0.3319
5045.3000 0.3321
5045.4000 0.3322
5048.1000 0.3323
5058.5000 0.3324
5058.9000 0.3326
5059.5000 0.3327
5064.7000 0.3328
5067.4000 0.3330
5067.9000 0.3331
5073.6000 0.3332
5082.2000 0.3333
5088.7000 0.3335
5093.5000 0.3336
5106.1000 0.3337
5106.4000 0.3338
5140.5000 0.3340
5143.1000 0.3341
5154.1000 0.3342
5164.2000 0.3343
5178.0000 0.3345
5180.0000 0.3346
5186.3000 0.3347
5202.7000 0.3348
5205.4000 0.3350
5212.4000 0.3351
5213.8000 0.3352
5214.9000 0.3354
5218.7000 0.3355
5225.8000 0.3356
5228.6000 0.3357
5245.7000 0.3359
5253.7000 0.3360
5264.0000 0.3361
5273.0000 0.3362
5280.8000 0.3364
5285.3000 0.3365
5290.0000 0.3366
5295.1000 0.3367
5306.3000 0.3369
5313.3000 0.3370
5314.2000 0.3371
5317.4000 0.3372
5330.6000 0.3374
5334.1000 0.3375
5338.6000 0.3376
5347.8000 0.3378
5358.6000 0.3379
5363.1000 0.3380
5371.3000 0.3381
5385.3000 0.3383
5403.4000 0.3384
5411.3000 0.3385
5416.3000 0.3386
5421.5000 0.3388
5435.7000 0.3389
5437.6000 0.3390
5446.1000 0.3391
5454.6000 0.3393
5461.6000 0.3394
5475.6000 0.3395
5477.3000 0.3396
5484.1000 0.3398
5487.5000 0.3399
5488.6000 0.3400
5491.3000 0.3402
5493.1000 0.3403
5505.7000 0.3404
5512.6000 0.3405
5513.5000 0.3407
5519.3000 0.3408
5526.5000 0.3409
5530.0000 0.3410
5533.8000 0.3412
5533.9000 0.3413
5539.4000 0.3414
5541.5000 0.3415
5542.2000 0.3417
5555.9000 0.3418
5575.5000 0.3419
5582.4000 0.3420
5588.7000 0.3422
5591.6000 0.3423
5604.3000 0.3424
5605.7000 0.3426
5612.6000 0.3427
5618.1000 0.3428
5620.4000 0.3429
5625.9000 0.3431
5627.5000 0.3432
5635.6000 0.3433
5638.8000 0.3434
5642.5000 0.3436
5649.6000 0.3437
5651.2000 0.3438
5659.5000 0.3439
5666.3000 0.3441
5679.5000 0.3442
5690.2000 0.3443
5692.8000 0.3444
5701.5000 0.3446
5705.2000 0.3447
5710.4000 0.3448
5713.6000 0.3449
5717.6000 0.3451
5724.3000 0.3452
5726.2000 0.3453
5726.5000 0.3455
5728.4000 0.3456
5729.2000 0.3457
5729.8000 0.3458
5757.5000 0.3460
5757.9000 0.3461
5760.0000 0.3462
5763.5000 0.3463
5772.7000 0.3465
5780.1000 0.3466
5783.2000 0.3467
5784.1000 0.3468
5785.3000 0.3470
5792.3000 0.3471
5799.3000 0.3472
5799.9000 0.3473
5800.4000 0.3475
5800.8000 0.3476
5800.9000 0.3477
5803.3000 0.3479
5804.9000 0.3480
5810.0000 0.3481
5813.6000 0.3482
5814.1000 0.3484
5824.4000 0.3485
5838.0000 0.3486
5838.5000 0.3487
5852.7000 0.3489
5859.9000 0.3490
5861.7000 0.3491
5869.0000 0.3492
5869.3000 0.3494
5879.3000 0.3495
5887.2000 0.3496
5887.8000 0.3497
5888.0000 0.3499
5892.3000 0.3500
5892.7000 0.3501
5897.6000 0.3503
5919.4000 0.3504
5926.3000 0.3505
5933.4000 0.3506
5939.6000 0.3508
5939.8000 0.3509
5940.0000 0.3510
5950.6000 0.3511
5956.9000 0.3513
5959.2000 0.3514
5968.6000 0.3515
5970.3000 0.3516
5985.5000 0.3518
5989.4000 0.3519
5993.7000 0.3520
5999.0000 0.3521
5999.6000 0.3523
6001.2000 0.3524
6002.2000 0.3525
6008.6000 0.3527
6013.2000 0.3528
6014.5000 0.3529
6014.8000 0.3530
6016.6000 0.3532
6038.4000 0.3533
6044.0000 0.3534
6044.6000 0.3535
6051.5000 0.3537
6055.6000 0.3538
6060.1000 0.3539
6063.7000 0.3540
6070.7000 0.3542
6070.8000 0.3543
6083.0000 0.3544
6092.7000 0.3545
6095.7000 0.3547
6108.8000 0.3548
6111.9000 0.3549
6141.7000 0.3551
6148.1000 0.3552
6155.9000 0.3553
6157.0000 0.3554
6157.4000 0.3556
6161.3000 0.3557
6162.7000 0.3558
6183.1000 0.3559
6195.1000 0.3561
6203.9000 0.3562
6205.7000 0.3563
6206.4000 0.3564
6207.7000 0.3566
6208.7000 0.3567
6221.1000 0.3568
6229.7000 0.3569
6241.3000 0.3571
6241.6000 0.3572
6243.8000 0.3573
6246.7000 0.3574
6248.1000 0.3576
6254.5000 0.3577
6254.9000 0.3578
6277.5000 0.3580
6278.6000 0.3581
6285.0000 0.3582
6290.3000 0.3583
6290.8000 0.3585
6297.5000 0.3586
6299.5000 0.3587
6306.0000 0.3588
6313.5000 0.3590
6330.6000 0.3591
6331.7000 0.3592
6336.5000 0.3593
6341.0000 0.3595
6341.7000 0.3596
6344.0000 0.3597
6351.6000 0.3598
6355.8000 0.3600
6364.7000 0.3601
6364.8000 0.3602
6372.8000 0.3604
6373.3000 0.3605
6375.5000 0.3606
6379.3000 0.3607
6390.2000 0.3609
6391.6000 0.3610
6393.0000 0.3611
6398.8000 0.3612
6404.5000 0.3614
6423.6000 0.3615
6435.4000 0.3616
6440.9000 0.3617
6447.4000 0.3619
6450.3000 0.3620
6459.0000 0.3621
6460.5000 0.3622
6475.4000 0.3624
6482.8000 0.3625
6484.6000 0.3626
6486.4000 0.3628
6498.8000 0.3629
6504.8000 0.3630
6511.3000 0.3631
6525.1000 0.3633
6527.3000 0.3634
6544.0000 0.3635
6555.7000 0.3636
6565.2000 0.3638
6567.8000 0.3639
6571.2000 0.3640
6575.8000 0.3641
6576.0000 0.3643
6579.4000 0.3644
6582.3000 0.3645
6586.8000 0.3646
6589.9000 0.3648
6599.4000 0.3649
6603.6000 0.3650
6612.8000 0.3652
6619.1000 0.3653
6619.2000 0.3654
6619.9000 0.3655
6624.2000 0.3657
6625.0000 0.3658
6633.4000 0.3659
6634.4000 0.3660
6638.4000 0.3662
6651.4000 0.3663
6667.2000 0.3664
6668.2000 0.3665
6682.9000 0.3667
6685.7000 0.3668
6695.6000 0.3669
6696.1000 0.3670
6699.9000 0.3672
6709.6000 0.3673
6710.4000 0.3674
6718.2000 0.3676
6718.3000 0.3677
6719.6000 0.3678
6719.8000 0.3679
6728.2000 0.3681
6734.1000 0.3682
6747.3000 0.3683
6762.3000 0.3684
6770.4000 0.3686
6774.4000 0.3687
6775.2000 0.3688
6779.5000 0.3689
6782.5000 0.3691
6785.9000 0.3692
6786.7000 0.3693
6787.5000 0.3694
6787.8000 0.3696
6802.0000 0.3697
6805.0000 0.3698
6807.8000 0.3699
6811.0000 0.3701
6827.1000 0.3702
6834.8000 0.3703
6840.0000 0.3705
6847.0000 0.3706
6854.2000 0.3707
6857.2000 0.3708
6867.4000 0.3710
6877.8000 0.3711
6889.0000 0.3712
6891.8000 0.3713
6896.1000 0.3715
6901.1000 0.3716
6905.6000 0.3717
6906.7000 0.3718
6907.1000 0.3720
6907.5000 0.3721
6909.9000 0.3722
6936.1000 0.3723
6936.7000 0.3725
6937.8000 0.3726
6963.8000 0.3727
6984.6000 0.3729
6998.1000 0.3730
6999.5000 0.3731
7011.7000 0.3732
7012.2000 0.3734
7016.7000 0.3735
7025.8000 0.3736
7035.6000 0.3737
7045.3000 0.3739
7051.3000 0.3740
7065.1000 0.3741
7076.4000 0.3742
7078.5000 0.3744
7099.1000 0.3745
7099.5000 0.3746
7113.2000 0.3747
7113.5000 0.3749
7113.7000 0.3750
7114.3000 0.3751
7125.1000 0.3753
7127.1000 0.3754
7127.1000 0.3755
7136.1000 0.3756
7140.0000 0.3758
7143.4000 0.3759
7145.4000 0.3760
7157.6000 0.3761
7174.6000 0.3763
7179.5000 0.3764
7185.4000 0.3765
7218.5000 0.3766
7235.5000 0.3768
7249.7000 0.3769
7250.4000 0.3770
7252.9000 0.3771
7255.9000 0.3773
7266.2000 0.3774
7266.3000 0.3775
7269.6000 0.3777
7282.0000 0.3778
7283.1000 0.3779
7285.4000 0.3780
7294.4000 0.3782
7297.9000 0.3783
7302.2000 0.3784
7311.6000 0.3785
7336.0000 0.3787
7342.5000 0.3788
7352.9000 0.3789
7372.4000 0.3790
7379.6000 0.3792
7406.0000 0.3793
7416.1000 0.3794
7434.3000 0.3795
7447.1000 0.3797
7450.5000 0.3798
7453.4000 0.3799
7457.4000 0.3801
7457.9000 0.3802
7467.7000 0.3803
7474.6000 0.3804
7482.7000 0.3806
7487.5000 0.3807
7500.0000 0.3808
7502.1000 0.3809
7512.1000 0.3811
7514.4000 0.3812
7518.5000 0.3813
7519.3000 0.3814
7523.1000 0.3816
7523.3000 0.3817
7524.2000 0.3818
7526.6000 0.3819
7529.0000 0.3821
7531.2000 0.3822
7549.5000 0.3823
7552.6000 0.3824
7553.7000 0.3826
7557.7000 0.3827
7560.0000 0.3828
7566.4000 0.3830
7568.7000 0.3831
7580.3000 0.3832
7593.5000 0.3833
7598.8000 0.3835
7607.0000 0.3836
7639.7000 0.3837
7640.7000 0.3838
7664.0000 0.3840
7672.6000 0.3841
7676.0000 0.3842
7686.7000 0.3843
7687.9000 0.3845
7702.5000 0.3846
7705.8000 0.3847
7706.2000 0.3848
7708.5000 0.3850
7713.4000 0.3851
7714.8000 0.3852
7721.8000 0.3854
7725.7000 0.3855
7746.1000 0.3856
7758.1000 0.3857
7764.8000 0.3859
7765.0000 0.3860
7772.4000 0.3861
7773.5000 0.3862
7778.7000 0.3864
7792.7000 0.3865
7801.0000 0.3866
7819.6000 0.3867
7820.8000 0.3869
7842.1000 0.3870
7847.6000 0.3871
7852.3000 0.3872
7867.2000 0.3874
7880.7000 0.3875
7881.9000 0.3876
7888.3000 0.3878
7889.4000 0.3879
7898.3000 0.3880
7901.6000 0.3881
7916.9000 0.3883
7928.2000 0.3884
7928.9000 0.3885
7942.4000 0.3886
7962.7000 0.3888
7965.6000 0.3889
7966.5000 0.3890
7976.0000 0.3891
7995.0000 0.3893
7998.3000 0.3894
8003.4000 0.3895
8007.7000 0.3896
8037.4000 0.3898
8041.3000 0.3899
8055.6000 0.3900
8061.4000 0.3902
8067.6000 0.3903
8068.3000 0.3904
8071.6000 0.3905
8074.5000 0.3907
8074.6000 0.3908
8074.9000 0.3909
8075.5000 0.3910
8077.0000 0.3912
8083.6000 0.3913
8089.2000 0.3914
8092.3000 0.3915
8099.6000 0.3917
8102.5000 0.3918
8111.7000 0.3919
8127.9000 0.3920
8131.5000 0.3922
8138.8000 0.3923
8140.4000 0.3924
8143.8000 0.3926
8165.8000 0.3927
8170.5000 0.3928
8183.5000 0.3929
8198.5000 0.3931
8200.0000 0.3932
8201.4000 0.3933
8204.5000 0.3934
8219.5000 0.3936
8221.4000 0.3937
8223.5000 0.3938
8240.3000 0.3939
8251.3000 0.3941
8265.4000 0.3942
8270.1000 0.3943
8270.5000 0.3944
8273.1000 0.3946
8313.5000 0.3947
8323.9000 0.3948
8333.7000 0.3949
8366.1000 0.3951
8370.1000 0.3952
8372.4000 0.3953
8378.9000 0.3955
8383.5000 0.3956
8394.0000 0.3957
8394.3000 0.3958
8398.9000 0.3960
8406.3000 0.3961
8413.1000 0.3962
8414.6000 0.3963
8417.8000 0.3965
8420.1000 0.3966
8423.5000 0.3967
8445.3000 0.3968
8449.5000 0.3970
8454.3000 0.3971
8459.3000 0.3972
8463.8000 0.3973
8482.7000 0.3975
8486.2000 0.3976
8489.3000 0.3977
8504.0000 0.3979
8504.1000 0.3980
8504.2000 0.3981
8504.6000 0.3982
8526.5000 0.3984
8529.3000 0.3985
8548.3000 0.3986
8561.2000 0.3987
8581.3000 0.3989
8585.9000 0.3990
8596.3000 0.3991
8604.7000 0.3992
8646.1000 0.3994
8649.8000 0.3995
8651.7000 0.3996
8657.4000 0.3997
8670.1000 0.3999
8675.8000 0.4000
8680.8000 0.4001
8688.3000 0.4003
8697.3000 0.4004
8700.9000 0.4005
8718.4000 0.4006
8725.9000 0.4008
8727.4000 0.4009
8729.1000 0.4010
8738.4000 0.4011
8742.6000 0.4013
8747.4000 0.4014
8749.0000 0.4015
8753.4000 0.4016
8757.8000 0.4018
8762.4000 0.4019
8762.8000 0.4020
8765.5000 0.4021
8776.0000 0.4023
8797.0000 0.4024
8801.8000 0.4025
8802.0000 0.4027
8802.9000 0.4028
8815.3000 0.4029
8816.7000 0.4030
8833.8000 0.4032
8848.7000 0.4033
8850.3000 0.4034
8875.8000 0.4035
8882.6000 0.4037
8891.7000 0.4038
8898.4000 0.4039
8899.2000 0.4040
8904.4000 0.4042
8909.7000 0.4043
8914.3000 0.4044
8935.5000 0.4045
8943.0000 0.4047
8955.5000 0.4048
8955.6000 0.4049
8966.8000 0.4051
8968.5000 0.4052
8971.9000 0.4053
8981.4000 0.4054
8982.6000 0.4056
8994.8000 0.4057
8998.5000 0.4058
9000.2000 0.4059
9028.5000 0.4061
9033.2000 0.4062
9037.1000 0.4063
9049.9000 0.4064
9058.6000 0.4066
9062.4000 0.4067
9070.4000 0.4068
9085.1000 0.4069
9105.5000 0.4071
9106.5000 0.4072
9106.6000 0.4073
9113.6000 0.4074
9115.4000 0.4076
9129.1000 0.4077
9132.2000 0.4078
9139.0000 0.4080
9139.7000 0.4081
9143.2000 0.4082
9145.6000 0.4083
9146.5000 0.4085
9147.9000 0.4086
9150.7000 0.4087
9153.3000 0.4088
9159.6000 0.4090
9171.0000 0.4091
9171.4000 0.4092
9171.8000 0.4093
9176.4000 0.4095
9190.8000 0.4096
9195.7000 0.4097
9217.7000 0.4098
9219.0000 0.4100
9240.2000 0.4101
9240.3000 0.4102
9241.4000 0.4104
9261.3000 0.4105
9269.6000 0.4106
9270.9000 0.4107
9278.5000 0.4109
9280.2000 0.4110
9283.2000 0.4111
9286.7000 0.4112
9301.0000 0.4114
9301.5000 0.4115
9320.5000 0.4116
9322.7000 0.4117
9327.8000 0.4119
9329.1000 0.4120
9341.2000 0.4121
9343.2000 0.4122
9343.5000 0.4124
9349.1000 0.4125
9355.6000 0.4126
9376.4000 0.4128
9378.0000 0.4129
9381.7000 0.4130
9389.0000 0.4131
9389.4000 0.4133
9393.1000 0.4134
9393.3000 0.4135
9394.1000 0.4136
9397.0000 0.4138
9403.7000 0.4139
9421.0000 0.4140
9438.6000 0.4141
9444.3000 0.4143
9445.6000 0.4144
9451.3000 0.4145
9453.0000 0.4146
9480.3000 0.4148
9482.2000 0.4149
9496.8000 0.4150
9502.8000 0.4152
9526.5000 0.4153
9529.5000 0.4154
9537.1000 0.4155
9538.6000 0.4157
9552.3000 0.4158
9598.0000 0.4159
9609.1000 0.4160
9619.3000 0.4162
9620.8000 0.4163
9642.6000 0.4164
9645.5000 0.4165
9646.2000 0.4167
9655.0000 0.4168
9660.5000 0.4169
9667.0000 0.4170
9672.4000 0.4172
9676.5000 0.4173
9681.8000 0.4174
9701.4000 0.4176
9713.8000 0.4177
9729.2000 0.4178
9729.2000 0.4179
9746.0000 0.4181
9753.7000 0.4182
9773.7000 0.4183
9776.6000 0.4184
9813.4000 0.4186
9818.8000 0.4187
9819.3000 0.4188
9827.2000 0.4189
9839.9000 0.4191
9850.5000 0.4192
9851.3000 0.4193
9871.7000 0.4194
9889.6000 0.4196
9924.9000 0.4197
9941.9000 0.4198
9944.6000 0.4199
9951.5000 0.4201
9971.5000 0.4202
9977.1000 0.4203
9978.0000 0.4205
9983.7000 0.4206
9990.7000 0.4207
10003.7000 0.4208
10009.4000 0.4210
10011.4000 0.4211
10027.1000 0.4212
10031.0000 0.4213
10045.7000 0.4215
10068.0000 0.4216
10074.1000 0.4217
10075.6000 0.4218
10077.5000 0.4220
10077.8000 0.4221
10082.7000 0.4222
10090.1000 0.4223
10094.8000 0.4225
10096.0000 0.4226
10101.3000 0.4227
10104.2000 0.4229
10105.0000 0.4230
10120.6000 0.4231
10128.7000 0.4232
10129.9000 0.4234
10137.0000 0.4235
10139.4000 0.4236
10142.1000 0.4237
10142.2000 0.4239
10152.7000 0.4240
10157.6000 0.4241
10159.3000 0.4242
10165.0000 0.4244
10166.7000 0.4245
10177.7000 0.4246
10188.2000 0.4247
10197.2000 0.4249
10204.1000 0.4250
10207.0000 0.4251
10219.2000 0.4253
10223.6000 0.4254
10233.0000 0.4255
10241.8000 0.4256
10258.5000 0.4258
10259.3000 0.4259
10275.4000 0.4260
10297.4000 0.4261
10298.6000 0.4263
10301.0000 0.4264
10307.8000 0.4265
10313.7000 0.4266
10322.6000 0.4268
10324.0000 0.4269
10336.5000 0.4270
10337.7000 0.4271
10339.6000 0.4273
10354.5000 0.4274
10356.9000 0.4275
10369.3000 0.4277
10371.5000 0.4278
10372.1000 0.4279
10374.2000 0.4280
10375.9000 0.4282
10377.4000 0.4283
10377.9000 0.4284
10382.1000 0.4285
10383.0000 0.4287
10384.7000 0.4288
10386.1000 0.4289
10387.3000 0.4290
10394.2000 0.4292
10407.8000 0.4293
10428.9000 0.4294
10432.6000 0.4295
10434.4000 0.4297
10446.9000 0.4298
10453.0000 0.4299
10455.0000 0.4301
10459.9000 0.4302
10468.6000 0.4303
10477.5000 0.4304
10514.4000 0.4306
10521.2000 0.4307
10531.9000 0.4308
10540.8000 0.4309
10548.2000 0.4311
10549.7000 0.4312
10562.7000 0.4313
10567.0000 0.4314
10570.1000 0.4316
10585.7000 0.4317
10591.5000 0.4318
10611.9000 0.4319
10612.0000 0.4321
10627.8000 0.4322
10631.7000 0.4323
10634.9000 0.4324
10638.3000 0.4326
10638.4000 0.4327
10638.8000 0.4328
10640.6000 0.4330
10657.0000 0.4331
10660.1000 0.4332
10677.0000 0.4333
10677.5000 0.4335
10684.3000 0.4336
10688.3000 0.4337
10694.6000 0.4338
10698.8000 0.4340
10703.6000 0.4341
10708.2000 0.4342
10712.3000 0.4343
10737.9000 0.4345
10770.5000 0.4346
10773.7000 0.4347
10776.4000 0.4348
10789.6000 0.4350
10792.3000 0.4351
10801.4000 0.4352
10804.0000 0.4354
10806.9000 0.4355
10820.2000 0.4356
10823.3000 0.4357
10830.3000 0.4359
10831.1000 0.4360
10843.9000 0.4361
10853.4000 0.4362
10857.0000 0.4364
10862.9000 0.4365
10874.6000 0.4366
10881.1000 0.4367
10887.7000 0.4369
10893.9000 0.4370
10897.7000 0.4371
10901.1000 0.4372
10903.4000 0.4374
10909.9000 0.4375
10916.6000 0.4376
10918.6000 0.4378
10929.0000 0.4379
10934.5000 0.4380
10938.5000 0.4381
10938.7000 0.4383
10940.7000 0.4384
10941.8000 0.4385
10943.3000 0.4386
10948.1000 0.4388
10951.4000 0.4389
10953.1000 0.4390
10954.7000 0.4391
10961.3000 0.4393
10970.1000 0.4394
10975.2000 0.4395
10982.4000 0.4396
10984.6000 0.4398
10992.5000 0.4399
10998.5000 0.4400
11004.5000 0.4402
11008.0000 0.4403
11014.5000 0.4404
11016.4000 0.4405
11017.9000 0.4407
11022.0000 0.4408
11023.9000 0.4409
11024.2000 0.4410
11028.5000 0.4412
11034.5000 0.4413
11035.1000 0.4414
11047.6000 0.4415
11048.3000 0.4417
11056.8000 0.4418
11058.4000 0.4419
11064.9000 0.4420
11065.0000 0.4422
11069.6000 0.4423
11071.6000 0.4424
11091.2000 0.4426
11100.6000 0.4427
11117.1000 0.4428
11119.9000 0.4429
11123.4000 0.4431
11126.0000 0.4432
11129.5000 0.4433
11132.3000 0.4434
11150.1000 0.4436
11169.2000 0.4437
11178.0000 0.4438
11180.2000 0.4439
11191.1000 0.4441
11205.5000 0.4442
11208.1000 0.4443
11212.3000 0.4444
11213.7000 0.4446
11216.6000 0.4447
11227.6000 0.4448
11234.8000 0.4449
11237.0000 0.4451
11246.4000 0.4452
11253.5000 0.4453
11255.0000 0.4455
11261.1000 0.4456
11288.6000 0.4457
11295.5000 0.4458
11295.6000 0.4460
11303.4000 0.4461
11309.4000 0.4462
11323.1000 0.4463
11326.9000 0.4465
11355.0000 0.4466
11357.7000 0.4467
11358.8000 0.4468
11373.7000 0.4470
11375.0000 0.4471
11380.1000 0.4472
11389.5000 0.4473
11396.4000 0.4475
11422.6000 0.4476
11423.3000 0.4477
11428.3000 0.4479
11431.0000 0.4480
11436.4000 0.4481
11440.4000 0.4482
11442.3000 0.4484
11445.0000 0.4485
11450.3000 0.4486
11452.2000 0.4487
11456.0000 0.4489
11471.4000 0.4490
11476.0000 0.4491
11501.8000 0.4492
11508.7000 0.4494
11514.4000 0.4495
11517.7000 0.4496
11528.9000 0.4497
11536.0000 0.4499
11542.8000 0.4500
11556.4000 0.4501
11558.3000 0.4503
11576.1000 0.4504
11589.4000 0.4505
11593.1000 0.4506
11593.7000 0.4508
11605.8000 0.4509
11608.9000 0.4510
11610.6000 0.4511
11618.9000 0.4513
11639.4000 0.4514
11642.2000 0.4515
11642.4000 0.4516
11643.3000 0.4518
11645.6000 0.4519
11650.1000 0.4520
11665.6000 0.4521
11679.2000 0.4523
11690.7000 0.4524
11706.6000 0.4525
11709.7000 0.4527
11710.6000 0.4528
11711.6000 0.4529
11715.7000 0.4530
11726.4000 0.4532
11730.7000 0.4533
11731.2000 0.4534
11754.0000 0.4535
11758.9000 0.4537
11771.8000 0.4538
11776.2000 0.4539
11781.4000 0.4540
11785.4000 0.4542
11799.0000 0.4543
11799.3000 0.4544
11803.5000 0.4545
11808.5000 0.4547
11808.8000 0.4548
11827.6000 0.4549
11829.1000 0.4551
11829.1000 0.4552
11835.6000 0.4553
11851.5000 0.4554
11863.6000 0.4556
11877.2000 0.4557
11899.9000 0.4558
11905.9000 0.4559
11908.0000 0.4561
11909.5000 0.4562
11938.5000 0.4563
11942.9000 0.4564
11948.4000 0.4566
11954.0000 0.4567
11963.8000 0.4568
11967.7000 0.4569
11972.1000 0.4571
11982.6000 0.4572
11987.8000 0.4573
11990.3000 0.4574
11998.6000 0.4576
12012.5000 0.4577
12015.3000 0.4578
12017.9000 0.4580
12024.2000 0.4581
12026.6000 0.4582
12026.7000 0.4583
12052.5000 0.4585
12064.8000 0.4586
12072.8000 0.4587
12092.1000 0.4588
12099.4000 0.4590
12106.9000 0.4591
12115.1000 0.4592
12115.2000 0.4593
12115.9000 0.4595
12128.2000 0.4596
12129.4000 0.4597
12138.0000 0.4598
12150.2000 0.4600
12154.3000 0.4601
12155.4000 0.4602
12160.1000 0.4604
12165.4000 0.4605
12178.3000 0.4606
12183.4000 0.4607
12188.2000 0.4609
12194.3000 0.4610
12217.0000 0.4611
12220.6000 0.4612
12223.3000 0.4614
12227.1000 0.4615
12237.8000 0.4616
12249.4000 0.4617
12273.5000 0.4619
12281.8000 0.4620
12285.3000 0.4621
12288.2000 0.4622
12299.1000 0.4624
12314.4000 0.4625
12321.0000 0.4626
12323.6000 0.4628
12328.8000 0.4629
12330.3000 0.4630
12333.8000 0.4631
12360.0000 0.4633
12361.7000 0.4634
12363.0000 0.4635
12363.7000 0.4636
12366.1000 0.4638
12377.1000 0.4639
12385.7000 0.4640
12392.5000 0.4641
12393.6000 0.4643
12395.4000 0.4644
12396.7000 0.4645
12399.1000 0.4646
12420.4000 0.4648
12434.9000 0.4649
12441.6000 0.4650
12447.6000 0.4652
12450.5000 0.4653
12452.1000 0.4654
12454.6000 0.4655
12469.5000 0.4657
12481.8000 0.4658
12484.5000 0.4659
12486.0000 0.4660
12486.5000 0.4662
12501.1000 0.4663
12503.8000 0.4664
12504.8000 0.4665
12506.9000 0.4667
12509.7000 0.4668
12519.9000 0.4669
12522.9000 0.4670
12526.2000 0.4672
12539.1000 0.4673
12539.4000 0.4674
12549.1000 0.4676
12552.9000 0.4677
12558.5000 0.4678
12567.4000 0.4679
12581.5000 0.4681
12587.3000 0.4682
12593.6000 0.4683
12595.2000 0.4684
12595.4000 0.4686
12603.5000 0.4687
12619.2000 0.4688
12629.4000 0.4689
12631.2000 0.4691
12635.4000 0.4692
12637.4000 0.4693
12640.2000 0.4694
12653.7000 0.4696
12664.1000 0.4697
12672.8000 0.4698
12683.2000 0.4699
12684.4000 0.4701
12692.6000 0.4702
12695.9000 0.4703
12698.5000 0.4705
12709.2000 0.4706
12718.6000 0.4707
12739.4000 0.4708
12740.3000 0.4710
12745.6000 0.4711
12756.7000 0.4712
12759.9000 0.4713
12762.5000 0.4715
12773.1000 0.4716
12775.8000 0.4717
12821.0000 0.4718
12828.6000 0.4720
12835.0000 0.4721
12836.4000 0.4722
12853.4000 0.4723
12857.6000 0.4725
12858.9000 0.4726
12862.1000 0.4727
12881.3000 0.4729
12886.0000 0.4730
12887.3000 0.4731
12893.9000 0.4732
12903.1000 0.4734
12910.5000 0.4735
12910.6000 0.4736
12917.2000 0.4737
12929.5000 0.4739
12929.8000 0.4740
12935.9000 0.4741
12939.2000 0.4742
12945.2000 0.4744
12955.0000 0.4745
12956.2000 0.4746
12956.6000 0.4747
12968.0000 0.4749
12978.2000 0.4750
12980.2000 0.4751
12981.1000 0.4753
12982.3000 0.4754
12984.6000 0.4755
12987.7000 0.4756
12988.9000 0.4758
12990.7000 0.4759
12994.7000 0.4760
13007.7000 0.4761
13008.2000 0.4763
13010.0000 0.4764
13023.8000 0.4765
13051.5000 0.4766
13081.3000 0.4768
13081.5000 0.4769
13086.1000 0.4770
13087.4000 0.4771
13104.2000 0.4773
13109.6000 0.4774
13111.0000 0.4775
13125.1000 0.4777
13139.4000 0.4778
13144.5000 0.4779
13144.6000 0.4780
13152.6000 0.4782
13154.5000 0.4783
13155.3000 0.4784
13156.3000 0.4785
13159.0000 0.4787
13159.1000 0.4788
13160.9000 0.4789
13162.4000 0.4790
13166.5000 0.4792
13168.8000 0.4793
13177.5000 0.4794
13182.1000 0.4795
13183.8000 0.4797
13193.0000 0.4798
13196.0000 0.4799
13202.6000 0.4801
13211.5000 0.4802
13215.9000 0.4803
13220.1000 0.4804
13222.5000 0.4806
13229.2000 0.4807
13236.6000 0.4808
13237.3000 0.4809
13254.1000 0.4811
13258.6000 0.4812
13261.8000 0.4813
13262.2000 0.4814
13263.1000 0.4816
13272.6000 0.4817
13273.7000 0.4818
13286.3000 0.4819
13291.0000 0.4821
13300.9000 0.4822
13304.6000 0.4823
13306.1000 0.4824
13326.4000 0.4826
13329.8000 0.4827
13332.3000 0.4828
13338.1000 0.4830
13341.3000 0.4831
13344.9000 0.4832
13348.5000 0.4833
13354.3000 0.4835
13364.3000 0.4836
13364.8000 0.4837
13369.0000 0.4838
13370.0000 0.4840
13382.9000 0.4841
13386.2000 0.4842
13386.9000 0.4843
13396.6000 0.4845
13403.8000 0.4846
13409.5000 0.4847
13410.0000 0.4848
13447.0000 0.4850
13461.4000 0.4851
13483.5000 0.4852
13524.4000 0.4854
13526.8000 0.4855
13533.4000 0.4856
13537.3000 0.4857
13552.5000 0.4859
13560.9000 0.4860
13591.7000 0.4861
13595.6000 0.4862
13600.4000 0.4864
13604.8000 0.4865
13605.0000 0.4866
13618.6000 0.4867
13625.3000 0.4869
13626.9000 0.4870
13629.3000 0.4871
13638.2000 0.4872
13639.0000 0.4874
13640.4000 0.4875
13658.3000 0.4876
13689.3000 0.4878
13700.9000 0.4879
13701.0000 0.4880
13706.9000 0.4881
13726.5000 0.4883
13726.6000 0.4884
13743.4000 0.4885
13755.0000 0.4886
13757.0000 0.4888
13758.3000 0.4889
13763.5000 0.4890
13765.6000 0.4891
13773.2000 0.4893
13791.4000 0.4894
13793.1000 0.4895
13813.7000 0.4896
13837.0000 0.4898
13838.6000 0.4899
13847.5000 0.4900
13860.8000 0.4902
13863.1000 0.4903
13867.4000 0.4904
13871.3000 0.4905
13873.3000 0.4907
13876.6000 0.4908
13877.3000 0.4909
13884.5000 0.4910
13899.8000 0.4912
13902.3000 0.4913
13903.0000 0.4914
13904.7000 0.4915
13923.3000 0.4917
13927.6000 0.4918
13937.5000 0.4919
13943.7000 0.4920
13946.6000 0.4922
13951.3000 0.4923
13951.3000 0.4924
13958.9000 0.4926
13960.2000 0.4927
13964.9000 0.4928
13981.5000 0.4929
13983.5000 0.4931
13986.2000 0.4932
14004.8000 0.4933
14013.7000 0.4934
14015.4000 0.4936
14017.5000 0.4937
14029.8000 0.4938
14030.0000 0.4939
14033.8000 0.4941
14038.4000 0.4942
14039.0000 0.4943
14055.4000 0.4944
14067.4000 0.4946
14069.4000 0.4947
14070.5000 0.4948
14073.4000 0.4949
14073.9000 0.4951
14076.1000 0.4952
14085.4000 0.4953
14089.3000 0.4955
14093.3000 0.4956
14097.7000 0.4957
14106.3000 0.4958
14120.4000 0.4960
14120.5000 0.4961
14129.1000 0.4962
14135.2000 0.4963
14138.3000 0.4965
14140.4000 0.4966
14149.0000 0.4967
14150.8000 0.4968
14152.6000 0.4970
14159.1000 0.4971
14165.3000 0.4972
14173.2000 0.4973
14183.7000 0.4975
14199.4000 0.4976
14219.5000 0.4977
14236.4000 0.4979
14238.5000 0.4980
14240.7000 0.4981
14242.1000 0.4982
14257.5000 0.4984
14274.8000 0.4985
14279.4000 0.4986
14289.0000 0.4987
14291.4000 0.4989
14292.3000 0.4990
14293.5000 0.4991
14295.6000 0.4992
14296.7000 0.4994
14298.7000 0.4995
14300.6000 0.4996
14300.7000 0.4997
14313.7000 0.4999
14313.9000 0.5000
14321.7000 0.5001
14327.6000 0.5003
14327.9000 0.5004
14328.3000 0.5005
14335.7000 0.5006
14337.3000 0.5008
14339.5000 0.5009
14357.5000 0.5010
14357.9000 0.5011
14357.9000 0.5013
14369.9000 0.5014
14380.0000 0.5015
14390.3000 0.5016
14395.0000 0.5018
14402.5000 0.5019
14407.1000 0.5020
14412.7000 0.5021
14413.4000 0.5023
14439.7000 0.5024
14453.5000 0.5025
14468.2000 0.5027
14476.0000 0.5028
14485.4000 0.5029
14485.7000 0.5030
14490.8000 0.5032
14494.9000 0.5033
14502.9000 0.5034
14545.4000 0.5035
14549.2000 0.5037
14551.9000 0.5038
14552.9000 0.5039
14554.5000 0.5040
14578.0000 0.5042
14578.1000 0.5043
14580.8000 0.5044
14590.9000 0.5045
14591.5000 0.5047
14592.0000 0.5048
14593.5000 0.5049
14593.7000 0.5051
14605.2000 0.5052
14616.3000 0.5053
14619.6000 0.5054
14629.6000 0.5056
14632.1000 0.5057
14640.3000 0.5058
14646.0000 0.5059
14657.5000 0.5061
14663.5000 0.5062
14665.1000 0.5063
14673.7000 0.5064
14673.8000 0.5066
14676.8000 0.5067
14686.9000 0.5068
14687.3000 0.5069
14697.2000 0.5071
14712.9000 0.5072
14721.4000 0.5073
14725.2000 0.5074
14729.6000 0.5076
14732.8000 0.5077
14735.3000 0.5078
14738.5000 0.5080
14756.1000 0.5081
14773.3000 0.5082
14774.0000 0.5083
14777.8000 0.5085
14784.6000 0.5086
14790.4000 0.5087
14795.7000 0.5088
14810.7000 0.5090
14829.8000 0.5091
14831.4000 0.5092
14832.2000 0.5093
14834.9000 0.5095
14845.7000 0.5096
14850.0000 0.5097
14851.7000 0.5098
14855.5000 0.5100
14865.2000 0.5101
14871.3000 0.5102
14875.7000 0.5104
14878.3000 0.5105
14880.6000 0.5106
14883.3000 0.5107
14911.3000 0.5109
14918.7000 0.5110
14934.3000 0.5111
14939.0000 0.5112
14940.9000 0.5114
14941.4000 0.5115
14953.9000 0.5116
14972.6000 0.5117
14974.3000 0.5119
14979.5000 0.5120
14996.2000 0.5121
14998.4000 0.5122
15014.9000 0.5124
15018.2000 0.5125
15029.8000 0.5126
15039.5000 0.5128
15040.4000 0.5129
15048.2000 0.5130
15051.2000 0.5131
15063.9000 0.5133
15085.7000 0.5134
15109.5000 0.5135
15111.2000 0.5136
15125.3000 0.5138
15150.2000 0.5139
15167.2000 0.5140
15179.3000 0.5141
15184.8000 0.5143
15190.8000 0.5144
15197.1000 0.5145
15203.5000 0.5146
15204.6000 0.5148
15204.7000 0.5149
15205.2000 0.5150
15206.0000 0.5152
15212.0000 0.5153
15215.6000 0.5154
15221.4000 0.5155
15226.9000 0.5157
15228.3000 0.5158
15231.0000 0.5159
15232.0000 0.5160
15232.4000 0.5162
15268.7000 0.5163
15270.8000 0.5164
15272.6000 0.5165
15280.3000 0.5167
15293.7000 0.5168
15299.5000 0.5169
15300.5000 0.5170
15306.7000 0.5172
15314.7000 0.5173
15317.4000 0.5174
15327.8000 0.5176
15339.2000 0.5177
15342.6000 0.5178
15343.0000 0.5179
15349.1000 0.5181
15374.7000 0.5182
15379.9000 0.5183
15407.2000 0.5184
15409.2000 0.5186
15423.3000 0.5187
15427.4000 0.5188
15431.8000 0.5189
15434.0000 0.5191
15435.1000 0.5192
15449.7000 0.5193
15453.1000 0.5194
15454.6000 0.5196
15459.9000 0.5197
15462.6000 0.5198
15463.7000 0.5199
15464.3000 0.5201
15470.7000 0.5202
15484.4000 0.5203
15484.7000 0.5205
15488.4000 0.5206
15494.4000 0.5207
15494.6000 0.5208
15505.4000 0.5210
15516.5000 0.5211
15518.3000 0.5212
15518.4000 0.5213
15522.9000 0.5215
15529.2000 0.5216
15549.3000 0.5217
15550.5000 0.5218
15553.2000 0.5220
15564.5000 0.5221
15574.6000 0.5222
15588.4000 0.5223
15591.9000 0.5225
15603.5000 0.5226
15605.5000 0.5227
15611.4000 0.5229
15617.6000 0.5230
15634.4000 0.5231
15636.7000 0.5232
15640.0000 0.5234
15647.9000 0.5235
15649.1000 0.5236
15649.4000 0.5237
15652.9000 0.5239
15658.4000 0.5240
15660.6000 0.5241
15660.9000 0.5242
15663.2000 0.5244
15679.3000 0.5245
15686.3000 0.5246
15686.7000 0.5247
15687.7000 0.5249
15692.8000 0.5250
15696.2000 0.5251
15697.9000 0.5253
15706.5000 0.5254
15712.5000 0.5255
15715.2000 0.5256
15717.0000 0.5258
15717.7000 0.5259
15722.1000 0.5260
15726.4000 0.5261
15733.1000 0.5263
15746.3000 0.5264
15750.7000 0.5265
15751.6000 0.5266
15751.9000 0.5268
15768.4000 0.5269
15777.1000 0.5270
15781.1000 0.5271
15781.9000 0.5273
15791.2000 0.5274
15797.4000 0.5275
15804.8000 0.5277
15813.6000 0.5278
15817.2000 0.5279
15820.8000 0.5280
15826.4000 0.5282
15843.0000 0.5283
15843.5000 0.5284
15847.5000 0.5285
15886.6000 0.5287
15888.4000 0.5288
15897.4000 0.5289
15898.7000 0.5290
15904.0000 0.5292
15904.4000 0.5293
15923.4000 0.5294
15928.4000 0.5295
15939.8000 0.5297
15947.0000 0.5298
15947.3000 0.5299
15950.7000 0.5301
15960.0000 0.5302
15971.5000 0.5303
15972.2000 0.5304
15972.8000 0.5306
15977.3000 0.5307
15983.5000 0.5308
15987.4000 0.5309
15990.1000 0.5311
16001.6000 0.5312
16006.6000 0.5313
16008.1000 0.5314
16019.1000 0.5316
16024.9000 0.5317
16026.2000 0.5318
16028.5000 0.5319
16033.1000 0.5321
16043.2000 0.5322
16046.9000 0.5323
16060.0000 0.5324
16074.4000 0.5326
16078.7000 0.5327
16083.9000 0.5328
16084.9000 0.5330
16106.6000 0.5331
16123.3000 0.5332
16125.3000 0.5333
16141.2000 0.5335
16150.1000 0.5336
16150.6000 0.5337
16151.1000 0.5338
16152.9000 0.5340
16160.8000 0.5341
16167.5000 0.5342
16178.8000 0.5343
16188.6000 0.5345
16193.0000 0.5346
16198.7000 0.5347
16213.0000 0.5348
16216.0000 0.5350
16229.2000 0.5351
16233.2000 0.5352
16233.9000 0.5354
16237.9000 0.5355
16245.3000 0.5356
16252.8000 0.5357
16253.8000 0.5359
16253.9000 0.5360
16255.7000 0.5361
16259.6000 0.5362
16264.0000 0.5364
16266.1000 0.5365
16268.0000 0.5366
16270.2000 0.5367
16284.5000 0.5369
16285.0000 0.5370
16300.7000 0.5371
16302.1000 0.5372
16325.3000 0.5374
16331.3000 0.5375
16340.6000 0.5376
16349.0000 0.5378
16388.4000 0.5379
16391.6000 0.5380
16395.5000 0.5381
16398.7000 0.5383
16405.5000 0.5384
16408.3000 0.5385
16410.4000 0.5386
16421.9000 0.5388
16438.6000 0.5389
16442.4000 0.5390
16446.3000 0.5391
16447.5000 0.5393
16455.7000 0.5394
16458.6000 0.5395
16468.1000 0.5396
16482.4000 0.5398
16484.6000 0.5399
16499.7000 0.5400
16508.4000 0.5402
16517.4000 0.5403
16522.4000 0.5404
16524.7000 0.5405
16534.0000 0.5407
16535.7000 0.5408
16537.3000 0.5409
16539.6000 0.5410
16539.9000 0.5412
16562.3000 0.5413
16569.0000 0.5414
16578.4000 0.5415
16588.1000 0.5417
16595.9000 0.5418
16598.8000 0.5419
16610.2000 0.5420
16610.7000 0.5422
16612.6000 0.5423
16615.2000 0.5424
16623.0000 0.5426
16623.5000 0.5427
16628.0000 0.5428
16635.3000 0.5429
16635.3000 0.5431
16650.3000 0.5432
16670.5000 0.5433
16677.6000 0.5434
16678.8000 0.5436
16681.9000 0.5437
16705.8000 0.5438
16708.6000 0.5439
16708.9000 0.5441
16709.6000 0.5442
16712.5000 0.5443
16716.2000 0.5444
16725.9000 0.5446
16743.3000 0.5447
16745.2000 0.5448
16745.4000 0.5449
16748.5000 0.5451
16751.2000 0.5452
16765.1000 0.5453
16773.5000 0.5455
16781.5000 0.5456
16798.9000 0.5457
16805.0000 0.5458
16810.3000 0.5460
16816.5000 0.5461
16832.4000 0.5462
16838.7000 0.5463
16844.1000 0.5465
16844.9000 0.5466
16846.7000 0.5467
16870.5000 0.5468
16874.2000 0.5470
16890.8000 0.5471
16891.5000 0.5472
16897.1000 0.5473
16919.4000 0.5475
16920.4000 0.5476
16924.5000 0.5477
16935.4000 0.5479
16949.2000 0.5480
16949.6000 0.5481
16954.8000 0.5482
16975.7000 0.5484
16982.5000 0.5485
16992.1000 0.5486
16998.4000 0.5487
17002.5000 0.5489
17010.7000 0.5490
17016.6000 0.5491
17035.4000 0.5492
17039.7000 0.5494
17043.8000 0.5495
17069.9000 0.5496
17079.4000 0.5497
17083.7000 0.5499
17085.0000 0.5500
17088.3000 0.5501
17089.4000 0.5503
17101.3000 0.5504
17106.1000 0.5505
17111.4000 0.5506
17117.9000 0.5508
17118.0000 0.5509
17131.3000 0.5510
17133.4000 0.5511
17135.4000 0.5513
17146.7000 0.5514
17150.6000 0.5515
17157.4000 0.5516
17165.5000 0.5518
17169.5000 0.5519
17185.9000 0.5520
17188.7000 0.5521
17197.5000 0.5523
17199.3000 0.5524
17204.0000 0.5525
17204.5000 0.5527
17223.8000 0.5528
17230.7000 0.5529
17231.8000 0.5530
17234.3000 0.5532
17235.6000 0.5533
17256.3000 0.5534
17267.5000 0.5535
17274.8000 0.5537
17286.6000 0.5538
17311.5000 0.5539
17321.4000 0.5540
17322.0000 0.5542
17327.9000 0.5543
17328.7000 0.5544
17334.6000 0.5545
17339.7000 0.5547
17347.9000 0.5548
17350.1000 0.5549
17361.4000 0.5551
17366.5000 0.5552
17370.5000 0.5553
17379.1000 0.5554
17380.4000 0.5556
17384.3000 0.5557
17400.9000 0.5558
17405.9000 0.5559
17406.9000 0.5561
17407.1000 0.5562
17407.2000 0.5563
17408.9000 0.5564
17416.0000 0.5566
17423.1000 0.5567
17427.3000 0.5568
17448.4000 0.5569
17453.2000 0.5571
17458.7000 0.5572
17458.7000 0.5573
17462.2000 0.5574
17467.6000 0.5576
17473.2000 0.5577
17475.2000 0.5578
17475.5000 0.5580
17481.5000 0.5581
17482.2000 0.5582
17483.7000 0.5583
17488.7000 0.5585
17488.8000 0.5586
17504.3000 0.5587
17508.6000 0.5588
17519.2000 0.5590
17519.9000 0.5591
17524.2000 0.5592
17527.6000 0.5593
17533.5000 0.5595
17537.9000 0.5596
17538.9000 0.5597
17551.4000 0.5598
17552.6000 0.5600
17553.0000 0.5601
17560.0000 0.5602
17564.1000 0.5604
17601.5000 0.5605
17623.0000 0.5606
17624.9000 0.5607
17639.7000 0.5609
17655.8000 0.5610
17655.9000 0.5611
17670.5000 0.5612
17673.4000 0.5614
17687.7000 0.5615
17691.0000 0.5616
17691.1000 0.5617
17693.6000 0.5619
17696.1000 0.5620
17718.1000 0.5621
17722.7000 0.5622
17725.4000 0.5624
17733.3000 0.5625
17738.2000 0.5626
17741.2000 0.5628
17742.5000 0.5629
17755.5000 0.5630
17755.9000 0.5631
17757.2000 0.5633
17775.1000 0.5634
17795.7000 0.5635
17797.3000 0.5636
17838.2000 0.5638
17841.5000 0.5639
17845.9000 0.5640
17846.2000 0.5641
17857.6000 0.5643
17864.3000 0.5644
17886.6000 0.5645
17898.6000 0.5646
17908.1000 0.5648
17912.6000 0.5649
17917.5000 0.5650
17927.3000 0.5652
17939.9000 0.5653
17944.4000 0.5654
17945.9000 0.5655
17959.0000 0.5657
17963.6000 0.5658
17987.1000 0.5659
17993.5000 0.5660
18005.8000 0.5662
18019.7000 0.5663
18021.2000 0.5664
18035.2000 0.5665
18046.6000 0.5667
18055.5000 0.5668
18106.0000 0.5669
18117.2000 0.5670
18120.2000 0.5672
18124.4000 0.5673
18139.5000 0.5674
18156.0000 0.5676
18159.0000 0.5677
18159.5000 0.5678
18171.4000 0.5679
18174.5000 0.5681
18195.6000 0.5682
18214.0000 0.5683
18226.6000 0.5684
18229.3000 0.5686
18239.5000 0.5687
18245.6000 0.5688
18252.1000 0.5689
18267.6000 0.5691
18292.8000 0.5692
18296.4000 0.5693
18305.8000 0.5694
18316.3000 0.5696
18318.6000 0.5697
18370.3000 0.5698
18372.1000 0.5699
18391.7000 0.5701
18392.3000 0.5702
18406.7000 0.5703
18420.1000 0.5705
18423.4000 0.5706
18429.5000 0.5707
18440.3000 0.5708
18444.0000 0.5710
18447.8000 0.5711
18465.5000 0.5712
18474.2000 0.5713
18488.8000 0.5715
18494.7000 0.5716
18496.6000 0.5717
18501.7000 0.5718
18517.7000 0.5720
18547.0000 0.5721
18547.8000 0.5722
18562.0000 0.5723
18581.0000 0.5725
18600.0000 0.5726
18601.2000 0.5727
18601.5000 0.5729
18634.2000 0.5730
18648.2000 0.5731
18671.2000 0.5732
18678.7000 0.5734
18680.2000 0.5735
18689.6000 0.5736
18691.5000 0.5737
18704.2000 0.5739
18709.6000 0.5740
18719.5000 0.5741
18726.5000 0.5742
18732.0000 0.5744
18738.5000 0.5745
18743.6000 0.5746
18747.1000 0.5747
18776.1000 0.5749
18801.7000 0.5750
18805.6000 0.5751
18807.5000 0.5753
18818.5000 0.5754
18821.6000 0.5755
18834.0000 0.5756
18834.4000 0.5758
18844.7000 0.5759
18848.5000 0.5760
18867.3000 0.5761
18894.1000 0.5763
18912.8000 0.5764
18932.1000 0.5765
18946.6000 0.5766
18947.7000 0.5768
18953.8000 0.5769
18963.7000 0.5770
18968.6000 0.5771
18982.5000 0.5773
18993.4000 0.5774
19008.2000 0.5775
19019.0000 0.5777
19020.1000 0.5778
19030.5000 0.5779
19089.1000 0.5780
19107.3000 0.5782
19116.8000 0.5783
19118.6000 0.5784
19120.2000 0.5785
19173.3000 0.5787
19178.6000 0.5788
19188.2000 0.5789
19217.1000 0.5790
19224.1000 0.5792
19227.5000 0.5793
19236.1000 0.5794
19247.6000 0.5795
19267.4000 0.5797
19301.7000 0.5798
19305.4000 0.5799
19311.3000 0.5801
19328.7000 0.5802
19332.7000 0.5803
19334.7000 0.5804
19347.6000 0.5806
19360.1000 0.5807
19366.5000 0.5808
19370.3000 0.5809
19370.7000 0.5811
19370.8000 0.5812
19373.4000 0.5813
19390.3000 0.5814
19397.6000 0.5816
19415.5000 0.5817
19446.7000 0.5818
19447.1000 0.5819
19449.0000 0.5821
19449.9000 0.5822
19486.7000 0.5823
19496.4000 0.5824
19502.4000 0.5826
19511.2000 0.5827
19527.7000 0.5828
19529.7000 0.5830
19535.9000 0.5831
19535.9000 0.5832
19538.9000 0.5833
19541.0000 0.5835
19564.1000 0.5836
19581.0000 0.5837
19581.4000 0.5838
19598.0000 0.5840
19599.2000 0.5841
19618.0000 0.5842
19633.6000 0.5843
19634.1000 0.5845
19653.8000 0.5846
19661.4000 0.5847
19663.8000 0.5848
19668.5000 0.5850
19690.1000 0.5851
19707.1000 0.5852
19707.4000 0.5854
19725.6000 0.5855
19729.7000 0.5856
19730.4000 0.5857
19738.4000 0.5859
19764.3000 0.5860
19769.6000 0.5861
19785.6000 0.5862
19798.4000 0.5864
19803.7000 0.5865
19811.5000 0.5866
19815.3000 0.5867
19822.8000 0.5869
19823.4000 0.5870
19832.6000 0.5871
19850.0000 0.5872
19850.5000 0.5874
19872.5000 0.5875
19894.5000 0.5876
19913.2000 0.5878
19936.3000 0.5879
19950.1000 0.5880
19955.3000 0.5881
19957.5000 0.5883
19957.9000 0.5884
19964.1000 0.5885
20002.9000 0.5886
20017.6000 0.5888
20019.4000 0.5889
20019.6000 0.5890
20043.7000 0.5891
20051.0000 0.5893
20073.6000 0.5894
20088.0000 0.5895
20094.6000 0.5896
20098.8000 0.5898
20116.1000 0.5899
20117.0000 0.5900
20143.8000 0.5902
20163.8000 0.5903
20172.1000 0.5904
20185.9000 0.5905
20197.6000 0.5907
20217.7000 0.5908
20222.8000 0.5909
20227.1000 0.5910
20231.9000 0.5912
20232.4000 0.5913
20249.4000 0.5914
20285.7000 0.5915
20298.0000 0.5917
20308.5000 0.5918
20329.6000 0.5919
20348.6000 0.5920
20352.8000 0.5922
20356.3000 0.5923
20363.1000 0.5924
20364.6000 0.5926
20366.0000 0.5927
20373.1000 0.5928
20375.9000 0.5929
20376.8000 0.5931
20379.5000 0.5932
20385.1000 0.5933
20399.1000 0.5934
20403.3000 0.5936
20407.6000 0.5937
20431.2000 0.5938
20442.6000 0.5939
20452.7000 0.5941
20461.5000 0.5942
20471.0000 0.5943
20490.6000 0.5944
20497.8000 0.5946
20517.8000 0.5947
20534.2000 0.5948
20538.1000 0.5949
20545.6000 0.5951
20554.7000 0.5952
20557.5000 0.5953
20591.1000 0.5955
20607.0000 0.5956
20624.9000 0.5957
20628.0000 0.5958
20642.4000 0.5960
20645.2000 0.5961
20653.0000 0.5962
20656.6000 0.5963
20660.2000 0.5965
20664.7000 0.5966
20673.8000 0.5967
20674.0000 0.5968
20676.8000 0.5970
20690.2000 0.5971
20699.6000 0.5972
20704.4000 0.5973
20727.1000 0.5975
20734.1000 0.5976
20738.4000 0.5977
20745.3000 0.5979
20757.3000 0.5980
20776.6000 0.5981
20780.4000 0.5982
20800.3000 0.5984
20803.4000 0.5985
20807.3000 0.5986
20811.6000 0.5987
20815.5000 0.5989
20827.1000 0.5990
20833.8000 0.5991
20852.5000 0.5992
20853.4000 0.5994
20871.2000 0.5995
20882.0000 0.5996
20882.7000 0.5997
20889.1000 0.5999
20890.0000 0.6000
20894.8000 0.6001
20936.5000 0.6003
20949.5000 0.6004
20956.9000 0.6005
21001.8000 0.6006
21030.0000 0.6008
21031.5000 0.6009
21037.7000 0.6010
21072.7000 0.6011
21086.6000 0.6013
21099.6000 0.6014
21100.5000 0.6015
21101.5000 0.6016
21101.8000 0.6018
21102.8000 0.6019
21135.8000 0.6020
21150.7000 0.6021
21166.7000 0.6023
21174.4000 0.6024
21176.8000 0.6025
21180.6000 0.6027
21196.4000 0.6028
21213.1000 0.6029
21216.3000 0.6030
21253.4000 0.6032
21261.5000 0.6033
21265.7000 0.6034
21271.7000 0.6035
21275.9000 0.6037
21290.6000 0.6038
21301.2000 0.6039
21314.1000 0.6040
21317.2000 0.6042
21350.9000 0.6043
21353.0000 0.6044
21355.3000 0.6045
21364.4000 0.6047
21387.1000 0.6048
21406.7000 0.6049
21426.7000 0.6051
21427.5000 0.6052
21438.2000 0.6053
21439.8000 0.6054
21456.2000 0.6056
21469.5000 0.6057
21476.5000 0.6058
21493.4000 0.6059
21499.3000 0.6061
21507.5000 0.6062
21517.8000 0.6063
21523.1000 0.6064
21568.4000 0.6066
21573.5000 0.6067
21580.2000 0.6068
21598.2000 0.6069
21607.7000 0.6071
21613.7000 0.6072
21641.6000 0.6073
21646.5000 0.6074
21657.8000 0.6076
21713.3000 0.6077
21724.2000 0.6078
21727.1000 0.6080
21738.7000 0.6081
21788.9000 0.6082
21796.5000 0.6083
21817.0000 0.6085
21827.5000 0.6086
21830.1000 0.6087
21840.9000 0.6088
21872.7000 0.6090
21919.3000 0.6091
21934.2000 0.6092
21958.8000 0.6093
21964.4000 0.6095
21967.8000 0.6096
22004.3000 0.6097
22032.4000 0.6098
22033.9000 0.6100
22067.3000 0.6101
22078.8000 0.6102
22089.7000 0.6104
22118.4000 0.6105
22129.8000 0.6106
22189.6000 0.6107
22194.3000 0.6109
22203.8000 0.6110
22205.1000 0.6111
22207.6000 0.6112
22231.4000 0.6114
22237.7000 0.6115
22249.9000 0.6116
22253.7000 0.6117
22262.7000 0.6119
22271.2000 0.6120
22280.5000 0.6121
22280.9000 0.6122
22308.1000 0.6124
22319.5000 0.6125
22356.3000 0.6126
22364.5000 0.6128
22394.6000 0.6129
22397.2000 0.6130
22439.9000 0.6131
22441.9000 0.6133
22445.1000 0.6134
22531.0000 0.6135
22535.1000 0.6136
22538.6000 0.6138
22556.8000 0.6139
22587.1000 0.6140
22596.7000 0.6141
22601.9000 0.6143
22641.4000 0.6144
22668.7000 0.6145
22696.8000 0.6146
22697.0000 0.6148
22711.1000 0.6149
22763.3000 0.6150
22774.0000 0.6152
22788.4000 0.6153
22795.5000 0.6154
22796.4000 0.6155
22824.5000 0.6157
22846.1000 0.6158
22871.5000 0.6159
22880.2000 0.6160
22948.1000 0.6162
22953.8000 0.6163
22960.0000 0.6164
22966.7000 0.6165
22974.9000 0.6167
22991.5000 0.6168
22993.5000 0.6169
23025.8000 0.6170
23045.5000 0.6172
23081.6000 0.6173
23091.9000 0.6174
23126.6000 0.6176
23133.5000 0.6177
23135.1000 0.6178
23160.0000 0.6179
23181.6000 0.6181
23203.7000 0.6182
23205.9000 0.6183
23215.7000 0.6184
23238.5000 0.6186
23282.4000 0.6187
23320.9000 0.6188
23325.9000 0.6189
23329.4000 0.6191
23335.9000 0.6192
23359.4000 0.6193
23373.3000 0.6194
23443.1000 0.6196
23466.1000 0.6197
23471.4000 0.6198
23476.2000 0.6199
23481.4000 0.6201
23506.5000 0.6202
23547.3000 0.6203
23561.4000 0.6205
23570.4000 0.6206
23571.4000 0.6207
23620.5000 0.6208
23626.1000 0.6210
23666.6000 0.6211
23674.8000 0.6212
23717.7000 0.6213
23734.6000 0.6215
23822.6000 0.6216
23826.3000 0.6217
23831.9000 0.6218
23834.8000 0.6220
23853.6000 0.6221
23855.6000 0.6222
23868.5000 0.6223
23942.4000 0.6225
23969.0000 0.6226
