# messageDelay  cumulativeProbability
1.0000 0.0002
1.0000 0.0003
1.0000 0.0005
1.0000 0.0007
1.0000 0.0009
1.0000 0.0010
1.0000 0.0012
1.0000 0.0014
1.0000 0.0016
1.0000 0.0017
1.0000 0.0019
1.0000 0.0021
1.0000 0.0023
1.0000 0.0024
92.4000 0.0026
100.5000 0.0028
117.1000 0.0030
118.7000 0.0031
119.8000 0.0033
132.5000 0.0035
135.4000 0.0036
136.9000 0.0038
143.4000 0.0040
144.7000 0.0042
158.5000 0.0043
159.9000 0.0045
166.5000 0.0047
171.2000 0.0049
176.6000 0.0050
189.0000 0.0052
195.2000 0.0054
197.7000 0.0056
197.9000 0.0057
201.0000 0.0059
202.2000 0.0061
203.7000 0.0063
206.2000 0.0064
213.5000 0.0066
213.9000 0.0068
215.7000 0.0069
219.5000 0.0071
224.2000 0.0073
229.7000 0.0075
234.3000 0.0076
234.6000 0.0078
237.5000 0.0080
239.4000 0.0082
239.7000 0.0083
241.4000 0.0085
242.9000 0.0087
245.6000 0.0089
247.7000 0.0090
253.7000 0.0092
258.6000 0.0094
264.7000 0.0095
269.4000 0.0097
270.5000 0.0099
273.7000 0.0101
279.5000 0.0102
281.3000 0.0104
281.5000 0.0106
281.7000 0.0108
287.4000 0.0109
289.3000 0.0111
292.3000 0.0113
294.3000 0.0115
294.4000 0.0116
296.3000 0.0118
297.2000 0.0120
297.5000 0.0122
299.3000 0.0123
302.5000 0.0125
304.8000 0.0127
307.3000 0.0128
308.5000 0.0130
309.8000 0.0132
310.2000 0.0134
310.5000 0.0135
312.3000 0.0137
312.7000 0.0139
316.4000 0.0141
320.8000 0.0142
321.2000 0.0144
321.5000 0.0146
321.5000 0.0148
321.5000 0.0149
325.9000 0.0151
332.7000 0.0153
336.6000 0.0155
338.0000 0.0156
338.6000 0.0158
343.5000 0.0160
347.6000 0.0161
349.1000 0.0163
352.4000 0.0165
354.9000 0.0167
364.3000 0.0168
367.4000 0.0170
368.2000 0.0172
369.5000 0.0174
370.7000 0.0175
370.9000 0.0177
376.6000 0.0179
378.1000 0.0181
379.4000 0.0182
379.6000 0.0184
383.6000 0.0186
385.6000 0.0187
389.1000 0.0189
392.1000 0.0191
395.9000 0.0193
408.5000 0.0194
410.7000 0.0196
411.7000 0.0198
413.6000 0.0200
414.2000 0.0201
414.6000 0.0203
414.9000 0.0205
417.5000 0.0207
420.7000 0.0208
421.9000 0.0210
422.3000 0.0212
422.4000 0.0214
423.3000 0.0215
424.7000 0.0217
426.9000 0.0219
427.8000 0.0220
428.2000 0.0222
428.3000 0.0224
429.5000 0.0226
432.0000 0.0227
432.4000 0.0229
437.3000 0.0231
437.6000 0.0233
438.8000 0.0234
439.8000 0.0236
440.8000 0.0238
447.4000 0.0240
450.4000 0.0241
450.8000 0.0243
456.5000 0.0245
457.2000 0.0247
459.3000 0.0248
466.8000 0.0250
468.2000 0.0252
470.1000 0.0253
472.5000 0.0255
474.9000 0.0257
475.4000 0.0259
477.3000 0.0260
479.3000 0.0262
482.5000 0.0264
484.4000 0.0266
484.7000 0.0267
485.3000 0.0269
486.9000 0.0271
487.7000 0.0273
493.7000 0.0274
494.8000 0.0276
495.1000 0.0278
495.7000 0.0280
498.2000 0.0281
498.4000 0.0283
500.4000 0.0285
500.9000 0.0286
502.6000 0.0288
509.1000 0.0290
515.1000 0.0292
519.9000 0.0293
523.1000 0.0295
526.2000 0.0297
526.3000 0.0299
526.7000 0.0300
527.2000 0.0302
529.3000 0.0304
533.3000 0.0306
534.7000 0.0307
536.1000 0.0309
538.2000 0.0311
539.2000 0.0312
540.0000 0.0314
544.7000 0.0316
545.2000 0.0318
550.8000 0.0319
552.3000 0.0321
555.3000 0.0323
555.4000 0.0325
557.8000 0.0326
557.8000 0.0328
559.2000 0.0330
560.4000 0.0332
561.7000 0.0333
561.8000 0.0335
561.8000 0.0337
562.8000 0.0339
562.9000 0.0340
565.5000 0.0342
565.6000 0.0344
566.5000 0.0345
568.5000 0.0347
571.4000 0.0349
572.6000 0.0351
574.6000 0.0352
576.3000 0.0354
576.4000 0.0356
577.1000 0.0358
577.4000 0.0359
578.6000 0.0361
580.0000 0.0363
581.0000 0.0365
581.7000 0.0366
584.6000 0.0368
585.4000 0.0370
586.0000 0.0372
586.8000 0.0373
588.3000 0.0375
590.2000 0.0377
591.6000 0.0378
593.5000 0.0380
593.9000 0.0382
594.1000 0.0384
594.5000 0.0385
596.4000 0.0387
599.7000 0.0389
601.1000 0.0391
601.3000 0.0392
606.5000 0.0394
606.7000 0.0396
607.7000 0.0398
610.1000 0.0399
611.3000 0.0401
616.3000 0.0403
618.2000 0.0405
620.0000 0.0406
621.3000 0.0408
621.3000 0.0410
626.5000 0.0411
627.2000 0.0413
627.4000 0.0415
627.7000 0.0417
631.1000 0.0418
631.7000 0.0420
634.1000 0.0422
646.6000 0.0424
648.8000 0.0425
652.6000 0.0427
655.6000 0.0429
657.4000 0.0431
657.6000 0.0432
658.7000 0.0434
659.7000 0.0436
672.9000 0.0437
676.4000 0.0439
676.4000 0.0441
678.7000 0.0443
679.7000 0.0444
680.9000 0.0446
681.0000 0.0448
683.7000 0.0450
686.5000 0.0451
690.9000 0.0453
691.1000 0.0455
693.7000 0.0457
696.8000 0.0458
700.4000 0.0460
702.3000 0.0462
703.1000 0.0464
705.9000 0.0465
712.7000 0.0467
713.8000 0.0469
713.9000 0.0470
717.6000 0.0472
718.6000 0.0474
720.5000 0.0476
720.5000 0.0477
721.6000 0.0479
725.5000 0.0481
727.5000 0.0483
734.1000 0.0484
734.3000 0.0486
734.6000 0.0488
737.4000 0.0490
739.9000 0.0491
741.4000 0.0493
743.5000 0.0495
744.2000 0.0497
744.8000 0.0498
748.7000 0.0500
750.9000 0.0502
751.5000 0.0503
754.9000 0.0505
764.3000 0.0507
764.6000 0.0509
764.7000 0.0510
765.2000 0.0512
765.9000 0.0514
766.8000 0.0516
767.3000 0.0517
767.9000 0.0519
769.0000 0.0521
770.7000 0.0523
771.2000 0.0524
772.3000 0.0526
773.2000 0.0528
773.5000 0.0530
779.3000 0.0531
781.4000 0.0533
787.4000 0.0535
790.5000 0.0536
795.4000 0.0538
796.6000 0.0540
797.6000 0.0542
798.8000 0.0543
802.8000 0.0545
805.3000 0.0547
806.1000 0.0549
806.3000 0.0550
807.8000 0.0552
808.5000 0.0554
809.1000 0.0556
812.5000 0.0557
814.6000 0.0559
814.6000 0.0561
821.9000 0.0562
823.6000 0.0564
827.7000 0.0566
829.3000 0.0568
831.3000 0.0569
832.2000 0.0571
835.2000 0.0573
836.2000 0.0575
837.2000 0.0576
837.7000 0.0578
838.0000 0.0580
838.3000 0.0582
844.2000 0.0583
846.8000 0.0585
848.0000 0.0587
848.8000 0.0589
849.0000 0.0590
853.9000 0.0592
854.9000 0.0594
857.9000 0.0595
858.7000 0.0597
860.0000 0.0599
860.6000 0.0601
862.4000 0.0602
866.0000 0.0604
868.3000 0.0606
875.9000 0.0608
878.6000 0.0609
879.5000 0.0611
883.2000 0.0613
883.6000 0.0615
884.5000 0.0616
885.7000 0.0618
885.8000 0.0620
887.1000 0.0622
896.1000 0.0623
902.0000 0.0625
902.6000 0.0627
906.5000 0.0628
908.2000 0.0630
912.1000 0.0632
912.1000 0.0634
913.8000 0.0635
915.0000 0.0637
915.5000 0.0639
918.8000 0.0641
923.5000 0.0642
929.4000 0.0644
930.4000 0.0646
930.7000 0.0648
934.1000 0.0649
937.1000 0.0651
938.6000 0.0653
939.5000 0.0655
941.4000 0.0656
945.5000 0.0658
948.7000 0.0660
950.1000 0.0661
950.7000 0.0663
952.5000 0.0665
953.6000 0.0667
954.7000 0.0668
955.0000 0.0670
962.8000 0.0672
970.7000 0.0674
971.5000 0.0675
971.9000 0.0677
973.3000 0.0679
975.6000 0.0681
977.5000 0.0682
987.1000 0.0684
987.5000 0.0686
991.2000 0.0687
992.8000 0.0689
993.9000 0.0691
999.5000 0.0693
1002.4000 0.0694
1003.5000 0.0696
1007.4000 0.0698
1011.5000 0.0700
1011.5000 0.0701
1012.3000 0.0703
1013.6000 0.0705
1014.1000 0.0707
1014.9000 0.0708
1019.1000 0.0710
1019.9000 0.0712
1020.0000 0.0714
1020.3000 0.0715
1022.3000 0.0717
1023.4000 0.0719
1024.1000 0.0720
1030.5000 0.0722
1036.6000 0.0724
1038.8000 0.0726
1041.1000 0.0727
1042.8000 0.0729
1044.6000 0.0731
1049.9000 0.0733
1055.4000 0.0734
1055.5000 0.0736
1056.3000 0.0738
1057.8000 0.0740
1060.0000 0.0741
1061.6000 0.0743
1062.9000 0.0745
1067.4000 0.0747
1069.0000 0.0748
1073.3000 0.0750
1088.3000 0.0752
1097.3000 0.0753
1098.7000 0.0755
1100.5000 0.0757
1100.6000 0.0759
1101.1000 0.0760
1102.6000 0.0762
1103.9000 0.0764
1111.4000 0.0766
1113.7000 0.0767
1115.1000 0.0769
1117.0000 0.0771
1117.7000 0.0773
1118.0000 0.0774
1118.7000 0.0776
1120.0000 0.0778
1120.9000 0.0780
1122.8000 0.0781
1123.2000 0.0783
1125.6000 0.0785
1129.0000 0.0786
1132.3000 0.0788
1132.7000 0.0790
1133.0000 0.0792
1133.0000 0.0793
1133.4000 0.0795
1135.1000 0.0797
1135.8000 0.0799
1137.3000 0.0800
1138.6000 0.0802
1141.2000 0.0804
1142.7000 0.0806
1143.8000 0.0807
1144.4000 0.0809
1144.6000 0.0811
1145.6000 0.0812
1149.9000 0.0814
1152.5000 0.0816
1159.7000 0.0818
1165.8000 0.0819
1166.6000 0.0821
1168.8000 0.0823
1169.2000 0.0825
1172.0000 0.0826
1179.4000 0.0828
1179.5000 0.0830
1181.3000 0.0832
1183.8000 0.0833
1184.4000 0.0835
1187.2000 0.0837
1189.1000 0.0839
1189.4000 0.0840
1190.2000 0.0842
1190.7000 0.0844
1191.0000 0.0845
1192.5000 0.0847
1193.1000 0.0849
1193.4000 0.0851
1197.1000 0.0852
1200.9000 0.0854
1202.6000 0.0856
1204.0000 0.0858
1211.7000 0.0859
1213.6000 0.0861
1219.0000 0.0863
1220.0000 0.0865
1221.8000 0.0866
1224.5000 0.0868
1225.5000 0.0870
1234.1000 0.0872
1235.9000 0.0873
1236.7000 0.0875
1242.7000 0.0877
1242.8000 0.0878
1243.9000 0.0880
1244.0000 0.0882
1245.5000 0.0884
1248.9000 0.0885
1249.0000 0.0887
1250.5000 0.0889
1251.3000 0.0891
1253.9000 0.0892
1254.8000 0.0894
1255.4000 0.0896
1256.1000 0.0898
1258.9000 0.0899
1259.1000 0.0901
1260.1000 0.0903
1266.1000 0.0905
1267.9000 0.0906
1268.0000 0.0908
1269.5000 0.0910
1269.7000 0.0911
1270.1000 0.0913
1275.2000 0.0915
1275.5000 0.0917
1278.6000 0.0918
1280.4000 0.0920
1280.6000 0.0922
1282.8000 0.0924
1290.6000 0.0925
1297.9000 0.0927
1301.3000 0.0929
1308.4000 0.0931
1310.0000 0.0932
1310.3000 0.0934
1312.0000 0.0936
1317.7000 0.0937
1321.2000 0.0939
1321.7000 0.0941
1322.5000 0.0943
1323.3000 0.0944
1326.4000 0.0946
1328.3000 0.0948
1333.3000 0.0950
1337.2000 0.0951
1347.4000 0.0953
1347.5000 0.0955
1350.8000 0.0957
1351.9000 0.0958
1353.5000 0.0960
1363.3000 0.0962
1363.3000 0.0964
1368.3000 0.0965
1369.3000 0.0967
1370.1000 0.0969
1371.3000 0.0970
1374.9000 0.0972
1375.2000 0.0974
1381.3000 0.0976
1381.9000 0.0977
1383.4000 0.0979
1384.3000 0.0981
1388.8000 0.0983
1391.1000 0.0984
1393.9000 0.0986
1397.3000 0.0988
1398.9000 0.0990
1399.6000 0.0991
1402.0000 0.0993
1410.2000 0.0995
1413.1000 0.0997
1414.9000 0.0998
1418.2000 0.1000
1419.4000 0.1002
1419.9000 0.1003
1421.1000 0.1005
1422.2000 0.1007
1423.5000 0.1009
1424.4000 0.1010
1431.6000 0.1012
1433.1000 0.1014
1434.8000 0.1016
1437.5000 0.1017
1439.3000 0.1019
1443.6000 0.1021
1445.0000 0.1023
1449.4000 0.1024
1450.9000 0.1026
1453.3000 0.1028
1453.8000 0.1030
1455.7000 0.1031
1457.4000 0.1033
1462.1000 0.1035
1470.6000 0.1036
1470.6000 0.1038
1476.4000 0.1040
1476.6000 0.1042
1476.7000 0.1043
1477.6000 0.1045
1478.5000 0.1047
1478.7000 0.1049
1485.6000 0.1050
1487.7000 0.1052
1489.1000 0.1054
1489.3000 0.1056
1490.6000 0.1057
1494.8000 0.1059
1496.2000 0.1061
1496.4000 0.1062
1498.2000 0.1064
1503.7000 0.1066
1508.9000 0.1068
1510.4000 0.1069
1512.5000 0.1071
1513.4000 0.1073
1514.6000 0.1075
1516.0000 0.1076
1520.5000 0.1078
1525.9000 0.1080
1528.6000 0.1082
1529.3000 0.1083
1529.5000 0.1085
1530.7000 0.1087
1531.2000 0.1089
1533.5000 0.1090
1536.0000 0.1092
1536.7000 0.1094
1540.4000 0.1095
1540.7000 0.1097
1544.0000 0.1099
1546.1000 0.1101
1550.0000 0.1102
1551.8000 0.1104
1552.2000 0.1106
1556.1000 0.1108
1557.2000 0.1109
1557.7000 0.1111
1561.4000 0.1113
1562.4000 0.1115
1563.5000 0.1116
1575.9000 0.1118
1577.4000 0.1120
1584.6000 0.1122
1586.3000 0.1123
1588.6000 0.1125
1594.9000 0.1127
1596.3000 0.1128
1596.5000 0.1130
1598.0000 0.1132
1600.5000 0.1134
1600.5000 0.1135
1601.4000 0.1137
1609.4000 0.1139
1611.0000 0.1141
1617.2000 0.1142
1622.3000 0.1144
1632.6000 0.1146
1638.4000 0.1148
1639.8000 0.1149
1643.3000 0.1151
1644.7000 0.1153
1648.4000 0.1155
1652.8000 0.1156
1658.3000 0.1158
1667.2000 0.1160
1668.5000 0.1161
1669.2000 0.1163
1673.3000 0.1165
1677.3000 0.1167
1680.9000 0.1168
1683.2000 0.1170
1683.2000 0.1172
1684.5000 0.1174
1693.7000 0.1175
1696.3000 0.1177
1705.4000 0.1179
1707.2000 0.1181
1709.7000 0.1182
1712.7000 0.1184
1717.6000 0.1186
1719.1000 0.1187
1723.6000 0.1189
1733.4000 0.1191
1734.9000 0.1193
1739.8000 0.1194
1741.0000 0.1196
1742.7000 0.1198
1748.5000 0.1200
1756.0000 0.1201
1758.5000 0.1203
1759.5000 0.1205
1766.4000 0.1207
1772.6000 0.1208
1776.5000 0.1210
1782.3000 0.1212
1793.6000 0.1214
1793.6000 0.1215
1801.0000 0.1217
1802.6000 0.1219
1805.5000 0.1220
1808.4000 0.1222
1810.0000 0.1224
1827.6000 0.1226
1828.1000 0.1227
1830.6000 0.1229
1834.7000 0.1231
1840.6000 0.1233
1842.9000 0.1234
1844.8000 0.1236
1853.4000 0.1238
1859.5000 0.1240
1867.4000 0.1241
1871.2000 0.1243
1874.5000 0.1245
1876.1000 0.1247
1877.6000 0.1248
1882.5000 0.1250
1883.3000 0.1252
1894.7000 0.1253
1896.2000 0.1255
1896.6000 0.1257
1897.6000 0.1259
1907.3000 0.1260
1909.6000 0.1262
1912.0000 0.1264
1923.3000 0.1266
1926.5000 0.1267
1930.0000 0.1269
1931.1000 0.1271
1933.2000 0.1273
1937.1000 0.1274
1937.4000 0.1276
1937.8000 0.1278
1939.2000 0.1280
1940.7000 0.1281
1941.8000 0.1283
1943.2000 0.1285
1944.3000 0.1286
1948.2000 0.1288
1967.2000 0.1290
1977.3000 0.1292
1980.5000 0.1293
1989.5000 0.1295
1991.1000 0.1297
1997.0000 0.1299
1999.1000 0.1300
2002.4000 0.1302
2003.6000 0.1304
2006.4000 0.1306
2013.2000 0.1307
2016.8000 0.1309
2019.9000 0.1311
2027.5000 0.1312
2027.7000 0.1314
2033.5000 0.1316
2036.7000 0.1318
2040.6000 0.1319
2040.6000 0.1321
2043.7000 0.1323
2054.1000 0.1325
2054.7000 0.1326
2057.3000 0.1328
2061.3000 0.1330
2061.6000 0.1332
2084.4000 0.1333
2085.8000 0.1335
2088.5000 0.1337
2089.3000 0.1339
2089.8000 0.1340
2094.4000 0.1342
2100.3000 0.1344
2101.3000 0.1345
2102.7000 0.1347
2108.0000 0.1349
2108.0000 0.1351
2117.0000 0.1352
2117.5000 0.1354
2140.4000 0.1356
2141.7000 0.1358
2150.4000 0.1359
2151.4000 0.1361
2176.6000 0.1363
2178.7000 0.1365
2182.3000 0.1366
2204.0000 0.1368
2208.7000 0.1370
2211.1000 0.1372
2214.4000 0.1373
2221.2000 0.1375
2222.0000 0.1377
2228.0000 0.1378
2230.0000 0.1380
2242.2000 0.1382
2245.7000 0.1384
2246.0000 0.1385
2247.5000 0.1387
2250.5000 0.1389
2256.5000 0.1391
2257.5000 0.1392
2257.6000 0.1394
2259.3000 0.1396
2263.6000 0.1398
2280.1000 0.1399
2280.2000 0.1401
2289.1000 0.1403
2300.5000 0.1405
2302.8000 0.1406
2303.7000 0.1408
2305.1000 0.1410
2315.5000 0.1411
2330.4000 0.1413
2331.6000 0.1415
2341.0000 0.1417
2341.1000 0.1418
2341.2000 0.1420
2344.9000 0.1422
2350.0000 0.1424
2351.3000 0.1425
2358.7000 0.1427
2362.1000 0.1429
2362.3000 0.1431
2363.9000 0.1432
2369.0000 0.1434
2369.1000 0.1436
2377.8000 0.1437
2380.1000 0.1439
2383.6000 0.1441
2395.6000 0.1443
2395.8000 0.1444
2408.3000 0.1446
2408.4000 0.1448
2408.4000 0.1450
2411.8000 0.1451
2419.7000 0.1453
2427.5000 0.1455
2430.0000 0.1457
2430.2000 0.1458
2433.3000 0.1460
2440.0000 0.1462
2441.1000 0.1464
2446.5000 0.1465
2449.4000 0.1467
2455.0000 0.1469
2458.4000 0.1470
2468.7000 0.1472
2483.3000 0.1474
2488.1000 0.1476
2493.0000 0.1477
2493.7000 0.1479
2498.1000 0.1481
2501.2000 0.1483
2505.1000 0.1484
2507.7000 0.1486
2519.4000 0.1488
2519.7000 0.1490
2522.0000 0.1491
2522.9000 0.1493
2523.5000 0.1495
2523.6000 0.1497
2525.8000 0.1498
2531.6000 0.1500
2538.7000 0.1502
2545.3000 0.1503
2552.1000 0.1505
2555.2000 0.1507
2571.7000 0.1509
2572.5000 0.1510
2574.9000 0.1512
2576.3000 0.1514
2582.2000 0.1516
2586.2000 0.1517
2586.7000 0.1519
2589.7000 0.1521
2589.7000 0.1523
2590.6000 0.1524
2597.4000 0.1526
2598.1000 0.1528
2601.3000 0.1530
2619.0000 0.1531
2625.7000 0.1533
2642.5000 0.1535
2647.7000 0.1536
2649.4000 0.1538
2655.6000 0.1540
2655.8000 0.1542
2665.7000 0.1543
2678.1000 0.1545
2680.1000 0.1547
2684.7000 0.1549
2695.5000 0.1550
2708.2000 0.1552
2711.9000 0.1554
2716.4000 0.1556
2716.7000 0.1557
2723.7000 0.1559
2731.0000 0.1561
2733.1000 0.1562
2733.8000 0.1564
2738.5000 0.1566
2741.9000 0.1568
2753.4000 0.1569
2758.5000 0.1571
2768.8000 0.1573
2769.6000 0.1575
2777.4000 0.1576
2777.5000 0.1578
2778.6000 0.1580
2782.8000 0.1582
2793.6000 0.1583
2794.3000 0.1585
2827.5000 0.1587
2830.7000 0.1589
2833.5000 0.1590
2838.5000 0.1592
2842.6000 0.1594
2844.8000 0.1595
2858.2000 0.1597
2865.7000 0.1599
2867.0000 0.1601
2869.7000 0.1602
2872.7000 0.1604
2874.1000 0.1606
2885.6000 0.1608
2903.7000 0.1609
2907.6000 0.1611
2907.6000 0.1613
2909.6000 0.1615
2919.1000 0.1616
2919.7000 0.1618
2921.1000 0.1620
2928.6000 0.1622
2933.1000 0.1623
2939.8000 0.1625
2950.7000 0.1627
2951.8000 0.1628
2953.9000 0.1630
2958.1000 0.1632
2964.6000 0.1634
2975.5000 0.1635
2976.8000 0.1637
2978.4000 0.1639
2978.8000 0.1641
2984.5000 0.1642
2986.8000 0.1644
2988.5000 0.1646
2992.6000 0.1648
2994.4000 0.1649
2994.5000 0.1651
3001.4000 0.1653
3008.8000 0.1655
3010.3000 0.1656
3013.5000 0.1658
3018.0000 0.1660
3032.4000 0.1661
3036.5000 0.1663
3037.3000 0.1665
3038.3000 0.1667
3043.2000 0.1668
3051.3000 0.1670
3068.4000 0.1672
3068.8000 0.1674
3079.5000 0.1675
3080.5000 0.1677
3081.7000 0.1679
3085.5000 0.1681
3120.5000 0.1682
3127.4000 0.1684
3128.4000 0.1686
3130.0000 0.1687
3130.0000 0.1689
3131.0000 0.1691
3134.8000 0.1693
3143.5000 0.1694
3154.5000 0.1696
3155.6000 0.1698
3160.1000 0.1700
3170.9000 0.1701
3172.4000 0.1703
3174.6000 0.1705
3177.1000 0.1707
3179.4000 0.1708
3190.3000 0.1710
3192.7000 0.1712
3193.0000 0.1714
3199.2000 0.1715
3204.2000 0.1717
3208.7000 0.1719
3213.0000 0.1720
3215.5000 0.1722
3218.8000 0.1724
3229.9000 0.1726
3230.3000 0.1727
3233.5000 0.1729
3236.0000 0.1731
3241.0000 0.1733
3246.0000 0.1734
3257.9000 0.1736
3273.6000 0.1738
3274.2000 0.1740
3280.6000 0.1741
3301.1000 0.1743
3308.3000 0.1745
3313.7000 0.1747
3333.6000 0.1748
3340.1000 0.1750
3361.2000 0.1752
3370.4000 0.1753
3370.9000 0.1755
3371.3000 0.1757
3375.3000 0.1759
3398.3000 0.1760
3416.9000 0.1762
3417.1000 0.1764
3435.3000 0.1766
3456.5000 0.1767
3456.6000 0.1769
3458.7000 0.1771
3465.4000 0.1773
3476.9000 0.1774
3493.5000 0.1776
3501.4000 0.1778
3511.3000 0.1780
3513.5000 0.1781
3539.7000 0.1783
3548.3000 0.1785
3553.6000 0.1786
3567.3000 0.1788
3573.6000 0.1790
3580.3000 0.1792
3589.2000 0.1793
3590.8000 0.1795
3593.4000 0.1797
3602.2000 0.1799
3604.2000 0.1800
3607.5000 0.1802
3608.7000 0.1804
3634.1000 0.1806
3646.1000 0.1807
3663.1000 0.1809
3666.0000 0.1811
3678.7000 0.1812
3690.2000 0.1814
3692.8000 0.1816
3694.4000 0.1818
3699.2000 0.1819
3700.9000 0.1821
3711.8000 0.1823
3713.5000 0.1825
3716.5000 0.1826
3718.8000 0.1828
3719.5000 0.1830
3731.2000 0.1832
3741.3000 0.1833
3745.2000 0.1835
3746.4000 0.1837
3769.9000 0.1839
3772.5000 0.1840
3780.1000 0.1842
3785.1000 0.1844
3786.7000 0.1845
3791.6000 0.1847
3798.0000 0.1849
3801.4000 0.1851
3807.3000 0.1852
3826.1000 0.1854
3844.7000 0.1856
3850.1000 0.1858
3887.6000 0.1859
3890.7000 0.1861
3892.1000 0.1863
3928.5000 0.1865
3929.2000 0.1866
3932.0000 0.1868
3934.1000 0.1870
3935.6000 0.1872
3939.1000 0.1873
3941.0000 0.1875
3951.7000 0.1877
3955.0000 0.1878
3956.6000 0.1880
3959.5000 0.1882
3963.3000 0.1884
3964.0000 0.1885
3977.2000 0.1887
3979.7000 0.1889
3980.5000 0.1891
3993.9000 0.1892
3994.5000 0.1894
3995.4000 0.1896
3998.2000 0.1898
3999.6000 0.1899
4008.1000 0.1901
4008.1000 0.1903
4010.3000 0.1905
4015.7000 0.1906
4015.9000 0.1908
4026.7000 0.1910
4038.8000 0.1911
4039.5000 0.1913
4044.5000 0.1915
4058.1000 0.1917
4067.2000 0.1918
4068.2000 0.1920
4078.0000 0.1922
4082.2000 0.1924
4084.0000 0.1925
4090.3000 0.1927
4092.7000 0.1929
4097.3000 0.1931
4106.8000 0.1932
4111.3000 0.1934
4113.8000 0.1936
4119.3000 0.1937
4120.0000 0.1939
4120.5000 0.1941
4135.3000 0.1943
4137.7000 0.1944
4137.7000 0.1946
4139.1000 0.1948
4145.3000 0.1950
4152.7000 0.1951
4152.7000 0.1953
4153.5000 0.1955
4156.5000 0.1957
4157.7000 0.1958
4177.7000 0.1960
4184.2000 0.1962
4187.7000 0.1964
4196.4000 0.1965
4204.0000 0.1967
4207.1000 0.1969
4208.6000 0.1970
4210.5000 0.1972
4214.6000 0.1974
4226.6000 0.1976
4233.0000 0.1977
4241.4000 0.1979
4245.5000 0.1981
4252.0000 0.1983
4278.1000 0.1984
4287.1000 0.1986
4301.5000 0.1988
4304.1000 0.1990
4305.7000 0.1991
4329.0000 0.1993
4330.2000 0.1995
4331.9000 0.1997
4333.7000 0.1998
4340.4000 0.2000
4354.8000 0.2002
4357.7000 0.2003
4358.0000 0.2005
4359.3000 0.2007
4374.7000 0.2009
4379.3000 0.2010
4389.2000 0.2012
4392.1000 0.2014
4394.3000 0.2016
4394.7000 0.2017
4399.7000 0.2019
4400.3000 0.2021
4437.5000 0.2023
4447.6000 0.2024
4449.5000 0.2026
4454.0000 0.2028
4454.3000 0.2030
4455.1000 0.2031
4458.6000 0.2033
4461.5000 0.2035
4463.5000 0.2036
4469.9000 0.2038
4502.3000 0.2040
4512.8000 0.2042
4529.7000 0.2043
4548.6000 0.2045
4558.9000 0.2047
4560.6000 0.2049
4560.7000 0.2050
4578.1000 0.2052
4593.5000 0.2054
4614.2000 0.2056
4619.2000 0.2057
4620.5000 0.2059
4629.7000 0.2061
4641.1000 0.2062
4642.9000 0.2064
4647.1000 0.2066
4647.2000 0.2068
4653.4000 0.2069
4660.1000 0.2071
4672.0000 0.2073
4677.1000 0.2075
4692.5000 0.2076
4701.1000 0.2078
4708.5000 0.2080
4712.9000 0.2082
4724.7000 0.2083
4739.3000 0.2085
4741.5000 0.2087
4760.0000 0.2089
4760.3000 0.2090
4766.1000 0.2092
4770.0000 0.2094
4788.5000 0.2095
4789.1000 0.2097
4789.5000 0.2099
4811.6000 0.2101
4820.7000 0.2102
4827.6000 0.2104
4827.9000 0.2106
4853.0000 0.2108
4857.9000 0.2109
4869.9000 0.2111
4884.8000 0.2113
4903.6000 0.2115
4904.0000 0.2116
4906.0000 0.2118
4911.9000 0.2120
4922.1000 0.2122
4953.6000 0.2123
4954.0000 0.2125
4957.6000 0.2127
4976.4000 0.2128
4979.1000 0.2130
4980.1000 0.2132
4983.6000 0.2134
4999.8000 0.2135
5005.0000 0.2137
5013.0000 0.2139
5019.6000 0.2141
5021.6000 0.2142
5023.4000 0.2144
5023.7000 0.2146
5025.4000 0.2148
5045.3000 0.2149
5046.4000 0.2151
5056.3000 0.2153
5063.7000 0.2155
5068.5000 0.2156
5073.6000 0.2158
5088.6000 0.2160
5103.2000 0.2161
5105.0000 0.2163
5115.6000 0.2165
5150.3000 0.2167
5175.0000 0.2168
5198.4000 0.2170
5211.5000 0.2172
5219.6000 0.2174
5225.9000 0.2175
5234.9000 0.2177
5239.4000 0.2179
5245.8000 0.2181
5246.0000 0.2182
5264.9000 0.2184
5265.9000 0.2186
5274.6000 0.2187
5290.0000 0.2189
5314.0000 0.2191
5316.9000 0.2193
5353.3000 0.2194
5372.9000 0.2196
5381.6000 0.2198
5394.4000 0.2200
5396.6000 0.2201
5403.4000 0.2203
5405.6000 0.2205
5411.0000 0.2207
5414.5000 0.2208
5421.6000 0.2210
5431.8000 0.2212
5442.2000 0.2214
5452.3000 0.2215
5456.4000 0.2217
5462.8000 0.2219
5478.0000 0.2220
5484.1000 0.2222
5486.2000 0.2224
5516.1000 0.2226
5520.4000 0.2227
5525.8000 0.2229
5533.4000 0.2231
5534.1000 0.2233
5536.9000 0.2234
5559.6000 0.2236
5585.9000 0.2238
5591.6000 0.2240
5603.7000 0.2241
5610.3000 0.2243
5620.7000 0.2245
5624.8000 0.2247
5634.0000 0.2248
5651.3000 0.2250
5692.6000 0.2252
5703.6000 0.2253
5704.5000 0.2255
5710.5000 0.2257
5716.5000 0.2259
5727.7000 0.2260
5727.7000 0.2262
5729.3000 0.2264
5743.1000 0.2266
5757.9000 0.2267
5760.7000 0.2269
5772.6000 0.2271
5773.7000 0.2273
5780.1000 0.2274
5781.2000 0.2276
5782.7000 0.2278
5786.1000 0.2280
5798.2000 0.2281
5800.5000 0.2283
5801.9000 0.2285
5803.4000 0.2286
5814.4000 0.2288
5831.7000 0.2290
5834.9000 0.2292
5839.4000 0.2293
5861.5000 0.2295
5868.3000 0.2297
5888.2000 0.2299
5889.9000 0.2300
5892.8000 0.2302
5898.2000 0.2304
5926.3000 0.2306
5926.6000 0.2307
5937.7000 0.2309
5944.1000 0.2311
5953.8000 0.2312
5962.5000 0.2314
5967.4000 0.2316
5972.6000 0.2318
5975.1000 0.2319
5979.6000 0.2321
5991.5000 0.2323
5992.8000 0.2325
5992.8000 0.2326
5999.7000 0.2328
6008.5000 0.2330
6009.5000 0.2332
6014.7000 0.2333
6016.8000 0.2335
6038.5000 0.2337
6071.1000 0.2339
6078.3000 0.2340
6087.2000 0.2342
6094.7000 0.2344
6097.5000 0.2345
6112.3000 0.2347
6150.3000 0.2349
6152.8000 0.2351
6155.5000 0.2352
6157.5000 0.2354
6162.7000 0.2356
6165.7000 0.2358
6185.5000 0.2359
6206.3000 0.2361
6207.4000 0.2363
6213.1000 0.2365
6237.3000 0.2366
6239.7000 0.2368
6247.5000 0.2370
6252.3000 0.2372
6272.3000 0.2373
6277.7000 0.2375
6293.3000 0.2377
6306.8000 0.2378
6308.8000 0.2380
6313.7000 0.2382
6318.1000 0.2384
6332.2000 0.2385
6332.4000 0.2387
6339.5000 0.2389
6343.7000 0.2391
6348.6000 0.2392
6349.5000 0.2394
6357.8000 0.2396
6364.4000 0.2398
6377.7000 0.2399
6380.9000 0.2401
6382.7000 0.2403
6397.8000 0.2405
6429.8000 0.2406
6435.6000 0.2408
6453.6000 0.2410
6454.5000 0.2411
6470.0000 0.2413
6483.5000 0.2415
6484.6000 0.2417
6501.3000 0.2418
6512.3000 0.2420
6522.2000 0.2422
6528.2000 0.2424
6572.5000 0.2425
6573.0000 0.2427
6575.8000 0.2429
6576.7000 0.2431
6578.1000 0.2432
6581.2000 0.2434
6594.7000 0.2436
6612.8000 0.2437
6618.0000 0.2439
6619.1000 0.2441
6631.5000 0.2443
6634.6000 0.2444
6648.6000 0.2446
6653.4000 0.2448
6667.3000 0.2450
6675.3000 0.2451
6680.4000 0.2453
6683.1000 0.2455
6699.6000 0.2457
6710.7000 0.2458
6717.5000 0.2460
6719.9000 0.2462
6723.4000 0.2464
6723.6000 0.2465
6734.2000 0.2467
6752.6000 0.2469
6754.6000 0.2470
6765.1000 0.2472
6767.6000 0.2474
6775.3000 0.2476
6777.7000 0.2477
6781.0000 0.2479
6786.3000 0.2481
6786.7000 0.2483
6805.0000 0.2484
6812.7000 0.2486
6814.7000 0.2488
6820.9000 0.2490
6825.1000 0.2491
6832.9000 0.2493
6839.4000 0.2495
6839.9000 0.2497
6842.2000 0.2498
6845.6000 0.2500
6846.5000 0.2502
6852.3000 0.2503
6864.9000 0.2505
6872.5000 0.2507
6875.6000 0.2509
6897.5000 0.2510
6902.0000 0.2512
6906.7000 0.2514
6907.2000 0.2516
6910.3000 0.2517
6914.2000 0.2519
6939.0000 0.2521
6952.9000 0.2523
6963.8000 0.2524
6969.6000 0.2526
6982.7000 0.2528
7013.7000 0.2530
7043.6000 0.2531
7050.3000 0.2533
7051.3000 0.2535
7053.5000 0.2536
7062.0000 0.2538
7062.9000 0.2540
7069.0000 0.2542
7078.3000 0.2543
7107.8000 0.2545
7113.3000 0.2547
7114.2000 0.2549
7129.6000 0.2550
7129.8000 0.2552
7135.6000 0.2554
7136.5000 0.2556
7136.6000 0.2557
7145.9000 0.2559
7172.5000 0.2561
7195.1000 0.2563
7209.5000 0.2564
7217.7000 0.2566
7230.3000 0.2568
7249.5000 0.2569
7252.0000 0.2571
7257.4000 0.2573
7262.3000 0.2575
7270.7000 0.2576
7274.6000 0.2578
7283.3000 0.2580
7300.3000 0.2582
7333.8000 0.2583
7342.7000 0.2585
7353.3000 0.2587
7372.5000 0.2589
7380.7000 0.2590
7396.7000 0.2592
7398.0000 0.2594
7405.0000 0.2595
7413.7000 0.2597
7426.3000 0.2599
7429.0000 0.2601
7436.3000 0.2602
7450.4000 0.2604
7452.3000 0.2606
7457.3000 0.2608
7458.7000 0.2609
7463.3000 0.2611
7466.2000 0.2613
7487.5000 0.2615
7487.9000 0.2616
7512.1000 0.2618
7512.6000 0.2620
7522.1000 0.2622
7522.6000 0.2623
7524.4000 0.2625
7528.7000 0.2627
7553.9000 0.2628
7560.2000 0.2630
7562.4000 0.2632
7580.4000 0.2634
7583.1000 0.2635
7586.5000 0.2637
7606.8000 0.2639
7630.5000 0.2641
7673.7000 0.2642
7685.9000 0.2644
7686.6000 0.2646
7708.7000 0.2648
7710.4000 0.2649
7713.2000 0.2651
7720.8000 0.2653
7729.0000 0.2655
7758.1000 0.2656
7764.3000 0.2658
7770.3000 0.2660
7778.7000 0.2661
7817.8000 0.2663
7833.6000 0.2665
7853.2000 0.2667
7882.2000 0.2668
7885.0000 0.2670
7892.8000 0.2672
7897.5000 0.2674
7909.5000 0.2675
7915.9000 0.2677
7920.5000 0.2679
7936.3000 0.2681
7940.3000 0.2682
7962.5000 0.2684
7967.5000 0.2686
7976.0000 0.2688
7983.8000 0.2689
8000.2000 0.2691
8002.6000 0.2693
8035.4000 0.2694
8037.4000 0.2696
8043.6000 0.2698
8056.5000 0.2700
8061.5000 0.2701
8064.7000 0.2703
8070.9000 0.2705
8071.5000 0.2707
8075.0000 0.2708
8075.2000 0.2710
8075.8000 0.2712
8076.5000 0.2714
8077.0000 0.2715
8083.5000 0.2717
8089.3000 0.2719
8103.7000 0.2720
8107.9000 0.2722
8113.9000 0.2724
8133.7000 0.2726
8139.6000 0.2727
8141.6000 0.2729
8170.7000 0.2731
8170.7000 0.2733
8180.5000 0.2734
8190.7000 0.2736
8209.6000 0.2738
8210.5000 0.2740
8224.7000 0.2741
8241.4000 0.2743
8255.5000 0.2745
8270.3000 0.2747
8271.6000 0.2748
8271.6000 0.2750
8274.0000 0.2752
8301.1000 0.2753
8325.9000 0.2755
8334.1000 0.2757
8368.2000 0.2759
8371.6000 0.2760
8393.8000 0.2762
8394.6000 0.2764
8396.7000 0.2766
8420.1000 0.2767
8421.7000 0.2769
8424.5000 0.2771
8440.7000 0.2773
8453.4000 0.2774
8457.2000 0.2776
8463.8000 0.2778
8464.7000 0.2780
8468.4000 0.2781
8480.6000 0.2783
8484.6000 0.2785
8529.2000 0.2786
8540.3000 0.2788
8547.3000 0.2790
8550.4000 0.2792
8559.2000 0.2793
8565.8000 0.2795
8566.3000 0.2797
8583.0000 0.2799
8591.2000 0.2800
8599.6000 0.2802
8607.7000 0.2804
8609.5000 0.2806
8634.3000 0.2807
8646.2000 0.2809
8650.3000 0.2811
8652.1000 0.2813
8652.7000 0.2814
8655.5000 0.2816
8665.8000 0.2818
8671.0000 0.2819
8683.1000 0.2821
8689.2000 0.2823
8692.6000 0.2825
8699.1000 0.2826
8703.8000 0.2828
8729.6000 0.2830
8752.9000 0.2832
8754.5000 0.2833
8758.6000 0.2835
8762.1000 0.2837
8776.0000 0.2839
8799.7000 0.2840
8800.0000 0.2842
8808.5000 0.2844
8823.0000 0.2845
8824.9000 0.2847
8840.6000 0.2849
8847.0000 0.2851
8849.9000 0.2852
8883.0000 0.2854
8885.3000 0.2856
8898.9000 0.2858
8904.4000 0.2859
8909.0000 0.2861
8909.1000 0.2863
8930.2000 0.2865
8934.3000 0.2866
8935.3000 0.2868
8956.8000 0.2870
8962.7000 0.2872
8964.8000 0.2873
8972.6000 0.2875
8981.5000 0.2877
8981.8000 0.2878
8988.3000 0.2880
9010.5000 0.2882
9013.7000 0.2884
9033.5000 0.2885
9037.4000 0.2887
9061.9000 0.2889
9070.0000 0.2891
9098.1000 0.2892
9099.9000 0.2894
9101.4000 0.2896
9104.3000 0.2898
9112.7000 0.2899
9120.5000 0.2901
9139.0000 0.2903
9139.7000 0.2905
9143.3000 0.2906
9144.1000 0.2908
9148.5000 0.2910
9149.7000 0.2911
9153.9000 0.2913
9169.8000 0.2915
9170.9000 0.2917
9176.6000 0.2918
9183.0000 0.2920
9190.6000 0.2922
9219.7000 0.2924
9243.1000 0.2925
9257.0000 0.2927
9269.3000 0.2929
9275.4000 0.2931
9280.0000 0.2932
9286.6000 0.2934
9301.5000 0.2936
9314.7000 0.2938
9319.6000 0.2939
9320.7000 0.2941
9328.7000 0.2943
9339.3000 0.2944
9339.4000 0.2946
9349.5000 0.2948
9357.7000 0.2950
9367.0000 0.2951
9376.7000 0.2953
9378.1000 0.2955
9379.7000 0.2957
9386.2000 0.2958
9388.7000 0.2960
9394.1000 0.2962
9396.1000 0.2964
9403.1000 0.2965
9403.9000 0.2967
9421.1000 0.2969
9432.3000 0.2970
9437.4000 0.2972
9437.7000 0.2974
9439.5000 0.2976
9454.1000 0.2977
9460.6000 0.2979
9476.0000 0.2981
9479.9000 0.2983
9502.6000 0.2984
9509.7000 0.2986
9537.0000 0.2988
9543.3000 0.2990
9563.2000 0.2991
9573.0000 0.2993
9575.8000 0.2995
9605.7000 0.2997
9625.3000 0.2998
9640.3000 0.3000
9643.3000 0.3002
9649.5000 0.3003
9653.7000 0.3005
9680.5000 0.3007
9697.5000 0.3009
9710.8000 0.3010
9730.2000 0.3012
9733.5000 0.3014
9739.6000 0.3016
9752.7000 0.3017
9754.8000 0.3019
9770.4000 0.3021
9770.5000 0.3023
9818.3000 0.3024
9823.4000 0.3026
9827.3000 0.3028
9832.2000 0.3030
9844.4000 0.3031
9857.4000 0.3033
9871.9000 0.3035
9874.2000 0.3036
9881.6000 0.3038
9882.2000 0.3040
9887.3000 0.3042
9890.8000 0.3043
9892.6000 0.3045
9892.7000 0.3047
9910.6000 0.3049
9913.5000 0.3050
9918.2000 0.3052
9925.0000 0.3054
9939.8000 0.3056
9941.7000 0.3057
9943.8000 0.3059
9945.7000 0.3061
9948.2000 0.3063
9959.0000 0.3064
9961.0000 0.3066
9970.9000 0.3068
9971.1000 0.3069
9987.1000 0.3071
9999.5000 0.3073
10008.7000 0.3075
10010.2000 0.3076
10012.4000 0.3078
10040.6000 0.3080
10048.4000 0.3082
10048.8000 0.3083
10068.1000 0.3085
10070.0000 0.3087
10078.9000 0.3089
10097.8000 0.3090
10112.5000 0.3092
10127.5000 0.3094
10134.5000 0.3095
10142.2000 0.3097
10144.3000 0.3099
10153.4000 0.3101
10164.8000 0.3102
10176.8000 0.3104
10177.2000 0.3106
10197.1000 0.3108
10205.1000 0.3109
10207.1000 0.3111
10235.1000 0.3113
10242.2000 0.3115
10261.2000 0.3116
10273.9000 0.3118
10280.4000 0.3120
10295.6000 0.3122
10295.7000 0.3123
10297.4000 0.3125
10297.7000 0.3127
10301.2000 0.3128
10312.7000 0.3130
10327.3000 0.3132
10338.5000 0.3134
10339.1000 0.3135
10339.3000 0.3137
10354.3000 0.3139
10356.0000 0.3141
10356.9000 0.3142
10368.8000 0.3144
10370.2000 0.3146
10376.8000 0.3148
10378.4000 0.3149
10382.0000 0.3151
10382.6000 0.3153
10383.7000 0.3155
10396.5000 0.3156
10404.3000 0.3158
10412.6000 0.3160
10427.3000 0.3161
10435.7000 0.3163
10455.1000 0.3165
10459.8000 0.3167
10469.6000 0.3168
10486.2000 0.3170
10490.7000 0.3172
10503.3000 0.3174
10506.7000 0.3175
10507.8000 0.3177
10521.3000 0.3179
10523.5000 0.3181
10537.6000 0.3182
10547.3000 0.3184
10562.7000 0.3186
10566.2000 0.3188
10567.0000 0.3189
10569.8000 0.3191
10593.4000 0.3193
10600.2000 0.3194
10615.8000 0.3196
10627.9000 0.3198
10637.9000 0.3200
10641.6000 0.3201
10646.2000 0.3203
10656.9000 0.3205
10679.6000 0.3207
10698.6000 0.3208
10704.3000 0.3210
10752.5000 0.3212
10755.1000 0.3214
10755.7000 0.3215
10761.3000 0.3217
10770.7000 0.3219
10775.5000 0.3220
10779.4000 0.3222
10810.6000 0.3224
10813.6000 0.3226
10825.3000 0.3227
10851.1000 0.3229
10863.1000 0.3231
10864.4000 0.3233
10872.6000 0.3234
10887.8000 0.3236
10896.9000 0.3238
10903.5000 0.3240
10905.1000 0.3241
10914.2000 0.3243
10939.1000 0.3245
10943.7000 0.3247
10948.1000 0.3248
10948.7000 0.3250
10953.1000 0.3252
10975.4000 0.3253
10992.6000 0.3255
11021.8000 0.3257
11024.0000 0.3259
11024.9000 0.3260
11028.3000 0.3262
11034.5000 0.3264
11047.7000 0.3266
11050.6000 0.3267
11051.6000 0.3269
11052.5000 0.3271
11061.0000 0.3273
11061.7000 0.3274
11062.1000 0.3276
11079.6000 0.3278
11079.8000 0.3280
11080.7000 0.3281
11084.9000 0.3283
11089.5000 0.3285
11122.7000 0.3286
11123.5000 0.3288
11123.9000 0.3290
11129.3000 0.3292
11131.6000 0.3293
11148.2000 0.3295
11150.1000 0.3297
11169.4000 0.3299
11236.5000 0.3300
11246.8000 0.3302
11308.5000 0.3304
11323.7000 0.3306
11346.9000 0.3307
11348.2000 0.3309
11352.7000 0.3311
11357.7000 0.3313
11372.7000 0.3314
11389.8000 0.3316
11396.5000 0.3318
11407.7000 0.3319
11415.2000 0.3321
11423.3000 0.3323
11423.7000 0.3325
11428.5000 0.3326
11430.8000 0.3328
11440.7000 0.3330
11442.9000 0.3332
11445.1000 0.3333
11449.1000 0.3335
11450.2000 0.3337
11451.0000 0.3339
11474.3000 0.3340
11482.6000 0.3342
11507.5000 0.3344
11512.3000 0.3345
11514.5000 0.3347
11526.7000 0.3349
11533.9000 0.3351
11543.6000 0.3352
11576.0000 0.3354
11589.3000 0.3356
11593.0000 0.3358
11593.6000 0.3359
11595.5000 0.3361
11613.5000 0.3363
11613.8000 0.3365
11617.6000 0.3366
11630.9000 0.3368
11634.7000 0.3370
11638.5000 0.3372
11642.4000 0.3373
11647.0000 0.3375
11650.2000 0.3377
11654.1000 0.3378
11690.7000 0.3380
11706.5000 0.3382
11715.8000 0.3384
11719.6000 0.3385
11726.5000 0.3387
11731.1000 0.3389
11736.5000 0.3391
11752.1000 0.3392
11753.9000 0.3394
11772.1000 0.3396
11773.2000 0.3398
11776.4000 0.3399
11800.2000 0.3401
11803.9000 0.3403
11814.6000 0.3405
11818.6000 0.3406
11901.2000 0.3408
11908.9000 0.3410
11909.8000 0.3411
11913.5000 0.3413
11927.9000 0.3415
11935.7000 0.3417
11960.6000 0.3418
11961.0000 0.3420
11972.1000 0.3422
11992.6000 0.3424
11993.7000 0.3425
11994.4000 0.3427
12012.7000 0.3429
12018.5000 0.3431
12022.0000 0.3432
12022.5000 0.3434
12022.6000 0.3436
12042.4000 0.3438
12074.8000 0.3439
12085.6000 0.3441
12090.5000 0.3443
12092.0000 0.3444
12102.5000 0.3446
12113.6000 0.3448
12115.4000 0.3450
12123.6000 0.3451
12124.6000 0.3453
12126.6000 0.3455
12154.7000 0.3457
12157.1000 0.3458
12167.1000 0.3460
12168.3000 0.3462
12172.3000 0.3464
12176.9000 0.3465
12184.3000 0.3467
12194.4000 0.3469
12196.1000 0.3470
12206.5000 0.3472
12216.6000 0.3474
12217.0000 0.3476
12218.5000 0.3477
12221.5000 0.3479
12224.1000 0.3481
12224.5000 0.3483
12235.5000 0.3484
12274.6000 0.3486
12283.4000 0.3488
12285.9000 0.3490
12287.3000 0.3491
12288.5000 0.3493
12289.4000 0.3495
12299.3000 0.3497
12318.7000 0.3498
12323.7000 0.3500
12324.0000 0.3502
12343.3000 0.3503
12348.1000 0.3505
12354.2000 0.3507
12360.1000 0.3509
12362.2000 0.3510
12365.7000 0.3512
12366.4000 0.3514
12372.2000 0.3516
12378.0000 0.3517
12384.4000 0.3519
12386.4000 0.3521
12386.5000 0.3523
12387.5000 0.3524
12392.3000 0.3526
12404.1000 0.3528
12427.1000 0.3530
12434.7000 0.3531
12447.6000 0.3533
12450.7000 0.3535
12461.5000 0.3536
12462.8000 0.3538
12504.8000 0.3540
12506.2000 0.3542
12508.7000 0.3543
12520.3000 0.3545
12521.0000 0.3547
12526.3000 0.3549
12539.1000 0.3550
12549.2000 0.3552
12558.6000 0.3554
12559.3000 0.3556
12591.5000 0.3557
12593.3000 0.3559
12604.3000 0.3561
12613.7000 0.3563
12618.0000 0.3564
12631.0000 0.3566
12632.1000 0.3568
12635.5000 0.3569
12647.3000 0.3571
12664.3000 0.3573
12673.1000 0.3575
12684.5000 0.3576
12688.3000 0.3578
12691.0000 0.3580
12711.4000 0.3582
12720.6000 0.3583
12746.5000 0.3585
12746.9000 0.3587
12748.8000 0.3589
12756.8000 0.3590
12759.7000 0.3592
12759.7000 0.3594
12769.6000 0.3595
12779.2000 0.3597
12789.5000 0.3599
12807.1000 0.3601
12812.9000 0.3602
12825.5000 0.3604
12829.8000 0.3606
12833.9000 0.3608
12836.3000 0.3609
12850.0000 0.3611
12852.6000 0.3613
12855.8000 0.3615
12858.3000 0.3616
12861.6000 0.3618
12867.6000 0.3620
12882.2000 0.3622
12893.9000 0.3623
12898.3000 0.3625
12913.5000 0.3627
12914.3000 0.3628
12928.5000 0.3630
12930.6000 0.3632
12933.7000 0.3634
12939.4000 0.3635
12944.9000 0.3637
12950.5000 0.3639
12953.3000 0.3641
12954.4000 0.3642
12957.3000 0.3644
12966.1000 0.3646
12978.1000 0.3648
12980.4000 0.3649
12980.5000 0.3651
12981.5000 0.3653
12982.8000 0.3655
12984.2000 0.3656
12990.7000 0.3658
12990.8000 0.3660
12992.3000 0.3661
13008.4000 0.3663
13019.6000 0.3665
13041.1000 0.3667
13053.5000 0.3668
13058.3000 0.3670
13066.3000 0.3672
13086.0000 0.3674
13110.5000 0.3675
13110.5000 0.3677
13110.5000 0.3679
13111.1000 0.3681
13115.4000 0.3682
13131.3000 0.3684
13142.4000 0.3686
13144.5000 0.3688
13145.6000 0.3689
13155.3000 0.3691
13155.4000 0.3693
13162.3000 0.3694
13164.0000 0.3696
13164.0000 0.3698
13169.9000 0.3700
13185.6000 0.3701
13192.9000 0.3703
13210.5000 0.3705
13210.7000 0.3707
13215.4000 0.3708
13229.1000 0.3710
13246.0000 0.3712
13263.0000 0.3714
13272.6000 0.3715
13284.9000 0.3717
13290.2000 0.3719
13291.2000 0.3720
13292.9000 0.3722
13299.5000 0.3724
13300.9000 0.3726
13306.1000 0.3727
13326.7000 0.3729
13332.3000 0.3731
13335.2000 0.3733
13341.1000 0.3734
13364.5000 0.3736
13371.6000 0.3738
13377.5000 0.3740
13378.7000 0.3741
13379.3000 0.3743
13381.3000 0.3745
13385.8000 0.3747
13386.4000 0.3748
13397.3000 0.3750
13407.8000 0.3752
13447.0000 0.3753
13459.0000 0.3755
13464.6000 0.3757
13470.3000 0.3759
13485.0000 0.3760
13494.7000 0.3762
13521.9000 0.3764
13527.6000 0.3766
13560.9000 0.3767
13573.1000 0.3769
13580.3000 0.3771
13592.5000 0.3773
13597.6000 0.3774
13599.7000 0.3776
13609.7000 0.3778
13614.5000 0.3780
13620.7000 0.3781
13632.5000 0.3783
13638.0000 0.3785
13657.0000 0.3786
13672.2000 0.3788
13700.8000 0.3790
13705.7000 0.3792
13726.7000 0.3793
13727.5000 0.3795
13756.0000 0.3797
13757.2000 0.3799
13764.6000 0.3800
13791.4000 0.3802
13835.6000 0.3804
13835.7000 0.3806
13836.8000 0.3807
13836.9000 0.3809
13843.6000 0.3811
13867.6000 0.3813
13868.4000 0.3814
13884.6000 0.3816
13884.7000 0.3818
13903.1000 0.3819
13904.6000 0.3821
13928.6000 0.3823
13931.7000 0.3825
13958.5000 0.3826
13965.0000 0.3828
13984.2000 0.3830
13987.4000 0.3832
14003.2000 0.3833
14004.9000 0.3835
14009.7000 0.3837
14011.5000 0.3839
14020.7000 0.3840
14030.6000 0.3842
14031.6000 0.3844
14039.1000 0.3845
14041.5000 0.3847
14055.5000 0.3849
14057.3000 0.3851
14062.3000 0.3852
14069.5000 0.3854
14072.3000 0.3856
14075.8000 0.3858
14093.0000 0.3859
14093.0000 0.3861
14106.4000 0.3863
14120.5000 0.3865
14122.6000 0.3866
14135.3000 0.3868
14136.3000 0.3870
14136.7000 0.3872
14145.6000 0.3873
14150.7000 0.3875
14151.3000 0.3877
14157.5000 0.3878
14164.3000 0.3880
14166.6000 0.3882
14171.3000 0.3884
14183.7000 0.3885
14206.3000 0.3887
14206.5000 0.3889
14222.4000 0.3891
14223.2000 0.3892
14235.6000 0.3894
14248.3000 0.3896
14277.2000 0.3898
14278.5000 0.3899
14282.5000 0.3901
14291.1000 0.3903
14291.5000 0.3905
14294.0000 0.3906
14296.7000 0.3908
14300.6000 0.3910
14302.7000 0.3911
14311.8000 0.3913
14327.4000 0.3915
14338.7000 0.3917
14341.4000 0.3918
14348.3000 0.3920
14362.6000 0.3922
14364.7000 0.3924
14378.2000 0.3925
14379.8000 0.3927
14389.0000 0.3929
14390.2000 0.3931
14398.6000 0.3932
14402.7000 0.3934
14404.2000 0.3936
14409.5000 0.3938
14457.4000 0.3939
14471.1000 0.3941
14483.4000 0.3943
14485.5000 0.3944
14488.8000 0.3946
14494.9000 0.3948
14502.9000 0.3950
14509.5000 0.3951
14530.4000 0.3953
14541.5000 0.3955
14541.6000 0.3957
14553.8000 0.3958
14577.1000 0.3960
14582.6000 0.3962
14583.5000 0.3964
14584.5000 0.3965
14598.7000 0.3967
14604.1000 0.3969
14616.1000 0.3970
14620.3000 0.3972
14637.4000 0.3974
14642.9000 0.3976
14646.0000 0.3977
14657.8000 0.3979
14663.5000 0.3981
14665.1000 0.3983
14671.6000 0.3984
14673.7000 0.3986
14684.9000 0.3988
14691.4000 0.3990
14697.4000 0.3991
14698.5000 0.3993
14724.5000 0.3995
14725.1000 0.3997
14725.6000 0.3998
14727.4000 0.4000
14727.5000 0.4002
14739.6000 0.4003
14741.3000 0.4005
14742.0000 0.4007
14742.6000 0.4009
14766.1000 0.4010
14774.2000 0.4012
14789.6000 0.4014
14810.5000 0.4016
14830.1000 0.4017
14832.1000 0.4019
14852.5000 0.4021
14852.7000 0.4023
14853.1000 0.4024
14873.7000 0.4026
14878.5000 0.4028
14879.6000 0.4030
14880.5000 0.4031
14883.3000 0.4033
14884.7000 0.4035
14886.6000 0.4036
14888.8000 0.4038
14913.1000 0.4040
14922.8000 0.4042
14934.4000 0.4043
14940.6000 0.4045
14942.2000 0.4047
14959.3000 0.4049
14984.9000 0.4050
14994.1000 0.4052
15005.5000 0.4054
15015.3000 0.4056
15033.3000 0.4057
15048.2000 0.4059
15051.4000 0.4061
15060.1000 0.4063
15063.9000 0.4064
15073.6000 0.4066
15082.7000 0.4068
15111.1000 0.4069
15128.1000 0.4071
15129.7000 0.4073
15134.4000 0.4075
15137.7000 0.4076
15156.7000 0.4078
15158.5000 0.4080
15161.1000 0.4082
15168.2000 0.4083
15168.5000 0.4085
15178.4000 0.4087
15190.8000 0.4089
15194.7000 0.4090
15197.1000 0.4092
15204.7000 0.4094
15205.5000 0.4095
15206.0000 0.4097
15216.0000 0.4099
15216.3000 0.4101
15222.6000 0.4102
15226.9000 0.4104
15229.3000 0.4106
15232.1000 0.4108
15235.6000 0.4109
15268.8000 0.4111
15269.5000 0.4113
15271.7000 0.4115
15274.6000 0.4116
15292.5000 0.4118
15301.7000 0.4120
15307.1000 0.4122
15315.1000 0.4123
15315.2000 0.4125
15338.1000 0.4127
15354.1000 0.4128
15373.7000 0.4130
15382.7000 0.4132
15397.9000 0.4134
15401.7000 0.4135
15406.4000 0.4137
15411.5000 0.4139
15414.4000 0.4141
15425.3000 0.4142
15430.6000 0.4144
15438.6000 0.4146
15451.2000 0.4148
15455.5000 0.4149
15460.1000 0.4151
15468.7000 0.4153
15469.2000 0.4155
15487.5000 0.4156
15494.0000 0.4158
15518.9000 0.4160
15519.0000 0.4161
15525.6000 0.4163
15527.5000 0.4165
15553.4000 0.4167
15555.4000 0.4168
15560.7000 0.4170
15564.7000 0.4172
15585.4000 0.4174
15591.2000 0.4175
15634.3000 0.4177
15650.5000 0.4179
15654.8000 0.4181
15657.7000 0.4182
15674.0000 0.4184
15687.1000 0.4186
15687.3000 0.4188
15689.7000 0.4189
15690.3000 0.4191
15690.8000 0.4193
15696.7000 0.4194
15697.1000 0.4196
15706.7000 0.4198
15717.6000 0.4200
15723.1000 0.4201
15725.9000 0.4203
15728.2000 0.4205
15729.6000 0.4207
15733.1000 0.4208
15741.2000 0.4210
15744.8000 0.4212
15744.9000 0.4214
15746.0000 0.4215
15754.7000 0.4217
15769.5000 0.4219
15773.2000 0.4220
15782.3000 0.4222
15800.5000 0.4224
15806.7000 0.4226
15813.3000 0.4227
15816.5000 0.4229
15818.5000 0.4231
15821.1000 0.4233
15826.3000 0.4234
15834.7000 0.4236
15843.7000 0.4238
15847.3000 0.4240
15866.6000 0.4241
15889.3000 0.4243
15892.6000 0.4245
15893.7000 0.4247
15898.5000 0.4248
15904.2000 0.4250
15905.7000 0.4252
15915.6000 0.4253
15926.0000 0.4255
15932.5000 0.4257
15951.5000 0.4259
15961.5000 0.4260
15976.3000 0.4262
16002.4000 0.4264
16002.4000 0.4266
16015.7000 0.4267
16016.3000 0.4269
16023.2000 0.4271
16024.9000 0.4273
16026.4000 0.4274
16033.1000 0.4276
16046.8000 0.4278
16052.7000 0.4280
16064.6000 0.4281
16076.2000 0.4283
16077.7000 0.4285
16084.8000 0.4286
16122.7000 0.4288
16126.7000 0.4290
16148.9000 0.4292
16149.1000 0.4293
16151.3000 0.4295
16153.3000 0.4297
16181.5000 0.4299
16182.8000 0.4300
16188.9000 0.4302
16210.3000 0.4304
16218.3000 0.4306
16219.1000 0.4307
16224.9000 0.4309
16226.8000 0.4311
16227.0000 0.4313
16242.2000 0.4314
16250.6000 0.4316
16251.3000 0.4318
16253.8000 0.4319
16254.8000 0.4321
16256.5000 0.4323
16266.3000 0.4325
16282.2000 0.4326
16283.5000 0.4328
16287.6000 0.4330
16292.0000 0.4332
16300.8000 0.4333
16332.6000 0.4335
16334.4000 0.4337
16341.7000 0.4339
16349.2000 0.4340
16391.0000 0.4342
16393.8000 0.4344
16395.2000 0.4345
16405.5000 0.4347
16408.6000 0.4349
16418.6000 0.4351
16423.0000 0.4352
16434.2000 0.4354
16442.4000 0.4356
16445.7000 0.4358
16457.3000 0.4359
16474.5000 0.4361
16477.4000 0.4363
16499.8000 0.4365
16512.3000 0.4366
16519.5000 0.4368
16520.8000 0.4370
16524.9000 0.4372
16536.1000 0.4373
16539.5000 0.4375
16548.0000 0.4377
16563.2000 0.4378
16579.5000 0.4380
16595.3000 0.4382
16598.9000 0.4384
16609.1000 0.4385
16609.4000 0.4387
16611.5000 0.4389
16619.3000 0.4391
16652.6000 0.4392
16667.0000 0.4394
16669.6000 0.4396
16672.6000 0.4398
16683.6000 0.4399
16707.6000 0.4401
16710.7000 0.4403
16719.6000 0.4405
16726.3000 0.4406
16727.1000 0.4408
16743.4000 0.4410
16774.6000 0.4411
16776.7000 0.4413
16781.7000 0.4415
16782.6000 0.4417
16813.8000 0.4418
16816.6000 0.4420
16859.2000 0.4422
16869.7000 0.4424
16891.4000 0.4425
16893.2000 0.4427
16896.2000 0.4429
16897.1000 0.4431
16902.2000 0.4432
16905.0000 0.4434
16918.9000 0.4436
16929.5000 0.4438
16935.4000 0.4439
16948.3000 0.4441
16962.7000 0.4443
16965.4000 0.4444
16968.3000 0.4446
16971.3000 0.4448
16976.5000 0.4450
17019.2000 0.4451
17045.5000 0.4453
17074.0000 0.4455
17076.4000 0.4457
17079.7000 0.4458
17084.6000 0.4460
17091.3000 0.4462
17097.5000 0.4464
17097.7000 0.4465
17111.5000 0.4467
17115.0000 0.4469
17131.3000 0.4470
17149.3000 0.4472
17158.7000 0.4474
17175.6000 0.4476
17178.6000 0.4477
17184.2000 0.4479
17193.2000 0.4481
17198.4000 0.4483
17198.7000 0.4484
17204.7000 0.4486
17223.9000 0.4488
17227.4000 0.4490
17232.9000 0.4491
17234.3000 0.4493
17238.6000 0.4495
17238.7000 0.4497
17256.2000 0.4498
17271.6000 0.4500
17283.9000 0.4502
17286.2000 0.4503
17311.2000 0.4505
17322.1000 0.4507
17347.8000 0.4509
17354.3000 0.4510
17374.5000 0.4512
17379.5000 0.4514
17380.5000 0.4516
17384.0000 0.4517
17385.8000 0.4519
17397.7000 0.4521
17400.7000 0.4523
17404.5000 0.4524
17407.8000 0.4526
17410.1000 0.4528
17416.5000 0.4530
17427.6000 0.4531
17443.0000 0.4533
17447.5000 0.4535
17455.1000 0.4536
17458.6000 0.4538
17460.4000 0.4540
17485.7000 0.4542
17487.0000 0.4543
17488.2000 0.4545
17504.3000 0.4547
17509.5000 0.4549
17531.6000 0.4550
17535.0000 0.4552
17560.1000 0.4554
17570.4000 0.4556
17624.8000 0.4557
17643.5000 0.4559
17648.3000 0.4561
17651.0000 0.4563
17655.7000 0.4564
17660.6000 0.4566
17671.6000 0.4568
17672.5000 0.4569
17690.9000 0.4571
17691.1000 0.4573
17694.5000 0.4575
17705.3000 0.4576
17705.8000 0.4578
17727.6000 0.4580
17731.2000 0.4582
17734.3000 0.4583
17755.5000 0.4585
17765.8000 0.4587
17769.3000 0.4589
17795.2000 0.4590
17802.4000 0.4592
17838.5000 0.4594
17849.9000 0.4595
17851.4000 0.4597
17855.1000 0.4599
17868.4000 0.4601
17872.3000 0.4602
17906.4000 0.4604
17917.6000 0.4606
17926.3000 0.4608
17943.6000 0.4609
17947.0000 0.4611
17949.4000 0.4613
17959.1000 0.4615
17963.5000 0.4616
17985.6000 0.4618
18010.1000 0.4620
18025.4000 0.4622
18031.8000 0.4623
18050.6000 0.4625
18075.1000 0.4627
18096.7000 0.4628
18097.5000 0.4630
18112.0000 0.4632
18122.5000 0.4634
18127.6000 0.4635
18158.3000 0.4637
18165.1000 0.4639
18171.7000 0.4641
18172.5000 0.4642
18180.3000 0.4644
18190.7000 0.4646
18192.7000 0.4648
18211.2000 0.4649
18211.3000 0.4651
18212.5000 0.4653
18225.4000 0.4655
18239.2000 0.4656
18244.2000 0.4658
18254.0000 0.4660
18269.4000 0.4661
18287.1000 0.4663
18298.9000 0.4665
18309.1000 0.4667
18326.8000 0.4668
18332.2000 0.4670
18349.5000 0.4672
18357.8000 0.4674
18366.3000 0.4675
18372.2000 0.4677
18404.5000 0.4679
18405.1000 0.4681
18417.2000 0.4682
18425.2000 0.4684
18472.3000 0.4686
18473.9000 0.4688
18485.9000 0.4689
18536.5000 0.4691
18547.2000 0.4693
18550.2000 0.4694
18560.2000 0.4696
18577.7000 0.4698
18582.3000 0.4700
18596.9000 0.4701
18609.1000 0.4703
18614.5000 0.4705
18628.6000 0.4707
18628.7000 0.4708
18634.4000 0.4710
18641.1000 0.4712
18651.6000 0.4714
18671.1000 0.4715
18676.6000 0.4717
18676.9000 0.4719
18682.3000 0.4720
18692.7000 0.4722
18704.1000 0.4724
18704.7000 0.4726
18714.4000 0.4727
18723.5000 0.4729
18736.6000 0.4731
18747.5000 0.4733
18770.2000 0.4734
18800.3000 0.4736
18800.5000 0.4738
18800.5000 0.4740
18814.2000 0.4741
18816.6000 0.4743
18822.5000 0.4745
18832.5000 0.4747
18836.6000 0.4748
18838.2000 0.4750
18846.1000 0.4752
18850.6000 0.4753
18915.2000 0.4755
18918.3000 0.4757
18933.0000 0.4759
18933.3000 0.4760
18936.6000 0.4762
18948.1000 0.4764
18952.7000 0.4766
18955.2000 0.4767
18960.6000 0.4769
18964.5000 0.4771
18969.6000 0.4773
18987.0000 0.4774
18992.3000 0.4776
18993.5000 0.4778
19006.1000 0.4780
19054.0000 0.4781
19076.6000 0.4783
19092.0000 0.4785
19097.1000 0.4786
19117.8000 0.4788
19119.4000 0.4790
19126.8000 0.4792
19149.1000 0.4793
19152.2000 0.4795
19155.0000 0.4797
19181.2000 0.4799
19210.0000 0.4800
19220.8000 0.4802
19231.2000 0.4804
19238.2000 0.4806
19243.1000 0.4807
19250.9000 0.4809
19253.6000 0.4811
19254.1000 0.4813
19262.3000 0.4814
19264.6000 0.4816
19265.4000 0.4818
19318.0000 0.4819
19332.5000 0.4821
19334.8000 0.4823
19354.3000 0.4825
19364.8000 0.4826
19370.7000 0.4828
19384.2000 0.4830
19385.0000 0.4832
19390.5000 0.4833
19398.3000 0.4835
19399.2000 0.4837
19399.4000 0.4839
19414.8000 0.4840
19433.0000 0.4842
19434.8000 0.4844
19446.7000 0.4845
19450.0000 0.4847
19456.2000 0.4849
19461.3000 0.4851
19465.6000 0.4852
19528.5000 0.4854
19532.2000 0.4856
19534.1000 0.4858
19536.0000 0.4859
19542.0000 0.4861
19544.7000 0.4863
19615.3000 0.4865
19626.4000 0.4866
19637.4000 0.4868
19707.4000 0.4870
19728.9000 0.4872
19738.5000 0.4873
19754.5000 0.4875
19777.1000 0.4877
19790.6000 0.4878
19800.7000 0.4880
19826.5000 0.4882
19848.7000 0.4884
19912.5000 0.4885
19913.1000 0.4887
19949.6000 0.4889
19953.5000 0.4891
19963.3000 0.4892
19974.4000 0.4894
19980.4000 0.4896
19988.5000 0.4898
20006.8000 0.4899
20007.2000 0.4901
20008.0000 0.4903
20030.0000 0.4905
20052.6000 0.4906
20053.0000 0.4908
20094.5000 0.4910
20097.7000 0.4911
20138.5000 0.4913
20139.3000 0.4915
20146.8000 0.4917
20163.7000 0.4918
20198.4000 0.4920
20233.3000 0.4922
20249.5000 0.4924
20269.6000 0.4925
20271.6000 0.4927
20327.6000 0.4929
20332.9000 0.4931
20339.9000 0.4932
20348.2000 0.4934
20355.1000 0.4936
20373.2000 0.4938
20397.8000 0.4939
20403.4000 0.4941
20408.6000 0.4943
20432.5000 0.4944
20439.0000 0.4946
20452.2000 0.4948
20466.0000 0.4950
20474.1000 0.4951
20480.7000 0.4953
20499.4000 0.4955
20513.1000 0.4957
20517.6000 0.4958
20533.2000 0.4960
20539.3000 0.4962
20553.2000 0.4964
20560.6000 0.4965
20580.7000 0.4967
20613.7000 0.4969
20658.5000 0.4970
20693.6000 0.4972
20703.5000 0.4974
20777.3000 0.4976
20803.4000 0.4977
20818.2000 0.4979
20830.5000 0.4981
20831.5000 0.4983
20864.7000 0.4984
20870.8000 0.4986
20877.0000 0.4988
20912.2000 0.4990
20990.6000 0.4991
21007.6000 0.4993
21009.0000 0.4995
21020.5000 0.4997
21027.3000 0.4998
21031.2000 0.5000
21073.8000 0.5002
21088.3000 0.5003
21090.9000 0.5005
21100.8000 0.5007
21176.8000 0.5009
21220.3000 0.5010
21262.0000 0.5012
21266.9000 0.5014
21273.3000 0.5016
21293.4000 0.5017
21294.3000 0.5019
21296.4000 0.5021
21309.9000 0.5023
21318.0000 0.5024
21392.6000 0.5026
21438.4000 0.5028
21463.6000 0.5030
21484.4000 0.5031
21551.6000 0.5033
21564.5000 0.5035
21747.3000 0.5036
21768.7000 0.5038
21787.6000 0.5040
21820.1000 0.5042
21821.0000 0.5043
21849.6000 0.5045
21858.2000 0.5047
21898.6000 0.5049
21959.1000 0.5050
21975.6000 0.5052
21977.6000 0.5054
22000.9000 0.5056
22029.7000 0.5057
22089.1000 0.5059
22134.8000 0.5061
22165.9000 0.5063
22198.3000 0.5064
22211.0000 0.5066
22230.0000 0.5068
22240.4000 0.5069
22287.7000 0.5071
22346.7000 0.5073
22351.6000 0.5075
22367.4000 0.5076
22368.5000 0.5078
22405.6000 0.5080
22476.9000 0.5082
22479.7000 0.5083
22527.9000 0.5085
22551.0000 0.5087
22589.2000 0.5089
22688.8000 0.5090
22703.6000 0.5092
22795.1000 0.5094
22871.9000 0.5095
22873.9000 0.5097
22900.3000 0.5099
22942.9000 0.5101
22990.7000 0.5102
23005.1000 0.5104
23092.9000 0.5106
23154.6000 0.5108
23229.3000 0.5109
23387.8000 0.5111
23504.6000 0.5113
23585.9000 0.5115
23680.0000 0.5116
23680.5000 0.5118
23760.0000 0.5120
23921.4000 0.5122
23939.8000 0.5123
23947.5000 0.5125
23958.1000 0.5127
23966.9000 0.5128
23978.9000 0.5132
