# messageDelay  cumulativeProbability
1.0000 0.0002
1.0000 0.0003
1.0000 0.0005
1.0000 0.0007
1.0000 0.0009
1.0000 0.0010
1.0000 0.0012
1.0000 0.0014
1.0000 0.0016
1.0000 0.0017
1.0000 0.0019
1.0000 0.0021
1.0000 0.0023
1.0000 0.0024
92.4000 0.0026
100.5000 0.0028
117.1000 0.0030
118.7000 0.0031
119.8000 0.0033
135.4000 0.0035
136.9000 0.0036
143.4000 0.0038
144.7000 0.0040
158.5000 0.0042
166.5000 0.0043
172.2000 0.0045
176.6000 0.0047
189.0000 0.0049
195.2000 0.0050
197.7000 0.0052
197.9000 0.0054
201.0000 0.0056
201.3000 0.0057
203.7000 0.0059
206.2000 0.0061
213.5000 0.0063
213.9000 0.0064
215.7000 0.0066
219.5000 0.0068
224.2000 0.0069
229.7000 0.0071
234.3000 0.0073
234.6000 0.0075
237.5000 0.0076
239.1000 0.0078
239.4000 0.0080
239.7000 0.0082
241.4000 0.0083
242.9000 0.0085
245.6000 0.0087
247.7000 0.0089
254.7000 0.0090
258.6000 0.0092
264.7000 0.0094
269.4000 0.0095
270.5000 0.0097
273.7000 0.0099
279.5000 0.0101
281.3000 0.0102
281.5000 0.0104
281.7000 0.0106
287.4000 0.0108
289.3000 0.0109
292.3000 0.0111
294.3000 0.0113
294.4000 0.0115
296.3000 0.0116
297.2000 0.0118
297.5000 0.0120
299.4000 0.0122
302.5000 0.0123
304.8000 0.0125
307.3000 0.0127
308.5000 0.0128
309.8000 0.0130
310.2000 0.0132
310.5000 0.0134
312.3000 0.0135
312.7000 0.0137
316.4000 0.0139
320.8000 0.0141
321.2000 0.0142
321.5000 0.0144
321.5000 0.0146
321.5000 0.0148
325.9000 0.0149
332.7000 0.0151
336.6000 0.0153
338.0000 0.0155
338.6000 0.0156
343.5000 0.0158
344.2000 0.0160
347.6000 0.0161
352.4000 0.0163
354.4000 0.0165
354.9000 0.0167
364.3000 0.0168
367.4000 0.0170
368.2000 0.0172
369.5000 0.0174
370.9000 0.0175
371.3000 0.0177
376.6000 0.0179
378.1000 0.0181
379.4000 0.0182
379.6000 0.0184
383.6000 0.0186
385.6000 0.0187
389.1000 0.0189
392.1000 0.0191
395.9000 0.0193
408.5000 0.0194
410.7000 0.0196
411.7000 0.0198
413.6000 0.0200
414.2000 0.0201
414.9000 0.0203
420.7000 0.0205
421.9000 0.0207
422.3000 0.0208
422.4000 0.0210
423.3000 0.0212
424.7000 0.0214
426.9000 0.0215
427.7000 0.0217
428.2000 0.0219
428.3000 0.0220
429.5000 0.0222
432.0000 0.0224
432.4000 0.0226
437.3000 0.0227
437.6000 0.0229
438.8000 0.0231
439.8000 0.0233
440.8000 0.0234
447.4000 0.0236
450.4000 0.0238
450.8000 0.0240
456.5000 0.0241
457.2000 0.0243
459.3000 0.0245
459.9000 0.0247
466.7000 0.0248
468.2000 0.0250
470.1000 0.0252
474.5000 0.0253
474.9000 0.0255
475.4000 0.0257
477.3000 0.0259
482.5000 0.0260
484.4000 0.0262
484.7000 0.0264
485.3000 0.0266
486.9000 0.0267
487.7000 0.0269
493.7000 0.0271
494.8000 0.0273
495.1000 0.0274
495.7000 0.0276
498.2000 0.0278
499.4000 0.0280
500.9000 0.0281
502.6000 0.0283
509.1000 0.0285
515.1000 0.0286
519.9000 0.0288
526.2000 0.0290
526.3000 0.0292
526.7000 0.0293
527.2000 0.0295
529.3000 0.0297
533.3000 0.0299
534.7000 0.0300
536.1000 0.0302
538.2000 0.0304
540.0000 0.0306
544.7000 0.0307
545.2000 0.0309
545.2000 0.0311
550.8000 0.0312
552.3000 0.0314
555.3000 0.0316
555.4000 0.0318
557.8000 0.0319
557.8000 0.0321
559.2000 0.0323
561.7000 0.0325
561.8000 0.0326
562.8000 0.0328
562.9000 0.0330
565.5000 0.0332
566.5000 0.0333
568.5000 0.0335
571.4000 0.0337
572.6000 0.0339
573.6000 0.0340
576.3000 0.0342
576.4000 0.0344
577.1000 0.0345
577.6000 0.0347
578.4000 0.0349
578.6000 0.0351
580.0000 0.0352
581.0000 0.0354
581.7000 0.0356
582.1000 0.0358
584.6000 0.0359
585.4000 0.0361
586.0000 0.0363
586.8000 0.0365
591.6000 0.0366
593.5000 0.0368
593.9000 0.0370
594.1000 0.0372
594.5000 0.0373
596.4000 0.0375
599.7000 0.0377
601.1000 0.0378
601.3000 0.0380
606.5000 0.0382
606.7000 0.0384
607.7000 0.0385
610.1000 0.0387
611.3000 0.0389
616.3000 0.0391
618.2000 0.0392
620.0000 0.0394
621.3000 0.0396
621.3000 0.0398
626.5000 0.0399
627.2000 0.0401
627.4000 0.0403
627.7000 0.0405
631.1000 0.0406
631.7000 0.0408
634.1000 0.0410
646.6000 0.0411
648.8000 0.0413
652.6000 0.0415
655.6000 0.0417
657.4000 0.0418
657.4000 0.0420
657.6000 0.0422
658.7000 0.0424
659.7000 0.0425
672.9000 0.0427
676.4000 0.0429
676.4000 0.0431
678.7000 0.0432
679.7000 0.0434
680.9000 0.0436
683.7000 0.0437
683.9000 0.0439
686.1000 0.0441
686.5000 0.0443
690.9000 0.0444
691.1000 0.0446
693.7000 0.0448
697.8000 0.0450
702.3000 0.0451
703.1000 0.0453
705.9000 0.0455
712.7000 0.0457
713.8000 0.0458
713.9000 0.0460
717.6000 0.0462
718.6000 0.0464
720.5000 0.0465
720.5000 0.0467
721.6000 0.0469
725.5000 0.0470
734.1000 0.0472
734.3000 0.0474
737.4000 0.0476
739.9000 0.0477
741.4000 0.0479
741.5000 0.0481
744.8000 0.0483
748.7000 0.0484
750.9000 0.0486
751.5000 0.0488
752.9000 0.0490
754.9000 0.0491
760.3000 0.0493
761.7000 0.0495
764.3000 0.0497
765.2000 0.0498
765.9000 0.0500
766.8000 0.0502
767.2000 0.0503
767.9000 0.0505
769.0000 0.0507
770.3000 0.0509
770.7000 0.0510
771.2000 0.0512
771.3000 0.0514
773.5000 0.0516
779.3000 0.0517
781.4000 0.0519
787.4000 0.0521
790.5000 0.0523
795.4000 0.0524
796.6000 0.0526
798.6000 0.0528
798.8000 0.0530
805.3000 0.0531
806.1000 0.0533
806.3000 0.0535
807.5000 0.0536
807.8000 0.0538
809.1000 0.0540
812.5000 0.0542
814.6000 0.0543
814.6000 0.0545
817.6000 0.0547
821.9000 0.0549
823.6000 0.0550
827.7000 0.0552
829.3000 0.0554
832.2000 0.0556
835.2000 0.0557
836.2000 0.0559
837.2000 0.0561
837.7000 0.0562
838.0000 0.0564
841.3000 0.0566
844.2000 0.0568
846.8000 0.0569
848.0000 0.0571
848.8000 0.0573
849.0000 0.0575
853.9000 0.0576
854.9000 0.0578
857.9000 0.0580
858.7000 0.0582
860.0000 0.0583
860.6000 0.0585
862.4000 0.0587
866.0000 0.0589
868.3000 0.0590
875.9000 0.0592
878.6000 0.0594
879.5000 0.0595
883.2000 0.0597
883.6000 0.0599
884.5000 0.0601
885.7000 0.0602
885.8000 0.0604
887.1000 0.0606
887.6000 0.0608
896.1000 0.0609
902.6000 0.0611
903.0000 0.0613
906.5000 0.0615
908.2000 0.0616
912.1000 0.0618
912.1000 0.0620
913.8000 0.0622
914.7000 0.0623
915.0000 0.0625
918.8000 0.0627
923.5000 0.0628
929.4000 0.0630
930.4000 0.0632
930.7000 0.0634
934.1000 0.0635
937.1000 0.0637
938.6000 0.0639
939.5000 0.0641
944.4000 0.0642
948.7000 0.0644
950.1000 0.0646
950.2000 0.0648
950.5000 0.0649
950.7000 0.0651
953.6000 0.0653
955.0000 0.0655
955.7000 0.0656
962.8000 0.0658
970.7000 0.0660
971.5000 0.0661
971.9000 0.0663
973.3000 0.0665
975.6000 0.0667
977.5000 0.0668
985.5000 0.0670
991.2000 0.0672
992.1000 0.0674
992.8000 0.0675
993.9000 0.0677
998.5000 0.0679
999.5000 0.0681
1003.5000 0.0682
1007.3000 0.0684
1007.4000 0.0686
1011.4000 0.0687
1012.3000 0.0689
1013.6000 0.0691
1014.1000 0.0693
1016.7000 0.0694
1019.1000 0.0696
1019.9000 0.0698
1020.0000 0.0700
1022.3000 0.0701
1023.4000 0.0703
1024.1000 0.0705
1030.5000 0.0707
1032.4000 0.0708
1036.6000 0.0710
1041.1000 0.0712
1044.6000 0.0714
1049.9000 0.0715
1055.4000 0.0717
1055.5000 0.0719
1056.3000 0.0720
1057.8000 0.0722
1060.1000 0.0724
1061.6000 0.0726
1062.9000 0.0727
1064.1000 0.0729
1067.4000 0.0731
1069.0000 0.0733
1074.3000 0.0734
1088.3000 0.0736
1097.3000 0.0738
1099.5000 0.0740
1100.5000 0.0741
1100.6000 0.0743
1100.9000 0.0745
1101.1000 0.0747
1102.6000 0.0748
1111.4000 0.0750
1113.7000 0.0752
1114.3000 0.0753
1115.1000 0.0755
1117.0000 0.0757
1117.7000 0.0759
1118.0000 0.0760
1118.7000 0.0762
1119.0000 0.0764
1120.9000 0.0766
1122.8000 0.0767
1123.2000 0.0769
1125.6000 0.0771
1129.0000 0.0773
1132.7000 0.0774
1133.0000 0.0776
1133.0000 0.0778
1133.4000 0.0780
1134.4000 0.0781
1134.5000 0.0783
1135.1000 0.0785
1135.8000 0.0786
1137.3000 0.0788
1138.5000 0.0790
1140.6000 0.0792
1141.2000 0.0793
1142.7000 0.0795
1143.2000 0.0797
1143.8000 0.0799
1144.6000 0.0800
1145.6000 0.0802
1149.9000 0.0804
1152.5000 0.0806
1159.7000 0.0807
1160.8000 0.0809
1166.6000 0.0811
1168.8000 0.0812
1169.2000 0.0814
1172.0000 0.0816
1179.4000 0.0818
1180.4000 0.0819
1183.8000 0.0821
1187.2000 0.0823
1189.1000 0.0825
1189.4000 0.0826
1190.7000 0.0828
1191.0000 0.0830
1192.5000 0.0832
1193.1000 0.0833
1193.4000 0.0835
1197.1000 0.0837
1200.9000 0.0839
1202.6000 0.0840
1204.0000 0.0842
1214.6000 0.0844
1215.7000 0.0845
1220.0000 0.0847
1221.0000 0.0849
1221.8000 0.0851
1224.5000 0.0852
1225.5000 0.0854
1235.9000 0.0856
1236.7000 0.0858
1240.0000 0.0859
1242.7000 0.0861
1242.8000 0.0863
1243.9000 0.0865
1245.5000 0.0866
1248.9000 0.0868
1250.5000 0.0870
1251.3000 0.0872
1254.7000 0.0873
1254.8000 0.0875
1255.4000 0.0877
1256.4000 0.0878
1259.1000 0.0880
1259.9000 0.0882
1260.1000 0.0884
1260.9000 0.0885
1266.1000 0.0887
1267.9000 0.0889
1268.0000 0.0891
1269.7000 0.0892
1270.1000 0.0894
1270.5000 0.0896
1275.2000 0.0898
1276.5000 0.0899
1277.6000 0.0901
1280.4000 0.0903
1280.6000 0.0905
1282.1000 0.0906
1282.8000 0.0908
1284.5000 0.0910
1290.6000 0.0911
1301.3000 0.0913
1308.3000 0.0915
1308.4000 0.0917
1310.0000 0.0918
1312.0000 0.0920
1312.4000 0.0922
1317.7000 0.0924
1317.8000 0.0925
1320.2000 0.0927
1321.7000 0.0929
1322.5000 0.0931
1323.3000 0.0932
1326.4000 0.0934
1328.3000 0.0936
1328.3000 0.0937
1333.3000 0.0939
1337.1000 0.0941
1337.2000 0.0943
1344.2000 0.0944
1347.4000 0.0946
1347.5000 0.0948
1353.5000 0.0950
1362.3000 0.0951
1363.3000 0.0953
1364.4000 0.0955
1368.3000 0.0957
1369.3000 0.0958
1370.1000 0.0960
1371.3000 0.0962
1374.9000 0.0964
1376.2000 0.0965
1381.9000 0.0967
1383.4000 0.0969
1384.3000 0.0970
1388.8000 0.0972
1391.1000 0.0974
1393.9000 0.0976
1397.3000 0.0977
1398.9000 0.0979
1399.6000 0.0981
1402.0000 0.0983
1410.2000 0.0984
1413.1000 0.0986
1414.9000 0.0988
1418.2000 0.0990
1419.4000 0.0991
1419.5000 0.0993
1419.9000 0.0995
1421.1000 0.0997
1422.2000 0.0998
1423.4000 0.1000
1424.4000 0.1002
1431.6000 0.1003
1433.1000 0.1005
1434.8000 0.1007
1437.5000 0.1009
1439.3000 0.1010
1443.6000 0.1012
1445.0000 0.1014
1449.4000 0.1016
1450.9000 0.1017
1452.8000 0.1019
1453.3000 0.1021
1455.7000 0.1023
1457.4000 0.1024
1462.1000 0.1026
1470.6000 0.1028
1470.6000 0.1030
1473.7000 0.1031
1476.4000 0.1033
1476.6000 0.1035
1477.6000 0.1036
1478.5000 0.1038
1478.7000 0.1040
1487.6000 0.1042
1487.7000 0.1043
1488.3000 0.1045
1489.6000 0.1047
1490.6000 0.1049
1494.8000 0.1050
1498.2000 0.1052
1503.7000 0.1054
1508.9000 0.1056
1510.4000 0.1057
1512.5000 0.1059
1513.4000 0.1061
1514.6000 0.1062
1516.0000 0.1064
1520.5000 0.1066
1527.9000 0.1068
1529.3000 0.1069
1529.5000 0.1071
1529.6000 0.1073
1530.7000 0.1075
1531.2000 0.1076
1536.0000 0.1078
1536.7000 0.1080
1538.0000 0.1082
1540.4000 0.1083
1540.7000 0.1085
1546.1000 0.1087
1550.0000 0.1089
1551.8000 0.1090
1552.2000 0.1092
1556.1000 0.1094
1557.2000 0.1095
1557.7000 0.1097
1559.5000 0.1099
1561.4000 0.1101
1562.4000 0.1102
1567.9000 0.1104
1577.4000 0.1106
1584.6000 0.1108
1588.6000 0.1109
1594.9000 0.1111
1596.3000 0.1113
1596.5000 0.1115
1598.0000 0.1116
1600.4000 0.1118
1600.5000 0.1120
1600.5000 0.1122
1609.4000 0.1123
1611.0000 0.1125
1611.5000 0.1127
1617.2000 0.1128
1622.3000 0.1130
1622.5000 0.1132
1632.6000 0.1134
1638.4000 0.1135
1643.3000 0.1137
1648.4000 0.1139
1652.8000 0.1141
1658.1000 0.1142
1658.3000 0.1144
1668.5000 0.1146
1669.2000 0.1148
1669.8000 0.1149
1673.3000 0.1151
1675.0000 0.1153
1677.3000 0.1155
1680.9000 0.1156
1683.2000 0.1158
1683.2000 0.1160
1693.3000 0.1161
1693.7000 0.1163
1705.4000 0.1165
1706.2000 0.1167
1709.7000 0.1168
1717.6000 0.1170
1719.1000 0.1172
1723.6000 0.1174
1731.4000 0.1175
1739.8000 0.1177
1739.9000 0.1179
1741.2000 0.1181
1742.7000 0.1182
1752.1000 0.1184
1756.0000 0.1186
1759.5000 0.1187
1763.5000 0.1189
1773.6000 0.1191
1776.5000 0.1193
1778.2000 0.1194
1782.3000 0.1196
1790.1000 0.1198
1793.6000 0.1200
1793.6000 0.1201
1795.6000 0.1203
1801.0000 0.1205
1805.5000 0.1207
1806.6000 0.1208
1808.4000 0.1210
1810.0000 0.1212
1827.6000 0.1214
1828.1000 0.1215
1830.6000 0.1217
1834.7000 0.1219
1840.6000 0.1220
1842.9000 0.1222
1844.8000 0.1224
1853.4000 0.1226
1855.3000 0.1227
1859.5000 0.1229
1871.2000 0.1231
1875.5000 0.1233
1876.1000 0.1234
1877.2000 0.1236
1877.6000 0.1238
1882.5000 0.1240
1883.3000 0.1241
1894.7000 0.1243
1895.6000 0.1245
1896.2000 0.1247
1897.6000 0.1248
1907.3000 0.1250
1912.0000 0.1252
1926.5000 0.1253
1928.7000 0.1255
1930.0000 0.1257
1931.1000 0.1259
1933.2000 0.1260
1933.8000 0.1262
1937.4000 0.1264
1938.7000 0.1266
1939.2000 0.1267
1941.8000 0.1269
1943.2000 0.1271
1944.3000 0.1273
1959.1000 0.1274
1967.2000 0.1276
1968.4000 0.1278
1974.2000 0.1280
1977.3000 0.1281
1980.5000 0.1283
1991.1000 0.1285
1997.0000 0.1286
2002.4000 0.1288
2003.6000 0.1290
2006.4000 0.1292
2008.8000 0.1293
2013.2000 0.1295
2016.8000 0.1297
2019.9000 0.1299
2027.7000 0.1300
2028.5000 0.1302
2033.5000 0.1304
2036.7000 0.1306
2040.6000 0.1307
2043.7000 0.1309
2046.8000 0.1311
2054.1000 0.1312
2057.3000 0.1314
2061.3000 0.1316
2061.6000 0.1318
2084.4000 0.1319
2085.8000 0.1321
2088.5000 0.1323
2089.8000 0.1325
2090.3000 0.1326
2100.3000 0.1328
2101.3000 0.1330
2102.7000 0.1332
2108.0000 0.1333
2108.0000 0.1335
2117.0000 0.1337
2117.5000 0.1339
2125.5000 0.1340
2132.5000 0.1342
2134.4000 0.1344
2135.5000 0.1345
2140.4000 0.1347
2141.7000 0.1349
2142.5000 0.1351
2150.4000 0.1352
2151.4000 0.1354
2161.7000 0.1356
2163.6000 0.1358
2168.6000 0.1359
2178.7000 0.1361
2204.0000 0.1363
2205.7000 0.1365
2214.4000 0.1366
2214.7000 0.1368
2219.2000 0.1370
2222.0000 0.1372
2228.0000 0.1373
2235.9000 0.1375
2242.2000 0.1377
2243.7000 0.1378
2243.7000 0.1380
2247.5000 0.1382
2248.0000 0.1384
2250.5000 0.1385
2256.5000 0.1387
2259.3000 0.1389
2263.6000 0.1391
2278.2000 0.1392
2280.1000 0.1394
2289.1000 0.1396
2298.5000 0.1398
2302.8000 0.1399
2303.7000 0.1401
2304.2000 0.1403
2305.1000 0.1405
2315.5000 0.1406
2326.4000 0.1408
2331.6000 0.1410
2337.1000 0.1411
2341.1000 0.1413
2344.2000 0.1415
2344.9000 0.1417
2349.0000 0.1418
2350.0000 0.1420
2352.3000 0.1422
2353.7000 0.1424
2356.1000 0.1425
2358.7000 0.1427
2360.4000 0.1429
2363.1000 0.1431
2373.3000 0.1432
2377.8000 0.1434
2379.2000 0.1436
2380.0000 0.1437
2380.1000 0.1439
2383.6000 0.1441
2393.8000 0.1443
2394.6000 0.1444
2408.3000 0.1446
2411.8000 0.1448
2419.7000 0.1450
2427.5000 0.1451
2430.0000 0.1453
2432.2000 0.1455
2433.3000 0.1457
2436.3000 0.1458
2440.0000 0.1460
2441.1000 0.1462
2446.5000 0.1464
2449.4000 0.1465
2455.0000 0.1467
2458.4000 0.1469
2468.7000 0.1470
2483.3000 0.1472
2488.1000 0.1474
2493.0000 0.1476
2493.7000 0.1477
2498.1000 0.1479
2507.7000 0.1481
2514.9000 0.1483
2519.4000 0.1484
2519.7000 0.1486
2522.0000 0.1488
2523.5000 0.1490
2523.6000 0.1491
2524.6000 0.1493
2524.8000 0.1495
2538.7000 0.1497
2540.1000 0.1498
2552.1000 0.1500
2555.2000 0.1502
2569.5000 0.1503
2571.7000 0.1505
2574.9000 0.1507
2576.3000 0.1509
2579.1000 0.1510
2584.2000 0.1512
2584.7000 0.1514
2587.2000 0.1516
2589.7000 0.1517
2589.7000 0.1519
2590.6000 0.1521
2598.4000 0.1523
2600.1000 0.1524
2601.3000 0.1526
2625.7000 0.1528
2639.7000 0.1530
2642.5000 0.1531
2643.1000 0.1533
2647.7000 0.1535
2649.4000 0.1536
2655.6000 0.1538
2655.8000 0.1540
2665.7000 0.1542
2678.2000 0.1543
2682.2000 0.1545
2686.7000 0.1547
2687.4000 0.1549
2695.5000 0.1550
2711.9000 0.1552
2716.7000 0.1554
2723.7000 0.1556
2727.2000 0.1557
2733.1000 0.1559
2733.8000 0.1561
2734.5000 0.1562
2738.5000 0.1564
2739.9000 0.1566
2768.8000 0.1568
2769.6000 0.1569
2777.5000 0.1571
2778.6000 0.1573
2779.4000 0.1575
2782.8000 0.1576
2793.6000 0.1578
2795.1000 0.1580
2827.1000 0.1582
2827.5000 0.1583
2830.7000 0.1585
2831.5000 0.1587
2833.5000 0.1589
2842.6000 0.1590
2844.8000 0.1592
2858.2000 0.1594
2860.2000 0.1595
2865.7000 0.1597
2872.7000 0.1599
2876.1000 0.1601
2877.7000 0.1602
2885.6000 0.1604
2895.0000 0.1606
2903.7000 0.1608
2907.3000 0.1609
2907.6000 0.1611
2919.1000 0.1613
2919.7000 0.1615
2921.1000 0.1616
2933.1000 0.1618
2939.7000 0.1620
2939.8000 0.1622
2950.7000 0.1623
2951.8000 0.1625
2964.6000 0.1627
2976.8000 0.1628
2977.8000 0.1630
2978.4000 0.1632
2984.1000 0.1634
2988.5000 0.1635
2989.5000 0.1637
2992.6000 0.1639
2994.5000 0.1641
3000.4000 0.1642
3001.4000 0.1644
3002.4000 0.1646
3007.3000 0.1648
3008.8000 0.1649
3018.0000 0.1651
3037.3000 0.1653
3040.5000 0.1655
3051.3000 0.1656
3054.1000 0.1658
3068.4000 0.1660
3068.8000 0.1661
3075.5000 0.1663
3076.3000 0.1665
3080.5000 0.1667
3081.7000 0.1668
3088.5000 0.1670
3118.5000 0.1672
3123.8000 0.1674
3127.4000 0.1675
3130.0000 0.1677
3130.0000 0.1679
3131.0000 0.1681
3142.5000 0.1682
3150.7000 0.1684
3155.1000 0.1686
3155.6000 0.1687
3168.7000 0.1689
3172.4000 0.1691
3174.6000 0.1693
3177.1000 0.1694
3179.4000 0.1696
3189.3000 0.1698
3191.6000 0.1700
3192.7000 0.1701
3206.7000 0.1703
3213.0000 0.1705
3216.5000 0.1707
3218.8000 0.1708
3232.1000 0.1710
3233.5000 0.1712
3235.9000 0.1714
3236.0000 0.1715
3241.0000 0.1717
3257.0000 0.1719
3257.9000 0.1720
3274.2000 0.1722
3277.2000 0.1724
3279.6000 0.1726
3280.6000 0.1727
3294.7000 0.1729
3308.3000 0.1731
3313.7000 0.1733
3334.6000 0.1734
3337.0000 0.1736
3340.1000 0.1738
3344.6000 0.1740
3357.9000 0.1741
3361.2000 0.1743
3368.9000 0.1745
3371.3000 0.1747
3373.9000 0.1748
3396.6000 0.1750
3397.5000 0.1752
3398.3000 0.1753
3416.9000 0.1755
3420.1000 0.1757
3435.3000 0.1759
3440.3000 0.1760
3455.6000 0.1762
3456.5000 0.1764
3458.7000 0.1766
3465.4000 0.1767
3469.1000 0.1769
3476.9000 0.1771
3493.5000 0.1773
3501.4000 0.1774
3510.1000 0.1776
3513.5000 0.1778
3539.7000 0.1780
3548.3000 0.1781
3557.4000 0.1783
3557.6000 0.1785
3564.7000 0.1786
3565.6000 0.1788
3567.3000 0.1790
3573.6000 0.1792
3580.3000 0.1793
3587.8000 0.1795
3592.7000 0.1797
3593.4000 0.1799
3593.9000 0.1800
3597.2000 0.1802
3608.6000 0.1804
3608.7000 0.1806
3611.2000 0.1807
3613.5000 0.1809
3617.1000 0.1811
3643.1000 0.1812
3649.1000 0.1814
3663.1000 0.1816
3665.1000 0.1818
3666.0000 0.1819
3678.7000 0.1821
3689.3000 0.1823
3690.2000 0.1825
3692.8000 0.1826
3694.4000 0.1828
3699.2000 0.1830
3699.5000 0.1832
3700.9000 0.1833
3703.3000 0.1835
3711.8000 0.1837
3716.5000 0.1839
3719.5000 0.1840
3729.2000 0.1842
3734.3000 0.1844
3741.3000 0.1845
3769.9000 0.1847
3772.5000 0.1849
3778.0000 0.1851
3781.6000 0.1852
3785.1000 0.1854
3786.7000 0.1856
3794.6000 0.1858
3799.0000 0.1859
3801.4000 0.1861
3804.8000 0.1863
3807.3000 0.1865
3826.1000 0.1866
3844.7000 0.1868
3850.1000 0.1870
3854.7000 0.1872
3877.5000 0.1873
3886.6000 0.1875
3892.1000 0.1877
3907.7000 0.1878
3925.5000 0.1880
3928.5000 0.1882
3932.0000 0.1884
3932.1000 0.1885
3934.1000 0.1887
3941.0000 0.1889
3944.7000 0.1891
3955.0000 0.1892
3956.6000 0.1894
3959.5000 0.1896
3963.3000 0.1898
3964.0000 0.1899
3979.6000 0.1901
3979.7000 0.1903
3980.5000 0.1905
3993.2000 0.1906
3993.9000 0.1908
3994.5000 0.1910
3995.4000 0.1911
3999.6000 0.1913
4008.1000 0.1915
4009.1000 0.1917
4010.3000 0.1918
4015.7000 0.1920
4015.9000 0.1922
4026.7000 0.1924
4039.5000 0.1925
4044.5000 0.1927
4058.1000 0.1929
4068.2000 0.1931
4082.2000 0.1932
4082.6000 0.1934
4084.0000 0.1936
4090.3000 0.1937
4092.7000 0.1939
4097.3000 0.1941
4106.8000 0.1943
4111.3000 0.1944
4112.8000 0.1946
4119.3000 0.1948
4120.0000 0.1950
4120.5000 0.1951
4137.7000 0.1953
4137.7000 0.1955
4144.1000 0.1957
4145.3000 0.1958
4145.5000 0.1960
4149.7000 0.1962
4152.7000 0.1964
4154.5000 0.1965
4157.7000 0.1967
4163.7000 0.1969
4177.7000 0.1970
4191.7000 0.1972
4207.1000 0.1974
4208.6000 0.1976
4212.5000 0.1977
4214.6000 0.1979
4226.6000 0.1981
4241.4000 0.1983
4245.5000 0.1984
4248.5000 0.1986
4252.0000 0.1988
4257.5000 0.1990
4282.1000 0.1991
4285.6000 0.1993
4287.1000 0.1995
4290.7000 0.1997
4292.1000 0.1998
4304.1000 0.2000
4305.5000 0.2002
4305.7000 0.2003
4331.9000 0.2005
4333.5000 0.2007
4341.4000 0.2009
4351.3000 0.2010
4354.8000 0.2012
4357.7000 0.2014
4374.7000 0.2016
4390.2000 0.2017
4394.3000 0.2019
4394.7000 0.2021
4399.3000 0.2023
4399.7000 0.2024
4437.5000 0.2026
4447.6000 0.2028
4449.5000 0.2030
4454.0000 0.2031
4455.1000 0.2033
4458.6000 0.2035
4459.5000 0.2036
4461.5000 0.2038
4469.9000 0.2040
4475.0000 0.2042
4507.5000 0.2043
4512.8000 0.2045
4529.7000 0.2047
4548.6000 0.2049
4560.6000 0.2050
4560.7000 0.2052
4560.9000 0.2054
4593.5000 0.2056
4614.2000 0.2057
4619.5000 0.2059
4623.1000 0.2061
4629.7000 0.2062
4641.1000 0.2064
4644.1000 0.2066
4647.1000 0.2068
4677.1000 0.2069
4683.7000 0.2071
4690.9000 0.2073
4692.5000 0.2075
4701.1000 0.2076
4712.9000 0.2078
4719.5000 0.2080
4728.6000 0.2082
4735.3000 0.2083
4741.5000 0.2085
4760.0000 0.2087
4760.3000 0.2089
4766.1000 0.2090
4768.0000 0.2092
4782.5000 0.2094
4788.5000 0.2095
4789.1000 0.2097
4810.8000 0.2099
4811.6000 0.2101
4819.3000 0.2102
4822.7000 0.2104
4827.6000 0.2106
4827.9000 0.2108
4853.0000 0.2109
4856.0000 0.2111
4857.9000 0.2113
4886.8000 0.2115
4900.9000 0.2116
4904.0000 0.2118
4904.5000 0.2120
4907.6000 0.2122
4922.1000 0.2123
4934.4000 0.2125
4953.6000 0.2127
4953.6000 0.2128
4963.6000 0.2130
4964.0000 0.2132
4969.0000 0.2134
4970.1000 0.2135
4978.4000 0.2137
4983.6000 0.2139
4988.1000 0.2141
4994.7000 0.2142
5015.6000 0.2144
5020.4000 0.2146
5021.6000 0.2148
5023.7000 0.2149
5025.4000 0.2151
5038.8000 0.2153
5045.3000 0.2155
5063.7000 0.2156
5068.5000 0.2158
5073.6000 0.2160
5083.1000 0.2161
5089.6000 0.2163
5095.3000 0.2165
5100.2000 0.2167
5105.0000 0.2168
5113.8000 0.2170
5115.6000 0.2172
5128.8000 0.2174
5133.2000 0.2175
5150.3000 0.2177
5171.1000 0.2179
5181.0000 0.2181
5211.5000 0.2182
5225.9000 0.2184
5241.8000 0.2186
5245.8000 0.2187
5255.8000 0.2189
5266.1000 0.2191
5266.9000 0.2193
5275.8000 0.2194
5290.0000 0.2196
5314.0000 0.2198
5316.9000 0.2200
5363.1000 0.2201
5366.2000 0.2203
5381.6000 0.2205
5385.9000 0.2207
5396.6000 0.2208
5402.5000 0.2210
5405.6000 0.2212
5409.4000 0.2214
5411.0000 0.2215
5417.5000 0.2217
5421.6000 0.2219
5424.1000 0.2220
5431.8000 0.2222
5433.2000 0.2224
5452.3000 0.2226
5453.4000 0.2227
5462.8000 0.2229
5474.2000 0.2231
5474.9000 0.2233
5478.0000 0.2234
5484.1000 0.2236
5486.2000 0.2238
5520.4000 0.2240
5533.4000 0.2241
5534.1000 0.2243
5538.5000 0.2245
5559.6000 0.2247
5569.3000 0.2248
5576.9000 0.2250
5580.0000 0.2252
5591.6000 0.2253
5603.7000 0.2255
5619.9000 0.2257
5620.7000 0.2259
5624.8000 0.2260
5651.3000 0.2262
5662.2000 0.2264
5692.6000 0.2266
5704.5000 0.2267
5707.6000 0.2269
5710.5000 0.2271
5716.5000 0.2273
5727.7000 0.2274
5727.7000 0.2276
5729.2000 0.2278
5729.3000 0.2280
5732.5000 0.2281
5746.1000 0.2283
5757.9000 0.2285
5758.4000 0.2286
5773.7000 0.2288
5777.3000 0.2290
5778.3000 0.2292
5780.1000 0.2293
5781.2000 0.2295
5782.7000 0.2297
5786.1000 0.2299
5798.2000 0.2300
5800.5000 0.2302
5801.9000 0.2304
5803.4000 0.2306
5808.7000 0.2307
5814.4000 0.2309
5834.7000 0.2311
5839.4000 0.2312
5839.9000 0.2314
5856.5000 0.2316
5861.2000 0.2318
5868.3000 0.2319
5887.1000 0.2321
5888.2000 0.2323
5889.9000 0.2325
5892.8000 0.2326
5893.4000 0.2328
5898.2000 0.2330
5904.6000 0.2332
5908.1000 0.2333
5914.2000 0.2335
5926.6000 0.2337
5927.3000 0.2339
5930.2000 0.2340
5937.7000 0.2342
5944.1000 0.2344
5950.6000 0.2345
5953.8000 0.2347
5962.5000 0.2349
5975.1000 0.2351
5988.6000 0.2352
5989.6000 0.2354
5991.5000 0.2356
5992.8000 0.2358
5999.7000 0.2359
6008.5000 0.2361
6011.9000 0.2363
6014.5000 0.2365
6014.7000 0.2366
6016.8000 0.2368
6038.5000 0.2370
6066.7000 0.2372
6071.1000 0.2373
6080.7000 0.2375
6087.2000 0.2377
6094.5000 0.2378
6094.7000 0.2380
6107.2000 0.2382
6112.3000 0.2384
6119.7000 0.2385
6150.3000 0.2387
6152.8000 0.2389
6157.5000 0.2391
6160.5000 0.2392
6162.7000 0.2394
6164.7000 0.2396
6165.7000 0.2398
6185.5000 0.2399
6193.6000 0.2401
6206.3000 0.2403
6207.4000 0.2405
6237.8000 0.2406
6239.7000 0.2408
6247.5000 0.2410
6252.3000 0.2411
6272.3000 0.2413
6277.7000 0.2415
6284.9000 0.2417
6293.3000 0.2418
6296.3000 0.2420
6311.8000 0.2422
6313.7000 0.2424
6318.1000 0.2425
6330.2000 0.2427
6337.7000 0.2429
6339.5000 0.2431
6343.5000 0.2432
6357.8000 0.2434
6364.4000 0.2436
6364.7000 0.2437
6371.4000 0.2439
6377.6000 0.2441
6381.9000 0.2443
6383.3000 0.2444
6396.0000 0.2446
6426.6000 0.2448
6453.6000 0.2450
6454.6000 0.2451
6456.5000 0.2453
6473.2000 0.2455
6482.5000 0.2457
6484.6000 0.2458
6489.0000 0.2460
6501.3000 0.2462
6512.3000 0.2464
6522.2000 0.2465
6528.2000 0.2467
6535.4000 0.2469
6545.7000 0.2470
6571.4000 0.2472
6572.5000 0.2474
6575.8000 0.2476
6576.7000 0.2477
6598.7000 0.2479
6618.0000 0.2481
6619.1000 0.2483
6620.1000 0.2484
6628.7000 0.2486
6631.5000 0.2488
6634.6000 0.2490
6653.4000 0.2491
6660.7000 0.2493
6667.3000 0.2495
6675.3000 0.2497
6679.4000 0.2498
6683.1000 0.2500
6690.0000 0.2502
6696.9000 0.2503
6699.6000 0.2505
6710.7000 0.2507
6717.5000 0.2509
6719.9000 0.2510
6723.6000 0.2512
6730.6000 0.2514
6734.2000 0.2516
6752.6000 0.2517
6757.6000 0.2519
6767.6000 0.2521
6769.2000 0.2523
6771.1000 0.2524
6775.3000 0.2526
6777.7000 0.2528
6786.3000 0.2530
6786.7000 0.2531
6803.2000 0.2533
6805.0000 0.2535
6812.7000 0.2536
6817.7000 0.2538
6819.9000 0.2540
6825.1000 0.2542
6825.3000 0.2543
6839.4000 0.2545
6839.9000 0.2547
6842.2000 0.2549
6847.6000 0.2550
6848.7000 0.2552
6851.5000 0.2554
6852.3000 0.2556
6865.9000 0.2557
6875.6000 0.2559
6900.8000 0.2561
6902.0000 0.2563
6906.7000 0.2564
6910.3000 0.2566
6917.2000 0.2568
6939.0000 0.2569
6949.9000 0.2571
6963.8000 0.2573
6965.7000 0.2575
6982.7000 0.2576
6991.5000 0.2578
7008.6000 0.2580
7013.7000 0.2582
7036.5000 0.2583
7043.6000 0.2585
7051.3000 0.2587
7053.5000 0.2589
7059.9000 0.2590
7062.0000 0.2592
7078.3000 0.2594
7110.7000 0.2595
7113.3000 0.2597
7114.2000 0.2599
7133.9000 0.2601
7136.5000 0.2602
7136.6000 0.2604
7144.6000 0.2606
7145.9000 0.2608
7195.1000 0.2609
7215.5000 0.2611
7249.5000 0.2613
7252.0000 0.2615
7257.4000 0.2616
7261.3000 0.2618
7270.7000 0.2620
7273.6000 0.2622
7279.0000 0.2623
7283.3000 0.2625
7287.7000 0.2627
7299.2000 0.2628
7300.3000 0.2630
7342.7000 0.2632
7353.3000 0.2634
7372.5000 0.2635
7380.7000 0.2637
7396.7000 0.2639
7405.0000 0.2641
7426.3000 0.2642
7428.7000 0.2644
7436.3000 0.2646
7437.4000 0.2648
7450.4000 0.2649
7452.3000 0.2651
7457.3000 0.2653
7458.7000 0.2655
7463.3000 0.2656
7470.2000 0.2658
7475.0000 0.2660
7478.7000 0.2661
7487.5000 0.2663
7489.3000 0.2665
7497.9000 0.2667
7505.6000 0.2668
7512.1000 0.2670
7520.5000 0.2672
7522.6000 0.2674
7528.7000 0.2675
7553.9000 0.2677
7560.2000 0.2679
7562.4000 0.2681
7580.4000 0.2682
7587.5000 0.2684
7605.8000 0.2686
7630.5000 0.2688
7673.7000 0.2689
7684.9000 0.2691
7708.7000 0.2693
7712.2000 0.2694
7720.8000 0.2696
7729.0000 0.2698
7736.5000 0.2700
7739.7000 0.2701
7758.1000 0.2703
7775.3000 0.2705
7778.7000 0.2707
7817.4000 0.2708
7832.6000 0.2710
7853.2000 0.2712
7861.9000 0.2714
7873.3000 0.2715
7880.6000 0.2717
7885.0000 0.2719
7896.5000 0.2720
7897.5000 0.2722
7920.5000 0.2724
7936.3000 0.2726
7940.3000 0.2727
7944.1000 0.2729
7962.5000 0.2731
7967.5000 0.2733
7976.0000 0.2734
8000.2000 0.2736
8002.6000 0.2738
8033.5000 0.2740
8037.4000 0.2741
8043.6000 0.2743
8056.5000 0.2745
8061.5000 0.2747
8064.7000 0.2748
8071.5000 0.2750
8074.5000 0.2752
8075.2000 0.2753
8075.8000 0.2755
8083.5000 0.2757
8089.3000 0.2759
8101.7000 0.2760
8104.8000 0.2762
8107.9000 0.2764
8108.9000 0.2766
8130.6000 0.2767
8133.7000 0.2769
8139.6000 0.2771
8140.7000 0.2773
8170.7000 0.2774
8170.7000 0.2776
8181.5000 0.2778
8190.7000 0.2780
8210.5000 0.2781
8213.6000 0.2783
8234.4000 0.2785
8249.5000 0.2786
8270.3000 0.2788
8271.6000 0.2790
8271.6000 0.2792
8274.0000 0.2793
8301.1000 0.2795
8325.9000 0.2797
8334.1000 0.2799
8368.2000 0.2800
8371.6000 0.2802
8394.6000 0.2804
8394.8000 0.2806
8396.7000 0.2807
8420.1000 0.2809
8421.5000 0.2811
8421.7000 0.2813
8435.7000 0.2814
8453.4000 0.2816
8457.2000 0.2818
8463.8000 0.2819
8464.7000 0.2821
8481.6000 0.2823
8484.6000 0.2825
8498.3000 0.2826
8520.3000 0.2828
8529.2000 0.2830
8540.3000 0.2832
8550.3000 0.2833
8553.4000 0.2835
8559.2000 0.2837
8565.8000 0.2839
8566.3000 0.2840
8583.0000 0.2842
8592.6000 0.2844
8593.2000 0.2845
8597.7000 0.2847
8607.7000 0.2849
8613.5000 0.2851
8634.3000 0.2852
8646.2000 0.2854
8652.1000 0.2856
8652.7000 0.2858
8655.5000 0.2859
8665.8000 0.2861
8671.0000 0.2863
8680.1000 0.2865
8689.2000 0.2866
8692.6000 0.2868
8701.1000 0.2870
8703.8000 0.2872
8708.1000 0.2873
8724.6000 0.2875
8749.6000 0.2877
8752.9000 0.2878
8754.5000 0.2880
8762.1000 0.2882
8766.5000 0.2884
8776.0000 0.2885
8799.7000 0.2887
8808.5000 0.2889
8824.9000 0.2891
8840.6000 0.2892
8847.0000 0.2894
8862.9000 0.2896
8863.9000 0.2898
8883.0000 0.2899
8885.3000 0.2901
8895.7000 0.2903
8898.9000 0.2905
8904.4000 0.2906
8909.1000 0.2908
8935.3000 0.2910
8956.8000 0.2911
8961.8000 0.2913
8970.7000 0.2915
8972.6000 0.2917
8981.5000 0.2918
8981.8000 0.2920
8988.3000 0.2922
8995.4000 0.2924
9010.5000 0.2925
9033.5000 0.2927
9033.7000 0.2929
9037.4000 0.2931
9044.7000 0.2932
9061.9000 0.2934
9070.0000 0.2936
9098.1000 0.2938
9099.1000 0.2939
9101.4000 0.2941
9104.3000 0.2943
9112.7000 0.2944
9120.5000 0.2946
9122.3000 0.2948
9139.7000 0.2950
9141.9000 0.2951
9146.1000 0.2953
9148.5000 0.2955
9149.7000 0.2957
9168.8000 0.2958
9170.9000 0.2960
9176.6000 0.2962
9183.0000 0.2964
9191.6000 0.2965
9218.7000 0.2967
9244.1000 0.2969
9257.0000 0.2970
9269.3000 0.2972
9276.4000 0.2974
9280.0000 0.2976
9286.6000 0.2977
9300.5000 0.2979
9314.7000 0.2981
9322.7000 0.2983
9328.7000 0.2984
9339.3000 0.2986
9357.7000 0.2988
9360.0000 0.2990
9374.7000 0.2991
9376.7000 0.2993
9378.1000 0.2995
9388.7000 0.2997
9394.1000 0.2998
9394.1000 0.3000
9403.9000 0.3002
9421.1000 0.3003
9425.0000 0.3005
9432.3000 0.3007
9434.4000 0.3009
9437.7000 0.3010
9454.1000 0.3012
9479.9000 0.3014
9502.6000 0.3016
9509.7000 0.3017
9537.0000 0.3019
9543.3000 0.3021
9560.6000 0.3023
9573.0000 0.3024
9575.8000 0.3026
9597.0000 0.3028
9605.7000 0.3030
9625.3000 0.3031
9640.3000 0.3033
9643.3000 0.3035
9652.1000 0.3036
9653.7000 0.3038
9678.5000 0.3040
9695.8000 0.3042
9697.5000 0.3043
9710.8000 0.3045
9733.5000 0.3047
9739.6000 0.3049
9752.7000 0.3050
9770.5000 0.3052
9774.4000 0.3054
9781.7000 0.3056
9813.6000 0.3057
9818.3000 0.3059
9823.4000 0.3061
9824.6000 0.3063
9827.3000 0.3064
9840.2000 0.3066
9842.3000 0.3068
9847.4000 0.3069
9857.4000 0.3071
9871.9000 0.3073
9875.2000 0.3075
9881.6000 0.3076
9882.5000 0.3078
9887.3000 0.3080
9892.6000 0.3082
9913.5000 0.3083
9918.2000 0.3085
9925.0000 0.3087
9932.6000 0.3089
9939.8000 0.3090
9940.8000 0.3092
9941.7000 0.3094
9945.7000 0.3095
9959.0000 0.3097
9961.0000 0.3099
9971.1000 0.3101
9972.9000 0.3102
9987.1000 0.3104
10006.2000 0.3106
10008.7000 0.3108
10012.4000 0.3109
10029.3000 0.3111
10043.6000 0.3113
10048.4000 0.3115
10048.8000 0.3116
10064.6000 0.3118
10068.1000 0.3120
10069.0000 0.3122
10078.9000 0.3123
10097.8000 0.3125
10119.5000 0.3127
10127.5000 0.3128
10135.5000 0.3130
10139.5000 0.3132
10142.2000 0.3134
10144.3000 0.3135
10155.4000 0.3137
10164.8000 0.3139
10171.1000 0.3141
10175.7000 0.3142
10176.8000 0.3144
10179.9000 0.3146
10185.6000 0.3148
10197.1000 0.3149
10203.2000 0.3151
10205.1000 0.3153
10207.1000 0.3155
10219.6000 0.3156
10242.1000 0.3158
10243.2000 0.3160
10258.2000 0.3161
10259.0000 0.3163
10273.9000 0.3165
10279.4000 0.3167
10289.8000 0.3168
10295.6000 0.3170
10295.7000 0.3172
10297.7000 0.3174
10298.4000 0.3175
10301.2000 0.3177
10312.7000 0.3179
10323.2000 0.3181
10338.5000 0.3182
10339.1000 0.3184
10339.3000 0.3186
10354.3000 0.3188
10356.0000 0.3189
10367.8000 0.3191
10375.8000 0.3193
10377.4000 0.3194
10382.0000 0.3196
10383.7000 0.3198
10384.3000 0.3200
10386.6000 0.3201
10395.5000 0.3203
10400.2000 0.3205
10404.3000 0.3207
10412.6000 0.3208
10427.3000 0.3210
10435.7000 0.3212
10455.1000 0.3214
10459.8000 0.3215
10469.6000 0.3217
10506.7000 0.3219
10519.1000 0.3220
10521.3000 0.3222
10522.5000 0.3224
10525.8000 0.3226
10540.6000 0.3227
10547.3000 0.3229
10554.2000 0.3231
10559.9000 0.3233
10562.7000 0.3234
10567.0000 0.3236
10569.8000 0.3238
10585.1000 0.3240
10600.2000 0.3241
10627.9000 0.3243
10634.0000 0.3245
10637.9000 0.3247
10641.6000 0.3248
10650.6000 0.3250
10656.9000 0.3252
10698.6000 0.3253
10704.3000 0.3255
10746.7000 0.3257
10755.1000 0.3259
10755.7000 0.3260
10770.7000 0.3262
10775.5000 0.3264
10803.5000 0.3266
10807.6000 0.3267
10810.6000 0.3269
10825.3000 0.3271
10849.4000 0.3273
10864.4000 0.3274
10872.6000 0.3276
10878.1000 0.3278
10887.8000 0.3280
10903.5000 0.3281
10905.1000 0.3283
10915.2000 0.3285
10916.7000 0.3286
10931.2000 0.3288
10931.6000 0.3290
10933.7000 0.3292
10939.1000 0.3293
10948.1000 0.3295
10948.7000 0.3297
10953.1000 0.3299
10975.4000 0.3300
10992.6000 0.3302
11000.7000 0.3304
11013.7000 0.3306
11021.8000 0.3307
11024.0000 0.3309
11028.3000 0.3311
11034.5000 0.3313
11047.7000 0.3314
11048.5000 0.3316
11050.6000 0.3318
11050.6000 0.3319
11051.7000 0.3321
11061.0000 0.3323
11066.1000 0.3325
11071.6000 0.3326
11080.7000 0.3328
11089.5000 0.3330
11095.4000 0.3332
11122.7000 0.3333
11123.5000 0.3335
11129.3000 0.3337
11131.6000 0.3339
11142.6000 0.3340
11145.2000 0.3342
11146.2000 0.3344
11150.1000 0.3345
11169.4000 0.3347
11212.4000 0.3349
11221.6000 0.3351
11233.0000 0.3352
11236.5000 0.3354
11246.8000 0.3356
11250.6000 0.3358
11307.1000 0.3359
11308.5000 0.3361
11348.2000 0.3363
11352.7000 0.3365
11357.7000 0.3366
11384.1000 0.3368
11396.5000 0.3370
11404.7000 0.3372
11414.2000 0.3373
11423.3000 0.3375
11423.7000 0.3377
11428.5000 0.3378
11430.8000 0.3380
11439.6000 0.3382
11440.7000 0.3384
11445.1000 0.3385
11450.2000 0.3387
11451.0000 0.3389
11468.6000 0.3391
11471.7000 0.3392
11499.6000 0.3394
11507.5000 0.3396
11514.5000 0.3398
11526.7000 0.3399
11541.4000 0.3401
11543.6000 0.3403
11552.9000 0.3405
11553.7000 0.3406
11576.0000 0.3408
11581.7000 0.3410
11589.3000 0.3411
11593.0000 0.3413
11600.6000 0.3415
11613.5000 0.3417
11617.6000 0.3418
11630.9000 0.3420
11634.7000 0.3422
11638.5000 0.3424
11642.4000 0.3425
11647.0000 0.3427
11650.2000 0.3429
11667.4000 0.3431
11687.6000 0.3432
11690.7000 0.3434
11706.5000 0.3436
11715.8000 0.3438
11719.6000 0.3439
11720.7000 0.3441
11726.5000 0.3443
11731.1000 0.3444
11753.9000 0.3446
11772.1000 0.3448
11773.2000 0.3450
11776.4000 0.3451
11800.2000 0.3453
11811.9000 0.3455
11814.6000 0.3457
11872.1000 0.3458
11901.3000 0.3460
11908.7000 0.3462
11909.8000 0.3464
11963.6000 0.3465
11972.1000 0.3467
11986.6000 0.3469
11993.4000 0.3470
11993.7000 0.3472
12012.5000 0.3474
12012.7000 0.3476
12015.6000 0.3477
12018.5000 0.3479
12022.0000 0.3481
12022.5000 0.3483
12038.7000 0.3484
12042.4000 0.3486
12074.8000 0.3488
12092.0000 0.3490
12094.5000 0.3491
12102.5000 0.3493
12109.1000 0.3495
12112.6000 0.3497
12115.4000 0.3498
12118.6000 0.3500
12123.6000 0.3502
12124.6000 0.3503
12126.6000 0.3505
12144.2000 0.3507
12148.7000 0.3509
12151.1000 0.3510
12154.7000 0.3512
12155.8000 0.3514
12167.1000 0.3516
12168.3000 0.3517
12170.9000 0.3519
12171.3000 0.3521
12187.1000 0.3523
12190.4000 0.3524
12216.6000 0.3526
12217.0000 0.3528
12218.5000 0.3530
12223.2000 0.3531
12224.1000 0.3533
12235.5000 0.3535
12249.2000 0.3536
12265.6000 0.3538
12272.5000 0.3540
12273.2000 0.3542
12283.4000 0.3543
12285.9000 0.3545
12286.2000 0.3547
12289.4000 0.3549
12292.3000 0.3550
12299.3000 0.3552
12318.7000 0.3554
12323.7000 0.3556
12324.0000 0.3557
12324.5000 0.3559
12348.1000 0.3561
12354.2000 0.3563
12360.1000 0.3564
12362.2000 0.3566
12365.7000 0.3568
12366.4000 0.3569
12378.0000 0.3571
12384.4000 0.3573
12385.4000 0.3575
12386.5000 0.3576
12387.5000 0.3578
12392.3000 0.3580
12404.1000 0.3582
12410.6000 0.3583
12433.1000 0.3585
12434.7000 0.3587
12435.2000 0.3589
12447.6000 0.3590
12447.8000 0.3592
12450.7000 0.3594
12462.8000 0.3595
12504.8000 0.3597
12506.2000 0.3599
12508.7000 0.3601
12521.0000 0.3602
12521.3000 0.3604
12539.1000 0.3606
12549.2000 0.3608
12559.3000 0.3609
12567.6000 0.3611
12579.8000 0.3613
12591.5000 0.3615
12593.3000 0.3616
12604.3000 0.3618
12613.7000 0.3620
12618.0000 0.3622
12631.0000 0.3623
12634.1000 0.3625
12635.5000 0.3627
12664.3000 0.3628
12673.1000 0.3630
12684.5000 0.3632
12688.3000 0.3634
12711.4000 0.3635
12718.6000 0.3637
12722.6000 0.3639
12748.8000 0.3641
12756.8000 0.3642
12759.7000 0.3644
12776.2000 0.3646
12807.1000 0.3648
12811.8000 0.3649
12811.9000 0.3651
12811.9000 0.3653
12825.5000 0.3655
12829.8000 0.3656
12833.9000 0.3658
12836.3000 0.3660
12850.0000 0.3661
12852.6000 0.3663
12855.8000 0.3665
12858.3000 0.3667
12867.6000 0.3668
12882.2000 0.3670
12891.1000 0.3672
12893.9000 0.3674
12898.3000 0.3675
12914.3000 0.3677
12924.6000 0.3679
12928.5000 0.3681
12933.7000 0.3682
12939.4000 0.3684
12944.5000 0.3686
12944.9000 0.3688
12953.3000 0.3689
12954.4000 0.3691
12957.3000 0.3693
12978.1000 0.3694
12980.4000 0.3696
12981.5000 0.3698
12982.8000 0.3700
12983.2000 0.3701
12989.7000 0.3703
12990.7000 0.3705
12990.8000 0.3707
12992.3000 0.3708
12994.2000 0.3710
12994.7000 0.3712
13008.4000 0.3714
13025.6000 0.3715
13037.1000 0.3717
13039.7000 0.3719
13047.3000 0.3720
13053.5000 0.3722
13058.3000 0.3724
13073.7000 0.3726
13082.6000 0.3727
13086.0000 0.3729
13110.5000 0.3731
13110.5000 0.3733
13111.1000 0.3734
13131.3000 0.3736
13142.4000 0.3738
13144.5000 0.3740
13144.6000 0.3741
13155.3000 0.3743
13161.4000 0.3745
13162.3000 0.3747
13164.0000 0.3748
13164.0000 0.3750
13169.9000 0.3752
13184.6000 0.3753
13192.9000 0.3755
13212.7000 0.3757
13214.4000 0.3759
13229.1000 0.3760
13246.0000 0.3762
13263.0000 0.3764
13272.6000 0.3766
13290.2000 0.3767
13292.2000 0.3769
13295.9000 0.3771
13299.5000 0.3773
13300.9000 0.3774
13301.6000 0.3776
13306.1000 0.3778
13326.7000 0.3780
13332.3000 0.3781
13341.1000 0.3783
13346.9000 0.3785
13364.5000 0.3786
13369.5000 0.3788
13378.7000 0.3790
13379.3000 0.3792
13380.6000 0.3793
13381.3000 0.3795
13383.1000 0.3797
13385.8000 0.3799
13386.4000 0.3800
13397.3000 0.3802
13406.8000 0.3804
13447.0000 0.3806
13449.6000 0.3807
13464.6000 0.3809
13470.3000 0.3811
13486.1000 0.3813
13494.7000 0.3814
13518.1000 0.3816
13527.6000 0.3818
13527.9000 0.3819
13560.9000 0.3821
13573.1000 0.3823
13580.3000 0.3825
13592.5000 0.3826
13597.6000 0.3828
13599.7000 0.3830
13609.5000 0.3832
13609.7000 0.3833
13620.7000 0.3835
13624.3000 0.3837
13627.5000 0.3839
13638.0000 0.3840
13672.2000 0.3842
13700.8000 0.3844
13705.7000 0.3845
13722.7000 0.3847
13727.5000 0.3849
13756.0000 0.3851
13757.2000 0.3852
13791.4000 0.3854
13810.6000 0.3856
13824.6000 0.3858
13833.9000 0.3859
13835.6000 0.3861
13835.7000 0.3863
13836.9000 0.3865
13852.7000 0.3866
13867.6000 0.3868
13868.4000 0.3870
13884.6000 0.3872
13884.7000 0.3873
13903.1000 0.3875
13904.6000 0.3877
13928.6000 0.3878
13929.7000 0.3880
13958.5000 0.3882
13960.3000 0.3884
13965.0000 0.3885
13987.4000 0.3887
13988.2000 0.3889
14004.9000 0.3891
14009.7000 0.3892
14011.5000 0.3894
14020.7000 0.3896
14030.6000 0.3898
14030.6000 0.3899
14039.1000 0.3901
14041.5000 0.3903
14055.5000 0.3905
14061.3000 0.3906
14069.5000 0.3908
14072.3000 0.3910
14075.8000 0.3911
14082.8000 0.3913
14093.0000 0.3915
14093.0000 0.3917
14105.1000 0.3918
14106.4000 0.3920
14115.6000 0.3922
14120.5000 0.3924
14135.3000 0.3925
14136.3000 0.3927
14136.7000 0.3929
14147.6000 0.3931
14150.7000 0.3932
14151.3000 0.3934
14157.5000 0.3936
14164.1000 0.3938
14164.3000 0.3939
14166.6000 0.3941
14171.3000 0.3943
14183.7000 0.3944
14190.5000 0.3946
14199.2000 0.3948
14206.5000 0.3950
14211.3000 0.3951
14222.4000 0.3953
14235.6000 0.3955
14237.0000 0.3957
14248.3000 0.3958
14254.3000 0.3960
14276.2000 0.3962
14278.5000 0.3964
14291.1000 0.3965
14291.5000 0.3967
14291.7000 0.3969
14294.0000 0.3970
14296.7000 0.3972
14300.6000 0.3974
14302.7000 0.3976
14311.8000 0.3977
14327.4000 0.3979
14338.7000 0.3981
14343.4000 0.3983
14348.3000 0.3984
14358.7000 0.3986
14362.6000 0.3988
14376.2000 0.3990
14379.8000 0.3991
14390.2000 0.3993
14398.6000 0.3995
14402.7000 0.3997
14404.1000 0.3998
14404.2000 0.4000
14409.5000 0.4002
14411.6000 0.4003
14483.4000 0.4005
14485.5000 0.4007
14488.8000 0.4009
14494.9000 0.4010
14502.9000 0.4012
14509.5000 0.4014
14530.4000 0.4016
14535.7000 0.4017
14538.6000 0.4019
14541.5000 0.4021
14566.2000 0.4023
14578.1000 0.4024
14578.5000 0.4026
14578.5000 0.4028
14582.6000 0.4030
14598.7000 0.4031
14602.8000 0.4033
14605.7000 0.4035
14620.3000 0.4036
14633.5000 0.4038
14637.4000 0.4040
14642.9000 0.4042
14644.5000 0.4043
14646.0000 0.4045
14657.8000 0.4047
14663.5000 0.4049
14665.1000 0.4050
14673.7000 0.4052
14684.6000 0.4054
14684.9000 0.4056
14691.4000 0.4057
14697.4000 0.4059
14707.2000 0.4061
14724.5000 0.4063
14725.1000 0.4064
14727.4000 0.4066
14727.5000 0.4068
14731.6000 0.4069
14738.6000 0.4071
14741.3000 0.4073
14741.6000 0.4075
14752.1000 0.4076
14766.1000 0.4078
14774.2000 0.4080
14775.5000 0.4082
14789.6000 0.4083
14810.5000 0.4085
14830.1000 0.4087
14832.1000 0.4089
14847.7000 0.4090
14851.1000 0.4092
14852.5000 0.4094
14852.7000 0.4095
14863.5000 0.4097
14873.7000 0.4099
14878.5000 0.4101
14879.6000 0.4102
14883.3000 0.4104
14887.6000 0.4106
14888.8000 0.4108
14913.1000 0.4109
14928.3000 0.4111
14934.4000 0.4113
14939.2000 0.4115
14940.6000 0.4116
14966.0000 0.4118
14994.1000 0.4120
15015.3000 0.4122
15031.6000 0.4123
15048.2000 0.4125
15051.4000 0.4127
15057.1000 0.4128
15082.7000 0.4130
15111.1000 0.4132
15112.7000 0.4134
15128.1000 0.4135
15129.7000 0.4137
15134.4000 0.4139
15135.7000 0.4141
15156.1000 0.4142
15156.7000 0.4144
15158.5000 0.4146
15167.8000 0.4148
15170.5000 0.4149
15178.4000 0.4151
15189.7000 0.4153
15190.8000 0.4155
15194.2000 0.4156
15195.7000 0.4158
15197.1000 0.4160
15204.5000 0.4161
15204.7000 0.4163
15206.0000 0.4165
15216.0000 0.4167
15216.3000 0.4168
15221.6000 0.4170
15222.6000 0.4172
15226.7000 0.4174
15226.9000 0.4175
15229.3000 0.4177
15232.1000 0.4179
15268.8000 0.4181
15269.5000 0.4182
15271.7000 0.4184
15273.6000 0.4186
15296.5000 0.4188
15301.7000 0.4189
15306.2000 0.4191
15307.1000 0.4193
15310.1000 0.4194
15314.1000 0.4196
15323.2000 0.4198
15329.3000 0.4200
15337.6000 0.4201
15338.1000 0.4203
15354.1000 0.4205
15406.4000 0.4207
15406.5000 0.4208
15406.7000 0.4210
15414.4000 0.4212
15430.6000 0.4214
15430.6000 0.4215
15451.2000 0.4217
15455.5000 0.4219
15460.1000 0.4220
15468.7000 0.4222
15486.4000 0.4224
15487.5000 0.4226
15494.0000 0.4227
15518.9000 0.4229
15519.0000 0.4231
15525.6000 0.4233
15527.5000 0.4234
15529.2000 0.4236
15534.4000 0.4238
15553.4000 0.4240
15555.4000 0.4241
15560.7000 0.4243
15564.7000 0.4245
15571.6000 0.4247
15585.4000 0.4248
15591.2000 0.4250
15634.3000 0.4252
15650.5000 0.4253
15654.8000 0.4255
15657.7000 0.4257
15684.1000 0.4259
15687.3000 0.4260
15689.7000 0.4262
15690.3000 0.4264
15690.8000 0.4266
15696.7000 0.4267
15697.1000 0.4269
15706.7000 0.4271
15708.7000 0.4273
15717.6000 0.4274
15720.6000 0.4276
15723.1000 0.4278
15725.9000 0.4280
15727.2000 0.4281
15732.4000 0.4283
15733.1000 0.4285
15744.9000 0.4286
15746.0000 0.4288
15747.2000 0.4290
15754.7000 0.4292
15769.5000 0.4293
15773.2000 0.4295
15779.7000 0.4297
15782.3000 0.4299
15791.1000 0.4300
15800.5000 0.4302
15806.7000 0.4304
15813.3000 0.4306
15816.5000 0.4307
15818.5000 0.4309
15821.1000 0.4311
15828.7000 0.4313
15838.5000 0.4314
15843.7000 0.4316
15847.3000 0.4318
15847.7000 0.4319
15876.6000 0.4321
15889.3000 0.4323
15892.6000 0.4325
15898.5000 0.4326
15904.2000 0.4328
15905.7000 0.4330
15919.6000 0.4332
15919.6000 0.4333
15926.0000 0.4335
15933.5000 0.4337
15935.1000 0.4339
15948.2000 0.4340
15951.5000 0.4342
15964.5000 0.4344
15975.4000 0.4345
15976.3000 0.4347
15981.5000 0.4349
15986.1000 0.4351
15997.4000 0.4352
16007.5000 0.4354
16015.7000 0.4356
16024.9000 0.4358
16026.4000 0.4359
16033.1000 0.4361
16046.8000 0.4363
16052.7000 0.4365
16061.6000 0.4366
16065.5000 0.4368
16068.3000 0.4370
16084.8000 0.4372
16087.9000 0.4373
16111.0000 0.4375
16122.7000 0.4377
16126.7000 0.4378
16148.6000 0.4380
16149.1000 0.4382
16151.3000 0.4384
16153.3000 0.4385
16167.2000 0.4387
16181.5000 0.4389
16182.8000 0.4391
16184.1000 0.4392
16186.9000 0.4394
16202.7000 0.4396
16202.7000 0.4398
16213.9000 0.4399
16219.1000 0.4401
16224.8000 0.4403
16227.0000 0.4405
16242.2000 0.4406
16249.6000 0.4408
16254.8000 0.4410
16255.3000 0.4411
16256.5000 0.4413
16266.3000 0.4415
16282.2000 0.4417
16283.5000 0.4418
16284.5000 0.4420
16287.6000 0.4422
16300.8000 0.4424
16314.5000 0.4425
16329.4000 0.4427
16341.7000 0.4429
16349.2000 0.4431
16391.0000 0.4432
16393.8000 0.4434
16405.5000 0.4436
16408.6000 0.4438
16418.6000 0.4439
16423.0000 0.4441
16441.2000 0.4443
16442.4000 0.4444
16445.1000 0.4446
16445.7000 0.4448
16457.3000 0.4450
16460.0000 0.4451
16475.4000 0.4453
16499.8000 0.4455
16512.3000 0.4457
16519.5000 0.4458
16522.8000 0.4460
16525.9000 0.4462
16536.1000 0.4464
16539.5000 0.4465
16566.2000 0.4467
16579.5000 0.4469
16592.3000 0.4470
16598.9000 0.4472
16611.5000 0.4474
16649.3000 0.4476
16652.6000 0.4477
16673.6000 0.4479
16683.6000 0.4481
16689.2000 0.4483
16709.6000 0.4484
16710.4000 0.4486
16710.7000 0.4488
16715.5000 0.4490
16715.6000 0.4491
16727.1000 0.4493
16743.1000 0.4495
16743.4000 0.4497
16779.7000 0.4498
16781.7000 0.4500
16782.6000 0.4502
16816.6000 0.4503
16869.7000 0.4505
16891.2000 0.4507
16891.4000 0.4509
16896.2000 0.4510
16897.1000 0.4512
16905.3000 0.4514
16918.9000 0.4516
16922.2000 0.4517
16929.5000 0.4519
16935.4000 0.4521
16948.3000 0.4523
16965.4000 0.4524
16971.3000 0.4526
16976.5000 0.4528
16978.2000 0.4530
16978.7000 0.4531
16999.2000 0.4533
17002.6000 0.4535
17019.2000 0.4536
17034.2000 0.4538
17037.5000 0.4540
17045.5000 0.4542
17047.7000 0.4543
17060.7000 0.4545
17071.5000 0.4547
17074.0000 0.4549
17079.7000 0.4550
17084.6000 0.4552
17091.3000 0.4554
17097.5000 0.4556
17097.7000 0.4557
17112.5000 0.4559
17115.0000 0.4561
17131.3000 0.4563
17151.9000 0.4564
17157.7000 0.4566
17175.6000 0.4568
17178.6000 0.4569
17191.2000 0.4571
17193.2000 0.4573
17198.4000 0.4575
17198.7000 0.4576
17204.7000 0.4578
17213.6000 0.4580
17223.9000 0.4582
17224.7000 0.4583
17227.4000 0.4585
17232.9000 0.4587
17234.3000 0.4589
17238.7000 0.4590
17247.7000 0.4592
17256.2000 0.4594
17271.4000 0.4595
17276.6000 0.4597
17286.7000 0.4599
17291.2000 0.4601
17292.3000 0.4602
17294.2000 0.4604
17296.2000 0.4606
17307.2000 0.4608
17322.1000 0.4609
17347.8000 0.4611
17354.3000 0.4613
17374.5000 0.4615
17379.5000 0.4616
17380.5000 0.4618
17384.0000 0.4620
17385.8000 0.4622
17395.7000 0.4623
17400.7000 0.4625
17404.5000 0.4627
17407.8000 0.4628
17410.1000 0.4630
17415.2000 0.4632
17416.5000 0.4634
17422.8000 0.4635
17427.6000 0.4637
17447.5000 0.4639
17448.0000 0.4641
17451.5000 0.4642
17455.1000 0.4644
17458.6000 0.4646
17459.9000 0.4648
17477.5000 0.4649
17485.7000 0.4651
17504.3000 0.4653
17509.5000 0.4655
17515.5000 0.4656
17531.6000 0.4658
17535.0000 0.4660
17560.1000 0.4661
17609.5000 0.4663
17624.8000 0.4665
17643.5000 0.4667
17671.6000 0.4668
17672.5000 0.4670
17690.9000 0.4672
17691.1000 0.4674
17694.2000 0.4675
17694.5000 0.4677
17705.3000 0.4679
17705.8000 0.4681
17705.9000 0.4682
17721.2000 0.4684
17727.6000 0.4686
17732.7000 0.4688
17734.3000 0.4689
17753.5000 0.4691
17759.5000 0.4693
17765.8000 0.4694
17770.5000 0.4696
17795.2000 0.4698
17800.4000 0.4700
17819.0000 0.4701
17841.5000 0.4703
17855.1000 0.4705
17868.4000 0.4707
17913.4000 0.4708
17917.6000 0.4710
17926.3000 0.4712
17943.6000 0.4714
17947.0000 0.4715
17959.1000 0.4717
17959.4000 0.4719
17963.5000 0.4720
17970.9000 0.4722
17985.6000 0.4724
18010.6000 0.4726
18025.4000 0.4727
18041.2000 0.4729
18042.3000 0.4731
18050.6000 0.4733
18078.1000 0.4734
18093.5000 0.4736
18096.7000 0.4738
18100.6000 0.4740
18129.6000 0.4741
18156.1000 0.4743
18156.2000 0.4745
18172.5000 0.4747
18180.3000 0.4748
18192.7000 0.4750
18208.3000 0.4752
18211.2000 0.4753
18212.5000 0.4755
18225.4000 0.4757
18241.2000 0.4759
18245.5000 0.4760
18254.0000 0.4762
18255.4000 0.4764
18268.4000 0.4766
18283.1000 0.4767
18288.0000 0.4769
18298.9000 0.4771
18304.8000 0.4773
18326.8000 0.4774
18332.2000 0.4776
18366.3000 0.4778
18390.7000 0.4780
18394.1000 0.4781
18402.5000 0.4783
18405.1000 0.4785
18472.3000 0.4786
18485.9000 0.4788
18508.5000 0.4790
18528.7000 0.4792
18529.4000 0.4793
18543.5000 0.4795
18548.2000 0.4797
18557.7000 0.4799
18560.2000 0.4800
18577.7000 0.4802
18596.9000 0.4804
18605.1000 0.4806
18608.2000 0.4807
18615.8000 0.4809
18628.6000 0.4811
18634.4000 0.4813
18647.1000 0.4814
18648.6000 0.4816
18657.2000 0.4818
18670.5000 0.4819
18671.1000 0.4821
18677.6000 0.4823
18677.9000 0.4825
18682.3000 0.4826
18692.7000 0.4828
18704.1000 0.4830
18704.7000 0.4832
18704.7000 0.4833
18709.4000 0.4835
18720.5000 0.4837
18737.6000 0.4839
18747.5000 0.4840
18770.2000 0.4842
18783.8000 0.4844
18800.5000 0.4845
18803.3000 0.4847
18809.2000 0.4849
18810.3000 0.4851
18816.6000 0.4852
18822.5000 0.4854
18832.5000 0.4856
18838.2000 0.4858
18848.1000 0.4859
18852.6000 0.4861
18904.8000 0.4863
18933.0000 0.4865
18933.3000 0.4866
18948.1000 0.4868
18964.5000 0.4870
18969.6000 0.4872
18978.1000 0.4873
18987.0000 0.4875
18993.5000 0.4877
19006.1000 0.4878
19076.6000 0.4880
19092.0000 0.4882
19096.2000 0.4884
19099.1000 0.4885
19117.8000 0.4887
19119.4000 0.4889
19126.8000 0.4891
19149.0000 0.4892
19152.2000 0.4894
19177.2000 0.4896
19205.2000 0.4898
19218.3000 0.4899
19243.1000 0.4901
19253.6000 0.4903
19257.1000 0.4905
19265.4000 0.4906
19318.0000 0.4908
19334.8000 0.4910
19353.6000 0.4911
19356.3000 0.4913
19370.7000 0.4915
19381.2000 0.4917
19385.0000 0.4918
19385.2000 0.4920
19391.5000 0.4922
19398.3000 0.4924
19411.0000 0.4925
19414.8000 0.4927
19446.7000 0.4929
19456.0000 0.4931
19456.2000 0.4932
19461.3000 0.4934
19510.3000 0.4936
19525.2000 0.4938
19528.5000 0.4939
19536.0000 0.4941
19542.0000 0.4943
19544.7000 0.4944
19578.4000 0.4946
19599.5000 0.4948
19609.5000 0.4950
19620.6000 0.4951
19629.7000 0.4953
19707.4000 0.4955
19738.5000 0.4957
19744.8000 0.4958
19753.3000 0.4960
19777.1000 0.4962
19786.6000 0.4964
19803.6000 0.4965
19821.5000 0.4967
19852.5000 0.4969
19853.7000 0.4970
19866.6000 0.4972
19912.5000 0.4974
19913.1000 0.4976
19949.6000 0.4977
19974.4000 0.4979
19981.4000 0.4981
20007.2000 0.4983
20052.6000 0.4984
20062.0000 0.4986
20069.7000 0.4988
20092.5000 0.4990
20140.5000 0.4991
20146.8000 0.4993
20163.7000 0.4995
20168.1000 0.4997
20205.4000 0.4998
20214.7000 0.5000
20249.5000 0.5002
20258.0000 0.5003
20263.6000 0.5005
20271.6000 0.5007
20276.0000 0.5009
20277.6000 0.5010
20290.9000 0.5012
20294.3000 0.5014
20325.9000 0.5016
20327.6000 0.5017
20334.6000 0.5019
20339.9000 0.5021
20360.1000 0.5023
20373.2000 0.5024
20397.8000 0.5026
20403.4000 0.5028
20408.6000 0.5030
20452.2000 0.5031
20464.1000 0.5033
20466.0000 0.5035
20480.7000 0.5036
20496.4000 0.5038
20503.4000 0.5040
20517.6000 0.5042
20519.1000 0.5043
20533.2000 0.5045
20537.3000 0.5047
20560.6000 0.5049
20562.2000 0.5050
20575.2000 0.5052
20623.8000 0.5054
20626.7000 0.5056
20628.1000 0.5057
20629.0000 0.5059
20693.6000 0.5061
20703.5000 0.5063
20781.5000 0.5064
20803.4000 0.5066
20818.2000 0.5068
20832.5000 0.5069
20849.1000 0.5071
20870.8000 0.5073
20876.3000 0.5075
20919.2000 0.5076
20996.6000 0.5078
21009.0000 0.5080
21020.5000 0.5082
21027.2000 0.5083
21035.0000 0.5085
21070.3000 0.5087
21088.9000 0.5089
21101.2000 0.5090
21102.8000 0.5092
21180.8000 0.5094
21202.4000 0.5095
21210.2000 0.5097
21238.8000 0.5099
21263.9000 0.5101
21273.3000 0.5102
21293.4000 0.5104
21296.4000 0.5106
21297.3000 0.5108
21337.7000 0.5109
21392.6000 0.5111
21393.5000 0.5113
21399.7000 0.5115
21438.4000 0.5116
21463.6000 0.5118
21476.6000 0.5120
21484.4000 0.5122
21580.5000 0.5123
21628.0000 0.5125
21769.7000 0.5127
21785.6000 0.5128
21849.6000 0.5130
21862.0000 0.5132
21870.2000 0.5134
21898.6000 0.5135
21947.8000 0.5137
21966.2000 0.5139
21973.1000 0.5141
21977.6000 0.5142
22003.9000 0.5144
22035.6000 0.5146
22069.6000 0.5148
22082.6000 0.5149
22095.1000 0.5151
22132.5000 0.5153
22141.8000 0.5155
22166.9000 0.5156
22178.6000 0.5158
22212.0000 0.5160
22227.9000 0.5161
22240.4000 0.5163
22289.7000 0.5165
22343.6000 0.5167
22346.7000 0.5168
22367.4000 0.5170
22369.5000 0.5172
22400.7000 0.5174
22471.3000 0.5175
22476.9000 0.5177
22483.7000 0.5179
22486.5000 0.5181
22532.9000 0.5182
22580.2000 0.5184
22589.2000 0.5186
22667.2000 0.5188
22688.8000 0.5189
22755.7000 0.5191
22787.5000 0.5193
22868.9000 0.5194
22900.3000 0.5196
22937.9000 0.5198
22953.0000 0.5200
22963.6000 0.5201
23067.2000 0.5203
23101.1000 0.5205
23133.9000 0.5207
23223.3000 0.5208
23390.1000 0.5210
23527.6000 0.5212
23551.2000 0.5214
23555.3000 0.5215
23587.9000 0.5217
23628.5000 0.5219
23885.1000 0.5220
23904.2000 0.5222
23956.9000 0.5224
23981.8000 0.5226
