# messageDelay  cumulativeProbability
1.0000 0.0001
1.0000 0.0003
1.0000 0.0004
1.0000 0.0005
1.0000 0.0006
1.0000 0.0008
1.0000 0.0009
1.0000 0.0010
1.0000 0.0011
1.0000 0.0013
1.0000 0.0014
1.0000 0.0015
1.0000 0.0016
1.0000 0.0018
1.0000 0.0019
1.0000 0.0020
1.0000 0.0021
1.5000 0.0023
1.8000 0.0024
4.1000 0.0025
9.6000 0.0027
43.2000 0.0028
52.6000 0.0029
58.5000 0.0030
61.2000 0.0032
61.7000 0.0033
67.8000 0.0034
74.1000 0.0035
83.1000 0.0037
83.7000 0.0038
92.6000 0.0039
97.3000 0.0040
100.3000 0.0042
101.3000 0.0043
102.5000 0.0044
103.4000 0.0045
110.8000 0.0047
112.6000 0.0048
113.7000 0.0049
113.8000 0.0051
114.2000 0.0052
117.1000 0.0053
117.4000 0.0054
118.4000 0.0056
119.7000 0.0057
119.8000 0.0058
123.1000 0.0059
124.0000 0.0061
128.2000 0.0062
132.2000 0.0063
132.4000 0.0064
133.5000 0.0066
135.0000 0.0067
136.8000 0.0068
136.9000 0.0069
137.7000 0.0071
143.2000 0.0072
143.8000 0.0073
144.2000 0.0074
145.5000 0.0076
149.2000 0.0077
150.2000 0.0078
152.1000 0.0080
154.2000 0.0081
156.9000 0.0082
158.8000 0.0083
159.7000 0.0085
160.1000 0.0086
164.0000 0.0087
166.7000 0.0088
169.8000 0.0090
174.5000 0.0091
176.3000 0.0092
176.8000 0.0093
183.8000 0.0095
184.7000 0.0096
187.1000 0.0097
188.9000 0.0098
189.5000 0.0100
192.2000 0.0101
196.5000 0.0102
197.8000 0.0104
197.9000 0.0105
199.8000 0.0106
199.9000 0.0107
201.0000 0.0109
201.3000 0.0110
206.3000 0.0111
208.6000 0.0112
208.8000 0.0114
209.3000 0.0115
210.5000 0.0116
212.8000 0.0117
213.5000 0.0119
213.9000 0.0120
214.9000 0.0121
215.5000 0.0122
218.2000 0.0124
218.7000 0.0125
219.5000 0.0126
220.5000 0.0128
221.0000 0.0129
221.8000 0.0130
222.3000 0.0131
224.2000 0.0133
224.4000 0.0134
229.8000 0.0135
229.9000 0.0136
230.2000 0.0138
234.0000 0.0139
234.4000 0.0140
234.6000 0.0141
235.5000 0.0143
235.9000 0.0144
237.4000 0.0145
237.5000 0.0146
237.8000 0.0148
239.4000 0.0149
239.4000 0.0150
240.4000 0.0152
241.2000 0.0153
241.7000 0.0154
242.7000 0.0155
242.9000 0.0157
245.3000 0.0158
247.4000 0.0159
247.5000 0.0160
248.6000 0.0162
248.8000 0.0163
253.3000 0.0164
253.8000 0.0165
254.7000 0.0167
255.6000 0.0168
255.6000 0.0169
258.7000 0.0170
259.9000 0.0172
261.0000 0.0173
261.3000 0.0174
262.6000 0.0176
262.6000 0.0177
264.1000 0.0178
264.6000 0.0179
266.1000 0.0181
266.9000 0.0182
270.6000 0.0183
272.4000 0.0184
273.5000 0.0186
275.3000 0.0187
276.7000 0.0188
278.7000 0.0189
278.9000 0.0191
279.3000 0.0192
281.0000 0.0193
281.4000 0.0194
281.6000 0.0196
282.2000 0.0197
282.4000 0.0198
283.8000 0.0199
286.4000 0.0201
287.4000 0.0202
287.6000 0.0203
291.2000 0.0205
291.5000 0.0206
292.3000 0.0207
294.4000 0.0208
296.6000 0.0210
297.3000 0.0211
297.7000 0.0212
299.3000 0.0213
302.4000 0.0215
303.5000 0.0216
304.8000 0.0217
305.7000 0.0218
305.9000 0.0220
306.6000 0.0221
307.4000 0.0222
308.7000 0.0223
309.9000 0.0225
310.1000 0.0226
310.2000 0.0227
310.4000 0.0229
310.6000 0.0230
312.7000 0.0231
314.5000 0.0232
316.4000 0.0234
316.6000 0.0235
317.3000 0.0236
318.3000 0.0237
318.5000 0.0239
318.7000 0.0240
319.3000 0.0241
319.7000 0.0242
319.8000 0.0244
320.5000 0.0245
320.5000 0.0246
321.1000 0.0247
321.2000 0.0249
321.4000 0.0250
321.5000 0.0251
322.1000 0.0253
322.7000 0.0254
323.3000 0.0255
323.8000 0.0256
326.0000 0.0258
327.5000 0.0259
330.7000 0.0260
331.2000 0.0261
332.7000 0.0263
333.1000 0.0264
333.5000 0.0265
334.9000 0.0266
335.7000 0.0268
336.8000 0.0269
337.5000 0.0270
337.9000 0.0271
338.4000 0.0273
339.1000 0.0274
339.8000 0.0275
342.8000 0.0277
343.4000 0.0278
343.5000 0.0279
344.1000 0.0280
344.3000 0.0282
345.2000 0.0283
345.3000 0.0284
348.1000 0.0285
348.1000 0.0287
351.8000 0.0288
352.5000 0.0289
354.9000 0.0290
355.0000 0.0292
357.4000 0.0293
357.7000 0.0294
359.4000 0.0295
360.7000 0.0297
362.7000 0.0298
364.2000 0.0299
367.7000 0.0301
369.2000 0.0302
369.7000 0.0303
370.3000 0.0304
370.7000 0.0306
370.9000 0.0307
371.2000 0.0308
371.5000 0.0309
372.6000 0.0311
373.2000 0.0312
375.4000 0.0313
376.5000 0.0314
378.3000 0.0316
379.6000 0.0317
379.6000 0.0318
379.7000 0.0319
381.8000 0.0321
384.7000 0.0322
384.8000 0.0323
385.4000 0.0324
386.3000 0.0326
386.3000 0.0327
388.9000 0.0328
392.2000 0.0330
393.0000 0.0331
393.5000 0.0332
394.1000 0.0333
396.8000 0.0335
399.5000 0.0336
400.1000 0.0337
404.2000 0.0338
404.5000 0.0340
404.9000 0.0341
405.6000 0.0342
406.6000 0.0343
407.6000 0.0345
408.3000 0.0346
410.2000 0.0347
410.6000 0.0348
410.8000 0.0350
411.9000 0.0351
413.5000 0.0352
413.6000 0.0354
414.5000 0.0355
414.6000 0.0356
415.1000 0.0357
419.0000 0.0359
419.2000 0.0360
419.3000 0.0361
420.2000 0.0362
420.8000 0.0364
421.6000 0.0365
422.3000 0.0366
423.1000 0.0367
424.2000 0.0369
425.4000 0.0370
427.6000 0.0371
427.8000 0.0372
428.1000 0.0374
428.4000 0.0375
428.8000 0.0376
429.8000 0.0378
430.7000 0.0379
430.8000 0.0380
431.1000 0.0381
432.3000 0.0383
432.3000 0.0384
435.7000 0.0385
435.9000 0.0386
436.5000 0.0388
436.9000 0.0389
437.6000 0.0390
438.6000 0.0391
438.8000 0.0393
439.5000 0.0394
439.8000 0.0395
440.2000 0.0396
440.9000 0.0398
442.2000 0.0399
445.2000 0.0400
446.5000 0.0402
447.4000 0.0403
449.9000 0.0404
450.5000 0.0405
450.8000 0.0407
451.8000 0.0408
454.3000 0.0409
455.2000 0.0410
456.5000 0.0412
457.4000 0.0413
458.5000 0.0414
458.7000 0.0415
459.2000 0.0417
459.3000 0.0418
459.4000 0.0419
460.4000 0.0420
463.8000 0.0422
466.8000 0.0423
468.2000 0.0424
468.8000 0.0426
472.8000 0.0427
473.5000 0.0428
473.7000 0.0429
474.9000 0.0431
474.9000 0.0432
474.9000 0.0433
475.5000 0.0434
476.6000 0.0436
477.0000 0.0437
477.3000 0.0438
478.1000 0.0439
480.0000 0.0441
481.7000 0.0442
482.6000 0.0443
484.2000 0.0444
484.5000 0.0446
484.6000 0.0447
485.3000 0.0448
485.6000 0.0449
485.7000 0.0451
486.6000 0.0452
487.6000 0.0453
489.1000 0.0455
489.7000 0.0456
490.2000 0.0457
492.6000 0.0458
494.0000 0.0460
494.1000 0.0461
494.8000 0.0462
494.9000 0.0463
495.5000 0.0465
495.5000 0.0466
497.4000 0.0467
497.4000 0.0468
498.4000 0.0470
498.6000 0.0471
499.7000 0.0472
500.6000 0.0473
500.9000 0.0475
502.5000 0.0476
502.7000 0.0477
502.9000 0.0479
504.5000 0.0480
505.0000 0.0481
505.6000 0.0482
507.6000 0.0484
507.7000 0.0485
508.1000 0.0486
509.2000 0.0487
511.2000 0.0489
512.1000 0.0490
512.1000 0.0491
513.5000 0.0492
514.8000 0.0494
515.0000 0.0495
516.0000 0.0496
517.0000 0.0497
517.4000 0.0499
518.4000 0.0500
519.4000 0.0501
519.7000 0.0503
519.9000 0.0504
520.7000 0.0505
520.8000 0.0506
523.4000 0.0508
523.4000 0.0509
524.6000 0.0510
526.1000 0.0511
526.2000 0.0513
527.3000 0.0514
527.4000 0.0515
528.7000 0.0516
530.0000 0.0518
530.0000 0.0519
530.4000 0.0520
530.5000 0.0521
530.6000 0.0523
531.0000 0.0524
531.4000 0.0525
532.0000 0.0527
533.3000 0.0528
534.5000 0.0529
536.1000 0.0530
538.8000 0.0532
539.2000 0.0533
539.6000 0.0534
540.0000 0.0535
541.6000 0.0537
544.5000 0.0538
544.8000 0.0539
545.0000 0.0540
547.5000 0.0542
547.6000 0.0543
547.7000 0.0544
549.4000 0.0545
550.6000 0.0547
550.6000 0.0548
552.6000 0.0549
555.4000 0.0551
555.8000 0.0552
557.2000 0.0553
557.7000 0.0554
557.8000 0.0556
558.1000 0.0557
559.4000 0.0558
560.0000 0.0559
561.7000 0.0561
561.8000 0.0562
562.1000 0.0563
562.8000 0.0564
565.1000 0.0566
565.2000 0.0567
565.6000 0.0568
565.7000 0.0569
566.6000 0.0571
567.4000 0.0572
568.4000 0.0573
568.7000 0.0574
571.5000 0.0576
572.5000 0.0577
572.7000 0.0578
573.0000 0.0580
574.5000 0.0581
574.6000 0.0582
575.8000 0.0583
576.1000 0.0585
576.6000 0.0586
577.1000 0.0587
577.3000 0.0588
577.3000 0.0590
577.6000 0.0591
578.1000 0.0592
578.3000 0.0593
578.5000 0.0595
578.9000 0.0596
579.9000 0.0597
580.1000 0.0598
580.5000 0.0600
581.5000 0.0601
582.3000 0.0602
582.5000 0.0604
583.2000 0.0605
583.4000 0.0606
584.6000 0.0607
584.9000 0.0609
585.4000 0.0610
585.5000 0.0611
586.1000 0.0612
588.3000 0.0614
588.3000 0.0615
589.5000 0.0616
589.6000 0.0617
591.2000 0.0619
591.4000 0.0620
591.5000 0.0621
592.5000 0.0622
593.9000 0.0624
594.2000 0.0625
594.2000 0.0626
594.3000 0.0628
594.4000 0.0629
594.4000 0.0630
596.2000 0.0631
599.1000 0.0633
599.6000 0.0634
599.9000 0.0635
600.0000 0.0636
602.1000 0.0638
602.3000 0.0639
602.5000 0.0640
603.4000 0.0641
603.5000 0.0643
604.3000 0.0644
604.6000 0.0645
606.3000 0.0646
606.6000 0.0648
607.6000 0.0649
607.6000 0.0650
607.9000 0.0652
607.9000 0.0653
608.7000 0.0654
609.6000 0.0655
610.0000 0.0657
610.1000 0.0658
610.9000 0.0659
611.3000 0.0660
611.5000 0.0662
612.6000 0.0663
612.7000 0.0664
612.8000 0.0665
613.6000 0.0667
613.9000 0.0668
616.4000 0.0669
616.4000 0.0670
618.3000 0.0672
618.3000 0.0673
620.8000 0.0674
621.4000 0.0676
621.7000 0.0677
622.3000 0.0678
622.8000 0.0679
625.8000 0.0681
626.4000 0.0682
627.2000 0.0683
627.4000 0.0684
628.4000 0.0686
630.0000 0.0687
631.4000 0.0688
631.4000 0.0689
631.5000 0.0691
631.5000 0.0692
631.9000 0.0693
634.3000 0.0694
634.6000 0.0696
634.9000 0.0697
635.0000 0.0698
635.6000 0.0699
635.7000 0.0701
636.9000 0.0702
639.5000 0.0703
639.8000 0.0705
646.3000 0.0706
647.7000 0.0707
648.7000 0.0708
649.0000 0.0710
652.5000 0.0711
652.6000 0.0712
654.7000 0.0713
654.7000 0.0715
655.6000 0.0716
657.4000 0.0717
657.6000 0.0718
657.8000 0.0720
658.8000 0.0721
659.2000 0.0722
661.2000 0.0723
664.2000 0.0725
669.5000 0.0726
672.6000 0.0727
673.2000 0.0729
674.8000 0.0730
675.5000 0.0731
675.6000 0.0732
675.8000 0.0734
676.1000 0.0735
676.2000 0.0736
678.2000 0.0737
678.5000 0.0739
678.9000 0.0740
679.3000 0.0741
680.0000 0.0742
681.9000 0.0744
682.8000 0.0745
685.7000 0.0746
686.0000 0.0747
686.3000 0.0749
686.6000 0.0750
687.8000 0.0751
689.5000 0.0753
690.6000 0.0754
691.2000 0.0755
691.6000 0.0756
693.8000 0.0758
695.9000 0.0759
698.0000 0.0760
699.5000 0.0761
700.1000 0.0763
703.1000 0.0764
703.3000 0.0765
703.9000 0.0766
704.5000 0.0768
704.6000 0.0769
705.2000 0.0770
706.4000 0.0771
712.6000 0.0773
713.7000 0.0774
714.1000 0.0775
714.2000 0.0777
715.8000 0.0778
717.1000 0.0779
717.3000 0.0780
717.4000 0.0782
717.5000 0.0783
717.5000 0.0784
718.4000 0.0785
718.4000 0.0787
718.5000 0.0788
720.5000 0.0789
720.7000 0.0790
723.9000 0.0792
725.0000 0.0793
725.3000 0.0794
725.5000 0.0795
725.8000 0.0797
727.4000 0.0798
728.2000 0.0799
728.4000 0.0801
729.3000 0.0802
732.4000 0.0803
733.3000 0.0804
733.8000 0.0806
734.2000 0.0807
737.4000 0.0808
737.7000 0.0809
738.5000 0.0811
739.8000 0.0812
740.0000 0.0813
741.3000 0.0814
741.6000 0.0816
744.3000 0.0817
744.6000 0.0818
744.8000 0.0819
746.3000 0.0821
748.3000 0.0822
749.0000 0.0823
749.1000 0.0824
750.0000 0.0826
751.3000 0.0827
752.4000 0.0828
754.2000 0.0830
755.0000 0.0831
755.0000 0.0832
758.5000 0.0833
758.5000 0.0835
758.6000 0.0836
758.7000 0.0837
758.7000 0.0838
758.9000 0.0840
760.9000 0.0841
761.3000 0.0842
761.3000 0.0843
761.7000 0.0845
761.9000 0.0846
762.5000 0.0847
762.8000 0.0848
764.4000 0.0850
764.9000 0.0851
766.2000 0.0852
766.5000 0.0854
768.2000 0.0855
768.2000 0.0856
768.8000 0.0857
768.8000 0.0859
768.8000 0.0860
768.9000 0.0861
769.2000 0.0862
769.4000 0.0864
769.7000 0.0865
769.8000 0.0866
770.1000 0.0867
771.7000 0.0869
775.0000 0.0870
776.6000 0.0871
776.6000 0.0872
777.2000 0.0874
779.6000 0.0875
779.7000 0.0876
779.8000 0.0878
780.6000 0.0879
780.9000 0.0880
782.1000 0.0881
782.7000 0.0883
782.8000 0.0884
784.1000 0.0885
784.8000 0.0886
786.7000 0.0888
787.6000 0.0889
788.1000 0.0890
790.4000 0.0891
790.8000 0.0893
796.8000 0.0894
797.2000 0.0895
797.8000 0.0896
798.3000 0.0898
799.0000 0.0899
799.1000 0.0900
799.2000 0.0902
801.1000 0.0903
802.8000 0.0904
803.4000 0.0905
803.6000 0.0907
803.9000 0.0908
804.8000 0.0909
805.3000 0.0910
805.8000 0.0912
806.2000 0.0913
807.5000 0.0914
807.5000 0.0915
808.3000 0.0917
809.3000 0.0918
810.6000 0.0919
811.0000 0.0920
812.3000 0.0922
814.5000 0.0923
814.5000 0.0924
814.6000 0.0926
816.2000 0.0927
819.6000 0.0928
819.7000 0.0929
820.4000 0.0931
821.7000 0.0932
821.8000 0.0933
822.2000 0.0934
823.3000 0.0936
824.9000 0.0937
825.7000 0.0938
826.9000 0.0939
827.9000 0.0941
829.6000 0.0942
829.8000 0.0943
830.0000 0.0944
830.4000 0.0946
833.4000 0.0947
834.8000 0.0948
835.0000 0.0949
836.2000 0.0951
837.5000 0.0952
837.7000 0.0953
837.7000 0.0955
838.3000 0.0956
840.2000 0.0957
841.1000 0.0958
842.5000 0.0960
843.2000 0.0961
844.3000 0.0962
844.8000 0.0963
845.6000 0.0965
846.6000 0.0966
847.3000 0.0967
847.8000 0.0968
848.8000 0.0970
849.6000 0.0971
850.6000 0.0972
851.3000 0.0973
851.8000 0.0975
852.0000 0.0976
853.3000 0.0977
853.3000 0.0979
854.9000 0.0980
855.6000 0.0981
858.1000 0.0982
858.4000 0.0984
858.8000 0.0985
859.8000 0.0986
860.0000 0.0987
860.7000 0.0989
862.5000 0.0990
863.0000 0.0991
863.8000 0.0992
864.5000 0.0994
865.1000 0.0995
865.3000 0.0996
867.2000 0.0997
868.3000 0.0999
868.4000 0.1000
869.9000 0.1001
871.4000 0.1003
873.2000 0.1004
873.7000 0.1005
874.5000 0.1006
875.2000 0.1008
875.2000 0.1009
875.8000 0.1010
877.4000 0.1011
880.2000 0.1013
883.3000 0.1014
883.8000 0.1015
884.5000 0.1016
885.6000 0.1018
887.2000 0.1019
887.6000 0.1020
891.1000 0.1021
892.9000 0.1023
893.2000 0.1024
896.0000 0.1025
896.1000 0.1027
896.3000 0.1028
896.9000 0.1029
897.3000 0.1030
897.9000 0.1032
898.3000 0.1033
898.6000 0.1034
898.7000 0.1035
899.1000 0.1037
899.1000 0.1038
899.5000 0.1039
901.6000 0.1040
902.5000 0.1042
902.8000 0.1043
902.9000 0.1044
903.5000 0.1045
904.6000 0.1047
905.4000 0.1048
906.3000 0.1049
906.4000 0.1051
906.5000 0.1052
907.5000 0.1053
907.7000 0.1054
907.8000 0.1056
908.6000 0.1057
909.9000 0.1058
910.2000 0.1059
910.5000 0.1061
911.0000 0.1062
911.4000 0.1063
911.7000 0.1064
911.8000 0.1066
912.3000 0.1067
912.7000 0.1068
914.0000 0.1069
914.4000 0.1071
914.5000 0.1072
914.7000 0.1073
915.1000 0.1074
916.1000 0.1076
917.4000 0.1077
917.5000 0.1078
917.5000 0.1080
918.9000 0.1081
920.0000 0.1082
921.0000 0.1083
921.6000 0.1085
923.5000 0.1086
924.6000 0.1087
924.9000 0.1088
927.5000 0.1090
929.3000 0.1091
929.4000 0.1092
930.7000 0.1093
931.7000 0.1095
932.5000 0.1096
934.6000 0.1097
937.2000 0.1098
938.9000 0.1100
939.0000 0.1101
939.5000 0.1102
939.6000 0.1104
940.3000 0.1105
941.2000 0.1106
943.8000 0.1107
944.5000 0.1109
945.7000 0.1110
945.8000 0.1111
945.8000 0.1112
946.4000 0.1114
949.8000 0.1115
950.7000 0.1116
952.8000 0.1117
953.1000 0.1119
953.2000 0.1120
953.3000 0.1121
954.8000 0.1122
955.4000 0.1124
955.6000 0.1125
956.4000 0.1126
957.2000 0.1128
957.3000 0.1129
957.6000 0.1130
959.6000 0.1131
961.3000 0.1133
962.5000 0.1134
962.6000 0.1135
962.8000 0.1136
964.2000 0.1138
966.2000 0.1139
966.6000 0.1140
966.7000 0.1141
969.2000 0.1143
970.6000 0.1144
970.7000 0.1145
970.7000 0.1146
971.6000 0.1148
971.7000 0.1149
972.6000 0.1150
974.5000 0.1152
974.9000 0.1153
975.6000 0.1154
976.5000 0.1155
977.2000 0.1157
977.5000 0.1158
977.6000 0.1159
977.7000 0.1160
977.8000 0.1162
980.3000 0.1163
980.4000 0.1164
981.4000 0.1165
983.6000 0.1167
984.2000 0.1168
984.4000 0.1169
984.5000 0.1170
985.2000 0.1172
986.6000 0.1173
986.7000 0.1174
989.1000 0.1176
991.0000 0.1177
992.1000 0.1178
992.6000 0.1179
992.8000 0.1181
993.0000 0.1182
994.9000 0.1183
995.3000 0.1184
995.7000 0.1186
997.5000 0.1187
998.3000 0.1188
998.6000 0.1189
1001.3000 0.1191
1002.7000 0.1192
1003.1000 0.1193
1003.6000 0.1194
1004.8000 0.1196
1005.6000 0.1197
1005.9000 0.1198
1007.1000 0.1199
1007.6000 0.1201
1008.4000 0.1202
1009.6000 0.1203
1011.4000 0.1205
1012.7000 0.1206
1013.3000 0.1207
1013.4000 0.1208
1013.8000 0.1210
1014.1000 0.1211
1014.8000 0.1212
1016.5000 0.1213
1019.2000 0.1215
1019.7000 0.1216
1019.8000 0.1217
1020.4000 0.1218
1021.8000 0.1220
1022.5000 0.1221
1023.4000 0.1222
1024.8000 0.1223
1028.5000 0.1225
1029.5000 0.1226
1030.5000 0.1227
1032.1000 0.1229
1032.3000 0.1230
1032.8000 0.1231
1034.4000 0.1232
1035.1000 0.1234
1036.4000 0.1235
1037.8000 0.1236
1039.8000 0.1237
1039.8000 0.1239
1041.1000 0.1240
1042.0000 0.1241
1043.8000 0.1242
1044.3000 0.1244
1044.7000 0.1245
1045.3000 0.1246
1045.4000 0.1247
1046.1000 0.1249
1047.7000 0.1250
1048.3000 0.1251
1048.7000 0.1253
1050.2000 0.1254
1050.6000 0.1255
1051.7000 0.1256
1052.1000 0.1258
1052.5000 0.1259
1053.8000 0.1260
1054.4000 0.1261
1055.6000 0.1263
1055.6000 0.1264
1055.7000 0.1265
1055.7000 0.1266
1057.7000 0.1268
1058.2000 0.1269
1060.0000 0.1270
1060.6000 0.1271
1063.6000 0.1273
1064.3000 0.1274
1064.5000 0.1275
1065.6000 0.1277
1067.6000 0.1278
1070.3000 0.1279
1070.5000 0.1280
1070.9000 0.1282
1073.1000 0.1283
1074.1000 0.1284
1074.2000 0.1285
1074.7000 0.1287
1075.0000 0.1288
1075.9000 0.1289
1076.3000 0.1290
1081.5000 0.1292
1084.5000 0.1293
1084.8000 0.1294
1084.8000 0.1295
1085.1000 0.1297
1085.8000 0.1298
1086.3000 0.1299
1088.4000 0.1301
1088.7000 0.1302
1091.5000 0.1303
1091.6000 0.1304
1092.6000 0.1306
1094.5000 0.1307
1095.5000 0.1308
1096.3000 0.1309
1097.4000 0.1311
1097.7000 0.1312
1099.5000 0.1313
1100.4000 0.1314
1100.5000 0.1316
1100.7000 0.1317
1101.2000 0.1318
1102.2000 0.1319
1102.3000 0.1321
1103.7000 0.1322
1108.6000 0.1323
1110.1000 0.1324
1110.3000 0.1326
1111.4000 0.1327
1112.6000 0.1328
1112.8000 0.1330
1113.6000 0.1331
1114.1000 0.1332
1114.4000 0.1333
1115.1000 0.1335
1115.6000 0.1336
1116.3000 0.1337
1118.0000 0.1338
1118.3000 0.1340
1118.3000 0.1341
1118.6000 0.1342
1118.7000 0.1343
1119.7000 0.1345
1119.9000 0.1346
1123.0000 0.1347
1123.1000 0.1348
1123.8000 0.1350
1124.9000 0.1351
1125.7000 0.1352
1127.0000 0.1354
1127.2000 0.1355
1128.1000 0.1356
1129.1000 0.1357
1129.7000 0.1359
1132.6000 0.1360
1132.7000 0.1361
1132.9000 0.1362
1133.0000 0.1364
1133.6000 0.1365
1133.6000 0.1366
1133.8000 0.1367
1134.8000 0.1369
1135.8000 0.1370
1136.5000 0.1371
1136.7000 0.1372
1138.4000 0.1374
1139.0000 0.1375
1139.5000 0.1376
1139.7000 0.1378
1141.3000 0.1379
1142.5000 0.1380
1143.3000 0.1381
1143.5000 0.1383
1143.9000 0.1384
1144.4000 0.1385
1144.4000 0.1386
1145.4000 0.1388
1146.5000 0.1389
1146.6000 0.1390
1147.3000 0.1391
1149.9000 0.1393
1150.0000 0.1394
1150.7000 0.1395
1151.4000 0.1396
1152.5000 0.1398
1156.2000 0.1399
1156.5000 0.1400
1157.7000 0.1402
1158.4000 0.1403
1160.7000 0.1404
1162.9000 0.1405
1163.8000 0.1407
1164.0000 0.1408
1165.3000 0.1409
1166.3000 0.1410
1166.6000 0.1412
1167.7000 0.1413
1168.8000 0.1414
1169.0000 0.1415
1169.2000 0.1417
1169.6000 0.1418
1169.7000 0.1419
1170.2000 0.1420
1173.9000 0.1422
1176.0000 0.1423
1177.3000 0.1424
1178.0000 0.1426
1179.7000 0.1427
1180.4000 0.1428
1183.1000 0.1429
1183.3000 0.1431
1183.6000 0.1432
1184.1000 0.1433
1187.3000 0.1434
1189.0000 0.1436
1190.4000 0.1437
1190.7000 0.1438
1190.7000 0.1439
1190.8000 0.1441
1191.1000 0.1442
1191.6000 0.1443
1192.5000 0.1444
1192.5000 0.1446
1192.8000 0.1447
1193.3000 0.1448
1196.5000 0.1449
1197.3000 0.1451
1199.2000 0.1452
1200.4000 0.1453
1201.1000 0.1455
1201.1000 0.1456
1202.3000 0.1457
1202.7000 0.1458
1203.5000 0.1460
1204.1000 0.1461
1208.4000 0.1462
1209.3000 0.1463
1210.3000 0.1465
1213.6000 0.1466
1214.2000 0.1467
1214.2000 0.1468
1214.6000 0.1470
1214.9000 0.1471
1215.7000 0.1472
1217.6000 0.1473
1219.8000 0.1475
1220.3000 0.1476
1222.7000 0.1477
1225.3000 0.1479
1227.3000 0.1480
1230.2000 0.1481
1231.4000 0.1482
1231.5000 0.1484
1234.5000 0.1485
1235.0000 0.1486
1235.7000 0.1487
1235.8000 0.1489
1235.9000 0.1490
1236.7000 0.1491
1237.6000 0.1492
1237.6000 0.1494
1240.1000 0.1495
1240.2000 0.1496
1240.5000 0.1497
1240.7000 0.1499
1242.6000 0.1500
1242.8000 0.1501
1243.5000 0.1503
1243.6000 0.1504
1244.3000 0.1505
1244.5000 0.1506
1244.6000 0.1508
1246.1000 0.1509
1246.3000 0.1510
1246.5000 0.1511
1248.4000 0.1513
1248.8000 0.1514
1250.5000 0.1515
1251.2000 0.1516
1251.3000 0.1518
1251.4000 0.1519
1255.6000 0.1520
1255.8000 0.1521
1256.3000 0.1523
1256.4000 0.1524
1256.7000 0.1525
1258.2000 0.1527
1258.5000 0.1528
1259.1000 0.1529
1260.0000 0.1530
1263.1000 0.1532
1265.1000 0.1533
1266.3000 0.1534
1266.4000 0.1535
1267.8000 0.1537
1267.9000 0.1538
1269.2000 0.1539
1269.3000 0.1540
1269.6000 0.1542
1270.0000 0.1543
1270.1000 0.1544
1270.9000 0.1545
1271.4000 0.1547
1272.3000 0.1548
1273.1000 0.1549
1273.2000 0.1551
1274.3000 0.1552
1275.1000 0.1553
1276.2000 0.1554
1277.1000 0.1556
1277.4000 0.1557
1277.9000 0.1558
1279.7000 0.1559
1280.1000 0.1561
1280.7000 0.1562
1281.1000 0.1563
1281.4000 0.1564
1281.5000 0.1566
1282.8000 0.1567
1283.8000 0.1568
1284.4000 0.1569
1284.5000 0.1571
1285.9000 0.1572
1286.1000 0.1573
1289.2000 0.1574
1290.9000 0.1576
1295.0000 0.1577
1297.3000 0.1578
1297.5000 0.1580
1299.2000 0.1581
1301.3000 0.1582
1303.2000 0.1583
1304.9000 0.1585
1305.0000 0.1586
1305.5000 0.1587
1307.0000 0.1588
1308.6000 0.1590
1309.2000 0.1591
1309.2000 0.1592
1309.8000 0.1593
1311.9000 0.1595
1312.5000 0.1596
1314.5000 0.1597
1314.9000 0.1598
1317.3000 0.1600
1317.7000 0.1601
1317.9000 0.1602
1318.0000 0.1604
1319.2000 0.1605
1319.9000 0.1606
1320.5000 0.1607
1322.2000 0.1609
1322.2000 0.1610
1322.6000 0.1611
1322.7000 0.1612
1323.3000 0.1614
1324.5000 0.1615
1325.4000 0.1616
1326.7000 0.1617
1327.5000 0.1619
1328.4000 0.1620
1331.2000 0.1621
1331.8000 0.1622
1332.0000 0.1624
1333.4000 0.1625
1334.4000 0.1626
1337.1000 0.1628
1339.3000 0.1629
1344.2000 0.1630
1344.8000 0.1631
1346.6000 0.1633
1347.4000 0.1634
1347.6000 0.1635
1353.5000 0.1636
1353.9000 0.1638
1354.0000 0.1639
1356.2000 0.1640
1360.6000 0.1641
1361.0000 0.1643
1361.3000 0.1644
1361.6000 0.1645
1362.5000 0.1646
1363.1000 0.1648
1366.8000 0.1649
1367.1000 0.1650
1368.7000 0.1652
1368.8000 0.1653
1368.9000 0.1654
1369.7000 0.1655
1369.7000 0.1657
1370.4000 0.1658
1370.8000 0.1659
1370.9000 0.1660
1371.3000 0.1662
1372.1000 0.1663
1372.7000 0.1664
1372.9000 0.1665
1373.3000 0.1667
1373.4000 0.1668
1373.9000 0.1669
1379.2000 0.1670
1379.3000 0.1672
1380.6000 0.1673
1380.9000 0.1674
1381.2000 0.1676
1383.6000 0.1677
1386.7000 0.1678
1388.4000 0.1679
1389.0000 0.1681
1390.4000 0.1682
1390.8000 0.1683
1392.8000 0.1684
1393.8000 0.1686
1394.6000 0.1687
1395.4000 0.1688
1400.8000 0.1689
1402.1000 0.1691
1403.1000 0.1692
1403.4000 0.1693
1404.7000 0.1694
1405.3000 0.1696
1407.2000 0.1697
1407.6000 0.1698
1409.0000 0.1699
1410.2000 0.1701
1410.3000 0.1702
1413.2000 0.1703
1413.3000 0.1705
1414.9000 0.1706
1416.1000 0.1707
1418.3000 0.1708
1418.6000 0.1710
1419.0000 0.1711
1419.5000 0.1712
1419.8000 0.1713
1420.7000 0.1715
1421.1000 0.1716
1422.2000 0.1717
1422.7000 0.1718
1422.8000 0.1720
1423.1000 0.1721
1424.5000 0.1722
1425.9000 0.1723
1426.2000 0.1725
1428.8000 0.1726
1429.4000 0.1727
1431.6000 0.1729
1432.7000 0.1730
1437.5000 0.1731
1437.9000 0.1732
1439.2000 0.1734
1441.1000 0.1735
1443.1000 0.1736
1443.1000 0.1737
1443.7000 0.1739
1443.9000 0.1740
1444.1000 0.1741
1447.8000 0.1742
1450.0000 0.1744
1450.8000 0.1745
1450.8000 0.1746
1451.2000 0.1747
1451.6000 0.1749
1452.7000 0.1750
1453.4000 0.1751
1453.6000 0.1753
1453.9000 0.1754
1457.4000 0.1755
1462.1000 0.1756
1463.1000 0.1758
1463.8000 0.1759
1465.5000 0.1760
1465.7000 0.1761
1466.4000 0.1763
1466.7000 0.1764
1467.1000 0.1765
1468.1000 0.1766
1468.6000 0.1768
1470.6000 0.1769
1470.7000 0.1770
1473.6000 0.1771
1473.7000 0.1773
1474.5000 0.1774
1474.9000 0.1775
1475.1000 0.1777
1476.6000 0.1778
1477.4000 0.1779
1477.7000 0.1780
1478.4000 0.1782
1479.4000 0.1783
1480.5000 0.1784
1484.7000 0.1785
1487.9000 0.1787
1488.4000 0.1788
1489.3000 0.1789
1489.7000 0.1790
1490.9000 0.1792
1492.2000 0.1793
1492.8000 0.1794
1493.2000 0.1795
1493.6000 0.1797
1493.7000 0.1798
1494.3000 0.1799
1494.7000 0.1801
1494.8000 0.1802
1494.8000 0.1803
1494.9000 0.1804
1494.9000 0.1806
1497.5000 0.1807
1498.2000 0.1808
1499.0000 0.1809
1500.0000 0.1811
1503.3000 0.1812
1503.9000 0.1813
1506.5000 0.1814
1507.8000 0.1816
1508.3000 0.1817
1509.0000 0.1818
1512.5000 0.1819
1512.6000 0.1821
1514.1000 0.1822
1514.5000 0.1823
1515.9000 0.1824
1516.0000 0.1826
1516.5000 0.1827
1516.6000 0.1828
1517.8000 0.1830
1521.9000 0.1831
1522.6000 0.1832
1524.7000 0.1833
1528.7000 0.1835
1529.2000 0.1836
1529.3000 0.1837
1529.5000 0.1838
1530.5000 0.1840
1531.0000 0.1841
1531.2000 0.1842
1531.4000 0.1843
1532.3000 0.1845
1533.4000 0.1846
1535.5000 0.1847
1535.9000 0.1848
1539.1000 0.1850
1539.9000 0.1851
1541.4000 0.1852
1542.6000 0.1854
1543.4000 0.1855
1545.1000 0.1856
1546.1000 0.1857
1548.8000 0.1859
1550.2000 0.1860
1551.8000 0.1861
1551.9000 0.1862
1553.4000 0.1864
1555.8000 0.1865
1557.0000 0.1866
1557.5000 0.1867
1557.8000 0.1869
1558.4000 0.1870
1559.6000 0.1871
1561.3000 0.1872
1561.6000 0.1874
1562.1000 0.1875
1562.1000 0.1876
1562.1000 0.1878
1563.4000 0.1879
1563.5000 0.1880
1563.7000 0.1881
1565.3000 0.1883
1567.2000 0.1884
1567.9000 0.1885
1568.3000 0.1886
1572.6000 0.1888
1577.6000 0.1889
1579.4000 0.1890
1579.9000 0.1891
1580.0000 0.1893
1581.1000 0.1894
1583.3000 0.1895
1584.1000 0.1896
1585.3000 0.1898
1585.4000 0.1899
1586.2000 0.1900
1586.7000 0.1902
1587.2000 0.1903
1588.1000 0.1904
1588.3000 0.1905
1588.5000 0.1907
1588.6000 0.1908
1594.7000 0.1909
1594.8000 0.1910
1596.5000 0.1912
1597.6000 0.1913
1597.7000 0.1914
1597.9000 0.1915
1598.1000 0.1917
1599.0000 0.1918
1600.3000 0.1919
1600.7000 0.1920
1601.3000 0.1922
1605.5000 0.1923
1606.3000 0.1924
1607.3000 0.1926
1607.3000 0.1927
1608.0000 0.1928
1608.6000 0.1929
1609.5000 0.1931
1610.0000 0.1932
1610.9000 0.1933
1612.8000 0.1934
1617.6000 0.1936
1620.2000 0.1937
1621.2000 0.1938
1621.6000 0.1939
1623.2000 0.1941
1624.6000 0.1942
1632.7000 0.1943
1633.4000 0.1944
1638.6000 0.1946
1639.2000 0.1947
1643.4000 0.1948
1644.6000 0.1949
1648.3000 0.1951
1648.5000 0.1952
1651.3000 0.1953
1652.2000 0.1955
1654.6000 0.1956
1658.2000 0.1957
1659.6000 0.1958
1661.7000 0.1960
1662.7000 0.1961
1665.6000 0.1962
1665.8000 0.1963
1667.5000 0.1965
1667.7000 0.1966
1668.3000 0.1967
1669.2000 0.1968
1672.6000 0.1970
1674.0000 0.1971
1674.2000 0.1972
1675.0000 0.1973
1675.2000 0.1975
1675.3000 0.1976
1677.4000 0.1977
1680.6000 0.1979
1680.9000 0.1980
1683.1000 0.1981
1683.6000 0.1982
1683.8000 0.1984
1684.1000 0.1985
1685.0000 0.1986
1685.1000 0.1987
1687.9000 0.1989
1688.2000 0.1990
1693.3000 0.1991
1694.8000 0.1992
1700.2000 0.1994
1707.7000 0.1995
1709.0000 0.1996
1709.4000 0.1997
1709.5000 0.1999
1712.5000 0.2000
1712.7000 0.2001
1717.6000 0.2003
1718.7000 0.2004
1720.5000 0.2005
1721.2000 0.2006
1721.2000 0.2008
1722.3000 0.2009
1723.2000 0.2010
1727.0000 0.2011
1729.4000 0.2013
1734.0000 0.2014
1734.7000 0.2015
1735.2000 0.2016
1737.4000 0.2018
1737.8000 0.2019
1738.8000 0.2020
1739.1000 0.2021
1739.9000 0.2023
1740.0000 0.2024
1741.5000 0.2025
1742.6000 0.2027
1742.7000 0.2028
1743.3000 0.2029
1747.7000 0.2030
1751.4000 0.2032
1753.4000 0.2033
1753.8000 0.2034
1755.3000 0.2035
1756.2000 0.2037
1756.2000 0.2038
1756.4000 0.2039
1758.8000 0.2040
1760.3000 0.2042
1762.6000 0.2043
1763.0000 0.2044
1763.2000 0.2045
1763.8000 0.2047
1764.5000 0.2048
1764.6000 0.2049
1770.6000 0.2051
1771.4000 0.2052
1772.4000 0.2053
1773.6000 0.2054
1774.1000 0.2056
1775.7000 0.2057
1776.0000 0.2058
1779.1000 0.2059
1780.5000 0.2061
1781.3000 0.2062
1782.5000 0.2063
1791.6000 0.2064
1793.5000 0.2066
1793.7000 0.2067
1796.5000 0.2068
1796.8000 0.2069
1797.5000 0.2071
1798.2000 0.2072
1798.5000 0.2073
1799.6000 0.2074
1802.2000 0.2076
1803.0000 0.2077
1803.3000 0.2078
1804.7000 0.2080
1805.3000 0.2081
1808.5000 0.2082
1810.0000 0.2083
1811.3000 0.2085
1811.5000 0.2086
1815.1000 0.2087
1818.2000 0.2088
1818.4000 0.2090
1818.7000 0.2091
1827.6000 0.2092
1828.3000 0.2093
1830.4000 0.2095
1835.5000 0.2096
1836.0000 0.2097
1837.5000 0.2098
1839.9000 0.2100
1842.0000 0.2101
1842.4000 0.2102
1842.7000 0.2104
1844.9000 0.2105
1853.1000 0.2106
1853.6000 0.2107
1854.0000 0.2109
1855.1000 0.2110
1859.4000 0.2111
1860.0000 0.2112
1865.5000 0.2114
1868.0000 0.2115
1871.1000 0.2116
1872.2000 0.2117
1873.1000 0.2119
1874.5000 0.2120
1876.4000 0.2121
1877.7000 0.2122
1882.5000 0.2124
1882.5000 0.2125
1882.6000 0.2126
1884.4000 0.2128
1884.7000 0.2129
1885.2000 0.2130
1885.5000 0.2131
1893.8000 0.2133
1894.4000 0.2134
1895.6000 0.2135
1895.9000 0.2136
1896.2000 0.2138
1897.6000 0.2139
1899.0000 0.2140
1899.3000 0.2141
1902.1000 0.2143
1903.8000 0.2144
1907.1000 0.2145
1907.5000 0.2146
1910.0000 0.2148
1910.7000 0.2149
1911.9000 0.2150
1912.5000 0.2152
1912.9000 0.2153
1914.1000 0.2154
1920.0000 0.2155
1921.1000 0.2157
1921.9000 0.2158
1923.4000 0.2159
1924.8000 0.2160
1925.5000 0.2162
1927.6000 0.2163
1929.9000 0.2164
1930.7000 0.2165
1930.7000 0.2167
1931.0000 0.2168
1931.0000 0.2169
1933.3000 0.2170
1933.4000 0.2172
1934.8000 0.2173
1936.1000 0.2174
1937.2000 0.2176
1940.8000 0.2177
1942.2000 0.2178
1943.7000 0.2179
1943.7000 0.2181
1944.1000 0.2182
1946.7000 0.2183
1949.5000 0.2184
1949.5000 0.2186
1954.5000 0.2187
1957.4000 0.2188
1964.8000 0.2189
1967.1000 0.2191
1967.6000 0.2192
1968.8000 0.2193
1970.0000 0.2194
1970.0000 0.2196
1977.3000 0.2197
1979.8000 0.2198
1982.5000 0.2199
1984.2000 0.2201
1989.4000 0.2202
1990.7000 0.2203
1992.5000 0.2205
1996.7000 0.2206
1999.4000 0.2207
2003.8000 0.2208
2004.1000 0.2210
2005.7000 0.2211
2007.5000 0.2212
2008.6000 0.2213
2008.8000 0.2215
2009.4000 0.2216
2016.7000 0.2217
2017.7000 0.2218
2019.8000 0.2220
2023.8000 0.2221
2024.5000 0.2222
2027.5000 0.2223
2029.6000 0.2225
2033.4000 0.2226
2033.5000 0.2227
2035.9000 0.2229
2039.8000 0.2230
2040.5000 0.2231
2041.2000 0.2232
2043.4000 0.2234
2047.6000 0.2235
2049.1000 0.2236
2050.6000 0.2237
2051.4000 0.2239
2054.2000 0.2240
2055.2000 0.2241
2057.3000 0.2242
2060.4000 0.2244
2062.2000 0.2245
2063.8000 0.2246
2068.0000 0.2247
2070.5000 0.2249
2076.1000 0.2250
2078.0000 0.2251
2081.1000 0.2253
2082.8000 0.2254
2084.7000 0.2255
2087.4000 0.2256
2088.3000 0.2258
2088.4000 0.2259
2089.9000 0.2260
2098.2000 0.2261
2102.7000 0.2263
2105.4000 0.2264
2106.4000 0.2265
2106.4000 0.2266
2107.9000 0.2268
2112.1000 0.2269
2115.4000 0.2270
2116.4000 0.2271
2117.2000 0.2273
2118.8000 0.2274
2118.9000 0.2275
2121.8000 0.2277
2126.0000 0.2278
2126.1000 0.2279
2131.6000 0.2280
2132.1000 0.2282
2135.8000 0.2283
2138.3000 0.2284
2139.9000 0.2285
2140.3000 0.2287
2140.6000 0.2288
2144.8000 0.2289
2144.9000 0.2290
2148.6000 0.2292
2148.7000 0.2293
2150.5000 0.2294
2152.5000 0.2295
2152.6000 0.2297
2154.3000 0.2298
2155.4000 0.2299
2158.2000 0.2301
2163.7000 0.2302
2176.5000 0.2303
2178.6000 0.2304
2178.7000 0.2306
2178.8000 0.2307
2180.1000 0.2308
2181.8000 0.2309
2182.2000 0.2311
2186.5000 0.2312
2187.7000 0.2313
2199.4000 0.2314
2205.5000 0.2316
2209.9000 0.2317
2213.2000 0.2318
2215.5000 0.2319
2221.7000 0.2321
2222.1000 0.2322
2224.1000 0.2323
2224.8000 0.2324
2228.1000 0.2326
2229.6000 0.2327
2235.0000 0.2328
2235.3000 0.2330
2237.1000 0.2331
2243.0000 0.2332
2243.7000 0.2333
2244.2000 0.2335
2246.6000 0.2336
2246.9000 0.2337
2247.3000 0.2338
2250.8000 0.2340
2252.6000 0.2341
2255.2000 0.2342
2258.2000 0.2343
2258.5000 0.2345
2263.2000 0.2346
2263.6000 0.2347
2272.6000 0.2348
2274.1000 0.2350
2278.5000 0.2351
2293.3000 0.2352
2298.6000 0.2354
2302.8000 0.2355
2303.8000 0.2356
2311.1000 0.2357
2312.5000 0.2359
2315.0000 0.2360
2317.2000 0.2361
2320.6000 0.2362
2323.2000 0.2364
2333.0000 0.2365
2334.0000 0.2366
2341.2000 0.2367
2342.8000 0.2369
2343.0000 0.2370
2344.7000 0.2371
2345.5000 0.2372
2346.0000 0.2374
2350.1000 0.2375
2353.2000 0.2376
2355.7000 0.2378
2357.3000 0.2379
2357.5000 0.2380
2363.1000 0.2381
2365.3000 0.2383
2375.4000 0.2384
2377.8000 0.2385
2378.1000 0.2386
2381.8000 0.2388
2382.5000 0.2389
2387.2000 0.2390
2387.3000 0.2391
2388.6000 0.2393
2393.8000 0.2394
2395.4000 0.2395
2398.2000 0.2396
2402.2000 0.2398
2404.8000 0.2399
2410.1000 0.2400
2410.3000 0.2402
2416.3000 0.2403
2420.6000 0.2404
2428.1000 0.2405
2428.6000 0.2407
2430.4000 0.2408
2430.9000 0.2409
2431.5000 0.2410
2431.8000 0.2412
2432.3000 0.2413
2434.4000 0.2414
2434.5000 0.2415
2440.1000 0.2417
2441.0000 0.2418
2441.1000 0.2419
2446.2000 0.2420
2448.1000 0.2422
2451.6000 0.2423
2453.9000 0.2424
2464.4000 0.2426
2469.4000 0.2427
2470.5000 0.2428
2480.2000 0.2429
2480.6000 0.2431
2482.2000 0.2432
2488.1000 0.2433
2489.1000 0.2434
2492.9000 0.2436
2493.4000 0.2437
2499.4000 0.2438
2501.1000 0.2439
2501.3000 0.2441
2504.7000 0.2442
2507.4000 0.2443
2517.5000 0.2444
2518.3000 0.2446
2518.4000 0.2447
2519.7000 0.2448
2523.3000 0.2449
2523.5000 0.2451
2525.8000 0.2452
2527.9000 0.2453
2532.8000 0.2455
2533.7000 0.2456
2538.9000 0.2457
2541.5000 0.2458
2546.1000 0.2460
2548.5000 0.2461
2550.8000 0.2462
2551.7000 0.2463
2554.8000 0.2465
2555.4000 0.2466
2555.9000 0.2467
2558.2000 0.2468
2564.0000 0.2470
2567.5000 0.2471
2567.8000 0.2472
2569.7000 0.2473
2584.0000 0.2475
2584.3000 0.2476
2584.5000 0.2477
2584.8000 0.2479
2588.3000 0.2480
2589.3000 0.2481
2589.7000 0.2482
2591.8000 0.2484
2593.5000 0.2485
2595.7000 0.2486
2596.5000 0.2487
2600.1000 0.2489
2600.6000 0.2490
2602.0000 0.2491
2605.5000 0.2492
2614.8000 0.2494
2625.3000 0.2495
2625.9000 0.2496
2627.8000 0.2497
2627.9000 0.2499
2632.1000 0.2500
2635.3000 0.2501
2639.7000 0.2503
2641.5000 0.2504
2643.5000 0.2505
2650.0000 0.2506
2650.5000 0.2508
2652.4000 0.2509
2657.7000 0.2510
2666.4000 0.2511
2670.7000 0.2513
2673.5000 0.2514
2678.5000 0.2515
2678.7000 0.2516
2686.3000 0.2518
2687.1000 0.2519
2689.3000 0.2520
2692.9000 0.2521
2694.7000 0.2523
2697.5000 0.2524
2698.1000 0.2525
2703.5000 0.2527
2703.8000 0.2528
2709.8000 0.2529
2711.0000 0.2530
2717.5000 0.2532
2725.1000 0.2533
2726.6000 0.2534
2726.8000 0.2535
2726.8000 0.2537
2728.3000 0.2538
2732.7000 0.2539
2734.6000 0.2540
2735.6000 0.2542
2738.6000 0.2543
2739.0000 0.2544
2749.2000 0.2545
2765.5000 0.2547
2768.1000 0.2548
2768.4000 0.2549
2768.6000 0.2551
2772.0000 0.2552
2777.4000 0.2553
2780.5000 0.2554
2781.5000 0.2556
2786.0000 0.2557
2793.6000 0.2558
2800.5000 0.2559
2804.6000 0.2561
2805.3000 0.2562
2806.5000 0.2563
2807.4000 0.2564
2819.0000 0.2566
2824.5000 0.2567
2826.0000 0.2568
2827.3000 0.2569
2833.1000 0.2571
2833.3000 0.2572
2833.4000 0.2573
2833.7000 0.2574
2837.6000 0.2576
2842.6000 0.2577
2845.0000 0.2578
2857.2000 0.2580
2858.2000 0.2581
2858.3000 0.2582
2858.4000 0.2583
2863.4000 0.2585
2865.5000 0.2586
2866.4000 0.2587
2874.6000 0.2588
2876.2000 0.2590
2877.5000 0.2591
2886.5000 0.2592
2901.6000 0.2593
2904.4000 0.2595
2907.5000 0.2596
2907.7000 0.2597
2919.2000 0.2598
2927.3000 0.2600
2933.0000 0.2601
2933.6000 0.2602
2938.9000 0.2604
2941.7000 0.2605
2942.3000 0.2606
2943.3000 0.2607
2945.9000 0.2609
2948.5000 0.2610
2951.8000 0.2611
2954.8000 0.2612
2960.6000 0.2614
2963.6000 0.2615
2966.1000 0.2616
2971.4000 0.2617
2972.6000 0.2619
2974.7000 0.2620
2975.4000 0.2621
2982.7000 0.2622
2983.3000 0.2624
2983.5000 0.2625
2984.8000 0.2626
2988.6000 0.2628
2990.5000 0.2629
2992.2000 0.2630
2993.6000 0.2631
2994.7000 0.2633
3003.1000 0.2634
3003.5000 0.2635
3003.7000 0.2636
3005.6000 0.2638
3006.8000 0.2639
3008.5000 0.2640
3012.7000 0.2641
3012.9000 0.2643
3014.7000 0.2644
3014.7000 0.2645
3014.8000 0.2646
3021.6000 0.2648
3024.4000 0.2649
3028.6000 0.2650
3033.3000 0.2652
3037.7000 0.2653
3038.2000 0.2654
3039.9000 0.2655
3045.3000 0.2657
3058.2000 0.2658
3068.2000 0.2659
3070.0000 0.2660
3070.5000 0.2662
3077.3000 0.2663
3079.6000 0.2664
3083.4000 0.2665
3087.6000 0.2667
3090.8000 0.2668
3101.5000 0.2669
3109.1000 0.2670
3113.5000 0.2672
3121.5000 0.2673
3124.8000 0.2674
3125.7000 0.2676
3126.4000 0.2677
3129.2000 0.2678
3130.7000 0.2679
3130.7000 0.2681
3131.3000 0.2682
3132.2000 0.2683
3132.4000 0.2684
3136.3000 0.2686
3138.7000 0.2687
3140.4000 0.2688
3143.5000 0.2689
3143.6000 0.2691
3156.4000 0.2692
3172.3000 0.2693
3177.6000 0.2694
3179.3000 0.2696
3181.7000 0.2697
3184.5000 0.2698
3189.1000 0.2699
3190.6000 0.2701
3199.7000 0.2702
3200.5000 0.2703
3203.6000 0.2705
3208.6000 0.2706
3212.2000 0.2707
3214.0000 0.2708
3219.2000 0.2710
3223.0000 0.2711
3229.0000 0.2712
3231.1000 0.2713
3236.0000 0.2715
3237.7000 0.2716
3237.8000 0.2717
3237.9000 0.2718
3238.0000 0.2720
3241.1000 0.2721
3247.7000 0.2722
3250.6000 0.2723
3253.7000 0.2725
3262.4000 0.2726
3262.8000 0.2727
3269.8000 0.2729
3270.3000 0.2730
3274.1000 0.2731
3274.6000 0.2732
3277.5000 0.2734
3278.8000 0.2735
3280.9000 0.2736
3285.2000 0.2737
3286.9000 0.2739
3298.1000 0.2740
3300.0000 0.2741
3302.4000 0.2742
3307.7000 0.2744
3313.5000 0.2745
3314.2000 0.2746
3314.5000 0.2747
3316.6000 0.2749
3325.8000 0.2750
3327.3000 0.2751
3327.5000 0.2753
3337.3000 0.2754
3343.2000 0.2755
3350.0000 0.2756
3356.8000 0.2758
3361.2000 0.2759
3362.6000 0.2760
3367.8000 0.2761
3368.8000 0.2763
3370.4000 0.2764
3371.1000 0.2765
3373.7000 0.2766
3374.1000 0.2768
3379.3000 0.2769
3382.5000 0.2770
3385.6000 0.2771
3386.3000 0.2773
3386.5000 0.2774
3392.5000 0.2775
3398.2000 0.2777
3398.5000 0.2778
3400.2000 0.2779
3401.3000 0.2780
3401.5000 0.2782
3406.1000 0.2783
3412.4000 0.2784
3412.5000 0.2785
3412.6000 0.2787
3416.9000 0.2788
3417.6000 0.2789
3422.7000 0.2790
3430.8000 0.2792
3431.5000 0.2793
3432.2000 0.2794
3436.2000 0.2795
3439.8000 0.2797
3442.3000 0.2798
3443.0000 0.2799
3444.7000 0.2801
3456.5000 0.2802
3456.9000 0.2803
3459.5000 0.2804
3465.6000 0.2806
3466.5000 0.2807
3469.6000 0.2808
3471.0000 0.2809
3476.9000 0.2811
3479.9000 0.2812
3481.0000 0.2813
3489.3000 0.2814
3490.1000 0.2816
3497.5000 0.2817
3497.8000 0.2818
3500.1000 0.2819
3501.1000 0.2821
3504.3000 0.2822
3507.5000 0.2823
3509.6000 0.2824
3510.3000 0.2826
3510.4000 0.2827
3516.5000 0.2828
3516.5000 0.2830
3521.0000 0.2831
3522.2000 0.2832
3524.2000 0.2833
3526.6000 0.2835
3538.1000 0.2836
3543.4000 0.2837
3543.9000 0.2838
3547.4000 0.2840
3548.4000 0.2841
3548.9000 0.2842
3551.5000 0.2843
3554.6000 0.2845
3554.6000 0.2846
3557.8000 0.2847
3558.3000 0.2848
3559.3000 0.2850
3560.3000 0.2851
3566.7000 0.2852
3572.7000 0.2854
3579.2000 0.2855
3579.7000 0.2856
3582.1000 0.2857
3584.8000 0.2859
3587.0000 0.2860
3594.2000 0.2861
3600.1000 0.2862
3602.4000 0.2864
3607.3000 0.2865
3607.5000 0.2866
3608.5000 0.2867
3608.6000 0.2869
3615.1000 0.2870
3624.1000 0.2871
3629.0000 0.2872
3629.1000 0.2874
3630.5000 0.2875
3632.3000 0.2876
3632.4000 0.2878
3637.3000 0.2879
3642.4000 0.2880
3643.9000 0.2881
3645.0000 0.2883
3650.0000 0.2884
3653.0000 0.2885
3659.5000 0.2886
3663.6000 0.2888
3671.6000 0.2889
3674.1000 0.2890
3678.3000 0.2891
3683.5000 0.2893
3683.8000 0.2894
3685.3000 0.2895
3693.6000 0.2896
3694.0000 0.2898
3695.5000 0.2899
3696.0000 0.2900
3699.0000 0.2902
3703.8000 0.2903
3716.4000 0.2904
3719.3000 0.2905
3721.7000 0.2907
3724.1000 0.2908
3738.2000 0.2909
3739.5000 0.2910
3740.5000 0.2912
3740.5000 0.2913
3742.3000 0.2914
3746.4000 0.2915
3749.3000 0.2917
3757.4000 0.2918
3758.3000 0.2919
3758.9000 0.2920
3764.5000 0.2922
3765.0000 0.2923
3767.3000 0.2924
3772.4000 0.2926
3773.0000 0.2927
3774.7000 0.2928
3782.0000 0.2929
3783.5000 0.2931
3785.0000 0.2932
3785.0000 0.2933
3787.6000 0.2934
3792.0000 0.2936
3802.5000 0.2937
3803.7000 0.2938
3804.7000 0.2939
3807.3000 0.2941
3809.5000 0.2942
3813.8000 0.2943
3818.2000 0.2944
3820.0000 0.2946
3825.5000 0.2947
3826.1000 0.2948
3828.4000 0.2949
3828.7000 0.2951
3832.5000 0.2952
3833.0000 0.2953
3837.5000 0.2955
3838.2000 0.2956
3844.5000 0.2957
3845.5000 0.2958
3848.3000 0.2960
3850.4000 0.2961
3853.4000 0.2962
3865.0000 0.2963
3879.3000 0.2965
3880.3000 0.2966
3891.1000 0.2967
3898.5000 0.2968
3911.8000 0.2970
3913.2000 0.2971
3927.4000 0.2972
3932.3000 0.2973
3934.0000 0.2975
3938.9000 0.2976
3944.6000 0.2977
3945.1000 0.2979
3948.8000 0.2980
3948.8000 0.2981
3950.9000 0.2982
3951.5000 0.2984
3953.0000 0.2985
3956.5000 0.2986
3958.8000 0.2987
3961.2000 0.2989
3963.4000 0.2990
3972.1000 0.2991
3972.7000 0.2992
3980.4000 0.2994
3984.4000 0.2995
3986.7000 0.2996
3988.7000 0.2997
3989.6000 0.2999
3993.7000 0.3000
3994.4000 0.3001
4000.2000 0.3003
4007.4000 0.3004
4010.7000 0.3005
4010.7000 0.3006
4011.1000 0.3008
4011.4000 0.3009
4013.9000 0.3010
4020.5000 0.3011
4022.4000 0.3013
4024.3000 0.3014
4026.5000 0.3015
4036.3000 0.3016
4039.3000 0.3018
4041.6000 0.3019
4043.6000 0.3020
4044.4000 0.3021
4047.3000 0.3023
4047.4000 0.3024
4058.1000 0.3025
4066.7000 0.3027
4079.1000 0.3028
4082.7000 0.3029
4086.6000 0.3030
4087.7000 0.3032
4095.7000 0.3033
4097.3000 0.3034
4097.7000 0.3035
4102.5000 0.3037
4102.8000 0.3038
4111.4000 0.3039
4112.7000 0.3040
4113.2000 0.3042
4116.8000 0.3043
4121.0000 0.3044
4131.4000 0.3045
4135.9000 0.3047
4138.0000 0.3048
4138.5000 0.3049
4141.3000 0.3051
4142.7000 0.3052
4145.2000 0.3053
4146.3000 0.3054
4148.6000 0.3056
4148.7000 0.3057
4150.5000 0.3058
4153.4000 0.3059
4153.7000 0.3061
4153.9000 0.3062
4158.4000 0.3063
4161.6000 0.3064
4164.1000 0.3066
4173.5000 0.3067
4176.9000 0.3068
4178.5000 0.3069
4188.2000 0.3071
4190.6000 0.3072
4197.8000 0.3073
4203.4000 0.3074
4205.7000 0.3076
4211.5000 0.3077
4214.4000 0.3078
4216.2000 0.3080
4233.1000 0.3081
4239.0000 0.3082
4240.4000 0.3083
4241.2000 0.3085
4255.6000 0.3086
4256.2000 0.3087
4262.0000 0.3088
4262.5000 0.3090
4264.7000 0.3091
4276.2000 0.3092
4277.5000 0.3093
4278.8000 0.3095
4279.5000 0.3096
4290.8000 0.3097
4293.3000 0.3098
4300.4000 0.3100
4303.8000 0.3101
4305.5000 0.3102
4305.6000 0.3104
4309.6000 0.3105
4325.1000 0.3106
4332.3000 0.3107
4332.5000 0.3109
4337.3000 0.3110
4338.4000 0.3111
4340.9000 0.3112
4341.6000 0.3114
4344.5000 0.3115
4351.0000 0.3116
4355.7000 0.3117
4358.8000 0.3119
4360.8000 0.3120
4374.7000 0.3121
4383.1000 0.3122
4386.6000 0.3124
4393.8000 0.3125
4404.6000 0.3126
4406.9000 0.3128
4407.2000 0.3129
4413.6000 0.3130
4437.6000 0.3131
4440.7000 0.3133
4441.3000 0.3134
4444.8000 0.3135
4445.4000 0.3136
4449.6000 0.3138
4453.1000 0.3139
4454.2000 0.3140
4454.3000 0.3141
4460.6000 0.3143
4462.5000 0.3144
4464.2000 0.3145
4470.4000 0.3146
4472.7000 0.3148
4475.2000 0.3149
4481.0000 0.3150
4485.5000 0.3152
4489.9000 0.3153
4491.4000 0.3154
4491.6000 0.3155
4507.3000 0.3157
4509.3000 0.3158
4511.5000 0.3159
4512.9000 0.3160
4527.8000 0.3162
4528.2000 0.3163
4535.0000 0.3164
4540.0000 0.3165
4543.8000 0.3167
4557.3000 0.3168
4559.8000 0.3169
4560.7000 0.3170
4583.1000 0.3172
4587.7000 0.3173
4591.6000 0.3174
4595.6000 0.3176
4607.6000 0.3177
4619.0000 0.3178
4620.3000 0.3179
4628.2000 0.3181
4634.2000 0.3182
4635.7000 0.3183
4640.9000 0.3184
4644.5000 0.3186
4646.3000 0.3187
4655.7000 0.3188
4659.0000 0.3189
4676.4000 0.3191
4679.5000 0.3192
4680.2000 0.3193
4686.8000 0.3194
4688.6000 0.3196
4689.2000 0.3197
4689.7000 0.3198
4692.2000 0.3199
4695.0000 0.3201
4698.6000 0.3202
4709.1000 0.3203
4712.6000 0.3205
4719.2000 0.3206
4721.4000 0.3207
4729.7000 0.3208
4732.9000 0.3210
4733.1000 0.3211
4739.6000 0.3212
4741.0000 0.3213
4741.2000 0.3215
4747.0000 0.3216
4757.8000 0.3217
4766.0000 0.3218
4766.1000 0.3220
4773.2000 0.3221
4773.3000 0.3222
4780.3000 0.3223
4786.6000 0.3225
4787.4000 0.3226
4787.5000 0.3227
4788.8000 0.3229
4792.2000 0.3230
4794.8000 0.3231
4808.4000 0.3232
4808.9000 0.3234
4810.7000 0.3235
4811.8000 0.3236
4819.5000 0.3237
4828.4000 0.3239
4828.5000 0.3240
4835.2000 0.3241
4839.1000 0.3242
4845.0000 0.3244
4846.4000 0.3245
4847.5000 0.3246
4849.3000 0.3247
4853.2000 0.3249
4854.4000 0.3250
4856.9000 0.3251
4858.0000 0.3253
4859.0000 0.3254
4864.3000 0.3255
4865.9000 0.3256
4880.2000 0.3258
4880.5000 0.3259
4887.8000 0.3260
4890.9000 0.3261
4892.4000 0.3263
4896.0000 0.3264
4904.1000 0.3265
4913.6000 0.3266
4915.6000 0.3268
4916.9000 0.3269
4920.0000 0.3270
4920.5000 0.3271
4930.8000 0.3273
4932.6000 0.3274
4955.2000 0.3275
4955.6000 0.3277
4964.6000 0.3278
4973.2000 0.3279
4974.9000 0.3280
4976.7000 0.3282
4981.3000 0.3283
4982.2000 0.3284
4984.0000 0.3285
4988.8000 0.3287
4988.8000 0.3288
4989.1000 0.3289
4994.1000 0.3290
4994.8000 0.3292
4999.2000 0.3293
5000.8000 0.3294
5003.6000 0.3295
5019.7000 0.3297
5021.3000 0.3298
5023.7000 0.3299
5025.4000 0.3301
5026.5000 0.3302
5043.7000 0.3303
5045.3000 0.3304
5047.4000 0.3306
5048.1000 0.3307
5058.5000 0.3308
5058.9000 0.3309
5061.7000 0.3311
5067.4000 0.3312
5067.6000 0.3313
5080.5000 0.3314
5090.7000 0.3316
5098.7000 0.3317
5103.9000 0.3318
5106.1000 0.3319
5115.9000 0.3321
5131.6000 0.3322
5142.5000 0.3323
5143.1000 0.3324
5147.3000 0.3326
5148.7000 0.3327
5154.1000 0.3328
5163.2000 0.3330
5171.1000 0.3331
5182.0000 0.3332
5186.3000 0.3333
5202.7000 0.3335
5205.4000 0.3336
5212.4000 0.3337
5214.9000 0.3338
5225.8000 0.3340
5228.6000 0.3341
5242.9000 0.3342
5245.7000 0.3343
5253.7000 0.3345
5265.6000 0.3346
5272.7000 0.3347
5284.3000 0.3348
5286.5000 0.3350
5290.0000 0.3351
5304.5000 0.3352
5314.2000 0.3354
5317.4000 0.3355
5319.4000 0.3356
5329.0000 0.3357
5332.6000 0.3359
5333.8000 0.3360
5335.1000 0.3361
5338.6000 0.3362
5340.1000 0.3364
5347.8000 0.3365
5357.5000 0.3366
5366.0000 0.3367
5380.5000 0.3369
5382.3000 0.3370
5394.5000 0.3371
5403.4000 0.3372
5411.3000 0.3374
5416.3000 0.3375
5421.7000 0.3376
5429.1000 0.3378
5429.5000 0.3379
5433.6000 0.3380
5444.1000 0.3381
5454.4000 0.3383
5455.6000 0.3384
5467.3000 0.3385
5473.6000 0.3386
5477.3000 0.3388
5484.1000 0.3389
5485.5000 0.3390
5487.5000 0.3391
5487.5000 0.3393
5491.3000 0.3394
5506.8000 0.3395
5519.5000 0.3396
5520.5000 0.3398
5526.5000 0.3399
5530.5000 0.3400
5533.8000 0.3402
5533.9000 0.3403
5534.4000 0.3404
5538.2000 0.3405
5550.3000 0.3407
5557.5000 0.3408
5568.5000 0.3409
5571.5000 0.3410
5591.6000 0.3412
5601.7000 0.3413
5612.6000 0.3414
5616.1000 0.3415
5620.4000 0.3417
5625.9000 0.3418
5627.9000 0.3419
5629.5000 0.3420
5649.6000 0.3422
5651.2000 0.3423
5651.2000 0.3424
5652.8000 0.3426
5652.9000 0.3427
5666.3000 0.3428
5676.5000 0.3429
5683.8000 0.3431
5687.3000 0.3432
5697.5000 0.3433
5701.5000 0.3434
5707.2000 0.3436
5710.4000 0.3437
5714.4000 0.3438
5715.6000 0.3439
5724.5000 0.3441
5725.2000 0.3442
5728.4000 0.3443
5729.2000 0.3444
5729.2000 0.3446
5729.8000 0.3447
5750.5000 0.3448
5757.9000 0.3449
5757.9000 0.3451
5764.5000 0.3452
5772.7000 0.3453
5780.1000 0.3455
5784.1000 0.3456
5785.3000 0.3457
5795.6000 0.3458
5799.3000 0.3460
5799.5000 0.3461
5800.4000 0.3462
5800.8000 0.3463
5800.9000 0.3465
5801.9000 0.3466
5803.3000 0.3467
5813.4000 0.3468
5814.1000 0.3470
5824.0000 0.3471
5824.5000 0.3472
5829.5000 0.3473
5837.7000 0.3475
5838.5000 0.3476
5844.0000 0.3477
5847.7000 0.3479
5853.8000 0.3480
5858.2000 0.3481
5859.9000 0.3482
5870.3000 0.3484
5879.3000 0.3485
5884.3000 0.3486
5887.8000 0.3487
5888.0000 0.3489
5890.3000 0.3490
5892.7000 0.3491
5893.7000 0.3492
5902.6000 0.3494
5910.7000 0.3495
5919.4000 0.3496
5927.3000 0.3497
5939.6000 0.3499
5939.8000 0.3500
5956.9000 0.3501
5959.2000 0.3503
5972.6000 0.3504
5974.5000 0.3505
5983.5000 0.3506
5989.4000 0.3508
5992.4000 0.3509
5992.8000 0.3510
5993.7000 0.3511
5995.4000 0.3513
5999.6000 0.3514
6003.7000 0.3515
6008.6000 0.3516
6011.6000 0.3518
6012.8000 0.3519
6014.5000 0.3520
6015.2000 0.3521
6016.0000 0.3523
6033.8000 0.3524
6038.4000 0.3525
6040.0000 0.3527
6040.5000 0.3528
6052.6000 0.3529
6054.6000 0.3530
6061.4000 0.3532
6063.7000 0.3533
6063.9000 0.3534
6066.6000 0.3535
6066.7000 0.3537
6070.7000 0.3538
6078.1000 0.3539
6084.1000 0.3540
6092.7000 0.3542
6095.7000 0.3543
6111.9000 0.3544
6127.6000 0.3545
6143.3000 0.3547
6145.9000 0.3548
6148.1000 0.3549
6153.0000 0.3551
6157.4000 0.3552
6161.3000 0.3553
6162.7000 0.3554
6164.8000 0.3556
6183.1000 0.3557
6195.1000 0.3558
6204.7000 0.3559
6206.4000 0.3561
6207.7000 0.3562
6208.9000 0.3563
6222.5000 0.3564
6230.7000 0.3566
6241.6000 0.3567
6243.8000 0.3568
6254.9000 0.3569
6270.3000 0.3571
6277.5000 0.3572
6278.6000 0.3573
6287.0000 0.3574
6290.3000 0.3576
6299.5000 0.3577
6306.4000 0.3578
6309.0000 0.3580
6313.5000 0.3581
6314.0000 0.3582
6323.3000 0.3583
6330.6000 0.3585
6332.5000 0.3586
6341.0000 0.3587
6341.7000 0.3588
6344.6000 0.3590
6355.8000 0.3591
6358.7000 0.3592
6364.8000 0.3593
6372.3000 0.3595
6374.4000 0.3596
6375.5000 0.3597
6390.2000 0.3598
6391.6000 0.3600
6393.5000 0.3601
6396.0000 0.3602
6396.8000 0.3604
6413.5000 0.3605
6420.2000 0.3606
6432.9000 0.3607
6448.7000 0.3609
6454.3000 0.3610
6458.0000 0.3611
6475.4000 0.3612
6484.6000 0.3614
6484.6000 0.3615
6497.3000 0.3616
6511.3000 0.3617
6522.1000 0.3619
6527.3000 0.3620
6538.3000 0.3621
6547.4000 0.3622
6559.7000 0.3624
6565.2000 0.3625
6571.2000 0.3626
6576.0000 0.3628
6579.4000 0.3629
6581.8000 0.3630
6581.9000 0.3631
6582.3000 0.3633
6587.6000 0.3634
6590.5000 0.3635
6592.1000 0.3636
6619.1000 0.3638
6619.9000 0.3639
6625.0000 0.3640
6633.4000 0.3641
6634.4000 0.3643
6635.5000 0.3644
6667.2000 0.3645
6675.9000 0.3646
6681.6000 0.3648
6682.7000 0.3649
6698.5000 0.3650
6700.6000 0.3652
6701.9000 0.3653
6710.4000 0.3654
6712.2000 0.3655
6718.2000 0.3657
6719.6000 0.3658
6719.8000 0.3659
6729.2000 0.3660
6734.1000 0.3662
6748.3000 0.3663
6766.3000 0.3664
6768.4000 0.3665
6771.5000 0.3667
6775.2000 0.3668
6776.4000 0.3669
6778.9000 0.3670
6785.9000 0.3672
6786.7000 0.3673
6789.0000 0.3674
6802.0000 0.3676
6805.0000 0.3677
6820.0000 0.3678
6827.1000 0.3679
6833.9000 0.3681
6840.0000 0.3682
6844.0000 0.3683
6853.2000 0.3684
6854.2000 0.3686
6863.1000 0.3687
6867.4000 0.3688
6874.0000 0.3689
6877.8000 0.3691
6896.1000 0.3692
6901.1000 0.3693
6906.7000 0.3694
6907.5000 0.3696
6908.9000 0.3697
6915.1000 0.3698
6936.1000 0.3699
6936.7000 0.3701
6963.8000 0.3702
6984.6000 0.3703
6992.3000 0.3705
7003.7000 0.3706
7007.0000 0.3707
7008.4000 0.3708
7016.7000 0.3710
7023.1000 0.3711
7025.8000 0.3712
7035.6000 0.3713
7045.3000 0.3715
7051.3000 0.3716
7063.1000 0.3717
7076.4000 0.3718
7080.9000 0.3720
7103.3000 0.3721
7111.1000 0.3722
7113.5000 0.3723
7113.7000 0.3725
7114.3000 0.3726
7122.1000 0.3727
7128.4000 0.3729
7136.1000 0.3730
7140.8000 0.3731
7141.0000 0.3732
7143.4000 0.3734
7153.6000 0.3735
7167.9000 0.3736
7170.5000 0.3737
7182.4000 0.3739
7188.2000 0.3740
7218.5000 0.3741
7230.7000 0.3742
7241.3000 0.3744
7244.3000 0.3745
7249.7000 0.3746
7252.9000 0.3747
7259.4000 0.3749
7261.3000 0.3750
7266.2000 0.3751
7275.0000 0.3753
7283.1000 0.3754
7297.4000 0.3755
7297.4000 0.3756
7297.5000 0.3758
7302.2000 0.3759
7307.0000 0.3760
7309.6000 0.3761
7310.5000 0.3763
7323.2000 0.3764
7323.5000 0.3765
7336.2000 0.3766
7352.9000 0.3768
7355.5000 0.3769
7358.4000 0.3770
7372.4000 0.3771
7379.6000 0.3773
7406.0000 0.3774
7430.0000 0.3775
7434.3000 0.3777
7447.1000 0.3778
7450.5000 0.3779
7453.4000 0.3780
7457.4000 0.3782
7457.9000 0.3783
7467.7000 0.3784
7474.6000 0.3785
7482.7000 0.3787
7485.8000 0.3788
7486.5000 0.3789
7498.0000 0.3790
7507.0000 0.3792
7512.1000 0.3793
7519.3000 0.3794
7523.3000 0.3795
7523.4000 0.3797
7526.0000 0.3798
7526.6000 0.3799
7530.2000 0.3801
7538.0000 0.3802
7547.6000 0.3803
7550.7000 0.3804
7553.7000 0.3806
7557.7000 0.3807
7560.0000 0.3808
7564.4000 0.3809
7568.7000 0.3811
7571.5000 0.3812
7580.3000 0.3813
7582.0000 0.3814
7593.5000 0.3816
7605.6000 0.3817
7607.5000 0.3818
7639.7000 0.3819
7657.0000 0.3821
7666.0000 0.3822
7672.6000 0.3823
7681.7000 0.3824
7688.9000 0.3826
7700.4000 0.3827
7702.5000 0.3828
7705.5000 0.3830
7721.8000 0.3831
7739.1000 0.3832
7739.9000 0.3833
7758.1000 0.3835
7765.0000 0.3836
7769.8000 0.3837
7778.7000 0.3838
7799.0000 0.3840
7799.4000 0.3841
7818.0000 0.3842
7819.2000 0.3843
7820.8000 0.3845
7822.6000 0.3846
7827.2000 0.3847
7835.0000 0.3848
7852.3000 0.3850
7867.2000 0.3851
7876.9000 0.3852
7886.3000 0.3854
7888.3000 0.3855
7890.4000 0.3856
7901.3000 0.3857
7901.6000 0.3859
7903.9000 0.3860
7921.7000 0.3861
7933.9000 0.3862
7942.4000 0.3864
7959.0000 0.3865
7962.7000 0.3866
7965.6000 0.3867
7967.5000 0.3869
7979.4000 0.3870
7995.0000 0.3871
7998.3000 0.3872
8005.4000 0.3874
8007.7000 0.3875
8035.3000 0.3876
8037.4000 0.3878
8041.3000 0.3879
8042.6000 0.3880
8055.6000 0.3881
8061.4000 0.3883
8073.3000 0.3884
8074.6000 0.3885
8074.9000 0.3886
8075.5000 0.3888
8077.0000 0.3889
8083.6000 0.3890
8088.3000 0.3891
8102.6000 0.3893
8108.5000 0.3894
8111.7000 0.3895
8121.7000 0.3896
8130.1000 0.3898
8131.5000 0.3899
8132.1000 0.3900
8133.9000 0.3902
8140.4000 0.3903
8165.8000 0.3904
8170.5000 0.3905
8182.8000 0.3907
8183.5000 0.3908
8201.0000 0.3909
8201.4000 0.3910
8204.5000 0.3912
8205.4000 0.3913
8205.5000 0.3914
8216.5000 0.3915
8232.3000 0.3917
8240.3000 0.3918
8248.3000 0.3919
8265.4000 0.3920
8270.1000 0.3922
8270.5000 0.3923
8273.3000 0.3924
8281.5000 0.3926
8285.1000 0.3927
8323.9000 0.3928
8333.7000 0.3929
8334.8000 0.3931
8366.1000 0.3932
8372.4000 0.3933
8378.1000 0.3934
8378.9000 0.3936
8387.5000 0.3937
8394.3000 0.3938
8395.1000 0.3939
8398.9000 0.3941
8406.3000 0.3942
8417.8000 0.3943
8420.1000 0.3944
8421.7000 0.3946
8423.5000 0.3947
8434.5000 0.3948
8452.4000 0.3949
8459.3000 0.3951
8460.3000 0.3952
8462.9000 0.3953
8463.8000 0.3955
8476.5000 0.3956
8481.7000 0.3957
8483.2000 0.3958
8489.3000 0.3960
8505.0000 0.3961
8506.2000 0.3962
8517.9000 0.3963
8519.6000 0.3965
8529.3000 0.3966
8537.8000 0.3967
8548.3000 0.3968
8550.0000 0.3970
8561.2000 0.3971
8596.3000 0.3972
8604.7000 0.3973
8605.0000 0.3975
8614.3000 0.3976
8616.5000 0.3977
8631.8000 0.3979
8646.1000 0.3980
8651.6000 0.3981
8651.7000 0.3982
8657.4000 0.3984
8668.6000 0.3985
8669.8000 0.3986
8670.1000 0.3987
8675.8000 0.3989
8685.1000 0.3990
8688.3000 0.3991
8693.0000 0.3992
8697.3000 0.3994
8700.9000 0.3995
8729.9000 0.3996
8742.6000 0.3997
8746.0000 0.3999
8748.4000 0.4000
8750.8000 0.4001
8753.4000 0.4003
8762.4000 0.4004
8762.8000 0.4005
8776.0000 0.4006
8780.7000 0.4008
8801.8000 0.4009
8805.0000 0.4010
8815.3000 0.4011
8816.7000 0.4013
8818.3000 0.4014
8829.8000 0.4015
8848.7000 0.4016
8850.3000 0.4018
8875.8000 0.4019
8882.6000 0.4020
8895.7000 0.4021
8899.2000 0.4023
8899.4000 0.4024
8909.7000 0.4025
8914.3000 0.4027
8914.7000 0.4028
8929.4000 0.4029
8935.5000 0.4030
8955.5000 0.4032
8955.6000 0.4033
8961.9000 0.4034
8962.5000 0.4035
8981.4000 0.4037
8981.6000 0.4038
8992.0000 0.4039
8996.2000 0.4040
9016.8000 0.4042
9033.2000 0.4043
9037.1000 0.4044
9062.4000 0.4045
9067.4000 0.4047
9070.4000 0.4048
9098.4000 0.4049
9099.6000 0.4051
9103.5000 0.4052
9113.6000 0.4053
9115.4000 0.4054
9126.1000 0.4056
9132.0000 0.4057
9132.2000 0.4058
9135.0000 0.4059
9137.1000 0.4061
9139.7000 0.4062
9140.2000 0.4063
9145.6000 0.4064
9146.5000 0.4066
9149.7000 0.4067
9150.9000 0.4068
9153.2000 0.4069
9171.0000 0.4071
9176.4000 0.4072
9176.8000 0.4073
9188.5000 0.4074
9213.2000 0.4076
9217.7000 0.4077
9222.0000 0.4078
9224.9000 0.4080
9238.4000 0.4081
9239.2000 0.4082
9241.3000 0.4083
9247.5000 0.4085
9264.5000 0.4086
9264.7000 0.4087
9265.5000 0.4088
9269.3000 0.4090
9269.6000 0.4091
9275.4000 0.4092
9280.2000 0.4093
9280.9000 0.4095
9286.7000 0.4096
9293.0000 0.4097
9295.5000 0.4098
9319.5000 0.4100
9322.7000 0.4101
9327.8000 0.4102
9341.2000 0.4104
9343.5000 0.4105
9349.1000 0.4106
9355.6000 0.4107
9371.7000 0.4109
9378.0000 0.4110
9389.4000 0.4111
9390.0000 0.4112
9391.1000 0.4114
9393.1000 0.4115
9393.3000 0.4116
9396.0000 0.4117
9403.7000 0.4119
9421.0000 0.4120
9434.3000 0.4121
9438.6000 0.4122
9439.4000 0.4124
9444.7000 0.4125
9451.0000 0.4126
9451.3000 0.4128
9464.0000 0.4129
9481.3000 0.4130
9482.2000 0.4131
9491.8000 0.4133
9502.8000 0.4134
9528.2000 0.4135
9531.4000 0.4136
9537.1000 0.4138
9560.8000 0.4139
9598.0000 0.4140
9606.5000 0.4141
9616.3000 0.4143
9619.3000 0.4144
9620.8000 0.4145
9625.0000 0.4146
9642.6000 0.4148
9646.2000 0.4149
9651.3000 0.4150
9661.5000 0.4152
9665.0000 0.4153
9668.4000 0.4154
9679.7000 0.4155
9684.5000 0.4157
9690.8000 0.4158
9701.4000 0.4159
9713.8000 0.4160
9717.5000 0.4162
9729.2000 0.4163
9735.0000 0.4164
9738.2000 0.4165
9753.7000 0.4167
9761.9000 0.4168
9767.7000 0.4169
9773.7000 0.4170
9778.6000 0.4172
9786.9000 0.4173
9819.3000 0.4174
9827.2000 0.4176
9846.9000 0.4177
9848.3000 0.4178
9855.5000 0.4179
9856.3000 0.4181
9871.1000 0.4182
9871.7000 0.4183
9889.6000 0.4184
9893.3000 0.4186
9897.1000 0.4187
9924.9000 0.4188
9926.4000 0.4189
9941.9000 0.4191
9944.6000 0.4192
9963.4000 0.4193
9964.4000 0.4194
9964.5000 0.4196
9976.1000 0.4197
9989.4000 0.4198
9990.7000 0.4199
9992.5000 0.4201
9997.1000 0.4202
9999.5000 0.4203
10003.7000 0.4205
10009.4000 0.4206
10019.0000 0.4207
10043.0000 0.4208
10045.7000 0.4210
10068.0000 0.4211
10069.9000 0.4212
10071.3000 0.4213
10074.7000 0.4215
10077.8000 0.4216
10080.8000 0.4217
10094.8000 0.4218
10101.3000 0.4220
10104.2000 0.4221
10107.0000 0.4222
10118.6000 0.4223
10138.6000 0.4225
10139.4000 0.4226
10142.1000 0.4227
10142.2000 0.4229
10145.9000 0.4230
10153.6000 0.4231
10159.3000 0.4232
10165.0000 0.4234
10176.7000 0.4235
10177.7000 0.4236
10186.2000 0.4237
10189.7000 0.4239
10190.4000 0.4240
10197.2000 0.4241
10204.1000 0.4242
10207.0000 0.4244
10219.2000 0.4245
10223.6000 0.4246
10239.0000 0.4247
10241.4000 0.4249
10243.8000 0.4250
10258.7000 0.4251
10273.5000 0.4253
10275.4000 0.4254
10297.4000 0.4255
10298.6000 0.4256
10299.8000 0.4258
10301.0000 0.4259
10301.2000 0.4260
10315.0000 0.4261
10321.1000 0.4263
10324.1000 0.4264
10337.7000 0.4265
10338.5000 0.4266
10339.6000 0.4268
10354.5000 0.4269
10356.9000 0.4270
10365.8000 0.4271
10369.3000 0.4273
10375.9000 0.4274
10379.9000 0.4275
10382.1000 0.4277
10384.7000 0.4278
10387.3000 0.4279
10389.0000 0.4280
10391.3000 0.4282
10395.2000 0.4283
10428.9000 0.4284
10432.6000 0.4285
10433.9000 0.4287
10434.5000 0.4288
10439.9000 0.4289
10455.0000 0.4290
10458.0000 0.4292
10459.9000 0.4293
10468.6000 0.4294
10481.5000 0.4295
10520.4000 0.4297
10521.2000 0.4298
10536.5000 0.4299
10541.9000 0.4301
10548.2000 0.4302
10549.7000 0.4303
10561.5000 0.4304
10562.7000 0.4306
10567.0000 0.4307
10570.1000 0.4308
10574.5000 0.4309
10591.5000 0.4311
10601.4000 0.4312
10610.9000 0.4313
10612.0000 0.4314
10612.5000 0.4316
10627.0000 0.4317
10627.8000 0.4318
10634.9000 0.4319
10638.3000 0.4321
10638.8000 0.4322
10640.6000 0.4323
10657.0000 0.4324
10660.1000 0.4326
10690.3000 0.4327
10692.3000 0.4328
10698.8000 0.4330
10700.8000 0.4331
10703.6000 0.4332
10708.2000 0.4333
10727.9000 0.4335
10746.7000 0.4336
10769.4000 0.4337
10773.7000 0.4338
10776.4000 0.4340
10783.6000 0.4341
10800.9000 0.4342
10801.5000 0.4343
10804.0000 0.4345
10820.2000 0.4346
10822.4000 0.4347
10823.1000 0.4348
10823.3000 0.4350
10842.9000 0.4351
10847.4000 0.4352
10852.2000 0.4354
10866.9000 0.4355
10869.7000 0.4356
10872.6000 0.4357
10881.1000 0.4359
10887.7000 0.4360
10897.7000 0.4361
10898.6000 0.4362
10899.9000 0.4364
10901.1000 0.4365
10903.4000 0.4366
10911.9000 0.4367
10912.6000 0.4369
10918.6000 0.4370
10937.9000 0.4371
10938.7000 0.4372
10940.5000 0.4374
10941.8000 0.4375
10942.7000 0.4376
10943.3000 0.4378
10948.1000 0.4379
10949.3000 0.4380
10953.1000 0.4381
10958.3000 0.4383
10960.4000 0.4384
10969.9000 0.4385
10975.2000 0.4386
10982.4000 0.4388
10992.5000 0.4389
10999.5000 0.4390
11008.0000 0.4391
11013.4000 0.4393
11014.0000 0.4394
11014.0000 0.4395
11015.5000 0.4396
11017.3000 0.4398
11020.9000 0.4399
11022.0000 0.4400
11023.9000 0.4402
11024.2000 0.4403
11028.5000 0.4404
11033.5000 0.4405
11034.5000 0.4407
11046.1000 0.4408
11047.6000 0.4409
11048.3000 0.4410
11056.8000 0.4412
11059.0000 0.4413
11064.9000 0.4414
11065.8000 0.4415
11066.2000 0.4417
11069.6000 0.4418
11073.7000 0.4419
11082.5000 0.4420
11090.2000 0.4422
11091.2000 0.4423
11102.6000 0.4424
11119.9000 0.4426
11123.4000 0.4427
11132.3000 0.4428
11133.5000 0.4429
11134.1000 0.4431
11148.5000 0.4432
11150.1000 0.4433
11169.2000 0.4434
11174.2000 0.4436
11175.0000 0.4437
11180.3000 0.4438
11191.1000 0.4439
11212.3000 0.4441
11216.6000 0.4442
11227.6000 0.4443
11234.8000 0.4444
11237.0000 0.4446
11247.4000 0.4447
11256.0000 0.4448
11264.5000 0.4449
11304.4000 0.4451
11309.4000 0.4452
11326.9000 0.4453
11335.7000 0.4455
11355.0000 0.4456
11357.7000 0.4457
11358.8000 0.4458
11374.7000 0.4460
11396.4000 0.4461
11419.1000 0.4462
11422.6000 0.4463
11423.3000 0.4465
11428.3000 0.4466
11431.0000 0.4467
11438.4000 0.4468
11445.0000 0.4470
11450.3000 0.4471
11471.4000 0.4472
11478.1000 0.4473
11501.3000 0.4475
11501.8000 0.4476
11508.7000 0.4477
11514.4000 0.4479
11517.7000 0.4480
11522.9000 0.4481
11540.6000 0.4482
11548.7000 0.4484
11554.4000 0.4485
11557.3000 0.4486
11574.8000 0.4487
11576.1000 0.4489
11589.4000 0.4490
11593.1000 0.4491
11593.7000 0.4492
11604.8000 0.4494
11607.6000 0.4495
11608.5000 0.4496
11610.6000 0.4497
11618.9000 0.4499
11624.9000 0.4500
11639.4000 0.4501
11642.2000 0.4503
11642.4000 0.4504
11643.3000 0.4505
11650.1000 0.4506
11671.6000 0.4508
11679.2000 0.4509
11687.5000 0.4510
11688.9000 0.4511
11690.7000 0.4513
11697.7000 0.4514
11700.5000 0.4515
11706.6000 0.4516
11711.6000 0.4518
11715.7000 0.4519
11717.6000 0.4520
11726.4000 0.4521
11727.6000 0.4523
11730.7000 0.4524
11736.5000 0.4525
11754.0000 0.4527
11759.9000 0.4528
11771.8000 0.4529
11776.2000 0.4530
11785.4000 0.4532
11799.3000 0.4533
11808.8000 0.4534
11828.6000 0.4535
11829.1000 0.4537
11831.6000 0.4538
11836.1000 0.4539
11848.5000 0.4540
11858.5000 0.4542
11905.9000 0.4543
11909.5000 0.4544
11912.2000 0.4545
11948.1000 0.4547
11949.9000 0.4548
11954.3000 0.4549
11955.0000 0.4551
11958.8000 0.4552
11967.7000 0.4553
11972.1000 0.4554
11990.3000 0.4556
11993.8000 0.4557
12001.6000 0.4558
12012.5000 0.4559
12017.9000 0.4561
12022.6000 0.4562
12023.2000 0.4563
12035.9000 0.4564
12052.5000 0.4566
12061.5000 0.4567
12068.8000 0.4568
12072.8000 0.4569
12092.1000 0.4571
12099.4000 0.4572
12108.9000 0.4573
12115.1000 0.4574
12115.2000 0.4576
12120.7000 0.4577
12127.3000 0.4578
12129.4000 0.4580
12135.3000 0.4581
12142.0000 0.4582
12150.9000 0.4583
12153.8000 0.4585
12154.2000 0.4586
12155.4000 0.4587
12160.1000 0.4588
12163.0000 0.4590
12165.4000 0.4591
12178.3000 0.4592
12181.4000 0.4593
12193.2000 0.4595
12194.3000 0.4596
12205.1000 0.4597
12205.7000 0.4598
12212.3000 0.4600
12217.0000 0.4601
12220.6000 0.4602
12227.1000 0.4604
12237.8000 0.4605
12246.5000 0.4606
12258.5000 0.4607
12281.8000 0.4609
12285.3000 0.4610
12289.0000 0.4611
12299.1000 0.4612
12304.9000 0.4614
12314.4000 0.4615
12320.2000 0.4616
12321.0000 0.4617
12323.6000 0.4619
12332.8000 0.4620
12333.8000 0.4621
12361.0000 0.4622
12361.7000 0.4624
12363.7000 0.4625
12364.0000 0.4626
12373.1000 0.4628
12377.1000 0.4629
12378.4000 0.4630
12385.7000 0.4631
12391.6000 0.4633
12392.5000 0.4634
12395.4000 0.4635
12399.1000 0.4636
12402.7000 0.4638
12425.4000 0.4639
12434.9000 0.4640
12439.6000 0.4641
12440.7000 0.4643
12442.1000 0.4644
12447.6000 0.4645
12451.7000 0.4646
12454.6000 0.4648
12477.3000 0.4649
12478.8000 0.4650
12481.5000 0.4652
12484.5000 0.4653
12488.0000 0.4654
12502.9000 0.4655
12504.8000 0.4657
12505.8000 0.4658
12509.1000 0.4659
12509.7000 0.4660
12530.2000 0.4662
12533.7000 0.4663
12539.1000 0.4664
12539.4000 0.4665
12557.1000 0.4667
12558.5000 0.4668
12563.3000 0.4669
12567.4000 0.4670
12581.5000 0.4672
12583.9000 0.4673
12586.9000 0.4674
12593.6000 0.4676
12595.2000 0.4677
12595.4000 0.4678
12599.5000 0.4679
12619.2000 0.4681
12629.4000 0.4682
12631.2000 0.4683
12633.3000 0.4684
12635.4000 0.4686
12640.2000 0.4687
12647.4000 0.4688
12660.5000 0.4689
12664.1000 0.4691
12672.8000 0.4692
12683.2000 0.4693
12684.4000 0.4694
12696.7000 0.4696
12710.5000 0.4697
12718.6000 0.4698
12739.8000 0.4699
12756.7000 0.4701
12759.9000 0.4702
12773.1000 0.4703
12774.8000 0.4705
12780.3000 0.4706
12828.6000 0.4707
12835.0000 0.4708
12836.4000 0.4710
12853.4000 0.4711
12857.6000 0.4712
12858.9000 0.4713
12864.1000 0.4715
12871.0000 0.4716
12881.0000 0.4717
12881.3000 0.4718
12893.9000 0.4720
12903.1000 0.4721
12910.6000 0.4722
12917.2000 0.4723
12928.5000 0.4725
12929.5000 0.4726
12929.8000 0.4727
12935.9000 0.4729
12939.2000 0.4730
12945.2000 0.4731
12956.2000 0.4732
12956.2000 0.4734
12956.6000 0.4735
12968.0000 0.4736
12969.2000 0.4737
12978.2000 0.4739
12980.2000 0.4740
12981.1000 0.4741
12981.3000 0.4742
12987.7000 0.4744
12988.9000 0.4745
12990.7000 0.4746
12994.7000 0.4747
12995.1000 0.4749
13002.7000 0.4750
13003.2000 0.4751
13008.2000 0.4753
13025.8000 0.4754
13028.1000 0.4755
13038.7000 0.4756
13048.5000 0.4758
13054.3000 0.4759
13067.7000 0.4760
13079.6000 0.4761
13081.5000 0.4763
13086.1000 0.4764
13086.5000 0.4765
13092.8000 0.4766
13109.6000 0.4768
13111.0000 0.4769
13125.1000 0.4770
13139.4000 0.4771
13144.5000 0.4773
13144.6000 0.4774
13149.1000 0.4775
13152.6000 0.4777
13154.0000 0.4778
13154.5000 0.4779
13155.3000 0.4780
13156.3000 0.4782
13157.9000 0.4783
13160.9000 0.4784
13162.4000 0.4785
13169.8000 0.4787
13171.1000 0.4788
13184.0000 0.4789
13188.7000 0.4790
13193.0000 0.4792
13194.6000 0.4793
13197.0000 0.4794
13216.5000 0.4795
13217.9000 0.4797
13218.5000 0.4798
13219.1000 0.4799
13229.2000 0.4801
13229.8000 0.4802
13235.1000 0.4803
13254.1000 0.4804
13262.6000 0.4806
13266.6000 0.4807
13267.2000 0.4808
13267.8000 0.4809
13272.6000 0.4811
13275.9000 0.4812
13284.0000 0.4813
13286.3000 0.4814
13286.7000 0.4816
13300.9000 0.4817
13304.6000 0.4818
13306.1000 0.4819
13326.4000 0.4821
13329.8000 0.4822
13332.2000 0.4823
13332.3000 0.4824
13337.9000 0.4826
13338.1000 0.4827
13340.3000 0.4828
13344.6000 0.4830
13345.9000 0.4831
13354.3000 0.4832
13354.4000 0.4833
13364.3000 0.4835
13370.0000 0.4836
13382.9000 0.4837
13386.2000 0.4838
13386.9000 0.4840
13391.4000 0.4841
13396.6000 0.4842
13409.5000 0.4843
13410.0000 0.4845
13426.5000 0.4846
13435.5000 0.4847
13447.0000 0.4848
13461.4000 0.4850
13490.3000 0.4851
13508.4000 0.4852
13524.4000 0.4854
13526.8000 0.4855
13531.3000 0.4856
13534.0000 0.4857
13555.5000 0.4859
13560.9000 0.4860
13582.6000 0.4861
13587.6000 0.4862
13591.7000 0.4864
13596.3000 0.4865
13600.4000 0.4866
13607.1000 0.4867
13618.6000 0.4869
13625.3000 0.4870
13625.3000 0.4871
13638.2000 0.4872
13640.0000 0.4874
13658.3000 0.4875
13694.3000 0.4876
13700.9000 0.4878
13706.9000 0.4879
13726.6000 0.4880
13737.5000 0.4881
13755.0000 0.4883
13757.0000 0.4884
13763.6000 0.4885
13789.9000 0.4886
13791.4000 0.4888
13793.1000 0.4889
13802.7000 0.4890
13828.6000 0.4891
13837.0000 0.4893
13838.6000 0.4894
13840.7000 0.4895
13854.3000 0.4896
13858.8000 0.4898
13863.1000 0.4899
13863.2000 0.4900
13866.3000 0.4902
13867.4000 0.4903
13873.3000 0.4904
13873.6000 0.4905
13877.3000 0.4907
13884.5000 0.4908
13885.5000 0.4909
13903.0000 0.4910
13904.7000 0.4912
13927.6000 0.4913
13933.7000 0.4914
13935.4000 0.4915
13937.5000 0.4917
13945.3000 0.4918
13958.5000 0.4919
13960.2000 0.4920
13963.9000 0.4922
13964.9000 0.4923
13984.2000 0.4924
13986.2000 0.4926
14000.5000 0.4927
14004.8000 0.4928
14011.3000 0.4929
14013.7000 0.4931
14017.5000 0.4932
14019.5000 0.4933
14029.8000 0.4934
14030.0000 0.4936
14032.8000 0.4937
14036.5000 0.4938
14038.4000 0.4939
14039.0000 0.4941
14042.5000 0.4942
14052.6000 0.4943
14053.6000 0.4944
14055.4000 0.4946
14057.3000 0.4947
14069.4000 0.4948
14073.4000 0.4949
14082.9000 0.4951
14085.4000 0.4952
14089.3000 0.4953
14093.3000 0.4955
14093.6000 0.4956
14102.5000 0.4957
14106.3000 0.4958
14116.4000 0.4960
14120.4000 0.4961
14120.5000 0.4962
14121.9000 0.4963
14127.1000 0.4965
14135.2000 0.4966
14138.3000 0.4967
14140.4000 0.4968
14150.8000 0.4970
14152.6000 0.4971
14156.1000 0.4972
14165.3000 0.4973
14173.2000 0.4975
14183.7000 0.4976
14188.3000 0.4977
14191.4000 0.4979
14196.7000 0.4980
14198.7000 0.4981
14199.4000 0.4982
14219.5000 0.4984
14236.4000 0.4985
14238.5000 0.4986
14242.1000 0.4987
14245.7000 0.4989
14248.8000 0.4990
14279.4000 0.4991
14289.0000 0.4992
14290.5000 0.4994
14292.3000 0.4995
14296.7000 0.4996
14296.8000 0.4997
14298.7000 0.4999
14300.6000 0.5000
14300.7000 0.5001
14301.5000 0.5003
14312.7000 0.5004
14313.9000 0.5005
14321.7000 0.5006
14327.9000 0.5008
14337.3000 0.5009
14339.5000 0.5010
14359.5000 0.5011
14369.9000 0.5013
14380.0000 0.5014
14390.3000 0.5015
14391.9000 0.5016
14395.0000 0.5018
14402.5000 0.5019
14407.1000 0.5020
14413.4000 0.5021
14413.7000 0.5023
14427.5000 0.5024
14430.5000 0.5025
14442.8000 0.5027
14444.7000 0.5028
14470.0000 0.5029
14476.0000 0.5030
14479.1000 0.5032
14485.4000 0.5033
14485.7000 0.5034
14490.8000 0.5035
14492.1000 0.5037
14494.9000 0.5038
14502.9000 0.5039
14509.6000 0.5040
14545.4000 0.5042
14569.5000 0.5043
14577.1000 0.5044
14578.0000 0.5045
14580.8000 0.5047
14586.5000 0.5048
14587.9000 0.5049
14593.0000 0.5051
14593.5000 0.5052
14594.7000 0.5053
14604.5000 0.5054
14605.2000 0.5056
14613.3000 0.5057
14616.3000 0.5058
14619.6000 0.5059
14627.7000 0.5061
14640.3000 0.5062
14646.0000 0.5063
14656.5000 0.5064
14663.5000 0.5066
14665.1000 0.5067
14671.8000 0.5068
14673.7000 0.5069
14673.8000 0.5071
14686.9000 0.5072
14687.3000 0.5073
14687.8000 0.5074
14689.3000 0.5076
14697.2000 0.5077
14710.9000 0.5078
14713.0000 0.5080
14715.8000 0.5081
14721.4000 0.5082
14722.8000 0.5083
14725.2000 0.5085
14729.3000 0.5086
14729.6000 0.5087
14735.8000 0.5088
14738.5000 0.5090
14758.1000 0.5091
14773.3000 0.5092
14790.4000 0.5093
14796.9000 0.5095
14797.7000 0.5096
14810.7000 0.5097
14829.8000 0.5098
14831.9000 0.5100
14832.2000 0.5101
14834.4000 0.5102
14839.8000 0.5104
14844.0000 0.5105
14845.7000 0.5106
14851.7000 0.5107
14853.5000 0.5109
14875.7000 0.5110
14880.3000 0.5111
14880.6000 0.5112
14884.5000 0.5114
14898.4000 0.5115
14911.3000 0.5116
14920.3000 0.5117
14934.3000 0.5119
14939.0000 0.5120
14941.4000 0.5121
14958.6000 0.5122
14977.5000 0.5124
14978.3000 0.5125
14978.6000 0.5126
14987.5000 0.5128
14996.2000 0.5129
15003.2000 0.5130
15014.9000 0.5131
15032.8000 0.5133
15038.4000 0.5134
15048.2000 0.5135
15048.5000 0.5136
15051.2000 0.5138
15062.2000 0.5139
15085.7000 0.5140
15090.5000 0.5141
15111.2000 0.5143
15114.6000 0.5144
15125.3000 0.5145
15161.7000 0.5146
15168.3000 0.5148
15171.2000 0.5149
15179.3000 0.5150
15184.5000 0.5152
15190.8000 0.5153
15197.1000 0.5154
15198.5000 0.5155
15203.6000 0.5157
15204.7000 0.5158
15206.0000 0.5159
15215.6000 0.5160
15217.4000 0.5162
15221.4000 0.5163
15224.0000 0.5164
15226.9000 0.5165
15228.3000 0.5167
15232.0000 0.5168
15233.4000 0.5169
15268.7000 0.5170
15272.6000 0.5172
15276.8000 0.5173
15280.3000 0.5174
15290.7000 0.5176
15293.7000 0.5177
15300.5000 0.5178
15306.7000 0.5179
15308.8000 0.5181
15313.7000 0.5182
15318.8000 0.5183
15329.7000 0.5184
15332.7000 0.5186
15339.2000 0.5187
15343.0000 0.5188
15349.1000 0.5189
15373.7000 0.5191
15379.9000 0.5192
15404.2000 0.5193
15407.2000 0.5194
15414.9000 0.5196
15432.8000 0.5197
15434.0000 0.5198
15436.1000 0.5199
15438.5000 0.5201
15449.7000 0.5202
15460.9000 0.5203
15462.6000 0.5205
15463.7000 0.5206
15470.7000 0.5207
15482.1000 0.5208
15485.4000 0.5210
15488.4000 0.5211
15494.4000 0.5212
15505.4000 0.5213
15518.4000 0.5215
15519.0000 0.5216
15519.5000 0.5217
15522.9000 0.5218
15537.2000 0.5220
15549.3000 0.5221
15553.2000 0.5222
15563.4000 0.5223
15564.5000 0.5225
15586.7000 0.5226
15588.4000 0.5227
15591.9000 0.5229
15591.9000 0.5230
15599.5000 0.5231
15609.2000 0.5232
15609.5000 0.5234
15610.8000 0.5235
15630.1000 0.5236
15634.0000 0.5237
15634.4000 0.5239
15636.7000 0.5240
15643.1000 0.5241
15647.9000 0.5242
15649.4000 0.5244
15652.9000 0.5245
15658.4000 0.5246
15660.6000 0.5247
15661.1000 0.5249
15663.2000 0.5250
15679.3000 0.5251
15686.3000 0.5253
15687.0000 0.5254
15687.7000 0.5255
15696.2000 0.5256
15697.9000 0.5258
15706.5000 0.5259
15715.2000 0.5260
15717.7000 0.5261
15718.0000 0.5263
15722.1000 0.5264
15725.9000 0.5265
15726.4000 0.5266
15733.1000 0.5268
15734.6000 0.5269
15741.5000 0.5270
15746.3000 0.5271
15750.7000 0.5273
15751.6000 0.5274
15760.1000 0.5275
15768.4000 0.5277
15769.1000 0.5278
15773.4000 0.5279
15781.9000 0.5280
15784.1000 0.5282
15788.7000 0.5283
15791.0000 0.5284
15791.2000 0.5285
15795.9000 0.5287
15797.4000 0.5288
15804.8000 0.5289
15813.6000 0.5290
15817.2000 0.5292
15820.8000 0.5293
15826.4000 0.5294
15843.0000 0.5295
15843.5000 0.5297
15847.5000 0.5298
15886.6000 0.5299
15888.4000 0.5301
15895.8000 0.5302
15897.4000 0.5303
15904.0000 0.5304
15904.4000 0.5306
15905.7000 0.5307
15923.4000 0.5308
15924.6000 0.5309
15929.4000 0.5311
15941.8000 0.5312
15947.3000 0.5313
15948.5000 0.5314
15950.7000 0.5316
15963.5000 0.5317
15964.0000 0.5318
15967.7000 0.5319
15972.8000 0.5321
15973.6000 0.5322
15974.2000 0.5323
15974.5000 0.5324
15977.3000 0.5326
15985.1000 0.5327
15987.4000 0.5328
15994.6000 0.5330
16008.1000 0.5331
16024.9000 0.5332
16026.2000 0.5333
16033.1000 0.5335
16035.2000 0.5336
16046.9000 0.5337
16061.0000 0.5338
16062.3000 0.5340
16070.6000 0.5341
16071.5000 0.5342
16074.9000 0.5343
16077.4000 0.5345
16084.9000 0.5346
16113.9000 0.5347
16118.5000 0.5348
16123.3000 0.5350
16125.3000 0.5351
16143.4000 0.5352
16146.2000 0.5354
16149.9000 0.5355
16150.1000 0.5356
16150.3000 0.5357
16150.6000 0.5359
16151.1000 0.5360
16160.8000 0.5361
16167.5000 0.5362
16178.8000 0.5364
16193.0000 0.5365
16220.0000 0.5366
16221.9000 0.5367
16222.0000 0.5369
16245.3000 0.5370
16246.9000 0.5371
16250.8000 0.5372
16252.9000 0.5374
16256.8000 0.5375
16259.6000 0.5376
16264.0000 0.5378
16266.1000 0.5379
16286.0000 0.5380
16299.1000 0.5381
16300.7000 0.5383
16331.3000 0.5384
16340.6000 0.5385
16349.0000 0.5386
16352.0000 0.5388
16388.4000 0.5389
16395.5000 0.5390
16398.7000 0.5391
16405.5000 0.5393
16410.4000 0.5394
16419.9000 0.5395
16421.9000 0.5396
16425.3000 0.5398
16434.6000 0.5399
16442.4000 0.5400
16445.2000 0.5402
16446.3000 0.5403
16447.5000 0.5404
16458.6000 0.5405
16462.7000 0.5407
16483.6000 0.5408
16499.7000 0.5409
16508.4000 0.5410
16517.4000 0.5412
16522.4000 0.5413
16530.9000 0.5414
16532.1000 0.5415
16535.7000 0.5417
16537.3000 0.5418
16539.6000 0.5419
16539.9000 0.5420
16569.0000 0.5422
16578.4000 0.5423
16591.1000 0.5424
16593.3000 0.5426
16598.8000 0.5427
16598.9000 0.5428
16603.9000 0.5429
16608.4000 0.5431
16610.2000 0.5432
16612.6000 0.5433
16621.2000 0.5434
16624.0000 0.5436
16628.0000 0.5437
16649.0000 0.5438
16650.3000 0.5439
16650.9000 0.5441
16665.9000 0.5442
16670.5000 0.5443
16674.8000 0.5444
16675.9000 0.5446
16706.9000 0.5447
16709.6000 0.5448
16712.5000 0.5449
16714.8000 0.5451
16722.6000 0.5452
16734.9000 0.5453
16736.2000 0.5455
16736.4000 0.5456
16743.3000 0.5457
16754.1000 0.5458
16781.5000 0.5460
16782.5000 0.5461
16785.9000 0.5462
16816.5000 0.5463
16836.4000 0.5465
16842.9000 0.5466
16846.7000 0.5467
16859.5000 0.5468
16870.5000 0.5470
16891.5000 0.5471
16891.8000 0.5472
16897.1000 0.5473
16899.9000 0.5475
16906.3000 0.5476
16919.4000 0.5477
16920.4000 0.5479
16929.5000 0.5480
16935.4000 0.5481
16949.2000 0.5482
16949.6000 0.5484
16975.7000 0.5485
16982.5000 0.5486
16982.9000 0.5487
16990.5000 0.5489
16993.8000 0.5490
16998.4000 0.5491
17011.6000 0.5492
17019.7000 0.5494
17037.7000 0.5495
17043.8000 0.5496
17063.1000 0.5497
17069.9000 0.5499
17079.4000 0.5500
17089.4000 0.5501
17094.3000 0.5503
17099.7000 0.5504
17100.1000 0.5505
17101.3000 0.5506
17110.4000 0.5508
17117.9000 0.5509
17118.0000 0.5510
17118.7000 0.5511
17118.9000 0.5513
17131.3000 0.5514
17132.4000 0.5515
17133.4000 0.5516
17142.3000 0.5518
17144.7000 0.5519
17147.5000 0.5520
17155.4000 0.5521
17155.9000 0.5523
17164.5000 0.5524
17170.6000 0.5525
17178.5000 0.5527
17185.9000 0.5528
17188.7000 0.5529
17190.3000 0.5530
17191.5000 0.5532
17199.3000 0.5533
17204.2000 0.5534
17204.5000 0.5535
17216.5000 0.5537
17223.8000 0.5538
17230.7000 0.5539
17231.8000 0.5540
17234.3000 0.5542
17235.6000 0.5543
17238.2000 0.5544
17245.5000 0.5545
17256.3000 0.5547
17257.8000 0.5548
17264.1000 0.5549
17267.5000 0.5551
17271.6000 0.5552
17274.8000 0.5553
17280.7000 0.5554
17291.2000 0.5556
17291.6000 0.5557
17313.5000 0.5558
17322.0000 0.5559
17323.4000 0.5561
17328.7000 0.5562
17334.6000 0.5563
17343.7000 0.5564
17350.1000 0.5566
17361.4000 0.5567
17366.5000 0.5568
17371.5000 0.5569
17379.1000 0.5571
17380.4000 0.5572
17384.3000 0.5573
17400.9000 0.5574
17402.1000 0.5576
17404.8000 0.5577
17405.9000 0.5578
17406.9000 0.5580
17407.2000 0.5581
17414.9000 0.5582
17427.3000 0.5583
17428.4000 0.5585
17442.0000 0.5586
17443.2000 0.5587
17448.4000 0.5588
17452.2000 0.5590
17458.7000 0.5591
17458.7000 0.5592
17462.2000 0.5593
17466.6000 0.5595
17467.3000 0.5596
17473.2000 0.5597
17481.5000 0.5598
17483.7000 0.5600
17488.8000 0.5601
17504.3000 0.5602
17508.6000 0.5604
17519.9000 0.5605
17533.5000 0.5606
17538.9000 0.5607
17539.6000 0.5609
17546.4000 0.5610
17546.6000 0.5611
17552.6000 0.5612
17553.0000 0.5614
17560.0000 0.5615
17565.1000 0.5616
17594.5000 0.5617
17606.3000 0.5619
17622.6000 0.5620
17623.0000 0.5621
17624.9000 0.5622
17639.7000 0.5624
17655.9000 0.5625
17657.8000 0.5626
17670.5000 0.5628
17673.4000 0.5629
17684.7000 0.5630
17691.0000 0.5631
17691.1000 0.5633
17693.6000 0.5634
17701.6000 0.5635
17710.1000 0.5636
17722.7000 0.5638
17725.4000 0.5639
17742.2000 0.5640
17754.1000 0.5641
17755.5000 0.5643
17755.9000 0.5644
17757.2000 0.5645
17768.6000 0.5646
17775.5000 0.5648
17779.7000 0.5649
17786.9000 0.5650
17795.7000 0.5652
17797.3000 0.5653
17814.5000 0.5654
17844.5000 0.5655
17846.2000 0.5657
17870.0000 0.5658
17874.0000 0.5659
17886.4000 0.5660
17908.1000 0.5662
17915.6000 0.5663
17917.5000 0.5664
17927.3000 0.5665
17931.4000 0.5667
17934.8000 0.5668
17944.4000 0.5669
17945.9000 0.5670
17959.0000 0.5672
17963.6000 0.5673
17979.8000 0.5674
17993.5000 0.5676
18019.7000 0.5677
18021.2000 0.5678
18035.2000 0.5679
18040.5000 0.5681
18048.6000 0.5682
18061.5000 0.5683
18067.7000 0.5684
18082.5000 0.5686
18083.7000 0.5687
18092.3000 0.5688
18107.1000 0.5689
18118.2000 0.5691
18119.4000 0.5692
18124.2000 0.5693
18142.4000 0.5694
18158.5000 0.5696
18162.0000 0.5697
18171.4000 0.5698
18174.5000 0.5699
18195.6000 0.5701
18208.0000 0.5702
18223.5000 0.5703
18226.6000 0.5705
18230.5000 0.5706
18245.6000 0.5707
18252.1000 0.5708
18253.2000 0.5710
18276.4000 0.5711
18285.4000 0.5712
18292.8000 0.5713
18296.9000 0.5715
18297.5000 0.5716
18302.8000 0.5717
18311.5000 0.5718
18317.3000 0.5720
18323.3000 0.5721
18334.8000 0.5722
18340.0000 0.5723
18369.3000 0.5725
18372.1000 0.5726
18391.7000 0.5727
18406.7000 0.5729
18410.1000 0.5730
18428.5000 0.5731
18440.3000 0.5732
18447.8000 0.5734
18453.8000 0.5735
18469.5000 0.5736
18474.2000 0.5737
18488.8000 0.5739
18520.8000 0.5740
18533.0000 0.5741
18547.8000 0.5742
18557.0000 0.5744
18581.0000 0.5745
18584.5000 0.5746
18599.0000 0.5747
18601.2000 0.5749
18606.5000 0.5750
18613.0000 0.5751
18634.2000 0.5753
18647.3000 0.5754
18648.2000 0.5755
18649.2000 0.5756
18671.2000 0.5758
18696.6000 0.5759
18700.7000 0.5760
18704.2000 0.5761
18717.6000 0.5763
18737.0000 0.5764
18738.5000 0.5765
18738.6000 0.5766
18747.1000 0.5768
18762.5000 0.5769
18768.1000 0.5770
18801.7000 0.5771
18805.6000 0.5773
18808.6000 0.5774
18809.5000 0.5775
18811.0000 0.5777
18821.6000 0.5778
18823.8000 0.5779
18834.4000 0.5780
18841.0000 0.5782
18846.7000 0.5783
18848.5000 0.5784
18848.7000 0.5785
18858.3000 0.5787
18860.4000 0.5788
18865.9000 0.5789
18880.9000 0.5790
18932.1000 0.5792
18947.7000 0.5793
18948.6000 0.5794
18963.7000 0.5795
18963.9000 0.5797
18966.6000 0.5798
18993.4000 0.5799
19008.2000 0.5801
19016.2000 0.5802
19019.0000 0.5803
19021.7000 0.5804
19054.2000 0.5806
19073.5000 0.5807
19083.1000 0.5808
19112.8000 0.5809
19117.6000 0.5811
19120.2000 0.5812
19176.6000 0.5813
19212.5000 0.5814
19213.0000 0.5816
19249.6000 0.5817
19254.4000 0.5818
19292.5000 0.5819
19297.6000 0.5821
19309.4000 0.5822
19312.7000 0.5823
19328.5000 0.5824
19328.7000 0.5826
19336.7000 0.5827
19365.2000 0.5828
19369.3000 0.5830
19370.7000 0.5831
19389.3000 0.5832
19397.6000 0.5833
19408.8000 0.5835
19411.8000 0.5836
19417.7000 0.5837
19424.5000 0.5838
19446.7000 0.5840
19446.9000 0.5841
19447.1000 0.5842
19451.0000 0.5843
19467.5000 0.5845
19479.7000 0.5846
19486.7000 0.5847
19494.8000 0.5848
19496.4000 0.5850
19502.2000 0.5851
19511.2000 0.5852
19511.2000 0.5854
19519.4000 0.5855
19527.7000 0.5856
19529.7000 0.5857
19535.6000 0.5859
19535.9000 0.5860
19537.9000 0.5861
19541.0000 0.5862
19548.9000 0.5864
19561.3000 0.5865
19564.1000 0.5866
19567.2000 0.5867
19588.0000 0.5869
19589.5000 0.5870
19608.5000 0.5871
19634.1000 0.5872
19661.4000 0.5874
19669.5000 0.5875
19690.1000 0.5876
19707.4000 0.5878
19722.6000 0.5879
19729.7000 0.5880
19730.4000 0.5881
19738.4000 0.5883
19767.6000 0.5884
19784.3000 0.5885
19785.6000 0.5886
19791.2000 0.5888
19792.4000 0.5889
19803.7000 0.5890
19811.5000 0.5891
19815.3000 0.5893
19850.0000 0.5894
19870.4000 0.5895
19871.9000 0.5896
19873.5000 0.5898
19878.1000 0.5899
19898.4000 0.5900
19900.5000 0.5902
19906.7000 0.5903
19912.6000 0.5904
19913.2000 0.5905
19935.3000 0.5907
19964.1000 0.5908
20014.3000 0.5909
20054.0000 0.5910
20065.6000 0.5912
20069.6000 0.5913
20070.3000 0.5914
20081.9000 0.5915
20097.6000 0.5917
20098.8000 0.5918
20108.1000 0.5919
20117.0000 0.5920
20148.7000 0.5922
20172.1000 0.5923
20176.3000 0.5924
20182.9000 0.5926
20197.6000 0.5927
20197.7000 0.5928
20218.5000 0.5929
20221.9000 0.5931
20222.8000 0.5932
20230.4000 0.5933
20249.4000 0.5934
20280.7000 0.5936
20285.7000 0.5937
20288.9000 0.5938
20294.2000 0.5939
20321.0000 0.5941
20327.9000 0.5942
20329.6000 0.5943
20343.7000 0.5944
20356.0000 0.5946
20356.3000 0.5947
20372.8000 0.5948
20373.1000 0.5949
20376.9000 0.5951
20377.5000 0.5952
20380.1000 0.5953
20403.3000 0.5955
20407.6000 0.5956
20428.2000 0.5957
20430.0000 0.5958
20446.5000 0.5960
20476.0000 0.5961
20495.6000 0.5962
20503.8000 0.5963
20512.8000 0.5965
20534.2000 0.5966
20534.5000 0.5967
20538.1000 0.5968
20545.6000 0.5970
20554.7000 0.5971
20556.4000 0.5972
20557.5000 0.5973
20562.8000 0.5975
20572.7000 0.5976
20578.0000 0.5977
20598.8000 0.5979
20603.8000 0.5980
20623.5000 0.5981
20624.9000 0.5982
20634.0000 0.5984
20646.2000 0.5985
20653.0000 0.5986
20656.6000 0.5987
20663.7000 0.5989
20666.4000 0.5990
20676.8000 0.5991
20689.2000 0.5992
20698.8000 0.5994
20699.6000 0.5995
20707.4000 0.5996
20730.1000 0.5997
20735.4000 0.5999
20749.0000 0.6000
20776.6000 0.6001
20804.3000 0.6003
20806.4000 0.6004
20815.5000 0.6005
20815.6000 0.6006
20827.1000 0.6008
20846.5000 0.6009
20847.5000 0.6010
20848.5000 0.6011
20853.4000 0.6013
20864.0000 0.6014
20872.2000 0.6015
20880.0000 0.6016
20891.9000 0.6018
20894.8000 0.6019
20991.0000 0.6020
21013.5000 0.6021
21030.0000 0.6023
21031.5000 0.6024
21037.0000 0.6025
21037.7000 0.6027
21059.2000 0.6028
21066.2000 0.6029
21072.7000 0.6030
21088.6000 0.6032
21098.5000 0.6033
21101.8000 0.6034
21102.8000 0.6035
21109.8000 0.6037
21159.1000 0.6038
21166.7000 0.6039
21180.6000 0.6040
21181.8000 0.6042
21196.4000 0.6043
21201.8000 0.6044
21219.1000 0.6045
21221.2000 0.6047
21254.4000 0.6048
21265.7000 0.6049
21273.1000 0.6051
21274.7000 0.6052
21275.9000 0.6053
21297.9000 0.6054
21301.2000 0.6056
21319.2000 0.6057
21353.0000 0.6058
21363.2000 0.6059
21364.4000 0.6061
21378.0000 0.6062
21386.5000 0.6063
21390.1000 0.6064
21406.7000 0.6066
21407.7000 0.6067
21427.7000 0.6068
21438.2000 0.6069
21440.8000 0.6071
21458.2000 0.6072
21467.5000 0.6073
21493.4000 0.6074
21500.3000 0.6076
21523.1000 0.6077
21568.4000 0.6078
21580.2000 0.6080
21603.5000 0.6081
21608.5000 0.6082
21608.7000 0.6083
21613.7000 0.6085
21625.3000 0.6086
21631.1000 0.6087
21646.5000 0.6088
21653.5000 0.6090
21659.8000 0.6091
21727.2000 0.6092
21736.2000 0.6093
21756.7000 0.6095
21778.1000 0.6096
21795.2000 0.6097
21830.4000 0.6098
21837.1000 0.6100
21843.9000 0.6101
21866.9000 0.6102
21872.7000 0.6104
21879.2000 0.6105
21892.5000 0.6106
21911.9000 0.6107
21922.2000 0.6109
21925.4000 0.6110
21961.8000 0.6111
22033.9000 0.6112
22078.8000 0.6114
22080.8000 0.6115
22095.5000 0.6116
22114.4000 0.6117
22128.8000 0.6119
22176.5000 0.6120
22196.8000 0.6121
22227.9000 0.6122
22229.8000 0.6124
22231.4000 0.6125
22233.5000 0.6126
22244.5000 0.6128
22251.7000 0.6129
22253.7000 0.6130
22269.2000 0.6131
22280.5000 0.6133
22307.4000 0.6134
22314.1000 0.6135
22344.2000 0.6136
22344.8000 0.6138
22355.3000 0.6139
22364.5000 0.6140
22391.6000 0.6141
22397.2000 0.6143
22437.9000 0.6144
22445.1000 0.6145
22451.6000 0.6146
22485.5000 0.6148
22497.5000 0.6149
22498.7000 0.6150
22558.4000 0.6152
22560.9000 0.6153
22590.1000 0.6154
22622.1000 0.6155
22644.4000 0.6157
22653.6000 0.6158
22654.3000 0.6159
22680.1000 0.6160
22683.5000 0.6162
22699.7000 0.6163
22711.1000 0.6164
22712.8000 0.6165
22755.3000 0.6167
22791.5000 0.6168
22795.4000 0.6169
22799.3000 0.6170
22824.5000 0.6172
22854.1000 0.6173
22862.9000 0.6174
22863.3000 0.6176
22867.0000 0.6177
22872.5000 0.6178
22873.2000 0.6179
22880.2000 0.6181
22903.9000 0.6182
22943.3000 0.6183
22947.2000 0.6184
22960.7000 0.6186
22965.7000 0.6187
22970.8000 0.6188
22988.5000 0.6189
23028.4000 0.6191
23091.9000 0.6192
23117.8000 0.6193
23121.5000 0.6194
23161.4000 0.6196
23164.2000 0.6197
23174.9000 0.6198
23181.6000 0.6199
23209.7000 0.6201
23212.5000 0.6202
23284.5000 0.6203
23322.9000 0.6205
23329.4000 0.6206
23340.5000 0.6207
23345.5000 0.6208
23352.5000 0.6210
23359.4000 0.6211
23367.3000 0.6212
23439.9000 0.6213
23461.7000 0.6215
23478.2000 0.6216
23481.4000 0.6217
23531.0000 0.6218
23559.1000 0.6220
23570.4000 0.6221
23578.9000 0.6222
23610.5000 0.6223
23659.8000 0.6225
23728.6000 0.6226
23768.1000 0.6227
23803.7000 0.6229
23820.4000 0.6230
23827.5000 0.6231
23835.8000 0.6232
23839.9000 0.6234
23844.6000 0.6235
23848.8000 0.6236
23855.6000 0.6237
23874.5000 0.6239
23897.9000 0.6240
23898.5000 0.6241
23928.7000 0.6242
