# messageDelay  cumulativeProbability
5.0000 0.0000
5.0000 0.0001
5.0000 0.0001
5.0000 0.0001
5.0000 0.0002
5.0000 0.0002
5.0000 0.0002
5.0000 0.0003
5.0000 0.0003
5.0000 0.0003
5.0000 0.0004
5.0000 0.0004
5.0000 0.0005
5.0000 0.0005
5.0000 0.0005
5.0000 0.0006
5.0000 0.0006
5.0000 0.0006
5.0000 0.0007
5.0000 0.0007
5.0000 0.0007
5.0000 0.0008
5.0000 0.0008
5.0000 0.0008
5.0000 0.0009
5.0000 0.0009
5.0000 0.0009
5.0000 0.0010
5.0000 0.0010
5.0000 0.0010
5.0000 0.0011
5.0000 0.0011
5.0000 0.0011
5.0000 0.0012
5.0000 0.0012
5.0000 0.0013
5.0000 0.0013
5.0000 0.0013
5.0000 0.0014
5.0000 0.0014
5.0000 0.0014
5.0000 0.0015
5.0000 0.0015
5.0000 0.0015
5.0000 0.0016
5.0000 0.0016
5.0000 0.0016
5.0000 0.0017
5.0000 0.0017
5.0000 0.0017
5.0000 0.0018
5.0000 0.0018
5.0000 0.0018
5.0000 0.0019
5.0000 0.0019
5.0000 0.0019
5.0000 0.0020
5.0000 0.0020
5.0000 0.0020
5.0000 0.0021
5.0000 0.0021
5.0000 0.0022
5.0000 0.0022
5.0000 0.0022
5.0000 0.0023
5.0000 0.0023
5.0000 0.0023
5.0000 0.0024
5.0000 0.0024
5.0000 0.0024
5.0000 0.0025
5.0000 0.0025
5.1000 0.0025
5.2000 0.0026
5.5000 0.0026
5.6000 0.0026
5.9000 0.0027
6.0000 0.0027
6.0000 0.0027
6.0000 0.0028
6.0000 0.0028
6.0000 0.0028
6.2000 0.0029
6.4000 0.0029
6.7000 0.0030
6.7000 0.0030
7.0000 0.0030
7.0000 0.0031
7.0000 0.0031
7.0000 0.0031
7.0000 0.0032
7.0000 0.0032
7.6000 0.0032
7.7000 0.0033
8.0000 0.0033
8.0000 0.0033
8.0000 0.0034
8.0000 0.0034
8.0000 0.0034
8.6000 0.0035
8.7000 0.0035
9.0000 0.0035
9.0000 0.0036
9.0000 0.0036
9.0000 0.0036
9.5000 0.0037
9.6000 0.0037
9.8000 0.0037
9.9000 0.0038
10.0000 0.0038
10.0000 0.0039
10.0000 0.0039
10.0000 0.0039
10.0000 0.0040
10.0000 0.0040
10.0000 0.0040
11.0000 0.0041
12.0000 0.0041
13.0000 0.0041
14.1000 0.0042
14.3000 0.0042
15.2000 0.0042
16.2000 0.0043
16.2000 0.0043
18.0000 0.0043
22.9000 0.0044
26.3000 0.0044
27.0000 0.0044
31.4000 0.0045
32.3000 0.0045
37.3000 0.0045
38.3000 0.0046
43.0000 0.0046
45.5000 0.0047
52.6000 0.0047
80.1000 0.0047
84.2000 0.0048
95.5000 0.0048
111.5000 0.0048
114.9000 0.0049
125.0000 0.0049
141.3000 0.0049
224.5000 0.0050
226.0000 0.0050
235.3000 0.0050
243.1000 0.0051
248.6000 0.0051
252.8000 0.0051
254.1000 0.0052
266.7000 0.0052
267.3000 0.0052
293.7000 0.0053
296.2000 0.0053
301.9000 0.0053
305.1000 0.0054
325.6000 0.0054
328.1000 0.0055
330.1000 0.0055
350.3000 0.0055
354.0000 0.0056
358.0000 0.0056
365.3000 0.0056
381.4000 0.0057
391.7000 0.0057
399.7000 0.0057
400.1000 0.0058
404.4000 0.0058
406.7000 0.0058
412.6000 0.0059
412.9000 0.0059
427.4000 0.0059
428.6000 0.0060
429.3000 0.0060
434.9000 0.0060
441.8000 0.0061
441.9000 0.0061
443.2000 0.0061
455.6000 0.0062
456.6000 0.0062
458.8000 0.0063
464.4000 0.0063
464.8000 0.0063
466.2000 0.0064
466.9000 0.0064
473.6000 0.0064
481.0000 0.0065
483.0000 0.0065
484.7000 0.0065
485.0000 0.0066
488.6000 0.0066
491.3000 0.0066
497.4000 0.0067
501.0000 0.0067
508.4000 0.0067
511.2000 0.0068
526.2000 0.0068
528.5000 0.0068
541.0000 0.0069
545.3000 0.0069
567.3000 0.0069
569.0000 0.0070
576.9000 0.0070
581.0000 0.0070
589.6000 0.0071
601.2000 0.0071
602.2000 0.0072
604.6000 0.0072
611.0000 0.0072
615.6000 0.0073
615.7000 0.0073
616.3000 0.0073
617.5000 0.0074
618.9000 0.0074
625.5000 0.0074
629.4000 0.0075
631.2000 0.0075
634.3000 0.0075
636.7000 0.0076
637.3000 0.0076
639.6000 0.0076
641.8000 0.0077
645.6000 0.0077
653.5000 0.0077
657.2000 0.0078
658.7000 0.0078
663.6000 0.0078
664.4000 0.0079
670.0000 0.0079
683.1000 0.0080
683.6000 0.0080
694.8000 0.0080
695.2000 0.0081
695.5000 0.0081
696.0000 0.0081
697.0000 0.0082
700.4000 0.0082
701.5000 0.0082
711.2000 0.0083
711.6000 0.0083
713.0000 0.0083
715.6000 0.0084
718.7000 0.0084
723.4000 0.0084
732.1000 0.0085
733.6000 0.0085
735.2000 0.0085
735.8000 0.0086
735.9000 0.0086
736.2000 0.0086
740.8000 0.0087
743.1000 0.0087
747.1000 0.0088
757.0000 0.0088
765.4000 0.0088
765.7000 0.0089
772.0000 0.0089
772.6000 0.0089
776.4000 0.0090
777.4000 0.0090
778.2000 0.0090
786.0000 0.0091
789.0000 0.0091
795.9000 0.0091
797.4000 0.0092
803.0000 0.0092
805.5000 0.0092
806.3000 0.0093
809.3000 0.0093
813.6000 0.0093
814.0000 0.0094
816.5000 0.0094
822.1000 0.0094
822.2000 0.0095
831.3000 0.0095
831.4000 0.0095
837.8000 0.0096
840.2000 0.0096
843.1000 0.0097
845.4000 0.0097
848.6000 0.0097
853.0000 0.0098
854.2000 0.0098
857.1000 0.0098
857.4000 0.0099
860.2000 0.0099
860.7000 0.0099
863.8000 0.0100
872.6000 0.0100
875.7000 0.0100
884.2000 0.0101
886.2000 0.0101
889.0000 0.0101
891.3000 0.0102
896.2000 0.0102
901.1000 0.0102
905.0000 0.0103
906.6000 0.0103
907.2000 0.0103
909.0000 0.0104
909.8000 0.0104
914.6000 0.0105
915.3000 0.0105
916.0000 0.0105
917.7000 0.0106
920.4000 0.0106
929.7000 0.0106
930.3000 0.0107
932.3000 0.0107
934.8000 0.0107
955.6000 0.0108
957.7000 0.0108
961.0000 0.0108
965.9000 0.0109
971.2000 0.0109
971.8000 0.0109
977.5000 0.0110
978.1000 0.0110
982.8000 0.0110
987.9000 0.0111
988.0000 0.0111
993.3000 0.0111
995.6000 0.0112
995.6000 0.0112
998.3000 0.0113
999.3000 0.0113
999.7000 0.0113
1004.2000 0.0114
1004.3000 0.0114
1006.8000 0.0114
1008.0000 0.0115
1012.4000 0.0115
1013.8000 0.0115
1014.6000 0.0116
1017.0000 0.0116
1017.2000 0.0116
1017.2000 0.0117
1026.0000 0.0117
1029.8000 0.0117
1030.6000 0.0118
1035.4000 0.0118
1035.4000 0.0118
1039.4000 0.0119
1045.7000 0.0119
1051.0000 0.0119
1052.3000 0.0120
1058.1000 0.0120
1062.1000 0.0120
1074.0000 0.0121
1076.8000 0.0121
1088.0000 0.0122
1088.6000 0.0122
1091.0000 0.0122
1091.4000 0.0123
1094.4000 0.0123
1095.6000 0.0123
1098.9000 0.0124
1100.0000 0.0124
1101.6000 0.0124
1103.4000 0.0125
1114.8000 0.0125
1117.7000 0.0125
1121.5000 0.0126
1122.8000 0.0126
1122.8000 0.0126
1124.5000 0.0127
1126.2000 0.0127
1129.1000 0.0127
1130.0000 0.0128
1130.8000 0.0128
1142.1000 0.0128
1146.8000 0.0129
1147.3000 0.0129
1150.0000 0.0130
1150.5000 0.0130
1157.1000 0.0130
1158.0000 0.0131
1159.7000 0.0131
1160.6000 0.0131
1162.9000 0.0132
1167.8000 0.0132
1168.1000 0.0132
1172.1000 0.0133
1173.0000 0.0133
1176.4000 0.0133
1178.2000 0.0134
1186.2000 0.0134
1190.5000 0.0134
1194.0000 0.0135
1194.2000 0.0135
1198.0000 0.0135
1205.0000 0.0136
1210.0000 0.0136
1211.7000 0.0136
1213.3000 0.0137
1216.8000 0.0137
1217.4000 0.0138
1218.8000 0.0138
1219.7000 0.0138
1221.1000 0.0139
1221.2000 0.0139
1224.6000 0.0139
1226.4000 0.0140
1231.6000 0.0140
1231.6000 0.0140
1233.3000 0.0141
1235.6000 0.0141
1237.6000 0.0141
1242.4000 0.0142
1242.8000 0.0142
1244.0000 0.0142
1246.4000 0.0143
1248.6000 0.0143
1248.7000 0.0143
1251.5000 0.0144
1256.5000 0.0144
1259.7000 0.0144
1259.8000 0.0145
1268.0000 0.0145
1268.4000 0.0145
1273.9000 0.0146
1275.7000 0.0146
1278.0000 0.0147
1279.3000 0.0147
1280.6000 0.0147
1284.4000 0.0148
1284.7000 0.0148
1285.2000 0.0148
1286.6000 0.0149
1290.2000 0.0149
1291.2000 0.0149
1291.3000 0.0150
1291.6000 0.0150
1291.9000 0.0150
1292.0000 0.0151
1303.3000 0.0151
1304.5000 0.0151
1305.3000 0.0152
1307.6000 0.0152
1308.3000 0.0152
1308.6000 0.0153
1310.8000 0.0153
1322.5000 0.0153
1322.6000 0.0154
1324.1000 0.0154
1324.7000 0.0155
1325.6000 0.0155
1326.5000 0.0155
1329.5000 0.0156
1342.5000 0.0156
1346.0000 0.0156
1346.2000 0.0157
1347.0000 0.0157
1348.4000 0.0157
1352.7000 0.0158
1356.0000 0.0158
1356.3000 0.0158
1366.5000 0.0159
1371.8000 0.0159
1378.4000 0.0159
1379.5000 0.0160
1380.8000 0.0160
1382.5000 0.0160
1383.1000 0.0161
1391.5000 0.0161
1392.2000 0.0161
1395.4000 0.0162
1396.5000 0.0162
1402.3000 0.0163
1403.3000 0.0163
1406.7000 0.0163
1408.3000 0.0164
1408.5000 0.0164
1414.5000 0.0164
1415.1000 0.0165
1418.1000 0.0165
1420.5000 0.0165
1425.2000 0.0166
1427.8000 0.0166
1428.6000 0.0166
1433.9000 0.0167
1440.4000 0.0167
1456.5000 0.0167
1457.9000 0.0168
1458.7000 0.0168
1459.2000 0.0168
1467.6000 0.0169
1468.2000 0.0169
1468.2000 0.0169
1473.5000 0.0170
1476.8000 0.0170
1478.9000 0.0170
1479.9000 0.0171
1481.2000 0.0171
1492.8000 0.0172
1494.8000 0.0172
1496.9000 0.0172
1498.9000 0.0173
1500.0000 0.0173
1502.5000 0.0173
1504.3000 0.0174
1511.4000 0.0174
1513.0000 0.0174
1518.0000 0.0175
1518.3000 0.0175
1521.6000 0.0175
1522.7000 0.0176
1523.5000 0.0176
1532.9000 0.0176
1539.2000 0.0177
1540.2000 0.0177
1544.6000 0.0177
1547.7000 0.0178
1552.8000 0.0178
1556.8000 0.0178
1561.8000 0.0179
1572.6000 0.0179
1573.8000 0.0180
1574.4000 0.0180
1575.8000 0.0180
1576.7000 0.0181
1579.2000 0.0181
1579.3000 0.0181
1583.3000 0.0182
1602.3000 0.0182
1604.8000 0.0182
1605.1000 0.0183
1606.0000 0.0183
1606.3000 0.0183
1609.8000 0.0184
1618.4000 0.0184
1620.3000 0.0184
1620.3000 0.0185
1620.5000 0.0185
1621.0000 0.0185
1621.5000 0.0186
1627.1000 0.0186
1636.0000 0.0186
1645.3000 0.0187
1648.2000 0.0187
1653.2000 0.0187
1662.0000 0.0188
1663.8000 0.0188
1666.4000 0.0189
1667.9000 0.0189
1668.0000 0.0189
1677.0000 0.0190
1683.2000 0.0190
1683.5000 0.0190
1683.6000 0.0191
1685.9000 0.0191
1692.0000 0.0191
1695.0000 0.0192
1696.2000 0.0192
1697.3000 0.0192
1698.5000 0.0193
1698.6000 0.0193
1698.8000 0.0193
1700.8000 0.0194
1706.4000 0.0194
1709.4000 0.0194
1711.8000 0.0195
1712.0000 0.0195
1713.9000 0.0195
1715.9000 0.0196
1717.6000 0.0196
1718.1000 0.0197
1719.0000 0.0197
1720.3000 0.0197
1721.5000 0.0198
1724.5000 0.0198
1728.8000 0.0198
1729.1000 0.0199
1731.3000 0.0199
1735.2000 0.0199
1735.3000 0.0200
1740.4000 0.0200
1740.5000 0.0200
1741.8000 0.0201
1742.1000 0.0201
1748.1000 0.0201
1756.6000 0.0202
1758.5000 0.0202
1759.9000 0.0202
1760.2000 0.0203
1760.3000 0.0203
1762.4000 0.0203
1770.7000 0.0204
1772.3000 0.0204
1780.8000 0.0205
1788.2000 0.0205
1788.3000 0.0205
1789.7000 0.0206
1793.8000 0.0206
1801.0000 0.0206
1803.8000 0.0207
1804.2000 0.0207
1807.8000 0.0207
1808.4000 0.0208
1812.7000 0.0208
1813.8000 0.0208
1814.8000 0.0209
1815.3000 0.0209
1818.5000 0.0209
1823.4000 0.0210
1823.9000 0.0210
1827.5000 0.0210
1830.0000 0.0211
1830.4000 0.0211
1830.6000 0.0211
1831.9000 0.0212
1832.5000 0.0212
1833.1000 0.0212
1838.1000 0.0213
1840.1000 0.0213
1841.3000 0.0214
1843.4000 0.0214
1846.7000 0.0214
1849.1000 0.0215
1858.4000 0.0215
1860.3000 0.0215
1863.3000 0.0216
1865.1000 0.0216
1866.8000 0.0216
1871.0000 0.0217
1872.9000 0.0217
1878.5000 0.0217
1879.7000 0.0218
1881.0000 0.0218
1883.5000 0.0218
1888.6000 0.0219
1898.5000 0.0219
1900.7000 0.0219
1901.5000 0.0220
1902.8000 0.0220
1904.4000 0.0220
1907.6000 0.0221
1915.8000 0.0221
1918.2000 0.0222
1918.6000 0.0222
1918.7000 0.0222
1919.0000 0.0223
1920.6000 0.0223
1927.0000 0.0223
1938.3000 0.0224
1938.8000 0.0224
1952.1000 0.0224
1956.2000 0.0225
1956.6000 0.0225
1959.4000 0.0225
1961.1000 0.0226
1964.2000 0.0226
1966.8000 0.0226
1973.8000 0.0227
1974.4000 0.0227
1978.8000 0.0227
1982.0000 0.0228
1982.3000 0.0228
1985.7000 0.0228
1988.6000 0.0229
1990.1000 0.0229
1990.2000 0.0230
1994.6000 0.0230
1997.4000 0.0230
1999.5000 0.0231
2008.1000 0.0231
2008.5000 0.0231
2011.3000 0.0232
2013.9000 0.0232
2015.7000 0.0232
2016.4000 0.0233
2020.4000 0.0233
2022.3000 0.0233
2023.9000 0.0234
2025.0000 0.0234
2040.9000 0.0234
2043.1000 0.0235
2044.0000 0.0235
2049.8000 0.0235
2050.0000 0.0236
2050.8000 0.0236
2051.3000 0.0236
2052.7000 0.0237
2053.1000 0.0237
2054.4000 0.0237
2055.6000 0.0238
2055.6000 0.0238
2060.7000 0.0239
2062.4000 0.0239
2063.3000 0.0239
2063.7000 0.0240
2064.1000 0.0240
2067.1000 0.0240
2067.5000 0.0241
2072.5000 0.0241
2078.2000 0.0241
2078.7000 0.0242
2084.0000 0.0242
2085.0000 0.0242
2086.3000 0.0243
2088.8000 0.0243
2089.5000 0.0243
2092.1000 0.0244
2098.1000 0.0244
2099.4000 0.0244
2099.7000 0.0245
2104.3000 0.0245
2106.4000 0.0245
2108.5000 0.0246
2109.3000 0.0246
2114.4000 0.0247
2120.0000 0.0247
2122.8000 0.0247
2132.2000 0.0248
2132.8000 0.0248
2133.5000 0.0248
2136.7000 0.0249
2137.6000 0.0249
2138.0000 0.0249
2141.9000 0.0250
2143.3000 0.0250
2145.1000 0.0250
2145.6000 0.0251
2148.4000 0.0251
2149.8000 0.0251
2154.1000 0.0252
2166.8000 0.0252
2169.3000 0.0252
2169.8000 0.0253
2172.1000 0.0253
2174.5000 0.0253
2177.1000 0.0254
2185.5000 0.0254
2186.4000 0.0255
2189.2000 0.0255
2191.0000 0.0255
2200.6000 0.0256
2205.7000 0.0256
2208.7000 0.0256
2209.8000 0.0257
2211.3000 0.0257
2214.9000 0.0257
2217.9000 0.0258
2224.0000 0.0258
2229.1000 0.0258
2229.9000 0.0259
2243.8000 0.0259
2243.9000 0.0259
2245.2000 0.0260
2253.6000 0.0260
2256.3000 0.0260
2256.5000 0.0261
2256.6000 0.0261
2262.3000 0.0261
2268.7000 0.0262
2269.2000 0.0262
2271.4000 0.0262
2272.8000 0.0263
2272.9000 0.0263
2273.5000 0.0264
2275.4000 0.0264
2284.3000 0.0264
2287.1000 0.0265
2287.4000 0.0265
2287.5000 0.0265
2289.2000 0.0266
2296.1000 0.0266
2296.5000 0.0266
2302.3000 0.0267
2307.7000 0.0267
2309.4000 0.0267
2314.4000 0.0268
2316.2000 0.0268
2324.3000 0.0268
2327.5000 0.0269
2330.6000 0.0269
2331.0000 0.0269
2336.2000 0.0270
2348.4000 0.0270
2351.4000 0.0270
2354.1000 0.0271
2356.7000 0.0271
2362.2000 0.0272
2362.5000 0.0272
2364.1000 0.0272
2366.3000 0.0273
2368.2000 0.0273
2372.2000 0.0273
2376.5000 0.0274
2380.8000 0.0274
2381.0000 0.0274
2381.2000 0.0275
2387.5000 0.0275
2394.8000 0.0275
2395.1000 0.0276
2401.5000 0.0276
2402.0000 0.0276
2413.4000 0.0277
2415.5000 0.0277
2417.6000 0.0277
2425.8000 0.0278
2431.1000 0.0278
2431.7000 0.0278
2434.1000 0.0279
2434.3000 0.0279
2435.7000 0.0280
2439.0000 0.0280
2449.4000 0.0280
2455.3000 0.0281
2461.6000 0.0281
2465.6000 0.0281
2474.5000 0.0282
2475.3000 0.0282
2477.6000 0.0282
2478.1000 0.0283
2483.7000 0.0283
2484.5000 0.0283
2490.1000 0.0284
2493.1000 0.0284
2495.3000 0.0284
2504.3000 0.0285
2506.2000 0.0285
2513.0000 0.0285
2523.8000 0.0286
2526.5000 0.0286
2529.5000 0.0286
2532.4000 0.0287
2535.6000 0.0287
2539.0000 0.0287
2540.0000 0.0288
2552.0000 0.0288
2558.9000 0.0289
2568.7000 0.0289
2569.5000 0.0289
2573.2000 0.0290
2575.9000 0.0290
2587.3000 0.0290
2588.7000 0.0291
2597.1000 0.0291
2598.8000 0.0291
2612.2000 0.0292
2615.3000 0.0292
2616.6000 0.0292
2622.1000 0.0293
2626.8000 0.0293
2628.6000 0.0293
2641.4000 0.0294
2651.3000 0.0294
2653.1000 0.0294
2654.4000 0.0295
2661.2000 0.0295
2670.6000 0.0295
2671.7000 0.0296
2672.8000 0.0296
2678.5000 0.0297
2683.1000 0.0297
2683.2000 0.0297
2685.7000 0.0298
2688.5000 0.0298
2691.5000 0.0298
2692.8000 0.0299
2694.9000 0.0299
2701.8000 0.0299
2703.9000 0.0300
2705.3000 0.0300
2707.9000 0.0300
2711.0000 0.0301
2719.7000 0.0301
2725.6000 0.0301
2731.9000 0.0302
2732.5000 0.0302
2737.2000 0.0302
2740.6000 0.0303
2743.0000 0.0303
2747.2000 0.0303
2748.1000 0.0304
2756.9000 0.0304
2758.2000 0.0305
2760.3000 0.0305
2763.2000 0.0305
2766.9000 0.0306
2774.6000 0.0306
2783.7000 0.0306
2790.8000 0.0307
2794.1000 0.0307
2797.6000 0.0307
2802.6000 0.0308
2806.1000 0.0308
2806.3000 0.0308
2807.3000 0.0309
2807.9000 0.0309
2809.1000 0.0309
2812.8000 0.0310
2832.0000 0.0310
2840.6000 0.0310
2841.3000 0.0311
2845.4000 0.0311
2846.0000 0.0311
2859.9000 0.0312
2865.0000 0.0312
2869.1000 0.0312
2869.7000 0.0313
2879.4000 0.0313
2887.6000 0.0314
2888.8000 0.0314
2890.3000 0.0314
2895.5000 0.0315
2896.3000 0.0315
2896.8000 0.0315
2903.7000 0.0316
2905.6000 0.0316
2922.7000 0.0316
2926.6000 0.0317
2928.1000 0.0317
2933.6000 0.0317
2939.6000 0.0318
2939.6000 0.0318
2941.9000 0.0318
2942.6000 0.0319
2946.5000 0.0319
2948.6000 0.0319
2950.6000 0.0320
2953.3000 0.0320
2953.9000 0.0320
2960.6000 0.0321
2962.6000 0.0321
2963.4000 0.0322
2965.4000 0.0322
2967.2000 0.0322
2973.7000 0.0323
2980.2000 0.0323
2980.6000 0.0323
2982.4000 0.0324
2987.2000 0.0324
2994.4000 0.0324
2997.2000 0.0325
2998.5000 0.0325
3001.1000 0.0325
3003.8000 0.0326
3003.8000 0.0326
3004.5000 0.0326
3008.6000 0.0327
3010.0000 0.0327
3010.0000 0.0327
3010.4000 0.0328
3014.9000 0.0328
3031.0000 0.0328
3033.6000 0.0329
3036.0000 0.0329
3041.4000 0.0330
3045.6000 0.0330
3046.5000 0.0330
3049.8000 0.0331
3053.0000 0.0331
3054.3000 0.0331
3056.1000 0.0332
3059.7000 0.0332
3060.2000 0.0332
3062.2000 0.0333
3062.8000 0.0333
3062.8000 0.0333
3065.1000 0.0334
3068.6000 0.0334
3078.6000 0.0334
3079.8000 0.0335
3090.7000 0.0335
3108.0000 0.0335
3108.3000 0.0336
3108.8000 0.0336
3109.8000 0.0336
3121.6000 0.0337
3123.4000 0.0337
3124.6000 0.0337
3125.7000 0.0338
3125.9000 0.0338
3127.9000 0.0339
3128.0000 0.0339
3131.2000 0.0339
3134.0000 0.0340
3137.5000 0.0340
3141.9000 0.0340
3143.0000 0.0341
3144.1000 0.0341
3144.7000 0.0341
3147.6000 0.0342
3148.0000 0.0342
3148.6000 0.0342
3150.5000 0.0343
3151.6000 0.0343
3153.3000 0.0343
3162.3000 0.0344
3164.0000 0.0344
3164.8000 0.0344
3164.9000 0.0345
3174.1000 0.0345
3174.2000 0.0345
3176.2000 0.0346
3177.6000 0.0346
3182.3000 0.0347
3182.6000 0.0347
3191.8000 0.0347
3191.9000 0.0348
3196.8000 0.0348
3202.0000 0.0348
3214.1000 0.0349
3217.1000 0.0349
3217.3000 0.0349
3220.8000 0.0350
3221.4000 0.0350
3229.6000 0.0350
3230.7000 0.0351
3233.1000 0.0351
3237.3000 0.0351
3246.0000 0.0352
3253.7000 0.0352
3261.0000 0.0352
3262.8000 0.0353
3275.8000 0.0353
3276.9000 0.0353
3277.2000 0.0354
3278.5000 0.0354
3283.0000 0.0355
3283.2000 0.0355
3283.8000 0.0355
3285.6000 0.0356
3292.4000 0.0356
3301.5000 0.0356
3302.8000 0.0357
3303.1000 0.0357
3303.6000 0.0357
3305.0000 0.0358
3306.5000 0.0358
3308.2000 0.0358
3311.5000 0.0359
3314.5000 0.0359
3319.3000 0.0359
3323.0000 0.0360
3324.9000 0.0360
3330.1000 0.0360
3336.3000 0.0361
3336.6000 0.0361
3337.1000 0.0361
3349.8000 0.0362
3357.1000 0.0362
3358.8000 0.0362
3363.5000 0.0363
3371.6000 0.0363
3374.1000 0.0364
3383.2000 0.0364
3386.6000 0.0364
3393.2000 0.0365
3393.8000 0.0365
3394.8000 0.0365
3395.3000 0.0366
3395.9000 0.0366
3396.5000 0.0366
3407.4000 0.0367
3409.1000 0.0367
3409.6000 0.0367
3412.7000 0.0368
3412.8000 0.0368
3420.0000 0.0368
3428.2000 0.0369
3431.6000 0.0369
3433.7000 0.0369
3438.4000 0.0370
3450.7000 0.0370
3451.2000 0.0370
3452.6000 0.0371
3456.0000 0.0371
3466.2000 0.0372
3467.4000 0.0372
3479.9000 0.0372
3499.4000 0.0373
3525.0000 0.0373
3525.1000 0.0373
3525.9000 0.0374
3527.3000 0.0374
3529.5000 0.0374
3531.7000 0.0375
3534.3000 0.0375
3538.4000 0.0375
3541.9000 0.0376
3544.5000 0.0376
3547.2000 0.0376
3549.2000 0.0377
3556.8000 0.0377
3559.3000 0.0377
3567.7000 0.0378
3574.6000 0.0378
3574.8000 0.0378
3581.6000 0.0379
3583.7000 0.0379
3586.0000 0.0380
3589.5000 0.0380
3590.2000 0.0380
3593.6000 0.0381
3601.5000 0.0381
3604.6000 0.0381
3617.0000 0.0382
3618.3000 0.0382
3625.7000 0.0382
3629.1000 0.0383
3629.8000 0.0383
3630.3000 0.0383
3635.3000 0.0384
3636.8000 0.0384
3638.3000 0.0384
3639.4000 0.0385
3640.6000 0.0385
3651.2000 0.0385
3652.4000 0.0386
3656.2000 0.0386
3657.2000 0.0386
3660.9000 0.0387
3666.0000 0.0387
3666.5000 0.0387
3666.8000 0.0388
3666.8000 0.0388
3675.9000 0.0389
3689.2000 0.0389
3690.7000 0.0389
3691.0000 0.0390
3692.1000 0.0390
3697.6000 0.0390
3700.2000 0.0391
3720.0000 0.0391
3723.7000 0.0391
3723.9000 0.0392
3725.2000 0.0392
3731.0000 0.0392
3736.1000 0.0393
3737.8000 0.0393
3739.2000 0.0393
3739.3000 0.0394
3740.0000 0.0394
3742.4000 0.0394
3742.5000 0.0395
3755.2000 0.0395
3760.0000 0.0395
3761.0000 0.0396
3762.6000 0.0396
3772.7000 0.0397
3775.7000 0.0397
3788.0000 0.0397
3788.7000 0.0398
3792.7000 0.0398
3794.6000 0.0398
3797.2000 0.0399
3800.6000 0.0399
3802.9000 0.0399
3806.9000 0.0400
3808.8000 0.0400
3814.8000 0.0400
3815.0000 0.0401
3816.6000 0.0401
3817.9000 0.0401
3824.1000 0.0402
3827.0000 0.0402
3831.2000 0.0402
3831.4000 0.0403
3831.4000 0.0403
3834.2000 0.0403
3841.5000 0.0404
3843.2000 0.0404
3846.1000 0.0405
3850.2000 0.0405
3851.9000 0.0405
3852.0000 0.0406
3855.1000 0.0406
3857.1000 0.0406
3857.2000 0.0407
3859.7000 0.0407
3861.7000 0.0407
3870.3000 0.0408
3873.0000 0.0408
3875.1000 0.0408
3877.6000 0.0409
3879.3000 0.0409
3884.7000 0.0409
3887.4000 0.0410
3892.7000 0.0410
3896.5000 0.0410
3901.8000 0.0411
3903.3000 0.0411
3909.2000 0.0411
3911.0000 0.0412
3911.1000 0.0412
3917.0000 0.0412
3920.7000 0.0413
3924.0000 0.0413
3925.7000 0.0414
3933.2000 0.0414
3944.7000 0.0414
3947.7000 0.0415
3950.7000 0.0415
3951.3000 0.0415
3956.0000 0.0416
3958.6000 0.0416
3960.9000 0.0416
3962.0000 0.0417
3965.3000 0.0417
3965.3000 0.0417
3969.6000 0.0418
3970.6000 0.0418
3971.2000 0.0418
3975.7000 0.0419
3983.4000 0.0419
3987.4000 0.0419
3990.7000 0.0420
3991.1000 0.0420
3991.7000 0.0420
3994.6000 0.0421
3994.7000 0.0421
4006.0000 0.0422
4019.3000 0.0422
4019.7000 0.0422
4026.5000 0.0423
4037.0000 0.0423
4048.2000 0.0423
4048.7000 0.0424
4049.7000 0.0424
4050.3000 0.0424
4059.6000 0.0425
4064.8000 0.0425
4067.0000 0.0425
4075.7000 0.0426
4080.1000 0.0426
4081.1000 0.0426
4081.3000 0.0427
4081.9000 0.0427
4083.9000 0.0427
4085.7000 0.0428
4094.1000 0.0428
4095.1000 0.0428
4097.1000 0.0429
4097.5000 0.0429
4110.6000 0.0430
4113.8000 0.0430
4117.8000 0.0430
4118.6000 0.0431
4119.8000 0.0431
4122.3000 0.0431
4123.4000 0.0432
4123.6000 0.0432
4126.1000 0.0432
4127.0000 0.0433
4128.2000 0.0433
4128.3000 0.0433
4140.9000 0.0434
4143.4000 0.0434
4147.7000 0.0434
4150.2000 0.0435
4152.5000 0.0435
4154.4000 0.0435
4180.6000 0.0436
4181.4000 0.0436
4183.6000 0.0436
4183.7000 0.0437
4184.7000 0.0437
4188.1000 0.0437
4190.2000 0.0438
4198.4000 0.0438
4199.3000 0.0439
4200.1000 0.0439
4211.2000 0.0439
4215.6000 0.0440
4216.4000 0.0440
4224.5000 0.0440
4226.4000 0.0441
4226.6000 0.0441
4241.0000 0.0441
4245.9000 0.0442
4249.6000 0.0442
4256.3000 0.0442
4261.2000 0.0443
4266.6000 0.0443
4276.9000 0.0443
4278.7000 0.0444
4286.9000 0.0444
4287.2000 0.0444
4287.5000 0.0445
4288.0000 0.0445
4288.6000 0.0445
4290.9000 0.0446
4295.5000 0.0446
4297.8000 0.0447
4298.7000 0.0447
4302.6000 0.0447
4309.6000 0.0448
4311.9000 0.0448
4317.0000 0.0448
4320.3000 0.0449
4324.2000 0.0449
4324.3000 0.0449
4325.7000 0.0450
4330.0000 0.0450
4331.4000 0.0450
4334.0000 0.0451
4334.5000 0.0451
4336.0000 0.0451
4348.3000 0.0452
4351.0000 0.0452
4354.9000 0.0452
4360.7000 0.0453
4362.6000 0.0453
4365.4000 0.0453
4370.9000 0.0454
4373.8000 0.0454
4374.3000 0.0455
4378.8000 0.0455
4381.0000 0.0455
4393.3000 0.0456
4397.8000 0.0456
4398.3000 0.0456
4410.1000 0.0457
4418.2000 0.0457
4421.3000 0.0457
4427.7000 0.0458
4434.0000 0.0458
4434.8000 0.0458
4436.3000 0.0459
4438.4000 0.0459
4438.9000 0.0459
4440.6000 0.0460
4445.3000 0.0460
4446.1000 0.0460
4446.9000 0.0461
4450.5000 0.0461
4451.4000 0.0461
4451.8000 0.0462
4451.9000 0.0462
4452.2000 0.0462
4455.6000 0.0463
4463.2000 0.0463
4466.8000 0.0464
4467.4000 0.0464
4475.4000 0.0464
4486.9000 0.0465
4494.4000 0.0465
4510.9000 0.0465
4515.4000 0.0466
4516.4000 0.0466
4517.9000 0.0466
4519.4000 0.0467
4520.2000 0.0467
4527.6000 0.0467
4529.1000 0.0468
4531.6000 0.0468
4538.0000 0.0468
4538.0000 0.0469
4541.5000 0.0469
4542.2000 0.0469
4547.0000 0.0470
4547.7000 0.0470
4548.2000 0.0470
4557.8000 0.0471
4566.7000 0.0471
4582.2000 0.0472
4588.5000 0.0472
4596.4000 0.0472
4597.3000 0.0473
4601.0000 0.0473
4611.7000 0.0473
4616.6000 0.0474
4619.4000 0.0474
4626.3000 0.0474
4630.4000 0.0475
4632.4000 0.0475
4632.7000 0.0475
4635.7000 0.0476
4638.7000 0.0476
4645.9000 0.0476
4648.2000 0.0477
4655.8000 0.0477
4657.6000 0.0477
4665.0000 0.0478
4666.0000 0.0478
4683.7000 0.0478
4690.3000 0.0479
4692.8000 0.0479
4704.9000 0.0480
4706.5000 0.0480
4713.6000 0.0480
4718.2000 0.0481
4729.4000 0.0481
4732.0000 0.0481
4734.2000 0.0482
4742.8000 0.0482
4750.4000 0.0482
4756.4000 0.0483
4770.7000 0.0483
4781.5000 0.0483
4789.3000 0.0484
4792.6000 0.0484
4796.5000 0.0484
4805.1000 0.0485
4811.8000 0.0485
4813.6000 0.0485
4816.6000 0.0486
4822.8000 0.0486
4828.9000 0.0486
4839.6000 0.0487
4844.3000 0.0487
4849.3000 0.0487
4854.0000 0.0488
4859.3000 0.0488
4862.7000 0.0489
4869.3000 0.0489
4884.1000 0.0489
4895.3000 0.0490
4901.1000 0.0490
4902.3000 0.0490
4902.7000 0.0491
4905.6000 0.0491
4907.4000 0.0491
4920.3000 0.0492
4920.7000 0.0492
4924.9000 0.0492
4934.3000 0.0493
4939.5000 0.0493
4941.9000 0.0493
4944.4000 0.0494
4950.8000 0.0494
4961.7000 0.0494
4966.7000 0.0495
4969.2000 0.0495
4970.5000 0.0495
4972.8000 0.0496
4982.4000 0.0496
4993.6000 0.0497
4994.7000 0.0497
4995.0000 0.0497
5006.4000 0.0498
5018.5000 0.0498
5024.2000 0.0498
5028.1000 0.0499
5029.6000 0.0499
5044.0000 0.0499
5055.0000 0.0500
5060.2000 0.0500
5062.6000 0.0500
5063.8000 0.0501
5065.7000 0.0501
5066.0000 0.0501
5069.8000 0.0502
5074.6000 0.0502
5079.6000 0.0502
5084.2000 0.0503
5096.7000 0.0503
5098.6000 0.0503
5106.5000 0.0504
5117.1000 0.0504
5120.9000 0.0505
5121.8000 0.0505
5122.9000 0.0505
5126.7000 0.0506
5127.4000 0.0506
5128.3000 0.0506
5131.0000 0.0507
5132.9000 0.0507
5134.8000 0.0507
5135.0000 0.0508
5141.8000 0.0508
5145.1000 0.0508
5145.8000 0.0509
5152.7000 0.0509
5159.4000 0.0509
5163.0000 0.0510
5169.0000 0.0510
5170.9000 0.0510
5174.4000 0.0511
5180.9000 0.0511
5182.8000 0.0511
5185.0000 0.0512
5187.3000 0.0512
5193.6000 0.0512
5193.8000 0.0513
5199.7000 0.0513
5203.6000 0.0514
5207.7000 0.0514
5215.6000 0.0514
5216.7000 0.0515
5230.6000 0.0515
5231.6000 0.0515
5232.2000 0.0516
5245.3000 0.0516
5249.6000 0.0516
5250.8000 0.0517
5264.0000 0.0517
5269.8000 0.0517
5271.3000 0.0518
5272.4000 0.0518
5272.6000 0.0518
5287.8000 0.0519
5293.3000 0.0519
5300.3000 0.0519
5304.0000 0.0520
5310.3000 0.0520
5313.9000 0.0520
5318.6000 0.0521
5319.5000 0.0521
5322.0000 0.0522
5323.7000 0.0522
5325.5000 0.0522
5328.5000 0.0523
5329.1000 0.0523
5333.3000 0.0523
5337.0000 0.0524
5338.3000 0.0524
5339.1000 0.0524
5340.7000 0.0525
5343.6000 0.0525
5347.9000 0.0525
5352.9000 0.0526
5354.6000 0.0526
5355.0000 0.0526
5361.6000 0.0527
5370.6000 0.0527
5372.8000 0.0527
5378.0000 0.0528
5378.5000 0.0528
5381.9000 0.0528
5386.6000 0.0529
5394.9000 0.0529
5397.0000 0.0530
5403.8000 0.0530
5405.5000 0.0530
5411.5000 0.0531
5412.4000 0.0531
5413.5000 0.0531
5414.4000 0.0532
5419.3000 0.0532
5419.8000 0.0532
5420.3000 0.0533
5421.9000 0.0533
5427.0000 0.0533
5428.0000 0.0534
5431.1000 0.0534
5438.1000 0.0534
5439.0000 0.0535
5439.5000 0.0535
5440.6000 0.0535
5442.3000 0.0536
5443.6000 0.0536
5446.1000 0.0536
5457.5000 0.0537
5459.0000 0.0537
5471.6000 0.0537
5472.6000 0.0538
5475.0000 0.0538
5478.8000 0.0539
5480.9000 0.0539
5489.0000 0.0539
5491.4000 0.0540
5503.7000 0.0540
5505.7000 0.0540
5508.6000 0.0541
5513.4000 0.0541
5517.9000 0.0541
5521.6000 0.0542
5525.6000 0.0542
5526.3000 0.0542
5553.2000 0.0543
5554.1000 0.0543
5555.0000 0.0543
5582.3000 0.0544
5583.1000 0.0544
5587.2000 0.0544
5593.9000 0.0545
5599.4000 0.0545
5606.1000 0.0545
5615.5000 0.0546
5617.9000 0.0546
5624.5000 0.0547
5625.0000 0.0547
5626.7000 0.0547
5627.3000 0.0548
5628.5000 0.0548
5631.5000 0.0548
5633.5000 0.0549
5637.7000 0.0549
5644.6000 0.0549
5646.0000 0.0550
5646.6000 0.0550
5651.0000 0.0550
5653.1000 0.0551
5666.9000 0.0551
5668.3000 0.0551
5672.3000 0.0552
5677.7000 0.0552
5682.2000 0.0552
5682.4000 0.0553
5694.5000 0.0553
5699.3000 0.0553
5702.0000 0.0554
5704.7000 0.0554
5711.4000 0.0555
5717.4000 0.0555
5729.5000 0.0555
5730.9000 0.0556
5736.2000 0.0556
5743.0000 0.0556
5751.6000 0.0557
5752.1000 0.0557
5758.4000 0.0557
5766.9000 0.0558
5778.1000 0.0558
5786.1000 0.0558
5794.0000 0.0559
5798.6000 0.0559
5801.2000 0.0559
5803.0000 0.0560
5803.4000 0.0560
5807.1000 0.0560
5807.1000 0.0561
5807.4000 0.0561
5814.1000 0.0561
5816.7000 0.0562
5822.8000 0.0562
5823.0000 0.0562
5823.4000 0.0563
5829.0000 0.0563
5838.5000 0.0564
5838.8000 0.0564
5842.5000 0.0564
5843.1000 0.0565
5844.8000 0.0565
5848.4000 0.0565
5864.4000 0.0566
5867.1000 0.0566
5868.7000 0.0566
5869.4000 0.0567
5872.3000 0.0567
5883.0000 0.0567
5885.1000 0.0568
5888.3000 0.0568
5908.5000 0.0568
5911.5000 0.0569
5914.3000 0.0569
5920.7000 0.0569
5925.1000 0.0570
5937.0000 0.0570
5942.3000 0.0570
5943.7000 0.0571
5944.1000 0.0571
5944.4000 0.0572
5945.3000 0.0572
5947.6000 0.0572
5951.3000 0.0573
5954.3000 0.0573
5958.6000 0.0573
5960.6000 0.0574
5977.1000 0.0574
5981.7000 0.0574
5983.0000 0.0575
5985.9000 0.0575
5986.5000 0.0575
5987.0000 0.0576
5987.2000 0.0576
5991.5000 0.0576
5993.8000 0.0577
6002.4000 0.0577
6005.7000 0.0577
6006.0000 0.0578
6006.4000 0.0578
6008.4000 0.0578
6008.6000 0.0579
6009.7000 0.0579
6011.2000 0.0580
6013.5000 0.0580
6021.3000 0.0580
6022.5000 0.0581
6028.1000 0.0581
6029.1000 0.0581
6030.7000 0.0582
6032.7000 0.0582
6034.3000 0.0582
6036.0000 0.0583
6038.3000 0.0583
6040.6000 0.0583
6042.9000 0.0584
6048.0000 0.0584
6053.1000 0.0584
6053.3000 0.0585
6062.8000 0.0585
6065.6000 0.0585
6066.0000 0.0586
6066.8000 0.0586
6067.6000 0.0586
6071.2000 0.0587
6072.5000 0.0587
6072.8000 0.0587
6077.3000 0.0588
6082.9000 0.0588
6085.4000 0.0589
6086.4000 0.0589
6086.8000 0.0589
6095.1000 0.0590
6130.0000 0.0590
6138.0000 0.0590
6138.8000 0.0591
6140.1000 0.0591
6146.6000 0.0591
6155.0000 0.0592
6159.9000 0.0592
6160.6000 0.0592
6165.9000 0.0593
6167.1000 0.0593
6170.5000 0.0593
6172.6000 0.0594
6175.5000 0.0594
6185.0000 0.0594
6196.5000 0.0595
6214.8000 0.0595
6219.7000 0.0595
6233.8000 0.0596
6240.4000 0.0596
6245.6000 0.0597
6252.2000 0.0597
6257.3000 0.0597
6267.3000 0.0598
6273.4000 0.0598
6273.7000 0.0598
6280.9000 0.0599
6292.9000 0.0599
6296.1000 0.0599
6298.8000 0.0600
6299.9000 0.0600
6305.6000 0.0600
6310.2000 0.0601
6321.2000 0.0601
6323.7000 0.0601
6324.2000 0.0602
6325.0000 0.0602
6333.0000 0.0602
6337.0000 0.0603
6338.5000 0.0603
6345.8000 0.0603
6347.8000 0.0604
6353.2000 0.0604
6359.4000 0.0605
6359.5000 0.0605
6361.9000 0.0605
6366.0000 0.0606
6375.7000 0.0606
6377.1000 0.0606
6384.0000 0.0607
6402.5000 0.0607
6406.8000 0.0607
6407.2000 0.0608
6408.7000 0.0608
6412.9000 0.0608
6417.6000 0.0609
6420.6000 0.0609
6423.9000 0.0609
6424.3000 0.0610
6429.1000 0.0610
6429.1000 0.0610
6431.4000 0.0611
6435.1000 0.0611
6438.5000 0.0611
6447.7000 0.0612
6449.3000 0.0612
6455.0000 0.0612
6455.5000 0.0613
6458.5000 0.0613
6466.7000 0.0614
6470.6000 0.0614
6472.1000 0.0614
6473.9000 0.0615
6475.4000 0.0615
6480.4000 0.0615
6484.1000 0.0616
6489.6000 0.0616
6489.7000 0.0616
6496.7000 0.0617
6506.0000 0.0617
6511.1000 0.0617
6515.5000 0.0618
6516.6000 0.0618
6521.0000 0.0618
6521.7000 0.0619
6522.2000 0.0619
6524.4000 0.0619
6526.8000 0.0620
6526.9000 0.0620
6534.6000 0.0620
6535.8000 0.0621
6537.2000 0.0621
6538.6000 0.0622
6539.4000 0.0622
6539.6000 0.0622
6547.6000 0.0623
6548.5000 0.0623
6548.7000 0.0623
6556.8000 0.0624
6561.3000 0.0624
6563.9000 0.0624
6567.7000 0.0625
6568.3000 0.0625
6570.6000 0.0625
6571.9000 0.0626
6572.4000 0.0626
6577.4000 0.0626
6577.7000 0.0627
6578.4000 0.0627
6593.5000 0.0627
6607.0000 0.0628
6611.7000 0.0628
6612.8000 0.0628
6619.8000 0.0629
6628.6000 0.0629
6629.5000 0.0630
6633.5000 0.0630
6641.6000 0.0630
6643.1000 0.0631
6646.6000 0.0631
6648.6000 0.0631
6656.2000 0.0632
6656.4000 0.0632
6658.3000 0.0632
6665.0000 0.0633
6665.6000 0.0633
6694.6000 0.0633
6699.3000 0.0634
6702.5000 0.0634
6708.4000 0.0634
6718.1000 0.0635
6718.8000 0.0635
6727.0000 0.0635
6736.3000 0.0636
6736.6000 0.0636
6737.0000 0.0636
6738.8000 0.0637
6741.3000 0.0637
6742.1000 0.0637
6747.2000 0.0638
6753.6000 0.0638
6782.2000 0.0639
6785.2000 0.0639
6792.2000 0.0639
6797.7000 0.0640
6798.0000 0.0640
6802.7000 0.0640
6803.4000 0.0641
6813.7000 0.0641
6820.8000 0.0641
6825.0000 0.0642
6827.2000 0.0642
6834.8000 0.0642
6836.6000 0.0643
6849.2000 0.0643
6859.0000 0.0643
6863.0000 0.0644
6863.4000 0.0644
6863.7000 0.0644
6866.2000 0.0645
6868.4000 0.0645
6879.2000 0.0645
6882.5000 0.0646
6885.9000 0.0646
6886.1000 0.0647
6888.1000 0.0647
6892.0000 0.0647
6892.1000 0.0648
6894.0000 0.0648
6900.5000 0.0648
6901.8000 0.0649
6914.1000 0.0649
6917.9000 0.0649
6921.6000 0.0650
6921.9000 0.0650
6922.2000 0.0650
6925.5000 0.0651
6926.1000 0.0651
6929.5000 0.0651
6940.0000 0.0652
6949.0000 0.0652
6967.6000 0.0652
6980.8000 0.0653
6982.6000 0.0653
6985.3000 0.0653
6985.7000 0.0654
6990.2000 0.0654
6992.0000 0.0655
7001.9000 0.0655
7008.1000 0.0655
7009.4000 0.0656
7016.0000 0.0656
7016.5000 0.0656
7032.4000 0.0657
7036.7000 0.0657
7040.0000 0.0657
7054.2000 0.0658
7057.2000 0.0658
7057.9000 0.0658
7064.8000 0.0659
7073.7000 0.0659
7074.3000 0.0659
7076.8000 0.0660
7078.3000 0.0660
7078.7000 0.0660
7080.3000 0.0661
7082.5000 0.0661
7083.1000 0.0661
7083.8000 0.0662
7084.1000 0.0662
7096.8000 0.0662
7099.6000 0.0663
7101.7000 0.0663
7102.2000 0.0664
7110.7000 0.0664
7114.1000 0.0664
7127.8000 0.0665
7129.3000 0.0665
7140.2000 0.0665
7141.1000 0.0666
7142.8000 0.0666
7148.8000 0.0666
7154.1000 0.0667
7159.7000 0.0667
7169.0000 0.0667
7173.0000 0.0668
7181.7000 0.0668
7183.2000 0.0668
7184.1000 0.0669
7200.0000 0.0669
7201.7000 0.0669
7204.4000 0.0670
7205.8000 0.0670
7213.9000 0.0670
7220.7000 0.0671
7221.1000 0.0671
7224.9000 0.0672
7233.0000 0.0672
7241.7000 0.0672
7250.1000 0.0673
7256.2000 0.0673
7261.1000 0.0673
7287.0000 0.0674
7288.4000 0.0674
7289.7000 0.0674
7299.9000 0.0675
7301.0000 0.0675
7312.5000 0.0675
7313.8000 0.0676
7318.1000 0.0676
7318.6000 0.0676
7319.3000 0.0677
7325.5000 0.0677
7337.7000 0.0677
7338.0000 0.0678
7343.6000 0.0678
7347.0000 0.0678
7354.3000 0.0679
7362.6000 0.0679
7367.6000 0.0680
7368.8000 0.0680
7370.2000 0.0680
7373.2000 0.0681
7374.3000 0.0681
7374.9000 0.0681
7379.9000 0.0682
7381.0000 0.0682
7384.6000 0.0682
7385.1000 0.0683
7391.2000 0.0683
7394.0000 0.0683
7396.6000 0.0684
7397.5000 0.0684
7409.0000 0.0684
7409.7000 0.0685
7416.3000 0.0685
7416.9000 0.0685
7417.7000 0.0686
7419.0000 0.0686
7423.0000 0.0686
7425.1000 0.0687
7432.7000 0.0687
7433.6000 0.0687
7435.1000 0.0688
7437.3000 0.0688
7438.6000 0.0689
7446.3000 0.0689
7449.9000 0.0689
7469.1000 0.0690
7473.4000 0.0690
7475.7000 0.0690
7487.8000 0.0691
7492.4000 0.0691
7493.8000 0.0691
7494.5000 0.0692
7500.6000 0.0692
7501.5000 0.0692
7502.5000 0.0693
7514.1000 0.0693
7543.7000 0.0693
7548.6000 0.0694
7550.5000 0.0694
7559.8000 0.0694
7562.8000 0.0695
7573.6000 0.0695
7578.6000 0.0695
7580.4000 0.0696
7583.3000 0.0696
7586.7000 0.0697
7591.4000 0.0697
7593.0000 0.0697
7595.7000 0.0698
7598.2000 0.0698
7602.8000 0.0698
7611.6000 0.0699
7614.7000 0.0699
7626.5000 0.0699
7641.0000 0.0700
7642.6000 0.0700
7643.9000 0.0700
7647.4000 0.0701
7668.7000 0.0701
7680.4000 0.0701
7682.0000 0.0702
7686.5000 0.0702
7692.6000 0.0702
7696.3000 0.0703
7704.5000 0.0703
7707.1000 0.0703
7724.5000 0.0704
7727.6000 0.0704
7729.6000 0.0705
7738.6000 0.0705
7739.9000 0.0705
7741.3000 0.0706
7747.6000 0.0706
7748.3000 0.0706
7755.3000 0.0707
7756.1000 0.0707
7763.7000 0.0707
7764.4000 0.0708
7765.4000 0.0708
7769.4000 0.0708
7805.5000 0.0709
7806.2000 0.0709
7821.7000 0.0709
7822.0000 0.0710
7824.1000 0.0710
7834.3000 0.0710
7843.0000 0.0711
7844.5000 0.0711
7844.9000 0.0711
7847.0000 0.0712
7848.0000 0.0712
7848.7000 0.0712
7849.3000 0.0713
7849.6000 0.0713
7852.9000 0.0714
7855.3000 0.0714
7860.7000 0.0714
7860.9000 0.0715
7861.4000 0.0715
7863.1000 0.0715
7864.4000 0.0716
7865.1000 0.0716
7866.0000 0.0716
7867.3000 0.0717
7873.0000 0.0717
7882.3000 0.0717
7883.7000 0.0718
7887.5000 0.0718
7890.7000 0.0718
7893.7000 0.0719
7896.8000 0.0719
7902.7000 0.0719
7907.7000 0.0720
7909.1000 0.0720
7912.8000 0.0720
7914.5000 0.0721
7916.5000 0.0721
7921.9000 0.0722
7924.1000 0.0722
7928.7000 0.0722
7934.6000 0.0723
7935.2000 0.0723
7950.9000 0.0723
7953.9000 0.0724
7954.9000 0.0724
7955.5000 0.0724
7956.4000 0.0725
7963.4000 0.0725
7965.7000 0.0725
7967.3000 0.0726
7984.9000 0.0726
7986.4000 0.0726
7992.8000 0.0727
7998.2000 0.0727
8002.2000 0.0727
8003.3000 0.0728
8005.9000 0.0728
8012.6000 0.0728
8024.9000 0.0729
8035.6000 0.0729
8038.1000 0.0730
8044.4000 0.0730
8058.6000 0.0730
8058.8000 0.0731
8065.0000 0.0731
8067.6000 0.0731
8067.9000 0.0732
8091.8000 0.0732
8105.2000 0.0732
8105.9000 0.0733
8109.6000 0.0733
8110.9000 0.0733
8113.0000 0.0734
8123.3000 0.0734
8125.2000 0.0734
8129.0000 0.0735
8133.9000 0.0735
8134.2000 0.0735
8138.3000 0.0736
8140.1000 0.0736
8141.3000 0.0736
8143.7000 0.0737
8144.7000 0.0737
8152.5000 0.0737
8160.3000 0.0738
8169.6000 0.0738
8172.5000 0.0739
8180.4000 0.0739
8181.9000 0.0739
8183.7000 0.0740
8185.0000 0.0740
8186.5000 0.0740
8186.6000 0.0741
8195.6000 0.0741
8197.6000 0.0741
8198.3000 0.0742
8201.5000 0.0742
8210.7000 0.0742
8225.6000 0.0743
8232.1000 0.0743
8234.8000 0.0743
8253.3000 0.0744
8253.6000 0.0744
8254.6000 0.0744
8265.8000 0.0745
8272.8000 0.0745
8273.9000 0.0745
8276.7000 0.0746
8279.4000 0.0746
8293.9000 0.0747
8295.9000 0.0747
8299.0000 0.0747
8303.0000 0.0748
8306.6000 0.0748
8307.1000 0.0748
8309.3000 0.0749
8309.5000 0.0749
8311.6000 0.0749
8316.3000 0.0750
8318.2000 0.0750
8322.7000 0.0750
8325.0000 0.0751
8329.0000 0.0751
8329.9000 0.0751
8337.6000 0.0752
8340.4000 0.0752
8345.0000 0.0752
8349.4000 0.0753
8352.6000 0.0753
8354.6000 0.0753
8361.9000 0.0754
8366.7000 0.0754
8367.9000 0.0755
8369.0000 0.0755
8372.6000 0.0755
8378.4000 0.0756
8379.0000 0.0756
8380.7000 0.0756
8393.0000 0.0757
8418.5000 0.0757
8421.9000 0.0757
8425.1000 0.0758
8425.6000 0.0758
8426.9000 0.0758
8443.6000 0.0759
8448.1000 0.0759
8448.8000 0.0759
8456.9000 0.0760
8458.0000 0.0760
8458.2000 0.0760
8458.5000 0.0761
8461.6000 0.0761
8465.9000 0.0761
8468.6000 0.0762
8472.1000 0.0762
8476.0000 0.0763
8478.1000 0.0763
8492.3000 0.0763
8493.1000 0.0764
8509.1000 0.0764
8518.8000 0.0764
8526.6000 0.0765
8536.9000 0.0765
8546.7000 0.0765
8550.1000 0.0766
8552.4000 0.0766
8555.2000 0.0766
8563.5000 0.0767
8566.4000 0.0767
8579.2000 0.0767
8586.4000 0.0768
8588.5000 0.0768
8592.9000 0.0768
8603.6000 0.0769
8604.2000 0.0769
8607.0000 0.0769
8609.9000 0.0770
8610.8000 0.0770
8611.6000 0.0770
8617.4000 0.0771
8619.6000 0.0771
8627.6000 0.0772
8632.4000 0.0772
8645.1000 0.0772
8647.4000 0.0773
8649.4000 0.0773
8652.8000 0.0773
8653.5000 0.0774
8658.7000 0.0774
8664.8000 0.0774
8671.0000 0.0775
8671.2000 0.0775
8676.4000 0.0775
8688.1000 0.0776
8689.3000 0.0776
8690.0000 0.0776
8690.6000 0.0777
8692.8000 0.0777
8695.0000 0.0777
8695.4000 0.0778
8696.3000 0.0778
8699.2000 0.0778
8702.0000 0.0779
8703.6000 0.0779
8704.4000 0.0780
8704.9000 0.0780
8706.1000 0.0780
8709.6000 0.0781
8716.6000 0.0781
8726.8000 0.0781
8727.9000 0.0782
8733.7000 0.0782
8740.3000 0.0782
8740.7000 0.0783
8743.7000 0.0783
8753.2000 0.0783
8755.4000 0.0784
8755.4000 0.0784
8759.5000 0.0784
8770.8000 0.0785
8771.8000 0.0785
8788.0000 0.0785
8788.2000 0.0786
8789.9000 0.0786
8799.3000 0.0786
8807.2000 0.0787
8809.7000 0.0787
8811.0000 0.0788
8811.8000 0.0788
8820.2000 0.0788
8832.0000 0.0789
8834.8000 0.0789
8835.6000 0.0789
8850.0000 0.0790
8858.2000 0.0790
8859.0000 0.0790
8868.7000 0.0791
8881.6000 0.0791
8897.6000 0.0791
8901.2000 0.0792
8917.0000 0.0792
8917.0000 0.0792
8920.8000 0.0793
8923.7000 0.0793
8925.3000 0.0793
8933.6000 0.0794
8936.5000 0.0794
8953.7000 0.0794
8960.6000 0.0795
8961.7000 0.0795
8964.0000 0.0795
8971.3000 0.0796
8974.4000 0.0796
8974.6000 0.0797
8975.5000 0.0797
8982.7000 0.0797
8983.2000 0.0798
8988.1000 0.0798
8989.0000 0.0798
8989.5000 0.0799
8993.9000 0.0799
8996.7000 0.0799
9009.2000 0.0800
9033.7000 0.0800
9051.7000 0.0800
9053.5000 0.0801
9054.3000 0.0801
9055.0000 0.0801
9056.7000 0.0802
9057.3000 0.0802
9061.2000 0.0802
9065.2000 0.0803
9069.1000 0.0803
9095.8000 0.0803
9098.2000 0.0804
9102.6000 0.0804
9109.2000 0.0805
9119.1000 0.0805
9139.0000 0.0805
9141.9000 0.0806
9142.6000 0.0806
9150.1000 0.0806
9152.1000 0.0807
9153.7000 0.0807
9167.7000 0.0807
9168.5000 0.0808
9171.0000 0.0808
9172.3000 0.0808
9184.8000 0.0809
9185.9000 0.0809
9187.1000 0.0809
9190.3000 0.0810
9196.9000 0.0810
9198.1000 0.0810
9200.9000 0.0811
9201.3000 0.0811
9207.3000 0.0811
9214.6000 0.0812
9235.5000 0.0812
9241.5000 0.0813
9241.6000 0.0813
9245.4000 0.0813
9259.6000 0.0814
9266.6000 0.0814
9276.6000 0.0814
9277.0000 0.0815
9285.4000 0.0815
9286.8000 0.0815
9305.5000 0.0816
9307.8000 0.0816
9324.7000 0.0816
9330.2000 0.0817
9333.5000 0.0817
9335.6000 0.0817
9340.9000 0.0818
9349.5000 0.0818
9349.7000 0.0818
9355.2000 0.0819
9355.6000 0.0819
9363.2000 0.0819
9371.4000 0.0820
9376.7000 0.0820
9378.8000 0.0820
9389.8000 0.0821
9395.3000 0.0821
9395.9000 0.0822
9400.0000 0.0822
9401.5000 0.0822
9405.6000 0.0823
9408.3000 0.0823
9415.3000 0.0823
9430.3000 0.0824
9431.8000 0.0824
9439.6000 0.0824
9439.9000 0.0825
9442.9000 0.0825
9445.5000 0.0825
9452.8000 0.0826
9461.8000 0.0826
9470.5000 0.0826
9473.8000 0.0827
9483.0000 0.0827
9483.9000 0.0827
9484.8000 0.0828
9493.3000 0.0828
9502.6000 0.0828
9509.4000 0.0829
9513.0000 0.0829
9514.4000 0.0830
9523.6000 0.0830
9525.4000 0.0830
9527.0000 0.0831
9541.6000 0.0831
9551.5000 0.0831
9563.1000 0.0832
9564.2000 0.0832
9566.6000 0.0832
9573.7000 0.0833
9574.0000 0.0833
9578.3000 0.0833
9578.8000 0.0834
9579.3000 0.0834
9580.3000 0.0834
9582.1000 0.0835
9592.2000 0.0835
9594.5000 0.0835
9596.6000 0.0836
9609.3000 0.0836
9609.8000 0.0836
9613.2000 0.0837
9616.0000 0.0837
9616.3000 0.0838
9619.9000 0.0838
9621.8000 0.0838
9624.7000 0.0839
9625.7000 0.0839
9643.6000 0.0839
9651.7000 0.0840
9664.1000 0.0840
9669.9000 0.0840
9672.0000 0.0841
9682.7000 0.0841
9694.1000 0.0841
9694.3000 0.0842
9697.7000 0.0842
9703.9000 0.0842
9704.6000 0.0843
9707.3000 0.0843
9714.2000 0.0843
9719.0000 0.0844
9722.0000 0.0844
9750.6000 0.0844
9762.3000 0.0845
9765.5000 0.0845
9791.2000 0.0845
9792.5000 0.0846
9799.9000 0.0846
9800.6000 0.0847
9803.9000 0.0847
9835.6000 0.0847
9836.2000 0.0848
9837.0000 0.0848
9841.8000 0.0848
9846.4000 0.0849
9847.6000 0.0849
9871.6000 0.0849
9872.8000 0.0850
9873.5000 0.0850
9875.9000 0.0850
9887.1000 0.0851
9899.1000 0.0851
9901.9000 0.0851
9902.8000 0.0852
9904.8000 0.0852
9924.6000 0.0852
9925.8000 0.0853
9932.4000 0.0853
9940.8000 0.0853
9950.1000 0.0854
9955.7000 0.0854
9956.6000 0.0855
9958.3000 0.0855
9959.9000 0.0855
9965.2000 0.0856
9973.9000 0.0856
9985.5000 0.0856
9987.3000 0.0857
9990.2000 0.0857
9991.5000 0.0857
9992.2000 0.0858
9993.3000 0.0858
9994.6000 0.0858
9998.4000 0.0859
9998.5000 0.0859
10001.1000 0.0859
10002.6000 0.0860
10006.1000 0.0860
10019.0000 0.0860
10019.3000 0.0861
10020.4000 0.0861
10022.4000 0.0861
10034.4000 0.0862
10037.3000 0.0862
10039.6000 0.0863
10042.1000 0.0863
10052.1000 0.0863
10057.6000 0.0864
10059.3000 0.0864
10062.0000 0.0864
10073.3000 0.0865
10079.2000 0.0865
10079.5000 0.0865
10081.6000 0.0866
10083.6000 0.0866
10088.0000 0.0866
10089.3000 0.0867
10089.4000 0.0867
10096.3000 0.0867
10100.5000 0.0868
10105.0000 0.0868
10106.1000 0.0868
10106.8000 0.0869
10120.2000 0.0869
10120.5000 0.0869
10126.7000 0.0870
10127.4000 0.0870
10129.6000 0.0870
10130.3000 0.0871
10136.7000 0.0871
10138.3000 0.0872
10141.4000 0.0872
10144.1000 0.0872
10152.8000 0.0873
10153.1000 0.0873
10162.1000 0.0873
10169.0000 0.0874
10170.0000 0.0874
10174.4000 0.0874
10183.1000 0.0875
10187.9000 0.0875
10194.5000 0.0875
10196.2000 0.0876
10201.2000 0.0876
10206.8000 0.0876
10207.3000 0.0877
10208.7000 0.0877
10210.3000 0.0877
10211.2000 0.0878
10211.9000 0.0878
10214.6000 0.0878
10221.3000 0.0879
10236.6000 0.0879
10237.7000 0.0880
10245.0000 0.0880
10253.1000 0.0880
10260.0000 0.0881
10273.8000 0.0881
10275.3000 0.0881
10276.5000 0.0882
10281.0000 0.0882
10284.8000 0.0882
10285.9000 0.0883
10286.9000 0.0883
10288.8000 0.0883
10289.8000 0.0884
10292.9000 0.0884
10297.2000 0.0884
10298.8000 0.0885
10305.0000 0.0885
10313.8000 0.0885
10316.0000 0.0886
10320.9000 0.0886
10321.3000 0.0886
10326.1000 0.0887
10329.6000 0.0887
10331.5000 0.0888
10334.7000 0.0888
10335.6000 0.0888
10342.4000 0.0889
10348.8000 0.0889
10353.6000 0.0889
10356.2000 0.0890
10359.8000 0.0890
10359.9000 0.0890
10364.5000 0.0891
10371.5000 0.0891
10371.6000 0.0891
10380.3000 0.0892
10384.4000 0.0892
10391.5000 0.0892
10393.4000 0.0893
10396.4000 0.0893
10403.5000 0.0893
10406.4000 0.0894
10415.7000 0.0894
10417.0000 0.0894
10418.1000 0.0895
10418.5000 0.0895
10425.0000 0.0895
10429.9000 0.0896
10437.6000 0.0896
10439.0000 0.0897
10440.6000 0.0897
10457.4000 0.0897
10458.2000 0.0898
10462.0000 0.0898
10463.5000 0.0898
10464.7000 0.0899
10467.7000 0.0899
10469.7000 0.0899
10475.3000 0.0900
10478.3000 0.0900
10480.0000 0.0900
10498.1000 0.0901
10499.6000 0.0901
10500.8000 0.0901
10508.0000 0.0902
10513.6000 0.0902
10515.0000 0.0902
10515.6000 0.0903
10518.2000 0.0903
10524.5000 0.0903
10528.1000 0.0904
10528.8000 0.0904
10535.2000 0.0905
10545.1000 0.0905
10546.8000 0.0905
10548.3000 0.0906
10557.0000 0.0906
10566.3000 0.0906
10568.9000 0.0907
10576.3000 0.0907
10577.8000 0.0907
10580.7000 0.0908
10583.9000 0.0908
10584.9000 0.0908
10589.3000 0.0909
10593.7000 0.0909
10595.6000 0.0909
10597.1000 0.0910
10599.4000 0.0910
10599.7000 0.0910
10603.1000 0.0911
10619.3000 0.0911
10622.8000 0.0911
10635.4000 0.0912
10643.1000 0.0912
10656.8000 0.0913
10658.9000 0.0913
10659.5000 0.0913
10664.2000 0.0914
10664.6000 0.0914
10669.2000 0.0914
10677.0000 0.0915
10680.3000 0.0915
10683.9000 0.0915
10685.6000 0.0916
10687.6000 0.0916
10688.3000 0.0916
10698.8000 0.0917
10706.5000 0.0917
10708.9000 0.0917
10710.5000 0.0918
10710.9000 0.0918
10725.5000 0.0918
10729.8000 0.0919
10741.0000 0.0919
10742.1000 0.0919
10742.8000 0.0920
10744.6000 0.0920
10744.7000 0.0920
10777.0000 0.0921
10777.6000 0.0921
10780.4000 0.0922
10793.0000 0.0922
10806.7000 0.0922
10809.6000 0.0923
10828.1000 0.0923
10838.5000 0.0923
10840.9000 0.0924
10841.1000 0.0924
10843.0000 0.0924
10844.2000 0.0925
10856.6000 0.0925
10863.0000 0.0925
10866.2000 0.0926
10868.0000 0.0926
10879.8000 0.0926
10889.3000 0.0927
10900.5000 0.0927
10903.5000 0.0927
10906.9000 0.0928
10907.0000 0.0928
10910.3000 0.0928
10914.4000 0.0929
10923.1000 0.0929
10935.5000 0.0930
10935.8000 0.0930
10940.3000 0.0930
10946.4000 0.0931
10959.6000 0.0931
10967.6000 0.0931
10972.8000 0.0932
10979.0000 0.0932
10981.3000 0.0932
10986.0000 0.0933
10990.9000 0.0933
10995.2000 0.0933
11000.4000 0.0934
11002.8000 0.0934
11002.9000 0.0934
11003.5000 0.0935
11004.5000 0.0935
11005.7000 0.0935
11006.1000 0.0936
11009.5000 0.0936
11013.4000 0.0936
11015.5000 0.0937
11023.4000 0.0937
11025.5000 0.0938
11025.8000 0.0938
11027.0000 0.0938
11034.3000 0.0939
11049.4000 0.0939
11053.3000 0.0939
11053.5000 0.0940
11070.6000 0.0940
11073.0000 0.0940
11080.3000 0.0941
11082.8000 0.0941
11104.0000 0.0941
11106.6000 0.0942
11112.2000 0.0942
11114.8000 0.0942
11134.1000 0.0943
11143.1000 0.0943
11153.1000 0.0943
11154.5000 0.0944
11156.6000 0.0944
11159.9000 0.0944
11161.6000 0.0945
11162.0000 0.0945
11168.0000 0.0945
11170.4000 0.0946
11174.3000 0.0946
11175.0000 0.0947
11179.0000 0.0947
11187.5000 0.0947
11204.8000 0.0948
11208.0000 0.0948
11208.6000 0.0948
11212.2000 0.0949
11215.0000 0.0949
11219.7000 0.0949
11223.1000 0.0950
11224.6000 0.0950
11227.8000 0.0950
11231.0000 0.0951
11241.3000 0.0951
11242.0000 0.0951
11242.1000 0.0952
11243.7000 0.0952
11244.7000 0.0952
11246.4000 0.0953
11247.6000 0.0953
11248.5000 0.0953
11253.3000 0.0954
11261.6000 0.0954
11268.1000 0.0955
11274.8000 0.0955
11277.7000 0.0955
11284.3000 0.0956
11285.3000 0.0956
11286.3000 0.0956
11288.2000 0.0957
11288.9000 0.0957
11294.0000 0.0957
11298.6000 0.0958
11299.7000 0.0958
11311.7000 0.0958
11338.4000 0.0959
11338.7000 0.0959
11342.7000 0.0959
11344.0000 0.0960
11346.1000 0.0960
11350.6000 0.0960
11355.0000 0.0961
11358.7000 0.0961
11362.3000 0.0961
11366.4000 0.0962
11381.5000 0.0962
11382.6000 0.0963
11383.4000 0.0963
11399.7000 0.0963
11405.2000 0.0964
11411.9000 0.0964
11422.7000 0.0964
11426.3000 0.0965
11427.2000 0.0965
11429.4000 0.0965
11439.1000 0.0966
11439.1000 0.0966
11447.8000 0.0966
11456.8000 0.0967
11463.2000 0.0967
11464.2000 0.0967
11465.0000 0.0968
11471.5000 0.0968
11476.8000 0.0968
11479.5000 0.0969
11479.9000 0.0969
11485.4000 0.0969
11486.2000 0.0970
11495.3000 0.0970
11499.5000 0.0970
11507.5000 0.0971
11517.9000 0.0971
11524.6000 0.0972
11535.8000 0.0972
11555.9000 0.0972
11556.7000 0.0973
11556.9000 0.0973
11559.5000 0.0973
11563.8000 0.0974
11566.1000 0.0974
11577.4000 0.0974
11580.1000 0.0975
11583.8000 0.0975
11587.3000 0.0975
11599.0000 0.0976
11610.3000 0.0976
11614.9000 0.0976
11615.3000 0.0977
11616.2000 0.0977
11625.9000 0.0977
11630.8000 0.0978
11631.3000 0.0978
11632.7000 0.0978
11633.1000 0.0979
11634.4000 0.0979
11643.1000 0.0980
11647.4000 0.0980
11649.8000 0.0980
11652.9000 0.0981
11653.0000 0.0981
11658.6000 0.0981
11661.0000 0.0982
11662.2000 0.0982
11674.3000 0.0982
11674.7000 0.0983
11680.0000 0.0983
11683.2000 0.0983
11683.6000 0.0984
11684.3000 0.0984
11687.9000 0.0984
11688.5000 0.0985
11688.6000 0.0985
11688.8000 0.0985
11695.7000 0.0986
11704.2000 0.0986
11704.5000 0.0986
11705.2000 0.0987
11712.0000 0.0987
11727.1000 0.0988
11730.3000 0.0988
11736.6000 0.0988
11736.6000 0.0989
11750.5000 0.0989
11750.6000 0.0989
11754.9000 0.0990
11766.7000 0.0990
11769.1000 0.0990
11770.0000 0.0991
11783.0000 0.0991
11827.4000 0.0991
11829.1000 0.0992
11842.9000 0.0992
11846.3000 0.0992
11847.2000 0.0993
11856.6000 0.0993
11864.5000 0.0993
11865.9000 0.0994
11867.8000 0.0994
11874.8000 0.0994
11879.7000 0.0995
11881.6000 0.0995
11895.2000 0.0995
11897.9000 0.0996
11902.3000 0.0996
11911.7000 0.0997
11916.2000 0.0997
11924.1000 0.0997
11929.3000 0.0998
11931.2000 0.0998
11936.6000 0.0998
11947.9000 0.0999
11949.9000 0.0999
11953.6000 0.0999
11959.3000 0.1000
11962.6000 0.1000
11963.0000 0.1000
11964.6000 0.1001
11965.0000 0.1001
11968.4000 0.1001
11970.8000 0.1002
11973.4000 0.1002
11973.9000 0.1002
11974.4000 0.1003
11984.4000 0.1003
11985.9000 0.1003
11987.1000 0.1004
11989.3000 0.1004
11999.2000 0.1005
12001.2000 0.1005
12013.0000 0.1005
12013.3000 0.1006
12022.4000 0.1006
12025.6000 0.1006
12033.5000 0.1007
12034.0000 0.1007
12035.0000 0.1007
12037.1000 0.1008
12042.6000 0.1008
12045.9000 0.1008
12053.3000 0.1009
12064.4000 0.1009
12067.9000 0.1009
12071.5000 0.1010
12072.6000 0.1010
12074.0000 0.1010
12074.5000 0.1011
12075.3000 0.1011
12075.7000 0.1011
12078.7000 0.1012
12082.0000 0.1012
12082.1000 0.1013
12084.4000 0.1013
12085.2000 0.1013
12089.6000 0.1014
12096.7000 0.1014
12097.6000 0.1014
12100.6000 0.1015
12101.9000 0.1015
12102.6000 0.1015
12118.5000 0.1016
12122.6000 0.1016
12124.0000 0.1016
12132.9000 0.1017
12139.3000 0.1017
12141.6000 0.1017
12143.7000 0.1018
12149.9000 0.1018
12157.0000 0.1018
12157.7000 0.1019
12160.6000 0.1019
12166.0000 0.1019
12169.4000 0.1020
12173.3000 0.1020
12174.6000 0.1020
12175.3000 0.1021
12180.7000 0.1021
12181.1000 0.1022
12181.9000 0.1022
12199.6000 0.1022
12201.8000 0.1023
12206.2000 0.1023
12211.4000 0.1023
12211.8000 0.1024
12214.1000 0.1024
12215.6000 0.1024
12220.6000 0.1025
12226.1000 0.1025
12228.9000 0.1025
12234.4000 0.1026
12237.1000 0.1026
12237.4000 0.1026
12240.7000 0.1027
12242.1000 0.1027
12244.7000 0.1027
12248.5000 0.1028
12252.9000 0.1028
12253.5000 0.1028
12257.3000 0.1029
12262.5000 0.1029
12263.4000 0.1030
12274.4000 0.1030
12276.7000 0.1030
12281.4000 0.1031
12285.4000 0.1031
12297.9000 0.1031
12298.2000 0.1032
12318.5000 0.1032
12320.4000 0.1032
12322.0000 0.1033
12325.0000 0.1033
12325.0000 0.1033
12348.6000 0.1034
12357.3000 0.1034
12359.4000 0.1034
12359.7000 0.1035
12360.4000 0.1035
12364.8000 0.1035
12365.1000 0.1036
12388.7000 0.1036
12389.8000 0.1036
12392.2000 0.1037
12404.2000 0.1037
12409.8000 0.1038
12414.8000 0.1038
12418.4000 0.1038
12418.7000 0.1039
12443.9000 0.1039
12452.4000 0.1039
12456.3000 0.1040
12456.7000 0.1040
12462.1000 0.1040
12468.3000 0.1041
12470.8000 0.1041
12478.5000 0.1041
12484.1000 0.1042
12501.0000 0.1042
12507.6000 0.1042
12515.8000 0.1043
12516.3000 0.1043
12520.2000 0.1043
12524.3000 0.1044
12528.6000 0.1044
12532.7000 0.1044
12537.6000 0.1045
12544.7000 0.1045
12550.8000 0.1045
12583.3000 0.1046
12612.7000 0.1046
12617.5000 0.1047
12621.0000 0.1047
12625.4000 0.1047
12627.9000 0.1048
12630.3000 0.1048
12631.8000 0.1048
12633.6000 0.1049
12635.1000 0.1049
12648.9000 0.1049
12650.9000 0.1050
12651.7000 0.1050
12654.0000 0.1050
12654.1000 0.1051
12654.6000 0.1051
12655.5000 0.1051
12658.0000 0.1052
12663.0000 0.1052
12667.2000 0.1052
12668.8000 0.1053
12669.0000 0.1053
12670.9000 0.1053
12684.0000 0.1054
12685.9000 0.1054
12690.6000 0.1055
12692.1000 0.1055
12701.9000 0.1055
12707.3000 0.1056
12713.5000 0.1056
12719.7000 0.1056
12727.1000 0.1057
12731.0000 0.1057
12738.4000 0.1057
12739.0000 0.1058
12747.8000 0.1058
12756.9000 0.1058
12763.3000 0.1059
12768.0000 0.1059
12777.3000 0.1059
12782.9000 0.1060
12785.7000 0.1060
12788.0000 0.1060
12790.7000 0.1061
12791.7000 0.1061
12798.7000 0.1061
12809.8000 0.1062
12819.0000 0.1062
12829.8000 0.1063
12834.3000 0.1063
12835.2000 0.1063
12843.6000 0.1064
12844.7000 0.1064
12860.2000 0.1064
12860.2000 0.1065
12867.0000 0.1065
12867.4000 0.1065
12872.9000 0.1066
12875.3000 0.1066
12875.3000 0.1066
12884.5000 0.1067
12885.1000 0.1067
12887.5000 0.1067
12888.8000 0.1068
12893.6000 0.1068
12902.0000 0.1068
12915.7000 0.1069
12920.9000 0.1069
12928.8000 0.1069
12934.0000 0.1070
12938.5000 0.1070
12942.3000 0.1070
12943.3000 0.1071
12944.8000 0.1071
12948.5000 0.1072
12954.2000 0.1072
12959.7000 0.1072
12964.9000 0.1073
12968.0000 0.1073
12969.9000 0.1073
12977.6000 0.1074
12987.7000 0.1074
12990.1000 0.1074
12994.4000 0.1075
12997.2000 0.1075
13001.0000 0.1075
13003.0000 0.1076
13003.9000 0.1076
13010.8000 0.1076
13012.1000 0.1077
13018.6000 0.1077
13019.6000 0.1077
13023.4000 0.1078
13025.7000 0.1078
13026.6000 0.1078
13029.4000 0.1079
13032.8000 0.1079
13044.0000 0.1080
13047.5000 0.1080
13048.5000 0.1080
13058.5000 0.1081
13062.2000 0.1081
13065.1000 0.1081
13066.7000 0.1082
13088.9000 0.1082
13090.2000 0.1082
13091.7000 0.1083
13093.6000 0.1083
13099.2000 0.1083
13101.6000 0.1084
13106.9000 0.1084
13111.4000 0.1084
13115.0000 0.1085
13119.9000 0.1085
13120.2000 0.1085
13120.7000 0.1086
13121.3000 0.1086
13121.7000 0.1086
13133.6000 0.1087
13139.1000 0.1087
13139.3000 0.1088
13141.8000 0.1088
13141.9000 0.1088
13146.6000 0.1089
13151.4000 0.1089
13167.1000 0.1089
13167.4000 0.1090
13184.2000 0.1090
13186.2000 0.1090
13190.0000 0.1091
13191.0000 0.1091
13196.4000 0.1091
13199.4000 0.1092
13211.0000 0.1092
13214.2000 0.1092
13216.9000 0.1093
13225.1000 0.1093
13225.7000 0.1093
13236.5000 0.1094
13243.3000 0.1094
13244.8000 0.1094
13252.8000 0.1095
13256.3000 0.1095
13263.5000 0.1095
13274.5000 0.1096
13275.0000 0.1096
13279.2000 0.1097
13281.9000 0.1097
13288.3000 0.1097
13289.5000 0.1098
13290.2000 0.1098
13296.1000 0.1098
13300.1000 0.1099
13302.1000 0.1099
13306.3000 0.1099
13307.0000 0.1100
13312.8000 0.1100
13313.8000 0.1100
13319.1000 0.1101
13323.6000 0.1101
13329.3000 0.1101
13335.0000 0.1102
13338.8000 0.1102
13342.1000 0.1102
13344.8000 0.1103
13350.6000 0.1103
13358.0000 0.1103
13368.1000 0.1104
13368.8000 0.1104
13373.8000 0.1105
13376.4000 0.1105
13382.2000 0.1105
13383.6000 0.1106
13390.6000 0.1106
13392.0000 0.1106
13392.3000 0.1107
13439.4000 0.1107
13440.6000 0.1107
13440.9000 0.1108
13447.5000 0.1108
13452.9000 0.1108
13458.0000 0.1109
13459.2000 0.1109
13459.8000 0.1109
13462.7000 0.1110
13467.0000 0.1110
13471.7000 0.1110
13483.3000 0.1111
13489.1000 0.1111
13492.8000 0.1111
13496.7000 0.1112
13497.0000 0.1112
13505.7000 0.1113
13506.2000 0.1113
13507.1000 0.1113
13507.9000 0.1114
13514.9000 0.1114
13519.5000 0.1114
13523.4000 0.1115
13532.7000 0.1115
13535.0000 0.1115
13535.9000 0.1116
13540.9000 0.1116
13542.4000 0.1116
13553.2000 0.1117
13560.3000 0.1117
13564.4000 0.1117
13575.0000 0.1118
13582.8000 0.1118
13584.6000 0.1118
13585.6000 0.1119
13587.8000 0.1119
13590.5000 0.1119
13592.4000 0.1120
13595.7000 0.1120
13603.9000 0.1120
13619.4000 0.1121
13620.5000 0.1121
13620.9000 0.1122
13628.0000 0.1122
13631.2000 0.1122
13632.3000 0.1123
13638.5000 0.1123
13639.7000 0.1123
13647.9000 0.1124
13650.5000 0.1124
13655.2000 0.1124
13661.3000 0.1125
13663.2000 0.1125
13668.3000 0.1125
13685.8000 0.1126
13702.4000 0.1126
13704.0000 0.1126
13713.2000 0.1127
13721.4000 0.1127
13723.7000 0.1127
13733.8000 0.1128
13734.7000 0.1128
13740.2000 0.1128
13740.5000 0.1129
13745.6000 0.1129
13747.3000 0.1130
13752.4000 0.1130
13753.6000 0.1130
13753.6000 0.1131
13755.9000 0.1131
13759.5000 0.1131
13762.0000 0.1132
13774.0000 0.1132
13776.4000 0.1132
13782.7000 0.1133
13788.7000 0.1133
13816.9000 0.1133
13823.0000 0.1134
13824.7000 0.1134
13824.8000 0.1134
13832.5000 0.1135
13841.7000 0.1135
13859.8000 0.1135
13866.8000 0.1136
13868.1000 0.1136
13869.6000 0.1136
13870.0000 0.1137
13870.0000 0.1137
13875.1000 0.1138
13875.5000 0.1138
13876.8000 0.1138
13881.6000 0.1139
13882.2000 0.1139
13886.7000 0.1139
13888.0000 0.1140
13891.0000 0.1140
13896.5000 0.1140
13898.3000 0.1141
13901.0000 0.1141
13902.0000 0.1141
13903.0000 0.1142
13918.2000 0.1142
13919.0000 0.1142
13919.6000 0.1143
13935.9000 0.1143
13952.2000 0.1143
13959.0000 0.1144
13959.3000 0.1144
13962.2000 0.1144
13967.9000 0.1145
13984.3000 0.1145
13985.6000 0.1145
14002.1000 0.1146
14003.5000 0.1146
14004.2000 0.1147
14005.6000 0.1147
14007.1000 0.1147
14018.0000 0.1148
14018.4000 0.1148
14026.0000 0.1148
14026.2000 0.1149
14029.0000 0.1149
14041.8000 0.1149
14042.0000 0.1150
14049.0000 0.1150
14051.6000 0.1150
14061.6000 0.1151
14068.0000 0.1151
14075.1000 0.1151
14079.0000 0.1152
14079.9000 0.1152
14080.3000 0.1152
14082.5000 0.1153
14085.6000 0.1153
14086.5000 0.1153
14105.3000 0.1154
14107.7000 0.1154
14114.6000 0.1155
14122.1000 0.1155
14124.7000 0.1155
14125.6000 0.1156
14127.5000 0.1156
14139.5000 0.1156
14140.8000 0.1157
14145.4000 0.1157
14147.7000 0.1157
14162.6000 0.1158
14168.7000 0.1158
14169.3000 0.1158
14182.3000 0.1159
14193.3000 0.1159
14194.7000 0.1159
14195.6000 0.1160
14196.0000 0.1160
14199.2000 0.1160
14202.6000 0.1161
14216.0000 0.1161
14230.4000 0.1161
14232.9000 0.1162
14233.0000 0.1162
14253.7000 0.1163
14253.9000 0.1163
14256.2000 0.1163
14257.9000 0.1164
14258.8000 0.1164
14259.3000 0.1164
14260.7000 0.1165
14262.9000 0.1165
14266.6000 0.1165
14267.5000 0.1166
14278.7000 0.1166
14282.9000 0.1166
14291.1000 0.1167
14293.7000 0.1167
14296.5000 0.1167
14299.6000 0.1168
14303.0000 0.1168
14304.3000 0.1168
14306.4000 0.1169
14314.3000 0.1169
14318.6000 0.1169
14318.6000 0.1170
14323.5000 0.1170
14331.1000 0.1170
14335.8000 0.1171
14343.7000 0.1171
14348.0000 0.1172
14357.9000 0.1172
14364.7000 0.1172
14365.5000 0.1173
14368.0000 0.1173
14372.2000 0.1173
14375.0000 0.1174
14377.9000 0.1174
14379.2000 0.1174
14381.7000 0.1175
14383.9000 0.1175
14386.4000 0.1175
14393.6000 0.1176
14402.9000 0.1176
14403.0000 0.1176
14412.3000 0.1177
14415.2000 0.1177
14418.3000 0.1177
14423.5000 0.1178
14428.7000 0.1178
14438.1000 0.1178
14441.5000 0.1179
14444.0000 0.1179
14444.5000 0.1180
14444.7000 0.1180
14467.0000 0.1180
14468.0000 0.1181
14469.1000 0.1181
14470.1000 0.1181
14471.9000 0.1182
14476.6000 0.1182
14477.7000 0.1182
14479.7000 0.1183
14485.7000 0.1183
14488.7000 0.1183
14504.7000 0.1184
14509.3000 0.1184
14516.6000 0.1184
14519.0000 0.1185
14520.8000 0.1185
14536.6000 0.1185
14545.7000 0.1186
14546.3000 0.1186
14550.5000 0.1186
14565.5000 0.1187
14571.0000 0.1187
14591.6000 0.1188
14593.0000 0.1188
14595.3000 0.1188
14596.6000 0.1189
14599.4000 0.1189
14603.1000 0.1189
14613.8000 0.1190
14618.0000 0.1190
14618.1000 0.1190
14618.2000 0.1191
14626.1000 0.1191
14631.6000 0.1191
14644.5000 0.1192
14653.2000 0.1192
14660.0000 0.1192
14667.6000 0.1193
14667.8000 0.1193
14668.0000 0.1193
14684.5000 0.1194
14689.5000 0.1194
14690.2000 0.1194
14702.2000 0.1195
14710.1000 0.1195
14725.2000 0.1195
14734.8000 0.1196
14749.6000 0.1196
14757.1000 0.1197
14758.7000 0.1197
14766.8000 0.1197
14775.7000 0.1198
14788.9000 0.1198
14801.5000 0.1198
14802.1000 0.1199
14803.0000 0.1199
14806.6000 0.1199
14806.8000 0.1200
14812.4000 0.1200
14816.5000 0.1200
14817.2000 0.1201
14819.7000 0.1201
14822.2000 0.1201
14835.3000 0.1202
14840.6000 0.1202
14851.0000 0.1202
14858.2000 0.1203
14859.6000 0.1203
14859.6000 0.1203
14870.0000 0.1204
14873.1000 0.1204
14873.2000 0.1205
14875.8000 0.1205
14877.7000 0.1205
14878.3000 0.1206
14878.7000 0.1206
14879.2000 0.1206
14880.4000 0.1207
14887.4000 0.1207
14888.9000 0.1207
14889.5000 0.1208
14899.3000 0.1208
14900.1000 0.1208
14902.1000 0.1209
14902.7000 0.1209
14913.7000 0.1209
14915.8000 0.1210
14926.7000 0.1210
14932.9000 0.1210
14933.1000 0.1211
14948.7000 0.1211
14951.0000 0.1211
14955.9000 0.1212
14960.2000 0.1212
14964.2000 0.1213
14970.2000 0.1213
14971.5000 0.1213
14973.0000 0.1214
14976.0000 0.1214
14977.0000 0.1214
14979.2000 0.1215
14991.7000 0.1215
14995.4000 0.1215
14995.5000 0.1216
15005.5000 0.1216
15006.1000 0.1216
15011.6000 0.1217
15014.0000 0.1217
15024.9000 0.1217
15033.1000 0.1218
15035.6000 0.1218
15037.6000 0.1218
15047.1000 0.1219
15047.2000 0.1219
15048.2000 0.1219
15054.1000 0.1220
15056.0000 0.1220
15057.3000 0.1220
15070.7000 0.1221
15072.4000 0.1221
15082.6000 0.1222
15087.8000 0.1222
15089.2000 0.1222
15097.5000 0.1223
15099.3000 0.1223
15099.7000 0.1223
15100.1000 0.1224
15105.7000 0.1224
15112.7000 0.1224
15116.5000 0.1225
15116.9000 0.1225
15118.3000 0.1225
15124.3000 0.1226
15128.6000 0.1226
15130.2000 0.1226
15135.0000 0.1227
15145.6000 0.1227
15147.5000 0.1227
15148.1000 0.1228
15152.1000 0.1228
15156.5000 0.1228
15168.8000 0.1229
15170.2000 0.1229
15180.4000 0.1230
15182.6000 0.1230
15188.9000 0.1230
15189.5000 0.1231
15190.9000 0.1231
15193.5000 0.1231
15194.1000 0.1232
15199.3000 0.1232
15201.7000 0.1232
15219.8000 0.1233
15233.2000 0.1233
15234.9000 0.1233
15238.1000 0.1234
15243.6000 0.1234
15262.0000 0.1234
15262.9000 0.1235
15275.1000 0.1235
15278.4000 0.1235
15284.3000 0.1236
15285.6000 0.1236
15286.0000 0.1236
15287.4000 0.1237
15315.4000 0.1237
15316.4000 0.1238
15317.2000 0.1238
15320.8000 0.1238
15321.4000 0.1239
15323.5000 0.1239
15326.5000 0.1239
15329.8000 0.1240
15336.0000 0.1240
15340.0000 0.1240
15343.0000 0.1241
15349.6000 0.1241
15352.4000 0.1241
15355.4000 0.1242
15357.8000 0.1242
15365.3000 0.1242
15369.7000 0.1243
15376.7000 0.1243
15383.2000 0.1243
15386.3000 0.1244
15386.7000 0.1244
15390.7000 0.1244
15391.3000 0.1245
15396.8000 0.1245
15405.2000 0.1245
15406.4000 0.1246
15407.1000 0.1246
15410.8000 0.1247
15414.8000 0.1247
15415.4000 0.1247
15417.6000 0.1248
15419.9000 0.1248
15423.4000 0.1248
15425.5000 0.1249
15443.8000 0.1249
15451.3000 0.1249
15453.2000 0.1250
15458.6000 0.1250
15458.6000 0.1250
15464.7000 0.1251
15465.9000 0.1251
15468.3000 0.1251
15473.6000 0.1252
15474.5000 0.1252
15487.0000 0.1252
15493.9000 0.1253
15494.8000 0.1253
15497.2000 0.1253
15510.0000 0.1254
15510.4000 0.1254
15522.4000 0.1255
15537.7000 0.1255
15538.5000 0.1255
15539.3000 0.1256
15543.8000 0.1256
15549.5000 0.1256
15549.7000 0.1257
15549.9000 0.1257
15558.1000 0.1257
15558.4000 0.1258
15561.5000 0.1258
15566.3000 0.1258
15567.7000 0.1259
15567.8000 0.1259
15569.0000 0.1259
15575.7000 0.1260
15594.4000 0.1260
15596.2000 0.1260
15598.5000 0.1261
15601.0000 0.1261
15604.0000 0.1261
15605.0000 0.1262
15610.0000 0.1262
15615.9000 0.1263
15617.7000 0.1263
15620.0000 0.1263
15630.0000 0.1264
15632.9000 0.1264
15637.7000 0.1264
15645.1000 0.1265
15646.0000 0.1265
15649.0000 0.1265
15655.3000 0.1266
15658.8000 0.1266
15659.6000 0.1266
15663.0000 0.1267
15667.1000 0.1267
15675.1000 0.1267
15676.0000 0.1268
15676.6000 0.1268
15678.5000 0.1268
15693.2000 0.1269
15706.9000 0.1269
15707.2000 0.1269
15710.1000 0.1270
15714.4000 0.1270
15715.2000 0.1270
15717.0000 0.1271
15724.9000 0.1271
15735.1000 0.1272
15735.3000 0.1272
15735.4000 0.1272
15753.0000 0.1273
15753.7000 0.1273
15755.0000 0.1273
15758.0000 0.1274
15760.5000 0.1274
15771.1000 0.1274
15773.5000 0.1275
15782.5000 0.1275
15786.3000 0.1275
15792.4000 0.1276
15795.0000 0.1276
15795.1000 0.1276
15797.4000 0.1277
15804.2000 0.1277
15805.0000 0.1277
15805.6000 0.1278
15815.8000 0.1278
15817.6000 0.1278
15819.0000 0.1279
15819.8000 0.1279
15826.6000 0.1280
15830.5000 0.1280
15832.6000 0.1280
15834.6000 0.1281
15841.7000 0.1281
15849.2000 0.1281
15872.8000 0.1282
15880.6000 0.1282
15884.7000 0.1282
15890.6000 0.1283
15894.0000 0.1283
15894.1000 0.1283
15896.1000 0.1284
15899.7000 0.1284
15900.3000 0.1284
15902.6000 0.1285
15908.8000 0.1285
15912.4000 0.1285
15919.8000 0.1286
15925.2000 0.1286
15929.2000 0.1286
15931.5000 0.1287
15931.7000 0.1287
15937.4000 0.1288
15939.4000 0.1288
15948.0000 0.1288
15949.0000 0.1289
15951.0000 0.1289
15955.9000 0.1289
15962.2000 0.1290
15965.3000 0.1290
15965.6000 0.1290
15983.3000 0.1291
15992.9000 0.1291
15994.6000 0.1291
16004.7000 0.1292
16007.7000 0.1292
16013.6000 0.1292
16016.4000 0.1293
16016.6000 0.1293
16024.8000 0.1293
16027.9000 0.1294
16030.0000 0.1294
16031.0000 0.1294
16037.1000 0.1295
16039.6000 0.1295
16042.0000 0.1295
16042.3000 0.1296
16048.4000 0.1296
16060.8000 0.1297
16067.4000 0.1297
16067.9000 0.1297
16075.3000 0.1298
16076.0000 0.1298
16080.7000 0.1298
16099.2000 0.1299
16101.4000 0.1299
16114.6000 0.1299
16119.6000 0.1300
16121.0000 0.1300
16124.5000 0.1300
16126.5000 0.1301
16134.1000 0.1301
16134.9000 0.1301
16137.2000 0.1302
16140.3000 0.1302
16156.7000 0.1302
16163.3000 0.1303
16171.7000 0.1303
16176.6000 0.1303
16179.9000 0.1304
16181.0000 0.1304
16185.0000 0.1305
16190.6000 0.1305
16193.6000 0.1305
16200.9000 0.1306
16203.2000 0.1306
16203.6000 0.1306
16204.1000 0.1307
16205.0000 0.1307
16216.1000 0.1307
16218.3000 0.1308
16218.7000 0.1308
16230.2000 0.1308
16247.9000 0.1309
16253.3000 0.1309
16259.4000 0.1309
16262.6000 0.1310
16267.0000 0.1310
16271.1000 0.1310
16277.5000 0.1311
16280.2000 0.1311
16291.9000 0.1311
16296.5000 0.1312
16301.1000 0.1312
16304.3000 0.1313
16306.2000 0.1313
16307.1000 0.1313
16309.4000 0.1314
16313.5000 0.1314
16314.3000 0.1314
16317.0000 0.1315
16318.1000 0.1315
16318.1000 0.1315
16320.8000 0.1316
16335.2000 0.1316
16340.6000 0.1316
16345.6000 0.1317
16345.7000 0.1317
16346.1000 0.1317
16348.6000 0.1318
16365.5000 0.1318
16366.4000 0.1318
16370.6000 0.1319
16371.7000 0.1319
16372.2000 0.1319
16382.5000 0.1320
16399.1000 0.1320
16407.0000 0.1320
16410.7000 0.1321
16411.0000 0.1321
16423.1000 0.1322
16431.9000 0.1322
16434.8000 0.1322
16436.5000 0.1323
16437.6000 0.1323
16442.5000 0.1323
16445.9000 0.1324
16451.9000 0.1324
16452.0000 0.1324
16453.5000 0.1325
16455.5000 0.1325
16456.8000 0.1325
16458.0000 0.1326
16467.9000 0.1326
16468.9000 0.1326
16469.0000 0.1327
16470.1000 0.1327
16473.3000 0.1327
16475.5000 0.1328
16490.7000 0.1328
16500.7000 0.1328
16501.4000 0.1329
16502.8000 0.1329
16504.5000 0.1330
16506.0000 0.1330
16510.2000 0.1330
16513.3000 0.1331
16520.4000 0.1331
16521.3000 0.1331
16529.0000 0.1332
16537.1000 0.1332
16537.3000 0.1332
16541.4000 0.1333
16542.4000 0.1333
16546.8000 0.1333
16553.0000 0.1334
16556.9000 0.1334
16558.7000 0.1334
16561.0000 0.1335
16563.0000 0.1335
16569.8000 0.1335
16571.0000 0.1336
16581.9000 0.1336
16590.7000 0.1336
16604.3000 0.1337
16605.1000 0.1337
16609.7000 0.1338
16611.9000 0.1338
16612.3000 0.1338
16616.9000 0.1339
16619.0000 0.1339
16620.9000 0.1339
16630.7000 0.1340
16633.3000 0.1340
16635.6000 0.1340
16638.2000 0.1341
16642.8000 0.1341
16646.5000 0.1341
16647.7000 0.1342
16652.0000 0.1342
16661.8000 0.1342
16689.2000 0.1343
16691.4000 0.1343
16693.8000 0.1343
16699.1000 0.1344
16703.6000 0.1344
16727.0000 0.1344
16730.0000 0.1345
16737.2000 0.1345
16745.3000 0.1345
16757.7000 0.1346
16759.2000 0.1346
16760.0000 0.1347
16760.1000 0.1347
16771.7000 0.1347
16775.1000 0.1348
16776.8000 0.1348
16778.0000 0.1348
16779.6000 0.1349
16780.9000 0.1349
16782.8000 0.1349
16784.2000 0.1350
16784.4000 0.1350
16788.2000 0.1350
16794.0000 0.1351
16796.9000 0.1351
16800.9000 0.1351
16804.4000 0.1352
16804.7000 0.1352
16808.0000 0.1352
16824.6000 0.1353
16830.8000 0.1353
16839.3000 0.1353
16840.7000 0.1354
16850.1000 0.1354
16857.4000 0.1355
16862.3000 0.1355
16863.2000 0.1355
16867.0000 0.1356
16872.4000 0.1356
16877.4000 0.1356
16877.5000 0.1357
16880.8000 0.1357
16883.9000 0.1357
16889.3000 0.1358
16891.4000 0.1358
16893.8000 0.1358
16895.4000 0.1359
16900.6000 0.1359
16911.0000 0.1359
16912.1000 0.1360
16912.4000 0.1360
16916.9000 0.1360
16922.2000 0.1361
16925.9000 0.1361
16934.7000 0.1361
16936.7000 0.1362
16937.9000 0.1362
16956.4000 0.1363
16957.6000 0.1363
16958.5000 0.1363
16959.2000 0.1364
16962.3000 0.1364
16963.8000 0.1364
16963.9000 0.1365
16964.4000 0.1365
16967.2000 0.1365
16968.9000 0.1366
16976.0000 0.1366
16982.4000 0.1366
16988.7000 0.1367
16992.0000 0.1367
16992.6000 0.1367
16999.3000 0.1368
16999.9000 0.1368
17002.9000 0.1368
17008.6000 0.1369
17019.7000 0.1369
17021.2000 0.1369
17022.4000 0.1370
17027.0000 0.1370
17029.7000 0.1370
17030.6000 0.1371
17042.5000 0.1371
17046.6000 0.1372
17049.6000 0.1372
17050.0000 0.1372
17060.4000 0.1373
17067.0000 0.1373
17067.3000 0.1373
17070.7000 0.1374
17075.5000 0.1374
17084.0000 0.1374
17089.6000 0.1375
17091.8000 0.1375
17094.7000 0.1375
17096.6000 0.1376
17098.0000 0.1376
17100.0000 0.1376
17102.1000 0.1377
17102.1000 0.1377
17114.4000 0.1377
17115.2000 0.1378
17120.3000 0.1378
17124.2000 0.1378
17125.6000 0.1379
17137.5000 0.1379
17138.3000 0.1380
17139.4000 0.1380
17149.3000 0.1380
17150.3000 0.1381
17153.6000 0.1381
17156.7000 0.1381
17156.9000 0.1382
17162.5000 0.1382
17162.6000 0.1382
17164.2000 0.1383
17187.2000 0.1383
17206.7000 0.1383
17217.4000 0.1384
17223.3000 0.1384
17225.1000 0.1384
17227.5000 0.1385
17234.6000 0.1385
17237.4000 0.1385
17245.2000 0.1386
17245.8000 0.1386
17248.2000 0.1386
17248.4000 0.1387
17253.9000 0.1387
17258.7000 0.1388
17260.2000 0.1388
17261.3000 0.1388
17262.2000 0.1389
17262.6000 0.1389
17270.7000 0.1389
17274.6000 0.1390
17278.3000 0.1390
17284.1000 0.1390
17287.0000 0.1391
17289.5000 0.1391
17291.6000 0.1391
17297.0000 0.1392
17297.0000 0.1392
17299.6000 0.1392
17304.3000 0.1393
17306.1000 0.1393
17309.2000 0.1393
17313.8000 0.1394
17316.5000 0.1394
17320.9000 0.1394
17324.0000 0.1395
17324.9000 0.1395
17328.4000 0.1395
17331.2000 0.1396
17335.0000 0.1396
17336.0000 0.1397
17337.1000 0.1397
17337.3000 0.1397
17340.4000 0.1398
17352.0000 0.1398
17357.2000 0.1398
17363.5000 0.1399
17371.7000 0.1399
17394.2000 0.1399
17397.4000 0.1400
17401.8000 0.1400
17406.0000 0.1400
17422.0000 0.1401
17429.4000 0.1401
17429.7000 0.1401
17429.7000 0.1402
17437.0000 0.1402
17437.7000 0.1402
17439.8000 0.1403
17440.6000 0.1403
17442.7000 0.1403
17448.0000 0.1404
17448.9000 0.1404
17453.5000 0.1405
17461.0000 0.1405
17465.4000 0.1405
17465.7000 0.1406
17471.1000 0.1406
17471.2000 0.1406
17478.1000 0.1407
17481.3000 0.1407
17487.5000 0.1407
17496.5000 0.1408
17503.3000 0.1408
17504.1000 0.1408
17505.6000 0.1409
17510.7000 0.1409
17513.6000 0.1409
17524.0000 0.1410
17524.1000 0.1410
17531.7000 0.1410
17534.6000 0.1411
17540.7000 0.1411
17544.4000 0.1411
17545.5000 0.1412
17548.2000 0.1412
17551.7000 0.1413
17552.0000 0.1413
17602.5000 0.1413
17607.8000 0.1414
17608.6000 0.1414
17611.6000 0.1414
17612.5000 0.1415
17629.6000 0.1415
17629.7000 0.1415
17634.4000 0.1416
17637.5000 0.1416
17637.8000 0.1416
17640.5000 0.1417
17645.0000 0.1417
17651.9000 0.1417
17657.7000 0.1418
17661.4000 0.1418
17662.6000 0.1418
17666.6000 0.1419
17666.8000 0.1419
17669.2000 0.1419
17670.3000 0.1420
17670.6000 0.1420
17672.0000 0.1420
17673.7000 0.1421
17677.3000 0.1421
17682.6000 0.1422
17690.3000 0.1422
17695.9000 0.1422
17698.0000 0.1423
17702.7000 0.1423
17702.8000 0.1423
17703.3000 0.1424
17705.7000 0.1424
17706.8000 0.1424
17709.7000 0.1425
17712.4000 0.1425
17712.7000 0.1425
17713.6000 0.1426
17716.5000 0.1426
17717.1000 0.1426
17720.1000 0.1427
17721.3000 0.1427
17723.1000 0.1427
17723.4000 0.1428
17728.5000 0.1428
17737.6000 0.1428
17740.3000 0.1429
17751.6000 0.1429
17755.3000 0.1430
17757.3000 0.1430
17764.1000 0.1430
17767.4000 0.1431
17767.4000 0.1431
17767.5000 0.1431
17773.6000 0.1432
17778.2000 0.1432
17784.0000 0.1432
17792.2000 0.1433
17799.9000 0.1433
17804.3000 0.1433
17812.0000 0.1434
17824.1000 0.1434
17827.1000 0.1434
17827.7000 0.1435
17831.6000 0.1435
17839.3000 0.1435
17841.1000 0.1436
17843.6000 0.1436
17855.1000 0.1436
17857.7000 0.1437
17863.5000 0.1437
17864.1000 0.1438
17864.7000 0.1438
17868.9000 0.1438
17869.7000 0.1439
17871.2000 0.1439
17876.4000 0.1439
17884.5000 0.1440
17891.0000 0.1440
17895.6000 0.1440
17899.5000 0.1441
17900.6000 0.1441
17904.6000 0.1441
17908.4000 0.1442
17910.9000 0.1442
17913.8000 0.1442
17915.8000 0.1443
17920.8000 0.1443
17922.1000 0.1443
17922.7000 0.1444
17926.8000 0.1444
17927.4000 0.1444
17927.5000 0.1445
17938.5000 0.1445
17939.3000 0.1445
17939.6000 0.1446
17941.0000 0.1446
17948.0000 0.1447
17953.6000 0.1447
17958.9000 0.1447
17962.2000 0.1448
17964.0000 0.1448
17966.7000 0.1448
17967.9000 0.1449
17972.7000 0.1449
17984.3000 0.1449
17987.3000 0.1450
17988.2000 0.1450
17998.6000 0.1450
17998.8000 0.1451
18010.3000 0.1451
18011.8000 0.1451
18012.6000 0.1452
18013.8000 0.1452
18028.0000 0.1452
18030.4000 0.1453
18032.0000 0.1453
18032.1000 0.1453
18035.4000 0.1454
18040.0000 0.1454
18046.9000 0.1455
18053.4000 0.1455
18054.0000 0.1455
18056.4000 0.1456
18060.9000 0.1456
18061.8000 0.1456
18063.2000 0.1457
18072.8000 0.1457
18074.0000 0.1457
18077.6000 0.1458
18087.5000 0.1458
18088.3000 0.1458
18088.5000 0.1459
18113.2000 0.1459
18114.8000 0.1459
18115.9000 0.1460
18116.6000 0.1460
18119.9000 0.1460
18125.1000 0.1461
18129.2000 0.1461
18132.3000 0.1461
18143.9000 0.1462
18144.4000 0.1462
18150.0000 0.1463
18152.7000 0.1463
18157.4000 0.1463
18161.0000 0.1464
18165.4000 0.1464
18169.5000 0.1464
18177.6000 0.1465
18179.5000 0.1465
18192.6000 0.1465
18195.0000 0.1466
18198.7000 0.1466
18198.8000 0.1466
18201.4000 0.1467
18203.1000 0.1467
18208.9000 0.1467
18213.9000 0.1468
18214.0000 0.1468
18214.9000 0.1468
18215.0000 0.1469
18218.3000 0.1469
18221.1000 0.1469
18235.2000 0.1470
18242.1000 0.1470
18242.3000 0.1470
18247.4000 0.1471
18252.4000 0.1471
18264.6000 0.1472
18268.9000 0.1472
18270.6000 0.1472
18272.7000 0.1473
18279.3000 0.1473
18285.9000 0.1473
18286.3000 0.1474
18288.7000 0.1474
18288.8000 0.1474
18290.1000 0.1475
18290.8000 0.1475
18293.0000 0.1475
18300.4000 0.1476
18300.9000 0.1476
18301.3000 0.1476
18309.9000 0.1477
18321.5000 0.1477
18329.2000 0.1477
18329.5000 0.1478
18335.7000 0.1478
18338.1000 0.1478
18340.8000 0.1479
18354.0000 0.1479
18354.8000 0.1480
18355.1000 0.1480
18361.3000 0.1480
18362.0000 0.1481
18366.2000 0.1481
18371.9000 0.1481
18381.3000 0.1482
18381.3000 0.1482
18382.9000 0.1482
18384.3000 0.1483
18385.9000 0.1483
18386.5000 0.1483
18400.2000 0.1484
18401.3000 0.1484
18403.6000 0.1484
18403.8000 0.1485
18406.8000 0.1485
18407.6000 0.1485
18409.7000 0.1486
18415.3000 0.1486
18421.7000 0.1486
18430.6000 0.1487
18431.9000 0.1487
18433.1000 0.1488
18439.6000 0.1488
18439.7000 0.1488
18440.1000 0.1489
18441.8000 0.1489
18447.4000 0.1489
18447.7000 0.1490
18450.2000 0.1490
18457.6000 0.1490
18463.0000 0.1491
18482.0000 0.1491
18483.9000 0.1491
18488.1000 0.1492
18492.7000 0.1492
18494.6000 0.1492
18497.6000 0.1493
18497.9000 0.1493
18500.2000 0.1493
18500.3000 0.1494
18510.0000 0.1494
18512.9000 0.1494
18513.4000 0.1495
18513.9000 0.1495
18521.0000 0.1495
18521.6000 0.1496
18523.9000 0.1496
18524.2000 0.1497
18529.9000 0.1497
18530.0000 0.1497
18531.0000 0.1498
18532.9000 0.1498
18535.6000 0.1498
18542.6000 0.1499
18545.4000 0.1499
18546.8000 0.1499
18547.9000 0.1500
18562.4000 0.1500
18569.3000 0.1500
18570.9000 0.1501
18579.2000 0.1501
18584.5000 0.1501
18589.2000 0.1502
18589.9000 0.1502
18589.9000 0.1502
18592.8000 0.1503
18595.0000 0.1503
18599.2000 0.1503
18600.8000 0.1504
18604.2000 0.1504
18605.0000 0.1505
18611.7000 0.1505
18644.0000 0.1505
18648.3000 0.1506
18659.1000 0.1506
18659.4000 0.1506
18660.3000 0.1507
18665.0000 0.1507
18666.2000 0.1507
18666.3000 0.1508
18677.7000 0.1508
18679.4000 0.1508
18681.4000 0.1509
18681.7000 0.1509
18685.4000 0.1509
18691.8000 0.1510
18709.2000 0.1510
18713.9000 0.1510
18714.4000 0.1511
18715.7000 0.1511
18716.6000 0.1511
18717.6000 0.1512
18724.0000 0.1512
18732.5000 0.1513
18739.6000 0.1513
18739.9000 0.1513
18741.0000 0.1514
18742.4000 0.1514
18743.0000 0.1514
18743.5000 0.1515
18751.0000 0.1515
18755.6000 0.1515
18760.6000 0.1516
18763.8000 0.1516
18765.0000 0.1516
18768.1000 0.1517
18768.4000 0.1517
18769.7000 0.1517
18772.9000 0.1518
18776.1000 0.1518
18780.6000 0.1518
18782.3000 0.1519
18787.9000 0.1519
18803.6000 0.1519
18810.8000 0.1520
18812.0000 0.1520
18812.7000 0.1520
18814.4000 0.1521
18817.5000 0.1521
18818.4000 0.1522
18825.4000 0.1522
18830.2000 0.1522
18841.8000 0.1523
18846.4000 0.1523
18855.0000 0.1523
18861.6000 0.1524
18864.1000 0.1524
18864.3000 0.1524
18865.0000 0.1525
18872.5000 0.1525
18875.6000 0.1525
18884.6000 0.1526
18885.2000 0.1526
18892.3000 0.1526
18896.6000 0.1527
18899.7000 0.1527
18918.2000 0.1527
18923.4000 0.1528
18933.9000 0.1528
18936.3000 0.1528
18944.6000 0.1529
18944.8000 0.1529
18945.0000 0.1530
18947.3000 0.1530
18954.3000 0.1530
18957.5000 0.1531
18958.7000 0.1531
18965.1000 0.1531
18968.6000 0.1532
18972.5000 0.1532
18973.6000 0.1532
18982.0000 0.1533
18982.6000 0.1533
18984.9000 0.1533
18986.7000 0.1534
18990.5000 0.1534
18996.0000 0.1534
19000.3000 0.1535
19002.9000 0.1535
19011.0000 0.1535
19015.7000 0.1536
19019.0000 0.1536
19026.8000 0.1536
19028.4000 0.1537
19031.4000 0.1537
19035.3000 0.1538
19039.4000 0.1538
19048.0000 0.1538
19050.3000 0.1539
19050.9000 0.1539
19055.3000 0.1539
19060.9000 0.1540
19061.1000 0.1540
19062.2000 0.1540
19066.0000 0.1541
19069.2000 0.1541
19069.8000 0.1541
19082.4000 0.1542
19082.7000 0.1542
19083.1000 0.1542
19083.9000 0.1543
19085.2000 0.1543
19089.8000 0.1543
19091.8000 0.1544
19092.0000 0.1544
19093.6000 0.1544
19103.8000 0.1545
19105.8000 0.1545
19108.0000 0.1545
19113.3000 0.1546
19115.9000 0.1546
19120.6000 0.1547
19121.8000 0.1547
19122.8000 0.1547
19128.0000 0.1548
19136.5000 0.1548
19142.6000 0.1548
19145.5000 0.1549
19147.8000 0.1549
19154.9000 0.1549
19155.9000 0.1550
19157.2000 0.1550
19160.6000 0.1550
19161.6000 0.1551
19161.7000 0.1551
19163.9000 0.1551
19175.0000 0.1552
19181.7000 0.1552
19182.0000 0.1552
19184.6000 0.1553
19188.8000 0.1553
19196.6000 0.1553
19200.6000 0.1554
19200.7000 0.1554
19203.0000 0.1555
19203.5000 0.1555
19213.5000 0.1555
19213.9000 0.1556
19215.4000 0.1556
19221.6000 0.1556
19225.3000 0.1557
19232.0000 0.1557
19235.6000 0.1557
19240.8000 0.1558
19242.0000 0.1558
19244.3000 0.1558
19255.4000 0.1559
19259.6000 0.1559
19264.8000 0.1559
19266.3000 0.1560
19269.9000 0.1560
19273.3000 0.1560
19278.6000 0.1561
19297.0000 0.1561
19298.9000 0.1561
19300.5000 0.1562
19304.9000 0.1562
19312.1000 0.1563
19313.0000 0.1563
19313.4000 0.1563
19322.4000 0.1564
19327.4000 0.1564
19327.7000 0.1564
19330.0000 0.1565
19333.4000 0.1565
19333.5000 0.1565
19336.1000 0.1566
19339.2000 0.1566
19344.9000 0.1566
19350.5000 0.1567
19352.6000 0.1567
19358.4000 0.1567
19365.4000 0.1568
19365.8000 0.1568
19366.0000 0.1568
19366.3000 0.1569
19380.1000 0.1569
19382.7000 0.1569
19392.0000 0.1570
19400.9000 0.1570
19401.5000 0.1570
19403.4000 0.1571
19404.1000 0.1571
19405.0000 0.1572
19409.9000 0.1572
19419.5000 0.1572
19423.1000 0.1573
19423.2000 0.1573
19424.5000 0.1573
19425.4000 0.1574
19431.1000 0.1574
19431.9000 0.1574
19432.7000 0.1575
19437.9000 0.1575
19438.9000 0.1575
19439.2000 0.1576
19443.6000 0.1576
19445.3000 0.1576
19463.6000 0.1577
19466.5000 0.1577
19476.9000 0.1577
19479.8000 0.1578
19482.0000 0.1578
19492.3000 0.1578
19500.1000 0.1579
19501.6000 0.1579
19501.8000 0.1580
19508.3000 0.1580
19510.0000 0.1580
19511.7000 0.1581
19527.4000 0.1581
19532.9000 0.1581
19542.8000 0.1582
19545.3000 0.1582
19560.4000 0.1582
19561.8000 0.1583
19563.3000 0.1583
19569.4000 0.1583
19569.7000 0.1584
19570.5000 0.1584
19571.2000 0.1584
19574.3000 0.1585
19577.0000 0.1585
19577.4000 0.1585
19585.5000 0.1586
19588.2000 0.1586
19589.6000 0.1586
19590.9000 0.1587
19596.2000 0.1587
19596.4000 0.1588
19599.7000 0.1588
19603.0000 0.1588
19610.2000 0.1589
19611.3000 0.1589
19611.5000 0.1589
19620.0000 0.1590
19622.0000 0.1590
19624.7000 0.1590
19632.4000 0.1591
19637.0000 0.1591
19641.2000 0.1591
19650.9000 0.1592
19660.8000 0.1592
19666.2000 0.1592
19666.8000 0.1593
19668.0000 0.1593
19674.9000 0.1593
19684.2000 0.1594
19684.9000 0.1594
19687.9000 0.1594
19693.4000 0.1595
19697.7000 0.1595
19709.0000 0.1595
19709.1000 0.1596
19709.7000 0.1596
19722.6000 0.1597
19725.2000 0.1597
19727.1000 0.1597
19728.5000 0.1598
19734.5000 0.1598
19739.7000 0.1598
19751.2000 0.1599
19752.0000 0.1599
19755.8000 0.1599
19758.5000 0.1600
19759.8000 0.1600
19760.1000 0.1600
19773.2000 0.1601
19777.8000 0.1601
19786.0000 0.1601
19788.1000 0.1602
19792.3000 0.1602
19793.5000 0.1602
19794.0000 0.1603
19798.9000 0.1603
19799.8000 0.1603
19809.5000 0.1604
19815.5000 0.1604
19827.0000 0.1605
19830.0000 0.1605
19831.5000 0.1605
19834.9000 0.1606
19836.3000 0.1606
19837.4000 0.1606
19844.3000 0.1607
19851.6000 0.1607
19853.6000 0.1607
19855.3000 0.1608
19856.9000 0.1608
19859.4000 0.1608
19865.6000 0.1609
19865.8000 0.1609
19866.9000 0.1609
19867.3000 0.1610
19868.7000 0.1610
19875.2000 0.1610
19880.8000 0.1611
19884.5000 0.1611
19888.7000 0.1611
19891.3000 0.1612
19898.9000 0.1612
19926.5000 0.1613
19928.3000 0.1613
19934.3000 0.1613
19943.8000 0.1614
19951.2000 0.1614
19963.3000 0.1614
19967.0000 0.1615
19976.5000 0.1615
19978.6000 0.1615
19978.9000 0.1616
19989.0000 0.1616
19993.5000 0.1616
19993.6000 0.1617
19996.5000 0.1617
19996.8000 0.1617
19998.4000 0.1618
19998.5000 0.1618
19999.3000 0.1618
20014.0000 0.1619
20019.0000 0.1619
20020.1000 0.1619
20026.4000 0.1620
20026.6000 0.1620
20027.0000 0.1620
20032.9000 0.1621
20036.0000 0.1621
20037.3000 0.1622
20043.6000 0.1622
20044.9000 0.1622
20044.9000 0.1623
20046.3000 0.1623
20046.9000 0.1623
20062.6000 0.1624
20068.9000 0.1624
20073.7000 0.1624
20074.8000 0.1625
20089.5000 0.1625
20099.2000 0.1625
20115.0000 0.1626
20119.0000 0.1626
20128.2000 0.1626
20133.9000 0.1627
20137.2000 0.1627
20142.0000 0.1627
20145.8000 0.1628
20146.5000 0.1628
20148.5000 0.1628
20157.2000 0.1629
20159.0000 0.1629
20160.4000 0.1630
20166.6000 0.1630
20168.0000 0.1630
20171.7000 0.1631
20181.7000 0.1631
20187.7000 0.1631
20190.4000 0.1632
20198.4000 0.1632
20208.3000 0.1632
20213.2000 0.1633
20213.6000 0.1633
20219.9000 0.1633
20220.6000 0.1634
20223.0000 0.1634
20224.4000 0.1634
20225.0000 0.1635
20228.8000 0.1635
20233.1000 0.1635
20238.6000 0.1636
20243.7000 0.1636
20251.9000 0.1636
20257.2000 0.1637
20261.2000 0.1637
20270.6000 0.1638
20271.3000 0.1638
20274.0000 0.1638
20287.3000 0.1639
20290.8000 0.1639
20292.2000 0.1639
20293.5000 0.1640
20294.5000 0.1640
20295.3000 0.1640
20295.7000 0.1641
20297.5000 0.1641
20298.0000 0.1641
20299.0000 0.1642
20301.9000 0.1642
20303.8000 0.1642
20305.0000 0.1643
20305.8000 0.1643
20306.9000 0.1643
20307.6000 0.1644
20307.6000 0.1644
20307.8000 0.1644
20319.6000 0.1645
20326.1000 0.1645
20329.6000 0.1645
20340.7000 0.1646
20341.6000 0.1646
20349.7000 0.1647
20357.6000 0.1647
20368.2000 0.1647
20383.7000 0.1648
20384.2000 0.1648
20386.3000 0.1648
20391.0000 0.1649
20400.4000 0.1649
20401.5000 0.1649
20404.5000 0.1650
20418.0000 0.1650
20419.1000 0.1650
20419.5000 0.1651
20423.7000 0.1651
20430.1000 0.1651
20430.8000 0.1652
20437.0000 0.1652
20440.5000 0.1652
20443.6000 0.1653
20447.1000 0.1653
20450.5000 0.1653
20456.7000 0.1654
20464.9000 0.1654
20479.2000 0.1655
20485.5000 0.1655
20493.6000 0.1655
20498.3000 0.1656
20499.7000 0.1656
20501.4000 0.1656
20507.9000 0.1657
20509.5000 0.1657
20514.6000 0.1657
20517.6000 0.1658
20525.9000 0.1658
20533.0000 0.1658
20545.0000 0.1659
20549.2000 0.1659
20552.0000 0.1659
20552.0000 0.1660
20552.3000 0.1660
20554.4000 0.1660
20555.1000 0.1661
20557.9000 0.1661
20559.0000 0.1661
20562.4000 0.1662
20565.7000 0.1662
20570.3000 0.1663
20577.9000 0.1663
20580.6000 0.1663
20589.3000 0.1664
20595.9000 0.1664
20598.2000 0.1664
20602.9000 0.1665
20605.4000 0.1665
20607.9000 0.1665
20618.8000 0.1666
20619.1000 0.1666
20625.0000 0.1666
20633.8000 0.1667
20641.2000 0.1667
20643.0000 0.1667
20646.3000 0.1668
20650.0000 0.1668
20663.7000 0.1668
20664.6000 0.1669
20673.9000 0.1669
20677.7000 0.1669
20686.8000 0.1670
20686.8000 0.1670
20693.2000 0.1670
20701.0000 0.1671
20706.8000 0.1671
20711.3000 0.1672
20713.5000 0.1672
20714.2000 0.1672
20722.9000 0.1673
20723.5000 0.1673
20723.6000 0.1673
20727.6000 0.1674
20729.8000 0.1674
20734.0000 0.1674
20735.0000 0.1675
20738.2000 0.1675
20740.5000 0.1675
20744.4000 0.1676
20748.0000 0.1676
20748.8000 0.1676
20765.3000 0.1677
20766.0000 0.1677
20767.1000 0.1677
20767.3000 0.1678
20767.6000 0.1678
20767.7000 0.1678
20772.7000 0.1679
20781.3000 0.1679
20783.1000 0.1680
20783.7000 0.1680
20791.7000 0.1680
20806.7000 0.1681
20821.7000 0.1681
20827.6000 0.1681
20828.7000 0.1682
20831.6000 0.1682
20833.0000 0.1682
20834.3000 0.1683
20846.8000 0.1683
20862.5000 0.1683
20866.2000 0.1684
20866.5000 0.1684
20875.6000 0.1684
20877.3000 0.1685
20877.4000 0.1685
20883.2000 0.1685
20891.9000 0.1686
20896.0000 0.1686
20899.6000 0.1686
20907.6000 0.1687
20911.9000 0.1687
20913.3000 0.1688
20915.0000 0.1688
20922.2000 0.1688
20928.7000 0.1689
20931.2000 0.1689
20932.5000 0.1689
20932.7000 0.1690
20938.6000 0.1690
20942.6000 0.1690
20945.9000 0.1691
20950.2000 0.1691
20957.2000 0.1691
20960.1000 0.1692
20962.6000 0.1692
20965.1000 0.1692
20969.7000 0.1693
20970.0000 0.1693
20970.3000 0.1693
20971.6000 0.1694
20977.9000 0.1694
20979.5000 0.1694
20987.9000 0.1695
20992.8000 0.1695
20997.6000 0.1695
21004.4000 0.1696
21014.2000 0.1696
21034.4000 0.1697
21035.6000 0.1697
21036.7000 0.1697
21038.6000 0.1698
21043.1000 0.1698
21055.2000 0.1698
21058.5000 0.1699
21060.6000 0.1699
21062.5000 0.1699
21063.8000 0.1700
21066.1000 0.1700
21072.1000 0.1700
21074.9000 0.1701
21086.9000 0.1701
21097.4000 0.1701
21106.9000 0.1702
21116.2000 0.1702
21135.8000 0.1702
21140.5000 0.1703
21141.6000 0.1703
21153.2000 0.1703
21160.3000 0.1704
21172.2000 0.1704
21176.5000 0.1705
21197.5000 0.1705
21203.6000 0.1705
21204.9000 0.1706
21220.6000 0.1706
21222.0000 0.1706
21222.1000 0.1707
21224.9000 0.1707
21227.7000 0.1707
21231.7000 0.1708
21233.9000 0.1708
21250.1000 0.1708
21253.9000 0.1709
21257.7000 0.1709
21262.7000 0.1709
21264.0000 0.1710
21264.2000 0.1710
21267.9000 0.1710
21270.7000 0.1711
21287.8000 0.1711
21293.5000 0.1711
21293.6000 0.1712
21305.0000 0.1712
21311.4000 0.1713
21312.8000 0.1713
21319.7000 0.1713
21332.1000 0.1714
21332.2000 0.1714
21339.8000 0.1714
21345.2000 0.1715
21345.8000 0.1715
21346.9000 0.1715
21350.3000 0.1716
21373.8000 0.1716
21379.8000 0.1716
21389.0000 0.1717
21410.5000 0.1717
21415.3000 0.1717
21428.7000 0.1718
21445.0000 0.1718
21447.7000 0.1718
21455.0000 0.1719
21455.0000 0.1719
21457.2000 0.1719
21457.6000 0.1720
21461.3000 0.1720
21462.9000 0.1720
21476.3000 0.1721
21478.2000 0.1721
21485.3000 0.1722
21485.7000 0.1722
21485.9000 0.1722
21492.0000 0.1723
21494.5000 0.1723
21494.9000 0.1723
21502.2000 0.1724
21523.2000 0.1724
21528.8000 0.1724
21547.7000 0.1725
21553.9000 0.1725
21554.7000 0.1725
21556.2000 0.1726
21570.4000 0.1726
21573.1000 0.1726
21573.8000 0.1727
21574.3000 0.1727
21578.7000 0.1727
21584.9000 0.1728
21586.6000 0.1728
21602.1000 0.1728
21608.3000 0.1729
21613.3000 0.1729
21614.6000 0.1730
21614.8000 0.1730
21623.0000 0.1730
21624.5000 0.1731
21634.2000 0.1731
21649.9000 0.1731
21655.1000 0.1732
21656.5000 0.1732
21666.6000 0.1732
21670.0000 0.1733
21676.4000 0.1733
21697.6000 0.1733
21698.6000 0.1734
21708.9000 0.1734
21716.4000 0.1734
21719.8000 0.1735
21724.6000 0.1735
21727.8000 0.1735
21731.7000 0.1736
21734.5000 0.1736
21739.6000 0.1736
21748.1000 0.1737
21754.1000 0.1737
21754.5000 0.1738
21757.5000 0.1738
21770.8000 0.1738
21786.6000 0.1739
21791.6000 0.1739
21794.0000 0.1739
21794.2000 0.1740
21799.0000 0.1740
21800.8000 0.1740
21822.1000 0.1741
21824.9000 0.1741
21827.5000 0.1741
21835.7000 0.1742
21842.7000 0.1742
21847.3000 0.1742
21870.4000 0.1743
21878.9000 0.1743
21878.9000 0.1743
21885.4000 0.1744
21889.9000 0.1744
21890.3000 0.1744
21891.0000 0.1745
21901.1000 0.1745
21906.7000 0.1745
21922.6000 0.1746
21947.5000 0.1746
21948.0000 0.1747
21958.9000 0.1747
21960.6000 0.1747
21964.1000 0.1748
21965.6000 0.1748
21969.1000 0.1748
21973.2000 0.1749
21977.0000 0.1749
21978.2000 0.1749
21988.7000 0.1750
21993.6000 0.1750
21993.8000 0.1750
21995.4000 0.1751
21996.2000 0.1751
21997.1000 0.1751
21997.3000 0.1752
22002.9000 0.1752
22003.2000 0.1752
22005.3000 0.1753
22010.6000 0.1753
22015.0000 0.1753
22015.0000 0.1754
22028.6000 0.1754
22029.9000 0.1755
22038.5000 0.1755
22039.0000 0.1755
22045.1000 0.1756
22058.8000 0.1756
22074.2000 0.1756
22074.7000 0.1757
22076.8000 0.1757
22081.0000 0.1757
22083.4000 0.1758
22092.7000 0.1758
22098.3000 0.1758
22099.1000 0.1759
22103.2000 0.1759
22126.7000 0.1759
22128.7000 0.1760
22132.7000 0.1760
22144.4000 0.1760
22156.0000 0.1761
22160.1000 0.1761
22160.6000 0.1761
22161.3000 0.1762
22164.2000 0.1762
22164.9000 0.1763
22171.1000 0.1763
22171.6000 0.1763
22178.3000 0.1764
22179.1000 0.1764
22189.6000 0.1764
22196.2000 0.1765
22199.8000 0.1765
22201.9000 0.1765
22207.5000 0.1766
22218.0000 0.1766
22230.2000 0.1766
22249.3000 0.1767
22269.9000 0.1767
22270.3000 0.1767
22271.8000 0.1768
22284.6000 0.1768
22287.0000 0.1768
22288.3000 0.1769
22293.3000 0.1769
22296.3000 0.1769
22298.6000 0.1770
22312.0000 0.1770
22323.2000 0.1770
22334.1000 0.1771
22363.3000 0.1771
22364.7000 0.1772
22378.6000 0.1772
22381.6000 0.1772
22382.6000 0.1773
22390.5000 0.1773
22399.1000 0.1773
22399.6000 0.1774
22402.9000 0.1774
22403.5000 0.1774
22408.1000 0.1775
22413.3000 0.1775
22420.0000 0.1775
22428.9000 0.1776
22431.8000 0.1776
22443.5000 0.1776
22446.2000 0.1777
22463.3000 0.1777
22469.6000 0.1777
22492.1000 0.1778
22500.5000 0.1778
22501.4000 0.1778
22510.6000 0.1779
22510.9000 0.1779
22512.0000 0.1780
22518.9000 0.1780
22523.6000 0.1780
22525.2000 0.1781
22529.5000 0.1781
22531.3000 0.1781
22542.8000 0.1782
22562.9000 0.1782
22565.0000 0.1782
22565.3000 0.1783
22565.6000 0.1783
22573.0000 0.1783
22577.2000 0.1784
22584.5000 0.1784
22594.4000 0.1784
22602.9000 0.1785
22628.9000 0.1785
22635.6000 0.1785
22638.1000 0.1786
22639.6000 0.1786
22645.5000 0.1786
22658.0000 0.1787
22666.9000 0.1787
22670.2000 0.1788
22674.0000 0.1788
22692.1000 0.1788
22705.6000 0.1789
22708.9000 0.1789
22714.9000 0.1789
22726.3000 0.1790
22730.3000 0.1790
22732.3000 0.1790
22747.5000 0.1791
22747.5000 0.1791
22749.2000 0.1791
22760.4000 0.1792
22770.3000 0.1792
22770.6000 0.1792
22793.0000 0.1793
22819.8000 0.1793
22827.8000 0.1793
22833.0000 0.1794
22833.9000 0.1794
22835.4000 0.1794
22838.4000 0.1795
22842.0000 0.1795
22846.7000 0.1795
22855.6000 0.1796
22861.2000 0.1796
22865.5000 0.1797
22878.0000 0.1797
22881.2000 0.1797
22891.3000 0.1798
22895.0000 0.1798
22897.0000 0.1798
22900.9000 0.1799
22909.0000 0.1799
22935.8000 0.1799
22937.9000 0.1800
22945.7000 0.1800
22948.9000 0.1800
22965.4000 0.1801
22965.6000 0.1801
22967.2000 0.1801
22974.7000 0.1802
22985.8000 0.1802
22987.6000 0.1802
22988.0000 0.1803
22989.9000 0.1803
23002.0000 0.1803
23006.7000 0.1804
23009.2000 0.1804
23010.7000 0.1805
23019.2000 0.1805
23021.3000 0.1805
23030.4000 0.1806
23032.5000 0.1806
23033.1000 0.1806
23052.3000 0.1807
23057.8000 0.1807
23066.5000 0.1807
23068.4000 0.1808
23079.9000 0.1808
23083.0000 0.1808
23089.5000 0.1809
23096.1000 0.1809
23105.1000 0.1809
23119.4000 0.1810
23130.3000 0.1810
23132.8000 0.1810
23150.9000 0.1811
23154.3000 0.1811
23160.7000 0.1811
23176.2000 0.1812
23195.6000 0.1812
23220.0000 0.1813
23228.0000 0.1813
23232.1000 0.1813
23234.9000 0.1814
23244.0000 0.1814
23262.8000 0.1814
23264.1000 0.1815
23273.0000 0.1815
23282.0000 0.1815
23286.1000 0.1816
23289.8000 0.1816
23296.4000 0.1816
23298.7000 0.1817
23313.4000 0.1817
23313.6000 0.1817
23324.4000 0.1818
23325.4000 0.1818
23330.5000 0.1818
23331.5000 0.1819
23331.6000 0.1819
23348.2000 0.1819
23349.9000 0.1820
23366.1000 0.1820
23369.7000 0.1820
23375.7000 0.1821
23383.5000 0.1821
23384.5000 0.1822
23386.8000 0.1822
23392.5000 0.1822
23405.1000 0.1823
23411.4000 0.1823
23421.0000 0.1823
23425.4000 0.1824
23429.5000 0.1824
23432.0000 0.1824
23432.8000 0.1825
23445.1000 0.1825
23452.1000 0.1825
23458.1000 0.1826
23468.0000 0.1826
23478.2000 0.1826
23479.3000 0.1827
23481.3000 0.1827
23487.3000 0.1827
23488.2000 0.1828
23494.6000 0.1828
23501.0000 0.1828
23507.2000 0.1829
23507.8000 0.1829
23521.4000 0.1830
23521.7000 0.1830
23544.0000 0.1830
23554.4000 0.1831
23569.4000 0.1831
23579.8000 0.1831
23582.6000 0.1832
23589.8000 0.1832
23605.4000 0.1832
23606.2000 0.1833
23619.3000 0.1833
23638.9000 0.1833
23654.3000 0.1834
23662.9000 0.1834
23667.3000 0.1834
23687.0000 0.1835
23688.1000 0.1835
23689.3000 0.1835
23689.7000 0.1836
23703.0000 0.1836
23708.8000 0.1836
23711.0000 0.1837
23714.5000 0.1837
23753.3000 0.1838
23754.9000 0.1838
23766.8000 0.1838
23769.3000 0.1839
23771.0000 0.1839
23774.8000 0.1839
23816.2000 0.1840
23820.2000 0.1840
23822.3000 0.1840
23827.4000 0.1841
23831.1000 0.1841
23841.5000 0.1841
23841.9000 0.1842
23874.5000 0.1842
23881.0000 0.1842
23887.3000 0.1843
23894.2000 0.1843
23903.0000 0.1843
23904.8000 0.1844
23908.0000 0.1844
23909.6000 0.1844
23914.9000 0.1845
23924.5000 0.1845
23929.4000 0.1845
23938.7000 0.1846
23945.3000 0.1846
23948.4000 0.1847
23956.3000 0.1847
23959.7000 0.1847
23970.5000 0.1848
23979.4000 0.1848
