# messageDelay  cumulativeProbability
5.0000 0.0000
5.0000 0.0001
5.0000 0.0001
5.0000 0.0001
5.0000 0.0002
5.0000 0.0002
5.0000 0.0002
5.0000 0.0003
5.0000 0.0003
5.0000 0.0003
5.0000 0.0004
5.0000 0.0004
5.0000 0.0005
5.0000 0.0005
5.0000 0.0005
5.0000 0.0006
5.0000 0.0006
5.0000 0.0006
5.0000 0.0007
5.0000 0.0007
5.0000 0.0007
5.0000 0.0008
5.0000 0.0008
5.0000 0.0008
5.0000 0.0009
5.0000 0.0009
5.0000 0.0009
5.0000 0.0010
5.0000 0.0010
5.0000 0.0010
5.0000 0.0011
5.0000 0.0011
5.0000 0.0011
5.0000 0.0012
5.0000 0.0012
5.0000 0.0013
5.0000 0.0013
5.0000 0.0013
5.0000 0.0014
5.0000 0.0014
5.0000 0.0014
5.0000 0.0015
5.0000 0.0015
5.0000 0.0015
5.0000 0.0016
5.0000 0.0016
5.0000 0.0016
5.0000 0.0017
5.0000 0.0017
5.0000 0.0017
5.0000 0.0018
5.0000 0.0018
5.0000 0.0018
5.0000 0.0019
5.0000 0.0019
5.0000 0.0019
5.0000 0.0020
5.0000 0.0020
5.0000 0.0020
5.0000 0.0021
5.0000 0.0021
5.0000 0.0022
5.0000 0.0022
5.0000 0.0022
5.0000 0.0023
5.0000 0.0023
5.0000 0.0023
5.0000 0.0024
5.0000 0.0024
5.0000 0.0024
5.0000 0.0025
5.0000 0.0025
5.0000 0.0025
5.0000 0.0026
5.0000 0.0026
5.0000 0.0026
5.0000 0.0027
5.0000 0.0027
5.0000 0.0027
5.0000 0.0028
5.0000 0.0028
5.0000 0.0028
5.0000 0.0029
5.0000 0.0029
5.0000 0.0030
5.0000 0.0030
5.0000 0.0030
5.0000 0.0031
5.0000 0.0031
5.0000 0.0031
5.0000 0.0032
5.0000 0.0032
5.4000 0.0032
5.9000 0.0033
6.0000 0.0033
6.7000 0.0033
6.8000 0.0034
7.0000 0.0034
7.0000 0.0034
8.0000 0.0035
8.1000 0.0035
8.3000 0.0035
8.7000 0.0036
9.4000 0.0036
10.0000 0.0036
10.0000 0.0037
14.0000 0.0037
14.9000 0.0037
20.2000 0.0038
22.9000 0.0038
32.2000 0.0039
39.4000 0.0039
55.4000 0.0039
76.4000 0.0040
99.3000 0.0040
106.8000 0.0040
136.4000 0.0041
144.2000 0.0041
152.9000 0.0041
154.9000 0.0042
181.9000 0.0042
211.0000 0.0042
211.2000 0.0043
225.1000 0.0043
228.4000 0.0043
243.5000 0.0044
257.0000 0.0044
262.4000 0.0044
274.9000 0.0045
278.9000 0.0045
297.3000 0.0045
297.4000 0.0046
338.9000 0.0046
341.8000 0.0047
352.4000 0.0047
393.9000 0.0047
402.7000 0.0048
406.3000 0.0048
408.2000 0.0048
423.1000 0.0049
425.5000 0.0049
439.2000 0.0049
439.7000 0.0050
440.9000 0.0050
466.9000 0.0050
468.0000 0.0051
470.6000 0.0051
481.5000 0.0051
484.0000 0.0052
487.6000 0.0052
498.5000 0.0052
503.1000 0.0053
510.3000 0.0053
516.3000 0.0053
516.7000 0.0054
520.0000 0.0054
520.2000 0.0055
526.3000 0.0055
532.7000 0.0055
535.8000 0.0056
556.0000 0.0056
557.7000 0.0056
558.2000 0.0057
569.8000 0.0057
579.7000 0.0057
590.8000 0.0058
610.5000 0.0058
611.0000 0.0058
613.4000 0.0059
613.8000 0.0059
614.7000 0.0059
619.8000 0.0060
622.3000 0.0060
624.4000 0.0060
638.1000 0.0061
639.0000 0.0061
640.9000 0.0061
651.9000 0.0062
656.2000 0.0062
666.2000 0.0063
666.7000 0.0063
677.3000 0.0063
680.8000 0.0064
694.7000 0.0064
702.2000 0.0064
715.7000 0.0065
727.4000 0.0065
730.0000 0.0065
736.1000 0.0066
736.5000 0.0066
745.1000 0.0066
746.6000 0.0067
750.2000 0.0067
760.1000 0.0067
764.1000 0.0068
764.9000 0.0068
766.5000 0.0068
776.4000 0.0069
779.9000 0.0069
782.8000 0.0069
792.5000 0.0070
808.5000 0.0070
814.0000 0.0070
818.5000 0.0071
824.6000 0.0071
826.6000 0.0072
828.5000 0.0072
829.7000 0.0072
831.0000 0.0073
831.1000 0.0073
831.9000 0.0073
832.3000 0.0074
843.4000 0.0074
846.4000 0.0074
854.6000 0.0075
856.9000 0.0075
857.6000 0.0075
876.4000 0.0076
881.6000 0.0076
886.9000 0.0076
892.4000 0.0077
893.7000 0.0077
894.9000 0.0077
896.5000 0.0078
896.6000 0.0078
896.7000 0.0078
910.6000 0.0079
911.6000 0.0079
915.9000 0.0080
919.9000 0.0080
920.5000 0.0080
924.6000 0.0081
933.0000 0.0081
933.9000 0.0081
943.7000 0.0082
964.1000 0.0082
969.3000 0.0082
975.2000 0.0083
985.3000 0.0083
985.4000 0.0083
995.7000 0.0084
996.5000 0.0084
998.0000 0.0084
1000.5000 0.0085
1003.1000 0.0085
1004.8000 0.0085
1013.5000 0.0086
1019.1000 0.0086
1019.6000 0.0086
1025.0000 0.0087
1027.6000 0.0087
1033.7000 0.0088
1036.4000 0.0088
1040.1000 0.0088
1044.1000 0.0089
1052.8000 0.0089
1055.5000 0.0089
1058.2000 0.0090
1058.9000 0.0090
1062.1000 0.0090
1065.4000 0.0091
1070.7000 0.0091
1075.2000 0.0091
1093.6000 0.0092
1094.3000 0.0092
1095.5000 0.0092
1103.0000 0.0093
1110.7000 0.0093
1114.1000 0.0093
1114.2000 0.0094
1119.3000 0.0094
1120.2000 0.0094
1122.0000 0.0095
1122.2000 0.0095
1125.1000 0.0095
1132.2000 0.0096
1152.5000 0.0096
1154.2000 0.0097
1161.5000 0.0097
1162.1000 0.0097
1173.7000 0.0098
1174.4000 0.0098
1175.2000 0.0098
1180.5000 0.0099
1181.9000 0.0099
1188.0000 0.0099
1192.0000 0.0100
1194.1000 0.0100
1195.6000 0.0100
1196.4000 0.0101
1206.6000 0.0101
1213.8000 0.0101
1215.1000 0.0102
1217.0000 0.0102
1217.5000 0.0102
1219.4000 0.0103
1224.2000 0.0103
1225.2000 0.0103
1228.5000 0.0104
1232.7000 0.0104
1238.7000 0.0105
1247.4000 0.0105
1257.3000 0.0105
1260.3000 0.0106
1262.3000 0.0106
1266.9000 0.0106
1273.5000 0.0107
1278.1000 0.0107
1281.7000 0.0107
1288.1000 0.0108
1291.0000 0.0108
1292.1000 0.0108
1292.6000 0.0109
1292.7000 0.0109
1297.9000 0.0109
1307.4000 0.0110
1317.0000 0.0110
1322.9000 0.0110
1330.0000 0.0111
1333.6000 0.0111
1334.4000 0.0111
1339.6000 0.0112
1340.4000 0.0112
1340.4000 0.0113
1343.4000 0.0113
1344.5000 0.0113
1349.4000 0.0114
1351.2000 0.0114
1353.7000 0.0114
1354.0000 0.0115
1354.8000 0.0115
1359.1000 0.0115
1364.7000 0.0116
1368.4000 0.0116
1379.4000 0.0116
1384.0000 0.0117
1387.0000 0.0117
1387.9000 0.0117
1388.7000 0.0118
1391.8000 0.0118
1393.2000 0.0118
1395.4000 0.0119
1397.5000 0.0119
1407.1000 0.0119
1407.3000 0.0120
1408.6000 0.0120
1414.0000 0.0120
1414.2000 0.0121
1414.5000 0.0121
1414.7000 0.0122
1415.3000 0.0122
1416.9000 0.0122
1419.6000 0.0123
1421.9000 0.0123
1440.0000 0.0123
1440.7000 0.0124
1441.5000 0.0124
1445.1000 0.0124
1446.0000 0.0125
1447.4000 0.0125
1450.8000 0.0125
1451.2000 0.0126
1454.1000 0.0126
1461.1000 0.0126
1471.4000 0.0127
1471.7000 0.0127
1473.4000 0.0127
1477.1000 0.0128
1478.3000 0.0128
1481.0000 0.0128
1482.5000 0.0129
1483.2000 0.0129
1484.2000 0.0130
1486.4000 0.0130
1491.5000 0.0130
1491.7000 0.0131
1492.5000 0.0131
1493.3000 0.0131
1495.9000 0.0132
1497.9000 0.0132
1502.6000 0.0132
1507.8000 0.0133
1510.0000 0.0133
1513.7000 0.0133
1515.5000 0.0134
1517.8000 0.0134
1521.1000 0.0134
1521.2000 0.0135
1521.9000 0.0135
1523.3000 0.0135
1524.3000 0.0136
1524.5000 0.0136
1526.0000 0.0136
1528.3000 0.0137
1532.8000 0.0137
1533.7000 0.0138
1535.9000 0.0138
1536.2000 0.0138
1538.2000 0.0139
1541.5000 0.0139
1544.9000 0.0139
1545.3000 0.0140
1547.4000 0.0140
1547.8000 0.0140
1548.4000 0.0141
1562.7000 0.0141
1563.7000 0.0141
1563.9000 0.0142
1564.1000 0.0142
1565.9000 0.0142
1567.0000 0.0143
1569.5000 0.0143
1577.5000 0.0143
1577.7000 0.0144
1582.0000 0.0144
1587.0000 0.0144
1587.7000 0.0145
1589.4000 0.0145
1593.3000 0.0145
1594.4000 0.0146
1601.0000 0.0146
1608.0000 0.0147
1608.1000 0.0147
1617.5000 0.0147
1621.0000 0.0148
1622.9000 0.0148
1629.0000 0.0148
1629.5000 0.0149
1633.2000 0.0149
1634.9000 0.0149
1635.4000 0.0150
1636.9000 0.0150
1643.0000 0.0150
1643.3000 0.0151
1647.1000 0.0151
1659.1000 0.0151
1659.2000 0.0152
1671.1000 0.0152
1672.2000 0.0152
1677.2000 0.0153
1679.2000 0.0153
1684.1000 0.0153
1684.3000 0.0154
1686.9000 0.0154
1690.1000 0.0155
1690.4000 0.0155
1690.6000 0.0155
1693.6000 0.0156
1700.4000 0.0156
1702.0000 0.0156
1707.0000 0.0157
1709.9000 0.0157
1713.8000 0.0157
1718.6000 0.0158
1721.0000 0.0158
1722.3000 0.0158
1723.4000 0.0159
1723.9000 0.0159
1727.0000 0.0159
1734.0000 0.0160
1736.0000 0.0160
1745.1000 0.0160
1748.6000 0.0161
1749.8000 0.0161
1757.0000 0.0161
1757.0000 0.0162
1764.2000 0.0162
1765.2000 0.0163
1767.0000 0.0163
1769.8000 0.0163
1773.7000 0.0164
1777.3000 0.0164
1786.4000 0.0164
1797.4000 0.0165
1799.6000 0.0165
1802.9000 0.0165
1804.6000 0.0166
1808.4000 0.0166
1809.5000 0.0166
1812.2000 0.0167
1814.3000 0.0167
1815.6000 0.0167
1817.9000 0.0168
1819.0000 0.0168
1832.0000 0.0168
1836.2000 0.0169
1847.7000 0.0169
1849.3000 0.0169
1850.8000 0.0170
1858.7000 0.0170
1861.6000 0.0170
1871.0000 0.0171
1873.7000 0.0171
1875.8000 0.0172
1878.5000 0.0172
1887.4000 0.0172
1889.1000 0.0173
1896.2000 0.0173
1896.3000 0.0173
1896.9000 0.0174
1897.4000 0.0174
1901.6000 0.0174
1904.6000 0.0175
1904.9000 0.0175
1912.4000 0.0175
1914.4000 0.0176
1921.0000 0.0176
1922.2000 0.0176
1922.2000 0.0177
1923.8000 0.0177
1926.6000 0.0177
1926.8000 0.0178
1928.3000 0.0178
1929.3000 0.0178
1933.8000 0.0179
1935.0000 0.0179
1943.4000 0.0180
1954.8000 0.0180
1955.8000 0.0180
1960.7000 0.0181
1962.0000 0.0181
1965.4000 0.0181
1974.7000 0.0182
1979.2000 0.0182
1980.2000 0.0182
1981.0000 0.0183
1984.2000 0.0183
1996.2000 0.0183
1999.8000 0.0184
2000.2000 0.0184
2011.6000 0.0184
2013.1000 0.0185
2014.8000 0.0185
2018.3000 0.0185
2032.9000 0.0186
2034.1000 0.0186
2049.9000 0.0186
2051.6000 0.0187
2053.1000 0.0187
2053.4000 0.0187
2059.3000 0.0188
2060.6000 0.0188
2061.7000 0.0189
2062.6000 0.0189
2063.3000 0.0189
2063.6000 0.0190
2071.7000 0.0190
2085.4000 0.0190
2087.1000 0.0191
2093.6000 0.0191
2094.3000 0.0191
2098.2000 0.0192
2105.6000 0.0192
2106.5000 0.0192
2109.8000 0.0193
2110.5000 0.0193
2117.4000 0.0193
2118.4000 0.0194
2120.0000 0.0194
2121.5000 0.0194
2123.9000 0.0195
2128.2000 0.0195
2128.3000 0.0195
2130.1000 0.0196
2130.3000 0.0196
2138.2000 0.0197
2138.3000 0.0197
2140.9000 0.0197
2144.5000 0.0198
2147.0000 0.0198
2148.5000 0.0198
2153.0000 0.0199
2158.8000 0.0199
2158.9000 0.0199
2167.8000 0.0200
2171.7000 0.0200
2174.2000 0.0200
2182.1000 0.0201
2185.3000 0.0201
2188.6000 0.0201
2189.4000 0.0202
2189.4000 0.0202
2191.1000 0.0202
2192.1000 0.0203
2196.7000 0.0203
2198.4000 0.0203
2202.2000 0.0204
2202.4000 0.0204
2204.0000 0.0205
2219.9000 0.0205
2223.0000 0.0205
2226.1000 0.0206
2234.9000 0.0206
2242.4000 0.0206
2244.0000 0.0207
2249.3000 0.0207
2250.0000 0.0207
2251.1000 0.0208
2251.7000 0.0208
2252.1000 0.0208
2257.1000 0.0209
2268.3000 0.0209
2273.3000 0.0209
2273.6000 0.0210
2280.9000 0.0210
2281.0000 0.0210
2282.9000 0.0211
2284.5000 0.0211
2293.6000 0.0211
2293.8000 0.0212
2297.9000 0.0212
2299.2000 0.0212
2301.7000 0.0213
2306.8000 0.0213
2309.0000 0.0214
2313.6000 0.0214
2316.5000 0.0214
2335.4000 0.0215
2336.5000 0.0215
2350.5000 0.0215
2350.7000 0.0216
2351.5000 0.0216
2355.7000 0.0216
2362.0000 0.0217
2366.5000 0.0217
2368.1000 0.0217
2373.5000 0.0218
2379.7000 0.0218
2380.1000 0.0218
2382.7000 0.0219
2394.4000 0.0219
2398.6000 0.0219
2399.6000 0.0220
2408.6000 0.0220
2416.5000 0.0220
2423.1000 0.0221
2427.0000 0.0221
2428.2000 0.0222
2436.4000 0.0222
2439.9000 0.0222
2446.2000 0.0223
2452.0000 0.0223
2457.6000 0.0223
2462.4000 0.0224
2479.8000 0.0224
2484.0000 0.0224
2500.4000 0.0225
2502.0000 0.0225
2505.3000 0.0225
2507.1000 0.0226
2525.5000 0.0226
2542.8000 0.0226
2545.7000 0.0227
2546.5000 0.0227
2569.3000 0.0227
2570.5000 0.0228
2570.9000 0.0228
2578.8000 0.0228
2585.7000 0.0229
2594.2000 0.0229
2601.6000 0.0230
2606.7000 0.0230
2608.4000 0.0230
2616.7000 0.0231
2623.1000 0.0231
2631.1000 0.0231
2640.4000 0.0232
2652.1000 0.0232
2654.5000 0.0232
2657.4000 0.0233
2657.6000 0.0233
2665.0000 0.0233
2665.7000 0.0234
2669.6000 0.0234
2670.0000 0.0234
2671.7000 0.0235
2676.4000 0.0235
2681.5000 0.0235
2682.4000 0.0236
2687.9000 0.0236
2689.8000 0.0236
2692.1000 0.0237
2694.0000 0.0237
2700.8000 0.0237
2707.2000 0.0238
2710.5000 0.0238
2718.3000 0.0239
2723.3000 0.0239
2731.9000 0.0239
2736.2000 0.0240
2736.3000 0.0240
2746.6000 0.0240
2746.9000 0.0241
2747.8000 0.0241
2755.2000 0.0241
2760.7000 0.0242
2770.8000 0.0242
2771.7000 0.0242
2773.6000 0.0243
2774.0000 0.0243
2774.5000 0.0243
2778.0000 0.0244
2796.3000 0.0244
2798.0000 0.0244
2798.1000 0.0245
2801.9000 0.0245
2804.4000 0.0245
2822.4000 0.0246
2845.7000 0.0246
2846.3000 0.0247
2850.4000 0.0247
2852.5000 0.0247
2852.8000 0.0248
2853.1000 0.0248
2860.6000 0.0248
2868.0000 0.0249
2872.8000 0.0249
2874.1000 0.0249
2875.5000 0.0250
2881.6000 0.0250
2881.9000 0.0250
2882.4000 0.0251
2883.8000 0.0251
2891.0000 0.0251
2895.7000 0.0252
2898.1000 0.0252
2898.3000 0.0252
2900.1000 0.0253
2901.6000 0.0253
2912.0000 0.0253
2913.9000 0.0254
2919.4000 0.0254
2930.9000 0.0255
2937.9000 0.0255
2939.5000 0.0255
2941.2000 0.0256
2964.1000 0.0256
2964.2000 0.0256
2970.3000 0.0257
2976.0000 0.0257
2978.3000 0.0257
2980.0000 0.0258
2980.1000 0.0258
2982.9000 0.0258
2983.6000 0.0259
2986.8000 0.0259
2990.8000 0.0259
2991.6000 0.0260
3011.8000 0.0260
3012.7000 0.0260
3016.9000 0.0261
3019.4000 0.0261
3019.6000 0.0261
3020.5000 0.0262
3023.6000 0.0262
3023.9000 0.0262
3030.6000 0.0263
3030.8000 0.0263
3031.3000 0.0264
3037.5000 0.0264
3037.7000 0.0264
3038.3000 0.0265
3049.8000 0.0265
3051.9000 0.0265
3058.1000 0.0266
3059.5000 0.0266
3064.4000 0.0266
3066.4000 0.0267
3068.3000 0.0267
3069.0000 0.0267
3071.7000 0.0268
3073.2000 0.0268
3075.6000 0.0268
3078.7000 0.0269
3083.2000 0.0269
3086.1000 0.0269
3088.3000 0.0270
3093.6000 0.0270
3094.8000 0.0270
3107.1000 0.0271
3107.4000 0.0271
3118.0000 0.0272
3118.5000 0.0272
3122.6000 0.0272
3139.7000 0.0273
3144.1000 0.0273
3146.3000 0.0273
3147.6000 0.0274
3152.8000 0.0274
3159.5000 0.0274
3162.4000 0.0275
3163.3000 0.0275
3181.5000 0.0275
3183.1000 0.0276
3184.0000 0.0276
3188.4000 0.0276
3192.2000 0.0277
3193.7000 0.0277
3197.1000 0.0277
3206.1000 0.0278
3206.3000 0.0278
3211.4000 0.0278
3211.7000 0.0279
3217.3000 0.0279
3224.8000 0.0280
3226.5000 0.0280
3227.8000 0.0280
3230.4000 0.0281
3230.7000 0.0281
3231.4000 0.0281
3237.4000 0.0282
3237.6000 0.0282
3248.1000 0.0282
3257.0000 0.0283
3262.9000 0.0283
3272.6000 0.0283
3272.6000 0.0284
3277.6000 0.0284
3284.5000 0.0284
3288.1000 0.0285
3291.0000 0.0285
3296.0000 0.0285
3296.7000 0.0286
3296.9000 0.0286
3298.9000 0.0286
3301.7000 0.0287
3302.9000 0.0287
3305.7000 0.0287
3312.1000 0.0288
3313.4000 0.0288
3317.2000 0.0289
3317.3000 0.0289
3320.6000 0.0289
3326.6000 0.0290
3327.0000 0.0290
3329.3000 0.0290
3330.1000 0.0291
3334.5000 0.0291
3336.2000 0.0291
3342.9000 0.0292
3346.3000 0.0292
3347.5000 0.0292
3363.4000 0.0293
3369.9000 0.0293
3370.3000 0.0293
3373.8000 0.0294
3375.8000 0.0294
3382.1000 0.0294
3383.3000 0.0295
3387.4000 0.0295
3387.5000 0.0295
3402.4000 0.0296
3403.9000 0.0296
3405.5000 0.0297
3405.7000 0.0297
3415.6000 0.0297
3418.1000 0.0298
3425.8000 0.0298
3427.4000 0.0298
3427.9000 0.0299
3433.4000 0.0299
3433.8000 0.0299
3438.0000 0.0300
3443.3000 0.0300
3452.3000 0.0300
3453.0000 0.0301
3453.4000 0.0301
3453.7000 0.0301
3454.9000 0.0302
3456.0000 0.0302
3464.4000 0.0302
3466.5000 0.0303
3466.9000 0.0303
3477.9000 0.0303
3480.5000 0.0304
3481.2000 0.0304
3483.7000 0.0305
3489.1000 0.0305
3509.6000 0.0305
3512.1000 0.0306
3513.1000 0.0306
3524.2000 0.0306
3524.5000 0.0307
3525.3000 0.0307
3531.9000 0.0307
3533.7000 0.0308
3537.7000 0.0308
3546.0000 0.0308
3547.4000 0.0309
3548.0000 0.0309
3554.1000 0.0309
3554.3000 0.0310
3556.1000 0.0310
3557.7000 0.0310
3557.8000 0.0311
3558.0000 0.0311
3567.0000 0.0311
3573.5000 0.0312
3578.6000 0.0312
3581.3000 0.0312
3592.1000 0.0313
3592.2000 0.0313
3592.6000 0.0314
3596.8000 0.0314
3607.8000 0.0314
3612.4000 0.0315
3618.8000 0.0315
3622.8000 0.0315
3630.3000 0.0316
3647.4000 0.0316
3649.0000 0.0316
3650.6000 0.0317
3652.0000 0.0317
3658.6000 0.0317
3662.1000 0.0318
3663.1000 0.0318
3670.7000 0.0318
3672.2000 0.0319
3673.4000 0.0319
3679.6000 0.0319
3684.4000 0.0320
3691.3000 0.0320
3695.8000 0.0320
3708.4000 0.0321
3710.0000 0.0321
3710.7000 0.0322
3712.5000 0.0322
3713.2000 0.0322
3717.0000 0.0323
3720.1000 0.0323
3721.9000 0.0323
3723.7000 0.0324
3730.4000 0.0324
3731.4000 0.0324
3732.6000 0.0325
3736.0000 0.0325
3737.7000 0.0325
3742.2000 0.0326
3743.8000 0.0326
3745.7000 0.0326
3750.6000 0.0327
3772.0000 0.0327
3774.4000 0.0327
3776.3000 0.0328
3778.7000 0.0328
3784.1000 0.0328
3789.5000 0.0329
3791.3000 0.0329
3791.6000 0.0330
3793.1000 0.0330
3797.2000 0.0330
3804.0000 0.0331
3817.4000 0.0331
3819.5000 0.0331
3851.9000 0.0332
3857.4000 0.0332
3864.3000 0.0332
3864.6000 0.0333
3890.6000 0.0333
3892.6000 0.0333
3907.3000 0.0334
3912.5000 0.0334
3914.2000 0.0334
3930.5000 0.0335
3930.8000 0.0335
3936.0000 0.0335
3941.3000 0.0336
3961.7000 0.0336
3963.3000 0.0336
3964.2000 0.0337
3971.0000 0.0337
3971.8000 0.0337
3976.2000 0.0338
3984.7000 0.0338
3989.8000 0.0339
3990.1000 0.0339
3996.1000 0.0339
3996.5000 0.0340
3997.5000 0.0340
4016.4000 0.0340
4017.0000 0.0341
4020.1000 0.0341
4022.1000 0.0341
4025.3000 0.0342
4034.0000 0.0342
4047.4000 0.0342
4053.9000 0.0343
4055.0000 0.0343
4064.4000 0.0343
4068.9000 0.0344
4084.9000 0.0344
4087.7000 0.0344
4093.4000 0.0345
4102.0000 0.0345
4106.6000 0.0345
4107.6000 0.0346
4108.4000 0.0346
4109.1000 0.0347
4112.9000 0.0347
4117.6000 0.0347
4121.6000 0.0348
4127.9000 0.0348
4134.0000 0.0348
4137.5000 0.0349
4140.3000 0.0349
4142.0000 0.0349
4184.3000 0.0350
4193.7000 0.0350
4201.4000 0.0350
4211.6000 0.0351
4221.7000 0.0351
4234.3000 0.0351
4234.5000 0.0352
4234.6000 0.0352
4241.4000 0.0352
4249.3000 0.0353
4255.4000 0.0353
4255.8000 0.0353
4261.6000 0.0354
4268.9000 0.0354
4277.7000 0.0355
4290.6000 0.0355
4293.3000 0.0355
4298.1000 0.0356
4309.6000 0.0356
4316.4000 0.0356
4322.8000 0.0357
4323.1000 0.0357
4325.3000 0.0357
4327.1000 0.0358
4340.2000 0.0358
4344.9000 0.0358
4348.4000 0.0359
4365.6000 0.0359
4366.5000 0.0359
4371.6000 0.0360
4385.0000 0.0360
4394.2000 0.0360
4405.0000 0.0361
4409.7000 0.0361
4410.3000 0.0361
4419.4000 0.0362
4420.2000 0.0362
4423.9000 0.0362
4424.5000 0.0363
4429.1000 0.0363
4429.8000 0.0364
4469.1000 0.0364
4470.6000 0.0364
4483.6000 0.0365
4497.3000 0.0365
4508.0000 0.0365
4512.6000 0.0366
4522.4000 0.0366
4525.2000 0.0366
4545.1000 0.0367
4550.5000 0.0367
4553.3000 0.0367
4554.0000 0.0368
4556.4000 0.0368
4585.8000 0.0368
4587.4000 0.0369
4589.5000 0.0369
4594.6000 0.0369
4596.1000 0.0370
4606.8000 0.0370
4607.4000 0.0370
4613.6000 0.0371
4627.9000 0.0371
4629.7000 0.0372
4634.2000 0.0372
4638.3000 0.0372
4654.5000 0.0373
4655.9000 0.0373
4659.7000 0.0373
4669.4000 0.0374
4671.6000 0.0374
4682.2000 0.0374
4685.1000 0.0375
4688.5000 0.0375
4740.7000 0.0375
4741.8000 0.0376
4743.3000 0.0376
4755.3000 0.0376
4759.2000 0.0377
4762.7000 0.0377
4774.9000 0.0377
4775.3000 0.0378
4776.1000 0.0378
4781.0000 0.0378
4797.2000 0.0379
4802.9000 0.0379
4808.7000 0.0380
4822.5000 0.0380
4825.7000 0.0380
4829.5000 0.0381
4831.7000 0.0381
4836.3000 0.0381
4842.4000 0.0382
4843.7000 0.0382
4859.2000 0.0382
4869.3000 0.0383
4899.4000 0.0383
4900.7000 0.0383
4902.4000 0.0384
4908.7000 0.0384
4909.7000 0.0384
4929.2000 0.0385
4953.6000 0.0385
4957.8000 0.0385
4974.6000 0.0386
4976.2000 0.0386
4978.0000 0.0386
4978.9000 0.0387
4984.5000 0.0387
4987.1000 0.0387
4988.4000 0.0388
4989.1000 0.0388
5001.0000 0.0389
5001.0000 0.0389
5002.0000 0.0389
5007.8000 0.0390
5019.1000 0.0390
5021.3000 0.0390
5030.8000 0.0391
5036.1000 0.0391
5042.2000 0.0391
5042.7000 0.0392
5043.0000 0.0392
5046.4000 0.0392
5048.6000 0.0393
5048.9000 0.0393
5049.0000 0.0393
5052.4000 0.0394
5054.0000 0.0394
5064.6000 0.0394
5067.7000 0.0395
5078.2000 0.0395
5078.7000 0.0395
5081.1000 0.0396
5085.0000 0.0396
5086.3000 0.0397
5093.0000 0.0397
5104.6000 0.0397
5109.8000 0.0398
5113.0000 0.0398
5131.2000 0.0398
5132.3000 0.0399
5149.4000 0.0399
5152.7000 0.0399
5157.4000 0.0400
5159.5000 0.0400
5162.6000 0.0400
5166.4000 0.0401
5169.8000 0.0401
5173.2000 0.0401
5179.1000 0.0402
5198.1000 0.0402
5203.4000 0.0402
5206.9000 0.0403
5209.1000 0.0403
5212.4000 0.0403
5213.3000 0.0404
5228.3000 0.0404
5234.6000 0.0405
5253.1000 0.0405
5255.7000 0.0405
5256.4000 0.0406
5256.5000 0.0406
5257.4000 0.0406
5258.4000 0.0407
5271.2000 0.0407
5282.6000 0.0407
5289.5000 0.0408
5291.8000 0.0408
5299.4000 0.0408
5312.9000 0.0409
5314.6000 0.0409
5319.6000 0.0409
5321.0000 0.0410
5340.4000 0.0410
5348.1000 0.0410
5348.9000 0.0411
5351.2000 0.0411
5359.7000 0.0411
5407.1000 0.0412
5432.3000 0.0412
5440.6000 0.0412
5441.5000 0.0413
5446.4000 0.0413
5446.8000 0.0414
5448.1000 0.0414
5466.9000 0.0414
5474.7000 0.0415
5476.6000 0.0415
5494.6000 0.0415
5522.6000 0.0416
5527.0000 0.0416
5527.9000 0.0416
5533.3000 0.0417
5533.4000 0.0417
5544.0000 0.0417
5562.8000 0.0418
5576.9000 0.0418
5581.8000 0.0418
5598.6000 0.0419
5606.0000 0.0419
5607.3000 0.0419
5620.6000 0.0420
5621.7000 0.0420
5633.8000 0.0420
5675.0000 0.0421
5680.2000 0.0421
5685.0000 0.0422
5686.8000 0.0422
5688.7000 0.0422
5698.8000 0.0423
5708.0000 0.0423
5718.0000 0.0423
5718.8000 0.0424
5722.1000 0.0424
5748.2000 0.0424
5749.3000 0.0425
5751.2000 0.0425
5754.8000 0.0425
5760.7000 0.0426
5771.4000 0.0426
5814.2000 0.0426
5815.5000 0.0427
5833.7000 0.0427
5850.9000 0.0427
5853.0000 0.0428
5853.2000 0.0428
5861.7000 0.0428
5882.6000 0.0429
5889.0000 0.0429
5892.2000 0.0430
5895.4000 0.0430
5904.6000 0.0430
5905.7000 0.0431
5905.8000 0.0431
5908.4000 0.0431
5911.8000 0.0432
5933.2000 0.0432
5937.2000 0.0432
5941.6000 0.0433
5977.3000 0.0433
5978.8000 0.0433
5995.3000 0.0434
5996.7000 0.0434
6025.8000 0.0434
6036.8000 0.0435
6058.5000 0.0435
6080.5000 0.0435
6085.3000 0.0436
6105.7000 0.0436
6110.0000 0.0436
6112.3000 0.0437
6112.5000 0.0437
6116.9000 0.0437
6117.8000 0.0438
6119.1000 0.0438
6148.8000 0.0439
6151.2000 0.0439
6152.7000 0.0439
6162.2000 0.0440
6192.0000 0.0440
6208.0000 0.0440
6221.6000 0.0441
6225.9000 0.0441
6227.2000 0.0441
6242.4000 0.0442
6274.8000 0.0442
6277.5000 0.0442
6283.1000 0.0443
6292.2000 0.0443
6318.6000 0.0443
6371.0000 0.0444
6371.0000 0.0444
6382.9000 0.0444
6385.1000 0.0445
6409.4000 0.0445
6409.7000 0.0445
6418.0000 0.0446
6436.7000 0.0446
6441.4000 0.0447
6444.8000 0.0447
6446.0000 0.0447
6456.7000 0.0448
6461.2000 0.0448
6470.3000 0.0448
6471.9000 0.0449
6483.7000 0.0449
6483.9000 0.0449
6498.7000 0.0450
6503.1000 0.0450
6512.1000 0.0450
6516.3000 0.0451
6517.9000 0.0451
6529.4000 0.0451
6529.7000 0.0452
6538.5000 0.0452
6540.9000 0.0452
6543.5000 0.0453
6545.1000 0.0453
6596.8000 0.0453
6602.2000 0.0454
6622.0000 0.0454
6623.7000 0.0455
6650.9000 0.0455
6656.9000 0.0455
6662.5000 0.0456
6667.0000 0.0456
6668.4000 0.0456
6670.3000 0.0457
6677.6000 0.0457
6681.0000 0.0457
6682.4000 0.0458
6723.2000 0.0458
6745.0000 0.0458
6761.9000 0.0459
6785.5000 0.0459
6812.4000 0.0459
6817.0000 0.0460
6820.8000 0.0460
6830.8000 0.0460
6830.9000 0.0461
6834.0000 0.0461
6838.6000 0.0461
6863.9000 0.0462
6868.1000 0.0462
6869.9000 0.0462
6878.6000 0.0463
6884.0000 0.0463
6894.8000 0.0464
6898.3000 0.0464
6899.6000 0.0464
6903.5000 0.0465
6914.0000 0.0465
6922.1000 0.0465
6922.3000 0.0466
6930.3000 0.0466
6941.7000 0.0466
6948.9000 0.0467
6959.4000 0.0467
6974.8000 0.0467
6975.4000 0.0468
6978.3000 0.0468
6982.1000 0.0468
6992.5000 0.0469
6995.6000 0.0469
6998.8000 0.0469
7001.3000 0.0470
7017.1000 0.0470
7020.6000 0.0470
7025.3000 0.0471
7030.0000 0.0471
7042.4000 0.0472
7054.8000 0.0472
7071.9000 0.0472
7077.3000 0.0473
7080.2000 0.0473
7083.9000 0.0473
7085.0000 0.0474
7108.7000 0.0474
7120.3000 0.0474
7133.8000 0.0475
7153.8000 0.0475
7168.5000 0.0475
7175.7000 0.0476
7179.0000 0.0476
7179.5000 0.0476
7183.4000 0.0477
7186.0000 0.0477
7189.4000 0.0477
7204.9000 0.0478
7220.4000 0.0478
7239.3000 0.0478
7248.2000 0.0479
7262.4000 0.0479
7268.7000 0.0480
7272.8000 0.0480
7280.6000 0.0480
7295.7000 0.0481
7296.7000 0.0481
7308.0000 0.0481
7326.4000 0.0482
7356.0000 0.0482
7357.0000 0.0482
7365.3000 0.0483
7384.8000 0.0483
7391.3000 0.0483
7393.4000 0.0484
7424.4000 0.0484
7431.7000 0.0484
7433.9000 0.0485
7436.8000 0.0485
7438.7000 0.0485
7443.4000 0.0486
7453.2000 0.0486
7468.6000 0.0486
7487.9000 0.0487
7496.9000 0.0487
7498.4000 0.0487
7499.5000 0.0488
7503.0000 0.0488
7505.9000 0.0489
7525.6000 0.0489
7530.4000 0.0489
7537.2000 0.0490
7538.7000 0.0490
7539.7000 0.0490
7555.4000 0.0491
7575.9000 0.0491
7586.5000 0.0491
7596.0000 0.0492
7610.5000 0.0492
7634.9000 0.0492
7639.6000 0.0493
7640.0000 0.0493
7667.5000 0.0493
7672.5000 0.0494
7690.7000 0.0494
7714.3000 0.0494
7728.3000 0.0495
7746.6000 0.0495
7747.3000 0.0495
7757.2000 0.0496
7772.7000 0.0496
7781.3000 0.0497
7789.9000 0.0497
7791.2000 0.0497
7815.2000 0.0498
7820.1000 0.0498
7828.3000 0.0498
7855.3000 0.0499
7867.4000 0.0499
7876.0000 0.0499
7884.2000 0.0500
7885.3000 0.0500
7888.4000 0.0500
7900.4000 0.0501
7930.4000 0.0501
7930.4000 0.0501
7942.3000 0.0502
7969.3000 0.0502
7976.6000 0.0502
7977.9000 0.0503
7980.5000 0.0503
8038.0000 0.0503
8049.1000 0.0504
8054.3000 0.0504
8060.3000 0.0505
8094.5000 0.0505
8098.8000 0.0505
8102.3000 0.0506
8106.3000 0.0506
8110.0000 0.0506
8113.3000 0.0507
8118.4000 0.0507
8122.7000 0.0507
8136.4000 0.0508
8136.7000 0.0508
8142.8000 0.0508
8145.9000 0.0509
8159.6000 0.0509
8161.9000 0.0509
8196.7000 0.0510
8208.0000 0.0510
8215.6000 0.0510
8236.0000 0.0511
8238.3000 0.0511
8249.3000 0.0511
8258.1000 0.0512
8301.0000 0.0512
8317.4000 0.0512
8318.6000 0.0513
8326.1000 0.0513
8327.5000 0.0514
8328.8000 0.0514
8333.8000 0.0514
8341.8000 0.0515
8354.9000 0.0515
8364.5000 0.0515
8373.9000 0.0516
8381.7000 0.0516
8387.8000 0.0516
8388.2000 0.0517
8394.1000 0.0517
8401.7000 0.0517
8402.3000 0.0518
8403.7000 0.0518
8413.7000 0.0518
8431.5000 0.0519
8456.6000 0.0519
8459.0000 0.0519
8483.0000 0.0520
8490.5000 0.0520
8500.9000 0.0520
8510.2000 0.0521
8514.3000 0.0521
8518.7000 0.0522
8523.1000 0.0522
8546.9000 0.0522
8570.3000 0.0523
8580.9000 0.0523
8591.3000 0.0523
8596.8000 0.0524
8611.1000 0.0524
8675.3000 0.0524
8687.2000 0.0525
8707.1000 0.0525
8714.4000 0.0525
8717.8000 0.0526
8722.1000 0.0526
8736.1000 0.0526
8757.0000 0.0527
8772.6000 0.0527
8781.0000 0.0527
8783.4000 0.0528
8786.2000 0.0528
8800.2000 0.0528
8815.2000 0.0529
8824.1000 0.0529
8840.9000 0.0530
8844.9000 0.0530
8849.2000 0.0530
8851.6000 0.0531
8864.4000 0.0531
8877.2000 0.0531
8900.5000 0.0532
8904.8000 0.0532
8941.4000 0.0532
8951.2000 0.0533
8957.9000 0.0533
8966.4000 0.0533
8992.7000 0.0534
9003.6000 0.0534
9010.0000 0.0534
9018.1000 0.0535
9020.0000 0.0535
9022.3000 0.0535
9023.2000 0.0536
9053.0000 0.0536
9053.0000 0.0536
9074.4000 0.0537
9076.6000 0.0537
9094.8000 0.0537
9110.4000 0.0538
9116.7000 0.0538
9117.5000 0.0539
9122.1000 0.0539
9135.9000 0.0539
9138.8000 0.0540
9147.7000 0.0540
9151.3000 0.0540
9153.7000 0.0541
9156.2000 0.0541
9159.8000 0.0541
9164.2000 0.0542
9195.5000 0.0542
9195.8000 0.0542
9240.5000 0.0543
9244.9000 0.0543
9246.8000 0.0543
9270.0000 0.0544
9273.3000 0.0544
9275.2000 0.0544
9285.5000 0.0545
9297.7000 0.0545
9298.5000 0.0545
9299.9000 0.0546
9319.2000 0.0546
9328.6000 0.0547
9331.7000 0.0547
9335.8000 0.0547
9343.5000 0.0548
9353.0000 0.0548
9359.1000 0.0548
9379.7000 0.0549
9380.0000 0.0549
9411.0000 0.0549
9411.0000 0.0550
9413.0000 0.0550
9423.0000 0.0550
9437.6000 0.0551
9441.0000 0.0551
9444.9000 0.0551
9454.4000 0.0552
9458.1000 0.0552
9462.0000 0.0552
9462.2000 0.0553
9470.6000 0.0553
9471.8000 0.0553
9482.6000 0.0554
9490.3000 0.0554
9502.5000 0.0555
9524.6000 0.0555
9575.4000 0.0555
9584.6000 0.0556
9584.9000 0.0556
9586.7000 0.0556
9590.1000 0.0557
9592.4000 0.0557
9601.5000 0.0557
9606.8000 0.0558
9611.0000 0.0558
9627.4000 0.0558
9668.2000 0.0559
9671.8000 0.0559
9674.8000 0.0559
9676.9000 0.0560
9689.0000 0.0560
9692.2000 0.0560
9703.9000 0.0561
9745.5000 0.0561
9745.8000 0.0561
9767.1000 0.0562
9797.8000 0.0562
9804.3000 0.0562
9846.3000 0.0563
9855.6000 0.0563
9883.4000 0.0564
9888.1000 0.0564
9903.5000 0.0564
9943.8000 0.0565
9958.4000 0.0565
9978.6000 0.0565
9991.6000 0.0566
10012.5000 0.0566
10049.1000 0.0566
10064.9000 0.0567
10084.3000 0.0567
10085.0000 0.0567
10105.8000 0.0568
10124.0000 0.0568
10128.6000 0.0568
10129.9000 0.0569
10131.0000 0.0569
10142.0000 0.0569
10159.9000 0.0570
10177.0000 0.0570
10192.8000 0.0570
10227.3000 0.0571
10228.7000 0.0571
10240.3000 0.0572
10251.6000 0.0572
10254.6000 0.0572
10257.2000 0.0573
10260.0000 0.0573
10260.3000 0.0573
10266.4000 0.0574
10267.9000 0.0574
10328.2000 0.0574
10342.8000 0.0575
10345.9000 0.0575
10350.3000 0.0575
10363.9000 0.0576
10379.7000 0.0576
10391.7000 0.0576
10412.7000 0.0577
10415.6000 0.0577
10420.0000 0.0577
10428.6000 0.0578
10444.7000 0.0578
10447.0000 0.0578
10452.1000 0.0579
10472.7000 0.0579
10480.2000 0.0580
10481.2000 0.0580
10482.0000 0.0580
10500.4000 0.0581
10512.6000 0.0581
10540.0000 0.0581
10584.3000 0.0582
10597.2000 0.0582
10603.7000 0.0582
10607.7000 0.0583
10623.3000 0.0583
10624.2000 0.0583
10626.9000 0.0584
10630.6000 0.0584
10644.5000 0.0584
10648.0000 0.0585
10664.1000 0.0585
10672.3000 0.0585
10677.0000 0.0586
10677.9000 0.0586
10690.4000 0.0586
10697.6000 0.0587
10700.5000 0.0587
10700.5000 0.0587
10708.0000 0.0588
10717.9000 0.0588
10728.7000 0.0589
10731.4000 0.0589
10751.9000 0.0589
10758.6000 0.0590
10776.3000 0.0590
10794.7000 0.0590
10799.5000 0.0591
10819.8000 0.0591
10833.4000 0.0591
10871.2000 0.0592
10880.8000 0.0592
10892.7000 0.0592
10894.2000 0.0593
10908.4000 0.0593
10922.2000 0.0593
10926.2000 0.0594
10940.9000 0.0594
10961.8000 0.0594
10963.9000 0.0595
10997.6000 0.0595
11009.2000 0.0595
11013.9000 0.0596
11026.2000 0.0596
11028.3000 0.0597
11033.6000 0.0597
11041.6000 0.0597
11052.7000 0.0598
11060.3000 0.0598
11068.9000 0.0598
11074.6000 0.0599
11080.5000 0.0599
11091.8000 0.0599
11096.8000 0.0600
11129.1000 0.0600
11149.3000 0.0600
11156.6000 0.0601
11167.1000 0.0601
11201.4000 0.0601
11206.4000 0.0602
11209.4000 0.0602
11216.3000 0.0602
11219.9000 0.0603
11234.7000 0.0603
11271.0000 0.0603
11276.6000 0.0604
11279.6000 0.0604
11281.0000 0.0605
11318.4000 0.0605
11323.9000 0.0605
11336.5000 0.0606
11374.4000 0.0606
11383.6000 0.0606
11392.0000 0.0607
11408.3000 0.0607
11415.3000 0.0607
11420.3000 0.0608
11432.9000 0.0608
11434.6000 0.0608
11443.2000 0.0609
11456.0000 0.0609
11460.6000 0.0609
11468.9000 0.0610
11476.0000 0.0610
11488.6000 0.0610
11488.8000 0.0611
11518.8000 0.0611
11527.4000 0.0611
11539.9000 0.0612
11542.5000 0.0612
11546.5000 0.0612
11549.8000 0.0613
11555.0000 0.0613
11566.5000 0.0614
11568.9000 0.0614
11572.2000 0.0614
11604.1000 0.0615
11630.7000 0.0615
11680.0000 0.0615
11680.5000 0.0616
11684.2000 0.0616
11698.2000 0.0616
11698.8000 0.0617
11702.6000 0.0617
11710.7000 0.0617
11717.2000 0.0618
11720.0000 0.0618
11735.0000 0.0618
11739.1000 0.0619
11755.9000 0.0619
11757.4000 0.0619
11772.2000 0.0620
11809.3000 0.0620
11810.0000 0.0620
11814.3000 0.0621
11824.6000 0.0621
11830.2000 0.0622
11830.2000 0.0622
11836.0000 0.0622
11836.3000 0.0623
11842.7000 0.0623
11849.7000 0.0623
11853.0000 0.0624
11858.9000 0.0624
11889.4000 0.0624
11892.9000 0.0625
11907.5000 0.0625
11933.1000 0.0625
11948.3000 0.0626
11949.3000 0.0626
11969.7000 0.0626
11972.4000 0.0627
11976.6000 0.0627
11998.3000 0.0627
12034.1000 0.0628
12034.5000 0.0628
12040.5000 0.0628
12046.6000 0.0629
12058.2000 0.0629
12062.5000 0.0630
12066.8000 0.0630
12075.0000 0.0630
12076.4000 0.0631
12092.8000 0.0631
12106.2000 0.0631
12108.6000 0.0632
12122.4000 0.0632
12126.2000 0.0632
12134.4000 0.0633
12143.7000 0.0633
12145.9000 0.0633
12147.0000 0.0634
12147.1000 0.0634
12162.6000 0.0634
12162.9000 0.0635
12175.8000 0.0635
12178.0000 0.0635
12194.8000 0.0636
12206.0000 0.0636
12206.5000 0.0636
12221.3000 0.0637
12237.0000 0.0637
12239.0000 0.0637
12247.0000 0.0638
12249.5000 0.0638
12267.6000 0.0639
12272.7000 0.0639
12295.2000 0.0639
12300.7000 0.0640
12301.3000 0.0640
12315.6000 0.0640
12325.6000 0.0641
12325.9000 0.0641
12328.0000 0.0641
12335.3000 0.0642
12372.6000 0.0642
12396.5000 0.0642
12401.8000 0.0643
12414.0000 0.0643
12417.2000 0.0643
12421.6000 0.0644
12435.3000 0.0644
12436.2000 0.0644
12438.5000 0.0645
12466.5000 0.0645
12469.6000 0.0645
12523.7000 0.0646
12527.5000 0.0646
12533.9000 0.0647
12537.0000 0.0647
12540.7000 0.0647
12576.4000 0.0648
12584.2000 0.0648
12591.7000 0.0648
12610.2000 0.0649
12666.8000 0.0649
12676.8000 0.0649
12680.5000 0.0650
12687.7000 0.0650
12690.6000 0.0650
12712.8000 0.0651
12713.2000 0.0651
12724.0000 0.0651
12739.1000 0.0652
12769.0000 0.0652
12772.5000 0.0652
12784.8000 0.0653
12798.4000 0.0653
12801.4000 0.0653
12808.9000 0.0654
12819.5000 0.0654
12836.4000 0.0655
12842.0000 0.0655
12848.1000 0.0655
12870.8000 0.0656
12881.3000 0.0656
12889.9000 0.0656
12893.9000 0.0657
12901.8000 0.0657
12917.2000 0.0657
12934.8000 0.0658
12974.7000 0.0658
12988.6000 0.0658
13009.7000 0.0659
13013.7000 0.0659
13023.4000 0.0659
13046.3000 0.0660
13065.7000 0.0660
13066.7000 0.0660
13068.9000 0.0661
13070.5000 0.0661
13072.4000 0.0661
13076.1000 0.0662
13105.3000 0.0662
13113.3000 0.0662
13125.1000 0.0663
13125.7000 0.0663
13126.5000 0.0664
13157.5000 0.0664
13157.9000 0.0664
13160.2000 0.0665
13162.6000 0.0665
13175.9000 0.0665
13176.1000 0.0666
13178.1000 0.0666
13179.1000 0.0666
13209.6000 0.0667
13222.0000 0.0667
13224.5000 0.0667
13241.5000 0.0668
13333.9000 0.0668
13348.5000 0.0668
13366.6000 0.0669
13371.2000 0.0669
13390.5000 0.0669
13401.8000 0.0670
13411.7000 0.0670
13414.1000 0.0670
13414.8000 0.0671
13454.1000 0.0671
13467.5000 0.0672
13506.2000 0.0672
13507.9000 0.0672
13508.5000 0.0673
13519.0000 0.0673
13534.1000 0.0673
13534.9000 0.0674
13536.1000 0.0674
13539.6000 0.0674
13540.1000 0.0675
13551.4000 0.0675
13570.9000 0.0675
13584.0000 0.0676
13627.5000 0.0676
13656.5000 0.0676
13657.7000 0.0677
13676.1000 0.0677
13678.9000 0.0677
13680.0000 0.0678
13688.9000 0.0678
13739.0000 0.0678
13752.6000 0.0679
13758.2000 0.0679
13760.6000 0.0680
13774.3000 0.0680
13781.9000 0.0680
13783.0000 0.0681
13801.0000 0.0681
13852.8000 0.0681
13856.1000 0.0682
13910.5000 0.0682
13912.1000 0.0682
13919.8000 0.0683
13947.0000 0.0683
13948.3000 0.0683
13978.1000 0.0684
13983.6000 0.0684
14008.2000 0.0684
14018.5000 0.0685
14035.1000 0.0685
14057.0000 0.0685
14089.4000 0.0686
14092.3000 0.0686
14095.1000 0.0686
14098.8000 0.0687
14108.4000 0.0687
14113.1000 0.0687
14149.4000 0.0688
14163.3000 0.0688
14175.9000 0.0689
14177.3000 0.0689
14185.9000 0.0689
14193.5000 0.0690
14207.2000 0.0690
14209.2000 0.0690
14228.0000 0.0691
14228.0000 0.0691
14244.0000 0.0691
14247.6000 0.0692
14248.4000 0.0692
14257.0000 0.0692
14262.2000 0.0693
14266.0000 0.0693
14271.8000 0.0693
14275.4000 0.0694
14275.4000 0.0694
14279.0000 0.0694
14298.6000 0.0695
14302.5000 0.0695
14311.7000 0.0695
14313.7000 0.0696
14323.2000 0.0696
14357.3000 0.0697
14369.0000 0.0697
14384.7000 0.0697
14398.3000 0.0698
14406.7000 0.0698
14409.4000 0.0698
14425.1000 0.0699
14456.7000 0.0699
14459.0000 0.0699
14467.3000 0.0700
14475.7000 0.0700
14480.9000 0.0700
14487.1000 0.0701
14488.3000 0.0701
14489.6000 0.0701
14498.6000 0.0702
14510.3000 0.0702
14511.1000 0.0702
14527.5000 0.0703
14548.2000 0.0703
14575.4000 0.0703
14584.8000 0.0704
14585.0000 0.0704
14610.7000 0.0705
14624.0000 0.0705
14635.9000 0.0705
14637.9000 0.0706
14644.1000 0.0706
14644.7000 0.0706
14653.5000 0.0707
14667.0000 0.0707
14670.1000 0.0707
14671.3000 0.0708
14687.2000 0.0708
14688.5000 0.0708
14690.9000 0.0709
14716.6000 0.0709
14722.6000 0.0709
14728.5000 0.0710
14760.4000 0.0710
14764.8000 0.0710
14787.6000 0.0711
14795.9000 0.0711
14824.5000 0.0711
14831.6000 0.0712
14846.4000 0.0712
14864.7000 0.0712
14873.9000 0.0713
14878.6000 0.0713
14881.1000 0.0714
14886.6000 0.0714
14886.9000 0.0714
14901.8000 0.0715
14908.4000 0.0715
14932.1000 0.0715
14940.5000 0.0716
14942.1000 0.0716
14972.1000 0.0716
14981.1000 0.0717
14985.0000 0.0717
15002.5000 0.0717
15005.2000 0.0718
15033.3000 0.0718
15036.4000 0.0718
15039.5000 0.0719
15072.0000 0.0719
15082.1000 0.0719
15093.2000 0.0720
15119.1000 0.0720
15122.2000 0.0720
15124.2000 0.0721
15130.5000 0.0721
15130.9000 0.0722
15133.0000 0.0722
15145.1000 0.0722
15147.7000 0.0723
15167.5000 0.0723
15172.0000 0.0723
15240.1000 0.0724
15240.4000 0.0724
15264.4000 0.0724
15273.3000 0.0725
15275.7000 0.0725
15276.2000 0.0725
15287.6000 0.0726
15288.7000 0.0726
15316.9000 0.0726
15323.8000 0.0727
15327.5000 0.0727
15354.1000 0.0727
15370.0000 0.0728
15371.7000 0.0728
15391.6000 0.0728
15399.3000 0.0729
15415.0000 0.0729
15419.2000 0.0730
15452.6000 0.0730
15456.1000 0.0730
15456.2000 0.0731
15468.0000 0.0731
15493.0000 0.0731
15494.9000 0.0732
15558.6000 0.0732
15586.1000 0.0732
15609.7000 0.0733
15626.6000 0.0733
15628.2000 0.0733
15634.6000 0.0734
15643.0000 0.0734
15644.4000 0.0734
15645.6000 0.0735
15649.3000 0.0735
15663.8000 0.0735
15668.2000 0.0736
15679.0000 0.0736
15685.3000 0.0736
15692.1000 0.0737
15695.7000 0.0737
15700.0000 0.0737
15703.7000 0.0738
15716.0000 0.0738
15718.7000 0.0739
15761.3000 0.0739
15773.0000 0.0739
15778.7000 0.0740
15791.6000 0.0740
15791.8000 0.0740
15833.2000 0.0741
15840.3000 0.0741
15849.4000 0.0741
15860.3000 0.0742
15864.8000 0.0742
15882.1000 0.0742
15882.7000 0.0743
15890.7000 0.0743
15893.0000 0.0743
15940.3000 0.0744
15942.7000 0.0744
15949.3000 0.0744
15951.0000 0.0745
15956.9000 0.0745
15976.7000 0.0745
15979.4000 0.0746
15985.5000 0.0746
15998.1000 0.0747
16004.4000 0.0747
16026.0000 0.0747
16029.2000 0.0748
16044.5000 0.0748
16048.0000 0.0748
16079.0000 0.0749
16086.6000 0.0749
16088.1000 0.0749
16124.9000 0.0750
16124.9000 0.0750
16138.3000 0.0750
16158.1000 0.0751
16167.0000 0.0751
16170.8000 0.0751
16198.5000 0.0752
16199.6000 0.0752
16200.1000 0.0752
16203.1000 0.0753
16221.5000 0.0753
16231.0000 0.0753
16231.1000 0.0754
16241.0000 0.0754
16246.4000 0.0755
16249.2000 0.0755
16253.4000 0.0755
16264.0000 0.0756
16266.3000 0.0756
16292.1000 0.0756
16311.6000 0.0757
16339.6000 0.0757
16352.2000 0.0757
16356.6000 0.0758
16359.3000 0.0758
16366.3000 0.0758
16375.5000 0.0759
16388.8000 0.0759
16394.3000 0.0759
16394.9000 0.0760
16396.2000 0.0760
16398.6000 0.0760
16400.9000 0.0761
16413.0000 0.0761
16413.5000 0.0761
16417.7000 0.0762
16419.5000 0.0762
16433.4000 0.0763
16436.7000 0.0763
16441.0000 0.0763
16456.0000 0.0764
16463.3000 0.0764
16472.7000 0.0764
16477.5000 0.0765
16480.3000 0.0765
16505.6000 0.0765
16506.3000 0.0766
16510.1000 0.0766
16517.0000 0.0766
16517.1000 0.0767
16519.8000 0.0767
16531.9000 0.0767
16537.4000 0.0768
16544.8000 0.0768
16552.1000 0.0768
16590.0000 0.0769
16591.0000 0.0769
16608.1000 0.0769
16619.6000 0.0770
16621.4000 0.0770
16632.4000 0.0770
16650.4000 0.0771
16663.0000 0.0771
16664.0000 0.0772
16665.1000 0.0772
16692.2000 0.0772
16698.6000 0.0773
16705.5000 0.0773
16736.6000 0.0773
16746.7000 0.0774
16749.6000 0.0774
16755.0000 0.0774
16761.3000 0.0775
16763.8000 0.0775
16790.0000 0.0775
16795.0000 0.0776
16795.6000 0.0776
16804.7000 0.0776
16805.4000 0.0777
16817.9000 0.0777
16841.5000 0.0777
16850.7000 0.0778
16857.8000 0.0778
16888.1000 0.0778
16894.6000 0.0779
16900.6000 0.0779
16901.5000 0.0780
16934.0000 0.0780
16969.5000 0.0780
16979.7000 0.0781
16980.6000 0.0781
17006.6000 0.0781
17033.0000 0.0782
17047.7000 0.0782
17061.3000 0.0782
17090.4000 0.0783
17091.6000 0.0783
17099.8000 0.0783
17112.0000 0.0784
17113.2000 0.0784
17121.2000 0.0784
17128.3000 0.0785
17141.9000 0.0785
17158.3000 0.0785
17164.3000 0.0786
17183.4000 0.0786
17186.7000 0.0786
17202.5000 0.0787
17207.9000 0.0787
17248.5000 0.0788
17257.0000 0.0788
17275.9000 0.0788
17288.9000 0.0789
17310.6000 0.0789
17318.9000 0.0789
17344.6000 0.0790
17353.4000 0.0790
17384.9000 0.0790
17420.0000 0.0791
17429.7000 0.0791
17435.8000 0.0791
17449.7000 0.0792
17453.6000 0.0792
17454.2000 0.0792
17460.3000 0.0793
17474.8000 0.0793
17476.8000 0.0793
17482.9000 0.0794
17487.1000 0.0794
17487.2000 0.0794
17489.1000 0.0795
17496.9000 0.0795
17506.4000 0.0795
17508.1000 0.0796
17512.9000 0.0796
17559.7000 0.0797
17561.4000 0.0797
17566.5000 0.0797
17632.6000 0.0798
17680.6000 0.0798
17685.6000 0.0798
17690.4000 0.0799
17696.3000 0.0799
17745.0000 0.0799
17782.3000 0.0800
17783.4000 0.0800
17821.6000 0.0800
17831.0000 0.0801
17862.1000 0.0801
17867.1000 0.0801
17867.9000 0.0802
17874.2000 0.0802
17887.1000 0.0802
17894.2000 0.0803
17905.1000 0.0803
17910.6000 0.0803
17911.0000 0.0804
17912.1000 0.0804
17930.6000 0.0805
17935.7000 0.0805
17940.3000 0.0805
17943.7000 0.0806
17953.8000 0.0806
17956.2000 0.0806
17960.0000 0.0807
17969.0000 0.0807
17982.9000 0.0807
17985.9000 0.0808
17990.0000 0.0808
18040.0000 0.0808
18040.1000 0.0809
18048.8000 0.0809
18084.4000 0.0809
18108.0000 0.0810
18111.1000 0.0810
18118.3000 0.0810
18161.7000 0.0811
18167.7000 0.0811
18175.4000 0.0811
18201.3000 0.0812
18227.1000 0.0812
18236.1000 0.0813
18260.1000 0.0813
18281.6000 0.0813
18284.9000 0.0814
18311.3000 0.0814
18320.3000 0.0814
18332.2000 0.0815
18374.2000 0.0815
18376.1000 0.0815
18400.7000 0.0816
18402.1000 0.0816
18422.7000 0.0816
18433.5000 0.0817
18455.9000 0.0817
18469.9000 0.0817
18476.9000 0.0818
18483.1000 0.0818
18496.0000 0.0818
18508.4000 0.0819
18511.7000 0.0819
18515.3000 0.0819
18535.6000 0.0820
18548.0000 0.0820
18548.3000 0.0820
18563.5000 0.0821
18619.2000 0.0821
18630.5000 0.0822
18655.9000 0.0822
18672.3000 0.0822
18701.2000 0.0823
18705.7000 0.0823
18714.4000 0.0823
18716.6000 0.0824
18743.0000 0.0824
18746.2000 0.0824
18792.8000 0.0825
18796.4000 0.0825
18803.8000 0.0825
18806.8000 0.0826
18810.7000 0.0826
18824.5000 0.0826
18825.1000 0.0827
18839.8000 0.0827
18853.8000 0.0827
18856.7000 0.0828
18876.6000 0.0828
18890.4000 0.0828
18891.4000 0.0829
18912.7000 0.0829
18918.0000 0.0830
18942.4000 0.0830
18979.4000 0.0830
18991.2000 0.0831
19004.2000 0.0831
19012.5000 0.0831
19037.0000 0.0832
19044.0000 0.0832
19048.3000 0.0832
19058.9000 0.0833
19060.6000 0.0833
19061.4000 0.0833
19061.6000 0.0834
19062.9000 0.0834
19072.0000 0.0834
19079.1000 0.0835
19084.2000 0.0835
19088.8000 0.0835
19096.3000 0.0836
19106.1000 0.0836
19107.6000 0.0836
19126.7000 0.0837
19127.9000 0.0837
19137.8000 0.0838
19142.1000 0.0838
19153.4000 0.0838
19182.8000 0.0839
19184.3000 0.0839
19190.3000 0.0839
19199.5000 0.0840
19206.2000 0.0840
19225.0000 0.0840
19230.6000 0.0841
19241.5000 0.0841
19255.7000 0.0841
19263.7000 0.0842
19269.4000 0.0842
19272.2000 0.0842
19281.8000 0.0843
19297.6000 0.0843
19304.9000 0.0843
19314.1000 0.0844
19314.1000 0.0844
19314.2000 0.0844
19327.8000 0.0845
19328.3000 0.0845
19350.7000 0.0845
19368.5000 0.0846
19369.6000 0.0846
19371.8000 0.0847
19383.9000 0.0847
19395.0000 0.0847
19404.9000 0.0848
19425.3000 0.0848
19458.4000 0.0848
19478.3000 0.0849
19488.9000 0.0849
19491.3000 0.0849
19494.0000 0.0850
19503.1000 0.0850
19539.3000 0.0850
19544.9000 0.0851
19545.9000 0.0851
19557.0000 0.0851
19599.6000 0.0852
19600.7000 0.0852
19606.2000 0.0852
19627.6000 0.0853
19655.0000 0.0853
19699.4000 0.0853
19703.3000 0.0854
19705.5000 0.0854
19708.9000 0.0855
19747.5000 0.0855
19783.0000 0.0855
19790.4000 0.0856
19809.7000 0.0856
19811.0000 0.0856
19821.6000 0.0857
19828.9000 0.0857
19831.0000 0.0857
19839.0000 0.0858
19841.5000 0.0858
19859.1000 0.0858
19879.2000 0.0859
19881.7000 0.0859
19905.0000 0.0859
19911.6000 0.0860
19912.5000 0.0860
19912.8000 0.0860
19921.6000 0.0861
19923.8000 0.0861
19944.3000 0.0861
19961.8000 0.0862
19962.2000 0.0862
19965.7000 0.0863
19980.2000 0.0863
19980.7000 0.0863
19987.6000 0.0864
19991.5000 0.0864
20001.0000 0.0864
20016.9000 0.0865
20040.5000 0.0865
20041.0000 0.0865
20064.3000 0.0866
20065.5000 0.0866
20069.1000 0.0866
20089.1000 0.0867
20090.4000 0.0867
20093.0000 0.0867
20130.3000 0.0868
20137.8000 0.0868
20142.5000 0.0868
20148.0000 0.0869
20159.6000 0.0869
20175.0000 0.0869
20179.0000 0.0870
20183.4000 0.0870
20195.0000 0.0870
20201.5000 0.0871
20204.4000 0.0871
20240.6000 0.0872
20243.0000 0.0872
20244.8000 0.0872
20251.6000 0.0873
20257.3000 0.0873
20268.2000 0.0873
20277.3000 0.0874
20291.2000 0.0874
20314.2000 0.0874
20316.1000 0.0875
20340.0000 0.0875
20365.1000 0.0875
20377.0000 0.0876
20393.2000 0.0876
20394.7000 0.0876
20443.4000 0.0877
20449.2000 0.0877
20462.5000 0.0877
20480.2000 0.0878
20486.1000 0.0878
20489.6000 0.0878
20523.0000 0.0879
20524.6000 0.0879
20544.3000 0.0880
20557.2000 0.0880
20566.5000 0.0880
20584.5000 0.0881
20605.3000 0.0881
20615.1000 0.0881
20632.6000 0.0882
20636.5000 0.0882
20659.2000 0.0882
20671.8000 0.0883
20674.8000 0.0883
20677.8000 0.0883
20679.8000 0.0884
20693.3000 0.0884
20697.3000 0.0884
20742.6000 0.0885
20751.4000 0.0885
20776.1000 0.0885
20828.6000 0.0886
20834.1000 0.0886
20848.1000 0.0886
20850.2000 0.0887
20879.6000 0.0887
20893.6000 0.0888
20895.7000 0.0888
20900.1000 0.0888
20900.1000 0.0889
20910.9000 0.0889
20911.9000 0.0889
20915.9000 0.0890
20935.3000 0.0890
20953.4000 0.0890
20969.8000 0.0891
20970.5000 0.0891
20983.5000 0.0891
20985.0000 0.0892
21008.5000 0.0892
21022.8000 0.0892
21032.8000 0.0893
21067.3000 0.0893
21070.2000 0.0893
21077.9000 0.0894
21109.1000 0.0894
21121.0000 0.0894
21122.0000 0.0895
21148.8000 0.0895
21151.9000 0.0895
21154.3000 0.0896
21162.0000 0.0896
21168.7000 0.0897
21177.1000 0.0897
21183.8000 0.0897
21200.8000 0.0898
21204.2000 0.0898
21206.0000 0.0898
21208.7000 0.0899
21212.7000 0.0899
21216.7000 0.0899
21241.5000 0.0900
21242.9000 0.0900
21251.6000 0.0900
21267.5000 0.0901
21308.3000 0.0901
21340.0000 0.0901
21371.1000 0.0902
21383.0000 0.0902
21392.8000 0.0902
21411.3000 0.0903
21415.0000 0.0903
21431.6000 0.0903
21456.3000 0.0904
21466.9000 0.0904
21519.4000 0.0905
21542.2000 0.0905
21559.5000 0.0905
21561.5000 0.0906
21570.9000 0.0906
21581.3000 0.0906
21587.0000 0.0907
21628.1000 0.0907
21640.9000 0.0907
21644.3000 0.0908
21669.0000 0.0908
21681.7000 0.0908
21691.0000 0.0909
21693.8000 0.0909
21694.3000 0.0909
21715.9000 0.0910
21730.7000 0.0910
21736.6000 0.0910
21750.2000 0.0911
21766.4000 0.0911
21788.7000 0.0911
21793.6000 0.0912
21793.7000 0.0912
21835.4000 0.0913
21852.8000 0.0913
21857.3000 0.0913
21859.5000 0.0914
21864.6000 0.0914
21876.2000 0.0914
21898.5000 0.0915
21907.2000 0.0915
21925.4000 0.0915
21930.6000 0.0916
21933.3000 0.0916
21954.5000 0.0916
21958.0000 0.0917
21965.6000 0.0917
21975.5000 0.0917
21984.8000 0.0918
21991.4000 0.0918
21996.0000 0.0918
22006.1000 0.0919
22009.9000 0.0919
22024.7000 0.0919
22071.1000 0.0920
22074.7000 0.0920
22090.8000 0.0920
22144.1000 0.0921
22144.5000 0.0921
22158.1000 0.0922
22193.5000 0.0922
22200.8000 0.0922
22218.5000 0.0923
22229.8000 0.0923
22240.4000 0.0923
22248.1000 0.0924
22249.7000 0.0924
22312.4000 0.0924
22314.2000 0.0925
22354.8000 0.0925
22404.0000 0.0925
22412.3000 0.0926
22480.5000 0.0926
22481.8000 0.0926
22500.4000 0.0927
22514.4000 0.0927
22546.1000 0.0927
22558.5000 0.0928
22576.9000 0.0928
22589.4000 0.0928
22620.8000 0.0929
22622.2000 0.0929
22642.8000 0.0930
22648.0000 0.0930
22686.8000 0.0930
22728.2000 0.0931
22735.5000 0.0931
22749.1000 0.0931
22752.9000 0.0932
22777.3000 0.0932
22802.8000 0.0932
22811.5000 0.0933
22813.1000 0.0933
22817.3000 0.0933
22822.8000 0.0934
22823.5000 0.0934
22853.2000 0.0934
22920.5000 0.0935
22929.4000 0.0935
22933.0000 0.0935
22968.4000 0.0936
23004.0000 0.0936
23005.5000 0.0936
23008.0000 0.0937
23016.1000 0.0937
23029.5000 0.0938
23042.3000 0.0938
23052.5000 0.0938
23075.5000 0.0939
23082.5000 0.0939
23087.4000 0.0939
23092.3000 0.0940
23163.0000 0.0940
23219.7000 0.0940
23255.2000 0.0941
23294.8000 0.0941
23295.5000 0.0941
23327.2000 0.0942
23331.0000 0.0942
23347.5000 0.0942
23389.0000 0.0943
23393.4000 0.0943
23396.3000 0.0943
23432.1000 0.0944
23434.9000 0.0944
23443.8000 0.0944
23479.4000 0.0945
23488.4000 0.0945
23498.3000 0.0945
23503.5000 0.0946
23504.4000 0.0946
23523.4000 0.0947
23527.9000 0.0947
23528.6000 0.0947
23531.5000 0.0948
23532.0000 0.0948
23537.1000 0.0948
23555.5000 0.0949
23582.5000 0.0949
23594.1000 0.0949
23631.2000 0.0950
23691.3000 0.0950
23714.9000 0.0950
23751.8000 0.0951
23754.5000 0.0951
23759.5000 0.0951
23764.8000 0.0952
23775.9000 0.0952
23790.6000 0.0952
23841.5000 0.0953
23842.2000 0.0953
23852.1000 0.0953
23859.8000 0.0954
23902.3000 0.0954
23946.5000 0.0955
